batch_size: 500
dataset_size: 5499
epochs: 300
epsilon: 2.5
generate_time: 35.71372437477112
num_of_runs: 0
test_start_time: 1621246701.1382108
timestamp: '2021-05-17T11:03:14'
tool: smartnoise_dpctgan
