batch_size: 500
dataset_size: 8000
epochs: 100
epsilon: 1.5
generate_time: 21.794227838516235
num_of_runs: 0
test_start_time: 1620925882.370055
timestamp: '2021-05-13T19:53:42'
tool: smartnoise_dpctgan
