dataset_size: 5000
epsilon: 2.5
generate_time: 619.8733141422272
num_of_runs: 0
query_count: 600
test_start_time: 1621070261.1989787
timestamp: '2021-05-18T04:40:26'
tool: smartnoise_mwem
