batch_size: 300
dataset_size: 1000
epochs: 100
epsilon: 2.5
generate_time: 11.814526081085205
num_of_runs: 0
test_start_time: 1620503348.7852345
timestamp: '2021-05-08T19:52:54'
tool: smartnoise_dpctgan
