batch_size: 500
dataset_size: 2000
epochs: 300
epsilon: 2.75
generate_time: 14.9598970413208
num_of_runs: 0
test_start_time: 1621062425.03643
timestamp: '2021-05-15T07:14:49'
tool: smartnoise_patectgan
