batch_size: 300
dataset_size: 6000
epochs: 100
epsilon: 0.1
generate_time: 3.353452205657959
num_of_runs: 0
test_start_time: 1620503348.7852345
timestamp: '2021-05-08T20:37:11'
tool: smartnoise_dpctgan
