batch_size: 500
dataset_size: 5000
epochs: 500
epsilon: 0.75
generate_time: 3.38610577583313
num_of_runs: 0
test_start_time: 1620503348.7852345
timestamp: '2021-05-08T20:26:20'
tool: smartnoise_dpctgan
