dataset_size: 6000
epsilon: 0.25
generate_time: 661.8414816856384
num_of_runs: 0
query_count: 200
test_start_time: 1621070261.1989787
timestamp: '2021-05-18T06:35:32'
tool: smartnoise_mwem
