batch_size: 500
dataset_size: 5000
epochs: 300
epsilon: 0.5
generate_time: 11.204472064971924
num_of_runs: 0
test_start_time: 1622885139.2677908
timestamp: '2021-06-05T09:30:37'
tool: smartnoise_dpctgan
