batch_size: 300
dataset_size: 1000
epochs: 100
epsilon: 1.5
generate_time: 4.982592582702637
num_of_runs: 0
test_start_time: 1620503348.7852345
timestamp: '2021-05-08T19:50:22'
tool: smartnoise_dpctgan
