batch_size: 1500
dataset_size: 8500
epochs: 300
epsilon: 3.0
generate_time: 10.148977994918823
num_of_runs: 0
test_start_time: 1620770845.2818708
timestamp: '2021-05-11T23:32:29'
tool: smartnoise_patectgan
