batch_size: 500
dataset_size: 4000
epochs: 300
epsilon: 0.1
generate_time: 83.41697001457214
num_of_runs: 0
test_start_time: 1622883785.4787056
timestamp: '2021-06-05T09:04:28'
tool: smartnoise_dpctgan
