batch_size: 500
dataset_size: 3000
epochs: 300
epsilon: 0.1
generate_time: 3.4689455032348633
num_of_runs: 4
test_start_time: 1622808615.553602
timestamp: '2021-06-04T12:10:32'
tool: smartnoise_patectgan
