batch_size: 500
dataset_size: 1000
epochs: 300
epsilon: 0.75
generate_time: 3.5576136112213135
num_of_runs: 0
test_start_time: 1622820961.4755824
timestamp: '2021-06-04T15:36:05'
tool: smartnoise_dpctgan
