batch_size: 300
dataset_size: 4000
epochs: 300
epsilon: 2.75
generate_time: 30.050435066223145
num_of_runs: 0
test_start_time: 1621062425.03643
timestamp: '2021-05-15T07:26:48'
tool: smartnoise_patectgan
