dataset_size: 2000
epsilon: 0.5
generate_time: 153.3824245929718
num_of_runs: 0
query_count: 400
test_start_time: 1622818369.6377232
timestamp: '2021-06-04T14:55:23'
tool: smartnoise_mwem
