batch_size: 1500
dataset_size: 4000
epochs: 300
epsilon: 1.5
generate_time: 3.5101165771484375
num_of_runs: 0
test_start_time: 1620770845.2818708
timestamp: '2021-05-11T22:28:59'
tool: smartnoise_patectgan
