dataset_size: 4000
epsilon: 0.1
generate_time: 177.74684143066406
num_of_runs: 2
query_count: 400
test_start_time: 1622809534.041318
timestamp: '2021-06-04T12:34:27'
tool: smartnoise_mwem
