batch_size: 500
dataset_size: 3000
epochs: 300
epsilon: 2.75
generate_time: 228.18626809120178
noise_multiplier: 0.001
num_of_runs: 0
sample_per_teacher: 1000
student_iters: 5
teacher_iters: 5
test_start_time: 1622904983.3230858
timestamp: '2021-06-05T15:00:11'
tool: smartnoise_patectgan
