batch_size: 500
dataset_size: 7000
epochs: 100
epsilon: 2.5
generate_time: 38.77919912338257
num_of_runs: 0
test_start_time: 1620925882.370055
timestamp: '2021-05-13T19:25:35'
tool: smartnoise_dpctgan
