batch_size: 500
dataset_size: 3000
epochs: 300
epsilon: 1.5
generate_time: 4.955442428588867
num_of_runs: 0
test_start_time: 1620503348.7852345
timestamp: '2021-05-08T20:06:51'
tool: smartnoise_dpctgan
