batch_size: 500
dataset_size: 2000
epochs: 300
epsilon: 0.25
generate_time: 37.86803078651428
num_of_runs: 0
test_start_time: 1622884171.990754
timestamp: '2021-06-05T09:10:09'
tool: smartnoise_dpctgan
