batch_size: 500
dataset_size: 1000
epochs: 300
epsilon: 0.25
generate_time: 1.444211483001709
num_of_runs: 0
test_start_time: 1620916056.9825292
timestamp: '2021-05-13T14:27:56'
tool: smartnoise_patectgan
