batch_size: 500
dataset_size: 1000
epochs: 300
epsilon: 2.25
generate_time: 7.7613160610198975
num_of_runs: 0
test_start_time: 1622897721.8923063
timestamp: '2021-06-05T12:56:25'
tool: smartnoise_dpctgan
