dataset_size: 6000
epsilon: 0.75
generate_time: 770.7690801620483
num_of_runs: 0
query_count: 600
test_start_time: 1621070261.1989787
timestamp: '2021-05-18T08:13:27'
tool: smartnoise_mwem
