batch_size: 300
dataset_size: 5499
epochs: 300
epsilon: 0.75
generate_time: 13.82154369354248
num_of_runs: 0
test_start_time: 1621062425.03643
timestamp: '2021-05-15T07:38:09'
tool: smartnoise_patectgan
