dataset_size: 4000
epsilon: 1.0
generate_time: 655.1744203567505
num_of_runs: 0
query_count: 600
test_start_time: 1621070261.1989787
timestamp: '2021-05-15T17:33:26'
tool: smartnoise_mwem
