dataset_size: 1000
epsilon: 3.0
generate_time: 143.40334248542786
num_of_runs: 0
query_count: 600
test_start_time: 1621070261.1989787
timestamp: '2021-05-15T10:51:07'
tool: smartnoise_mwem
