batch_size: 500
dataset_size: 6000
epochs: 300
epsilon: 0.25
generate_time: 3.803673505783081
num_of_runs: 0
test_start_time: 1620770845.2818708
timestamp: '2021-05-11T22:45:01'
tool: smartnoise_patectgan
