batch_size: 500
dataset_size: 3000
epochs: 300
epsilon: 1.25
generate_time: 5.5315916538238525
num_of_runs: 0
test_start_time: 1622827307.7032766
timestamp: '2021-06-04T17:22:13'
tool: smartnoise_dpctgan
