dataset_size: 6000
epsilon: 0.1
generate_time: 706.3691487312317
num_of_runs: 0
query_count: 200
test_start_time: 1621070261.1989787
timestamp: '2021-05-18T06:00:19'
tool: smartnoise_mwem
