batch_size: 300
dataset_size: 3000
epochs: 300
epsilon: 1.0
generate_time: 4.614355802536011
num_of_runs: 0
test_start_time: 1620916056.9825292
timestamp: '2021-05-13T14:44:41'
tool: smartnoise_patectgan
