batch_size: 500
dataset_size: 9000
epochs: 300
epsilon: 0.1
generate_time: 6.7557618618011475
num_of_runs: 0
test_start_time: 1620925882.370055
timestamp: '2021-05-13T21:42:46'
tool: smartnoise_dpctgan
