batch_size: 300
dataset_size: 2000
epochs: 300
epsilon: 1.25
generate_time: 4.928894281387329
num_of_runs: 0
test_start_time: 1620916056.9825292
timestamp: '2021-05-13T14:36:16'
tool: smartnoise_patectgan
