batch_size: 500
dataset_size: 8500
epochs: 300
epsilon: 0.5
generate_time: 5.435833692550659
num_of_runs: 0
test_start_time: 1620770845.2818708
timestamp: '2021-05-11T23:20:34'
tool: smartnoise_patectgan
