batch_size: 300
dataset_size: 3000
epochs: 100
epsilon: 0.5
generate_time: 3.014923572540283
num_of_runs: 0
test_start_time: 1620916056.9825292
timestamp: '2021-05-13T14:43:58'
tool: smartnoise_patectgan
