batch_size: 300
dataset_size: 2000
epochs: 100
epsilon: 1.25
generate_time: 4.70868992805481
num_of_runs: 0
test_start_time: 1620503348.7852345
timestamp: '2021-05-08T19:57:21'
tool: smartnoise_dpctgan
