dataset_size: 1000
epsilon: 0.1
generate_time: 144.73050928115845
num_of_runs: 1
query_count: 400
test_start_time: 1622807040.598834
timestamp: '2021-06-04T11:48:50'
tool: smartnoise_mwem
