epsilon,dataset_size,result,mse,time,epochs,batch_size,sample_size,delta,noise_multiplier,l2_norm_clip,mape,y_test,prediction,generate_time,num_of_runs,query_count,test_start_time,timestamp,tool
0.1,1000,0.8526290655136108,0.8526290655136108,10.446044206619263,30,4,800,0.000625,-1,1.0,44.712032318115234,"[4, 2, 3, 2, 1, 2, 2, 1, 2, 2, 3, 3, 2, 1, 3, 1, 3, 3, 1, 2, 3, 1, 3, 3, 1, 3, 3, 4, 2, 1, 1, 2, 2, 4, 2, 1, 3, 1, 2, 2, 3, 2, 1, 5, 3, 4, 2, 5, 2, 2, 4, 3, 2, 2, 3, 3, 2, 3, 2, 3, 2, 2, 3, 2, 3, 3, 3, 3, 2, 2, 3, 4, 3, 1, 3, 3, 2, 2, 2, 2, 2, 2, 3, 3, 4, 2, 1, 4, 4, 3, 3, 4, 4, 3, 2, 1, 2, 3, 3, 2, 4, 4, 2, 1, 2, 3, 3, 2, 2, 2, 3, 4, 2, 2, 3, 2, 1, 2, 3, 3, 1, 2, 2, 2, 3, 2, 2, 1, 4, 2, 2, 3, 3, 2, 2, 3, 2, 2, 2, 4, 3, 3, 4, 2, 3, 3, 2, 1, 2, 3, 2, 2, 3, 2, 3, 3, 4, 2, 2, 1, 3, 3, 2, 2, 2, 1, 4, 2, 1, 3, 2, 3, 3, 1, 3, 1, 4, 2, 2, 3, 4, 3, 2, 5, 3, 1, 1, 3, 3, 2, 3, 3, 4, 2, 4, 2, 2, 3, 2, 2]","[2.834759473800659, 2.635495901107788, 2.768359422683716, 3.114783763885498, 2.7332305908203125, 2.5326645374298096, 2.5385706424713135, 2.666957139968872, 2.722104072570801, 2.5338456630706787, 2.6326377391815186, 2.4409596920013428, 2.714892864227295, 2.717255115509033, 2.8243443965911865, 2.723161220550537, 3.1385533809661865, 2.7248382568359375, 2.7184364795684814, 2.7255237102508545, 2.4540109634399414, 2.729067325592041, 2.4469897747039795, 2.7196176052093506, 2.7693541049957275, 2.652214765548706, 2.7385752201080322, 2.91011381149292, 2.5321028232574463, 2.630275249481201, 2.723161220550537, 2.630275249481201, 2.8036112785339355, 3.130875825881958, 2.722104072570801, 2.732982873916626, 2.5421142578125, 2.7267050743103027, 2.8237247467041016, 2.535026788711548, 2.7255237102508545, 2.7255237102508545, 2.629094123840332, 3.053964614868164, 3.0846855640411377, 2.630275249481201, 2.727886199951172, 2.9432485103607178, 2.6208255290985107, 2.730496406555176, 3.226685047149658, 2.541428565979004, 2.4456846714019775, 2.820181131362915, 2.6144204139709473, 2.643326759338379, 2.8178186416625977, 2.5367038249969482, 2.7326691150665283, 2.6367716789245605, 2.6326377391815186, 2.7223517894744873, 2.714892864227295, 2.730372667312622, 2.627912998199463, 2.741501808166504, 2.6013004779815674, 2.62200665473938, 2.6178696155548096, 2.721980094909668, 2.603071928024292, 2.937025308609009, 3.2307677268981934, 2.6308655738830566, 2.7877867221832275, 2.81132173538208, 2.5326645374298096, 2.543295383453369, 2.7255237102508545, 2.7460081577301025, 2.727886199951172, 2.6326377391815186, 2.717255115509033, 2.752070188522339, 2.536208152770996, 2.7196176052093506, 2.729067325592041, 3.1314945220947266, 3.0421531200408936, 2.5744428634643555, 2.5332839488983154, 3.1130735874176025, 3.235011577606201, 2.5616912841796875, 2.730372667312622, 2.540933132171631, 2.7281341552734375, 2.8302505016326904, 2.630399227142334, 2.674044370651245, 2.7557311058044434, 2.7007148265838623, 3.0106773376464844, 2.720798969268799, 2.627103328704834, 2.7634966373443604, 2.878156900405884, 3.3302600383758545, 2.7000927925109863, 2.7196176052093506, 2.6314566135406494, 2.746941566467285, 2.7775933742523193, 2.596546173095703, 2.6355905532836914, 2.7267050743103027, 2.5255770683288574, 2.727886199951172, 2.6645946502685547, 2.721980094909668, 2.723161220550537, 2.6314566135406494, 2.9089324474334717, 2.828011989593506, 2.5424859523773193, 2.7267050743103027, 2.661051034927368, 2.721980094909668, 2.7486732006073, 2.6267316341400146, 2.7196176052093506, 2.6645946502685547, 3.208908796310425, 2.7243425846099854, 2.7255237102508545, 2.640592575073242, 2.7355270385742188, 2.659921884536743, 2.5373892784118652, 3.2291054725646973, 2.6421453952789307, 2.536208152770996, 2.7421181201934814, 2.536208152770996, 2.65038800239563, 2.6628224849700928, 2.723161220550537, 2.723161220550537, 2.7196176052093506, 2.540933132171631, 2.732173442840576, 2.7280101776123047, 2.7281625270843506, 3.285571575164795, 2.7787744998931885, 2.540933132171631, 2.591850757598877, 2.819000005722046, 3.1081008911132812, 2.7635107040405273, 2.6314566135406494, 2.7243425846099854, 2.630275249481201, 2.5373892784118652, 2.667080879211426, 2.7332305908203125, 2.8402931690216064, 2.729067325592041, 2.717255115509033, 2.6326377391815186, 2.7468175888061523, 2.6314566135406494, 2.5569663047790527, 2.727886199951172, 2.536208152770996, 2.629094123840332, 2.5027267932891846, 2.5942132472991943, 2.727886199951172, 2.811431646347046, 2.5791962146759033, 2.5326645374298096, 2.7255237102508545, 3.2255618572235107, 2.690642833709717, 2.5397517681121826, 2.5385706424713135, 2.7497997283935547, 2.6706106662750244, 2.535026788711548, 2.5385706424713135, 2.633819103240967, 2.720798969268799, 2.912476062774658, 2.8195900917053223, 2.474097728729248, 2.7267050743103027, 2.57419490814209, 2.915086507797241, 2.6326377391815186]",148.23649096488953,0,200,1621070261.1989787,2021-05-15T09:20:09,smartnoise_mwem
