batch_size: 500
dataset_size: 4000
epochs: 300
epsilon: 1.75
generate_time: 13.590741157531738
num_of_runs: 0
test_start_time: 1621062425.03643
timestamp: '2021-05-15T07:24:19'
tool: smartnoise_patectgan
