batch_size: 300
dataset_size: 4000
epochs: 500
epsilon: 2.75
generate_time: 39.770813941955566
num_of_runs: 0
test_start_time: 1620925882.370055
timestamp: '2021-05-13T17:51:30'
tool: smartnoise_dpctgan
