batch_size: 500
dataset_size: 9358
epochs: 500
epsilon: 2.25
generate_time: 16.618961334228516
num_of_runs: 0
test_start_time: 1620916056.9825292
timestamp: '2021-05-13T16:52:10'
tool: smartnoise_patectgan
