batch_size: 500
dataset_size: 3000
epochs: 300
epsilon: 0.5
generate_time: 4.560255527496338
num_of_runs: 0
test_start_time: 1622818534.4917202
timestamp: '2021-06-04T14:55:38'
tool: smartnoise_patectgan
