batch_size: 500
dataset_size: 8000
epochs: 300
epsilon: 3.0
generate_time: 20.8841552734375
num_of_runs: 0
test_start_time: 1620770845.2818708
timestamp: '2021-05-11T23:19:17'
tool: smartnoise_patectgan
