dataset_size: 1000
epsilon: 1.5
generate_time: 142.68792700767517
num_of_runs: 0
query_count: 200
test_start_time: 1621070261.1989787
timestamp: '2021-05-15T10:03:24'
tool: smartnoise_mwem
