batch_size: 300
dataset_size: 1000
epochs: 300
epsilon: 0.25
generate_time: 3.6778295040130615
num_of_runs: 0
test_start_time: 1621246701.1382108
timestamp: '2021-05-17T10:18:37'
tool: smartnoise_dpctgan
