batch_size: 900
dataset_size: 5000
epochs: 300
epsilon: 3.0
generate_time: 10.2094407081604
num_of_runs: 0
test_start_time: 1620770845.2818708
timestamp: '2021-05-11T22:44:30'
tool: smartnoise_patectgan
