batch_size: 500
dataset_size: 7000
epochs: 300
epsilon: 1.0
generate_time: 4.828534364700317
num_of_runs: 0
test_start_time: 1622824944.7871788
timestamp: '2021-06-04T16:42:38'
tool: smartnoise_patectgan
