batch_size: 500
dataset_size: 4000
epochs: 300
epsilon: 1.25
generate_time: 11.72414755821228
num_of_runs: 0
test_start_time: 1622888927.2053723
timestamp: '2021-06-05T10:35:01'
tool: smartnoise_dpctgan
