batch_size: 500
dataset_size: 6000
epochs: 300
epsilon: 0.1
generate_time: 5.830327033996582
num_of_runs: 4
test_start_time: 1622811503.326354
timestamp: '2021-06-04T12:58:52'
tool: smartnoise_patectgan
