batch_size: 100
dataset_size: 3000
epochs: 300
epsilon: 0.1
generate_time: 2.1653382778167725
num_of_runs: 0
test_start_time: 1620770845.2818708
timestamp: '2021-05-11T22:19:40'
tool: smartnoise_patectgan
