batch_size: 300
dataset_size: 4000
epochs: 300
epsilon: 1.0
generate_time: 8.757796287536621
num_of_runs: 0
test_start_time: 1620925882.370055
timestamp: '2021-05-13T17:39:25'
tool: smartnoise_dpctgan
