batch_size: 100
dataset_size: 8000
epochs: 300
epsilon: 1.25
generate_time: 19.786439657211304
num_of_runs: 0
test_start_time: 1620770845.2818708
timestamp: '2021-05-11T23:09:19'
tool: smartnoise_patectgan
