batch_size: 500
dataset_size: 5000
epochs: 500
epsilon: 1.25
generate_time: 7.964012622833252
num_of_runs: 0
test_start_time: 1620925882.370055
timestamp: '2021-05-13T17:59:56'
tool: smartnoise_dpctgan
