dataset_size: 1000
epsilon: 0.1
generate_time: 144.71592617034912
num_of_runs: 3
query_count: 400
test_start_time: 1622807040.598834
timestamp: '2021-06-04T11:53:39'
tool: smartnoise_mwem
