dataset_size: 4000
epsilon: 2.5
generate_time: 653.1382467746735
num_of_runs: 0
query_count: 200
test_start_time: 1621070261.1989787
timestamp: '2021-05-15T20:24:22'
tool: smartnoise_mwem
