batch_size: 500
dataset_size: 6000
epochs: 300
epsilon: 0.5
generate_time: 28.753405570983887
num_of_runs: 0
test_start_time: 1622819372.3528395
timestamp: '2021-06-04T15:09:49'
tool: smartnoise_dpctgan
