batch_size: 500
dataset_size: 5000
epochs: 300
epsilon: 1.75
generate_time: 11.204472064971924
num_of_runs: 0
test_start_time: 1622893832.167389
timestamp: '2021-06-05T12:00:31'
tool: smartnoise_dpctgan
