dataset_size: 2000
epsilon: 3.0
generate_time: 154.01007509231567
num_of_runs: 0
query_count: 400
test_start_time: 1621070261.1989787
timestamp: '2021-05-15T12:28:31'
tool: smartnoise_mwem
