batch_size: 300
dataset_size: 9000
epochs: 300
epsilon: 3.0
generate_time: 200.82977318763733
num_of_runs: 0
test_start_time: 1620925882.370055
timestamp: '2021-05-13T22:43:21'
tool: smartnoise_dpctgan
