dataset_size: 6000
epsilon: 0.5
generate_time: 693.7470183372498
num_of_runs: 0
query_count: 600
test_start_time: 1621070261.1989787
timestamp: '2021-05-18T07:36:53'
tool: smartnoise_mwem
