batch_size: 500
dataset_size: 9000
epochs: 300
epsilon: 0.75
generate_time: 5.91032600402832
num_of_runs: 0
test_start_time: 1622822951.205863
timestamp: '2021-06-04T16:09:23'
tool: smartnoise_patectgan
