batch_size: 300
dataset_size: 1000
epochs: 300
epsilon: 0.75
generate_time: 1.8079264163970947
num_of_runs: 0
test_start_time: 1620925882.370055
timestamp: '2021-05-13T17:12:05'
tool: smartnoise_dpctgan
