batch_size: 500
dataset_size: 8000
epochs: 300
epsilon: 2.25
generate_time: 13.98846697807312
num_of_runs: 0
test_start_time: 1620770845.2818708
timestamp: '2021-05-11T23:13:43'
tool: smartnoise_patectgan
