batch_size: 100
dataset_size: 2000
epochs: 300
epsilon: 2.0
generate_time: 23.58008122444153
num_of_runs: 0
test_start_time: 1620770845.2818708
timestamp: '2021-05-11T22:15:26'
tool: smartnoise_patectgan
