batch_size: 300
dataset_size: 9358
epochs: 500
epsilon: 1.75
generate_time: 81.54140567779541
num_of_runs: 0
test_start_time: 1620925882.370055
timestamp: '2021-05-13T23:09:30'
tool: smartnoise_dpctgan
