dataset_size: 1000
epsilon: 1.25
generate_time: 143.37466835975647
num_of_runs: 0
query_count: 600
test_start_time: 1621070261.1989787
timestamp: '2021-05-15T10:01:01'
tool: smartnoise_mwem
