batch_size: 500
dataset_size: 4000
epochs: 500
epsilon: 0.75
generate_time: 3.899512767791748
num_of_runs: 0
test_start_time: 1620916056.9825292
timestamp: '2021-05-13T14:54:43'
tool: smartnoise_patectgan
