batch_size: 500
dataset_size: 2000
epochs: 300
epsilon: 1.0
generate_time: 57.207117557525635
noise_multiplier: 0.001
num_of_runs: 0
sample_per_teacher: 1000
student_iters: 5
teacher_iters: 5
test_start_time: 1622887340.9267058
timestamp: '2021-06-05T10:03:18'
tool: smartnoise_patectgan
