batch_size: 300
dataset_size: 4000
epochs: 100
epsilon: 1.75
generate_time: 9.967079639434814
num_of_runs: 0
test_start_time: 1620916056.9825292
timestamp: '2021-05-13T14:56:42'
tool: smartnoise_patectgan
