batch_size: 500
dataset_size: 1000
epochs: 300
epsilon: 1.25
generate_time: 36.36844849586487
num_of_runs: 0
test_start_time: 1622888377.4171567
timestamp: '2021-06-05T10:20:13'
tool: smartnoise_dpctgan
