batch_size: 500
dataset_size: 5499
epochs: 300
epsilon: 0.25
generate_time: 12.352072954177856
num_of_runs: 0
test_start_time: 1621246701.1382108
timestamp: '2021-05-17T10:54:16'
tool: smartnoise_dpctgan
