batch_size: 300
dataset_size: 8500
epochs: 300
epsilon: 1.0
generate_time: 7.505486011505127
num_of_runs: 0
test_start_time: 1620503348.7852345
timestamp: '2021-05-08T21:24:24'
tool: smartnoise_dpctgan
