dataset_size: 3000
epsilon: 3.0
generate_time: 164.7383692264557
num_of_runs: 0
query_count: 400
test_start_time: 1621070261.1989787
timestamp: '2021-05-15T15:09:11'
tool: smartnoise_mwem
