batch_size: 500
dataset_size: 2000
epochs: 300
epsilon: 0.25
generate_time: 1.6008329391479492
num_of_runs: 0
test_start_time: 1620503348.7852345
timestamp: '2021-05-08T19:56:29'
tool: smartnoise_dpctgan
