batch_size: 500
dataset_size: 9358
epochs: 300
epsilon: 1.5
generate_time: 10.894858598709106
num_of_runs: 0
test_start_time: 1620916056.9825292
timestamp: '2021-05-13T16:46:53'
tool: smartnoise_patectgan
