dataset_size: 2000
epsilon: 0.5
generate_time: 153.06743550300598
num_of_runs: 0
query_count: 200
test_start_time: 1621070261.1989787
timestamp: '2021-05-15T11:09:03'
tool: smartnoise_mwem
