batch_size: 500
dataset_size: 3000
epochs: 300
epsilon: 0.1
generate_time: 5.5315916538238525
num_of_runs: 1
test_start_time: 1622809477.4544318
timestamp: '2021-06-04T12:24:48'
tool: smartnoise_dpctgan
