batch_size: 300
dataset_size: 8500
epochs: 300
epsilon: 1.5
generate_time: 13.156766176223755
num_of_runs: 0
test_start_time: 1620916056.9825292
timestamp: '2021-05-13T16:09:39'
tool: smartnoise_patectgan
