batch_size: 300
dataset_size: 8000
epochs: 100
epsilon: 0.5
generate_time: 10.832961320877075
num_of_runs: 0
test_start_time: 1620925882.370055
timestamp: '2021-05-13T19:44:26'
tool: smartnoise_dpctgan
