batch_size: 500
dataset_size: 8500
epochs: 300
epsilon: 0.5
generate_time: 9.576906681060791
num_of_runs: 0
test_start_time: 1622819929.852008
timestamp: '2021-06-04T15:18:59'
tool: smartnoise_patectgan
