batch_size: 500
dataset_size: 7000
epochs: 300
epsilon: 0.75
generate_time: 5.017921686172485
num_of_runs: 0
test_start_time: 1620503348.7852345
timestamp: '2021-05-08T20:52:30'
tool: smartnoise_dpctgan
