batch_size: 300
dataset_size: 8000
epochs: 300
epsilon: 1.75
generate_time: 62.186046838760376
num_of_runs: 0
test_start_time: 1620925882.370055
timestamp: '2021-05-13T19:56:29'
tool: smartnoise_dpctgan
