dataset_size: 5000
epsilon: 1.25
generate_time: 708.6767776012421
num_of_runs: 0
query_count: 200
test_start_time: 1621070261.1989787
timestamp: '2021-05-16T10:33:57'
tool: smartnoise_mwem
