dataset_size: 3000
epsilon: 0.25
generate_time: 164.7133514881134
num_of_runs: 0
query_count: 200
test_start_time: 1621070261.1989787
timestamp: '2021-05-15T12:42:06'
tool: smartnoise_mwem
