batch_size: 500
dataset_size: 2000
epochs: 500
epsilon: 2.75
generate_time: 10.503651142120361
num_of_runs: 0
test_start_time: 1620503348.7852345
timestamp: '2021-05-08T20:03:08'
tool: smartnoise_dpctgan
