batch_size: 500
dataset_size: 4000
epochs: 300
epsilon: 3.0
generate_time: 14.731206178665161
num_of_runs: 0
test_start_time: 1620916056.9825292
timestamp: '2021-05-13T15:04:25'
tool: smartnoise_patectgan
