batch_size: 300
dataset_size: 5000
epochs: 500
epsilon: 1.75
generate_time: 11.055282592773438
num_of_runs: 0
test_start_time: 1620503348.7852345
timestamp: '2021-05-08T20:28:42'
tool: smartnoise_dpctgan
