batch_size: 100
dataset_size: 1000
epochs: 300
epsilon: 0.75
generate_time: 3.8660385608673096
num_of_runs: 0
test_start_time: 1620770845.2818708
timestamp: '2021-05-11T22:07:48'
tool: smartnoise_patectgan
