batch_size: 500
dataset_size: 4000
epochs: 300
epsilon: 0.1
generate_time: 7.322758197784424
num_of_runs: 3
test_start_time: 1622810426.671508
timestamp: '2021-06-04T12:40:56'
tool: smartnoise_dpctgan
