dataset_size: 4000
epsilon: 0.25
generate_time: 646.0711507797241
num_of_runs: 0
query_count: 200
test_start_time: 1621070261.1989787
timestamp: '2021-05-15T15:36:28'
tool: smartnoise_mwem
