batch_size: 500
dataset_size: 1000
epochs: 300
epsilon: 1.0
generate_time: 1.8079264163970947
num_of_runs: 0
test_start_time: 1622823786.0041826
timestamp: '2021-06-04T16:23:12'
tool: smartnoise_dpctgan
