batch_size: 500
dataset_size: 4000
epochs: 500
epsilon: 0.75
generate_time: 3.120938777923584
num_of_runs: 0
test_start_time: 1620503348.7852345
timestamp: '2021-05-08T20:15:16'
tool: smartnoise_dpctgan
