batch_size: 500
dataset_size: 1000
epochs: 300
epsilon: 2.5
generate_time: 90.27537608146667
noise_multiplier: 0.001
num_of_runs: 0
sample_per_teacher: 1000
student_iters: 5
teacher_iters: 5
test_start_time: 1622901038.590316
timestamp: '2021-06-05T13:52:08'
tool: smartnoise_patectgan
