batch_size: 500
dataset_size: 9358
epochs: 300
epsilon: 0.5
generate_time: 10.506896734237671
num_of_runs: 0
test_start_time: 1622820508.2649553
timestamp: '2021-06-04T15:28:38'
tool: smartnoise_patectgan
