batch_size: 300
dataset_size: 3000
epochs: 300
epsilon: 0.1
generate_time: 2.463836908340454
num_of_runs: 0
test_start_time: 1620916056.9825292
timestamp: '2021-05-13T14:43:29'
tool: smartnoise_patectgan
