batch_size: 500
dataset_size: 9358
epochs: 300
epsilon: 0.75
generate_time: 6.875560522079468
num_of_runs: 0
test_start_time: 1622823289.9911475
timestamp: '2021-06-04T16:15:02'
tool: smartnoise_patectgan
