batch_size: 500
dataset_size: 3000
epochs: 500
epsilon: 2.75
generate_time: 11.71933364868164
num_of_runs: 0
test_start_time: 1620503348.7852345
timestamp: '2021-05-08T20:12:28'
tool: smartnoise_dpctgan
