batch_size: 300
dataset_size: 8000
epochs: 100
epsilon: 1.0
generate_time: 7.456995010375977
num_of_runs: 0
test_start_time: 1620503348.7852345
timestamp: '2021-05-08T21:08:03'
tool: smartnoise_dpctgan
