batch_size: 500
dataset_size: 1000
epochs: 300
epsilon: 2.75
generate_time: 117.8177638053894
noise_multiplier: 0.001
num_of_runs: 0
sample_per_teacher: 1000
student_iters: 5
teacher_iters: 5
test_start_time: 1622904340.7697544
timestamp: '2021-06-05T14:47:38'
tool: smartnoise_patectgan
