batch_size: 500
dataset_size: 1000
epochs: 300
epsilon: 0.75
generate_time: 3.001779317855835
num_of_runs: 0
test_start_time: 1622820806.094649
timestamp: '2021-06-04T15:33:29'
tool: smartnoise_patectgan
