batch_size: 300
dataset_size: 7000
epochs: 100
epsilon: 1.75
generate_time: 47.580278396606445
num_of_runs: 0
test_start_time: 1620925882.370055
timestamp: '2021-05-13T19:07:45'
tool: smartnoise_dpctgan
