batch_size: 500
dataset_size: 4000
epochs: 300
epsilon: 0.5
generate_time: 8.757796287536621
num_of_runs: 0
test_start_time: 1622818917.402381
timestamp: '2021-06-04T15:02:09'
tool: smartnoise_dpctgan
