batch_size: 500
dataset_size: 8000
epochs: 100
epsilon: 3.0
generate_time: 65.03160309791565
num_of_runs: 0
test_start_time: 1620925882.370055
timestamp: '2021-05-13T20:37:07'
tool: smartnoise_dpctgan
