dataset_size: 5000
epsilon: 2.75
generate_time: 714.9668049812317
num_of_runs: 0
query_count: 600
test_start_time: 1621070261.1989787
timestamp: '2021-05-18T05:15:09'
tool: smartnoise_mwem
