batch_size: 300
dataset_size: 5000
epochs: 500
epsilon: 1.0
generate_time: 6.0422797203063965
num_of_runs: 0
test_start_time: 1620916056.9825292
timestamp: '2021-05-13T15:06:37'
tool: smartnoise_patectgan
