batch_size: 300
dataset_size: 8500
epochs: 100
epsilon: 0.1
generate_time: 4.300726890563965
num_of_runs: 0
test_start_time: 1620503348.7852345
timestamp: '2021-05-08T21:22:19'
tool: smartnoise_dpctgan
