batch_size: 500
dataset_size: 2000
epochs: 300
epsilon: 1.25
generate_time: 7.603285074234009
num_of_runs: 0
test_start_time: 1621062425.03643
timestamp: '2021-05-15T07:12:08'
tool: smartnoise_patectgan
