batch_size: 500
dataset_size: 7000
epochs: 300
epsilon: 0.1
generate_time: 6.551971673965454
num_of_runs: 3
test_start_time: 1622812612.5644367
timestamp: '2021-06-04T13:17:19'
tool: smartnoise_patectgan
