batch_size: 300
dataset_size: 8000
epochs: 100
epsilon: 2.5
generate_time: 24.462231874465942
num_of_runs: 0
test_start_time: 1620916056.9825292
timestamp: '2021-05-13T15:57:56'
tool: smartnoise_patectgan
