batch_size: 500
dataset_size: 5000
epochs: 300
epsilon: 2.75
generate_time: 1338.5434477329254
num_of_runs: 0
test_start_time: 1622907009.2844012
timestamp: '2021-06-05T15:52:27'
tool: smartnoise_dpctgan
