batch_size: 500
dataset_size: 9000
epochs: 500
epsilon: 2.5
generate_time: 57.94570255279541
num_of_runs: 0
test_start_time: 1620925882.370055
timestamp: '2021-05-13T22:26:26'
tool: smartnoise_dpctgan
