batch_size: 500
dataset_size: 6000
epochs: 300
epsilon: 0.1
generate_time: 4.420928478240967
num_of_runs: 0
test_start_time: 1620916056.9825292
timestamp: '2021-05-13T15:17:51'
tool: smartnoise_patectgan
