batch_size: 500
dataset_size: 3000
epochs: 500
epsilon: 0.25
generate_time: 2.6183016300201416
num_of_runs: 0
test_start_time: 1620916056.9825292
timestamp: '2021-05-13T14:43:55'
tool: smartnoise_patectgan
