batch_size: 500
dataset_size: 5000
epochs: 300
epsilon: 3.0
generate_time: 39.028581619262695
num_of_runs: 0
test_start_time: 1621246701.1382108
timestamp: '2021-05-17T10:53:13'
tool: smartnoise_dpctgan
