batch_size: 500
dataset_size: 3000
epochs: 300
epsilon: 1.25
generate_time: 3.800960063934326
num_of_runs: 0
test_start_time: 1620770845.2818708
timestamp: '2021-05-11T22:20:49'
tool: smartnoise_patectgan
