dataset_size: 6000
epsilon: 0.5
generate_time: 760.6147105693817
num_of_runs: 0
query_count: 200
test_start_time: 1621070261.1989787
timestamp: '2021-05-18T07:13:16'
tool: smartnoise_mwem
