dataset_size: 5000
epsilon: 1.25
generate_time: 674.5663032531738
num_of_runs: 0
query_count: 400
test_start_time: 1621070261.1989787
timestamp: '2021-05-16T10:45:12'
tool: smartnoise_mwem
