batch_size: 500
dataset_size: 8000
epochs: 500
epsilon: 0.1
generate_time: 6.045958042144775
num_of_runs: 0
test_start_time: 1620925882.370055
timestamp: '2021-05-13T19:43:34'
tool: smartnoise_dpctgan
