batch_size: 500
dataset_size: 8000
epochs: 300
epsilon: 0.75
generate_time: 6.045958042144775
num_of_runs: 0
test_start_time: 1622822569.2819886
timestamp: '2021-06-04T16:03:48'
tool: smartnoise_dpctgan
