batch_size: 4
dataset_size: 2000
delta: 0
dp_l2_norm_clip: 0.1
dp_noise_multiplier: 0.1
epochs: 100
epsilon: 2441478
generate_time: 446.35700488090515
learning_rate: 0.005
num_of_runs: 7
predict_batch_size: 1
rnn_units: 32
test_start_time: 1622045621.039952
timestamp: '2021-05-26T18:17:35'
tool: gretel
