batch_size: 500
dataset_size: 2000
epochs: 100
epsilon: 0.75
generate_time: 2.7346348762512207
num_of_runs: 0
test_start_time: 1620916056.9825292
timestamp: '2021-05-13T14:35:40'
tool: smartnoise_patectgan
