batch_size: 500
dataset_size: 5000
epochs: 300
epsilon: 1.75
generate_time: 111.34355783462524
noise_multiplier: 0.001
num_of_runs: 0
sample_per_teacher: 1000
student_iters: 5
teacher_iters: 5
test_start_time: 1622893713.3885748
timestamp: '2021-06-05T11:50:24'
tool: smartnoise_patectgan
