batch_size: 500
dataset_size: 6000
epochs: 300
epsilon: 1.0
generate_time: 8.471428632736206
num_of_runs: 0
test_start_time: 1620925882.370055
timestamp: '2021-05-13T18:25:09'
tool: smartnoise_dpctgan
