batch_size: 100
dataset_size: 5000
epochs: 300
epsilon: 1.25
generate_time: 14.73008131980896
num_of_runs: 0
test_start_time: 1620770845.2818708
timestamp: '2021-05-11T22:36:51'
tool: smartnoise_patectgan
