dataset_size: 1000
epsilon: 1.75
generate_time: 142.12422466278076
num_of_runs: 0
query_count: 400
test_start_time: 1621070261.1989787
timestamp: '2021-05-15T10:12:54'
tool: smartnoise_mwem
