batch_size: 300
dataset_size: 8000
epochs: 300
epsilon: 3.0
generate_time: 32.65157723426819
num_of_runs: 0
test_start_time: 1620503348.7852345
timestamp: '2021-05-08T21:20:36'
tool: smartnoise_dpctgan
