dataset_size: 5000
epsilon: 0.1
generate_time: 190.9830837249756
num_of_runs: 3
query_count: 400
test_start_time: 1622810495.0736876
timestamp: '2021-06-04T12:54:20'
tool: smartnoise_mwem
