batch_size: 500
dataset_size: 1000
epochs: 300
epsilon: 0.25
generate_time: 1.9623544216156006
num_of_runs: 0
test_start_time: 1622815706.2157297
timestamp: '2021-06-04T14:08:27'
tool: smartnoise_patectgan
