batch_size: 500
dataset_size: 4000
epochs: 300
epsilon: 0.5
generate_time: 127.25684666633606
num_of_runs: 0
test_start_time: 1622884986.087819
timestamp: '2021-06-05T09:25:13'
tool: smartnoise_dpctgan
