batch_size: 300
dataset_size: 5000
epochs: 100
epsilon: 0.25
generate_time: 3.8048975467681885
num_of_runs: 0
test_start_time: 1620916056.9825292
timestamp: '2021-05-13T15:05:06'
tool: smartnoise_patectgan
