dataset_size: 7000
epsilon: 1.0
generate_time: 212.46652388572693
num_of_runs: 0
query_count: 400
test_start_time: 1622824962.3328202
timestamp: '2021-06-04T16:46:14'
tool: smartnoise_mwem
