batch_size: 300
dataset_size: 3000
epochs: 500
epsilon: 1.25
generate_time: 7.1300249099731445
num_of_runs: 0
test_start_time: 1620925882.370055
timestamp: '2021-05-13T17:27:59'
tool: smartnoise_dpctgan
