dataset_size: 3000
epsilon: 2.75
generate_time: 165.47000288963318
num_of_runs: 0
query_count: 200
test_start_time: 1621070261.1989787
timestamp: '2021-05-15T14:55:01'
tool: smartnoise_mwem
