batch_size: 500
dataset_size: 5000
epochs: 300
epsilon: 3.0
generate_time: 2533.7288858890533
num_of_runs: 0
test_start_time: 1622911823.5727942
timestamp: '2021-06-05T17:32:37'
tool: smartnoise_dpctgan
