batch_size: 500
dataset_size: 3000
epochs: 300
epsilon: 1.5
generate_time: 7.587451219558716
noise_multiplier: 0.001
num_of_runs: 0
sample_per_teacher: 1000
student_iters: 5
teacher_iters: 5
test_start_time: 1622890516.673809
timestamp: '2021-06-05T10:55:36'
tool: smartnoise_patectgan
