batch_size: 300
dataset_size: 2000
epochs: 300
epsilon: 0.75
generate_time: 6.765969276428223
num_of_runs: 0
test_start_time: 1621246701.1382108
timestamp: '2021-05-17T10:22:33'
tool: smartnoise_dpctgan
