batch_size: 500
dataset_size: 9000
epochs: 500
epsilon: 1.25
generate_time: 8.96854853630066
num_of_runs: 0
test_start_time: 1620916056.9825292
timestamp: '2021-05-13T16:27:02'
tool: smartnoise_patectgan
