batch_size: 500
dataset_size: 1000
epochs: 500
epsilon: 2.25
generate_time: 6.441317558288574
num_of_runs: 0
test_start_time: 1620916056.9825292
timestamp: '2021-05-13T14:31:25'
tool: smartnoise_patectgan
