batch_size: 100
dataset_size: 8500
epochs: 300
epsilon: 1.75
generate_time: 33.62032890319824
num_of_runs: 0
test_start_time: 1620770845.2818708
timestamp: '2021-05-11T23:23:45'
tool: smartnoise_patectgan
