batch_size: 300
dataset_size: 3000
epochs: 100
epsilon: 3.0
generate_time: 20.614434957504272
num_of_runs: 0
test_start_time: 1620503348.7852345
timestamp: '2021-05-08T20:12:48'
tool: smartnoise_dpctgan
