batch_size: 1500
dataset_size: 8500
epochs: 300
epsilon: 0.25
generate_time: 4.826134920120239
num_of_runs: 0
test_start_time: 1620770845.2818708
timestamp: '2021-05-11T23:20:21'
tool: smartnoise_patectgan
