dataset_size: 7000
epsilon: 0.5
generate_time: 212.39691281318665
num_of_runs: 0
query_count: 400
test_start_time: 1622819405.7475119
timestamp: '2021-06-04T15:13:38'
tool: smartnoise_mwem
