batch_size: 300
dataset_size: 6000
epochs: 500
epsilon: 0.75
generate_time: 5.433782577514648
num_of_runs: 0
test_start_time: 1620916056.9825292
timestamp: '2021-05-13T15:19:07'
tool: smartnoise_patectgan
