batch_size: 500
dataset_size: 8000
epochs: 300
epsilon: 1.25
generate_time: 151.62050580978394
num_of_runs: 0
test_start_time: 1622829324.3436966
timestamp: '2021-06-04T17:57:55'
tool: smartnoise_dpctgan
