batch_size: 500
dataset_size: 2000
epochs: 300
epsilon: 0.5
generate_time: 6.225032806396484
num_of_runs: 0
test_start_time: 1621062425.03643
timestamp: '2021-05-15T07:11:23'
tool: smartnoise_patectgan
