batch_size: 500
dataset_size: 4000
epochs: 300
epsilon: 0.5
generate_time: 4.557358026504517
num_of_runs: 0
test_start_time: 1622818724.402142
timestamp: '2021-06-04T14:58:49'
tool: smartnoise_patectgan
