dataset_size: 9000
epsilon: 0.5
generate_time: 235.28907132148743
num_of_runs: 0
query_count: 400
test_start_time: 1622820229.3601928
timestamp: '2021-06-04T15:27:44'
tool: smartnoise_mwem
