batch_size: 500
dataset_size: 4000
epochs: 300
epsilon: 2.25
generate_time: 16.850948095321655
num_of_runs: 0
test_start_time: 1621062425.03643
timestamp: '2021-05-15T07:25:34'
tool: smartnoise_patectgan
