batch_size: 300
dataset_size: 3000
epochs: 300
epsilon: 0.1
generate_time: 8.108617782592773
num_of_runs: 0
test_start_time: 1621246701.1382108
timestamp: '2021-05-17T10:25:51'
tool: smartnoise_dpctgan
