batch_size: 500
dataset_size: 8000
epochs: 300
epsilon: 0.75
generate_time: 11.407447099685669
num_of_runs: 0
test_start_time: 1622822324.6179423
timestamp: '2021-06-04T15:58:56'
tool: smartnoise_patectgan
