batch_size: 300
dataset_size: 5000
epochs: 300
epsilon: 2.25
generate_time: 25.76648449897766
num_of_runs: 0
test_start_time: 1621062425.03643
timestamp: '2021-05-15T07:33:27'
tool: smartnoise_patectgan
