batch_size: 500
dataset_size: 3000
epochs: 100
epsilon: 0.25
generate_time: 1.8234686851501465
num_of_runs: 0
test_start_time: 1620503348.7852345
timestamp: '2021-05-08T20:05:00'
tool: smartnoise_dpctgan
