batch_size: 500
dataset_size: 4000
epochs: 300
epsilon: 0.1
generate_time: 7.298597097396851
num_of_runs: 4
test_start_time: 1622810426.671508
timestamp: '2021-06-04T12:41:03'
tool: smartnoise_dpctgan
