batch_size: 300
dataset_size: 1000
epochs: 300
epsilon: 0.1
generate_time: 4.257119178771973
noise_multiplier: 0.001
num_of_runs: 0
sample_per_teacher: 1000
student_iters: 5
teacher_iters: 5
test_start_time: 1622883504.1659763
timestamp: '2021-06-05T08:58:28'
tool: smartnoise_patectgan
