dataset_size: 3000
epsilon: 2.25
generate_time: 3091.621124267578
num_of_runs: 0
query_count: 400
test_start_time: 1621070261.1989787
timestamp: '2021-05-15T14:41:11'
tool: smartnoise_mwem
