batch_size: 500
dataset_size: 8500
epochs: 300
epsilon: 0.1
generate_time: 7.684360027313232
num_of_runs: 0
test_start_time: 1622814049.365684
timestamp: '2021-06-04T13:40:57'
tool: smartnoise_patectgan
