dataset_size: 1000
epsilon: 1.5
generate_time: 142.46992254257202
num_of_runs: 0
query_count: 600
test_start_time: 1621070261.1989787
timestamp: '2021-05-15T10:08:09'
tool: smartnoise_mwem
