dataset_size: 2000
epsilon: 1.75
generate_time: 153.63539123535156
num_of_runs: 0
query_count: 600
test_start_time: 1621070261.1989787
timestamp: '2021-05-15T11:52:37'
tool: smartnoise_mwem
