batch_size: 500
dataset_size: 8000
epochs: 300
epsilon: 0.25
generate_time: 6.584637880325317
num_of_runs: 0
test_start_time: 1622817129.002204
timestamp: '2021-06-04T14:32:16'
tool: smartnoise_patectgan
