batch_size: 500
dataset_size: 3000
epochs: 300
epsilon: 2.0
generate_time: 7.086230516433716
num_of_runs: 0
test_start_time: 1620925882.370055
timestamp: '2021-05-13T17:30:46'
tool: smartnoise_dpctgan
