batch_size: 300
dataset_size: 6000
epochs: 300
epsilon: 1.25
generate_time: 21.570847511291504
num_of_runs: 0
test_start_time: 1620925882.370055
timestamp: '2021-05-13T18:26:01'
tool: smartnoise_dpctgan
