batch_size: 500
dataset_size: 3000
epochs: 300
epsilon: 3.0
generate_time: 19.4338960647583
num_of_runs: 0
test_start_time: 1621062425.03643
timestamp: '2021-05-15T07:21:14'
tool: smartnoise_patectgan
