batch_size: 500
dataset_size: 8500
epochs: 100
epsilon: 2.0
generate_time: 12.300310611724854
num_of_runs: 0
test_start_time: 1620503348.7852345
timestamp: '2021-05-08T21:29:05'
tool: smartnoise_dpctgan
