batch_size: 300
dataset_size: 4000
epochs: 300
epsilon: 2.25
generate_time: 14.93345022201538
num_of_runs: 0
test_start_time: 1620916056.9825292
timestamp: '2021-05-13T14:58:56'
tool: smartnoise_patectgan
