batch_size: 500
dataset_size: 8500
epochs: 300
epsilon: 0.75
generate_time: 53.20745587348938
num_of_runs: 0
test_start_time: 1622822882.752617
timestamp: '2021-06-04T16:09:07'
tool: smartnoise_dpctgan
