batch_size: 500
dataset_size: 6000
epochs: 300
epsilon: 0.25
generate_time: 8.127007722854614
num_of_runs: 0
test_start_time: 1622816654.764578
timestamp: '2021-06-04T14:24:20'
tool: smartnoise_patectgan
