dataset_size: 2000
epsilon: 2.0
generate_time: 153.77754378318787
num_of_runs: 0
query_count: 400
test_start_time: 1621070261.1989787
timestamp: '2021-05-15T11:57:44'
tool: smartnoise_mwem
