batch_size: 500
dataset_size: 2000
epochs: 300
epsilon: 3.0
generate_time: 163.40878748893738
noise_multiplier: 0.001
num_of_runs: 0
sample_per_teacher: 1000
student_iters: 5
teacher_iters: 5
test_start_time: 1622908657.552609
timestamp: '2021-06-05T16:00:20'
tool: smartnoise_patectgan
