dataset_size: 2000
epsilon: 1.0
generate_time: 153.856360912323
num_of_runs: 0
query_count: 600
test_start_time: 1621070261.1989787
timestamp: '2021-05-15T11:29:33'
tool: smartnoise_mwem
