batch_size: 500
dataset_size: 8500
epochs: 300
epsilon: 0.25
generate_time: 53.20745587348938
num_of_runs: 0
test_start_time: 1622817634.1290066
timestamp: '2021-06-04T14:40:49'
tool: smartnoise_dpctgan
