batch_size: 500
dataset_size: 8500
epochs: 300
epsilon: 0.5
generate_time: 4.948249578475952
num_of_runs: 0
test_start_time: 1620503348.7852345
timestamp: '2021-05-08T21:23:31'
tool: smartnoise_dpctgan
