dataset_size: 5000
epsilon: 0.1
generate_time: 191.18155217170715
num_of_runs: 0
query_count: 400
test_start_time: 1622810495.0736876
timestamp: '2021-06-04T12:44:46'
tool: smartnoise_mwem
