batch_size: 300
dataset_size: 8000
epochs: 100
epsilon: 0.1
generate_time: 4.398455619812012
num_of_runs: 0
test_start_time: 1620503348.7852345
timestamp: '2021-05-08T21:06:04'
tool: smartnoise_dpctgan
