batch_size: 500
dataset_size: 5000
epochs: 300
epsilon: 0.1
generate_time: 4.861091136932373
num_of_runs: 0
test_start_time: 1622810467.4838202
timestamp: '2021-06-04T12:41:12'
tool: smartnoise_patectgan
