batch_size: 500
dataset_size: 9000
epochs: 300
epsilon: 0.1
generate_time: 58.44091439247131
num_of_runs: 0
test_start_time: 1622814564.6427414
timestamp: '2021-06-04T13:49:40'
tool: smartnoise_dpctgan
