dataset_size: 4000
epsilon: 3.0
generate_time: 17867.00413775444
num_of_runs: 0
query_count: 600
test_start_time: 1621070261.1989787
timestamp: '2021-05-16T07:34:32'
tool: smartnoise_mwem
