batch_size: 500
dataset_size: 8000
epochs: 100
epsilon: 2.5
generate_time: 48.03756761550903
num_of_runs: 0
test_start_time: 1620925882.370055
timestamp: '2021-05-13T20:17:49'
tool: smartnoise_dpctgan
