batch_size: 500
dataset_size: 1000
epochs: 500
epsilon: 0.1
generate_time: 1.4326515197753906
num_of_runs: 0
test_start_time: 1620916056.9825292
timestamp: '2021-05-13T14:27:49'
tool: smartnoise_patectgan
