batch_size: 300
dataset_size: 3000
epochs: 500
epsilon: 2.0
generate_time: 10.33863878250122
num_of_runs: 0
test_start_time: 1620916056.9825292
timestamp: '2021-05-13T14:47:25'
tool: smartnoise_patectgan
