batch_size: 500
dataset_size: 5499
epochs: 300
epsilon: 0.5
generate_time: 13.313042163848877
num_of_runs: 0
test_start_time: 1621062425.03643
timestamp: '2021-05-15T07:37:55'
tool: smartnoise_patectgan
