batch_size: 300
dataset_size: 5499
epochs: 300
epsilon: 3.0
generate_time: 38.32781195640564
num_of_runs: 0
test_start_time: 1621062425.03643
timestamp: '2021-05-15T07:45:09'
tool: smartnoise_patectgan
