dataset_size: 3000
epsilon: 0.5
generate_time: 164.4619483947754
num_of_runs: 0
query_count: 600
test_start_time: 1621070261.1989787
timestamp: '2021-05-15T12:55:49'
tool: smartnoise_mwem
