batch_size: 500
dataset_size: 6000
epochs: 300
epsilon: 0.1
generate_time: 8.127007722854614
num_of_runs: 2
test_start_time: 1622811503.326354
timestamp: '2021-06-04T12:58:41'
tool: smartnoise_patectgan
