batch_size: 300
dataset_size: 5499
epochs: 300
epsilon: 2.0
generate_time: 24.95233941078186
num_of_runs: 0
test_start_time: 1621062425.03643
timestamp: '2021-05-15T07:41:19'
tool: smartnoise_patectgan
