batch_size: 500
dataset_size: 4000
epochs: 300
epsilon: 1.75
generate_time: 9.716619729995728
noise_multiplier: 0.001
num_of_runs: 0
sample_per_teacher: 1000
student_iters: 5
teacher_iters: 5
test_start_time: 1622893211.382915
timestamp: '2021-06-05T11:40:40'
tool: smartnoise_patectgan
