batch_size: 500
dataset_size: 1000
epochs: 300
epsilon: 1.75
generate_time: 4.203708171844482
num_of_runs: 0
test_start_time: 1620503348.7852345
timestamp: '2021-05-08T19:51:09'
tool: smartnoise_dpctgan
