dataset_size: 1000
epsilon: 2.25
generate_time: 151.49550223350525
num_of_runs: 0
query_count: 400
test_start_time: 1621070261.1989787
timestamp: '2021-05-15T10:27:18'
tool: smartnoise_mwem
