dataset_size: 4000
epsilon: 1.25
generate_time: 179.19381141662598
num_of_runs: 0
query_count: 400
test_start_time: 1622827352.5315473
timestamp: '2021-06-04T17:25:31'
tool: smartnoise_mwem
