batch_size: 500
dataset_size: 5000
epochs: 300
epsilon: 1.0
generate_time: 42.56163501739502
num_of_runs: 0
test_start_time: 1622824616.3166578
timestamp: '2021-06-04T16:37:38'
tool: smartnoise_dpctgan
