batch_size: 300
dataset_size: 8500
epochs: 100
epsilon: 2.75
generate_time: 29.413835048675537
num_of_runs: 0
test_start_time: 1620916056.9825292
timestamp: '2021-05-13T16:17:48'
tool: smartnoise_patectgan
