batch_size: 300
dataset_size: 1000
epochs: 100
epsilon: 2.5
generate_time: 11.75220251083374
num_of_runs: 0
test_start_time: 1620916056.9825292
timestamp: '2021-05-13T14:31:37'
tool: smartnoise_patectgan
