batch_size: 500
dataset_size: 6000
epochs: 300
epsilon: 2.5
generate_time: 13.875798225402832
num_of_runs: 0
test_start_time: 1620916056.9825292
timestamp: '2021-05-13T15:27:04'
tool: smartnoise_patectgan
