batch_size: 300
dataset_size: 9000
epochs: 500
epsilon: 1.5
generate_time: 58.44091439247131
num_of_runs: 0
test_start_time: 1620925882.370055
timestamp: '2021-05-13T21:54:28'
tool: smartnoise_dpctgan
