dataset_size: 2000
epsilon: 0.25
generate_time: 152.90699863433838
num_of_runs: 0
query_count: 400
test_start_time: 1621070261.1989787
timestamp: '2021-05-15T11:03:56'
tool: smartnoise_mwem
