batch_size: 500
dataset_size: 3000
epochs: 300
epsilon: 0.25
generate_time: 12.396889448165894
num_of_runs: 0
test_start_time: 1622884229.578231
timestamp: '2021-06-05T09:10:41'
tool: smartnoise_dpctgan
