batch_size: 300
dataset_size: 3000
epochs: 500
epsilon: 0.75
generate_time: 4.096043825149536
num_of_runs: 0
test_start_time: 1620925882.370055
timestamp: '2021-05-13T17:27:00'
tool: smartnoise_dpctgan
