batch_size: 500
dataset_size: 8000
epochs: 300
epsilon: 0.75
generate_time: 9.638880729675293
num_of_runs: 0
test_start_time: 1620925882.370055
timestamp: '2021-05-13T19:46:18'
tool: smartnoise_dpctgan
