batch_size: 100
dataset_size: 3000
epochs: 300
epsilon: 0.5
generate_time: 3.649629831314087
num_of_runs: 0
test_start_time: 1620770845.2818708
timestamp: '2021-05-11T22:19:58'
tool: smartnoise_patectgan
