batch_size: 300
dataset_size: 1000
epochs: 300
epsilon: 2.0
generate_time: 8.79716420173645
num_of_runs: 0
test_start_time: 1621246701.1382108
timestamp: '2021-05-17T10:20:00'
tool: smartnoise_dpctgan
