batch_size: 300
dataset_size: 8500
epochs: 100
epsilon: 0.75
generate_time: 6.003159284591675
num_of_runs: 0
test_start_time: 1620503348.7852345
timestamp: '2021-05-08T21:23:42'
tool: smartnoise_dpctgan
