batch_size: 300
dataset_size: 1000
epochs: 300
epsilon: 0.75
generate_time: 1.8212945461273193
num_of_runs: 0
test_start_time: 1620503348.7852345
timestamp: '2021-05-08T19:49:37'
tool: smartnoise_dpctgan
