dataset_size: 2000
epsilon: 0.1
generate_time: 155.9108862876892
num_of_runs: 3
query_count: 400
test_start_time: 1622807805.880103
timestamp: '2021-06-04T12:07:11'
tool: smartnoise_mwem
