batch_size: 300
dataset_size: 9000
epochs: 100
epsilon: 0.25
generate_time: 8.237812280654907
num_of_runs: 0
test_start_time: 1620925882.370055
timestamp: '2021-05-13T21:43:01'
tool: smartnoise_dpctgan
