batch_size: 500
dataset_size: 9358
epochs: 500
epsilon: 0.25
generate_time: 6.892759799957275
num_of_runs: 0
test_start_time: 1620925882.370055
timestamp: '2021-05-13T22:52:33'
tool: smartnoise_dpctgan
