batch_size: 500
dataset_size: 6000
epochs: 300
epsilon: 1.25
generate_time: 8.127007722854614
num_of_runs: 0
test_start_time: 1622827857.559476
timestamp: '2021-06-04T17:31:12'
tool: smartnoise_patectgan
