batch_size: 500
dataset_size: 3000
epochs: 300
epsilon: 1.75
generate_time: 8.108617782592773
num_of_runs: 0
test_start_time: 1622892842.4600115
timestamp: '2021-06-05T11:40:02'
tool: smartnoise_dpctgan
