batch_size: 300
dataset_size: 1000
epochs: 500
epsilon: 1.25
generate_time: 3.6751351356506348
num_of_runs: 0
test_start_time: 1620503348.7852345
timestamp: '2021-05-08T19:50:09'
tool: smartnoise_dpctgan
