batch_size: 500
dataset_size: 5000
epochs: 300
epsilon: 0.1
generate_time: 25.64898705482483
num_of_runs: 0
test_start_time: 1622883925.5295918
timestamp: '2021-06-05T09:05:51'
tool: smartnoise_dpctgan
