batch_size: 500
dataset_size: 4000
epochs: 300
epsilon: 3.0
generate_time: 19.917157649993896
num_of_runs: 0
test_start_time: 1620925882.370055
timestamp: '2021-05-13T17:55:26'
tool: smartnoise_dpctgan
