batch_size: 300
dataset_size: 2000
epochs: 500
epsilon: 1.0
generate_time: 3.4452497959136963
num_of_runs: 0
test_start_time: 1620925882.370055
timestamp: '2021-05-13T17:20:13'
tool: smartnoise_dpctgan
