batch_size: 1500
dataset_size: 1000
epochs: 300
epsilon: 2.75
generate_time: 3.428089141845703
num_of_runs: 0
test_start_time: 1620770845.2818708
timestamp: '2021-05-11T22:11:56'
tool: smartnoise_patectgan
