batch_size: 300
dataset_size: 5000
epochs: 500
epsilon: 2.25
generate_time: 41.724225759506226
num_of_runs: 0
test_start_time: 1620925882.370055
timestamp: '2021-05-13T18:08:03'
tool: smartnoise_dpctgan
