dataset_size: 5000
epsilon: 3.0
generate_time: 710.2226662635803
num_of_runs: 0
query_count: 600
test_start_time: 1621070261.1989787
timestamp: '2021-05-18T05:48:33'
tool: smartnoise_mwem
