batch_size: 500
dataset_size: 3000
epochs: 500
epsilon: 1.25
generate_time: 4.560255527496338
num_of_runs: 0
test_start_time: 1620916056.9825292
timestamp: '2021-05-13T14:45:29'
tool: smartnoise_patectgan
