batch_size: 500
dataset_size: 5000
epochs: 300
epsilon: 3.0
generate_time: 26.362627506256104
num_of_runs: 0
test_start_time: 1621062425.03643
timestamp: '2021-05-15T07:36:37'
tool: smartnoise_patectgan
