dataset_size: 5000
epsilon: 2.5
generate_time: 717.1798310279846
num_of_runs: 0
query_count: 200
test_start_time: 1621070261.1989787
timestamp: '2021-05-18T04:17:36'
tool: smartnoise_mwem
