batch_size: 900
dataset_size: 7000
epochs: 300
epsilon: 0.25
generate_time: 4.292379856109619
num_of_runs: 0
test_start_time: 1620770845.2818708
timestamp: '2021-05-11T22:55:47'
tool: smartnoise_patectgan
