batch_size: 500
dataset_size: 2000
epochs: 300
epsilon: 1.25
generate_time: 2.081336498260498
num_of_runs: 0
test_start_time: 1622826934.657174
timestamp: '2021-06-04T17:15:41'
tool: smartnoise_patectgan
