batch_size: 300
dataset_size: 3000
epochs: 300
epsilon: 2.75
generate_time: 24.046399116516113
num_of_runs: 0
test_start_time: 1620925882.370055
timestamp: '2021-05-13T17:34:28'
tool: smartnoise_dpctgan
