dataset_size: 1000
epsilon: 2.75
generate_time: 143.66920971870422
num_of_runs: 0
query_count: 400
test_start_time: 1621070261.1989787
timestamp: '2021-05-15T10:41:36'
tool: smartnoise_mwem
