batch_size: 300
dataset_size: 3000
epochs: 100
epsilon: 1.75
generate_time: 8.609819173812866
num_of_runs: 0
test_start_time: 1620503348.7852345
timestamp: '2021-05-08T20:07:05'
tool: smartnoise_dpctgan
