batch_size: 500
dataset_size: 1000
epochs: 300
epsilon: 2.25
generate_time: 9.377904415130615
num_of_runs: 0
test_start_time: 1621062425.03643
timestamp: '2021-05-15T07:09:21'
tool: smartnoise_patectgan
