batch_size: 500
dataset_size: 8500
epochs: 300
epsilon: 1.25
generate_time: 53.20745587348938
num_of_runs: 0
test_start_time: 1622829739.9700556
timestamp: '2021-06-04T18:09:54'
tool: smartnoise_dpctgan
