batch_size: 900
dataset_size: 5000
epochs: 300
epsilon: 1.75
generate_time: 5.078297853469849
num_of_runs: 0
test_start_time: 1620770845.2818708
timestamp: '2021-05-11T22:38:16'
tool: smartnoise_patectgan
