batch_size: 500
dataset_size: 1000
epochs: 300
epsilon: 1.0
generate_time: 1.9623544216156006
num_of_runs: 0
test_start_time: 1622823632.0860615
timestamp: '2021-06-04T16:20:36'
tool: smartnoise_patectgan
