batch_size: 300
dataset_size: 2000
epochs: 300
epsilon: 0.1
generate_time: 5.690155267715454
num_of_runs: 0
test_start_time: 1621062425.03643
timestamp: '2021-05-15T07:10:54'
tool: smartnoise_patectgan
