batch_size: 500
dataset_size: 3000
epochs: 300
epsilon: 0.5
generate_time: 5.5315916538238525
num_of_runs: 0
test_start_time: 1622818715.0136504
timestamp: '2021-06-04T14:58:40'
tool: smartnoise_dpctgan
