batch_size: 300
dataset_size: 9000
epochs: 500
epsilon: 2.5
generate_time: 26.77126121520996
num_of_runs: 0
test_start_time: 1620916056.9825292
timestamp: '2021-05-13T16:34:38'
tool: smartnoise_patectgan
