batch_size: 500
dataset_size: 4000
epochs: 300
epsilon: 0.75
generate_time: 8.757796287536621
num_of_runs: 0
test_start_time: 1622821533.685458
timestamp: '2021-06-04T15:45:49'
tool: smartnoise_dpctgan
