batch_size: 500
dataset_size: 4000
epochs: 500
epsilon: 0.1
generate_time: 3.391864061355591
num_of_runs: 0
test_start_time: 1620916056.9825292
timestamp: '2021-05-13T14:53:37'
tool: smartnoise_patectgan
