dataset_size: 1000
epsilon: 2.75
generate_time: 142.63388872146606
num_of_runs: 0
query_count: 200
test_start_time: 1621070261.1989787
timestamp: '2021-05-15T10:39:12'
tool: smartnoise_mwem
