dataset_size: 3000
epsilon: 0.1
generate_time: 167.69248127937317
num_of_runs: 3
query_count: 400
test_start_time: 1622808636.4730382
timestamp: '2021-06-04T12:21:46'
tool: smartnoise_mwem
