batch_size: 500
dataset_size: 4000
epochs: 300
epsilon: 0.1
generate_time: 3.994676351547241
num_of_runs: 2
test_start_time: 1622809509.5864666
timestamp: '2021-06-04T12:25:21'
tool: smartnoise_patectgan
