batch_size: 500
dataset_size: 1000
epochs: 300
epsilon: 0.1
generate_time: 1.785879135131836
num_of_runs: 2
test_start_time: 1622807027.4741983
timestamp: '2021-06-04T11:43:53'
tool: smartnoise_patectgan
