batch_size: 500
dataset_size: 1000
epochs: 300
epsilon: 1.75
generate_time: 4.178069353103638
num_of_runs: 0
test_start_time: 1620770845.2818708
timestamp: '2021-05-11T22:09:00'
tool: smartnoise_patectgan
