dataset_size: 1000
epsilon: 2.5
generate_time: 143.00396013259888
num_of_runs: 0
query_count: 200
test_start_time: 1621070261.1989787
timestamp: '2021-05-15T10:32:05'
tool: smartnoise_mwem
