batch_size: 500
dataset_size: 8000
epochs: 300
epsilon: 0.1
generate_time: 7.566365003585815
num_of_runs: 3
test_start_time: 1622813795.188285
timestamp: '2021-06-04T13:37:04'
tool: smartnoise_patectgan
