epsilon,dataset_size,mse,result,time,mape,y_test,prediction
0.1,1000,3923080.0047766604,3923080.0047766604,0.025938987731933594,657.1489983928794,"[4, 2, 3, 2, 1, 2, 2, 1, 2, 2, 3, 3, 2, 1, 3, 1, 3, 3, 1, 2, 3, 1, 3, 3, 1, 3, 3, 4, 2, 1, 1, 2, 2, 4, 2, 1, 3, 1, 2, 2, 3, 2, 1, 5, 3, 4, 2, 5, 2, 2, 4, 3, 2, 2, 3, 3, 2, 3, 2, 3, 2, 2, 3, 2, 3, 3, 3, 3, 2, 2, 3, 4, 3, 1, 3, 3, 2, 2, 2, 2, 2, 2, 3, 3, 4, 2, 1, 4, 4, 3, 3, 4, 4, 3, 2, 1, 2, 3, 3, 2, 4, 4, 2, 1, 2, 3, 3, 2, 2, 2, 3, 4, 2, 2, 3, 2, 1, 2, 3, 3, 1, 2, 2, 2, 3, 2, 2, 1, 4, 2, 2, 3, 3, 2, 2, 3, 2, 2, 2, 4, 3, 3, 4, 2, 3, 3, 2, 1, 2, 3, 2, 2, 3, 2, 3, 3, 4, 2, 2, 1, 3, 3, 2, 2, 2, 1, 4, 2, 1, 3, 2, 3, 3, 1, 3, 1, 4, 2, 2, 3, 4, 3, 2, 5, 3, 1, 1, 3, 3, 2, 3, 3, 4, 2, 4, 2, 2, 3, 2, 2]","[-594.2544520055773, -252.5840494963979, -966.1945477047258, 3252.751500424148, -2497.546228628837, 1606.5365022396309, -776.0930308287279, 1789.320300552854, -282.0528295289183, -882.0881142802093, -3158.7694154373144, -1293.475870685912, 1188.258340640175, 1232.3841949324672, -1222.5240776092066, 695.0656480214412, 5679.776755682428, -2547.97946989919, -2193.4708297352763, 36.42711919268848, 2650.5433730512864, -1069.0805325436359, 638.6213813100524, -722.7880830988618, -1794.4532651974876, -1855.7011692450822, -1868.5304235509443, -1564.4434965779365, 1292.5664367616785, -1285.3434001856199, -2977.1792574667943, 604.9597150984885, -606.5117421542005, 3043.3688978380947, 782.5496624849275, -1501.8526254251597, -151.62163304255293, -635.4026493487613, -2579.483417979797, 95.58228784026952, -3012.2648981160087, -2094.045248754067, 572.7577165998296, 5594.580827679669, 4114.791651586281, 1483.8904629694434, -175.4585781659682, 2286.965948299703, -2554.965447547576, -788.6348206872383, 3680.5202796624326, -924.9366017918297, -552.5214437833154, 965.7382779549237, -64.15699240114205, 6.674992909944962, 282.8509284543244, -667.826192431446, -1497.8728619968474, 1694.64179116256, 1145.2663737043763, -1709.2906571739225, -1635.4730310346445, -437.48770771706927, 1247.7559449389396, -2232.8582318566246, -383.9416083014853, -2688.1570504867823, 766.378891949882, -1151.3964306174798, -570.8050051159669, 5596.988649234549, 3291.850848710346, 110.35965756027932, -702.213719140394, 403.62982028705915, -433.3179154940415, 1401.4410683330286, 819.6703811743039, 1243.8194112808073, -1958.6677522891598, -2054.2443299729493, -214.96824063873734, 719.6232260773015, -778.3952157919045, 1135.1967422491116, -924.5987657703281, 8505.494077247902, 2387.2520257530628, 1770.5762568887856, 1519.945558796209, 1270.929101822857, 5227.114314280253, 993.6573152261985, -3499.48725617594, 620.331465104961, -3041.81084590826, -301.7174256369833, -643.4952125690647, -118.79024626347424, 673.8152020891064, -1298.0965758329717, -1129.3598314785481, -1042.2851221404912, -368.92125455808423, 2164.24247356793, 1450.841059996229, 4586.9745269473315, 1200.4621999701967, -3058.576645934002, -2840.539760314749, 48.08992698517673, -1074.792379599396, 943.4416883810126, 325.98345001080565, -1660.0825479120879, -424.38217139527023, -3443.4080134727556, 1231.2702670800686, -1928.3027730037743, -3149.5434704595123, -695.4924772987562, 211.2776654683461, 2012.676426059606, 1431.729271659805, -260.25700930578716, 1776.5942265900599, 453.7453028772053, 659.2158358413384, 226.36079761074924, -552.32494598474, 1429.6158504136006, 1885.1819444887901, -2040.0651407563669, 790.5205510358294, 1057.1804548977427, 2261.2618814742095, 390.2639336836536, 725.2395127401766, 7681.984730735267, 1134.1292803549397, 1349.5423843167227, 1877.616892080703, 1327.363165733101, 622.5238093536532, 3110.7128728238745, -1181.929936112494, 982.1281056894604, -2500.294029586265, 1597.4844667033835, -1584.9952828546202, -202.1554078557268, 1714.7018196860506, 3606.594065781719, 880.6647160790376, 369.38944913026864, 680.3238312931026, -344.62040291988194, 2642.1121706480385, -864.8905929998141, -1180.9005183003073, -2735.225220363027, 862.2386506685011, -379.2855727241882, 248.73337954102553, 777.3738182328027, 982.7780054411455, -325.12617205300785, -177.58041502634634, 311.9614469197294, -3419.390708184794, 859.5875913928973, -364.51308026061565, 304.87992715932637, 520.0396092892679, 1549.9107181982522, 430.6159751088326, -2149.9770428519887, -186.86503343754518, 1522.2212016476312, 3682.614242353348, -1629.094643131022, -566.2139343222921, 3373.861972189278, 1696.305951864535, -474.57194952894747, -660.1274022343628, -1875.7248226272, -415.63916835645114, -1929.6972148241657, -2110.014605643695, 963.9141818407338, -1809.6860851338051, 757.8049522320789, 368.59641440999815, -535.8747916437211, -2694.267825868395, 2036.8904146710724, -1416.1545866166325, -2468.0451795473787]"
0.25,1000,13459690.196358314,13459690.196358314,0.025406837463378906,1531.88531127783,"[4, 2, 3, 2, 1, 2, 2, 1, 2, 2, 3, 3, 2, 1, 3, 1, 3, 3, 1, 2, 3, 1, 3, 3, 1, 3, 3, 4, 2, 1, 1, 2, 2, 4, 2, 1, 3, 1, 2, 2, 3, 2, 1, 5, 3, 4, 2, 5, 2, 2, 4, 3, 2, 2, 3, 3, 2, 3, 2, 3, 2, 2, 3, 2, 3, 3, 3, 3, 2, 2, 3, 4, 3, 1, 3, 3, 2, 2, 2, 2, 2, 2, 3, 3, 4, 2, 1, 4, 4, 3, 3, 4, 4, 3, 2, 1, 2, 3, 3, 2, 4, 4, 2, 1, 2, 3, 3, 2, 2, 2, 3, 4, 2, 2, 3, 2, 1, 2, 3, 3, 1, 2, 2, 2, 3, 2, 2, 1, 4, 2, 2, 3, 3, 2, 2, 3, 2, 2, 2, 4, 3, 3, 4, 2, 3, 3, 2, 1, 2, 3, 2, 2, 3, 2, 3, 3, 4, 2, 2, 1, 3, 3, 2, 2, 2, 1, 4, 2, 1, 3, 2, 3, 3, 1, 3, 1, 4, 2, 2, 3, 4, 3, 2, 5, 3, 1, 1, 3, 3, 2, 3, 3, 4, 2, 4, 2, 2, 3, 2, 2]","[-4038.1108751057445, -3071.4902806103287, -3480.223001823804, 1154.4167301527955, -5617.660860358349, -1145.564499556012, -3914.0648246732785, -430.9748727038532, -3064.346677570858, -4463.604405455257, -6847.785109148616, -5267.554854323775, -1545.6342764220012, -1283.0529333011875, -4364.471193744921, -1516.3562262219612, 4227.0450333909885, -6289.216116053109, -5888.7152329568235, -2219.2740275743317, 114.88298970718415, -3435.147655932711, -2212.817280745316, -3767.225242852055, -7202.193211820773, -5111.68562190519, -4872.505348094756, -5213.707703266766, -2200.8351817380626, -4475.920635158651, -6561.502792698155, -1878.9107632348403, -4228.68838297789, 534.4305379076854, -1601.7330051498043, -4040.541972985881, -2753.1912353474463, -3041.2940532169328, -5705.8011686230275, -3019.443842221666, -6407.746871632478, -5146.24257916932, -2024.1310888183048, 3418.857315419216, 1353.0417934431166, -671.3838801110296, -2308.4164485357237, 90.98884774688622, -7028.036832002808, -3158.0517897678287, 1302.8198012455955, -4334.94887395755, -3845.670690347811, -1138.1045409664, -3197.0116543501595, -2736.9579215337103, -2278.2540875398454, -4385.632720038775, -4868.170743177992, -412.25866302923805, -934.6469763606428, -5234.346464299717, -5425.042921843558, -2571.03702772771, -1197.7580462934977, -6214.318589665438, -4227.182700075516, -7110.043987670471, -2887.877811931083, -4154.1140185563045, -3666.4366610811066, 3796.049834720135, 692.2283572233559, -3093.7354744332783, -4826.82244899859, -3253.5108439002224, -3948.0367683199233, -518.5228063053332, -1143.2082542931273, -812.387046494096, -4758.294349840988, -5330.323424011774, -3271.5110450926677, -2787.033957616401, -4119.186344948979, -1214.61614312674, -3236.6500861041395, 6344.072080213979, -825.7460081944901, -1009.2527026541295, -1787.4690162107386, -4028.2082405224764, 2987.6162552835463, -1233.8719888378544, -6777.792542691122, -1793.6158762271502, -6455.556503162328, -2594.5161174747154, -3698.699906315561, -2446.5737154817652, -1660.518606910191, -5677.737460375984, -4306.640479981613, -4105.189791193403, -3833.5882874549625, 494.79984431452067, -488.0062012062467, 2548.8748094062107, -1306.7770311132335, -6976.2692884139615, -6511.561767560151, -2144.9950814699946, -4267.1939633706, -1568.031107605856, -2393.5815095269895, -4449.059712922197, -4541.636244735998, -6798.118060842493, -1399.6155541184016, -5221.473758073097, -6798.306911090135, -3564.569338307016, -2875.0965958637616, 278.58781502650936, -891.6548720963706, -2525.8968543637993, -953.3553105339565, -1948.8756660309898, -2274.078788138945, -2701.9902425015243, -3533.0329345893983, -1127.116697292336, -1531.5508101898959, -5173.060845556794, -1183.2560096094182, -1181.905759065496, 79.95623005002062, -1943.1111861939653, -1952.4249792692729, 5855.3653653151, -1288.9740682299555, -1195.7002068597542, -594.4966315773313, -1226.171325035193, -1792.9154486357547, 445.2008760615972, -4095.083427240509, -1121.972896694142, -6209.26771376935, -451.1454697549693, -4569.512043159875, -2449.682281837997, -1080.013044637048, 491.57425409070447, -1479.6923902883866, -2138.374813297827, -3572.86666148709, -3039.33187683157, -1087.3324119792446, -3640.3747870177945, -4231.451524660901, -6128.112749512686, -1525.445792399752, -3469.886664406116, -2652.1121723239226, -1118.382610910727, -2224.4369349010376, -2413.059291990856, -3220.1454458826424, -2079.4904163806937, -6804.236265863965, -1428.1086525205483, -3503.7238414674525, -1648.4990891933676, -2335.320026621159, -681.6606823461229, -2821.4986330734137, -7259.34223390312, -2324.0873093116634, -3099.543839887084, 862.3010159433516, -5590.865339664286, -3047.2178385698207, -366.32565126286636, -1433.3922211924769, -3398.838064102345, -3754.7444067845563, -5004.439188165797, -3288.355358735453, -5801.892233327431, -5746.6849320818, -1082.81998863783, -5159.4904800635795, -1821.3072218401853, -2594.786552533265, -4708.864299668996, -5869.884423274078, -434.19830156537137, -4815.238679246728, -5898.8274288278135]"
0.5,1000,7195221.138812768,7195221.138812768,0.026975631713867188,879.415037344359,"[4, 2, 3, 2, 1, 2, 2, 1, 2, 2, 3, 3, 2, 1, 3, 1, 3, 3, 1, 2, 3, 1, 3, 3, 1, 3, 3, 4, 2, 1, 1, 2, 2, 4, 2, 1, 3, 1, 2, 2, 3, 2, 1, 5, 3, 4, 2, 5, 2, 2, 4, 3, 2, 2, 3, 3, 2, 3, 2, 3, 2, 2, 3, 2, 3, 3, 3, 3, 2, 2, 3, 4, 3, 1, 3, 3, 2, 2, 2, 2, 2, 2, 3, 3, 4, 2, 1, 4, 4, 3, 3, 4, 4, 3, 2, 1, 2, 3, 3, 2, 4, 4, 2, 1, 2, 3, 3, 2, 2, 2, 3, 4, 2, 2, 3, 2, 1, 2, 3, 3, 1, 2, 2, 2, 3, 2, 2, 1, 4, 2, 2, 3, 3, 2, 2, 3, 2, 2, 2, 4, 3, 3, 4, 2, 3, 3, 2, 1, 2, 3, 2, 2, 3, 2, 3, 3, 4, 2, 2, 1, 3, 3, 2, 2, 2, 1, 4, 2, 1, 3, 2, 3, 3, 1, 3, 1, 4, 2, 2, 3, 4, 3, 2, 5, 3, 1, 1, 3, 3, 2, 3, 3, 4, 2, 4, 2, 2, 3, 2, 2]","[2656.3239244800316, 2217.070628442002, 167.01909973520333, -1852.735022861823, 1678.7214136613625, 2567.738334282985, 2103.368640541858, 857.4100839897332, 1389.9175465861763, 3251.0888572770787, 1967.148630471438, 4188.491397950498, 2001.8272950459102, 1431.3896931233717, 1939.4824149470037, 255.13865880727872, 3280.321524755615, 3154.0090875534497, 2476.3035755647097, -44.18753971634533, 4711.101220448218, -447.8286271045786, 2540.712962654259, 1632.238365072406, 2340.997936929145, 4530.6444832823945, 2734.8318890680976, 1525.2534799592795, 5371.169490840676, 1797.8359107662811, 1671.8118623209912, 1068.5975732198783, 1820.9897282158609, 4979.715085853582, 979.2167731775417, 332.3638686145937, 1032.3387963645941, -61.7174437237727, 57.36732864181204, 2597.2172192323446, 1131.9323536580239, 777.7029365930766, 1357.7278101183726, 5815.163076181359, 3678.9679848581, 729.5249704116782, -515.8613842239506, 363.7052624678181, 4501.288005438515, 129.51438449539273, 2952.0428310609386, 3531.855179347557, 2795.8175056465566, -480.1808563647428, 2247.8511531087784, 3343.530695594438, 336.6772096029763, 4539.497096580904, 3975.3771516023285, 242.6049921434028, 306.74407511938716, 2902.755583711088, 3091.162203563098, -487.070799311266, 1374.035390395417, 2623.799534863043, -796.3621638649101, 4275.963067266004, -702.2133151275175, 1244.1714637229875, 2723.038376138119, 3363.262422846234, -334.94227999286977, 2237.323996323846, -771.9350666294422, 2928.2480381042087, 3354.6703519034577, 156.49316888233625, -346.34596586698353, 641.1825560230327, 172.0624112355124, 1541.0465780599798, 1989.7471731622534, 4352.810721504416, 2657.671569223343, 915.4677295759082, -503.566589210036, 7510.693459505768, 7587.007521621915, 3086.699625536401, 5006.744112150599, 1303.9986944309642, 5506.357392106748, 3656.706370948616, 694.1828537307115, 1011.2432704919233, 1552.1560912408477, 200.71799990872728, 2031.3448374709578, -66.72623941133247, 2518.29493052263, 5529.905625008703, -103.61447373841725, 1478.786062246407, 3717.7826359260525, 5544.037584041966, -990.5215072004262, 4421.196795477176, -3569.8260885150803, 2533.3354191106364, 2121.0898627895904, -136.47843193955305, 1444.835643803869, 1116.81066434902, 1047.3113785173794, 333.582050682038, 5011.4675192959985, 744.8433112929115, 1626.1085949803683, 1543.8852424128602, 1738.3062732538178, 1293.5766973204068, 1116.9257963013247, 342.4095314145193, 1864.8765393599708, -206.44057340110112, 2245.8565179002876, 624.9422619110403, 5611.85194475696, 2044.7750959194339, 1566.4773483778092, 1549.5911294584025, 2707.34765875801, 1033.5859680251576, -335.1005875474616, 2048.3225376020227, 3896.249601353831, 4409.5558570045505, 1800.8941919350575, 5942.858104795146, 3185.2904471728125, 1836.758951898227, 2692.074618148661, 1845.3152180109068, 769.6173186503308, 2432.3951489786905, 979.2432366860736, 144.39612883459313, 2317.96197781718, 634.2786320418552, 2084.506428639934, -24.4421504084944, 3377.424270858086, 1493.9208338525325, 413.75490256299054, 1108.0513099382442, 1006.7262710073223, 302.03477337018967, 3665.7146774420867, 753.647630023146, 1480.836692815058, 1301.7637944711528, 969.3448863127917, 2226.9962443465156, 1932.8555961821107, 415.3276059376583, 1453.5892662427887, -734.8302389984697, 1975.3237531437358, 628.2152162100742, 720.0809441111874, 693.6602104485087, 5287.488925931135, -701.1656617499893, 2156.763304512455, 980.7631716683045, 3332.2935282037606, 1545.1807572880975, -511.4610187945723, 6190.704397683259, 4902.47544615092, 3815.975327749942, 188.29843380247075, 8434.9615179155, -1547.4527764121658, 1710.3408865608224, 2058.631592009846, 1976.7538606266137, 7317.998485789402, 3378.5265476930563, 2617.966931033034, 99.99845764869656, 1774.8328697451311, 75.96511589147872, 1004.8113904522186, 4972.060752121728, 732.5485162789973, 2021.7210032237622, 1323.457554197409, 1700.6820572479787]"
0.75,1000,633979.825111465,633979.825111465,0.026497602462768555,271.1738557061381,"[4, 2, 3, 2, 1, 2, 2, 1, 2, 2, 3, 3, 2, 1, 3, 1, 3, 3, 1, 2, 3, 1, 3, 3, 1, 3, 3, 4, 2, 1, 1, 2, 2, 4, 2, 1, 3, 1, 2, 2, 3, 2, 1, 5, 3, 4, 2, 5, 2, 2, 4, 3, 2, 2, 3, 3, 2, 3, 2, 3, 2, 2, 3, 2, 3, 3, 3, 3, 2, 2, 3, 4, 3, 1, 3, 3, 2, 2, 2, 2, 2, 2, 3, 3, 4, 2, 1, 4, 4, 3, 3, 4, 4, 3, 2, 1, 2, 3, 3, 2, 4, 4, 2, 1, 2, 3, 3, 2, 2, 2, 3, 4, 2, 2, 3, 2, 1, 2, 3, 3, 1, 2, 2, 2, 3, 2, 2, 1, 4, 2, 2, 3, 3, 2, 2, 3, 2, 2, 2, 4, 3, 3, 4, 2, 3, 3, 2, 1, 2, 3, 2, 2, 3, 2, 3, 3, 4, 2, 2, 1, 3, 3, 2, 2, 2, 1, 4, 2, 1, 3, 2, 3, 3, 1, 3, 1, 4, 2, 2, 3, 4, 3, 2, 5, 3, 1, 1, 3, 3, 2, 3, 3, 4, 2, 4, 2, 2, 3, 2, 2]","[-304.5167419892374, -601.7211309031361, -551.7447097765366, -462.6374425964314, -389.7760365176438, -562.5600104376292, -203.5009755413751, -766.7068981921589, -527.2285422495054, -62.91146869776969, 143.26935904808363, 154.91297999792369, -645.782419288591, -714.1907673543064, -438.32876148318826, -747.504046524219, -2228.918140340167, -155.457977584832, -15.256974067791589, -666.4821417398729, -1148.8821003379148, -519.9544135951966, -420.48143637984606, -357.48419410176774, 1511.4437672176987, -831.5598479101179, -726.5971194552726, 60.004307213193385, -551.3076062182008, -196.05533628050748, 33.33302765621909, -597.9944203668314, 135.69442896165447, -1785.1382509514542, -753.5971849799862, -567.4842020846393, -424.82229183373, -553.1424682787565, -64.77508191695489, -300.308448229178, -18.23241544443067, -213.47536979947034, -561.6343544984452, -2048.668132336746, -1102.1687383730068, -784.8832938591985, -680.4542209584965, -847.9050842124262, 310.0101445002582, -643.1072934679763, -1437.2078210598934, -298.8943067999474, -120.68925304564698, -730.0642829856497, -264.67015586483257, -935.949958385952, -525.8347492816458, -235.51267631620243, -657.8463682388622, -683.3779009551054, -771.9067251337171, -257.7602304328328, -45.36654309393498, -700.7683162561727, -675.6477441581643, 225.26555809603371, 1029.5308484752068, 308.81806419892894, 870.7654279525804, -325.374085335972, -428.838180776433, -1754.3090283199513, -487.4214137595957, -198.94425520087754, 1113.3834887477342, -80.55656278876461, -128.82152177726158, -784.5661330313744, -833.0247860344409, -976.9338750559073, -301.2867443849412, -91.58810778479017, -406.43720783262904, -531.0314559906877, -143.98568129721434, -752.5513729623449, -550.6758722514761, -2414.304343656435, -1688.8357969761473, -683.3834541741128, -629.1685899205083, 1576.970892996264, -2113.1818397227107, -1366.1004321015212, -49.68898192659947, -559.4513971706892, -104.98401173651337, -781.6862352500272, -349.53697013437267, -538.0587104892169, -1148.1048422441897, -23.584375218384935, -46.05365350349149, -319.06176192526283, -353.38977503938986, -2484.921249024641, -782.3140503996711, -2166.443575007333, 414.72111660390567, 139.1793875080847, 105.11641335101979, -718.1880783119692, -231.73814184497664, -518.2305739309778, -362.84434251613357, -335.2626496506688, 46.35577996220752, 14.41666628024717, -589.0217827130984, -160.17887343860923, 69.98318886020172, -350.9894531029549, -288.05808984107625, -1231.7789574410772, -812.5058439462424, -632.9104661933069, -616.4364869448314, -666.6787115480599, -1346.8261389038767, -428.9534810860399, -393.73012558658877, -631.1964167456225, -472.2396808060746, -195.4403845330756, -826.8265970072969, -1049.28298926666, -1584.2012588539073, -1571.2219998998034, -493.2195497966577, -2487.6016039471046, -1146.1700212061255, -596.4534802787348, -994.4093408401214, -591.7374668885166, -604.4381534367989, -635.7434722549499, -348.3945704720261, -808.5427341176164, 20.470593314302846, -767.2254728197377, -571.3048730895334, -691.7817369072086, -877.9965735767753, -465.92096381180033, -677.0439402651539, -506.0930742413616, 1039.3369773652817, -421.9271026009661, -324.9984471855038, -438.2295103045686, -247.7761314770333, -47.62705055966046, -652.7001756933643, -258.36208296378396, -456.13281444853857, -1086.129099393313, -119.11897904508805, -678.1429770270921, -414.38705897613994, -594.7193649012278, 36.11366145571367, -681.6493633771215, -959.2582835701597, -782.5895966666538, -420.0745794845685, -769.4084301474936, -283.3325102713094, 1582.123964671864, -678.028842643527, 24.461653502348724, -969.6209987192188, 125.43897157536765, -538.3413207656544, -1483.0178351593422, 545.3919315232907, -297.12691829098395, -228.15898841023102, -436.165595113353, -1806.0054340053134, 130.33094591761744, 80.13354407032847, -762.8583192162866, -155.88769862370793, -492.80598764780666, -279.69755234233156, 165.48192767214744, -115.3616824267732, -706.0021508227849, -123.58646072563528, -3.600772247287864]"
1.0,1000,1048477.1698161841,1048477.1698161841,0.023811817169189453,406.01117700721414,"[4, 2, 3, 2, 1, 2, 2, 1, 2, 2, 3, 3, 2, 1, 3, 1, 3, 3, 1, 2, 3, 1, 3, 3, 1, 3, 3, 4, 2, 1, 1, 2, 2, 4, 2, 1, 3, 1, 2, 2, 3, 2, 1, 5, 3, 4, 2, 5, 2, 2, 4, 3, 2, 2, 3, 3, 2, 3, 2, 3, 2, 2, 3, 2, 3, 3, 3, 3, 2, 2, 3, 4, 3, 1, 3, 3, 2, 2, 2, 2, 2, 2, 3, 3, 4, 2, 1, 4, 4, 3, 3, 4, 4, 3, 2, 1, 2, 3, 3, 2, 4, 4, 2, 1, 2, 3, 3, 2, 2, 2, 3, 4, 2, 2, 3, 2, 1, 2, 3, 3, 1, 2, 2, 2, 3, 2, 2, 1, 4, 2, 2, 3, 3, 2, 2, 3, 2, 2, 2, 4, 3, 3, 4, 2, 3, 3, 2, 1, 2, 3, 2, 2, 3, 2, 3, 3, 4, 2, 2, 1, 3, 3, 2, 2, 2, 1, 4, 2, 1, 3, 2, 3, 3, 1, 3, 1, 4, 2, 2, 3, 4, 3, 2, 5, 3, 1, 1, 3, 3, 2, 3, 3, 4, 2, 4, 2, 2, 3, 2, 2]","[136.79953319164568, -219.41013613681253, 224.6068560898323, 781.2599822982603, -846.2120425100231, 274.38097956773026, -1138.661926735312, 1179.7426371539495, 635.9872565535865, -1284.49574448111, -1848.323681670438, -2327.4500827129677, 1514.1419616151334, 1581.4315859078374, -225.27285875012993, 1338.8638722853611, 2018.8627362171774, -952.3112947492024, -571.9275591487489, 960.3921680469019, -263.696418436156, 318.1230910016294, -1067.1177519655864, 380.572435163734, -819.4308951251321, -1678.6801925073416, -685.8425016191503, -391.34154877568426, -261.634393014319, -699.3159388438454, -990.4299950167945, 499.6976256362806, -1391.883827713366, 1159.210117981806, 1311.2614061769896, -87.76069599785123, -683.6105106425542, 553.9029362422859, -768.7733324335369, -644.7119932680366, -973.3839830472601, -390.960028997075, 459.6216311125627, 52.98321379062608, 526.198012532633, 1057.2007479741733, 865.2944373111212, 994.2495026166306, -1661.8362860744064, 388.77342693623507, 840.8508777826386, -1447.5440212817025, -1778.8634685846396, 1420.9990041653678, -853.607936627659, -317.71841514676146, 948.544890098622, -1363.0611201380902, -548.9873483246232, 358.6163817289264, 881.7132375213207, -396.19128989521494, -276.94233048122646, 674.9479301698103, 868.1206074101054, -1494.245381348193, -1194.0167958403183, -1726.6689540814675, -529.4431859208718, 148.00818111176022, -1285.072367571483, 1604.5801785468175, 2231.2426846239587, -744.540817112379, -825.8292520996155, -23.26272519742659, -1019.4925249785404, 321.1428404860253, 1457.2010066984058, 1529.7884895733503, -265.7897633080793, -1147.726751436157, 663.3803015388776, 891.9249919530406, -1179.4229237213822, 1559.0866058160063, 409.76743987909117, 2425.9243011997305, -297.23881120425347, 195.5121757931557, -97.7581377263106, -230.15123961486555, 1305.3235070289934, -614.0522972272123, -1267.2691477946446, -213.6133528614514, -1079.7100578250308, 457.0438432723047, -355.6365179941632, 87.33605658720609, -996.0305866447012, -1225.953745866312, -145.9699011758905, 197.56679097257748, -367.3120738288691, 976.6311272452841, 1671.037142313864, 1720.5978238994694, 691.2299060509465, -1101.0112050218997, -1666.1219352764524, 917.8771454732151, 99.63607828097082, -105.62733414253621, -529.1698399113137, -96.04843277023966, -1131.7267934721178, -1207.5560326935756, 786.4724561085195, -344.7811685538899, -1099.7600954320121, -305.52491356501173, 715.3426643646272, 1822.3132060970202, 130.37534667039876, 791.8566842048186, 1073.4187068043345, 1166.1447412284745, -509.8927296202892, 200.60238219464227, 488.6966888831955, 912.2824613657368, 61.397576926735695, -376.370973313184, 1438.7113573634792, 499.64214866930877, 1620.9494147048952, -453.38386103490325, -206.02158668246076, 2764.1885877707664, 377.77207474072793, 170.32147772825337, -131.40206659635257, 156.25326627776573, 504.71835587128396, 1008.7813860688858, 148.29123467552753, 1520.9467233445284, -746.8942253681982, 406.19184875717224, -350.477042660257, 784.9177701532495, 669.9513542208833, 2123.9423267135408, 1359.6269800112532, -372.7851167012536, -676.1593495810017, 570.192081194981, 1626.2065576855264, 273.7051415987328, -613.4177698813967, -817.3089150613229, 662.8888784619363, -906.6185169167414, 139.1100512756555, 1231.0598653791124, -454.99346999965235, 790.0110979408408, 687.0952865554137, 353.1504358815738, -1218.092414168583, 680.8576835634595, -1554.13713857768, 1169.971702438823, -355.8296305199816, 1079.426832731186, -1359.4597236784887, -2432.109929271486, 858.0593571365847, -1533.9665878121648, 219.5333337714363, -1777.9700966091132, 578.1387654922256, -27.3917757986832, 848.539190279196, -927.7576503128163, -1065.105278294191, -516.863814010766, -1441.7923419456722, -1929.340673146844, -1984.7643582574926, 786.3324532217727, -289.19332521429226, 1120.9543659313854, 92.06823915001564, -1977.0484309294238, -752.0290352615456, 491.3203400335793, -345.5667816592396, -1410.1993822123964]"
1.25,1000,8848823.943106836,8848823.943106836,0.025079011917114258,923.1531328924902,"[4, 2, 3, 2, 1, 2, 2, 1, 2, 2, 3, 3, 2, 1, 3, 1, 3, 3, 1, 2, 3, 1, 3, 3, 1, 3, 3, 4, 2, 1, 1, 2, 2, 4, 2, 1, 3, 1, 2, 2, 3, 2, 1, 5, 3, 4, 2, 5, 2, 2, 4, 3, 2, 2, 3, 3, 2, 3, 2, 3, 2, 2, 3, 2, 3, 3, 3, 3, 2, 2, 3, 4, 3, 1, 3, 3, 2, 2, 2, 2, 2, 2, 3, 3, 4, 2, 1, 4, 4, 3, 3, 4, 4, 3, 2, 1, 2, 3, 3, 2, 4, 4, 2, 1, 2, 3, 3, 2, 2, 2, 3, 4, 2, 2, 3, 2, 1, 2, 3, 3, 1, 2, 2, 2, 3, 2, 2, 1, 4, 2, 2, 3, 3, 2, 2, 3, 2, 2, 2, 4, 3, 3, 4, 2, 3, 3, 2, 1, 2, 3, 2, 2, 3, 2, 3, 3, 4, 2, 2, 1, 3, 3, 2, 2, 2, 1, 4, 2, 1, 3, 2, 3, 3, 1, 3, 1, 4, 2, 2, 3, 4, 3, 2, 5, 3, 1, 1, 3, 3, 2, 3, 3, 4, 2, 4, 2, 2, 3, 2, 2]","[-84.05531087902239, -836.2238993884982, -1136.6993796113318, -12104.720167158586, -24.9502640476544, -1811.0255507250126, -2892.8163457606815, -1641.7326121848369, 549.3571002791177, -2025.400597207954, -1774.663379675601, -3357.6275703968317, 1505.1350310962766, 1071.4359007022945, -657.4131705489394, -12.173621868789269, -5019.022166783353, 1149.1543235259928, 857.9845829366877, -445.1801118655271, -2092.3943745898414, -1094.5739904190755, -4099.931074616376, 639.7072666593542, 10747.026107783322, 127.73292059190771, 825.817800683179, -2139.670448021542, 124.81101580861105, -1342.8541770021425, -8.554279125750782, -1344.7172485124934, -6481.714679272887, -1317.962491251565, 548.3078343933014, -713.4113335011332, -3543.9152813786814, -661.345780547656, -2374.775058888612, -2243.192003450071, -442.175339141324, -443.0803309678404, -1127.857690307066, -8331.332580925526, -7520.935106122266, -1345.5835174313188, -878.6269187964917, -5463.705365546462, 393.0197157958296, -624.1984963935581, -6933.301622921714, -1951.3658471191034, -4225.669131102886, -1727.7857479900588, -3575.1299358653373, -75.00718492602095, -1293.457058064587, -1084.307973181002, 1909.5915833304352, -4827.424660203675, -1778.905411756829, 1238.2434971541684, 1507.9180839457986, -968.2844447794841, -911.6951444400736, -2446.292326890528, 4827.953745242832, 176.32316854051987, 5004.137693897703, 206.47406028371643, -3244.3001252078184, -5434.69615111689, -6285.373985490525, -3741.724100617286, 5439.777834272429, -2390.103503359614, -1809.0150823402257, -3762.27379084956, -445.95207176723466, 111.68370648720474, -876.8693984377496, -1775.7519930321353, 1072.8624026565826, 2584.7082896743273, -2459.1584365265, 637.8760478633942, -1094.7163907892934, -4182.807463806677, -1581.7324218039648, -1943.1269930441701, -92.2409078092162, 3298.7719526945034, -4798.39425865538, -1641.3634649173819, -965.2665562317081, -3327.848293654861, -188.3221392865073, -1742.459812645775, -999.7469188799508, -2940.818910418969, -5071.738936005859, 434.6450223268539, -4505.928077003011, 423.19434093406244, 337.9456427399855, 3576.911739246117, -2714.1055100580998, -3898.786546386333, 5074.88550025002, 642.0094059778769, -1558.1492048242549, -791.4453295090057, -345.78744764966143, -3880.352756605848, -4609.2478985737325, -660.3358621325578, -508.05696871336113, -875.4060472648525, -1207.5269611757376, 207.23977455515137, -8.384397982332985, -1560.2633506715688, -1924.5927681329201, -967.3453653704796, -2514.2562429773798, -661.7155218598007, -557.5809689060816, 204.8920421356379, 345.43600006316683, -693.8606433490754, 639.5392592050182, -1207.7224494032737, -7333.341265427009, -226.30571333412172, -445.9233418679803, -673.6064962865892, 2847.1904017828306, 543.2516894950718, -2677.468230081252, -3716.6746638048207, 140.70942293949975, -2461.2557191720775, -4406.518674011279, -2461.2338594661232, -1817.9003222009983, -3173.2180153986164, -10.323666182011038, -12.456548920143177, 641.4591659508508, -3328.811369842914, 534.7180111529287, -534.8607466805286, -654.9773373631747, -5589.822802224668, -564.5425546428578, -3327.600966696062, 6561.527372411363, -1509.6664461586247, -1980.863811330542, -613.2278036373391, -1559.7849353926788, -225.62056769320498, -1344.9708211015657, -2676.3796167247174, -1296.4743589967225, -28.17800577259368, -6779.129138719656, -1095.3072274130923, 1072.8255534379737, -1778.084111375967, -1131.7676610925937, -1561.7960283404932, -772.7135798227657, -879.1003375711634, -2460.438166169379, -1128.8207664951185, -4308.17221328169, 6130.661259909084, -878.6156766620009, 7603.77481274345, -3274.2899742185896, -1807.8365319077643, -444.586152426592, -3061.9451433092927, 6809.019360454013, -3109.9413432527, -2892.9306407946724, 151.7545701719605, 2246.822020736563, -2241.195900014911, -2891.501640588275, -1995.5544922220658, 423.9506867600883, -2575.6148824985653, -3907.8637153933973, -3003.738862115685, -659.3165752720508, -2630.869190453259, -2319.648161359462, -1775.344153375327]"
1.5,1000,2339155.3125946084,2339155.3125946084,0.0304563045501709,548.3561412564844,"[4, 2, 3, 2, 1, 2, 2, 1, 2, 2, 3, 3, 2, 1, 3, 1, 3, 3, 1, 2, 3, 1, 3, 3, 1, 3, 3, 4, 2, 1, 1, 2, 2, 4, 2, 1, 3, 1, 2, 2, 3, 2, 1, 5, 3, 4, 2, 5, 2, 2, 4, 3, 2, 2, 3, 3, 2, 3, 2, 3, 2, 2, 3, 2, 3, 3, 3, 3, 2, 2, 3, 4, 3, 1, 3, 3, 2, 2, 2, 2, 2, 2, 3, 3, 4, 2, 1, 4, 4, 3, 3, 4, 4, 3, 2, 1, 2, 3, 3, 2, 4, 4, 2, 1, 2, 3, 3, 2, 2, 2, 3, 4, 2, 2, 3, 2, 1, 2, 3, 3, 1, 2, 2, 2, 3, 2, 2, 1, 4, 2, 2, 3, 3, 2, 2, 3, 2, 2, 2, 4, 3, 3, 4, 2, 3, 3, 2, 1, 2, 3, 2, 2, 3, 2, 3, 3, 4, 2, 2, 1, 3, 3, 2, 2, 2, 1, 4, 2, 1, 3, 2, 3, 3, 1, 3, 1, 4, 2, 2, 3, 4, 3, 2, 5, 3, 1, 1, 3, 3, 2, 3, 3, 4, 2, 4, 2, 2, 3, 2, 2]","[-444.9450257915055, -321.42010517621475, -351.7713634697306, -1521.2621860216193, 660.2374017605973, -1801.2177948574538, -925.1743005253263, -1743.0873678530522, -953.1650179572737, -997.855106649058, -150.79385644922252, -873.5181689973563, -1741.7774755398016, -1702.667434076957, 262.2903002916606, -1402.7087271484002, 2421.662321918312, 319.9409818976926, -606.7122319365967, -1144.203758065171, -130.95320426485534, -719.7485956273595, -1173.5411549240307, -1039.3995958221258, 2777.5230965717774, 2403.1666435012776, 1424.3442381697191, -591.3446185059834, -874.9357150421565, -788.5414551521787, -256.2762604575719, -1378.6722658749984, -755.7157350816801, 3037.169400745979, -1285.5216260747184, 7.510528530661986, -1040.7986262783622, -908.023448114343, -168.7897203017311, -1276.6297079659134, -192.43730470027458, -479.09487920157056, -1395.0619855767309, 3506.4220175117207, 874.1826627239416, -1653.064298886246, -1025.1698656026551, -583.3543393263742, -603.7226037401094, -438.9748727757774, 2138.3145236283563, -142.05578274386568, -999.0643398579575, -1354.8954430086867, -912.9482760994731, 781.9475601585995, -1194.5915196010646, -328.0939319933688, 1176.4151669166906, -1537.7522230944626, -1494.4641435526057, -165.71501965115993, -860.241138771151, -719.5403601174187, -1632.2314520993373, -450.30964979884436, 2725.6326771509384, -535.69891099156, 2329.5159787709827, -852.7073938499873, 71.75819927079795, 705.5834818791128, -1863.8094588406764, -1175.3716895603977, 3053.0142579934964, -1342.0620186146311, -1164.3987939467074, -1499.2040610301221, -1388.7232626087196, -965.9849382840006, -468.4725470059355, -495.6138373710713, -1250.820712088717, -906.3807529238867, -977.3412087356419, -1619.441009512809, -764.8541353004413, 2258.0055211298595, 4171.9434405693355, -1228.5050275359556, -919.4780401619557, 2208.266591253775, 3523.5567149470535, 1562.4218709466877, 236.38055084894603, -1308.2362838973786, 211.55504760507569, 107.03915288793178, -817.9776374057969, -988.7404112394162, 1926.9011954354048, 1.4757659816673367, -515.5301258971243, -913.2134966530233, -641.1420683461348, 4086.6007674404555, -1432.2390011415148, 3780.3801612790667, 2367.3077289819703, -310.19337110730385, -276.5842929896137, -908.1320097383268, -855.4079876911777, -1387.8932590229058, -1136.9157008201887, -588.1302128013025, -1325.8453014365448, -4.953777470713533, -1621.7562133734875, -610.166202449995, -202.4661429528427, -946.2432920833936, -1172.1470780643049, -497.43210141791036, -1022.2782632871808, -1025.139586212871, -1871.3284939209293, -1353.8141131127772, 2578.616991402644, -1339.806490091944, -1092.6162193837881, -1683.677414766797, 619.1849362948208, -522.3896576556674, -1379.6230221483609, -111.71797876228425, 739.5079690670314, 2715.3661991425915, -1420.3158009676633, 2624.960450778385, 403.52653518607906, -1641.65876234182, 405.5102120870972, -1634.734666339373, -1341.8270552998506, -2212.489974102784, -816.7323740270484, -1492.3263125514968, -484.4827590546066, -1613.2921706337472, 519.8481315432596, -845.8940112110924, -396.21689893609675, -1454.4729260475692, -1439.4363070587576, -1229.8950834125524, 2181.8387977912525, -972.2594016551299, -1455.001039161943, -660.1099485763774, -794.7045052869872, -305.3687058075503, -1458.991779503381, -1075.4958200458145, -1091.1925034659089, -362.1548308292562, -1246.545046932976, -952.0025586808595, -1262.4927596356986, -1234.3159651749631, 3.4340032270091, -1431.7213375120893, 1880.6557419896646, -1175.1260018842165, -1382.697571850311, -1700.1178723130997, -916.44854943092, 3118.311681171198, -1021.6089019442541, 6959.585201524807, -842.4935683136212, -791.0911037576489, -956.0661781129747, 3890.57820688065, 2000.9685385992773, -992.8628894247331, -961.3774310524051, 429.11201955323054, 4887.916462817095, -644.3608272853461, -508.73938380674247, -1411.405270913029, -673.6397749683654, -1263.4381521515993, -1146.025310502344, -1184.0323153013278, -265.2695077729277, -1653.52805794257, -189.98463206682493, -366.42998909685036]"
1.75,1000,77412125.99263322,77412125.99263322,0.025102853775024414,3006.4318428139354,"[4, 2, 3, 2, 1, 2, 2, 1, 2, 2, 3, 3, 2, 1, 3, 1, 3, 3, 1, 2, 3, 1, 3, 3, 1, 3, 3, 4, 2, 1, 1, 2, 2, 4, 2, 1, 3, 1, 2, 2, 3, 2, 1, 5, 3, 4, 2, 5, 2, 2, 4, 3, 2, 2, 3, 3, 2, 3, 2, 3, 2, 2, 3, 2, 3, 3, 3, 3, 2, 2, 3, 4, 3, 1, 3, 3, 2, 2, 2, 2, 2, 2, 3, 3, 4, 2, 1, 4, 4, 3, 3, 4, 4, 3, 2, 1, 2, 3, 3, 2, 4, 4, 2, 1, 2, 3, 3, 2, 2, 2, 3, 4, 2, 2, 3, 2, 1, 2, 3, 3, 1, 2, 2, 2, 3, 2, 2, 1, 4, 2, 2, 3, 3, 2, 2, 3, 2, 2, 2, 4, 3, 3, 4, 2, 3, 3, 2, 1, 2, 3, 2, 2, 3, 2, 3, 3, 4, 2, 2, 1, 3, 3, 2, 2, 2, 1, 4, 2, 1, 3, 2, 3, 3, 1, 3, 1, 4, 2, 2, 3, 4, 3, 2, 5, 3, 1, 1, 3, 3, 2, 3, 3, 4, 2, 4, 2, 2, 3, 2, 2]","[-11534.407786262038, 1810.9421283404704, 4798.0576090778995, 4347.058398618851, 6257.894421728848, -6954.563949812969, 1876.0079386091084, -4031.020253473483, -5981.737792492323, -5176.557861113989, 1944.6659869614346, -3465.404641657663, -15659.429814642377, -12133.094482192579, -680.9061179400652, -3313.4285721260107, 14998.375772100804, -5174.107904417125, -10349.549265063722, 217.0601703499741, 5036.406091604066, 5513.488015858233, 4428.8807352039, -8594.943091462688, -13284.641339422911, 14724.645160150365, 8753.438960006399, -10109.41245266667, -13269.93656973438, -1593.0022749196023, -3291.7252257763607, -1604.1741614012253, -2720.8326730419794, 6130.115883213909, -5988.029703082041, 8073.58183178606, 7162.211429409076, 1984.3288140128134, 3881.043806800758, -3419.037933680336, 235.07825478278926, 229.65148189915806, -3367.281904668126, 21037.512340573852, 153.21182774092347, -1609.368732822617, 3744.9085574892024, 2685.9526292612386, -15691.883160809703, 5453.556551158626, 9106.26059121292, 1760.3396162697081, 3583.4084828208515, -1429.8030004756042, -352.082384629348, 6924.4820570432985, -4952.36318657157, -5294.372174386669, -65.24196643808693, 5509.9289760696165, 1919.2286912915774, -7794.874731649775, -15642.741270840126, 6362.267266485756, -5134.569274255339, -7083.643500459803, 16573.937047868963, -13927.797924290471, 12712.26824500727, -5065.813851096268, 6915.830365005564, 6238.967363292391, -17482.072590116048, -3297.198055036015, 10551.64125614607, -17228.81239570805, -6942.5081997008865, 8916.33072897638, 212.4311218446818, -1087.4098444921365, 3755.447507726979, 1938.1381297246025, -12124.540479938465, -21719.65065555221, -1650.574576042427, -8605.923973515697, 5512.634113706771, -3611.288117700784, 8578.679503194662, -5054.545691882915, -11507.982343408929, -17381.04402127434, 10569.048113258943, 19943.12315363184, 6380.363999800943, 5394.351046536014, 1940.276933182493, 8130.1421217295165, -2507.581694945593, 6560.045239172863, 23715.464003177553, -16276.444036129986, -2936.8643859971676, -6829.756770590256, -9620.67069857852, 24016.54738361282, -654.1944551627272, 12390.705650901, 23672.341484502038, -8581.13834001406, 179.487156458752, 2504.5271625577616, -7814.38715693016, 2644.320863785813, 3754.7198277037355, 1990.3847779554162, -17522.349373277364, 3764.2224758887096, -7554.31824098979, -5061.222254439724, -3290.7065354904066, 166.80970565744656, -11883.205208381465, 3679.081663427809, 4420.495569163512, 1982.1116645669135, -12847.435343068699, -5075.300404384217, 10277.77880053967, -6891.830783932628, -8595.950546194019, -7555.490483855612, -6461.441309556559, -1533.9656065107197, 212.60340034892386, 6124.035433558027, -204.00684390057552, 20737.22948201839, 103.83684794511453, 1738.0492737611357, 5154.520625455456, -1663.1509068521118, 8866.000901558238, -1663.0198253814924, -169.25407580504339, -12787.969092556737, -3302.335334526759, -3315.1251408743096, -8584.437847888787, 5388.575971459023, 3578.417060065787, 2834.2803075061593, -6101.009793944477, -24727.709476401753, -6062.646049758373, 5395.834139746447, 2461.2626460848596, -3185.35670584997, -32347.330128520054, -1344.947318351481, 169.67851727156767, -1529.8571387030292, -1605.694706460407, 110.36470518194608, -4932.701256790553, 6238.539306295717, -5150.071938249255, 5509.091168815181, -12124.76144584608, 1924.1536094019812, 3435.8063619406266, 157.6190219746095, 12897.957839221412, 3742.0697073540796, -1658.2484598509573, -3373.0569797451167, 771.203469631021, 6004.586137126891, 3744.9759708169495, 16959.749867981045, -6025.8290385095725, -6935.441035842079, 220.62184116593824, -3526.3834573614363, 9563.026513550656, 3637.523978304206, 1875.322569777014, 2399.349103052763, 25740.51662571082, -3407.0683228203743, 1883.8915527706295, 3683.5985618612967, -6825.221351706835, -6596.541059841894, -4885.518921856187, -11179.62272221084, 1996.4969196711418, -3234.5475740347692, -4878.668675825758, 1940.5837354478676]"
2.0,1000,18399.36228681845,18399.36228681845,0.025703907012939453,40.92980200384824,"[4, 2, 3, 2, 1, 2, 2, 1, 2, 2, 3, 3, 2, 1, 3, 1, 3, 3, 1, 2, 3, 1, 3, 3, 1, 3, 3, 4, 2, 1, 1, 2, 2, 4, 2, 1, 3, 1, 2, 2, 3, 2, 1, 5, 3, 4, 2, 5, 2, 2, 4, 3, 2, 2, 3, 3, 2, 3, 2, 3, 2, 2, 3, 2, 3, 3, 3, 3, 2, 2, 3, 4, 3, 1, 3, 3, 2, 2, 2, 2, 2, 2, 3, 3, 4, 2, 1, 4, 4, 3, 3, 4, 4, 3, 2, 1, 2, 3, 3, 2, 4, 4, 2, 1, 2, 3, 3, 2, 2, 2, 3, 4, 2, 2, 3, 2, 1, 2, 3, 3, 1, 2, 2, 2, 3, 2, 2, 1, 4, 2, 2, 3, 3, 2, 2, 3, 2, 2, 2, 4, 3, 3, 4, 2, 3, 3, 2, 1, 2, 3, 2, 2, 3, 2, 3, 3, 4, 2, 2, 1, 3, 3, 2, 2, 2, 1, 4, 2, 1, 3, 2, 3, 3, 1, 3, 1, 4, 2, 2, 3, 4, 3, 2, 5, 3, 1, 1, 3, 3, 2, 3, 3, 4, 2, 4, 2, 2, 3, 2, 2]","[41.501777896902844, 5.277904412953017, 55.53304536511922, 356.3492009556699, 108.5386806770195, -110.45526579343509, 31.781244850100748, -92.40364162204538, -56.09139031215976, 7.456421426649655, 119.19014224685121, 51.540035643421845, -165.2195327215975, -152.66265723080943, 105.55004007539355, -92.47461263227598, 290.01213667236294, 59.76830319953337, 6.921310648807726, -48.67057064289327, -49.26132767770851, 22.26213741375907, 2.126721589336178, -51.2105515298626, -353.4626605843521, 173.09517438555224, 110.59240037504635, 144.43403917277325, -102.77049155893981, 21.372738510123202, 70.80521591538496, -62.67622241441046, 235.58855252708128, 269.6649653410976, -103.42704379966112, 63.873305773656405, 25.79351598956338, -11.539430177967098, 164.90073903269388, -28.754525029832536, 86.88408943351686, 46.05708830054695, -68.50384441230447, 458.1466439370109, 327.07700565829526, -101.75631252581783, -24.73059752772987, 163.13578823790147, 19.74880932431607, 17.445677293608348, 417.1055288878765, 53.7054269348002, 47.632522879684615, -14.509508266149076, 60.708075416598916, 38.487869144465, 1.335008335563657, 13.235764554004888, 57.81463962604435, 19.183929201775136, -72.18114256690428, 7.761829844172642, -39.667347042843915, 1.6357301885676137, -105.7758647983244, 139.56091800183697, -255.70317059458716, 32.93036320330407, -306.27273009259017, -17.63439181188643, 112.48285512774474, 162.57570388445106, 177.88430911021345, 53.32907976761936, -198.92514109512308, 46.42202266710334, -19.75677259327623, -36.00122413754455, -83.49608713726927, -79.4089975820933, 54.556622063834894, 70.07940175356855, -88.30870927518261, -120.66217769531916, 17.36475440087513, -133.82253725923994, 15.838013011883888, 208.55353642026898, 347.39238430050375, -65.18778207734037, -105.62107270042107, -109.49436291325539, 393.8637010782981, 86.71436819873334, 137.78208593357152, -15.789429981925409, 103.11028278938561, 100.90514498658143, -6.969081655618588, 35.993654034696405, 280.93573948426945, 47.011716449031894, 236.86717922117583, -29.74525829056187, -40.56217070578304, 73.14776452661533, 16.469423750729064, 411.05323906653405, -315.6457216192343, 52.6461263004529, 97.78120097598799, -19.3772218639658, 16.98885563998538, 7.873359608852333, 72.77945792122658, 34.021136303752954, -63.71064354642185, 120.57295308836805, -82.10979391142654, 16.909364840302064, 78.46908362288518, 2.405494395516506, 58.22033419878318, -16.322291918544337, -44.01691302953654, -28.21961283546758, -128.13493191870316, -89.00415983798221, 144.99860469507738, -67.62077543074841, -58.78989128470657, -90.92887697189555, 393.33191693524043, 36.39753244890282, -82.19999186320673, -23.330286635664066, -94.02247296629244, 117.77297674342766, -42.232258957170224, 248.41512823382465, -18.901803973743007, -77.25020060569008, 146.57306905848185, -76.2640411580338, -41.10150653435485, -86.18092299893785, -9.01734737633608, -105.23833348337008, 27.823084203733423, -59.23679764723916, 60.90111805682081, -23.346754342689557, -20.6411342031589, 195.250144846343, -62.6976344660293, -4.631740231300089, -361.09924965805345, 36.493829905177265, 58.711345431244496, 21.794223254283814, 23.988298307079624, 67.30658713687245, -74.1156720072233, 6.878481536112439, -23.707372138409383, -37.07480576548467, 187.8566794036646, -10.816468059054372, -89.97109234408892, -35.12972331924698, 134.60131193318585, -66.73837087729798, 118.06528959153384, -46.08799356554297, -40.36783726334527, -111.95121207761822, 49.60143780327989, -220.73610975101178, -24.223429811792357, -75.68304647074335, -33.42699312392999, 33.411309627506554, -21.87520965086125, 418.18985335796043, -395.7679428384812, 25.63407355502568, 26.625039738069354, 81.46789201745466, 213.64959673995276, 61.295920533295046, 91.09169163057122, -56.85821388729124, 4.375858598345353, 55.69825139715218, 98.79570616626805, 19.009438220074003, 80.00434254875427, -77.42259914492128, 167.27197534927365, 88.47831944841282]"
2.25,1000,3814384.398029925,3814384.398029925,0.02718329429626465,701.0102786521031,"[4, 2, 3, 2, 1, 2, 2, 1, 2, 2, 3, 3, 2, 1, 3, 1, 3, 3, 1, 2, 3, 1, 3, 3, 1, 3, 3, 4, 2, 1, 1, 2, 2, 4, 2, 1, 3, 1, 2, 2, 3, 2, 1, 5, 3, 4, 2, 5, 2, 2, 4, 3, 2, 2, 3, 3, 2, 3, 2, 3, 2, 2, 3, 2, 3, 3, 3, 3, 2, 2, 3, 4, 3, 1, 3, 3, 2, 2, 2, 2, 2, 2, 3, 3, 4, 2, 1, 4, 4, 3, 3, 4, 4, 3, 2, 1, 2, 3, 3, 2, 4, 4, 2, 1, 2, 3, 3, 2, 2, 2, 3, 4, 2, 2, 3, 2, 1, 2, 3, 3, 1, 2, 2, 2, 3, 2, 2, 1, 4, 2, 2, 3, 3, 2, 2, 3, 2, 2, 2, 4, 3, 3, 4, 2, 3, 3, 2, 1, 2, 3, 2, 2, 3, 2, 3, 3, 4, 2, 2, 1, 3, 3, 2, 2, 2, 1, 4, 2, 1, 3, 2, 3, 3, 1, 3, 1, 4, 2, 2, 3, 4, 3, 2, 5, 3, 1, 1, 3, 3, 2, 3, 3, 4, 2, 4, 2, 2, 3, 2, 2]","[868.553523616225, -982.1461061989512, 744.244716888315, 1423.278428638028, -371.2359173700808, -1694.5687245058557, -2821.332060199306, 391.7035366541243, 848.190196196279, -3002.015191570576, -2300.6866361835187, -4994.370502770871, 1529.9514392426934, 1615.5218682443513, 531.9504734920915, 1481.1549628181597, 2862.941809806797, -538.2411929392158, -195.961109934818, 1188.7832073533373, -3329.671013310918, 687.0080130934057, -3877.2582003029124, 625.8825659640029, 4513.115733630958, -2284.4580799230234, -292.05955983739665, 824.6603575129752, -2277.1236968163194, -1355.0099504912462, -493.7548288709765, -338.4170413266747, -1861.4396525463621, 2751.365206499818, 1420.7265982735437, 317.35531294494325, -2392.7356010836825, 858.3973740716631, 184.97039903681997, -2445.3103971099167, -450.7838345476867, 43.028812243954064, -386.6549834663346, -643.0402515009678, 769.0268102849302, 134.2662858644955, 1136.6722634745097, 1423.5221094938104, -2285.163865059354, 715.6362471071309, 2326.1862659379954, -3145.766526890032, -4472.210303017804, 1998.8081813904828, -2266.816304288614, -1116.5395340630516, 1569.7159111424664, -3131.1738496956627, -247.3218649744909, -1089.5795712097502, 13.996246500279483, -72.48275424649347, 11.366791828234398, 981.0377092403057, -54.56517279752592, -1554.1203244441137, 2193.2513519784857, -2325.873542528126, 2812.09599965698, 457.2195688051609, -2722.0455308149562, 1009.3932012389994, 4460.265548615796, -2096.1959242089642, 3995.9709368826543, -42.635595381003384, -2791.5893663431857, -1526.588513119359, 1610.006417453039, 1701.4100589343961, 177.67378999509145, -1706.6801190283568, 837.1449978012129, 1064.874341539432, -2884.4099876907853, 1625.0949057798007, 764.7093819467486, 2291.584985434821, 337.3719166695675, -1619.1608814574097, -2123.920747629161, 5848.603010616413, 2577.8861776508516, -2461.3651187024966, -665.6860376866839, -2008.5040823685517, -557.9472162048507, 1181.7539616252961, -1086.384899496401, -448.9466136556597, -1889.1997353810655, -1651.0541552659988, 1523.4925185889615, 484.97901813170955, -1184.5941114204884, 933.0823616260996, 2476.7616950814995, 4066.576537381618, 4971.046751327907, -630.2895638317098, -2160.4646793060792, 1242.3879010979367, 653.6452539740274, -1679.5089564806044, -1856.5551752428332, 307.33108707229604, -2972.3032618819507, -620.8100136162363, 29.74797545921564, 39.40431347972873, -586.4511987311053, -1006.8719882158764, 1748.7119124723845, 2288.023531968073, -1770.890005909696, 1060.1482967084135, 230.25996767372936, 1320.4545131276082, -973.568491288594, -634.7848552006442, 717.5565493918507, 136.41695989384885, 1693.3539537918373, 41.139055034358364, 1594.3298254913998, -383.7538706324338, 1529.9293776267425, -1273.8569184150087, -2044.8449469657635, 3743.500197770973, -541.1217525114052, -1740.0187744911102, -1199.1379772086575, -1751.9466162010533, -236.00179343747055, -513.1257945635164, 471.71875867955345, 1635.535314092565, -330.0487482185728, -1482.9974561762053, 12.051429695183458, 1045.75808578393, 94.58481136581139, 4524.170657590363, 1736.19747010446, -2143.4590914296214, 2518.2471807738098, 1263.1857612806787, 3261.5136976731114, 751.6024742743036, -1267.9213239249148, -332.7135837029984, -200.0540774913356, -2638.8514641209254, -513.3710366094227, 1389.995109972362, -913.5507644897466, 1087.101903592637, 857.2519309694026, -434.1498063161508, -545.8441837436485, -170.55988661015766, -3315.4601134694058, 1394.9952353641327, -2186.120054442979, 138.85164272601168, -3910.450452137392, 1057.9693241668533, 1130.5379448808246, 2388.747134621443, -2372.6894654153252, -3434.6704322478276, 864.6867083203142, 1333.8596283725287, 4990.349036871264, -2628.256040153195, -2758.9664878301755, -36.61469786565709, -2225.4750733291944, -3534.492742966427, -3538.7065401830214, -52.6138872529404, 72.27569496768132, 2135.390527864494, 154.96305837414255, -4586.518194948489, -248.84713208847535, -1322.825245660797, 874.9752505945542, -1929.2195657881507]"
2.5,1000,455001.1762065701,455001.1762065701,0.026305675506591797,227.09052823451393,"[4, 2, 3, 2, 1, 2, 2, 1, 2, 2, 3, 3, 2, 1, 3, 1, 3, 3, 1, 2, 3, 1, 3, 3, 1, 3, 3, 4, 2, 1, 1, 2, 2, 4, 2, 1, 3, 1, 2, 2, 3, 2, 1, 5, 3, 4, 2, 5, 2, 2, 4, 3, 2, 2, 3, 3, 2, 3, 2, 3, 2, 2, 3, 2, 3, 3, 3, 3, 2, 2, 3, 4, 3, 1, 3, 3, 2, 2, 2, 2, 2, 2, 3, 3, 4, 2, 1, 4, 4, 3, 3, 4, 4, 3, 2, 1, 2, 3, 3, 2, 4, 4, 2, 1, 2, 3, 3, 2, 2, 2, 3, 4, 2, 2, 3, 2, 1, 2, 3, 3, 1, 2, 2, 2, 3, 2, 2, 1, 4, 2, 2, 3, 3, 2, 2, 3, 2, 2, 2, 4, 3, 3, 4, 2, 3, 3, 2, 1, 2, 3, 2, 2, 3, 2, 3, 3, 4, 2, 2, 1, 3, 3, 2, 2, 2, 1, 4, 2, 1, 3, 2, 3, 3, 1, 3, 1, 4, 2, 2, 3, 4, 3, 2, 5, 3, 1, 1, 3, 3, 2, 3, 3, 4, 2, 4, 2, 2, 3, 2, 2]","[-221.86218522880827, 252.68755768930444, 47.80528865141518, -1522.801943331697, 841.2806164244511, -532.8008273452891, 284.62979321590507, -831.5375831307579, -320.8628773586269, 245.2920097249236, 780.4897519791094, 620.8230851992734, -958.5621760621474, -936.1833781748667, 280.98221302412065, -682.4132351059943, -31.008063868162612, 650.172492015388, 128.1916863030189, -445.37115784406205, 405.5143592546618, -53.90178557244646, 201.30921422821055, -303.10787476276624, 154.49814250867476, 1866.5810744307894, 1125.922522548596, -262.1906911395958, -49.761868059912544, 172.3840980163599, 439.29434287065544, -405.0194749093253, -94.90943561180275, 551.833613306483, -646.0516143734279, 375.11500037122, 147.66746783846915, -222.2283856675605, 290.4092677192182, -35.414195747102625, 485.8687313096327, 205.39344563436686, -413.11183826234856, 872.4133399177855, -434.46261222614675, -673.4937476709498, -344.7922112936984, -744.8644049717109, 416.7680560806486, 40.38863980996602, -32.08088509415727, 690.0031353239306, 466.2090148278558, -846.2842935446498, 54.53781198610294, 767.143743742547, -673.5498492230499, 539.7527647439723, 923.0599020004928, -533.3338240885572, -534.2018562378717, 277.1203160202468, -96.03776407527052, -147.88393451490762, -637.2224340609182, 285.49061043536625, 492.3199749224368, 475.38081250561413, 81.68093451839742, -136.32979246296085, 664.32905285302, -484.116679758232, -2161.470997019724, -139.04926982079044, 285.70176496387023, -703.122412604372, 90.28402054199925, -308.79550740108044, -684.6171572192374, -576.6189442761262, 199.89892320609317, 443.10643732625346, -494.08154761426823, -556.1126150139651, 249.4757235173285, -870.6396467433593, -98.03454273874088, -499.6840150703651, 1460.9681855731783, -332.90348579355833, -101.28743982626956, -1052.4703409599927, 413.2026489497261, 1281.9564066691287, 787.4208138514722, -106.05853079537688, 692.7764712283973, 89.35992521736385, 57.34074918516622, -141.12277685721378, 1217.268750269862, 398.06020802412615, -422.4960850314337, -187.58708936021063, 81.71016461925285, 1854.9886896934297, -1046.7629191388571, 394.7237798737229, -151.87214867527152, 410.3716994256602, 665.3560960253809, -355.47357900911, -247.88749940664493, -292.9129155359405, -133.19818365335692, 90.76577370918541, -20.017306664069412, 653.4210725070924, -696.9353895186316, 100.98055966807841, 491.943947911147, 10.139503885439728, -822.5232132445399, -572.4290599374772, -92.93762747178307, -336.8187025203951, -917.2935454086498, -626.6292394025387, 1404.3281828199206, -343.1602626043554, -355.1767856300171, -757.5211482600797, -544.8132321040165, 170.97627976109786, -675.7131798962129, 167.3655157937633, 134.7195886500198, 1693.1741324477293, -191.88920321796243, -426.2943501946152, 404.8279347126871, -400.5146210634462, 247.28207577927287, -393.7398557089712, -415.8658598919654, -1191.9869706795682, -109.07452139299404, -770.0980552653425, 239.84117721730323, -404.53533584110494, 625.6209659705468, -255.62477586857366, -258.0997741976806, -2120.6600536417627, -827.2640746488128, -29.4068999276024, 23.80505297153996, -463.9566077554983, -1722.9357664495913, -135.86587672255905, 158.41008278623588, 383.3167824427864, -483.6067530212356, 145.49411143489357, -279.9440210816095, -159.0618793448891, -645.1154027335077, -281.14677203397997, -505.50186635466895, -279.6642436340244, 622.6748759822011, -464.86832982546593, 1625.1025186193654, -491.51427239918587, -147.13839680608046, -711.5886433080767, 257.6997855459751, 924.1934407987831, -341.308046254254, 1970.2203503093617, -343.2045908590635, 455.5406555104097, -261.29110492675517, 835.8597181989145, -446.75951282719427, 210.45714869316012, 249.20744864822134, 592.0745561813306, 2892.8982521110224, 583.2186634786734, 692.0835381064741, -460.8781807574746, 46.81979190462506, -935.6770775191063, -566.9207673992315, 270.87510833824234, 406.66340395213496, -576.2761040467682, -73.74631018481416, 569.5042023683159]"
2.75,1000,4327496.137658534,4327496.137658534,0.02550029754638672,749.7151557845948,"[4, 2, 3, 2, 1, 2, 2, 1, 2, 2, 3, 3, 2, 1, 3, 1, 3, 3, 1, 2, 3, 1, 3, 3, 1, 3, 3, 4, 2, 1, 1, 2, 2, 4, 2, 1, 3, 1, 2, 2, 3, 2, 1, 5, 3, 4, 2, 5, 2, 2, 4, 3, 2, 2, 3, 3, 2, 3, 2, 3, 2, 2, 3, 2, 3, 3, 3, 3, 2, 2, 3, 4, 3, 1, 3, 3, 2, 2, 2, 2, 2, 2, 3, 3, 4, 2, 1, 4, 4, 3, 3, 4, 4, 3, 2, 1, 2, 3, 3, 2, 4, 4, 2, 1, 2, 3, 3, 2, 2, 2, 3, 4, 2, 2, 3, 2, 1, 2, 3, 3, 1, 2, 2, 2, 3, 2, 2, 1, 4, 2, 2, 3, 3, 2, 2, 3, 2, 2, 2, 4, 3, 3, 4, 2, 3, 3, 2, 1, 2, 3, 2, 2, 3, 2, 3, 3, 4, 2, 2, 1, 3, 3, 2, 2, 2, 1, 4, 2, 1, 3, 2, 3, 3, 1, 3, 1, 4, 2, 2, 3, 4, 3, 2, 5, 3, 1, 1, 3, 3, 2, 3, 3, 4, 2, 4, 2, 2, 3, 2, 2]","[292.71062411781605, -539.5342489286979, 1326.616487163816, -1512.9922900454285, 1184.5259592414507, -2851.2590460620054, -2844.027508730047, -637.3693376322951, 659.5075135431234, -3390.0324572877303, -1533.9432989640288, -5320.896221013664, 289.1032354658519, 559.7237885864388, 1029.2979484389232, 1062.3949268353292, 3247.8220547484993, 276.43686608446785, -230.68257928631277, 1144.3332967770434, -3079.70035830438, 1235.6803963427428, -4166.380652410456, 293.56139497181965, 4377.971944125698, 589.3365614203617, 1815.1625672942657, -21.810605110614745, -3120.7341352354, -1289.7286074504684, 76.44970454356366, -782.2092635166741, -3104.798120592002, 3822.8559455343952, 945.3380525336613, 1474.1722161794744, -2288.205783304724, 1093.3433113167187, 720.7657000678698, -2998.1552445383113, 325.80310446544996, 572.3319443447888, -920.2417356864014, 65.87252412067375, -758.2318746912192, -546.228931623891, 1346.21841075943, 298.62898195237847, -2665.6975340748863, 1418.0459854068426, 2010.5156036114565, -2669.850023262206, -4604.413772415197, 1284.4469190221528, -2751.5557550915805, 239.4429661663151, 842.3280425072433, -3118.366341557045, 1267.7453387153087, -1901.9035956314551, -378.37126275942586, 253.99780597857824, -469.0282417614316, 1523.4823461518606, -868.4010640981285, -1934.1679322700547, 3056.6505162982307, -2572.070877784046, 3084.8430958750823, 437.2595778025607, -2134.0182326586796, 180.58914173183604, 780.7116172065923, -2974.1941651543452, 4541.672834242651, -1960.7565922964548, -3398.9307752349464, -1741.843969719943, 1354.6229076057964, 1542.5337715713915, 867.4522579502791, -1237.3941147613457, 171.1303653397793, -54.49607406096669, -3103.4190049617205, 792.4037404005439, 1274.471683777173, 985.7960734802887, 2158.6540821085528, -2496.2890347978023, -2930.299397584074, 3006.7495219294938, 3090.4903100310426, -207.29009209214558, 701.3792721028856, -2210.3341162012416, 554.3270638808899, 1923.4548427694965, -1128.5599356965743, -373.34954466906487, 5.597402705227125, -2083.3925592833034, 632.543486723478, 337.16770693931556, -1465.3176135469998, 5133.083938561014, 1478.4408948715427, 4997.807363833135, 5949.3857901394, -333.56441855146744, -1577.8898853827038, 1373.2009760852159, 262.8040958173403, -2318.606217432105, -2398.755476569661, 818.231417538326, -4172.851833290226, 468.82073839383264, -1045.9711807060526, 228.67133922970407, 30.172379183190912, -1001.9753767618881, 325.5584273268035, 2274.904705525046, -1896.5738698614286, 1194.0645488657653, -1287.7195876929634, 868.2171702210321, 1228.7574441390298, -1272.0177454132306, 339.32830865542354, -992.7182290965059, -171.33695900769357, 457.43813485524794, 1346.7965952286745, 296.19041494410686, 2491.159094394249, 1912.8743165071658, -2570.3278949729283, 3102.6544164162997, 412.7616168255665, -2532.098201431824, -1038.6608018206389, -2538.0530043274603, -669.9854850744764, -2859.332982614375, 558.4484646389169, 1139.4670900274207, -183.67352280702477, -1947.9825143420694, 1288.9877526574494, 1327.89230951629, -412.98781180225825, 507.33124507327676, 917.203047651521, -2277.708457534725, 2307.2969915203316, 803.2476628381905, -331.0308908625099, 847.4267491423107, -1132.300491563526, 270.7975983834503, -713.1335499272941, -2866.877079175611, -1062.1532708090035, 2063.7951410885335, -2851.240507555865, 1435.42149918494, 181.16846164956593, -602.1017144097575, 453.39041542726926, -584.4586251649953, -1089.48619841489, 1475.1824277563512, -2754.807829728618, -657.8901338272292, -4428.408086453786, 1806.1750893664664, 1343.155940698817, 5011.482536821655, -3709.757884268472, -3719.9797199225327, 982.5327952413284, 1557.8249986385974, 5047.419174007625, -2633.6867156847375, -2812.892396447149, 1070.824092676571, 2620.0105888674498, -3541.9138175226913, -3202.1663685961676, -297.6750356133959, 131.13152675030295, 860.4532740046052, -1064.4556868256923, -5678.795206170651, 540.5674653760893, -2402.4707245134146, 513.2328620248188, -1348.4937230713583]"
3.0,1000,675586.92596617,675586.92596617,0.029551267623901367,270.9836028143102,"[4, 2, 3, 2, 1, 2, 2, 1, 2, 2, 3, 3, 2, 1, 3, 1, 3, 3, 1, 2, 3, 1, 3, 3, 1, 3, 3, 4, 2, 1, 1, 2, 2, 4, 2, 1, 3, 1, 2, 2, 3, 2, 1, 5, 3, 4, 2, 5, 2, 2, 4, 3, 2, 2, 3, 3, 2, 3, 2, 3, 2, 2, 3, 2, 3, 3, 3, 3, 2, 2, 3, 4, 3, 1, 3, 3, 2, 2, 2, 2, 2, 2, 3, 3, 4, 2, 1, 4, 4, 3, 3, 4, 4, 3, 2, 1, 2, 3, 3, 2, 4, 4, 2, 1, 2, 3, 3, 2, 2, 2, 3, 4, 2, 2, 3, 2, 1, 2, 3, 3, 1, 2, 2, 2, 3, 2, 2, 1, 4, 2, 2, 3, 3, 2, 2, 3, 2, 2, 2, 4, 3, 3, 4, 2, 3, 3, 2, 1, 2, 3, 2, 2, 3, 2, 3, 3, 4, 2, 2, 1, 3, 3, 2, 2, 2, 1, 4, 2, 1, 3, 2, 3, 3, 1, 3, 1, 4, 2, 2, 3, 4, 3, 2, 5, 3, 1, 1, 3, 3, 2, 3, 3, 4, 2, 4, 2, 2, 3, 2, 2]","[1017.1341669262333, 124.9542867708015, 9.413916361180881, -642.9306987308139, 391.4097173814851, 174.95668465388604, 283.9610951139646, -144.22467311748386, 456.657278180743, 763.4360530491538, 845.8083515783308, 876.0907873024813, 636.3892576629529, 399.15036108646603, 535.3044404959296, -11.550365803880581, -1609.473243253546, 1111.8430990783652, 1251.5871120851948, -50.86584297046984, -552.6364062258185, -76.73284203817538, -149.4745468591007, 724.9848533632041, -439.801943176145, 1.891169576546801, 167.68663992445255, 1181.1572373343408, 778.8406530606178, 542.9965113339431, 1022.6842739439605, 10.619991857185525, 700.3542626647841, -467.5007540867579, 156.8273912478054, -50.23421755637726, -229.1294702197644, 25.939545760076342, 514.4193047819075, 375.68358720444024, 807.7541487166507, 549.1508712369921, 132.09496287812362, -1585.0989840714903, -304.8888703418053, -236.91813503328132, -216.00279054641697, -428.8246836199875, 1799.8131422585316, -106.90082338872513, -721.6669344113013, 423.5117237014901, 217.78871823229014, -146.82385370503562, 296.6804553083689, -138.8330174239142, 270.3129750312136, 800.7232737720524, 625.3250217334673, -583.333818092402, -366.3610484505453, 1019.8393994289211, 1431.6523387184109, -286.4069463189807, 54.397223293610224, 1233.5846770742958, -2529.5516517149726, 1724.9188858146747, -2595.5574811201986, 620.8847041986052, 54.22474501761019, -1163.554647848617, 489.4726518991601, 424.8850406142987, -2077.9228489445277, 1185.6999119815573, 749.4521644378896, -778.9328511448989, -271.4549740711311, -228.33048991720767, 286.21227006625344, 534.734843885408, 806.7762311786263, 1269.529391360324, 509.42096041808594, 201.71031259691085, -117.42404097907404, -940.4342315563003, -220.0857394558695, 99.6795001760368, 602.396869435308, -656.1974115492251, -1025.571032415423, -1028.607579693988, 575.9609189548016, -334.13314593567026, 752.4850885736071, -286.0561493900654, 442.839876630917, -281.2674128921472, -1056.6135933880469, 1644.2853017111977, 662.3625280954765, 702.5608271326116, 863.9485662301967, -1491.5822357145357, -296.39035895164096, -1066.8897379434225, -3534.5981038300747, 1382.8259029077326, 868.5893181505102, -165.19756656191413, 811.1774437347003, -213.26530283821353, -85.46525686815126, 314.52581193302876, 1421.3700060804183, 704.3678802352254, 237.75353197246267, 839.6891335913322, 1071.2281603997696, 264.4677900147997, 793.4568110816654, -632.4495801959665, -433.2254821003985, -79.71479534962545, 421.3881620215472, 168.81976157888454, -249.98242941089364, 454.4641309230694, 676.9763774197755, 181.8923685141237, 551.5383493692167, 646.3538990300256, -263.24534621463397, -451.71305073976606, -335.7498929619989, -902.0337683662293, -26.461747185162224, -1154.9210423459506, -343.958458954926, -89.88187310620226, -562.2368335214607, -83.63541712843274, -73.57861927162902, 208.21530555839018, 517.0782800862153, -92.39735317329767, 1225.5936824387338, -609.3341492991165, 327.4193120601446, -127.87339506239, 203.30906582967992, 966.9345444595156, 148.04550435574725, -263.4589583014778, -1930.040659822533, 334.62545180622084, 1614.6171249366496, 349.8954801362198, 401.17594084255575, 842.1356763904021, -61.83889748494114, 284.61176050776055, 370.269960392012, -530.9241252788848, 431.4671585531224, -286.2568225496448, 796.2464911018149, -131.67277385720445, 730.7575597089503, -173.49800911224128, -196.4755642710104, -351.28318000782565, 143.7355804623782, -143.10604048532264, 201.58494767394137, -1357.7388616800881, -212.79032747213546, -2405.6774339078916, -98.01436528893835, 1086.225376725064, 118.85928945406799, 395.616625809901, -2774.999368735941, 86.63630150582507, 251.3010538587696, 474.24801041796735, -768.2025770061413, 946.0742530601951, 659.6408046341036, -427.6915719141023, 918.6882039634374, 302.31807675552665, 408.7263550310847, 1178.6539943739954, 605.7891306678823, -136.54526817860454, 850.9920745774, 651.2758654135081]"
-1.0,1000,0.6167916877178123,0.6167916877178123,0.0020325183868408203,0.35200295383117736,"[4, 2, 3, 2, 1, 2, 2, 1, 2, 2, 3, 3, 2, 1, 3, 1, 3, 3, 1, 2, 3, 1, 3, 3, 1, 3, 3, 4, 2, 1, 1, 2, 2, 4, 2, 1, 3, 1, 2, 2, 3, 2, 1, 5, 3, 4, 2, 5, 2, 2, 4, 3, 2, 2, 3, 3, 2, 3, 2, 3, 2, 2, 3, 2, 3, 3, 3, 3, 2, 2, 3, 4, 3, 1, 3, 3, 2, 2, 2, 2, 2, 2, 3, 3, 4, 2, 1, 4, 4, 3, 3, 4, 4, 3, 2, 1, 2, 3, 3, 2, 4, 4, 2, 1, 2, 3, 3, 2, 2, 2, 3, 4, 2, 2, 3, 2, 1, 2, 3, 3, 1, 2, 2, 2, 3, 2, 2, 1, 4, 2, 2, 3, 3, 2, 2, 3, 2, 2, 2, 4, 3, 3, 4, 2, 3, 3, 2, 1, 2, 3, 2, 2, 3, 2, 3, 3, 4, 2, 2, 1, 3, 3, 2, 2, 2, 1, 4, 2, 1, 3, 2, 3, 3, 1, 3, 1, 4, 2, 2, 3, 4, 3, 2, 5, 3, 1, 1, 3, 3, 2, 3, 3, 4, 2, 4, 2, 2, 3, 2, 2]","[2.621336988901363, 2.403421355362417, 2.231195669472547, 3.455884131833095, 2.226905042934417, 2.550272515648281, 2.428892244204461, 2.4381069024415214, 2.2774842008051266, 2.5237021947360803, 2.282031675334639, 2.643644169667594, 2.380171579603356, 2.3327564885235095, 2.497644804853501, 2.2134803063992434, 3.723864713359358, 2.3515911172585766, 2.3051175041141865, 2.165263898336092, 2.824667628400734, 2.092805251705384, 2.568569040627307, 2.283061726494765, 2.685241918827977, 2.5483070014145355, 2.3396181453867166, 2.654544996171527, 2.7805739043970727, 2.3316332273626204, 2.2092930819463534, 2.333788618310501, 2.9837315275206926, 3.5210232168597524, 2.278698098489485, 2.1452696937986104, 2.358406181310835, 2.1407651516269004, 2.2891708653501683, 2.5010842668794977, 2.161787671098326, 2.162834657851085, 2.3574846029200973, 4.250940680306084, 3.8797484751954463, 2.3347908064582423, 2.1175568937654843, 2.9866526202740404, 2.5200471788811005, 2.1521629978711156, 3.8314097449770017, 2.5467984714130187, 2.549558222397717, 2.3644113608408643, 2.6295596193154194, 2.5096327802570464, 2.411098113310095, 2.6420224477619816, 2.458704294718729, 2.5585991854520747, 2.2869392902585437, 2.358627487843881, 2.3769518605072246, 2.1111780510925406, 2.3819869624200165, 2.615723636731672, 2.571681805144805, 2.496162606595542, 2.6600764122699054, 2.2351076070384126, 2.6125094894888083, 3.5760705699262942, 3.357313636429767, 2.6754562429053697, 2.7141137145594407, 2.8958636297561338, 2.5479466009780736, 2.336444336250322, 2.16615698020387, 2.3066814850008535, 2.115523615144184, 2.28329109418216, 2.331106165719299, 2.6481464080556596, 2.4763550241219066, 2.2851802669772283, 2.092969994962547, 4.442373885559118, 3.7764147216360024, 2.682652595396681, 2.757100467696276, 3.6966195409896754, 4.104630383987809, 2.6245015904125144, 2.10768665013372, 2.3830190922070082, 2.197059251255918, 2.3800312290219185, 2.3737504227551174, 2.2935349919736305, 2.9253817427760866, 2.8156791472948717, 2.7344654105059236, 2.2589647221144435, 2.5280322836394498, 2.7210018541710843, 2.460084487128503, 3.936024014942964, 2.334413832523598, 2.2803983771706315, 2.306127234598669, 2.1988146947230627, 2.3777803534722626, 2.525972913759439, 2.5807712949329136, 2.1395967751057055, 2.690353004684047, 2.113830661409392, 2.4849359988654065, 2.234221750752089, 2.2090965461307905, 2.3085730939210216, 2.680302439170095, 2.4715209255102892, 2.484367586089783, 2.141192906049007, 2.5567559040955357, 2.2369378468208403, 2.9324564118381344, 2.404555033764563, 2.2832560946358913, 2.4851621595649327, 3.7477670986569964, 2.186628910368462, 2.1661237425291793, 2.434139997280621, 2.5810665380102846, 2.6153984021039993, 2.454336819526049, 4.226093027060211, 2.534651046272818, 2.478781374374332, 2.980887401447383, 2.478756084839241, 2.349693508804639, 2.876775996423163, 2.211340089172417, 2.213807625239133, 2.281034950896774, 2.384133276867294, 2.293063605730036, 2.15891179031453, 2.7753737702329313, 3.648146631774787, 2.356277332834112, 2.3827329591814093, 2.7627569383129824, 2.386649945671085, 3.4328850181414907, 2.2848566525265737, 2.308019614381606, 2.1858362640829023, 2.3340819769175547, 2.453077400678527, 2.4777356075810846, 2.230639223430109, 3.0885115263066565, 2.0936535349681438, 2.3311487966498805, 2.2859891262972756, 2.1534756125599976, 2.310346251609959, 2.717883766048722, 2.118104592839736, 2.4778355457619363, 2.358598787580383, 2.752302602445005, 2.7120643234853694, 2.117543887718866, 3.6486738310178044, 3.1627929331168536, 2.546583133757607, 2.164576745539768, 4.292378859454328, 2.5248408310353057, 2.405503346806682, 2.4290244723450787, 2.314697036566211, 2.8384712351288637, 2.4987749710466356, 2.427371259308286, 2.2629998035539307, 2.258089704200302, 2.6097275016245787, 2.7296947660911832, 2.8186739548336215, 2.138417560212329, 2.60018558183546, 2.6425539450179634, 2.2828192637131806]"
0.1,2000,851494.2117317921,851494.2117317921,0.024533987045288086,321.26788861974126,"[2, 1, 3, 4, 3, 3, 3, 2, 2, 2, 3, 1, 2, 2, 3, 3, 3, 3, 1, 4, 3, 2, 2, 3, 2, 3, 3, 3, 2, 5, 1, 1, 1, 3, 2, 3, 3, 3, 3, 3, 2, 2, 2, 5, 3, 1, 2, 2, 4, 2, 1, 3, 3, 3, 2, 2, 3, 3, 2, 4, 2, 3, 3, 2, 4, 2, 4, 2, 1, 1, 3, 5, 3, 2, 3, 2, 4, 2, 3, 2, 3, 3, 2, 4, 2, 1, 2, 2, 4, 3, 4, 2, 2, 1, 2, 2, 2, 4, 2, 4, 2, 4, 2, 2, 2, 3, 2, 2, 3, 3, 3, 2, 2, 1, 2, 2, 2, 3, 3, 1, 4, 3, 2, 2, 3, 1, 1, 3, 1, 3, 4, 3, 2, 3, 3, 2, 2, 2, 4, 1, 3, 3, 1, 4, 5, 2, 2, 3, 2, 2, 3, 3, 1, 2, 3, 3, 1, 2, 3, 3, 3, 2, 2, 4, 2, 2, 1, 2, 2, 3, 1, 3, 1, 2, 2, 2, 4, 3, 2, 1, 3, 2, 2, 2, 2, 2, 2, 2, 2, 3, 3, 2, 4, 2, 3, 1, 1, 4, 2, 3, 1, 2, 2, 3, 1, 2, 3, 2, 3, 4, 2, 2, 1, 2, 3, 2, 2, 3, 3, 3, 3, 2, 2, 1, 1, 2, 2, 3, 2, 3, 2, 1, 2, 3, 3, 3, 2, 2, 2, 4, 2, 3, 1, 4, 2, 2, 3, 3, 2, 2, 4, 3, 4, 3, 2, 2, 3, 2, 3, 2, 2, 3, 3, 3, 1, 2, 3, 2, 2, 1, 3, 2, 2, 1, 3, 3, 2, 3, 3, 4, 3, 1, 3, 3, 2, 2, 3, 3, 2, 4, 2, 2, 1, 2, 3, 3, 2, 1, 4, 2, 1, 2, 1, 2, 2, 2, 2, 1, 3, 3, 2, 2, 2, 2, 2, 1, 2, 5, 2, 3, 1, 2, 2, 2, 3, 1, 4, 1, 2, 3, 2, 2, 3, 2, 1, 3, 2, 2, 2, 3, 3, 3, 3, 3, 1, 3, 2, 1, 2, 3, 2, 2, 3, 3, 3, 3, 2, 3, 3, 5, 3, 3, 2, 2, 2, 1, 4, 2, 1, 2, 2, 3, 1, 1, 3, 1, 4, 2, 2, 3, 4, 1, 2, 2, 3, 1, 1, 3, 3, 2, 3, 3, 4, 2, 5, 4, 3, 3, 2, 3]","[-56.20166773029058, -2054.0538682353617, -1533.1196058577827, 711.7306479467316, -181.3164293639757, -556.1666296455494, -260.89576617883574, 595.4613549706396, 565.8905298222805, -204.61168474206406, 457.02778899397725, 715.9497706958446, 177.39401897584042, -548.3957253212034, 102.28015604138517, 180.92735064692755, -0.9798033055118367, 802.6819975706342, 811.9432041971309, -1987.7953811677219, -177.67921162501543, 373.81869156605916, -310.6564187807285, 1871.77321143108, 778.9716521453863, -173.79022983906032, -1018.4201209203277, -229.42446925364305, 180.72606815454355, -1412.170997647638, -421.8419343993065, 458.1555033695126, -349.0157955342042, 775.7672748507425, 181.48040190440514, -35.19595924079937, -761.5104932095219, -1181.3216928155477, -493.0512347978882, 383.1740983262246, 42.91201057853078, -587.9648971550685, 913.0138345901564, -540.3578821858728, -1234.2179735274594, -186.34954072979457, -607.6518669384077, -1301.7152892013992, -550.5243156848609, -522.2370099613872, 600.4170912818156, -261.74031290332385, -434.8131711686139, -851.4518295324399, -855.0016573002877, -563.618406628462, -889.3015211610189, -609.8941229416232, -865.11370507427, 0.1483299725301208, -679.6054602551062, 186.16854814390263, -941.0307665464693, 140.08191118368075, -82.73695792532476, -63.372629885696966, -419.9845207975902, -395.28584523513393, -289.62810145761216, 514.1190321690974, 437.16936338011016, -981.3486438349132, -588.2518155232302, 642.3022770789466, -1171.2841475887467, 242.06602687486253, -441.02136977376944, 411.5261622760575, 257.74444428580927, 30.300025796181444, 241.4523331570232, -1478.4572173827673, -557.2294078845541, -1061.0562521673387, -1609.7668059769585, -650.082771473481, -311.2331196001194, -202.9182014870667, -1557.3832491777177, 435.58707226171174, -427.4112120493761, 356.3081478538774, -708.8771323796491, -178.14791772544717, -114.62009475321142, 226.5417443617112, -738.8668461874927, 1125.9465448281012, 95.97731978300902, -1976.3621750499055, 454.2400582143395, 2526.2999230916657, -1084.6469581021868, 1288.0388185899171, -56.62419090423924, -467.3006506609692, -942.0917323015244, 195.20766650813778, 474.6424323461403, -138.68013799380012, -27.79587996434526, 494.4377417720597, -1477.97606807014, -27.765878731267776, -365.0776617529202, -1488.4486121601878, 224.18830147374393, -1164.8463258579936, -300.01949255640704, -84.81415103204841, 2365.7110361516484, -114.38590658135132, -579.3529117240519, -1662.3559481409616, 46.63616428889742, -94.2787065676875, -840.8338678250248, -453.1801997151004, 977.2198591490126, 193.7567213919304, -2539.2254382857427, -1179.0935680827981, 527.1677509814419, -185.73208184678427, -908.690394167458, 436.92398837774834, -502.6872780500304, 32.933301300839105, -2120.990549186711, 665.9616113499676, -2094.2342737886834, 886.6346794374642, 3060.766723219711, 565.5191704061319, -2261.9562711156673, -978.2996845847413, 720.9724617329794, -643.6294035518433, 2043.2046362801364, -26.14300520908975, -1733.9469929922047, -2225.4415702871715, -43.83198554697478, -1221.7716683432618, -330.5438779205065, -1024.7153814165017, 364.4052791305523, -542.497494424618, -1497.528537189819, 752.8198751853163, -921.5561099453921, -332.32405611639535, -109.16809193941077, 41.043783616959104, -450.1089936786706, 767.5891113004122, -67.38932146797953, 207.52915111990438, -1309.701702998849, -647.6822443962395, -1076.9165115752535, -368.93070880663385, 960.6877689931393, 670.524390832471, -451.3581679159163, 573.6404476334621, 1565.0612470177778, -926.7576754949166, -2273.1595675825356, -362.53333513828505, 109.06211161396578, 874.3633846667196, -154.27618882927948, -580.2186200710912, 825.3960681063556, 152.76032743283815, -502.55219764184545, 345.25471548221816, -1033.3147224299735, -861.9634276864813, 176.60961301553147, -248.5416440877708, -121.6547113272104, -561.801342522519, 791.5866029306683, -88.29772435537205, 403.62480097640713, -1849.4697218502115, -698.2240390964257, -715.0852377256138, 0.5402443962973962, -137.9726733678055, -1214.7849410162141, 68.90883718173012, 83.40922367353772, -1446.0806704350439, -541.2896623478232, -1183.1524437439407, 367.2051507186548, 581.632360086214, 583.4293163082443, 64.2457534337745, -246.58896317328737, 423.5491520525324, -2466.618404608687, 759.6433546044807, -1241.4908116386673, -190.46546921511322, -395.4304253590301, -832.5329045600702, -37.17759319344191, -751.3811629506107, -2516.613421630278, -286.76997438640876, 314.954602658993, -382.3421157332488, 467.7582378126273, 622.7241559881925, -1110.2138931841953, -1781.715135048449, -1649.3842768949273, 587.9962832529682, 1366.7316844926509, -682.4253558887665, -935.8003135132774, -2470.376417976493, -2068.1630651350365, -1187.1204101871558, 415.3705046486188, -2496.6347996513064, 322.3061193150149, -195.0221907721395, 317.7116451028689, -834.7050911577703, -1266.418796694683, 355.4663154678918, 526.1422121090611, -1174.4745160071395, -1225.7144051124515, 1370.8589270905275, 458.8457271961776, -909.1331437338943, -1562.4515542676406, -1709.3937273442054, -708.3176345151994, 177.03740323510334, 438.84632444238474, -438.18064758170954, -666.2408076301992, 783.245851704731, 233.0883152606546, 3.5568326494228586, 166.59729088601023, 237.05923397759904, -459.2122385135033, 92.16457189684229, -604.9525428584242, 166.59689807946592, -252.84511271278257, -584.5179618352834, 801.6960381026952, -756.2824072672397, 520.0847534731436, 396.9911674675922, 75.75897085245452, -1226.5754708035197, 13.064974504042482, -477.1003771283944, -1492.7345893920115, -959.0676048091684, -106.56840658516327, 863.5777587945902, -1788.2073309125287, 76.84124211936336, -240.5639494195297, 52.70562598570842, -1478.6996125221388, -2397.6295383584934, 433.0267771178339, -31.2076801188079, -152.38861445931934, 938.0579827767829, -507.8661290870178, -100.46107754192812, 973.0498437115955, -505.4052421976487, 474.44371923600323, -951.0146198960952, -1533.8574212290625, 1871.42337808032, 398.87317618742196, -92.96244063135742, 3.9206274008222977, -667.6911641165809, 571.1263654945715, 778.3039872553716, -1031.3387217102884, 223.09025857457448, -77.6605686175871, -347.18080400882025, 209.50216087914606, -402.99168559043994, 430.0745287240963, 639.8032401949195, -23.72444132854298, -2151.28603780261, -144.91482361243916, 275.73280382578724, -771.0980142045631, 131.44430548424617, -1806.7101357989584, -186.11236159749106, 601.2776384331746, 233.1906911947127, -976.9616251016982, 603.7099617901586, -821.9515083712408, 11.00995103477527, 701.781140021026, -978.4797105187661, -199.0839425715664, -721.1032743929113, 1251.8372241312488, 398.0548793908982, 450.72879671190657, -664.6538977427691, 1975.0923478175307, -1094.1269378954025, -472.83297310023164, -2798.2823540018335, -1148.4264263050634, -1066.6543465599862, -809.0460921570948, -485.45212579579027, 333.1585989510019, -1220.8194737802723, -1206.0114285242296, 20.612912228748485, -100.59625819336117, -557.2701659481734, 1026.4850654909142, 510.38768558801047, -1061.2931691257575, -1108.3580424399906, -683.3496582490999, -495.1787110604175, -418.79021542008053, -705.9907120199898, -1135.624880936288, 271.17713272829457, -161.5705378389663, 433.20159043933376, -905.4285470590285, -848.766272762658, -513.201815392189, 238.04758794239126, 424.71883676641943, 833.2689268421561, -478.99067425862023, 194.53066142329465, 943.1292364343497, -1283.2358496791226, 132.51499449401211, -503.00946185280276, -45.17898525092693, -560.5980276646562, -1396.0983250531237, 99.97335276382142, 695.7985784154512, -1419.0052964116421, -2342.032924540967, -327.78434209897387, 454.0181786770194, -2080.432553982527, 424.82199029974794, -582.9887111506819, -704.0871640935668, 195.12293845960988, -1871.3809168597538, 352.00621151364743, -630.7820821620985, -781.5619401275035, -5.032835975729938, 965.0856202123989, -1478.4893148902431, -348.3575254528038, -228.5406298863433, -1119.796310468003, 963.5912321845749, 423.94044297390104]"
0.25,2000,510223748044892.6,510223748044892.6,0.03489422798156738,7292925.362107737,"[2, 1, 3, 4, 3, 3, 3, 2, 2, 2, 3, 1, 2, 2, 3, 3, 3, 3, 1, 4, 3, 2, 2, 3, 2, 3, 3, 3, 2, 5, 1, 1, 1, 3, 2, 3, 3, 3, 3, 3, 2, 2, 2, 5, 3, 1, 2, 2, 4, 2, 1, 3, 3, 3, 2, 2, 3, 3, 2, 4, 2, 3, 3, 2, 4, 2, 4, 2, 1, 1, 3, 5, 3, 2, 3, 2, 4, 2, 3, 2, 3, 3, 2, 4, 2, 1, 2, 2, 4, 3, 4, 2, 2, 1, 2, 2, 2, 4, 2, 4, 2, 4, 2, 2, 2, 3, 2, 2, 3, 3, 3, 2, 2, 1, 2, 2, 2, 3, 3, 1, 4, 3, 2, 2, 3, 1, 1, 3, 1, 3, 4, 3, 2, 3, 3, 2, 2, 2, 4, 1, 3, 3, 1, 4, 5, 2, 2, 3, 2, 2, 3, 3, 1, 2, 3, 3, 1, 2, 3, 3, 3, 2, 2, 4, 2, 2, 1, 2, 2, 3, 1, 3, 1, 2, 2, 2, 4, 3, 2, 1, 3, 2, 2, 2, 2, 2, 2, 2, 2, 3, 3, 2, 4, 2, 3, 1, 1, 4, 2, 3, 1, 2, 2, 3, 1, 2, 3, 2, 3, 4, 2, 2, 1, 2, 3, 2, 2, 3, 3, 3, 3, 2, 2, 1, 1, 2, 2, 3, 2, 3, 2, 1, 2, 3, 3, 3, 2, 2, 2, 4, 2, 3, 1, 4, 2, 2, 3, 3, 2, 2, 4, 3, 4, 3, 2, 2, 3, 2, 3, 2, 2, 3, 3, 3, 1, 2, 3, 2, 2, 1, 3, 2, 2, 1, 3, 3, 2, 3, 3, 4, 3, 1, 3, 3, 2, 2, 3, 3, 2, 4, 2, 2, 1, 2, 3, 3, 2, 1, 4, 2, 1, 2, 1, 2, 2, 2, 2, 1, 3, 3, 2, 2, 2, 2, 2, 1, 2, 5, 2, 3, 1, 2, 2, 2, 3, 1, 4, 1, 2, 3, 2, 2, 3, 2, 1, 3, 2, 2, 2, 3, 3, 3, 3, 3, 1, 3, 2, 1, 2, 3, 2, 2, 3, 3, 3, 3, 2, 3, 3, 5, 3, 3, 2, 2, 2, 1, 4, 2, 1, 2, 2, 3, 1, 1, 3, 1, 4, 2, 2, 3, 4, 1, 2, 2, 3, 1, 1, 3, 3, 2, 3, 3, 4, 2, 5, 4, 3, 3, 2, 3]","[29846187.310963072, -2237268.268104227, -28401002.47728431, 4789183.904224455, 17879195.764953047, -36969311.778490156, -22916934.5546343, -3554949.130990622, 49326290.672904484, -30164368.210540123, 10969261.423558071, -2319662.6468737763, -25138797.516425267, -26711543.947431672, -13691395.91709237, -4723389.063378243, -13736456.852692548, 30923645.737055555, -12940204.036648966, 20538487.0929945, -5537796.363345165, -34453773.48991797, -16441186.361074906, 29430967.578971013, 1195777.746918647, -27952448.67902265, 3105766.286261155, 16273313.064095864, -24899671.08058554, 72226665.7330392, -17629337.97082667, -16124251.640311668, -6125092.442804735, 7340915.021733625, -8007544.480594251, 9030919.803744325, 12477160.63866553, -9945163.048721513, 4145127.0146766067, -15801808.506405229, -17951985.20181365, -1142995.3936273674, 2396396.7696688995, 60924515.432097815, -13741295.217677174, 2526618.8124579047, 12308629.618284617, -10166283.401589807, 26292527.577199116, -13159543.91981425, 2504229.1704169516, 4133702.7341246433, -94380.37792692287, 2627742.26510717, -3028821.307783961, -17757158.274687417, -2838099.653190378, -10997243.38029535, 13020275.674094371, 14173509.786025656, -30424359.41832062, -45842631.85828866, 10589231.43414024, -931680.9047832321, 13228022.720469736, -15498645.44518897, 36054879.49135189, -5676674.679476609, -1892229.47268127, 9073317.941890117, 6862709.579318812, 86311828.64673072, -1059143.2072267146, -193383.27332061948, 20480446.612533223, -3659582.075085375, 3056519.777048296, -5012323.421074665, 84254962.3212455, 5949787.348575514, 4605989.4916099645, -22236954.286459584, 9586193.514698723, -9733239.866462441, 1402204.1918212422, -15543327.708764648, -16482573.628816396, -17128286.60586711, 1791510.387611371, -15028419.465992892, 94017340.40785606, -3879925.9114596522, 12397473.315739915, -25397483.068224456, -6414130.512094064, -21611682.587789297, -11868117.965712821, 79479867.64985918, -6812341.088548847, 350262.67497680197, 3484001.3801833712, 50701299.201129615, -16579649.222595848, 34619678.06857506, -48056656.24921549, -2425863.127364258, 5723503.069791442, -23860390.80174365, -15595619.013561673, -12518204.837995457, 824220.8289442959, 874676.5541092991, -5977748.705583995, -23024224.79279862, -21974612.82543623, -16776167.085476913, -4942587.3750716, -5166363.695914308, -15677821.200509623, -61214189.41927963, 44334892.58629481, -2355719.573054082, -20241618.970499326, -29256727.6021888, -5975946.229078354, -27797556.338983934, -20813694.72609486, -9831496.50219186, 7004179.244888246, -19130979.446283575, 45180814.29748462, 7052731.01327581, -20916679.09802069, 10989926.807345837, -5202888.940010419, -23351470.609090216, -23095463.6790459, -1830121.6403445578, 10023378.59636021, -15333448.87225545, 28672167.522618216, 839068.570368275, 35282995.929246515, 33184346.27739082, 73434952.15542997, -3794166.945558459, -11385563.388247656, 65129621.222554825, -33756252.03613039, -22571971.21398462, -4521600.389754437, -25944059.8385369, -7339226.835267492, -26600746.295447063, -9449425.663662214, 1293779.4357456402, -11717826.304920608, 5212500.439023666, -15799938.657984221, -7102305.495831227, -103903.21029609465, -18952457.135035265, -20447105.98781165, -639691.4085477262, -28076935.52465387, -8040092.579143787, -17448828.36920585, -13885562.389019176, -19158428.706507903, -6616269.671801187, 20906822.540776268, -2157428.5785345184, 5817744.236298835, 11878843.235949304, 346112.86157868756, 3633843.6608302095, 49064476.45018795, 38435698.29470476, 29034587.97840341, 5092823.8456733, -7501157.934503406, 9703543.315309573, -20696256.303498436, 23217377.224817485, 4527452.800108684, -16553140.544510072, -13374706.479393965, -4673181.8765049, 2304497.253022908, -24925177.75091068, 68314543.13678709, -20402479.342749517, 5193722.679128319, 5187352.460347438, 5424942.444232035, -21664800.6727026, 11195424.753812714, 26436526.16690653, 7886627.986398274, -1742421.3832083256, -20720229.84359604, -8391760.70743948, 4491318.998607967, 10798533.690783188, -15045679.289300052, -15905896.618889047, -7399940.207990207, -28542393.846986197, 13630713.15190734, -2885472.2143076602, -21256426.744593292, -6374106.612789318, -5052207.16271797, -7473332.06876546, 15410869.896617725, -11980354.447644096, -14263234.64975042, -9443467.870373635, 39675079.25284227, 31658951.19329379, 16497616.872047538, -14394069.640859125, -1484549.5995432897, 2111029.533880642, 1571308.708908644, -4747760.447945364, 34981560.185711846, 6329223.491240216, -17302670.68557225, -10329390.282336384, -31458411.929482833, -4090684.318977702, 14749699.151896289, -7481774.6588048525, -471585.35138473613, 27845191.837965537, 5176856.20397469, 1381529.8080106, -16479273.129597386, -160154.29190993356, -14739096.850049464, -10824029.578716049, -13440967.451234061, 53112954.9884176, -842069.0050028204, -15729366.245642373, -24222933.915817972, 13360336.632725237, 13753809.886761103, -44341024.61389587, 38656100.18279452, 14482047.043814588, 18226133.13951331, 8647532.95516413, 10427842.271379432, -15117540.053011462, -23213513.04995191, -1691314.109949077, -9911777.311779596, -1212950.5318663202, -15102550.000220025, 15534866.367866628, -28781328.551763754, -12437893.1633391, -18683384.95531935, -5998350.960726634, 22554137.370801006, -25913659.140252072, -11377289.886604289, 12676780.31870029, -24592435.783462245, -12748100.420636605, -12670211.686139535, -21504094.05629559, -880859.9588162224, -3094895.278897602, 6790866.597815461, -13175996.361558767, -12399703.417916873, 6005030.080318715, -1794692.1658916469, -1151411.7928378144, 17293077.14207597, -15517034.28302259, -19829955.47232556, -11545613.709908014, 2997698.1886707754, -1364598.123376423, 51697337.881022185, 87147278.65284123, -23548851.775771186, 9897231.564071747, 4709782.05740669, -11130656.70732564, 15014529.327177724, 543065.849345311, 6561783.291882893, -11610299.043818804, 9154252.82010576, 27391138.853212383, -14675155.106775746, -3227062.943907212, -20750224.359668914, -19522472.869073972, -22139355.123078436, 84681527.10173161, 9237447.29121263, -13440384.75974411, 8698891.240981657, -19062379.984702677, -1283368.2122605839, 8530339.964126067, -48882386.70955358, -372728.10020041326, -4268342.801524887, -3784253.7721147067, -14593495.153289968, 32306036.56861789, -14181206.373931715, -3179418.169000625, -12731547.741897985, 915785.612929015, 6960391.1266075615, -3751346.3579917657, 4993445.024897393, -19800974.495684184, 35950388.724282384, -11822459.249015361, -12762839.686978389, -11890295.18976768, -10061977.593843697, -19968580.91917978, 65155197.64513017, -883947.5855061538, 516544.9868882736, 6497664.72550722, 16301916.569391469, 32984143.53953487, -9614034.649959842, 9970217.656767609, -16003410.92929835, -1715994.6461216877, 65001238.08550312, -20566505.637557197, -22379258.07541218, 1024004.3427924062, 6488842.4806022905, -19552292.887817975, -2993951.980657931, 1164272.7875522827, 25623382.29318078, -3956783.1825602776, 8338570.844566116, -25184556.596571106, 3892972.0486473436, 5620301.947719496, -15446687.974563915, -19555593.387036983, 17411298.826654483, 65125266.577383004, 2677043.7845946946, 1638376.454072502, -15402519.030552713, 5501873.247710915, 319327.3883816241, -687319.673299856, 32228599.807212584, -3326542.6419184054, -13311654.628044767, -13862126.264852896, 8935037.406855948, -21921188.860981155, -15563179.543790234, -21826518.011020374, -12258455.63163604, -9121403.330876604, 17646341.932622395, -13856944.988058334, -4773185.978465298, -117822.68459534971, 18329517.645491164, -19298236.17815314, -5286704.756423345, -26939518.98032346, -15800981.797167392, 7737562.222245453, 7465857.431026446, 9028555.151125787, 51077323.9445621, -12607652.561362667, 12726639.019500433, -19930040.610059146, -4554783.43332606, 7812294.182701459, 13819151.024325155, -10727832.37834383, -10548099.293217026, 509555.7302032481, 19112102.601296008, -1104217.8186237342]"
0.5,2000,391910.9707091397,391910.9707091397,0.024984121322631836,223.3567870098914,"[2, 1, 3, 4, 3, 3, 3, 2, 2, 2, 3, 1, 2, 2, 3, 3, 3, 3, 1, 4, 3, 2, 2, 3, 2, 3, 3, 3, 2, 5, 1, 1, 1, 3, 2, 3, 3, 3, 3, 3, 2, 2, 2, 5, 3, 1, 2, 2, 4, 2, 1, 3, 3, 3, 2, 2, 3, 3, 2, 4, 2, 3, 3, 2, 4, 2, 4, 2, 1, 1, 3, 5, 3, 2, 3, 2, 4, 2, 3, 2, 3, 3, 2, 4, 2, 1, 2, 2, 4, 3, 4, 2, 2, 1, 2, 2, 2, 4, 2, 4, 2, 4, 2, 2, 2, 3, 2, 2, 3, 3, 3, 2, 2, 1, 2, 2, 2, 3, 3, 1, 4, 3, 2, 2, 3, 1, 1, 3, 1, 3, 4, 3, 2, 3, 3, 2, 2, 2, 4, 1, 3, 3, 1, 4, 5, 2, 2, 3, 2, 2, 3, 3, 1, 2, 3, 3, 1, 2, 3, 3, 3, 2, 2, 4, 2, 2, 1, 2, 2, 3, 1, 3, 1, 2, 2, 2, 4, 3, 2, 1, 3, 2, 2, 2, 2, 2, 2, 2, 2, 3, 3, 2, 4, 2, 3, 1, 1, 4, 2, 3, 1, 2, 2, 3, 1, 2, 3, 2, 3, 4, 2, 2, 1, 2, 3, 2, 2, 3, 3, 3, 3, 2, 2, 1, 1, 2, 2, 3, 2, 3, 2, 1, 2, 3, 3, 3, 2, 2, 2, 4, 2, 3, 1, 4, 2, 2, 3, 3, 2, 2, 4, 3, 4, 3, 2, 2, 3, 2, 3, 2, 2, 3, 3, 3, 1, 2, 3, 2, 2, 1, 3, 2, 2, 1, 3, 3, 2, 3, 3, 4, 3, 1, 3, 3, 2, 2, 3, 3, 2, 4, 2, 2, 1, 2, 3, 3, 2, 1, 4, 2, 1, 2, 1, 2, 2, 2, 2, 1, 3, 3, 2, 2, 2, 2, 2, 1, 2, 5, 2, 3, 1, 2, 2, 2, 3, 1, 4, 1, 2, 3, 2, 2, 3, 2, 1, 3, 2, 2, 2, 3, 3, 3, 3, 3, 1, 3, 2, 1, 2, 3, 2, 2, 3, 3, 3, 3, 2, 3, 3, 5, 3, 3, 2, 2, 2, 1, 4, 2, 1, 2, 2, 3, 1, 1, 3, 1, 4, 2, 2, 3, 4, 1, 2, 2, 3, 1, 1, 3, 3, 2, 3, 3, 4, 2, 5, 4, 3, 3, 2, 3]","[594.1161310177393, 28.98125741250429, -793.4684793133928, 831.0187446904984, 130.6388676550792, -1443.3333496935475, -340.99892168124177, 535.6127100000385, -1029.3605556421453, -326.104256682103, 59.73172378896061, -113.96394611116379, -266.74535213688216, -551.7958015242666, 62.06829542793493, 175.52705054630007, -40.75244444495878, 775.8938060283587, 74.18745477214473, 654.8063836430682, 275.85526254275834, -633.4737599337462, -26.000852118506586, -1301.7985661833643, 742.0304084089746, -247.7960160173958, 400.0009148442705, 1141.4666988926854, -258.27959638934624, -353.32831093479103, -230.25988611304683, 129.64375998129947, 238.78438885577856, 472.6855333862208, 263.29279742705774, 876.5757707748841, 489.5070787736379, 22.115801450327282, 549.8993394483772, 141.85080242711513, -88.76867957383472, -114.49529669663936, 822.7641945660314, -814.2057254588939, -112.27807104180529, 731.2515537554075, 663.7322297253916, -23.940946740861236, -1171.6597996772148, 137.68833289184852, 750.9164888891436, -89.75112520974561, 438.037182348992, 318.497232280644, 99.58495958694742, -149.0469175784187, 389.99470779327004, -49.97226184673231, 913.9894649119703, 547.7609730256562, -682.4483873181193, -813.9837033304691, 771.0412888882037, 599.5366578562052, 1099.4655612187635, -142.1590287953672, 745.16254509137, 278.6365506672898, 485.3338074743565, 1030.1989826424463, -272.61551319558475, 92.49373410021143, 489.6200057672445, 654.621699450976, 869.8929434413598, 417.2230293365809, 424.3856543169373, 241.75487070063468, 564.1544962671877, 544.0152571624408, 199.7622980764258, -745.580795142964, 828.2667351035052, 67.84694365122594, 232.70257134683175, -108.89947984037134, -27.46607907481085, -12.09769546844008, -344.01546037824914, 129.41923711345976, 642.1712254878023, 447.650689993857, -454.86639304739197, -390.58893313769454, 226.1767033022075, -141.87545486072747, 106.95156567910682, 301.44801004650634, 430.3646642757543, 80.77547368352042, 464.5087313086424, -662.094055564519, -146.9530739342057, -1615.2970364048292, -1092.7900096665592, 355.4960638105169, 1074.9465789271217, -221.48611948659413, -481.16181760176494, 151.11230716434363, -249.10284707153227, 772.8491656038458, 47.888172987697644, -268.34038321868286, -345.86651210076525, -420.1447120112638, 371.8009936911478, 66.09653369957472, 1.0244450755503323, -1481.355538639616, -1044.3549809728027, 472.66472201038755, -282.1386860716889, -861.9920408345804, 318.93822947511086, -437.3298921791113, -333.7139167006834, 131.54404455385333, 985.8927957012426, -165.8769233879906, 264.2080273193801, 547.4326641550646, -143.62216923816663, 992.648261895403, -1196.6128311704863, -127.01197967461566, -667.622201252592, 405.5342125557951, -329.1168309007527, 195.077246784787, -217.21060354790745, 523.7844252996694, -1097.2186474435266, -1346.8211367876925, -459.50717847782255, 278.1070118808919, 334.84361811670203, -262.2401554994758, -1784.5898888371396, -496.1752436067143, 62.794782098175276, -811.8898481309077, 210.49622437217926, -999.9320287682845, 183.29889757511407, 420.0063215845151, 208.3951891935708, 751.4657596429195, -261.61682021762215, 140.62010997727435, -141.93600083213335, -726.5654536125918, -215.33150886418684, 282.6647385964292, -561.9060866580759, 453.2827970846323, -109.18395602969808, -394.2691367635317, -304.05999932252263, -74.93062460054493, 1275.1940369385281, 527.1944987760729, 943.8896229538528, 1167.7510141050807, 577.5985252082503, 508.04203307508465, -896.5802177900405, 1288.0606003792755, 1407.2964757829386, 621.6789608724632, 282.0119596786702, 941.2124067199634, -184.3404021040103, 1136.772466343618, 859.9811783914702, -24.202401624756376, 6.104336794691434, 419.56717333135805, 579.7552358417437, -167.1943077290348, -112.2664551081722, -128.013428011624, -74.96458023274248, 666.4205563422788, 687.7206770304983, -219.4212653676875, 1061.7760793581572, 980.539690403375, 729.8688239732244, 427.2015565639914, -107.94057694317168, 174.02517126966347, 456.75139585934346, 938.3626896224351, 14.122813357755561, -192.6508973031589, -64.44633084852175, -683.7887588901884, 519.263176048334, 457.2970030865088, -14.613010961871638, 406.85931310219087, 215.00630560831308, 358.6623537123332, 784.0752673942828, -276.714254569392, -130.75621099075386, 97.7716496691454, -1067.0158743168738, 1688.7553628921487, 1215.2184907668027, -106.44093547837328, -18.45236337275209, 554.3434229452141, 602.411436313929, 311.52275568656387, 249.78421596565647, -175.2337832859289, -302.9411618501016, -347.64331896976313, -436.49942137151265, 516.6461610656553, 746.0625635589279, 18.394667637555628, 474.5676815810033, -544.0495600307904, 602.2582600839735, 180.85028865380474, 78.05489214523708, -443.4220113799338, 101.43362138335742, -14.101155869115743, 271.3577228371436, -1015.6651240503052, 143.96766616588866, -524.1253088851998, -1695.3283894876572, 850.363310489901, 870.408080479901, -866.2297934905142, -1446.9273743739377, 1000.2290047466194, -1503.4681883300138, 530.602824267, 809.1889165519175, 173.77382668258753, -122.12788982026792, 336.36639191869165, -71.7216720349932, 695.7746761629392, -154.48793785722626, 336.27610546562585, -162.45534336835715, 144.67431602915832, -143.60951667588807, 296.19550188115613, 982.900817364606, -294.17765681880144, -158.89049649040464, 308.9532586018332, -536.6899030198188, -394.0319613334133, -133.74815727978876, -446.4927109531826, -578.0820147530842, -992.8233157594304, 796.4798793536362, -110.82738973942283, -553.3945343724463, 586.7979901104869, 492.5266874180679, 697.1616838117245, 78.12868096747967, -2.5644936445988122, -107.74445511608134, 138.8267254487119, 162.40196538445127, 24.0227189252481, 427.73475827666334, 427.8987116153006, -325.14212908943625, 1089.106712433069, 693.8563631765484, 155.10066058309718, 759.3964982105443, 461.3962299622348, 697.4375918835132, -5.512625058682303, 14.13222922211888, 89.0612349335553, 181.73753623762093, 333.6848978182, -187.8343021195193, -210.7524349283973, -45.871186029696574, 484.236678866758, 663.0062912731345, 109.18326308756546, 825.8009179145463, -118.79855935111179, 116.4646424996799, 482.46032123938494, -1191.7974051753906, 648.2723826403242, 443.18088045433257, -103.82662337599619, -46.32550046893418, -1833.932770418652, 25.061659121211406, 395.99373790499294, -267.672434231084, 550.2568486317668, -349.57242007921695, 571.6379808494938, 629.81683688651, 36.91413700149597, -1189.599256834039, 90.00550853011318, 286.08412107079806, -214.13641205731608, 75.8746468221535, -753.2578719893979, -366.5162608908473, 553.7168413307733, 398.4724351524992, 753.4127112422547, -2036.802039376243, 1777.857592348902, 263.20944214858287, 37.82372356101938, -154.13494022887437, 313.45176126216404, -509.0479292019975, -210.27734318773332, -130.82135062569705, -500.3479027045603, 792.3388878469837, -145.42412188426732, 326.1028503598977, 568.335253919814, -1926.8851497150877, 522.1782807105291, 75.17160828603973, -1239.5672440765663, -1811.7487224912516, 726.0913562152429, -272.86716350366953, -250.94509310431516, -550.1558431256722, -284.56746683548465, 612.6103957722717, 643.0142841677626, -56.40474051399751, 607.2132665663504, 209.62932928789996, 641.0931399036804, -91.52433203838508, 620.1558671081767, -115.630078096198, 218.21904435715106, 913.2134737450904, -1360.1826949545991, -107.00689908883503, -254.8853638574418, -50.632355714980136, 118.45490287951137, 624.9149461145939, 56.20738760271776, 530.7121207108667, 379.31284562524564, 13.245459091100187, -251.115168926421, 436.07517790374334, -978.0048985959095, 102.068333929113, 762.8199310552468, 714.9723499174642, 805.7970843036477, 2349.8670927596977, 176.8928096330285, 901.2189763632541, -892.9306264476853, 309.0734379324292, -204.7272527047096, 1061.1339056582096, 138.03966492482593, 182.63118615971013, 149.188288288171, 196.90137193770448, 323.2306234841423]"
0.75,2000,6074525.516929221,6074525.516929221,0.024692058563232422,849.5715159384255,"[2, 1, 3, 4, 3, 3, 3, 2, 2, 2, 3, 1, 2, 2, 3, 3, 3, 3, 1, 4, 3, 2, 2, 3, 2, 3, 3, 3, 2, 5, 1, 1, 1, 3, 2, 3, 3, 3, 3, 3, 2, 2, 2, 5, 3, 1, 2, 2, 4, 2, 1, 3, 3, 3, 2, 2, 3, 3, 2, 4, 2, 3, 3, 2, 4, 2, 4, 2, 1, 1, 3, 5, 3, 2, 3, 2, 4, 2, 3, 2, 3, 3, 2, 4, 2, 1, 2, 2, 4, 3, 4, 2, 2, 1, 2, 2, 2, 4, 2, 4, 2, 4, 2, 2, 2, 3, 2, 2, 3, 3, 3, 2, 2, 1, 2, 2, 2, 3, 3, 1, 4, 3, 2, 2, 3, 1, 1, 3, 1, 3, 4, 3, 2, 3, 3, 2, 2, 2, 4, 1, 3, 3, 1, 4, 5, 2, 2, 3, 2, 2, 3, 3, 1, 2, 3, 3, 1, 2, 3, 3, 3, 2, 2, 4, 2, 2, 1, 2, 2, 3, 1, 3, 1, 2, 2, 2, 4, 3, 2, 1, 3, 2, 2, 2, 2, 2, 2, 2, 2, 3, 3, 2, 4, 2, 3, 1, 1, 4, 2, 3, 1, 2, 2, 3, 1, 2, 3, 2, 3, 4, 2, 2, 1, 2, 3, 2, 2, 3, 3, 3, 3, 2, 2, 1, 1, 2, 2, 3, 2, 3, 2, 1, 2, 3, 3, 3, 2, 2, 2, 4, 2, 3, 1, 4, 2, 2, 3, 3, 2, 2, 4, 3, 4, 3, 2, 2, 3, 2, 3, 2, 2, 3, 3, 3, 1, 2, 3, 2, 2, 1, 3, 2, 2, 1, 3, 3, 2, 3, 3, 4, 3, 1, 3, 3, 2, 2, 3, 3, 2, 4, 2, 2, 1, 2, 3, 3, 2, 1, 4, 2, 1, 2, 1, 2, 2, 2, 2, 1, 3, 3, 2, 2, 2, 2, 2, 1, 2, 5, 2, 3, 1, 2, 2, 2, 3, 1, 4, 1, 2, 3, 2, 2, 3, 2, 1, 3, 2, 2, 2, 3, 3, 3, 3, 3, 1, 3, 2, 1, 2, 3, 2, 2, 3, 3, 3, 3, 2, 3, 3, 5, 3, 3, 2, 2, 2, 1, 4, 2, 1, 2, 2, 3, 1, 1, 3, 1, 4, 2, 2, 3, 4, 1, 2, 2, 3, 1, 1, 3, 3, 2, 3, 3, 4, 2, 5, 4, 3, 3, 2, 3]","[1844.5879082079714, -1929.0556007941673, -781.5807138442225, -3405.4838651525697, 2408.343540657651, -396.70194641490764, -1628.1014827332847, -2412.5020319695677, 6227.351553751767, -2055.267197649357, 1542.7335653054438, -1077.1296384941538, -147.8955344098111, -1784.4274546641223, -2118.075618264076, -1932.1323359399744, -1207.9238718359738, 610.6223134840201, 9.03320077495539, 1030.0980920474622, -3139.871092520321, 716.1207505537988, 530.6997665770283, 1244.5941462549695, -2673.9065453097714, -2318.49357503212, -3366.691025253579, -1040.9028576793103, -176.3524400728125, 8685.047029531594, -2865.2426216723497, -334.55561116605725, 486.0419925635164, -2341.3769082117674, -2794.474375946187, -2222.3672924919456, 1795.5651795470258, 559.4447366249559, -3134.9418118463727, -94.72234194743868, -1611.0501740954064, 0.7190657920592685, -2512.83545919157, 3691.9878089236754, 1011.1981140251036, 1202.9013190884302, 2493.637125951541, 281.80978692561405, 5199.436274912299, 2765.662018325123, -2855.36087457007, 1303.9947298994634, -2326.4761218948884, -2657.4763711917176, 737.0822879939034, 79.40702248546461, 1181.9361618324351, -402.4120509558609, -731.0114273843348, 20.361705243656843, -1064.3839023823543, -1903.1397525508855, 1975.7497668246447, -707.0890148862909, -1931.6334783131815, -1580.3713215097923, 2262.9631932741804, -1358.2139616819345, -1574.7827193246685, -1289.8217179147503, 6.7787648640838825, 3452.8578695168735, 717.7726920834308, -2812.5404558090686, 443.2599407421195, -3311.8975356455685, -5.762608489193724, -1289.8499749948048, 10274.45972724335, 1840.6689850907333, -1162.6094138599606, -610.3166678112892, -853.0097207249956, 838.174182695952, -2310.678099091137, -487.9958416092479, 535.6250002494709, 916.4162329771933, -1223.0100195403866, -1047.117808331326, 6985.058166306569, -2981.7267601068393, 3168.215535700077, -1028.9582238606095, -314.1769225018147, -567.634892939082, 2004.079552869678, 5131.222978726187, 574.8849196319201, -3097.340476486786, -3465.2516320940917, 2669.2563754764096, 95.84132502901969, 987.1261224840604, -5480.9486579798895, -2049.0212916806245, 149.89751300889816, -300.03053006970305, 154.37789387143022, 367.79992668567536, 2.8601017574794696, -940.7194744574103, -824.5390356008096, -1007.4354251282801, -2044.1902234468457, -2468.9269902337896, -3159.215291799849, 2686.4323922479107, 439.8565677297544, -3029.0516067714934, 820.0595789593261, -1145.5214266109215, -1415.8072387311768, -983.6954138994457, 519.7808673092017, -439.3918082399051, -164.75228327059847, -863.7752257872847, -3061.1781413901745, -1158.8346454066618, 6051.349884941266, -2071.2639075224383, 305.9343363559425, -108.21182954510806, 2959.8489197772706, 247.30427063449042, -1821.9450552024095, -4137.508038842767, -166.33591749660525, -402.92007873576205, 443.3629380727125, -1934.6988506745379, 4024.9112951858433, 2990.7494943741126, 8716.486141408403, 131.4031507004455, -872.7326462681991, 6240.193705937243, 778.4785735148683, -668.4462738176253, -745.3646645810653, 335.7275126907533, -3481.90471222208, 353.2684243740299, -605.2939625918858, -778.0298295361112, -1745.0393647457663, 831.7839377804297, 648.2859519445927, -363.0626114080667, 1686.6048039924049, -1618.219710398847, -1618.0708959033213, -2443.850945346837, -1317.9918808544821, -1270.8557014573057, -1974.8767130624933, -1005.4021366110898, 1655.8564769292516, -1461.487959396699, 885.7954029318795, 1456.3707337341439, -2919.9881094468215, -1319.7402486501542, 854.4912339323333, -3179.1343355144313, 4596.353896650449, 3071.3187927959034, -376.21181452481835, -2943.7720755076884, -2576.5310341606464, -3059.777066746303, -728.0617227037067, -1944.465954420255, -3070.387855941397, 595.5291383860649, -442.1204986076194, -2887.3264480516905, 2335.0787512485686, 173.4571524708134, 4869.998948364397, 1306.0569412859822, -2960.3284231700904, -1538.2516076991715, -1924.024007490997, -891.0066218136386, -2776.823752784072, 1934.3810561727705, -954.7043786809733, 495.13618505969714, 160.89450978291836, -3078.444235441203, -1766.446668016827, -2710.924862168913, -1956.9110275380394, 894.6891595114588, -1064.2792810941683, 147.0925677735205, -2236.583978545351, -1865.5880206640613, 301.93558460935026, -59.4207869600948, -4361.96640990906, -2250.149440264042, 1429.7814296664733, 332.04654504951884, 1073.3107831164625, -3535.4415298252857, 7215.316320392087, -1020.312127403644, -2320.7269384361434, -928.7107506850215, -1791.9144777354295, -2284.9787643798754, -3934.392347023725, -1468.7580952189787, 698.2074079692367, 1538.523050823041, 2087.3426766839357, 920.7463965785238, 1663.907947099175, -2348.7476183207277, -2241.0278098315603, 1874.8978812053765, 1178.517612450974, 4464.863806041629, 2306.381935430147, 160.7468370007963, -874.461005702923, 1487.347643174996, -1385.4973066574598, -2162.4113227954185, 1693.4082625130359, 5690.000902616026, -4365.141954124174, -133.65477135862426, 2437.622003529117, -1101.1728761470958, 60.72218068235395, 1743.2721602891056, 6636.783197798246, -975.1227138034942, 6506.177645409691, -1756.1285602435282, -3118.147270332661, 1588.9773636279238, 230.88682505968177, -3927.3092829761317, -4695.507289439994, -1805.1049910909087, -671.2309601360162, -2400.087687438794, -1308.0066896332482, -1963.2978862828845, 493.5803945486308, -3337.5246957716004, 39.92117081891075, -55.684215097969684, 599.1106042938846, -390.7528129666142, -2107.9402138275705, -105.19388125313264, -586.5650499291198, 464.69871504445234, 2111.267266121792, 1404.3339411038974, -2233.998068220726, -3699.1553522647873, -4109.601804863127, -1338.685595915822, -1212.2857052818092, -2090.6334838260777, 608.4018394857695, -1900.818088490777, 1237.924542150527, -2095.2262547258433, -361.2759833289432, -1502.2400679478947, 6492.066576053616, 5785.028848834482, -1248.9519945630432, -3127.2566080488214, 31.249842963521246, -1588.1973069972587, -881.5177452911704, -2124.1293534054157, -598.1311108386258, -425.373976430811, -3378.096479657306, -869.512620832607, -228.7981474750415, -1623.9640497710402, -1278.049653019707, 567.6909680695188, 407.0072362881248, 4972.717981290195, -2027.3039331712043, -1843.997781772609, -2765.008927957946, 842.6312324983902, -3157.436632605706, 317.77767827275727, -192.3118987497677, -2791.1977765618176, -613.963318687874, -2909.2672200473935, -2618.6206990800656, 3855.1268981396206, 2279.3453903406344, -3672.987833683521, -628.7107999520045, -1838.7913734458325, -2003.7696315947064, -415.9500199080288, 224.21028097660758, 128.73153379512024, 9980.108320628504, -2644.4348684217675, -708.8318146130273, 1791.6295420824376, -3461.836648831561, 824.2431083854971, 2838.0623325572024, -3338.258953173098, -2529.9594232972536, -555.6189272683876, 4156.084519760418, 516.9600929226692, 2343.733667052544, 3975.695772199124, 1584.3470840709992, -419.85589191237193, 7204.691037208018, 717.6785266447672, -172.34158328694545, 172.98211296443094, 1044.5066832290213, -1420.6078054276277, -4302.9571104475845, 453.17819423610024, 3544.6426169986485, -2086.4771734832043, -856.492724915097, -1491.533467128675, 3752.593637196122, -77.10529783021491, 501.210769341067, -10.521799475233479, 4981.952593767949, 6692.085166281231, -2048.3874286175546, -3638.42458309918, 2120.736921058654, -974.859056948735, -1704.6947187781993, -1362.734440607232, 1418.628544801276, -1831.7850919299299, -3683.011530782892, 1439.5786088971663, -3246.5272619397065, 278.0531038123769, -1546.9476265156845, 867.624529561352, 103.13222992894873, -1252.2279331165846, 591.1460909452466, -2098.374683574306, -1963.5784001063898, 1711.4963332293505, 1748.8983334620507, -2362.6886675981305, -2510.3659526247566, -4266.1218556884805, -955.1801131123982, -633.0159500225615, -904.6311696778072, -2778.477602380828, 537.9600509993387, -1639.1468407882512, -1530.6830942638385, 864.086616303755, -3813.263488740299, -1193.301958115585, 2493.7140447374504, -453.15896693199363, -170.59878356020886, -13.690274011501629, -1981.6094662393925, 662.5295950517233]"
1.0,2000,696031.2159915129,696031.2159915129,0.02541351318359375,215.2828498389181,"[2, 1, 3, 4, 3, 3, 3, 2, 2, 2, 3, 1, 2, 2, 3, 3, 3, 3, 1, 4, 3, 2, 2, 3, 2, 3, 3, 3, 2, 5, 1, 1, 1, 3, 2, 3, 3, 3, 3, 3, 2, 2, 2, 5, 3, 1, 2, 2, 4, 2, 1, 3, 3, 3, 2, 2, 3, 3, 2, 4, 2, 3, 3, 2, 4, 2, 4, 2, 1, 1, 3, 5, 3, 2, 3, 2, 4, 2, 3, 2, 3, 3, 2, 4, 2, 1, 2, 2, 4, 3, 4, 2, 2, 1, 2, 2, 2, 4, 2, 4, 2, 4, 2, 2, 2, 3, 2, 2, 3, 3, 3, 2, 2, 1, 2, 2, 2, 3, 3, 1, 4, 3, 2, 2, 3, 1, 1, 3, 1, 3, 4, 3, 2, 3, 3, 2, 2, 2, 4, 1, 3, 3, 1, 4, 5, 2, 2, 3, 2, 2, 3, 3, 1, 2, 3, 3, 1, 2, 3, 3, 3, 2, 2, 4, 2, 2, 1, 2, 2, 3, 1, 3, 1, 2, 2, 2, 4, 3, 2, 1, 3, 2, 2, 2, 2, 2, 2, 2, 2, 3, 3, 2, 4, 2, 3, 1, 1, 4, 2, 3, 1, 2, 2, 3, 1, 2, 3, 2, 3, 4, 2, 2, 1, 2, 3, 2, 2, 3, 3, 3, 3, 2, 2, 1, 1, 2, 2, 3, 2, 3, 2, 1, 2, 3, 3, 3, 2, 2, 2, 4, 2, 3, 1, 4, 2, 2, 3, 3, 2, 2, 4, 3, 4, 3, 2, 2, 3, 2, 3, 2, 2, 3, 3, 3, 1, 2, 3, 2, 2, 1, 3, 2, 2, 1, 3, 3, 2, 3, 3, 4, 3, 1, 3, 3, 2, 2, 3, 3, 2, 4, 2, 2, 1, 2, 3, 3, 2, 1, 4, 2, 1, 2, 1, 2, 2, 2, 2, 1, 3, 3, 2, 2, 2, 2, 2, 1, 2, 5, 2, 3, 1, 2, 2, 2, 3, 1, 4, 1, 2, 3, 2, 2, 3, 2, 1, 3, 2, 2, 2, 3, 3, 3, 3, 3, 1, 3, 2, 1, 2, 3, 2, 2, 3, 3, 3, 3, 2, 3, 3, 5, 3, 3, 2, 2, 2, 1, 4, 2, 1, 2, 2, 3, 1, 1, 3, 1, 4, 2, 2, 3, 4, 1, 2, 2, 3, 1, 1, 3, 3, 2, 3, 3, 4, 2, 5, 4, 3, 3, 2, 3]","[218.04969632619253, -700.5709879787161, -292.333669293142, 202.31112721470487, 322.3435084439611, -2431.5621453229824, 76.579029600451, 230.8880453818178, 2136.6839691672462, -2651.3285201881245, 714.5378961482254, 712.8208161669652, 260.68427491809626, 1.3268629651983446, 133.2313944416225, 186.5549514039879, 121.6876179072588, 469.68224467296454, 542.7489306401942, -706.4057740150912, -90.37421465094052, -2172.9367312341133, 63.822062357125205, 2438.0251836987445, 258.7417518889213, -2658.9038840009553, -419.423192829095, -127.04507788652039, 259.8653166680605, 646.2760059877912, -29.77780133904413, 264.34258865172956, -36.92316945462646, 478.6722208893233, 113.76538680615731, -77.13125464367585, -498.3308834546731, -257.87204076782353, -183.1776016435541, 209.5216306787271, 147.82302556966334, -100.60663920266269, 298.7538385696326, 1067.096430968178, -244.87107854850603, 8.282401147989432, 50.78803047231081, -301.23870643425823, 960.6363949261154, 17.88028538290542, 156.41996400651527, 306.6726482390324, -124.53421477452953, -277.9268893567869, -45.964686413929016, -19.91892152369035, -257.2736972778917, -45.175622742969466, -409.42594483555, 169.06588550219817, -39.674174538450856, -2430.559026404956, -232.63443079762277, 98.9531493391841, -407.8806691729521, 137.3154474495858, 137.14482775477148, -61.29206234761186, -283.1948953852447, 152.93602526918136, 707.4827583712497, 442.98359573724355, -111.80898108405061, 219.37538228996902, -713.5429319666325, 98.87452093291112, -124.19033713039502, 275.7924050783126, 988.9365384759788, 283.7644034277652, 280.6594420620947, -428.75633345276486, -192.39099953576368, -214.47387670715682, -517.3541948903201, -71.62478706308517, 63.96380513116985, 110.29919445398407, -128.25933168004588, 270.1822921864178, 646.6347285039569, 143.75310952248867, 501.72440517211237, 129.19834857257803, 125.21669788976043, 248.60464073006892, -74.79049326272305, 1533.0356953380162, 109.50048540376899, -646.1233847333159, 265.87966290155407, 2604.420865933804, -526.415383705161, 2325.6908161212864, -2564.769446272247, -116.54937183668095, -3716.198283602692, 256.30599811982825, 662.552988396835, 94.51062434512177, 542.4662647118695, 35.38212653922325, -403.8314792630121, 165.1943899886909, 29.227817063650136, -376.2702667305785, 103.26854692829524, -263.1033789027786, 61.207695635857235, -2485.176378643472, 2718.311942506253, 15.58227159059625, -137.85729817518342, -333.52694575755874, 158.2472642448683, 181.5420565951738, -97.69883429607259, -47.06266275324069, 282.9731430593283, -2421.0953386306323, -842.7583314268448, -404.3342021633964, 430.2075260657848, -64.82662327214742, 698.2133974271313, 342.8109660945144, 136.28901199386252, 4.3610862247022055, -429.2458537109503, 359.47486805064875, -327.14524679786405, 451.4338343538779, 3058.1805015238415, 1857.1407803777035, 197.05876235841055, -234.81396478256397, 345.9541823265008, 652.1109165537541, -780.6015328891613, 310.99198663321266, -560.3757556280099, -511.9468484956093, 23.22862436975663, 32.83042669661329, -4.247218985868585, -296.36307851950386, 214.72024313483973, -196.59741257356376, -326.0685670950759, 520.6499434426875, 79.66644827517959, 313.57050508074246, 112.24433787712634, 74.72852306203225, 50.12700163667786, 334.49664142455833, 101.97586135744733, 472.7132729694134, -226.31852434577303, 1.0244121685095706, -724.2044136606277, -19.799668717297166, 287.0364359152749, 187.4516421563834, -72.49773367500454, 309.4904411232878, 2500.3365622245497, -898.3983593584051, -1845.2157092588095, -142.2993091214589, 58.31446094851192, 271.62298289354095, 49.78826789820347, -651.5768578790053, 247.3314585783271, 156.27272877367437, -34.9279063753071, 146.46984602501112, -246.27949786237184, -2953.3723773158777, 1304.8169331967047, 121.51262280062745, 261.1953227866343, -313.36572263528404, 328.2948564793991, 106.8219880660141, -88.21220064381285, -1365.1291192552947, -230.69429832938113, -153.59285244031997, 84.40162856347656, -26.883323665540317, -395.5618993697442, -29.468306759928097, 137.86953299230572, -534.6475793725118, 47.83227740480595, -159.47756279852558, 249.75164272180314, 270.6137828707823, 379.7598339361497, 117.59232412605546, -72.85185545150142, 200.18373419670513, -1137.2003666894366, 738.4193737196144, -243.08354467583183, -13.688745077646445, -1806.453216827113, -906.660753705919, -419.07834832247937, -119.68471347010929, -952.5467784878383, -87.96332766368003, 80.95980921337906, -64.47340016505844, 1016.8041954833907, 734.2483928695353, -92.81493840987159, -402.7315141568273, -3540.8944642834495, 232.7228268458402, 735.1224197384573, 57.533665248999014, -319.09517336898824, -223.36749209394287, -1261.0442069008711, -256.7504490540093, 275.15116387653853, -702.8658171839379, 225.0674656400991, 23.465247278214918, 274.16672147747664, 723.7575305326468, -430.84123473776845, 618.887087985195, -1333.4891011000739, -552.555153853029, -417.8628800654097, -1699.7692082638246, 2236.536507698282, -667.4980604575725, -2432.2908963389355, -712.9106099196374, -618.9104183678527, 235.78467669827887, 342.3384901810323, -245.51218646942448, -188.58071008238943, 257.3984441308718, 319.9420305978462, 352.22619616531813, -2523.6932725374854, 173.0623653554989, 27.377168823204258, 62.76036053842769, -218.18115214622486, 263.33801463215445, 36.495103199345564, 143.32858324081195, -2034.2531541040441, 64.04321219214478, 505.1876064705582, 535.4418141305327, 772.2020951528749, 411.2756166049393, -15.74288147327124, -89.15352587396607, -424.0760670936737, -312.49813096491977, 13.66086954243545, 310.9043441446822, -3508.292381857431, 139.48382569670315, 119.55184775967648, 72.16587981209736, -404.2500602711983, -908.8336304848501, 948.8373444429521, 793.1140080832834, 122.86717133191699, 219.34838389844145, -131.56634886616308, -36.68857627810404, 465.6321446284539, -180.43399274998296, 308.8839794550116, -290.3685202499653, -438.9669004230288, 1560.9323464541096, 205.66307738528945, -75.45484002759838, 157.4064120147932, -67.58974400599612, 382.7836797824355, 1056.8813128079887, -367.6924436655246, 176.49569032680262, -66.40142540444728, 72.79910471328633, 289.6942113005812, 98.43072073506637, -2088.818900450535, 219.98960097749585, 66.25656471888834, -676.0874836539731, 48.07298282036042, 2160.615117764904, -66.86864711333875, 53.106102706275465, -468.94903755407233, -39.74590928549519, 887.483592653071, -46.61532246489173, -381.93572126944605, 374.7752130489128, -1872.523719123003, 82.70671868593305, 350.6710668627644, -15.615983571257999, -11.570478065534743, 238.223725683486, 1942.765453795657, 133.49250760136766, 266.4498825931072, -434.87928461143287, 2814.319048125829, -1135.6585916231709, 5.737654406413796, -1142.354934999727, -192.99984643939246, -286.05522900703465, 692.4637582837042, 33.826465042235796, 295.3573837764591, 154.08755818281128, -1010.2148676070191, 153.30374616605644, -35.77699403293762, -119.4237178896715, 2438.8244362450473, 178.54758595459663, -227.2516762018618, 102.59626302746538, 1300.5718083028084, -134.68468989514537, 163.63862661394438, -57.88361257931223, 508.9488191895764, 1035.6095192880734, -45.77785178095082, 124.8540729832021, -106.8098624070277, -266.6509667527038, -32.3212641293986, -47.51627529588244, 1173.5789825178147, 318.3537143805844, -88.68892455904195, 231.48514588559112, 327.9716129868025, 267.37290202535553, 235.3770775120944, 38.14174505203958, 95.33497008060384, -93.61854083567991, -339.6695784972404, 133.7983655378011, 279.18420974558296, -370.3554269647781, -546.1121427093565, 20.061784342096146, 192.6949909680128, -644.4058673088135, 272.8281573019179, -186.05982229510266, -229.25324679326053, -73.30382321392455, -1823.0384544840274, 217.76771277679967, -247.27032829404703, 289.7029902242238, 13.692485515974944, 1016.937872570616, -1114.1464397699465, 0.1310578123994688, 43.63946625287876, -200.0474620256362, 870.8050669066719, 430.8736508917344]"
1.25,2000,1577809405.4346154,1577809405.4346154,0.030333995819091797,10630.606297302498,"[2, 1, 3, 4, 3, 3, 3, 2, 2, 2, 3, 1, 2, 2, 3, 3, 3, 3, 1, 4, 3, 2, 2, 3, 2, 3, 3, 3, 2, 5, 1, 1, 1, 3, 2, 3, 3, 3, 3, 3, 2, 2, 2, 5, 3, 1, 2, 2, 4, 2, 1, 3, 3, 3, 2, 2, 3, 3, 2, 4, 2, 3, 3, 2, 4, 2, 4, 2, 1, 1, 3, 5, 3, 2, 3, 2, 4, 2, 3, 2, 3, 3, 2, 4, 2, 1, 2, 2, 4, 3, 4, 2, 2, 1, 2, 2, 2, 4, 2, 4, 2, 4, 2, 2, 2, 3, 2, 2, 3, 3, 3, 2, 2, 1, 2, 2, 2, 3, 3, 1, 4, 3, 2, 2, 3, 1, 1, 3, 1, 3, 4, 3, 2, 3, 3, 2, 2, 2, 4, 1, 3, 3, 1, 4, 5, 2, 2, 3, 2, 2, 3, 3, 1, 2, 3, 3, 1, 2, 3, 3, 3, 2, 2, 4, 2, 2, 1, 2, 2, 3, 1, 3, 1, 2, 2, 2, 4, 3, 2, 1, 3, 2, 2, 2, 2, 2, 2, 2, 2, 3, 3, 2, 4, 2, 3, 1, 1, 4, 2, 3, 1, 2, 2, 3, 1, 2, 3, 2, 3, 4, 2, 2, 1, 2, 3, 2, 2, 3, 3, 3, 3, 2, 2, 1, 1, 2, 2, 3, 2, 3, 2, 1, 2, 3, 3, 3, 2, 2, 2, 4, 2, 3, 1, 4, 2, 2, 3, 3, 2, 2, 4, 3, 4, 3, 2, 2, 3, 2, 3, 2, 2, 3, 3, 3, 1, 2, 3, 2, 2, 1, 3, 2, 2, 1, 3, 3, 2, 3, 3, 4, 3, 1, 3, 3, 2, 2, 3, 3, 2, 4, 2, 2, 1, 2, 3, 3, 2, 1, 4, 2, 1, 2, 1, 2, 2, 2, 2, 1, 3, 3, 2, 2, 2, 2, 2, 1, 2, 5, 2, 3, 1, 2, 2, 2, 3, 1, 4, 1, 2, 3, 2, 2, 3, 2, 1, 3, 2, 2, 2, 3, 3, 3, 3, 3, 1, 3, 2, 1, 2, 3, 2, 2, 3, 3, 3, 3, 2, 3, 3, 5, 3, 3, 2, 2, 2, 1, 4, 2, 1, 2, 2, 3, 1, 1, 3, 1, 4, 2, 2, 3, 4, 1, 2, 2, 3, 1, 1, 3, 3, 2, 3, 3, 4, 2, 5, 4, 3, 3, 2, 3]","[-4142.6725558735925, 24438.193429931627, 36826.569250270746, -16555.587492274484, 10747.175128571573, -93962.27201221489, 13821.32818560063, -10339.069568205778, 113914.73448960503, -118314.1517926352, 21684.838569217172, 19102.316587923877, 7688.335848937766, 20542.533913314972, 3053.989821719224, 1168.027103589963, 3471.6564588537854, -18023.678332789892, 1581.4550443817943, 10084.469773874865, -3153.57948442644, -109673.02244011963, 10392.593566780477, 95872.2639417531, -15825.519426763763, -119962.06864106563, 5432.183173894793, -8690.288623907982, 7510.182676134475, 58329.54442276152, 13776.139369343799, -4935.389696865428, 1077.447170555417, -878.1462671314921, -1180.5740549128614, -10598.129578725611, -32643.76539283197, 20578.30875777742, 2843.7648344059344, -7189.195495040711, 6228.199717916333, 1466.9380337401271, -18667.079873703653, 68184.88697944788, 23406.490376029677, -2342.93131973471, 14734.278186951016, 22690.126400734596, 65387.08573567903, 11290.60017201996, -16866.838502383103, 19769.008637111474, 4055.1890687409305, 8252.495809530563, 22300.9519771255, 15267.173137937622, 5415.02979207551, 14575.679175057336, -6466.224644113343, -427.485419609322, 21295.062906195235, -115817.70727364335, 7126.2452622836345, -5056.4046170182, -41031.38648979111, 8745.175876772248, 4443.031802437376, 6267.011888817486, -19831.647564869872, -16404.453803787263, 23732.57798436942, 29135.11329912843, 6169.758942146273, -12843.492055113587, -28243.3355434473, -4419.8783796342495, -3431.8318863598233, -2510.870596252783, 8698.36682720692, 8340.519440075828, 1410.5122459758975, 17711.077166700557, 185.88529021540762, 18473.343159928067, 21859.7278965765, 15564.911838599743, 10423.427769765662, 8957.41537822042, 47520.12735222678, -1791.1432962016897, 15054.787856566843, -6202.797857416117, 48746.92384775426, 13722.298793065258, 7333.526238379622, 5060.576550089216, 14222.624955110443, 30995.88927254288, -4635.874550339152, 28484.67973125337, -919.4547163351708, 73455.98329353928, -9088.778504779382, 108935.01218450516, -109722.7898811887, 5792.1825035730235, -191164.05681610078, 6735.901578950939, 24581.868850661762, 5522.82776792619, 34249.608510750004, -27601.27449409078, 23463.756974862128, 10007.10259487846, 15066.362122418714, 30112.95279435717, -3464.018087093513, 11878.47581859272, 9823.873822831507, -105827.94768331747, 96055.28083535917, -101.31351584418098, 7734.511972666941, 39411.17800566743, 1099.332755617561, 13563.314005836475, 21438.502245749496, 9362.423266274678, -22099.95447272093, -121221.76090781014, -4994.632575047797, 11808.753507990168, 5059.884874108557, -6701.157269835538, 77768.62592840545, 2462.5889660049015, 28618.085435832127, -1888.6982353511721, 40008.85727773092, -5458.0499171057545, 40050.65753698304, -6737.252978038363, 89169.53932142025, 98033.39350042591, 55149.76664683026, 14048.635031554006, -8399.29027963702, 30385.46212987053, -71731.70129991522, 20439.757634485315, 20298.820958116066, 46127.30813413811, 2215.6767842323543, 46772.0374112418, 7130.694833930672, 12205.109636022717, -2310.5109746469752, -4476.959809282031, 28834.3725896432, 1576.8786035603503, 31275.526305601496, 34353.988815557124, 10034.185513781733, -1940.8965833137336, 19612.694051456558, -10891.721687606148, 7800.418808632769, 22790.750730947777, 27442.344944535012, 21630.775871720998, -30331.05395806454, 3093.8412117915905, -21216.04065381229, -20441.69612204155, 3175.7404915574143, -2978.1690097067476, 105058.66971467964, -69204.33750917943, -79449.59143919284, 190.63562793106757, -3571.4207552445223, -19766.270520499165, 4245.566743797034, -43877.77319198458, -18307.672767071163, -4298.265835511527, 12002.173644061913, -5611.808966866737, 10900.834262154429, -121021.13332155, 57532.07102713234, 11396.74343660395, 19146.45443884809, -9881.19026112313, -14180.96590308933, 6980.728710796597, -31396.244995601504, -63763.126415378196, 3399.1691842544724, 8625.891851771348, -1644.3114722971277, 986.2517296759979, 13717.048070517732, -9901.451031302175, 4062.953463845558, 5634.1282165632365, 20267.54415679304, 31090.67026833338, -5313.057016071406, -8440.165218802516, -1045.3328676703768, -1001.7069244663612, 4405.967684401441, -5472.729791905402, -5369.8792766401275, 17994.278002549887, 23795.3439358984, 5730.450663015452, -90627.11110235956, -55646.51359302892, -43467.28852562074, 16655.7747604919, 21730.823204901604, 465.0426937718257, -8316.979034706254, 5574.955332927777, 44970.57919092494, 14261.635491988069, 28523.95113406174, 31434.652925099497, -143659.6135801641, -9939.937940675327, -5814.215212787856, 21724.317699847765, 1638.3569686874744, 55163.33996690302, -38196.496560594394, 18882.165029862135, -710.233180443257, 30785.42631526856, -59.61415672846351, 5196.008291691187, -1578.0159402160953, 44684.70374851528, 18241.784645060914, 26628.592065094654, -56638.278846614645, -4838.997411765224, 8212.14378402845, -114868.03970757917, 127838.44381384774, -28887.37414770691, -86968.17336107181, 6460.436936193095, -29209.808963889605, 1618.1378410534235, 2359.8082893876162, -4138.694449434276, 13867.666193715346, -17991.636388286355, 8967.175666795702, 20825.75607076447, -125185.77725119355, 173.03011540937587, 14010.148122180857, -730.3773506017733, -6309.581846344277, 8265.62064927151, 468.64850376449795, 25780.865055813407, -113553.83602303655, 28596.76757835634, 11632.80024520841, 18214.18957126847, 42779.45043027378, 71269.7820073796, -6915.672375570086, 12405.405086252014, 26224.800020418894, 8695.149529542481, -519.2882674211342, -16023.903473362512, -146268.12956233975, 4414.120775621277, 10970.203628642224, -558.2339190811581, 19558.67100350038, 19694.37805813044, 19045.482262092213, 12936.054733914643, 12345.037726393659, -26268.906878531598, 1871.813648266862, -4894.544387736252, -16079.419595368803, 1566.700725622849, -3763.727228185762, 8541.078457171816, 22265.640049464477, 32774.42139996423, -8028.571020748528, -10398.757735034182, 8312.934441970236, 14568.781579237231, -387.5365373197619, 1694.799334785579, 8234.024234513654, 919.9030321616369, -6390.103175072989, 12345.426422508866, 10937.729631929731, 14206.282017533755, -102266.3503746826, -12709.87717551112, -623.4566937873697, 33512.04256758749, 7620.227363024518, 135067.69993317442, 15945.9142997269, -2830.5291761482677, 32389.608216017205, -591.5600025812382, 37621.86370593056, -24221.311463889968, -486.1022762643902, -2129.6690059827197, -82562.1905758695, 3608.6802139245506, -7373.196524741139, 28902.89743850902, 6191.250696516273, 40400.982057794514, 69592.12692963427, -8434.851551288128, -2669.3099375577603, -18845.214896284757, 116940.3143239912, -68648.7847346555, 8649.136782955771, -2738.9102122878794, 23144.724912183607, 14447.441397556453, 37223.54058374371, 15413.104358006778, 3685.353756222572, 53020.28569878804, -52252.229487760065, 7420.455566676823, 925.4540311574419, 4513.277037331051, 126968.10721598033, -12053.276814140321, 13522.035673808225, 49116.49858954751, 112123.34478979385, 1193.4611825927905, 22368.346505395537, 18554.11651688574, 63018.175332075865, 20158.697366024568, -1903.7266407285588, -10314.024922107463, 18802.89184815938, 7122.930438826044, 12502.981080654396, -22543.402716299475, 57791.17195060669, -14403.39480536334, 12506.472751592344, 682.8336838361411, -17180.140534594662, 66771.95153406537, 8859.755851559083, 16351.83453777797, -1206.0431491268273, 10780.47134206519, 18412.908925276024, 3177.326633659964, -11378.542151789294, 18546.740817896316, 35149.9500234227, 13072.416996043412, -7101.803516289347, 36089.51052431641, -1215.5715071449013, 1563.1463568870086, 3712.6502479371875, -21476.4764015724, -98370.14952373553, -1647.575610465496, -206.71955373522906, 46730.604276854516, 141.22012784017898, 31145.94385234875, -52423.467180868334, 8083.1291039175, 6002.145663945512, 21545.380523229596, 18700.237998589982, 6358.82721958001]"
1.5,2000,4165092.2569756354,4165092.2569756354,0.027625560760498047,595.4075420639138,"[2, 1, 3, 4, 3, 3, 3, 2, 2, 2, 3, 1, 2, 2, 3, 3, 3, 3, 1, 4, 3, 2, 2, 3, 2, 3, 3, 3, 2, 5, 1, 1, 1, 3, 2, 3, 3, 3, 3, 3, 2, 2, 2, 5, 3, 1, 2, 2, 4, 2, 1, 3, 3, 3, 2, 2, 3, 3, 2, 4, 2, 3, 3, 2, 4, 2, 4, 2, 1, 1, 3, 5, 3, 2, 3, 2, 4, 2, 3, 2, 3, 3, 2, 4, 2, 1, 2, 2, 4, 3, 4, 2, 2, 1, 2, 2, 2, 4, 2, 4, 2, 4, 2, 2, 2, 3, 2, 2, 3, 3, 3, 2, 2, 1, 2, 2, 2, 3, 3, 1, 4, 3, 2, 2, 3, 1, 1, 3, 1, 3, 4, 3, 2, 3, 3, 2, 2, 2, 4, 1, 3, 3, 1, 4, 5, 2, 2, 3, 2, 2, 3, 3, 1, 2, 3, 3, 1, 2, 3, 3, 3, 2, 2, 4, 2, 2, 1, 2, 2, 3, 1, 3, 1, 2, 2, 2, 4, 3, 2, 1, 3, 2, 2, 2, 2, 2, 2, 2, 2, 3, 3, 2, 4, 2, 3, 1, 1, 4, 2, 3, 1, 2, 2, 3, 1, 2, 3, 2, 3, 4, 2, 2, 1, 2, 3, 2, 2, 3, 3, 3, 3, 2, 2, 1, 1, 2, 2, 3, 2, 3, 2, 1, 2, 3, 3, 3, 2, 2, 2, 4, 2, 3, 1, 4, 2, 2, 3, 3, 2, 2, 4, 3, 4, 3, 2, 2, 3, 2, 3, 2, 2, 3, 3, 3, 1, 2, 3, 2, 2, 1, 3, 2, 2, 1, 3, 3, 2, 3, 3, 4, 3, 1, 3, 3, 2, 2, 3, 3, 2, 4, 2, 2, 1, 2, 3, 3, 2, 1, 4, 2, 1, 2, 1, 2, 2, 2, 2, 1, 3, 3, 2, 2, 2, 2, 2, 1, 2, 5, 2, 3, 1, 2, 2, 2, 3, 1, 4, 1, 2, 3, 2, 2, 3, 2, 1, 3, 2, 2, 2, 3, 3, 3, 3, 3, 1, 3, 2, 1, 2, 3, 2, 2, 3, 3, 3, 3, 2, 3, 3, 5, 3, 3, 2, 2, 2, 1, 4, 2, 1, 2, 2, 3, 1, 1, 3, 1, 4, 2, 2, 3, 4, 1, 2, 2, 3, 1, 1, 3, 3, 2, 3, 3, 4, 2, 5, 4, 3, 3, 2, 3]","[1083.9730127997932, -792.0066791704578, -1191.5781852318694, 1186.64144407242, 375.34379685311086, 6877.003938794582, 3.986523725253619, 703.7736070779608, -2514.14401623057, 5773.846097185544, -449.71216634889225, 379.87809334348077, -461.13033711209556, -47.33449755838052, 369.59077206342437, 800.9227783502831, 373.28596997048675, 2276.9356665137198, -195.49625851309207, -1224.762250587565, 1109.9469220048738, 4907.257201164392, -1256.6878571084974, 581.0235259055057, 894.5592171163398, 5901.84798728989, 563.6663259414977, -830.6783854806013, -447.2922949386528, 300.4329196856742, 478.24498883680104, -57.613786301392736, -603.2792229453471, 1092.7982598644937, 698.510389878333, 267.4833980309152, 2366.5573775458824, -1927.2447165372155, 271.1640310296911, 11.167994865742287, 123.03411680006451, 1379.6748132782736, 879.9031241182229, 2414.2118980455584, -2146.923636040619, -1794.4575924776864, -2724.9520754835503, -1855.9058738671115, 480.5294566178388, -2618.0675157554283, 1104.5353423099004, -304.7474658837743, -58.3075214142487, 357.92688645289996, -1799.0202485123982, -1164.5722489404848, -1668.1251595072692, -733.066308892732, -616.1573912988456, 295.86121924470706, -212.06967806809195, 6165.439232195674, -2502.3115949595144, -527.4358274239898, 2260.3474416640547, 305.322239628026, 44.1393360162258, -465.4850029859825, 1403.254346192865, -116.7248839243087, 954.3684151045645, 4384.576714618974, -1749.557906798584, 898.3045460930889, 1602.3490704391756, 950.1232528589123, 18.490541580629383, 615.932617902818, 1620.5085758420641, -1878.186890063591, 1209.3476183865055, 761.2404925639111, -1049.3864938237643, -1999.115791598605, -849.9078453851007, -952.3248806773436, -1259.0829028692856, -1380.5846484181193, -1128.8178040371781, 39.8136989483516, 2774.3932577170685, 853.237255407068, -1426.8497435523739, -223.6955838851889, -770.372427589391, -257.0192150538149, -2375.064024657761, 2478.375590538257, -901.757214240411, -658.3781359066338, 1175.6328926290378, 1360.0312044706554, 956.0774199079781, 1170.505890167781, 7925.140586573529, -193.22843260531562, 8600.68728675482, -387.1500347233055, -294.448428397497, -1113.8031622858816, -662.740827850791, 1042.4538426231056, -1445.249179514272, -170.4920469943077, 142.65276389306933, -434.7240225850631, 875.876834274479, -1756.2415202846691, -1212.5125686317378, 7045.5779000908815, 1077.5408906817008, -441.5739498535906, 393.3064539690559, -1156.9633775605175, -863.1625816531255, -446.7206580718767, -1173.1816208233963, -705.9209857495503, 1146.551552152639, 6062.488500113481, 1778.0653865029733, -775.3213592204374, -479.0114447143886, -1220.5583143355316, -2443.574343358469, -525.9690352266878, 58.17644021443857, 1224.262338846826, -321.2043696685135, -146.10786818386458, 623.0227856822412, 686.0333417925208, -35.22883896643981, 2.363535038419741, 957.5063386464717, -1655.4267249255026, 82.35288577576245, 2825.7449343012704, 6586.353090166001, -248.06905182396218, -1176.6036885880153, -2264.142962655025, 905.4551364663562, -1453.358919940773, -767.9457615721444, -1276.8567343854056, 315.52977987237904, -1370.5135991559182, -2097.7857934689714, 182.6533843082131, -1727.2034383203768, 110.04526232742188, 62.77850072464042, 1171.5000276144726, -210.48342772536404, 275.95241810613953, 236.2862602839611, 66.72257158443364, -2460.408514508226, -455.33731687573555, 22.8164602163435, -1981.3845176792402, 1077.8935736767114, -38.5064246429734, -1752.3718290905817, 1100.1692489264658, -1498.9284703930264, 4063.9475395677377, 4766.449521665166, 241.8715472712018, 777.9368188711933, 1343.076891447508, 64.4700429453481, 3153.5554459829586, 1087.3604008597877, 58.126776802558254, -910.9635144925819, 807.332211658628, -2937.9226338019907, 4844.38466232306, 807.1785927017902, -1570.059379716028, 1469.847419806547, 363.69604101155466, 1051.6584837929536, -41.70106370964692, 1807.9764838660585, 4072.0652906818964, -1063.604008052927, -1704.9637417906147, -55.06478878052104, 894.6681751361955, -923.5480801936606, 319.6514277835826, 291.2195524465225, -454.180745804212, -584.8225482938633, -1452.1650474797284, 1731.600652336148, 698.6962259354138, -488.8655281722159, -842.384344967634, 1206.0727839207614, 561.1550284509879, -1089.3011191689134, -253.5059387439449, -2177.1278242461144, 867.8193970205984, 8837.3515800117, 2278.660029009096, 2449.55605676632, -801.6834117055871, -429.81089864451, -14.817225664341947, 1252.8304254029724, -411.7295314660702, -810.82741635612, 771.3359130734501, -2531.093984707935, -1650.4566663746489, 6619.064766022226, 672.7710702855361, 1125.0696083097998, -2224.9786241147176, -1481.0547293767627, -1073.564784008835, 1333.3147759047874, -1275.2826818244566, -44.145960777055905, -656.4013505011953, 140.69143933484276, 710.0954200323577, -1503.7421978540467, 3762.2671442287797, 487.3685953183821, -218.05337801017373, 4842.803321376304, -378.08630522719005, -2022.9560464676752, 5203.490011164589, -3147.728465005889, 1202.305699141195, 8486.502419240704, -314.2726674196808, 2518.97783692008, -1516.6291311049936, -517.9855493573937, 1550.931607254416, 1177.2582834067166, 721.1555580104821, 66.03245725064892, 366.62823715329404, 5601.476753793382, 357.99501531520315, -1302.3070824235492, 898.9155874353546, -330.1564480895942, -505.97091607796307, 572.5368874366945, -1087.840767474529, 6891.448724270028, -854.0005513744716, -21.40907786796373, -532.6182896984162, -1027.1278667933489, -1965.4333573726694, 87.7311632805949, 820.0909443781463, 1466.5642415956406, -1004.220691949019, -409.10777398512874, 674.594479179548, 9422.751780253695, 263.9426423931017, -1536.9279133584582, 543.8876248030606, -963.3643514618325, -507.00429761876245, -75.99027629218841, 3759.8443855425885, -116.71687323665066, 1364.0922866842839, -1415.7151393642775, 668.1453773551743, 1391.0064688220386, 28.703219154440887, -365.81377684596026, -490.22217092514546, 1108.9614837083, 1085.4715775451502, 76.3664627983091, 1131.8224194313868, -38.89758824878004, -1216.6072205953305, -539.9598377356967, 4747.764510513483, -733.0285863509246, 299.98168466500084, 282.2818045334678, -1408.3740886250816, 974.0773608861434, -1392.3129659660776, 5623.571201572377, 887.9260144630066, -636.3907073021066, -813.5041757288336, 485.6568378393187, -1711.5110486700046, -2508.9204710662552, 1062.0448153645932, -1667.8159726942604, -168.11985659252963, 877.6795741700812, 909.0070173392069, -1080.663210793929, -404.63975225116525, 7154.656317363436, 561.8794256533306, 2.6510851806449978, -2311.82615751671, 832.0267687065975, -1415.9075610870398, 1484.736020926107, 1026.6119568685672, 969.8961157525396, 505.7546210273993, -544.7034379588192, 2521.8242525561027, -2412.8919289145756, 178.65266874539378, -2361.9652243580126, -1451.0297844338343, 2814.811525666992, -1411.281664539411, -385.5730397871916, -1529.3859189930054, 2539.8493555965138, 30.425680716255272, 1241.0473614100881, -1620.8907262051307, -967.6194751038593, 730.6420874313028, 647.3870604424467, 176.3762773993446, -2416.3336707415206, -1363.024132626938, -1218.7507307912883, -1184.5112613759743, -2623.4682064203994, 3784.3302286630214, -66.19735366121091, 1172.576690178824, -2495.4619009485323, -1117.4728354329156, -87.9928664347537, 1120.332234324211, -1073.887409549036, 548.7215186403475, 812.240516606674, -1443.979409694419, 1248.481839302989, -1305.9191129160981, 167.3305453559321, -1484.1975021456287, 431.1068560465675, -580.6936134617126, -1811.0093570318004, 360.01058902027165, 549.1403951715574, -2825.6955506251766, -1341.6984371032088, 297.53238975737094, 687.6932794792963, 1015.3233719421683, -4.893821919694176, -1156.3652044723026, -1087.953639954273, 1756.9096607593542, 4238.353622961462, 264.0362960154335, -783.5167121385325, -1423.4840884438377, 1066.5884929282715, 674.5738101811382, 1496.8974272743326, -841.9260639609347, -915.6599523918264, -1375.8653483709459, 1428.7285978205407, -903.380410063796]"
1.75,2000,276264.441696668,276264.441696668,0.026021718978881836,181.4889699720483,"[2, 1, 3, 4, 3, 3, 3, 2, 2, 2, 3, 1, 2, 2, 3, 3, 3, 3, 1, 4, 3, 2, 2, 3, 2, 3, 3, 3, 2, 5, 1, 1, 1, 3, 2, 3, 3, 3, 3, 3, 2, 2, 2, 5, 3, 1, 2, 2, 4, 2, 1, 3, 3, 3, 2, 2, 3, 3, 2, 4, 2, 3, 3, 2, 4, 2, 4, 2, 1, 1, 3, 5, 3, 2, 3, 2, 4, 2, 3, 2, 3, 3, 2, 4, 2, 1, 2, 2, 4, 3, 4, 2, 2, 1, 2, 2, 2, 4, 2, 4, 2, 4, 2, 2, 2, 3, 2, 2, 3, 3, 3, 2, 2, 1, 2, 2, 2, 3, 3, 1, 4, 3, 2, 2, 3, 1, 1, 3, 1, 3, 4, 3, 2, 3, 3, 2, 2, 2, 4, 1, 3, 3, 1, 4, 5, 2, 2, 3, 2, 2, 3, 3, 1, 2, 3, 3, 1, 2, 3, 3, 3, 2, 2, 4, 2, 2, 1, 2, 2, 3, 1, 3, 1, 2, 2, 2, 4, 3, 2, 1, 3, 2, 2, 2, 2, 2, 2, 2, 2, 3, 3, 2, 4, 2, 3, 1, 1, 4, 2, 3, 1, 2, 2, 3, 1, 2, 3, 2, 3, 4, 2, 2, 1, 2, 3, 2, 2, 3, 3, 3, 3, 2, 2, 1, 1, 2, 2, 3, 2, 3, 2, 1, 2, 3, 3, 3, 2, 2, 2, 4, 2, 3, 1, 4, 2, 2, 3, 3, 2, 2, 4, 3, 4, 3, 2, 2, 3, 2, 3, 2, 2, 3, 3, 3, 1, 2, 3, 2, 2, 1, 3, 2, 2, 1, 3, 3, 2, 3, 3, 4, 3, 1, 3, 3, 2, 2, 3, 3, 2, 4, 2, 2, 1, 2, 3, 3, 2, 1, 4, 2, 1, 2, 1, 2, 2, 2, 2, 1, 3, 3, 2, 2, 2, 2, 2, 1, 2, 5, 2, 3, 1, 2, 2, 2, 3, 1, 4, 1, 2, 3, 2, 2, 3, 2, 1, 3, 2, 2, 2, 3, 3, 3, 3, 3, 1, 3, 2, 1, 2, 3, 2, 2, 3, 3, 3, 3, 2, 3, 3, 5, 3, 3, 2, 2, 2, 1, 4, 2, 1, 2, 2, 3, 1, 1, 3, 1, 4, 2, 2, 3, 4, 1, 2, 2, 3, 1, 1, 3, 3, 2, 3, 3, 4, 2, 5, 4, 3, 3, 2, 3]","[21.98118256841506, 215.95273674306105, 775.0787900667526, -302.00202460630106, 215.40905010593167, -522.8300558425599, 556.4751369472785, -113.08565741177893, -694.0092250225133, -1691.7192605560087, -177.68115787370783, 95.00250519374401, 421.8247865246246, 734.8648118581131, 255.125842495672, 223.69502082031164, 403.826743661752, 41.86194557332516, 54.78448889008422, -286.48377710179926, 286.7515774324469, -1707.7699345552144, 88.15300634573518, 63.62779669749227, -266.88374967248745, -1741.7984959489904, 93.01952252667957, -881.7534334438573, 416.41081513078865, 395.60265973182646, 529.2380137268476, 187.12797448424232, 64.14638541479677, -155.94167841272017, 126.43990705757372, -426.6758619079103, 957.9361707852626, -56.95742085000637, -192.97923479475446, 241.70313609383282, 351.58823665699737, 848.1417427702496, -340.3051897016331, 846.8112905522904, 28.98937502713775, -662.9970721664831, -903.1924267440405, -5.712440568688468, 969.0607667176844, -261.61390347228115, -188.39375183700037, 191.68764278625218, -143.2328256141344, 81.5333498612543, -211.92689461398322, 210.42478546277124, -232.8308447752985, 189.41999977462305, -483.7601832878235, -175.95668291604053, 880.8007407386835, -1200.0011616109116, -804.009515937127, -355.4692094458077, 171.9308373956532, 428.08699347514295, -379.0908721964212, -63.08488476043607, 421.11369218185575, -674.4659683446292, 384.6815857830729, 890.7814617906594, -443.09715399978535, -189.19360142897136, 390.86163578139457, 27.99933104080841, 50.18833938843015, 137.75931894267387, 60.778902726872104, -668.7105081322655, 269.8877374336911, 1361.375313951512, -637.8755276345082, -107.9941714623306, -82.67549126086834, 206.54096087801065, 89.09003985620674, 57.47070587754379, 120.63644811970113, 146.6808546578451, 163.4233292511115, -13.250625128812576, 79.9643573628673, 566.397621932856, -114.93603750225915, 341.9687084655457, -198.37523551495525, -128.15757051360868, -206.69060432544507, 79.85715309806875, -85.87635880529268, -267.9725381215415, 1077.9884783142902, 434.76120548537796, -689.4510779115335, -90.44660452423483, -1405.4495460721491, 392.8808625345021, 371.64867961375813, -46.90441570554164, 3.4776768931042454, 3.524878055918233, -8.066118344373823, 466.42689910701546, 581.3790641008951, 558.1239566842023, 57.04736986542767, 99.60709274067563, 70.86994381925913, -422.1582154253858, -248.25579181512882, -230.7507317180959, 727.7694289859422, 840.6916175086349, -155.45868320602864, 574.4980973147389, 372.10402943686245, 30.982868207461824, -444.62825386747, -1838.4592265990184, 1141.3599211493474, -349.3229701166487, 257.68578477795586, -808.3729568324537, 307.7861761195988, 288.88123687166205, 747.0926682965603, 79.05656336200364, 507.7269939538708, 61.10955470094632, 560.7715722783507, -210.94814445423722, -366.9859602691305, 289.9899258182139, 862.5783887001305, -242.4584802150037, -28.27303071459369, 967.5560001795367, -1070.4230782231054, 550.2857616792908, 128.9554048115839, 628.938308525549, 203.78613508922194, 759.8704224528865, -23.906131281245617, -311.4140763602914, 117.9656420455874, -507.5787990129616, 168.07569991541402, 54.654727518553216, -36.370002762649506, 701.1519079596494, 454.3180025970043, 239.3517160369538, 719.539449478206, -104.01657281104718, 386.4351305050625, 401.47954485949873, 151.63665006441914, 144.76365169807323, -321.6655458957652, -510.7086450059788, -417.76662656728445, -784.2234856131731, -521.1517041640406, -135.50755915190956, -767.5574452277611, 1006.2310716641985, 1375.240601547425, -260.6743589265736, 176.85047528729052, -373.6996406949055, 537.4711929003519, 441.7185272115106, -342.3149472654504, 452.6331325806477, 111.20334818727957, 4.709183821892903, -702.2431943878059, -1807.7024959283845, -184.40227068259526, 131.6004680392962, 387.95327505182735, -61.55132374450176, -191.0242343988509, 497.52416553756785, -137.66593152130758, 1437.3039576766923, -553.1576280624552, -381.3886328515347, 507.41208806351517, 289.4916322133686, -291.33100730190694, -528.5712157963161, 285.78766125499243, 740.3554268420353, 116.26776275431556, 639.5639452597466, 65.56237473363612, -42.437813034327576, 195.20946153288037, -232.2493028187937, 244.4839413779813, 21.867649805001005, -56.554137464579355, 197.31948324830034, 40.80640874252947, 297.6661400969972, -513.8165655864361, -72.73193245670876, 97.90519006839762, 226.75972047926928, 477.0144978268748, -239.40335698084016, -90.43129319935085, -84.11608132879843, -831.5873515218897, 381.79495937428584, 87.3121988918459, 370.18234635021145, -641.8118255769202, -100.95627919289672, -500.34292871554015, -203.58661385472934, -224.53472709955483, 545.8051936745901, 1021.1712724343372, -95.55168439677794, 179.52908494159914, 829.816778667273, 186.3690883100134, 430.3649324589407, -210.9672068735539, 1779.1770801687294, 197.36605515264034, 420.91547803963596, -1359.176724307753, -337.1065445652816, -822.7467276085374, -1508.188932371148, -529.9417408131065, 99.2638533008436, 83.34559977232595, -45.45102372138791, 466.52205531432963, -126.7698814739851, 285.7577918367566, 354.01765485114595, 493.2236687003046, -196.7118445972415, 350.571534029848, -307.27156320920045, -1861.7481729987187, 180.50708186981277, 185.15645638841573, 127.18919260792266, -550.3112450593926, 439.3681361373427, 707.6505966487124, -449.48358529536455, -1545.833316160062, 369.3973362963558, 211.31747110355133, 411.32206817198727, 191.38327063182015, 304.6777554089901, -437.8351375323171, 474.6502647421244, 1076.106640932667, -418.0797243023073, -243.45274152671072, -259.98059488731843, -656.3303169831886, 296.4594317909188, 118.63817114443921, 268.4194722272642, 22.210087752890043, 428.0600439044875, -369.52576937649053, 501.95693094297513, 524.543458465125, -448.2532847416149, -573.7092138760754, 382.77553717128734, -196.96147416001244, -95.78953016757762, -523.5050949391384, 349.3598456817877, 468.61681003602786, -454.77820198994715, 216.1950016421062, 351.51394690957375, 414.94211344832655, 312.2680819339286, 215.19950975627432, 602.0581739277029, -445.0249847281187, 203.20411579012463, -434.7953256230376, 147.49846200893583, 138.4669563739967, -542.1811148003653, -1105.62866591685, -185.1331228835945, -233.68642879287847, 219.70385753620025, 368.02728650799224, 28.01216829071245, -146.00547376304309, 63.366799061357725, 237.32145256517947, -258.5809682371304, 165.56999575323346, 216.37506980958156, -302.0277396735836, 162.25711641462954, -658.7170568230422, 259.0506304981747, 2.9093622172108518, -11.297608538566184, 311.66958533682265, 494.9277792044026, -237.6381606495048, -81.08143980350599, -3.054501338680243, 48.17013768878547, 386.4282392776278, 160.4035845218271, -341.8864408693474, 1080.4975660897596, 33.966405374115254, -243.27091718210744, 1188.3117893644016, 227.79148111487302, 313.10841760104904, 93.39539457448006, 1035.7421788799084, 387.8201990618988, 151.6450847151745, -493.4366764790091, 223.58671450904563, -42.11240936893557, 403.5716622702304, 1221.1246026513309, 432.0042029229824, -594.3239511064503, 205.97378667285244, 297.3811539765064, -122.44473483930545, 1137.3014440764678, -298.45694984942133, -138.18842652502454, -72.11551697866167, -452.92661815037246, 3.374213075733646, 131.3668008185354, -675.1604493053145, -210.73427817031157, 477.7216523597813, -155.1932312916233, -418.17566335830224, 888.3573367009983, 321.4339329082597, 256.31894576700813, 533.681366408277, 61.14459450316899, -622.8585401933198, 258.87397653755835, -131.7426944955849, -508.6843293488095, 106.07782747242283, 520.7842304237323, -27.63895399824793, 1434.278189301731, 164.17214685331476, -596.0213641667772, -543.631120705994, 27.800444750016933, 461.9948197231283, 138.11186252072656, -662.7384913703827, 564.2236241090213, 140.7446028013833, 7.566346694909068, 640.5496255128909, 5.037792708876818, -45.27015406196952, -137.68512328399567, -124.51740161509576, -326.01231306052813]"
2.0,2000,0.6822480933929637,0.6822480933929637,0.012476921081542969,0.3712262941119555,"[2, 1, 3, 4, 3, 3, 3, 2, 2, 2, 3, 1, 2, 2, 3, 3, 3, 3, 1, 4, 3, 2, 2, 3, 2, 3, 3, 3, 2, 5, 1, 1, 1, 3, 2, 3, 3, 3, 3, 3, 2, 2, 2, 5, 3, 1, 2, 2, 4, 2, 1, 3, 3, 3, 2, 2, 3, 3, 2, 4, 2, 3, 3, 2, 4, 2, 4, 2, 1, 1, 3, 5, 3, 2, 3, 2, 4, 2, 3, 2, 3, 3, 2, 4, 2, 1, 2, 2, 4, 3, 4, 2, 2, 1, 2, 2, 2, 4, 2, 4, 2, 4, 2, 2, 2, 3, 2, 2, 3, 3, 3, 2, 2, 1, 2, 2, 2, 3, 3, 1, 4, 3, 2, 2, 3, 1, 1, 3, 1, 3, 4, 3, 2, 3, 3, 2, 2, 2, 4, 1, 3, 3, 1, 4, 5, 2, 2, 3, 2, 2, 3, 3, 1, 2, 3, 3, 1, 2, 3, 3, 3, 2, 2, 4, 2, 2, 1, 2, 2, 3, 1, 3, 1, 2, 2, 2, 4, 3, 2, 1, 3, 2, 2, 2, 2, 2, 2, 2, 2, 3, 3, 2, 4, 2, 3, 1, 1, 4, 2, 3, 1, 2, 2, 3, 1, 2, 3, 2, 3, 4, 2, 2, 1, 2, 3, 2, 2, 3, 3, 3, 3, 2, 2, 1, 1, 2, 2, 3, 2, 3, 2, 1, 2, 3, 3, 3, 2, 2, 2, 4, 2, 3, 1, 4, 2, 2, 3, 3, 2, 2, 4, 3, 4, 3, 2, 2, 3, 2, 3, 2, 2, 3, 3, 3, 1, 2, 3, 2, 2, 1, 3, 2, 2, 1, 3, 3, 2, 3, 3, 4, 3, 1, 3, 3, 2, 2, 3, 3, 2, 4, 2, 2, 1, 2, 3, 3, 2, 1, 4, 2, 1, 2, 1, 2, 2, 2, 2, 1, 3, 3, 2, 2, 2, 2, 2, 1, 2, 5, 2, 3, 1, 2, 2, 2, 3, 1, 4, 1, 2, 3, 2, 2, 3, 2, 1, 3, 2, 2, 2, 3, 3, 3, 3, 3, 1, 3, 2, 1, 2, 3, 2, 2, 3, 3, 3, 3, 2, 3, 3, 5, 3, 3, 2, 2, 2, 1, 4, 2, 1, 2, 2, 3, 1, 1, 3, 1, 4, 2, 2, 3, 4, 1, 2, 2, 3, 1, 1, 3, 3, 2, 3, 3, 4, 2, 5, 4, 3, 3, 2, 3]","[2.7154827979567466, 2.289885668587844, 2.4609788988110837, 2.0571283824036364, 2.812207731435395, 2.9156306249516533, 2.332575729397764, 2.15948893997136, 3.7628416519521677, 2.463924697993538, 2.7295854776845765, 2.496508875923954, 2.4113792036004202, 2.3533520715388545, 2.245176175083908, 2.298336521440841, 2.3459119514074405, 2.6024768362493154, 2.426377248315683, 2.4824359083694874, 2.156571231385419, 2.757065067264656, 2.4302443122178357, 3.3782802585001894, 2.1140967865526346, 2.436790265262717, 2.1374390766490095, 2.1802589249856643, 2.4084457514133044, 3.858072945701276, 2.2419373009705135, 2.3451638754373665, 2.4224718804964147, 2.283499278130625, 2.175450273097848, 2.136364490963987, 2.592434927035131, 2.437456814623408, 2.126157351298891, 2.359804246709217, 2.2974423953024234, 2.5534950072716, 2.112255115604167, 3.5881834389689087, 2.4840253680938713, 2.374668224532136, 2.556317428106767, 2.4272826141131127, 3.530655989962723, 2.5542094029693496, 2.1037546650234615, 2.6859889073595378, 2.191051717607308, 2.2191811360232547, 2.491480658836146, 2.4206142941886295, 2.4261239431604373, 2.4063882565182646, 2.237292538553679, 2.4626180281593917, 2.4174944484682848, 2.5306938282230806, 2.4571366605823655, 2.2657570191791, 2.126678269897026, 2.336046703271173, 2.7276885933964876, 2.2724185461972213, 2.230602749212532, 2.168795538986088, 2.7030360866065797, 3.462706905229637, 2.379995793480329, 2.1182513717255587, 2.406564818897526, 2.122112214580194, 2.3971338886475477, 2.3276545166489586, 3.8196894027340056, 2.521648544381054, 2.428650884932958, 2.521663162938945, 2.2365187560824444, 2.4477438402178233, 2.23382064817367, 2.380569652657607, 2.430752025096375, 2.4515599897849647, 2.518227339394447, 2.300238232410859, 3.609723351965567, 2.1377020191282416, 2.9993585522264556, 2.3758922983682615, 2.3702299167270238, 2.368110783840462, 2.51259347359217, 3.515199274649251, 2.3693799122189536, 2.2080649064468476, 2.1604616354317945, 3.4637361738827037, 2.4279061486125366, 3.494955897200377, 2.3420848113259494, 2.219652876431687, 2.434253243021498, 2.395696516907763, 2.596378732380099, 2.3950064163698954, 2.620721276491222, 2.2239021193772572, 2.3501267832381836, 2.3596654291945147, 2.308129155746309, 2.3054859899544358, 2.1378513138149113, 2.6235689457744362, 2.4208798302358887, 2.5478625547047966, 3.39730866962569, 2.2574526958883023, 2.342657581308885, 2.4585896291050573, 2.4092239795057195, 2.418221647852711, 2.432336423329103, 2.3233872779483584, 2.055729748460128, 2.5805129704947527, 3.199517248933416, 2.2031638478405733, 2.4483496475185995, 2.2579589383416834, 3.0836288907509966, 2.415226936068484, 2.4220879096212418, 2.0738960177820034, 2.647624139773881, 2.3297536715161864, 2.8139012876261758, 2.2444550635039633, 3.5985589826458706, 3.51211729459576, 3.8846828893740883, 2.3748870421474373, 2.2813235041577453, 3.6238164895007365, 3.2275053216158107, 2.467213096214126, 2.3565687095791383, 2.543513824474638, 2.1414782431697867, 2.640754848536324, 2.3315870394865565, 2.299584561828965, 2.2467391995985455, 2.353137793342891, 2.4835059756073425, 2.4234619253283323, 2.668878235401484, 2.4972465141669393, 2.3151641968407586, 2.2539494307785066, 2.382988599059822, 2.240283379809154, 2.278383219417691, 2.486636109204624, 2.5504793426404566, 2.371267002131616, 2.2964901910336377, 2.4192423960909926, 2.070284184311587, 2.1472658908587086, 2.3756437644101953, 2.171510230344018, 3.629073241552082, 2.6303027972965025, 2.21448394826688, 2.127418370163719, 2.187834142687302, 2.091315985428672, 2.368299181344286, 2.184436771977279, 2.073225899830223, 2.456317345709776, 2.3668531416055263, 2.1474331826335775, 2.4771814534164225, 2.5938899946883502, 3.50722138501383, 2.4917257197316274, 2.3828065146711537, 2.213529118715873, 2.2253902575023146, 2.3615847722318537, 2.0715201636654252, 2.5240936494724475, 2.2444811878444133, 2.375491053447056, 2.4129627046000035, 2.1729859645175535, 2.2345856337679484, 2.096084619325903, 2.2617896687205543, 2.4894151892053453, 2.3937673430820037, 2.5013736952024552, 2.3179412711403664, 2.2328633167885297, 2.4024130256893623, 2.3325212627070147, 2.087648998436634, 2.19467042327724, 2.412152389272936, 2.5778024793793453, 2.4904281916176725, 2.1544049786330284, 4.003244287303613, 2.1191206855958784, 2.0865689524924234, 2.353584514613456, 2.3106659605508404, 2.176883906218748, 2.0579429479870357, 2.261023212701118, 2.7939744183481343, 2.785432653776165, 2.603592036919293, 2.5723933043585467, 2.7329641805788327, 2.1660610011213404, 2.2756685837144066, 2.5718802108795202, 2.415688939486654, 3.201546938023675, 2.4854187512824955, 2.448795524374431, 2.3180363894307634, 2.7152413656722247, 2.2838022397319127, 2.2844106009541387, 2.457873347440625, 3.7444078207074725, 2.1100165317168154, 2.585132693570665, 3.341616021130605, 2.2259432545989477, 2.298068216099709, 2.867331969628288, 3.843658248569918, 2.2110830727800783, 3.886976608471008, 2.23220989382265, 2.09659528909463, 2.4655537164922943, 2.4135345598066866, 2.102207384109999, 2.1086028415354248, 2.175128210337249, 2.4199523821832054, 2.364382399441526, 2.4856187366920466, 2.2426857599017516, 2.444863423942875, 2.1379159896884916, 2.3593892972372563, 2.4208847169375165, 2.5359330746236437, 2.4749010763138473, 2.6164484854636227, 2.5280755286554064, 2.4473960532174766, 2.5557645465145815, 2.8806902879692418, 2.9060134302164955, 2.1452481497311227, 2.1744197514563104, 2.2750553159498508, 2.241789912488578, 2.2505703657569924, 2.1557773918033947, 2.8863488264246495, 2.267571954281696, 2.4847023582451673, 2.237448973429001, 2.421791759998072, 2.3220812369864543, 3.3102353187560394, 3.555552255350163, 2.353214456460174, 2.038835508720484, 2.3092262594661603, 2.269550343075699, 2.3653993148972177, 2.2018278297480545, 2.3127010893633178, 2.375222674315341, 2.3065587224548345, 2.724729818970741, 2.345983173904537, 2.272777040448661, 2.3317694271458844, 2.460865959555684, 2.4132442337648667, 3.4860121572998994, 2.189249892891283, 2.254983694070814, 2.1089549422470846, 2.4623994611919895, 2.256162382689401, 2.4384448918977237, 2.7698439784663864, 2.1204514608658958, 2.2938023159144003, 2.245897779229544, 2.23046902826931, 3.718674315784856, 2.5409689822483092, 2.103335101405761, 2.4072045961948323, 2.2044331696834982, 2.583084759542692, 2.28636038337641, 2.3357606307192684, 2.384558456127398, 4.200271883354244, 2.2093624742073796, 2.2982190605046915, 2.60018762738561, 2.161992465540088, 2.661047122944277, 3.4534192220756705, 2.100949247976204, 2.228347183076689, 2.2661295006771334, 3.7411995260229585, 2.2087303283630497, 2.5107153330411522, 2.8155876540752796, 2.5246623413165232, 2.3365065706071824, 3.775678841523019, 2.4679643599164116, 2.39041368089364, 2.6793985439184813, 2.3695357499300087, 2.3170739599392753, 2.075286388393992, 2.352720329394358, 3.700864518803539, 2.1830142866176483, 2.4811818184902905, 2.6094471469152065, 3.4373158884646724, 2.2980565761382965, 2.5182532967452054, 2.4297895956048867, 3.189396411975552, 3.700142487351364, 2.1828271660745493, 2.0700069686563385, 2.5430645096360465, 2.2608490883733103, 2.317668140450474, 2.2172901723482568, 2.94084162718351, 2.1824605241977366, 2.176083921447078, 2.450153092509936, 2.0821476307366327, 2.796653483015182, 2.331129232173138, 2.48342139644083, 2.459446428054356, 2.30178953767093, 2.4507089500322627, 2.2472070265980655, 2.18732026614641, 2.4682366492234555, 2.728547777540979, 2.2752970562674357, 2.167846259527748, 2.2701820059270412, 2.309715539476925, 2.259196597990532, 2.249642935442896, 2.135319618388147, 2.1469600812724674, 2.25765502648714, 2.185106987326348, 2.710678766278439, 2.1073204489525055, 2.611294446849121, 2.4309475948685924, 2.3472697261792144, 2.3579516395680487, 2.44089645187874, 2.5098673294399894, 2.469733949448046]"
2.25,2000,1.545007208978385,1.545007208978385,0.010570764541625977,0.49548488651867173,"[2, 1, 3, 4, 3, 3, 3, 2, 2, 2, 3, 1, 2, 2, 3, 3, 3, 3, 1, 4, 3, 2, 2, 3, 2, 3, 3, 3, 2, 5, 1, 1, 1, 3, 2, 3, 3, 3, 3, 3, 2, 2, 2, 5, 3, 1, 2, 2, 4, 2, 1, 3, 3, 3, 2, 2, 3, 3, 2, 4, 2, 3, 3, 2, 4, 2, 4, 2, 1, 1, 3, 5, 3, 2, 3, 2, 4, 2, 3, 2, 3, 3, 2, 4, 2, 1, 2, 2, 4, 3, 4, 2, 2, 1, 2, 2, 2, 4, 2, 4, 2, 4, 2, 2, 2, 3, 2, 2, 3, 3, 3, 2, 2, 1, 2, 2, 2, 3, 3, 1, 4, 3, 2, 2, 3, 1, 1, 3, 1, 3, 4, 3, 2, 3, 3, 2, 2, 2, 4, 1, 3, 3, 1, 4, 5, 2, 2, 3, 2, 2, 3, 3, 1, 2, 3, 3, 1, 2, 3, 3, 3, 2, 2, 4, 2, 2, 1, 2, 2, 3, 1, 3, 1, 2, 2, 2, 4, 3, 2, 1, 3, 2, 2, 2, 2, 2, 2, 2, 2, 3, 3, 2, 4, 2, 3, 1, 1, 4, 2, 3, 1, 2, 2, 3, 1, 2, 3, 2, 3, 4, 2, 2, 1, 2, 3, 2, 2, 3, 3, 3, 3, 2, 2, 1, 1, 2, 2, 3, 2, 3, 2, 1, 2, 3, 3, 3, 2, 2, 2, 4, 2, 3, 1, 4, 2, 2, 3, 3, 2, 2, 4, 3, 4, 3, 2, 2, 3, 2, 3, 2, 2, 3, 3, 3, 1, 2, 3, 2, 2, 1, 3, 2, 2, 1, 3, 3, 2, 3, 3, 4, 3, 1, 3, 3, 2, 2, 3, 3, 2, 4, 2, 2, 1, 2, 3, 3, 2, 1, 4, 2, 1, 2, 1, 2, 2, 2, 2, 1, 3, 3, 2, 2, 2, 2, 2, 1, 2, 5, 2, 3, 1, 2, 2, 2, 3, 1, 4, 1, 2, 3, 2, 2, 3, 2, 1, 3, 2, 2, 2, 3, 3, 3, 3, 3, 1, 3, 2, 1, 2, 3, 2, 2, 3, 3, 3, 3, 2, 3, 3, 5, 3, 3, 2, 2, 2, 1, 4, 2, 1, 2, 2, 3, 1, 1, 3, 1, 4, 2, 2, 3, 4, 1, 2, 2, 3, 1, 1, 3, 3, 2, 3, 3, 4, 2, 5, 4, 3, 3, 2, 3]","[3.7141950269449646, 0.8444849545143016, 0.917990882548076, 2.6054465489942675, 3.425332251808315, 4.044541753362062, 1.7752790690990774, 2.614128758332168, 3.5900060789196266, 4.237486208152331, 3.2694641403137754, 2.5893604669502652, 2.464787880427641, 1.4356289603822774, 2.109278205521548, 2.3361674119210183, 2.292193074384863, 4.060670669594122, 3.0741979045169763, 2.1596305140137435, 1.886711184067135, 5.089204085549951, 2.4517395781051254, 2.9895307587500684, 2.7809847794063756, 4.235184669055318, 1.3583214256695484, 2.757299766663413, 2.4645390653901256, 4.368408003747765, 1.426178773861278, 2.8637642571247195, 2.6886311916421484, 2.7091602360857823, 2.1033640634760014, 2.4899931263697175, 3.5792085869574684, 1.925584370140606, 1.743122250385873, 2.928186448469487, 2.113711419603425, 2.4951636024717443, 2.9515347468067663, 3.205380014151008, 1.9295343088611552, 3.115201893853303, 3.0892837780262252, 1.7540152180673176, 3.2313555136767134, 2.9597243758408354, 2.6725817812288613, 2.7839891868276223, 1.919332759889728, 1.5839706337257522, 2.1968922021407584, 2.1095104058263923, 2.5631024443902684, 2.048787653772635, 2.439560008160884, 3.0104358941643468, 1.5042499054851088, 4.257797995608454, 2.87732613852919, 2.779200142435978, 3.0724435531697543, 2.05746973067722, 3.5742210886645203, 2.096940461527321, 2.5503048679571596, 3.1123882375342418, 2.7734064252730546, 3.826541080035157, 2.6035352444861446, 2.6106309930932565, 3.029347545644566, 2.0988399362073404, 2.6901463219980513, 2.6800665158938424, 6.573470694281339, 3.2716977838686514, 2.6807908884650717, 1.3685429090134327, 2.42065936291963, 2.0971630920230293, 1.0547810882051183, 1.9354076467845625, 2.451782642246234, 2.624253748830514, 0.9775404687750116, 2.6260670952283167, 5.360718156984322, 2.2708684391191176, 2.6945567629925997, 1.9496593526058277, 2.4946588441841264, 2.4611178586242954, 2.6147821626722756, 5.247663639035725, 3.0218759975349636, 0.5404779564212152, 2.1981120879388643, 4.310241029828308, 2.244462774661955, 2.4794665119422934, 3.0615053975906474, 1.9217587065054986, 6.010695950935816, 2.4634576769578493, 2.54982173594827, 2.6194568820015003, 2.291845032396696, 3.276906615993418, 1.406058515021173, 2.1189891693414813, 1.6024993361701876, 0.7340958163086642, 2.100174924581699, 2.6947040760320005, 2.450945283946905, 3.4835521916603844, 3.30587996200495, 2.437083415414583, 1.7949692235939847, 0.7470820473051161, 2.9025590678997695, 2.123955900282645, 1.769092319926493, 2.101263622804143, 2.9467402724300364, 4.8591773978746575, 3.7522484486998984, 1.5642993154214264, 2.8573457435082954, 2.934596449504112, 1.8736840445204082, 2.806526599988196, 1.3667723064246133, 1.753337889204372, 1.185385670695009, 2.9699829463671277, 1.5847334809465785, 2.888061110487646, 4.517893231546274, 2.790017812134897, 4.003742329651136, 2.090983387773981, 2.9658751057958472, 4.471357110082167, 5.393107441600122, 2.0534245297263225, 1.3622595345619943, 0.7396368682312544, 1.7590702048763505, 1.2479746713683186, 2.272665303217565, 1.9138900633774045, 2.4508231364471156, 2.8983241239297595, 1.5880778986700883, 3.0144345258290217, 2.311622696138156, 1.4691666083864923, 1.944508402838812, 2.2248767238369602, 1.6088489045313858, 2.9623940877229225, 1.9413886450607403, 2.151091345975418, 1.9351709264417818, 1.6892256005587936, 3.2282562793685843, 2.948276491662865, 2.9479747778084757, 3.281268273240542, 2.773872283633277, 2.36975540603295, 3.8083598594689576, 4.714836615302082, 3.1485559143700295, 1.9139353875374812, 2.167594858638065, 2.890242591109465, 2.2460822769592763, 2.9771454322711164, 2.7775181160471534, 2.9400369726913946, 2.104950391773474, 2.271693835157028, 2.767836258954572, 4.59410877800296, 4.13759246281846, 2.627660600882641, 1.745020371925115, 2.3446670555966573, 3.012804829962752, 2.182332364706256, 2.9225692427063863, 3.70826804239035, 2.2506285576648235, 2.4324469753218994, 2.6544633835839626, 1.8249230826868286, 1.5669645072655767, 2.4233961958989787, 2.110687359916705, 2.0454903343641124, 1.8618402542801014, 1.4335356970672701, 2.671400513251167, 2.731542439870723, 2.976145903450189, 2.7848630769917264, 1.4130920598689065, 2.4464066695312257, 2.199181227586469, 2.889658455943206, 1.9300773955295774, 1.589460471223492, 7.0209286769174675, 3.373056066104703, 3.0690414860221944, 1.7624125931501309, 0.6943763716259306, 2.0888372256420995, 2.0933971072617013, 2.0959739108046667, 2.969372014341245, 3.4188746184617753, 2.158391795429931, 1.539765504672647, 4.866599701127377, 2.614686199714293, 3.205443853129128, 2.5451240371995394, 2.6253977456547397, 2.2147672842158217, 3.0372026948618434, 1.978220093004367, 2.627576732619393, 1.4553489648209785, 2.4539668187480252, 1.945564182356226, 3.307613957789718, 3.8650833538938167, 0.7175161219819486, 2.3781616706881974, 4.9245512835002945, 2.1603654049023153, 2.2405253641036627, 5.844039738614246, 3.299793960694916, 2.7235419639048253, 5.917487581914861, 1.4780722296616846, 2.2163610301364716, 3.1375592280120737, 2.806383052851168, 1.6038680910757752, 0.9027508290669717, 3.020048031556827, 2.4540086343581136, 2.0513865447037865, 4.751444826807367, 2.2797731465194113, 2.282273391589295, 1.9294742326874295, 2.8910122492797137, 2.4655941368472805, 2.720231985093746, 2.1688087845635287, 4.739006666201837, 1.8137161559528208, 2.6118718631585307, 2.6210636648328802, 2.754991580278727, 1.4211870098138184, 2.427566240229637, 1.2497457662950295, 0.41207936461065353, 1.908987928647904, 2.4364996570573365, 2.9552263006806654, 5.137979641875039, 2.1111778126348835, 2.6270648802639758, 2.171803182205264, 1.6976976787282907, 0.8660507915997058, 5.102456116409165, 5.200065632248686, 1.9477358209696545, 3.008487702121518, 2.597532581706097, 2.300886810123178, 3.528956786891269, 1.9834271852716152, 3.0499074689128975, 1.9537891298802326, 0.9007151521962737, 3.38221760792187, 2.9270141468504263, 2.4755309714414055, 2.116623034032806, 2.176104943844847, 2.9770646051271674, 5.550228043867175, 1.733825313244352, 2.280816255715147, 2.2537816773415527, 2.4544669737086546, 1.912826737026751, 2.5818157499838157, 4.59281789648609, 2.610817604371393, 2.6108727632072353, 0.37298075813495, 1.766618391831731, 2.279604211828193, 2.6171889696697757, 1.9265410861874939, 1.0694874923936204, 2.2618801283222068, 2.1059178290650076, 3.1746785371603843, 2.4479120590836208, 2.9746314811545456, 7.364404449269376, 1.935534314322288, 2.967308184713842, 2.206112713242513, 1.5901040408878337, 1.8098240719480865, 3.9277947827918114, 2.2677510737933297, 2.437756705994278, 2.709375981733206, 3.335048740249007, 3.867264906856547, 2.95603521441922, 2.607782826538006, 2.1036873094009447, 1.9170217834168952, 4.535912030223806, 2.2842328100097253, 2.633715765179617, 1.4286427038001475, 3.383434307378055, 2.1153765663929476, 1.5827496425674408, 2.6012217431277125, 2.6341543809351675, 2.6793045721463313, 1.9434280224896083, 0.7995230364305574, 1.7756426322649514, 2.5965851706017133, 2.2138114922584577, 1.9395824760197886, 2.79204667020601, 5.226978195555806, 2.260047509872818, 2.2651265536380043, 2.4466605343399395, 2.081310703190588, 1.9185659266278925, 2.9349334361090507, 2.9071424532096994, 2.9574895605411378, 1.2498869209797736, 3.13625294906512, 2.826284535507755, 0.9411181579954724, 2.1645784121692, 2.285543873861246, 2.710080101993335, 1.9287255275559163, 2.1824498081970485, 2.1094504620859817, 2.7871955855351134, 2.254959028731812, 1.75290009485512, 1.5997145217118476, 2.4441314474093345, -0.2596522777182755, 2.626870959195673, 2.422582894555803, 2.251066376432758, 2.6345780282612985, 4.152417176399835, 2.4517490154809454, 2.24559244560743, 1.6913373232553701, 1.756172945160672, 2.6204291041976013, 3.7154071691494646, 2.2739955066873563, 2.445607722901753, 1.9143696977554274, 2.7381868630040187, 3.111236655315719]"
2.5,2000,1.0432862528353626,1.0432862528353626,0.011259317398071289,0.3787310880334603,"[2, 1, 3, 4, 3, 3, 3, 2, 2, 2, 3, 1, 2, 2, 3, 3, 3, 3, 1, 4, 3, 2, 2, 3, 2, 3, 3, 3, 2, 5, 1, 1, 1, 3, 2, 3, 3, 3, 3, 3, 2, 2, 2, 5, 3, 1, 2, 2, 4, 2, 1, 3, 3, 3, 2, 2, 3, 3, 2, 4, 2, 3, 3, 2, 4, 2, 4, 2, 1, 1, 3, 5, 3, 2, 3, 2, 4, 2, 3, 2, 3, 3, 2, 4, 2, 1, 2, 2, 4, 3, 4, 2, 2, 1, 2, 2, 2, 4, 2, 4, 2, 4, 2, 2, 2, 3, 2, 2, 3, 3, 3, 2, 2, 1, 2, 2, 2, 3, 3, 1, 4, 3, 2, 2, 3, 1, 1, 3, 1, 3, 4, 3, 2, 3, 3, 2, 2, 2, 4, 1, 3, 3, 1, 4, 5, 2, 2, 3, 2, 2, 3, 3, 1, 2, 3, 3, 1, 2, 3, 3, 3, 2, 2, 4, 2, 2, 1, 2, 2, 3, 1, 3, 1, 2, 2, 2, 4, 3, 2, 1, 3, 2, 2, 2, 2, 2, 2, 2, 2, 3, 3, 2, 4, 2, 3, 1, 1, 4, 2, 3, 1, 2, 2, 3, 1, 2, 3, 2, 3, 4, 2, 2, 1, 2, 3, 2, 2, 3, 3, 3, 3, 2, 2, 1, 1, 2, 2, 3, 2, 3, 2, 1, 2, 3, 3, 3, 2, 2, 2, 4, 2, 3, 1, 4, 2, 2, 3, 3, 2, 2, 4, 3, 4, 3, 2, 2, 3, 2, 3, 2, 2, 3, 3, 3, 1, 2, 3, 2, 2, 1, 3, 2, 2, 1, 3, 3, 2, 3, 3, 4, 3, 1, 3, 3, 2, 2, 3, 3, 2, 4, 2, 2, 1, 2, 3, 3, 2, 1, 4, 2, 1, 2, 1, 2, 2, 2, 2, 1, 3, 3, 2, 2, 2, 2, 2, 1, 2, 5, 2, 3, 1, 2, 2, 2, 3, 1, 4, 1, 2, 3, 2, 2, 3, 2, 1, 3, 2, 2, 2, 3, 3, 3, 3, 3, 1, 3, 2, 1, 2, 3, 2, 2, 3, 3, 3, 3, 2, 3, 3, 5, 3, 3, 2, 2, 2, 1, 4, 2, 1, 2, 2, 3, 1, 1, 3, 1, 4, 2, 2, 3, 4, 1, 2, 2, 3, 1, 1, 3, 3, 2, 3, 3, 4, 2, 5, 4, 3, 3, 2, 3]","[3.0196542258068897, 2.88362187030794, 2.553227611339164, 1.3936828893966253, 2.9546857365403474, 4.085621722967165, 1.9240030761166942, 1.518161338184723, 2.2148205194037813, 3.378775274843397, 2.0823848367190276, 1.5132945863957492, 1.8635505430361263, 2.0274105965807605, 1.7395765156863872, 1.8616044226526367, 2.0016017407179434, 2.5263666938287295, 1.6002928015823454, 3.50788060851408, 1.9316323416810275, 3.332547564422388, 2.1642135676949317, 1.0169020094082355, 1.4238899959890556, 3.3457776810891535, 2.3033005140989204, 2.0597914865793037, 1.8599832356032353, 5.036054807798978, 1.8919215161969118, 1.8157179141641577, 2.4051165745114247, 1.4903033125917666, 1.654784362089204, 1.9176649605475513, 3.8569738136987692, 2.5679189049428284, 1.9507037501360567, 1.9443540060645081, 1.803136329851266, 2.9293423254484483, 1.3825794487586187, 3.7935982763347105, 2.6245499104399763, 2.2180665469376124, 2.509333086001191, 2.5946172121116144, 3.588188501604183, 2.4754736021220354, 1.561216352728693, 2.532529042239925, 1.9905494470038947, 2.2814924522930244, 2.430261452309658, 2.23064457457576, 2.6585889619895586, 2.2811059133803653, 2.57885838185097, 2.3470344534680145, 2.21624500141115, 3.1822501863986083, 2.7029084405565444, 1.8860422840522049, 2.625654473536657, 1.917843503480921, 3.0905544951378667, 2.0504269471487375, 2.497679872003277, 1.6899876734319927, 2.068183485513349, 4.749331538168615, 2.3417580813978622, 1.4680132279261948, 3.6686884485503475, 1.5899211086699996, 2.552897162079556, 1.8191155368117893, 4.836036869308106, 2.150380502772707, 2.1061480352863757, 3.110748074207917, 2.20634970656815, 2.5413578019060763, 2.515636046012348, 2.2210180877884715, 2.1648309862890858, 2.15106416856453, 2.528929343042243, 1.6893234928974836, 4.854198238120459, 1.5698085998388587, 2.8587651337456927, 1.9376084827329767, 2.009089494072846, 1.8109327584009813, 2.5030072375711465, 3.2359926460220114, 2.0838171550097115, 2.601527842097155, 1.4722732617689445, 1.2332040917047655, 3.1873258044265578, 1.440214521457217, 2.948661803622374, 2.025330694474584, 5.4421247632418, 1.844479168683362, 1.7168860196589435, 2.082290597382349, 1.9380681530984611, 2.07251221625105, 2.5789315459699282, 1.8788044086681697, 1.9333450605831444, 2.403206996447801, 1.609061085088781, 3.1059814886484225, 2.152825624736087, 3.231594036052039, 0.7545454994315808, 1.9540854394844362, 2.3078310922923415, 2.5893930036183153, 2.0891997183228406, 1.9500133531939596, 2.323041463444076, 2.112408913795222, 1.3138401786094458, 3.4176527694963097, 5.782838249298014, 2.3611421839104025, 1.748225761760751, 2.1152098524330323, 2.524295980752414, 1.7900878243885412, 1.9857859423148143, 1.6094283023951053, 3.3759698802119202, 1.6470747142876965, 3.760698749761562, 1.4181321187619536, 0.7257851114195817, 2.128753962676114, 5.778859580077084, 2.452758233644942, 1.588179840611983, 4.692517979577076, 2.441635977266683, 1.884377975822015, 2.8475008731185674, 2.97038904758319, 1.6916135774836374, 2.486352688478345, 2.083309534315836, 2.4002554555969415, 1.6633354133651075, 2.4916902294266303, 2.7020601509825726, 1.6645088546233866, 2.6603006133506764, 1.9129009434899422, 1.8637583586655273, 1.9575294325509311, 2.024380002187887, 1.5382718375845146, 1.8190298116223529, 1.7437141357722101, 2.705363144208165, 2.123563455272694, 3.348531280348517, 2.3113431591760314, 1.3315395116418678, 1.6247350051615745, 2.2973947422296632, 1.446638286623424, 1.4746197155935086, 4.87975330252474, 5.222574662165522, 1.9131663165365624, 1.7806763713488687, 1.4248771417071842, 2.1109682363065976, 3.202983655411643, 1.3741877991596387, 2.2403150562296585, 2.1652668056614273, 1.581642456226815, 2.6985940946365847, 4.1079706557447855, 3.2704186795113634, 2.199908839568733, 1.9419459680881763, 2.4221418133024564, 1.6166123319859664, 1.9919707346816553, 1.96534569507551, 5.192374938778418, 2.2551035779614463, 2.375350896201371, 2.1979729681913147, 1.840761687123112, 2.399353534681949, 1.7578492296424115, 1.7597798241284344, 3.207350423687611, 2.1118546995286525, 2.4851380513858046, 1.9715164807277414, 1.6360807054290643, 1.7354341753177707, 1.9672328291834882, 1.7042948656400378, 1.6000157064312888, 4.001332728735994, 1.6161539797695452, 2.6323362449329215, 1.7464044306864417, 6.267703569868049, 3.4483467091109468, 2.5768784045984714, 2.227272979284151, 3.3195309580787153, 1.9342493483487133, 1.5118862585755044, 2.0365693298132754, 1.7733441425514458, 2.2728358752475546, 2.648739533898571, 3.056508981676333, 5.446574023349425, 1.5261534788757198, 1.1705936550450005, 2.44989173724733, 2.7567314355452908, 4.406924805202896, 4.604238821911252, 2.6781593600422493, 1.710967444725891, 3.9159072953479988, 1.7084069707383676, 2.004953147896013, 2.0024579806519394, 4.814180321249124, 2.165500837698416, 1.742280887573404, 3.3638917189620323, 2.7540308814871786, 2.5979911742538, 2.9504935741904523, 2.1305062475204064, 3.0841607580441277, 6.732376989130376, 2.9179353301215913, 2.7844258707079033, 2.0508688417151504, 1.7880297624080268, 2.0544957659791683, 1.8469891723870355, 1.5698703071036224, 1.8595956411318049, 1.7475528205813138, 3.2879441300053562, 1.6974770446967533, 2.22106248287825, 1.648210667239678, 2.6635055580254328, 1.8751099911600142, 2.62255982714848, 2.2027446978129395, 2.9475865244964217, 2.342945278156383, 1.66092423501551, 1.792708803834433, 2.1903787786188107, 2.5507272868269135, 1.8176359301763476, 1.8488858232592769, 2.523808338844895, 2.329972638962383, 1.9457159874303454, 1.435505942690841, 6.115360239999905, 1.766811535895191, 2.1913678823495992, 1.841011888410942, 2.8342947863587025, 3.2943418963623063, 3.3754357325043234, 4.549671300219805, 1.9100304521940872, 1.4041277156062157, 2.2556967895793623, 2.1017141755124995, 1.8338745198897737, 2.1144862973820713, 1.7397752721338837, 2.5860834389084317, 2.708247171130982, 0.973410403813654, 1.9275464998903091, 2.2451607294334317, 1.8448806870226948, 2.3904260044478916, 1.7486057719930614, 4.109241660107848, 2.3051507945522984, 1.7124322950884896, 1.8125714807791988, 2.2033167453247007, 1.5846528505239206, 2.205482074703938, 3.187578938020828, 1.4706887085008633, 1.9592184909476025, 2.686606507446526, 1.7998333366256734, 1.9352200151266248, 2.537514076777767, 1.606157600771172, 2.7264844959160235, 1.9286804775132058, 1.4462938734531487, 2.298369539185805, 2.698603288083885, 1.7137216214233464, 6.706884259872227, 1.7350951838503839, 1.608726159384116, 2.562457633524684, 1.755631408565747, 2.3116750166100255, 2.208824445350726, 1.5251143538286929, 1.626588723904594, 2.7795338270852668, 1.1727436938720572, 4.072409389738806, 2.4225814092228215, 5.029045988226878, 2.634896718920445, 2.445155507805159, 4.973646181125188, 2.2491550289122686, 1.7989838954258797, 2.4825005347237474, 4.107452584566218, 1.8270098488252302, 1.650190033097405, 2.308588982478576, 1.5576984695523857, 1.6576022554827727, 2.8647705032535997, 2.3842229873143674, 2.414484867763675, 2.2421135805079686, 2.1850974990587178, 2.280873390388425, 3.2033038759407955, 4.447782761845658, 1.9024058862286417, 1.4874861206182923, 2.579133333305281, 2.3140791571912964, 2.1301443682404355, 2.142613433663796, 1.8267333497192366, 1.4679547199169476, 1.8509095842067824, 2.0321404776924714, 1.3028954502104961, 2.4645829345859283, 1.7619602878836473, 2.2679519950009643, 2.3509525104194133, 2.125215302595538, 2.8369950083981745, 1.7420461900630042, 1.5129354776793014, 2.8049293063944987, 3.74572039403685, 1.8934186581611696, 1.5673954240401393, 2.688546295379849, 1.7008486399883629, 2.23392773710704, 2.2613806670020145, 2.0389308154977943, 5.183756344275819, 1.6766099131394239, 2.182899903478408, 2.3289600383771285, 1.65007502651026, 1.3633862672400876, 4.381713907865194, 2.1023809086686005, 2.0763000200939685, 2.557721215030947, 1.4617074640790781, 1.8485976475127384]"
2.75,2000,0.7005956390780681,0.7005956390780681,0.012708425521850586,0.37895733863803216,"[2, 1, 3, 4, 3, 3, 3, 2, 2, 2, 3, 1, 2, 2, 3, 3, 3, 3, 1, 4, 3, 2, 2, 3, 2, 3, 3, 3, 2, 5, 1, 1, 1, 3, 2, 3, 3, 3, 3, 3, 2, 2, 2, 5, 3, 1, 2, 2, 4, 2, 1, 3, 3, 3, 2, 2, 3, 3, 2, 4, 2, 3, 3, 2, 4, 2, 4, 2, 1, 1, 3, 5, 3, 2, 3, 2, 4, 2, 3, 2, 3, 3, 2, 4, 2, 1, 2, 2, 4, 3, 4, 2, 2, 1, 2, 2, 2, 4, 2, 4, 2, 4, 2, 2, 2, 3, 2, 2, 3, 3, 3, 2, 2, 1, 2, 2, 2, 3, 3, 1, 4, 3, 2, 2, 3, 1, 1, 3, 1, 3, 4, 3, 2, 3, 3, 2, 2, 2, 4, 1, 3, 3, 1, 4, 5, 2, 2, 3, 2, 2, 3, 3, 1, 2, 3, 3, 1, 2, 3, 3, 3, 2, 2, 4, 2, 2, 1, 2, 2, 3, 1, 3, 1, 2, 2, 2, 4, 3, 2, 1, 3, 2, 2, 2, 2, 2, 2, 2, 2, 3, 3, 2, 4, 2, 3, 1, 1, 4, 2, 3, 1, 2, 2, 3, 1, 2, 3, 2, 3, 4, 2, 2, 1, 2, 3, 2, 2, 3, 3, 3, 3, 2, 2, 1, 1, 2, 2, 3, 2, 3, 2, 1, 2, 3, 3, 3, 2, 2, 2, 4, 2, 3, 1, 4, 2, 2, 3, 3, 2, 2, 4, 3, 4, 3, 2, 2, 3, 2, 3, 2, 2, 3, 3, 3, 1, 2, 3, 2, 2, 1, 3, 2, 2, 1, 3, 3, 2, 3, 3, 4, 3, 1, 3, 3, 2, 2, 3, 3, 2, 4, 2, 2, 1, 2, 3, 3, 2, 1, 4, 2, 1, 2, 1, 2, 2, 2, 2, 1, 3, 3, 2, 2, 2, 2, 2, 1, 2, 5, 2, 3, 1, 2, 2, 2, 3, 1, 4, 1, 2, 3, 2, 2, 3, 2, 1, 3, 2, 2, 2, 3, 3, 3, 3, 3, 1, 3, 2, 1, 2, 3, 2, 2, 3, 3, 3, 3, 2, 3, 3, 5, 3, 3, 2, 2, 2, 1, 4, 2, 1, 2, 2, 3, 1, 1, 3, 1, 4, 2, 2, 3, 4, 1, 2, 2, 3, 1, 1, 3, 3, 2, 3, 3, 4, 2, 5, 4, 3, 3, 2, 3]","[2.816579423467611, 2.3752560193617436, 2.254334636919338, 2.210195591574327, 2.7966014104859465, 3.4900961530778667, 2.170893854435797, 2.226786080672686, 3.6481816976215304, 3.4184760334314914, 2.72508812612554, 2.4018497204820357, 2.2508229943464046, 2.1406828828523174, 2.1903066074328006, 2.269128072597018, 2.2511693488302145, 2.6852666356876647, 2.3549608260622805, 2.761159420799222, 2.1612331314621276, 3.6101537616984833, 2.4004559126668905, 3.0166731846336856, 2.2362181586465524, 3.414078113753172, 2.254339926033964, 2.540092210501397, 2.25034754357037, 3.813417738952141, 2.1226248966471593, 2.283102212337628, 2.4531647087873054, 2.3422080951247866, 2.1790055082178257, 2.3622571356581705, 2.5541644436072257, 2.4978326209388833, 2.284013067485246, 2.2949080563699247, 2.1987778602019543, 2.4125889995222147, 2.2527088519877005, 3.345413085379349, 2.5053804020084316, 2.6051802394922565, 2.8414169343757343, 2.479394408072824, 3.176393225785798, 2.617490891237816, 2.227185677722231, 2.635180972931731, 2.31132026598118, 2.3100474788011525, 2.574717333495263, 2.3653167109241298, 2.5652292662828162, 2.38132442734428, 2.5272674342936243, 2.5812162432140977, 2.1605119587301966, 3.282722620457552, 2.7666461846478705, 2.4073743678667556, 2.2990084571606046, 2.223348262232804, 2.946267110669462, 2.341297303450231, 2.2539752010382688, 2.425237334199569, 2.551588585110743, 3.4194054677196544, 2.555676157974271, 2.220102339955739, 2.564753718575752, 2.170360533049736, 2.476804360023219, 2.307458280509703, 3.892467119049302, 2.7060117465681555, 2.395557224587863, 2.227608789794342, 2.515632364651104, 2.5162891203732514, 2.3808815431181745, 2.3420371290982573, 2.400538202224281, 2.4206999241534652, 2.5217479865023096, 2.2495985746381892, 3.740911721608871, 2.189676501194628, 2.927316982500009, 2.194703746742631, 2.4163985422776246, 2.2438100953998954, 2.5771674473794475, 3.53505416316576, 2.450391592728962, 2.3263395120310535, 2.2279155625349922, 3.238643571333024, 2.263885200880686, 3.056945839836213, 2.988053466298801, 2.3159559110475167, 3.652693452078756, 2.248281161351451, 2.392366821126463, 2.411533781788569, 2.5606485341177856, 2.3179692203004834, 2.433310695197114, 2.208862902624379, 2.150142390678647, 2.2123433240712607, 2.1729115093288445, 2.6600799923902256, 2.398938127497242, 3.064417028840996, 3.1135555733233247, 2.3724500333016256, 2.1840375659638114, 2.2371581972666017, 2.46572998521701, 2.2183536315767607, 2.333638242233851, 2.349558260683831, 2.243547281264881, 3.566825905730929, 3.2054345361577337, 2.426280290050785, 2.3160632012131592, 2.569474934500405, 2.843443118185254, 2.2850250094633284, 2.186373720778607, 2.12896732494529, 2.626512137377938, 2.2879607840454153, 2.8121862027897055, 2.3086858845878147, 3.263698333361884, 3.1817378031614836, 3.797738634455243, 2.504480568887701, 2.280111274598768, 3.4592585894392704, 3.66770964941429, 2.2608443200489723, 2.4364315031029613, 2.3974979013320192, 2.1399209793623934, 2.3772708138072547, 2.3676764586044823, 2.47548643446526, 2.2241383195414666, 2.586978128381297, 2.471717840656624, 2.3728017709554106, 2.6825555442426756, 2.249894743174681, 2.1848610013503005, 2.25457761968545, 2.162275528751682, 2.273459535376362, 2.17889958008156, 2.3153317777003903, 2.5161511907424448, 2.3582903833206124, 2.636471143725532, 2.59561558389815, 2.2459062485767447, 2.4385370213707933, 2.5717599751705436, 2.246495496305446, 3.494637857684322, 2.748982235065723, 2.384374549371706, 2.3010066414548924, 2.190445620883942, 2.2676285175934647, 2.229128148688422, 2.3565064634954322, 2.2295938492766094, 2.338297201379581, 2.356603161124881, 2.191253717711281, 2.734792376419464, 3.631203985353059, 3.514675501050746, 2.427209942471477, 2.3109846729100503, 2.3694843619697274, 2.324461778131993, 2.218606936079834, 2.2596929380047337, 2.5708129287685315, 2.50013371764072, 2.5381568451657404, 2.279378491685335, 2.154460665356889, 2.431373099324847, 2.346295668977649, 2.1929993046163037, 2.3921309566393774, 2.378726403774432, 2.3112493502445544, 2.3776135294346368, 2.273781167460961, 2.2997373340364247, 2.4181954446636182, 2.0976180144845737, 2.2156990682668534, 2.7010576939139836, 2.4229343807919688, 2.5064181647599684, 2.1252269413576066, 4.653889940506044, 2.491523555825709, 2.2925075821267478, 2.320874217554154, 2.3733445331608674, 2.3258131517345677, 2.1599600473239806, 2.33945036005102, 2.9485707656952833, 2.634176797077395, 2.567218526801219, 2.532184466332508, 3.5699975106829545, 2.2278512732766864, 2.4075432226548283, 2.621326785209857, 2.5729709205084332, 3.151044045222367, 2.5309007368651946, 2.5530864908263617, 2.2524832807889372, 2.6312201026357034, 2.2301454572309796, 2.207622897307381, 2.4888799439255274, 3.3184879673743994, 2.1806618444758823, 2.373754885861468, 3.9384205327240833, 2.501282524178352, 2.655394327358307, 3.5742768767055617, 3.625625278508294, 2.4256855998742144, 4.422750961727083, 2.435141456772746, 2.210186693041247, 2.473335580494371, 2.284750710938693, 2.1282764671790413, 2.0506466226773874, 2.2723322039721037, 2.296195681516111, 2.4766425168923876, 3.472359748059487, 2.2066921530061716, 2.386036173186739, 2.1561328025368294, 2.6597209267219566, 2.2523636377264395, 2.3804719067358784, 2.6322500380889893, 3.4511922723563675, 2.4188083873734083, 2.333669661490382, 2.3512339103511963, 2.7154482130197413, 2.729737619970172, 2.3542640411183045, 2.0948925354380408, 2.082750303989338, 2.466119139848964, 2.3713345526347753, 2.2597628957129055, 3.8619384491611775, 2.193936491242141, 2.4260716035942402, 2.198487139297834, 2.524564319358213, 2.3919838982783257, 3.411704139993876, 3.568767257331492, 2.191028146512518, 2.2502420294548067, 2.544205908002438, 2.222555991570153, 2.4692514250735837, 2.3224997950488926, 2.483111598261744, 2.352680152410013, 2.3287823478092413, 2.703445188957491, 2.29266795175207, 2.267614566306496, 2.2043415486099738, 2.381273605962574, 2.3014928445940903, 3.444499369992595, 2.440814320582868, 2.208685388951855, 2.3315924876887073, 2.4056675846349616, 2.235517956259835, 2.625369430493496, 3.415282103918091, 2.2204589280377647, 2.395130730015377, 2.315682233980483, 2.1543445101161334, 3.358057598952001, 2.5817665193091663, 2.1505279693501143, 2.408983426967062, 2.347067496120216, 2.4514038822328303, 2.320736147577558, 2.5432270367853222, 2.296843484601522, 4.865977621980891, 2.1677127719185165, 2.282849688203044, 2.592336442061004, 2.1264567130763883, 2.4565970302825213, 3.363554677127801, 2.1837196515679644, 2.2651405168853165, 2.4230978099025826, 3.16929303352922, 2.5700013217523257, 2.6104414191546885, 2.7921811733171005, 2.528755988317926, 2.481470713944387, 3.5372883801556343, 2.389780348048011, 2.264214114359174, 2.6327882173863517, 2.3991216415933683, 2.201959723087724, 2.1124034853309057, 2.5512553800855655, 3.2421741031827906, 2.2400319919593183, 2.4855666134719905, 2.2286697492325347, 3.0557583446462804, 2.542395537739845, 2.432481332055776, 2.3500146445230676, 3.1560327928475456, 3.4456270048486997, 2.3435656182890385, 2.1787045602092157, 2.5653169707467134, 2.4859974199693586, 2.375825275244199, 2.2833191842599887, 3.0069250521755704, 2.2640876691179885, 2.0951622623205988, 2.4708394639201896, 2.2567095721241555, 2.4548499218601125, 2.2299074847933302, 2.392285607906347, 2.3403286276010737, 2.3292685327764837, 2.7424307862857202, 2.1906357656623627, 2.248086141479107, 2.6829750440103877, 2.8460039519331732, 2.144820999300722, 2.2113514366513836, 1.9708205299849955, 2.251134646376147, 2.5193079648812176, 2.500970328140858, 2.262124804540201, 2.620740771750733, 2.2259075450253643, 2.4905104110680982, 2.4735217825713764, 2.1343847208068376, 2.5063436461806723, 2.5892288679607716, 2.370218291599436, 2.3887387940228857, 2.542373269250529, 2.5087703448592653, 2.534233013656957]"
3.0,2000,3.578752690916269,3.578752690916269,0.013040304183959961,0.7002510763485164,"[2, 1, 3, 4, 3, 3, 3, 2, 2, 2, 3, 1, 2, 2, 3, 3, 3, 3, 1, 4, 3, 2, 2, 3, 2, 3, 3, 3, 2, 5, 1, 1, 1, 3, 2, 3, 3, 3, 3, 3, 2, 2, 2, 5, 3, 1, 2, 2, 4, 2, 1, 3, 3, 3, 2, 2, 3, 3, 2, 4, 2, 3, 3, 2, 4, 2, 4, 2, 1, 1, 3, 5, 3, 2, 3, 2, 4, 2, 3, 2, 3, 3, 2, 4, 2, 1, 2, 2, 4, 3, 4, 2, 2, 1, 2, 2, 2, 4, 2, 4, 2, 4, 2, 2, 2, 3, 2, 2, 3, 3, 3, 2, 2, 1, 2, 2, 2, 3, 3, 1, 4, 3, 2, 2, 3, 1, 1, 3, 1, 3, 4, 3, 2, 3, 3, 2, 2, 2, 4, 1, 3, 3, 1, 4, 5, 2, 2, 3, 2, 2, 3, 3, 1, 2, 3, 3, 1, 2, 3, 3, 3, 2, 2, 4, 2, 2, 1, 2, 2, 3, 1, 3, 1, 2, 2, 2, 4, 3, 2, 1, 3, 2, 2, 2, 2, 2, 2, 2, 2, 3, 3, 2, 4, 2, 3, 1, 1, 4, 2, 3, 1, 2, 2, 3, 1, 2, 3, 2, 3, 4, 2, 2, 1, 2, 3, 2, 2, 3, 3, 3, 3, 2, 2, 1, 1, 2, 2, 3, 2, 3, 2, 1, 2, 3, 3, 3, 2, 2, 2, 4, 2, 3, 1, 4, 2, 2, 3, 3, 2, 2, 4, 3, 4, 3, 2, 2, 3, 2, 3, 2, 2, 3, 3, 3, 1, 2, 3, 2, 2, 1, 3, 2, 2, 1, 3, 3, 2, 3, 3, 4, 3, 1, 3, 3, 2, 2, 3, 3, 2, 4, 2, 2, 1, 2, 3, 3, 2, 1, 4, 2, 1, 2, 1, 2, 2, 2, 2, 1, 3, 3, 2, 2, 2, 2, 2, 1, 2, 5, 2, 3, 1, 2, 2, 2, 3, 1, 4, 1, 2, 3, 2, 2, 3, 2, 1, 3, 2, 2, 2, 3, 3, 3, 3, 3, 1, 3, 2, 1, 2, 3, 2, 2, 3, 3, 3, 3, 2, 3, 3, 5, 3, 3, 2, 2, 2, 1, 4, 2, 1, 2, 2, 3, 1, 1, 3, 1, 4, 2, 2, 3, 4, 1, 2, 2, 3, 1, 1, 3, 3, 2, 3, 3, 4, 2, 5, 4, 3, 3, 2, 3]","[3.395896249989814, 0.3214712774916135, 0.9919501885742015, 3.179566712801546, 3.1360743611556012, 6.5375657537345875, 2.4450063827684883, 2.955704150212034, 4.019690492676384, 4.753386061946484, 3.0339917926212565, 3.7207059281662183, 2.3783887026403785, 2.3467057498965485, 2.6890119957551777, 3.1129124337271348, 2.7497104205900227, 4.7359845955892075, 2.9431912013491432, -0.1754644899175397, 2.851781313246659, 4.995477154814546, 1.2970491919783202, 7.128791456378436, 3.0814081839733234, 4.812729072475863, 1.7742476742933582, 0.856548544547739, 2.384804163238149, 3.9570042105759624, 2.5903698783695637, 2.5869909349625986, 1.605981619115512, 3.7056068034287755, 2.8415025591944927, 1.9506909543628592, 3.4329337194834686, 0.16189978188734955, 1.8563619085909804, 2.565898966400848, 2.574705760296824, 3.3404624404358687, 3.111867302706173, 6.440626097236004, 0.06005434489774242, 0.48423813030053076, -0.2020780057945557, 0.15771937675690584, 4.803449784261547, 0.0651501484335042, 3.0885215488756437, 2.5535873293526934, 1.7408692987245509, 1.8810636928976185, 0.5884900803515061, 1.2652472756871176, 0.2878319796511146, 1.5400093030924484, 0.6853014470793191, 2.5766531866241182, 2.2173528837474197, 5.647443472850549, -0.5189835760197559, 1.709645707019884, 3.1102949764106107, 2.733927809821153, 2.307267605303066, 1.5893514101167943, 2.7973697685224206, 1.9745632540704603, 4.307418885435299, 6.824308572213788, 0.39329258394990774, 3.0458907213076163, 2.210903609343837, 2.9581529052558784, 1.9159720195529817, 3.101656739467916, 5.426408398679774, 0.9402557485608942, 3.6381580824946607, 2.478605106925988, 0.6806455132912288, 0.1658334385332636, 0.4750952042882579, 1.3263935318358948, 1.295938823797937, 1.2768631842614626, 1.096007623367647, 2.6478854157613134, 5.700584511616988, 2.9504893831288994, 2.071076248404622, 2.3767044205683514, 1.6874552255348247, 2.473016746457494, 0.10330142750645299, 6.9174190885530695, 1.5203803271446263, 0.4521288654255491, 3.3925917872104105, 7.906152514533516, 2.3193526176625303, 7.551708079598964, 6.914993261715005, 1.678318557896288, 5.116102227074901, 2.4126867419899978, 3.24313599244962, 1.4005458621319424, 2.6152636352639966, 2.9223279137939464, 0.2735964284566901, 2.4386239710787296, 2.4720396609310433, 1.3055818315179288, 2.923731491663994, 0.38067698447752596, 1.31752931619428, 6.528746584957406, 7.891071311954651, 1.6749444960354578, 2.429305566582883, 0.970744138011213, 1.6659644960331597, 2.310561507607849, 1.1867482086986811, 1.4778827822305312, 3.235488293455521, 5.350586915996878, 2.5782303767849255, 0.6214357854157841, 2.6095516383410153, 0.7130499816871956, 1.752850213474538, 2.4228364787637253, 2.688258146532233, 3.0107389706738106, 1.3549487848511959, 2.636197911654168, 2.315274559622205, 3.314623676793938, 7.635956519447351, 5.771346796053929, 3.847715355562107, 0.32517127241827604, 2.742114698638514, 6.063956667174002, 9.103778916024083, 2.6952948890362194, 0.25492960359119676, -0.2550666103429471, 2.8629366284405586, 1.4026751408168168, 1.4863812858402436, 0.46342642998256434, 2.7384564286902497, 0.5003154737391435, 0.008327488480770917, 3.193216693180378, 0.9734068207838282, 3.0421953354089717, 2.5095167923664277, 3.1944821538362724, 2.3083220414456296, 2.831869459886169, 2.589956798323089, 3.1711258292705984, -0.0852805124902134, 1.8121847367857118, 0.6851846226826666, 0.3603230230520813, 3.2036577389511978, 2.0480799833537318, 0.42924185646354207, 3.3948598915857495, 5.38333326481729, 4.041480314581404, 2.9517747847935065, 1.8800354439992653, 2.825345560323335, 3.4013108649410175, 2.441595006624152, 3.4776246750992956, 3.170792822494184, 2.609401003546311, 1.382822928565489, 2.9292073263382186, -0.8329026062376066, 3.48828137892102, 5.216117977668766, 1.189020723768912, 3.843564294455672, 1.7618487082651426, 3.3781714652913855, 2.445352894147695, 3.2027245175538654, 3.364139214109625, 0.6368002892726461, 0.37671306747184996, 2.407705165774872, 2.8049557614416276, 0.5527163324742805, 2.0278565160339697, 2.652678281408189, 1.1119712379303612, 1.7894078699812928, 0.9829009115691894, 3.880280032939366, 3.065315435239346, 2.477291887617082, 1.5636322912994718, 2.9277984309638407, 2.8523308543006767, -0.7664384486190143, 3.3366250298732316, 0.046051368400685355, 2.808234471102672, 9.383600148064245, 2.1413745347794677, 3.198014062660896, 1.358978650900367, 0.2559415865375829, 1.7982856893922636, 3.0984911058321085, 1.6142730070542877, 3.0632219879910503, 4.228364779676069, 0.08414793406344234, 0.3121567666865812, 4.276031785577757, 2.9413310509881825, 4.050254696040952, 0.46551900972149474, 0.32157986177607567, 1.2795913529656724, 1.2891876799680113, 0.6508327646394254, 2.608960842326763, 0.7479717865793549, 2.657399551522264, 2.8313511200613197, 1.368781405443644, 7.248310120088895, 1.7330735809655229, 3.2412996979222077, 6.705688137522774, 0.6681860924831629, -0.5204760675034072, 6.159285001035015, 3.7946601401608495, 1.8327573716394796, 8.209947983142126, 0.5487554152759269, 3.0439295424838066, 1.3255530526363855, 2.4265377060316697, 2.9287388183774263, 2.8026782195058635, 2.9852903570080036, 2.862443375957461, 2.890290896469348, 4.785235346252259, 2.7208899182740733, 1.238645807372489, 2.897158661562486, 1.24402385664965, 2.3576001428187565, 2.9070758887454398, 1.3757818581994659, 6.793028613828062, 1.739325517503358, 3.077083455435639, 2.8400815360449236, 2.8724593967391123, 1.5701234239533546, 1.9203358639001809, 2.7115993905013074, 2.8685048814469205, 0.5898233411828704, 1.6899961535917656, 3.0166840747988664, 6.509233248096239, 2.640032421576045, 1.204380816930882, 2.7168379142514274, 0.6679537622717562, 0.25740775833819995, 3.7851413246318906, 6.832706842077579, 2.426300865958808, 3.2833625263198036, 0.5480655708711217, 2.6684852650146853, 3.908646200248606, 1.7282284657579403, 2.151719472888275, 1.344435570909718, 2.3416237791154755, 5.6068402751252915, 2.5961256557557286, 2.942436067604268, 2.4996325338786822, 1.1881434011371397, 2.4536040331022373, 8.07773533401193, 0.6782969919933053, 2.693994333460343, 1.9732777329383477, 1.226725873887374, 3.3895860003975304, 1.0164966195856597, 5.928317035109443, 3.041079125859288, 1.621879252755026, 0.34295698012774567, 2.6683137612678083, 4.949493239609835, 0.04124418364724969, 2.9727870720708194, 0.09590447068733976, 1.7644668279051432, 4.462257063363099, 2.7702268190535193, 0.4699517072060795, 2.516339835293897, 7.965482004927246, 2.740905183734094, 2.705164113080201, 0.35074791550720175, 2.7916406355180543, 1.6967446209659505, 6.837541274457507, 3.0308677019644286, 3.2814839898099155, 1.7060226251303519, 7.1389819311083205, 2.0264622433308954, 0.1602716892196785, 0.7170738502276699, -0.002387340794815618, 0.38267798842024137, 6.245564412444418, 1.188124055165046, 2.450671689501002, 1.314698004509025, 2.6355681119229106, 2.5317715239886676, 2.9812668458790794, 0.452944030084947, 6.081387551387348, 2.9151807384935746, 2.3728875387584933, 2.9456631968889737, 2.9732788136748347, 0.5724936708395556, 1.570019829021326, 1.2187495054598412, 1.1336909662845829, 7.556569485777327, 1.8117191626925684, 3.098538473846681, 0.01022988082420806, 0.5745723031566055, 1.9667633701025018, 2.883925475541576, 3.2339010590899617, 2.9583280582076075, 2.7079598503544955, 1.3592342207746808, 3.410435532003081, 2.0190487881294796, 2.7601871774514657, 1.154319512784486, 2.8197759955959665, 1.4986856611587132, -0.10784749057607268, 2.6845705230336443, 2.92126841751359, -0.8926344692952308, 0.22810793546040564, 2.5438434699291674, 2.9109953064975977, 2.270633058945651, 2.627158543060824, 0.6310490679007721, 0.6255115461054153, 3.26948686474174, 2.2179562870732124, 2.7145835128120073, 0.7666516792563669, 1.8209233588215379, 2.937639732131906, 4.479856622687288, 1.5140416471905342, 1.4520832464906241, 1.4551532834406846, 0.6571815112505306, 4.72353080489137, 2.0674431093308923]"
-1.0,2000,0.5973092992102886,0.5973092992102886,0.0011005401611328125,0.3506254238077004,"[2, 1, 3, 4, 3, 3, 3, 2, 2, 2, 3, 1, 2, 2, 3, 3, 3, 3, 1, 4, 3, 2, 2, 3, 2, 3, 3, 3, 2, 5, 1, 1, 1, 3, 2, 3, 3, 3, 3, 3, 2, 2, 2, 5, 3, 1, 2, 2, 4, 2, 1, 3, 3, 3, 2, 2, 3, 3, 2, 4, 2, 3, 3, 2, 4, 2, 4, 2, 1, 1, 3, 5, 3, 2, 3, 2, 4, 2, 3, 2, 3, 3, 2, 4, 2, 1, 2, 2, 4, 3, 4, 2, 2, 1, 2, 2, 2, 4, 2, 4, 2, 4, 2, 2, 2, 3, 2, 2, 3, 3, 3, 2, 2, 1, 2, 2, 2, 3, 3, 1, 4, 3, 2, 2, 3, 1, 1, 3, 1, 3, 4, 3, 2, 3, 3, 2, 2, 2, 4, 1, 3, 3, 1, 4, 5, 2, 2, 3, 2, 2, 3, 3, 1, 2, 3, 3, 1, 2, 3, 3, 3, 2, 2, 4, 2, 2, 1, 2, 2, 3, 1, 3, 1, 2, 2, 2, 4, 3, 2, 1, 3, 2, 2, 2, 2, 2, 2, 2, 2, 3, 3, 2, 4, 2, 3, 1, 1, 4, 2, 3, 1, 2, 2, 3, 1, 2, 3, 2, 3, 4, 2, 2, 1, 2, 3, 2, 2, 3, 3, 3, 3, 2, 2, 1, 1, 2, 2, 3, 2, 3, 2, 1, 2, 3, 3, 3, 2, 2, 2, 4, 2, 3, 1, 4, 2, 2, 3, 3, 2, 2, 4, 3, 4, 3, 2, 2, 3, 2, 3, 2, 2, 3, 3, 3, 1, 2, 3, 2, 2, 1, 3, 2, 2, 1, 3, 3, 2, 3, 3, 4, 3, 1, 3, 3, 2, 2, 3, 3, 2, 4, 2, 2, 1, 2, 3, 3, 2, 1, 4, 2, 1, 2, 1, 2, 2, 2, 2, 1, 3, 3, 2, 2, 2, 2, 2, 1, 2, 5, 2, 3, 1, 2, 2, 2, 3, 1, 4, 1, 2, 3, 2, 2, 3, 2, 1, 3, 2, 2, 2, 3, 3, 3, 3, 3, 1, 3, 2, 1, 2, 3, 2, 2, 3, 3, 3, 3, 2, 3, 3, 5, 3, 3, 2, 2, 2, 1, 4, 2, 1, 2, 2, 3, 1, 1, 3, 1, 4, 2, 2, 3, 4, 1, 2, 2, 3, 1, 1, 3, 3, 2, 3, 3, 4, 2, 5, 4, 3, 3, 2, 3]","[2.8806316845828, 2.6937883532774696, 2.4315374404512813, 2.1463731491932796, 2.846971347039119, 2.8711456781163833, 2.186723111716911, 2.124575610744015, 3.867617707613218, 2.5676338877060734, 2.6615071221345983, 2.3830001806461585, 2.090737147677452, 2.2219012554116184, 2.1657322884457813, 2.2841393357378172, 2.2255765374046446, 2.691942197180829, 2.1250030328990586, 2.9543857877529254, 2.2570671407635565, 2.5713002097575504, 2.2598713620120336, 3.2914982738869503, 2.1144405882809374, 2.573412127438284, 2.4936964748225074, 2.446654478852317, 2.0913618222430963, 4.304480541976577, 2.2456268759336893, 2.0816672308180153, 2.359254340967522, 2.328127764585565, 2.1805803223522524, 2.338884719368419, 2.6461515037362435, 2.4908906379526012, 2.4038311313957412, 2.0949816420299925, 2.1546022695021367, 2.565958839519564, 2.0950315511125237, 4.032495913862405, 2.4809739292229964, 2.365652851875868, 2.6652186678617698, 2.512858438245674, 3.5443594042238877, 2.3472210259331305, 2.1528762050452492, 2.666195369036006, 2.370210747858917, 2.504920075119512, 2.5564484702922625, 2.301524497839093, 2.4667644177142143, 2.3892188658002014, 2.5432090792035047, 2.57729609708786, 2.224674283328346, 2.3802639812436417, 2.6257089974952983, 2.255296265547694, 2.315684395002115, 2.231046488795437, 3.0183198745545163, 2.333082576376552, 2.2838600846933144, 2.2363416411011166, 2.654509931316864, 4.223536546542235, 2.423922008784566, 2.1333570935802855, 2.7160934313251826, 2.191938587771806, 2.46574704204862, 2.2382936725374902, 4.0038496379179875, 2.4796486270317932, 2.4509802769047133, 2.49358433290003, 2.47427646289721, 2.468898811714696, 2.633260768721138, 2.329853167026564, 2.2597632452602876, 2.235530999666754, 2.854457579301348, 2.0946032445655, 4.187170145627233, 2.1688175421267744, 3.0543760718882913, 2.1576976901292984, 2.3210830207629867, 2.0999510975207065, 2.3956855171201976, 3.810423168960887, 2.229860754001113, 2.6981490734311833, 2.2806354852151225, 3.4017497828868213, 2.350544429131525, 3.5602496547244913, 2.385885025285528, 2.3641201708438846, 2.8431898859610056, 2.094076754009166, 2.313301356883133, 2.247574004514033, 2.6177349491235815, 2.1534167664707415, 2.568891102054971, 2.1413519609270253, 2.2117301940312917, 2.4844506576885843, 2.1885869684676753, 2.590679524377652, 2.2618655154331293, 2.318894561921198, 3.4129400117109627, 2.296667096522972, 2.2536735875745264, 2.451847450550913, 2.2896089103472654, 2.12888249555897, 2.338630723606607, 2.3222288557984805, 2.1070685494735946, 2.681363286072241, 3.647053907451863, 2.580385436427331, 2.0916935828148, 2.410307150577007, 3.0136741861305096, 2.0503153415230564, 2.323928625980732, 2.2418085967315724, 3.0783929061728825, 2.0487155359617164, 3.3871043099907086, 2.1835443277133693, 3.231475508240025, 3.5777133210092242, 4.460179154826249, 2.4844135655902684, 2.059028672781057, 3.960494923181202, 2.7456001422525316, 2.2351144064737674, 2.620184637079443, 2.6069144741860795, 2.227417055776919, 2.5187482133752224, 2.3006815095399764, 2.520250342537888, 2.125797007674244, 2.4427042799907355, 2.5206869700048338, 2.210288799890711, 2.716632267195758, 2.4047870589224534, 2.170629654935379, 2.329824781355329, 2.1957889796349432, 2.0677681102138705, 2.1784621129507666, 2.327841656162732, 2.4668226477166675, 2.4682999437054853, 2.606024989986715, 2.375962062438981, 2.1039692025902053, 2.2211251313059703, 2.4050475488886747, 2.2584814838495983, 3.6504854389524413, 2.876101146995114, 2.7642359853782703, 2.3837613807444344, 2.194375252460879, 2.184155462791164, 2.1723775312553224, 2.5418121005062324, 2.123143986796502, 2.175526322692015, 2.3129728605517688, 2.166745304384973, 2.5565767521472593, 2.742604426756904, 3.8854547932832597, 2.226977763306392, 2.5753164248171245, 2.411351229795068, 2.2204682674980396, 2.1573752974188642, 2.2254687289970927, 2.8524292996143723, 2.492382092558462, 2.4446825053498067, 2.1396961171117694, 2.2371395882364404, 2.5736942107914857, 2.3310302041196223, 2.1621944680691993, 2.4613015036574586, 2.443707308939465, 2.363531769399222, 2.474555735271581, 2.173814373770763, 2.033242827489601, 2.2410789126930757, 2.2784823554921014, 2.1368849812144317, 2.8733537092590966, 2.277654707264192, 2.479610456853753, 2.244465543865542, 4.264954831928424, 2.5726055746836582, 2.3242256183900607, 2.355400833099676, 2.778261829634149, 2.3534265451634515, 2.2056033438952767, 2.335509196804632, 3.05341174608398, 2.6104241574088967, 2.4841428315149128, 2.687520500855264, 2.7964256095929847, 2.123176099457523, 2.3023912634954744, 2.4997250605690313, 2.485418595165209, 3.616263929504664, 2.65596807412895, 2.6380047630632193, 2.090813151768177, 2.9966255139356925, 2.117904484796775, 2.2782756013684358, 2.154981705182161, 3.990397215173935, 2.5260756071108506, 2.3354974036521137, 3.1434391666261314, 2.6016603882432507, 2.6541223223708488, 2.3438943160883, 3.8373450282909163, 2.510464459419119, 4.146561581437622, 2.6795307898790224, 2.4210966161320937, 2.173147399705494, 2.0506757306955437, 2.324678341270684, 2.3334239190415014, 2.0980748709086168, 2.222008130882475, 2.643691498454835, 2.503610517009997, 2.1464614004601543, 2.276559460928169, 2.2083744142672, 2.675566671531031, 2.0887129618253155, 2.3641354462768582, 2.7250753177410125, 2.6007918689395937, 2.499771520528617, 2.228362439576118, 2.205285519564524, 2.720732836865821, 2.9942362351267686, 2.3205608986588704, 2.2798058626878683, 2.5595757731756277, 2.5325576327783246, 2.298132679157753, 2.0857635428933956, 3.5114060004246426, 2.160963138396535, 2.2284733783722137, 2.183809843220797, 2.6997896719484715, 2.756029743947919, 3.3815395415535883, 4.045355510797158, 2.162526905040626, 2.1270982122662487, 2.4389922826807373, 2.2098380170239387, 2.365443518637401, 2.3843480476814065, 2.322361725925593, 2.4000891908400206, 2.7997116538992306, 2.730683501065478, 2.0979248202719707, 2.2904466888042703, 2.147292375786855, 2.309385019574098, 2.0309363367856834, 3.8474100281484755, 2.563547175355992, 2.1438425724734143, 2.3480907051806614, 2.2530239677347774, 2.3482902576411404, 2.576571602919719, 2.4548311006994914, 2.132888587656052, 2.2691252770287647, 2.709893834198037, 2.2084665917903026, 3.8096159806753445, 2.3896429919948297, 2.2157383663583547, 2.596338897999829, 2.3277587493661778, 2.6374955469339243, 2.176349642331898, 2.5222404358509602, 2.0370449332593408, 4.356547155342433, 2.193159984702034, 2.0554307875423934, 2.5332994724461706, 2.242849799075558, 2.5034550230896273, 3.7384634397907344, 2.1766439936559534, 2.262810191694229, 2.429645006906956, 3.3397089318615727, 2.615882396998476, 2.3564830276660502, 3.0801738352312875, 2.452519123825155, 2.51238785209146, 4.07768473400297, 2.2716401487237197, 2.075400508158143, 2.8773973117644225, 2.4678912483202073, 2.1504217551012856, 2.261313737679316, 2.429730280947817, 3.600654602320971, 2.135997978800434, 2.7448156086469058, 2.561195974826736, 3.3852141001419547, 2.4413708512191525, 2.3775957612729437, 2.3193718485933963, 3.283922640112156, 3.8414137088865257, 2.332359717801597, 2.1832331090262604, 2.4089979707873703, 2.5086977893296942, 2.4763445862829614, 2.1944272082735328, 3.1388011498566035, 2.080081406940515, 2.279451480001589, 2.1764269411751274, 2.169675793254812, 2.73868017779149, 2.1958603810697177, 2.2683485942816706, 2.279326160407071, 2.346629283005841, 2.839379272937015, 2.165299821438797, 2.09884775008466, 2.6178851910772654, 3.19134024560156, 2.2187217439775426, 2.142597149598353, 2.506721781851315, 2.092585065199572, 2.469447247985882, 2.491282905582376, 2.299916837324494, 2.832959301364256, 2.1234724975117016, 2.505025746026553, 2.5611189287215628, 2.234690910574951, 2.5720846779237725, 2.5883627574228543, 2.297341903208262, 2.275265986163443, 2.623254801647502, 2.626547557436151, 2.3373534733050683]"
0.1,3000,842560.7159267773,842560.7159267773,0.02568364143371582,233.49439841721826,"[3, 2, 2, 2, 2, 4, 3, 4, 3, 2, 3, 2, 2, 3, 2, 2, 4, 1, 3, 3, 3, 2, 2, 3, 3, 3, 2, 1, 3, 2, 2, 4, 2, 1, 2, 2, 3, 3, 2, 2, 3, 3, 2, 3, 4, 2, 3, 2, 2, 3, 2, 2, 4, 2, 2, 2, 2, 4, 2, 3, 3, 4, 2, 3, 2, 3, 2, 2, 2, 3, 2, 3, 3, 1, 3, 1, 2, 2, 3, 2, 1, 2, 3, 2, 2, 3, 1, 3, 3, 2, 4, 2, 2, 3, 2, 2, 4, 2, 1, 2, 2, 3, 3, 3, 2, 4, 4, 2, 3, 3, 2, 3, 2, 4, 3, 4, 4, 2, 2, 2, 2, 2, 2, 2, 2, 2, 1, 3, 3, 2, 2, 2, 2, 3, 4, 3, 2, 2, 1, 1, 2, 2, 2, 5, 3, 2, 1, 2, 2, 3, 1, 2, 4, 3, 4, 3, 3, 3, 2, 1, 2, 2, 2, 2, 1, 2, 2, 2, 3, 4, 1, 3, 2, 3, 2, 2, 2, 1, 2, 4, 2, 1, 2, 1, 1, 3, 2, 2, 4, 2, 3, 1, 2, 2, 2, 1, 1, 2, 2, 3, 2, 2, 3, 3, 3, 4, 1, 3, 3, 1, 3, 3, 2, 2, 4, 2, 2, 3, 3, 2, 3, 3, 2, 1, 3, 2, 4, 3, 2, 2, 4, 3, 2, 2, 2, 2, 2, 3, 2, 3, 2, 2, 1, 2, 2, 3, 2, 4, 3, 3, 2, 2, 1, 2, 3, 2, 2, 3, 2, 3, 2, 5, 1, 3, 4, 2, 2, 2, 2, 4, 4, 1, 4, 3, 3, 3, 3, 2, 3, 3, 2, 2, 4, 1, 3, 3, 3, 2, 2, 2, 4, 3, 3, 2, 2, 1, 2, 3, 3, 3, 1, 4, 2, 2, 2, 1, 2, 3, 1, 1, 1, 1, 3, 2, 3, 3, 4, 3, 2, 1, 5, 2, 3, 2, 2, 1, 3, 2, 2, 3, 3, 2, 4, 3, 3, 2, 4, 2, 4, 4, 3, 1, 3, 3, 3, 2, 2, 2, 2, 2, 2, 4, 2, 1, 2, 1, 1, 4, 3, 2, 1, 2, 4, 4, 1, 4, 3, 3, 1, 2, 3, 2, 3, 3, 2, 3, 2, 2, 2, 3, 2, 3, 2, 4, 1, 3, 3, 3, 1, 2, 2, 3, 3, 3, 2, 4, 3, 2, 3, 3, 1, 1, 3, 2, 2, 3, 3, 2, 1, 3, 3, 2, 3, 3, 3, 4, 2, 2, 1, 2, 2, 3, 1, 3, 3, 2, 2, 2, 2, 4, 3, 3, 2, 2, 4, 2, 2, 2, 3, 2, 1, 3, 2, 3, 2, 3, 1, 4, 3, 3, 3, 2, 2, 3, 4, 3, 2, 2, 4, 2, 1, 2, 2, 2, 2, 2, 3, 3, 2, 2, 1, 3, 2, 2, 1, 3, 2, 1, 2, 3, 3, 3, 2, 2, 2, 4, 3, 3, 4, 3, 2, 3, 3, 3, 2, 2, 3, 2, 2, 3, 2, 1, 3, 2, 2, 3, 2, 4, 4, 4, 3, 1, 3, 3, 2, 3, 3, 2, 2, 3, 3, 2, 3, 3, 2, 1, 3, 2, 1, 2, 2, 2, 2, 2, 2, 2, 3, 1, 5, 3, 1, 2, 2, 3, 1, 4, 1, 3, 3, 2, 1, 4, 2, 2, 3, 1, 3, 1, 3, 2, 1, 2, 3, 3, 2, 3, 3, 3, 3, 3, 3, 3, 2, 3, 2, 1, 4, 3, 1, 4, 1, 1, 4, 2, 3, 4, 2, 2, 1, 3, 2, 2, 3, 3, 1, 3, 5, 3, 3, 2]","[729.7941827942904, -179.14176021093104, 324.43550085745767, -248.07722107092079, 691.6983463826066, -417.4344695437186, 124.6183783862223, -710.0366863648596, -224.88230748985623, 176.57364373531735, -639.508859583391, 36.525876581584754, 147.6390704775703, -592.9526252948342, -207.26575930177611, 17.339427370230425, 507.2062736080127, -57.71794635164011, -152.80857095089272, 697.2754855865956, -43.97915763220007, -1492.4281650478379, 220.32476003375578, -13.371232941855254, 572.0581077308664, -572.6526272042131, 667.9564134061667, -548.4333945834218, 6.477983980490706, 866.3520805523196, -37.69430319141105, -1138.7536647847671, 413.9381908156731, 249.37362690093423, 360.0179529997073, 62.76295870972777, 150.7092652652906, -1043.3875801830723, 392.84551216301975, 63.42240574898378, -51.0217905099083, -319.0958049515324, -359.75551218564544, 33.19134879877615, 587.6345144806766, -680.9189589714566, 426.20938666702045, 17.739579081960045, 75.84972857503479, -1289.2104746818288, 73.65764103143763, -418.65349092837664, -325.9234575035365, -303.22312038625705, -91.51196998239121, -463.9630951840709, 489.24440880606505, 106.60919683742551, 18.189991733035157, -149.15261248186047, 726.3028051989792, -68.03155083404928, 439.18431988321254, 8.109375225677098, -1426.9533306230692, -2480.367282852126, 58.1973961416289, -240.56701508775606, 472.21906675155867, -41.92649522638399, 334.20175194757144, 137.51979230695125, 1006.1380227380894, -2135.7225428938636, 456.4111070119113, -54.67578185261371, -2385.2403615874055, 632.6494061277144, 1164.16046330306, 80.49750566254127, 322.2752952325328, -146.71067555042848, 212.91997056751163, 257.7701116772912, -7.419509021442593, -668.1295904960613, -488.5982169198867, 299.86062343358776, 1019.5427072095658, 322.2300557076677, -3406.38413477887, 307.25664014253937, -160.05850149998443, 415.4058883583199, 383.49417500304594, 377.16080456512, 284.02727873134086, 154.64409043063196, 155.16474017453507, -4374.386368312915, -404.9130852867228, -85.05928165537162, -157.18997625559396, -90.54549573653722, -17.635172935113786, 4.414176906355266, 1161.7470562727265, 155.3386423674091, 321.79202055623875, 672.4601693206923, 235.36161582043192, 155.66670036060768, 39.30292110227586, 817.814418351678, -176.86378278545814, 196.90890396841306, 923.0074922374743, 87.30744960679598, 276.86624058705513, 58.20319577967112, -571.4734846412239, 560.9154285989725, 500.21890394332195, 270.0028837224147, 137.07195344988773, 385.4766882305054, -189.82260428588344, 728.3166781465532, 760.0919266755591, -212.01299958680332, -90.44626796943967, -115.28526959217939, -20.907812624544107, 26.004398133103763, -475.89358343615777, -842.3757455468251, 84.43468706599052, -203.6133744542732, 439.37269877010624, -3267.6867244468053, -354.3536600657767, -82.20165948347162, -3.0823759427970288, 569.3026976699721, 748.6902161272185, 439.04041510535944, -20.103164269227392, 335.8340250037098, -63.67043282269549, -514.1679164544774, -296.02382421537277, -2786.3936374510727, -376.9723006389587, -3277.6731743143896, -212.48997787783193, -1025.335686594135, -204.7105967819307, 43.62247370748864, 621.7370381237434, 982.7033630506958, 158.54400786980395, -641.9741728875064, 933.3836810168557, -361.77948841472556, 390.01130954453663, -158.69299625166573, 334.5363377084067, 39.88292053943559, 517.5976243696105, 1379.5095671968543, -279.6721970979237, 30.220778776009553, -571.4782264717057, -349.98080678802205, -164.7768168776284, 52.82231272756886, -494.71597797320953, 53.39557560087334, 338.05926599142003, 137.503873714484, -3653.5818879387643, -21.57631015863953, 533.6036928387957, 156.18143996584448, 0.4885941762827031, -2784.870923960727, -567.7416982375399, -839.2581841927158, -3595.388707134388, -817.8258089929776, -59.35950664521883, 300.0649081052113, -198.51938375303504, 273.546306912124, -555.9743215288757, -245.1924579372206, 727.3017169643812, 339.9689260249161, 260.44449092545403, -157.07882300233572, 544.4686813694084, 518.4588201069824, 226.40341145838406, 546.4244790143482, -290.7536280423019, -34.12137285923805, -1010.6381954141038, 54.711153635864406, -212.46689535065687, 1.3307280998325552, -173.2494488854795, -409.6080916115741, 62.09211185075813, 54.62839314887623, -1276.5581129522302, 175.2398046962186, 17.41428395802066, 1.7268134908615025, -280.7159680360952, -160.99067371451198, -3932.4329258287885, -58.896559947958195, 1169.784837638897, 733.9024618778116, -564.0899485842664, 8.9888673610468, -4182.686817032278, -185.15180265124465, 351.1287126520424, -501.01305174566755, -774.7345920181828, 251.54079949924395, 286.1724067249247, 285.1941808338062, -117.83712614036656, -40.71149860313085, 137.74799381348905, -60.57123639941999, 76.61450664335419, -239.70377452304348, -453.9376931079404, 406.27085803028694, -150.68877311430782, 129.64001021410618, -147.41625673323887, 223.23381637484746, -107.71664679351906, -157.96376699824873, 291.98387406147356, -73.66075750911946, 107.46248511200358, 130.98409151599125, 34.310648095727544, 1199.884721028789, -443.4792158504547, -231.24410608794227, -939.915600524343, -266.8091913104995, 354.69771564479504, -340.7885878634189, -75.36372843125667, 84.81091961189836, 583.4128470584385, 518.6159021754661, -999.4443056093139, 72.71836286224496, -161.7114219004326, 345.40873831265594, 564.3288170371637, 91.79567604063533, -85.56085272966334, 26.703682930648853, -3131.982455389051, -602.1402815600055, -0.16909106497550397, 238.88379251408813, -12.774939626914716, -2687.2795308872915, 1175.1922677928524, 557.1827241168367, -1253.4800322543288, 1222.1602308532044, 456.64405941787663, -176.978689975808, -2932.118598001081, -19.710902630228276, -165.6864641574285, -486.2522888247554, -596.096754444609, -185.10928875529734, 222.69407920164767, -2517.111415809967, 517.3230897974215, -448.5919886063209, -2745.2095865724873, 263.2058256498964, 705.6369643411886, 381.5180120928426, 300.5138729633353, -1024.8212600246284, -212.31016959434388, -77.46824286960381, 116.49895724232832, -355.41701966708774, 29.363189459777345, 208.6611513987646, -8.091248072487502, -190.52188621824683, 239.8649040485532, 793.4480344151907, -156.57035476959746, -189.1842775691374, 218.1316068957547, 436.4721805037117, 105.76922144635776, 118.49035534914216, -359.73923398078364, 653.5060885630785, -261.19652388618886, 3.5667645245906954, 152.033642081541, -91.82732241941582, 81.78755112327448, 1747.2561904785919, -91.79516880282038, 136.03960086953063, 419.6068834234816, 175.0619594910054, 34.27367494763669, -279.42302948450765, -534.9011042786551, -78.1582194649938, -199.22502378949812, -431.57079836037235, -535.2083136472671, -150.99342436182695, -228.83878599243084, 392.6901064046767, -612.8177645484388, -121.42862612146462, 76.99387175859172, -279.2623114954978, 177.0026968946676, -1324.0139092393827, -245.59930677086348, 54.703449773199765, 174.52025923953053, 478.5103408859744, -573.2158360163689, -839.698954915618, -1019.56789401421, 8.038351149602107, 790.7069672631249, 270.23914169507145, -76.34486659992635, 19.107747660199692, -127.24292483003356, -1392.0170787538427, -3667.832227705641, -107.31876714421762, 380.8389936848039, 79.93897247893878, -1018.5761571748767, -10.990557715145798, -313.9296297521103, -122.50969433052498, -27.088044006325816, 274.4093680348842, 145.218294554334, -1718.94486951113, -2292.2457173998546, -4026.980648320943, -127.89774546109363, -150.51644893598004, -372.4696300398077, 103.22473850270686, 494.35213055235795, -215.8199687883539, 184.66679638851545, -68.56413887185022, -135.34934555351512, 60.24025100378719, 462.0029258116351, 817.1673015832826, 331.78371446099027, 212.9628538542688, -629.6318296517226, -3050.539676286882, -1581.2385919874937, -2979.3170077711798, -287.1546920892373, -354.1051454752211, 395.5092559885634, 595.65377093166, 814.5137483735539, 378.62991952772154, -90.10327435550212, -318.0115814912832, 610.6043136128919, 33.415343820462766, -286.2718212063827, -444.4726671597683, -188.75750018093143, -2882.586870910207, 369.5712098335116, 491.80693330557983, -3206.617443883359, 207.41532295351968, 667.9357479623237, 104.15591780295054, -307.9535149314195, -426.58796967207775, 286.8855669090343, -127.2211618657864, -11.950016785987629, 387.9355209957696, 579.9347337946192, -126.34739955352066, 457.69035298754443, 414.969354493265, 591.2957851803756, 542.9659527922308, -678.8464782407995, -481.22000590133337, -2382.196729574457, -364.63814175998124, 397.9394871913389, 197.45088802713408, -579.7556486361455, -3339.4086358866675, 234.84042733144227, 376.80571206269303, -198.80934259708215, 73.85191724926025, 145.8006381202787, 107.66256096786853, 108.51009260994235, 178.7054212000822, -2899.136578810812, -531.4535096096845, 330.1632419612132, -520.999948458619, 96.00976577375198, -553.3768859994423, 651.7377682731092, -51.37116194891652, -38.17961665542188, -907.0492389958195, -559.483995083617, -139.70458595491087, -22.553913838461483, 593.1968983794891, 483.071058909811, 187.4218033818544, -1630.5138127200305, 422.88807686052814, -453.8115807741807, -226.59750223028206, 64.63632899098943, 50.89364383939969, 915.0496934796947, 925.3127787352801, -115.81782510127223, 208.01791551890724, -35.90718975622079, -579.6913906233119, -579.3265996240789, -197.2268007657901, 393.8516910803861, 889.9881083607195, 328.42885333891854, -564.237022198949, 262.1148224450583, 58.1988007538464, 497.5358435911296, 332.5058446729756, -3501.1558604880474, 136.8393063849904, -2.4703240498180605, -233.7815434835849, -321.1049015483445, -15.271892845381075, 19.026989693428533, 265.3485218600706, 614.8905508972981, -904.3430442752647, 567.4603101063669, -197.58682330033648, -3684.039235333617, 683.352909528842, 306.5926324619737, -428.82341743297764, -37.189167255275294, 967.0466857414899, -124.90180935316423, -1024.8279165565625, -3069.3406377093224, 568.398993232742, 119.45753109038591, -78.52705868539437, -105.92454534616661, 240.74459335527447, -2758.9918687601466, 399.82496916882724, 144.79591219195274, -2658.81192460159, 148.6737792960353, -586.7860033320572, 408.78438906784515, 272.70437891961103, -252.03369869988538, -59.744370201189014, -762.5705262801266, 363.86687547543556, 597.7980451563803, 348.8574717904248, 778.6468781351138, -275.4792683730027, 398.71243680872726, 458.9632997127303, -306.8576195149659, 212.58909151498236, -322.72208779743426, -49.71018212146117, -229.63021144976923, 227.0791436157355, -90.0345375762065, 151.82420449173978, -207.12225644344116, 140.58678788484573, -621.0139609339209, -1183.0321337442938, 416.45789779531685, -188.16070725358597, -407.4684409298678, -98.26191909660426, -45.953202161332996, 1190.565746281629, 735.7092495597052, 103.83898735137987, 654.0551577074564, -154.9824447191677, 725.761351564227, -155.7654208898903, -240.0571776366904, -4602.5195029652705, 512.0887551321224, -816.2720611490593, -252.8387016467028, 1328.8509229684962, 303.2375133233261, 290.9073475506551, -340.10376981733793, 125.85592306462982, -52.58463317743676, -403.60807448085063, -904.1791183468193, -39.98328889820252, 651.998753298676, -714.6189520785335, 324.8520835817967, 822.4489017534265, -224.10226759072177, 372.16069497926424, 73.57147253840512, 402.7419607549549, 1169.8161344573073, 653.92913631749, -181.01926662783163, 231.4466563079491, 221.400369339732, 417.23253592787546, -271.77688147634024, 309.0560493283101, 332.76422808745576, -153.06761922312884, 105.05592817547168, -376.9721970515682, 947.6944203984735, -4814.690300298503, 344.12763571131995, -15.511674654860343, -7.620560935802217, 379.9174052459241, 396.65561291516974, 209.44351015407054, -86.36694703147947, 456.7340458977428, 61.82639396442329, 146.5789317986278, 303.5518882480836, 166.99420043078484, 112.6901226553895, 468.8638293254435, -151.2442607694421, -143.73806761355493, -1074.6225066027564, -18.967557268027804, 228.9238828351221, 376.62201426028867]"
0.25,3000,5746393.636936359,5746393.636936359,0.02635788917541504,1028.5953240761198,"[3, 2, 2, 2, 2, 4, 3, 4, 3, 2, 3, 2, 2, 3, 2, 2, 4, 1, 3, 3, 3, 2, 2, 3, 3, 3, 2, 1, 3, 2, 2, 4, 2, 1, 2, 2, 3, 3, 2, 2, 3, 3, 2, 3, 4, 2, 3, 2, 2, 3, 2, 2, 4, 2, 2, 2, 2, 4, 2, 3, 3, 4, 2, 3, 2, 3, 2, 2, 2, 3, 2, 3, 3, 1, 3, 1, 2, 2, 3, 2, 1, 2, 3, 2, 2, 3, 1, 3, 3, 2, 4, 2, 2, 3, 2, 2, 4, 2, 1, 2, 2, 3, 3, 3, 2, 4, 4, 2, 3, 3, 2, 3, 2, 4, 3, 4, 4, 2, 2, 2, 2, 2, 2, 2, 2, 2, 1, 3, 3, 2, 2, 2, 2, 3, 4, 3, 2, 2, 1, 1, 2, 2, 2, 5, 3, 2, 1, 2, 2, 3, 1, 2, 4, 3, 4, 3, 3, 3, 2, 1, 2, 2, 2, 2, 1, 2, 2, 2, 3, 4, 1, 3, 2, 3, 2, 2, 2, 1, 2, 4, 2, 1, 2, 1, 1, 3, 2, 2, 4, 2, 3, 1, 2, 2, 2, 1, 1, 2, 2, 3, 2, 2, 3, 3, 3, 4, 1, 3, 3, 1, 3, 3, 2, 2, 4, 2, 2, 3, 3, 2, 3, 3, 2, 1, 3, 2, 4, 3, 2, 2, 4, 3, 2, 2, 2, 2, 2, 3, 2, 3, 2, 2, 1, 2, 2, 3, 2, 4, 3, 3, 2, 2, 1, 2, 3, 2, 2, 3, 2, 3, 2, 5, 1, 3, 4, 2, 2, 2, 2, 4, 4, 1, 4, 3, 3, 3, 3, 2, 3, 3, 2, 2, 4, 1, 3, 3, 3, 2, 2, 2, 4, 3, 3, 2, 2, 1, 2, 3, 3, 3, 1, 4, 2, 2, 2, 1, 2, 3, 1, 1, 1, 1, 3, 2, 3, 3, 4, 3, 2, 1, 5, 2, 3, 2, 2, 1, 3, 2, 2, 3, 3, 2, 4, 3, 3, 2, 4, 2, 4, 4, 3, 1, 3, 3, 3, 2, 2, 2, 2, 2, 2, 4, 2, 1, 2, 1, 1, 4, 3, 2, 1, 2, 4, 4, 1, 4, 3, 3, 1, 2, 3, 2, 3, 3, 2, 3, 2, 2, 2, 3, 2, 3, 2, 4, 1, 3, 3, 3, 1, 2, 2, 3, 3, 3, 2, 4, 3, 2, 3, 3, 1, 1, 3, 2, 2, 3, 3, 2, 1, 3, 3, 2, 3, 3, 3, 4, 2, 2, 1, 2, 2, 3, 1, 3, 3, 2, 2, 2, 2, 4, 3, 3, 2, 2, 4, 2, 2, 2, 3, 2, 1, 3, 2, 3, 2, 3, 1, 4, 3, 3, 3, 2, 2, 3, 4, 3, 2, 2, 4, 2, 1, 2, 2, 2, 2, 2, 3, 3, 2, 2, 1, 3, 2, 2, 1, 3, 2, 1, 2, 3, 3, 3, 2, 2, 2, 4, 3, 3, 4, 3, 2, 3, 3, 3, 2, 2, 3, 2, 2, 3, 2, 1, 3, 2, 2, 3, 2, 4, 4, 4, 3, 1, 3, 3, 2, 3, 3, 2, 2, 3, 3, 2, 3, 3, 2, 1, 3, 2, 1, 2, 2, 2, 2, 2, 2, 2, 3, 1, 5, 3, 1, 2, 2, 3, 1, 4, 1, 3, 3, 2, 1, 4, 2, 2, 3, 1, 3, 1, 3, 2, 1, 2, 3, 3, 2, 3, 3, 3, 3, 3, 3, 3, 2, 3, 2, 1, 4, 3, 1, 4, 1, 1, 4, 2, 3, 4, 2, 2, 1, 3, 2, 2, 3, 3, 1, 3, 5, 3, 3, 2]","[1363.9519483137672, -2043.3525130140267, -1374.1838566420029, -1616.66769037961, -1442.9983232574796, -1752.9230162170784, -2633.5745907136215, -3208.339135812784, -1890.0800343861438, -2329.1627770088376, -2913.7874197308047, -2279.391356854353, -2128.002554941768, -2251.5379567866803, -2044.191526322616, -3076.1115661945505, -266.4197769844237, -1995.85448316472, -2204.2166760173113, -721.6086508268409, -3167.756685074067, -716.5527941839136, -2062.3437660986037, -3259.289889687275, -1845.6605460701846, -777.5960733318122, -746.6093129221122, -2872.4706328562943, -2532.3173290905333, -867.9487373812722, -2334.439584137129, -1160.703672557476, -2270.140957671926, -2492.147901217661, -1791.2698046787546, -3085.406504862463, -2510.4453534295835, -679.5804836353257, -2415.7275685305262, -2130.486012926318, -2760.522677953197, -1926.934053152413, -2474.5079660094534, -1446.797797498284, -639.6451989397391, -304.65805343795626, -1676.702525391685, -3075.9550366198, -2461.188995932279, -980.9589751170827, -2038.8558400774195, -3438.124044698702, -754.2066017266358, -1920.725046687308, -3289.8566372010637, -3185.845776206377, -1397.34103662502, -857.8550546366594, -2178.639872373572, -2031.6214909952214, 22.485916602727457, -248.52717806003375, -2226.435895535044, -2353.7482266791567, -390.28137228587525, 4974.094734566407, -2717.7988001337826, -1725.0504454769973, -2213.513509530637, -1042.30756608939, -223.51992100157463, -1405.98705892582, -477.7036433576982, 4850.119875671916, -1877.3670704720444, -3275.447220236527, 4668.975935658368, -740.1229157985301, -231.19230413078878, -2387.0430511755176, -2614.497976885903, -3311.449022429154, -1938.0670767586175, -2126.2356388350845, -1728.2411138781395, -711.4380520031657, -3061.543293317626, -2143.6002519764434, -431.146401303891, -1943.3871772394468, 7219.896533247417, 1135.2276114853269, -1272.687775277808, -1556.0762685411964, -1864.576736126926, -2250.6979796213795, -689.0620725355037, -2508.906145944536, -1960.659512047614, 6031.501007226611, -2224.294224047016, -2390.1935293335773, -1863.600447990842, -2276.5741000285434, -2945.691226625475, -791.9253128898686, -19.657649692752102, -1570.181823436297, -1717.5480483140932, 1.4239927112919304, -2135.0012950211158, -2508.506125920174, -2731.9557358475276, -359.1901526178407, -3040.758553805782, -1072.2366580054581, 65.60259192748549, -2535.24659494006, -2118.765699684489, -1820.657557637277, -2969.10975209721, -1494.157405938452, -1544.245533068693, -2107.2003348201433, -2226.5284304534835, -1156.0009534278022, -2218.6956616817374, 897.7940918172928, -1587.4094887369838, -2916.123990051569, -2822.2573123717357, -2681.106295558455, -2926.673767434363, -1517.2679433490448, 3167.4672133227386, 154.95742364860007, -3063.3972968624244, -2778.8991211584116, -1349.520868390225, 2776.533025826122, -1891.5709403485077, -2560.2407607222276, -2570.6048866587125, -413.07011258949376, 409.196818818388, -2062.093002823609, -2611.0923964257227, -2266.864006258117, -2640.6181963640583, 1658.130982149731, -3198.691615399206, 4930.24613548098, -1158.592191694604, 4471.958093822519, -2261.391977670228, 1362.1526239587977, -1655.103287454399, -1081.692189062073, -1305.2479081435035, -432.02529556737795, -1498.921055470253, -2011.9225265014738, -280.1528870247638, -2264.587769428732, -1916.8728064942002, -3316.1362135841846, -807.5823414307661, -1896.7553201871601, -1298.6235524749163, 223.1590312073199, -3363.4603216837686, -503.9866542721128, -1722.3551858417404, 3819.93962176874, -2428.1429604094074, -2740.1990373570034, -2337.9625015541733, -2719.677155030789, -2147.907103491275, -1433.0568004154065, 2262.9525018413706, -2920.169388708422, -1292.3623694848943, -1227.5220148505844, -3082.703200509046, 3095.2501792248504, -2708.8585062073885, -2478.7864896558976, 5720.002666291315, -2325.4496538607555, -1176.103253189569, -2280.8560110233193, -2575.2813690367666, -2508.7072452867724, -2497.242841763968, -3349.972689992762, -1600.2362177790433, -2265.246533985695, -2487.817249649562, -1863.5569675534111, -2185.2512252006763, -2195.425647559462, -1719.2383748612517, -219.04315392200874, -2328.157139565676, -3109.773531426019, -1618.9782358984696, -2226.5191257446177, -1403.987781003148, -2951.8039867008465, -1712.24921527001, -1421.0631588617673, -2480.1023967872507, -2548.0298435446884, -3314.2101570666973, -2329.6845422580063, -2562.58709399649, -1972.6011452267767, -1699.442078177306, -2192.8099686044234, 4257.145730392846, -1660.751279890771, 733.1546098618041, -794.9074712549518, -2398.9292973510474, -2565.8829111537375, 8130.919709078767, -2600.5123418705507, -2260.8810980676517, -3237.564736809256, 2317.800941402681, -1361.3848262093986, -2006.455754590735, -2293.4389549020734, -2789.3101690796966, -1989.2019762378213, -2821.9981222063543, -2551.779467598212, -2539.4294130208937, -688.6682723515293, -2295.4744847033553, -2068.145774427657, -2984.206787528984, -1580.2345005702769, -2414.5860547322054, -1221.5903990439558, -1673.0826266598135, -2461.628195495391, -1742.7400243340594, -3282.8736789496916, -3040.857627525731, -3038.4224283159183, -891.551107888711, -175.90419024089533, -3075.705137824607, -3132.0377151649245, -2856.04640080798, -2495.1190473728984, -2430.650054656746, -2661.39365036103, -1762.1392583458523, -1426.6054823554625, -1485.3569654024766, -572.2513166284117, -114.54492283979584, -2475.9456669688752, -2877.198014254407, -1153.500918168545, -1663.987235139949, -2149.8471267069563, -2177.9110113717325, -2171.9129948555246, 4550.518912126834, -3277.1232387837154, -905.038739579717, -1921.1447852242788, -2574.39638080267, 4887.108224091387, 711.5756990585064, 437.56591957388946, -1111.083647711629, -208.5042118794447, -1525.4434570526423, -3152.124066910916, 3256.8950850411984, -2577.1095600983467, -1838.7849631017102, -2896.2264388077438, -1159.5298336327016, -1296.01878857574, -2824.616779410695, 5957.49149066629, -1853.5397907600159, -2888.2605279567447, 4398.31336170806, -2507.034718852856, -1437.5458764036687, -2248.9935464740956, -2044.5075012371399, -3432.9633509619152, -3350.6416993018083, 89.55739834754331, -651.0100630146012, -2878.8762707044243, -2605.2741244701074, -1622.4483129605546, -2757.2610557185076, -2390.1342670681706, -2179.552460567038, -1403.1963308334084, -3019.2885032298846, -2063.1335983629306, -2557.447636791824, -2227.496818208353, -2190.6937589837826, -1413.4309098139574, -2839.9717435735856, -1457.9382015586714, -2521.2595555970565, -2449.917462482128, 2050.602261957906, -2103.5895153242595, -1427.7881502535777, 1227.2827818463281, -2392.8284438418787, -2733.661573062923, -1679.285263375069, -2329.754110957895, -1631.0712385868758, -1832.8754529265057, -2387.511334481743, -1458.1281908713472, -1844.42016457126, -2142.0965864191676, -2023.2369509616688, -2758.3154820787136, -1581.5571280673112, -1955.3717898634613, -1032.1315435988843, -2404.4203284609057, 95.13379020054322, -3150.821264134991, -1601.2270574212077, 795.5842798115941, -2240.5141451844675, -1868.3393146782107, -2843.4612009931648, -2211.052516772059, -2902.462554454917, -2144.6671923634713, -739.9396881791818, -1627.802099119473, -294.6508752111587, -1737.7142751944561, -2386.78466303901, -3246.5849058700214, -2235.5296767079117, 1538.288766049555, 4143.727401519959, -787.5257952738436, -2078.094098511803, -2709.2940265723355, -461.2924564547876, -2344.2913671178476, -3376.8609924999128, -2367.201751155587, -1299.2125600863378, -1823.7093833523343, -2512.5932870386605, 5230.630925754588, 5944.822269370645, 5880.467072871562, -2406.950889919373, -2586.963837567142, -2290.142716467879, -2155.511584429274, -752.9077747501551, -2441.343915927064, -2076.292290426375, -2383.7410324188604, -1683.8918634050879, -2333.3559015241544, -1329.4576597323996, -888.7911768957086, -1542.4744783584526, -1931.2844232331204, -2733.0684137688077, 4165.952569510595, 215.29847041395624, 4172.797116568105, -1188.465559612685, -2625.289105465565, -1730.0253235097102, -1994.0638051332146, -1237.3226320107196, 214.72899920760642, -2775.8103997538346, -3287.4348239812352, 1907.7599973042163, -3083.3548176431195, -3569.018292357877, -3121.0280617050144, -1875.9488922211633, 3133.4688503152965, -2096.0335375683276, -333.03368739919176, 4804.857563925988, -1762.289418430293, -1794.6237980414048, -2145.012102064661, -1942.8730973734312, -2232.7729093460043, -1005.2286898451935, -3028.1054517997527, -1248.5807471977564, -1714.2929031985138, -1657.8825817246775, -3303.483406291848, -2048.031724072211, -2091.806649622676, -1324.64004645907, -1302.2318393542787, -1161.4666405143514, -2675.0133337113243, 5012.496656905209, -3355.383266756139, -2427.2666871972497, -448.17858180319604, 1976.374640709604, 5756.730550239749, 78.33992728900625, -2125.9845616524044, -1481.6297975962086, -2935.918817786549, -1092.2289631360982, -3040.779362738356, -2718.4153382042186, -1944.685094049265, 4680.431009215254, -2139.854606194739, -1926.752151305844, 190.92138868819006, -2360.677398058616, -1278.5519794109837, -1287.4648618832, -2866.816584577758, -2302.402589216803, 1478.9517419877982, -2534.463231075667, -2027.925653813611, -1841.3669729165372, -1699.0074888010602, -928.4857177799917, -2283.605585015937, 367.18827113154225, -1520.3684345412935, -2321.9617005796717, -3171.533734179985, -2768.3586674189355, -2549.49078624236, -1355.6287322842124, 429.1321263388588, -2812.9328183774014, -2145.6974826290702, -2959.6046718896087, 378.7805566727634, -710.754007969153, -1569.1912916620174, -1518.1950020971447, 1053.1073428681973, -1886.1169448300996, -3262.296409619844, -1912.0573738012606, -2007.6770381168076, -1518.9499513614426, -284.027817657181, 6317.7205945343485, -2858.201069282175, -3288.8551135716907, -2078.2580187560134, -1724.328061594268, 1933.653178204974, -2733.1213062843644, -2328.2656064292987, 533.7130113574506, -111.9185911944046, -1490.8788230210134, -843.3582132396533, 9147.974385837142, -1288.6295481789566, -516.2841197667431, -2172.833173674734, -1933.669916852139, 630.1542319257603, -3178.065605236495, -2330.0082395233685, 3758.0260222245106, -2004.7252083912244, -1826.080813119174, -1989.3871534439609, -1586.000553253029, -1399.437431480289, 3929.1361508475156, -1240.1386526593178, -2512.758512700897, 5274.403576174999, -2298.7628655042818, -2509.295619019761, -444.04965822307565, -1353.1061509225915, -2455.509842441989, -3277.4299281833673, 1981.304688903099, -2255.8982399380925, -1822.0599540601822, -448.7965239417433, 838.3883100632363, -1909.8723295046027, -2071.102444172945, -1150.3948045889958, -1501.2770676231653, -1940.5174491750274, -2789.8681730532835, -2760.009608791515, -2973.7730928926103, -1208.8753843119205, -842.6000432813626, -2953.827522661878, -2914.2108508046176, -1725.7442271556588, -2910.997605188742, 681.5859407106061, -1125.7082225628355, -3156.4981989164453, -2858.6422434063325, -2032.011930791018, -2758.539970006357, 546.4243649245536, -176.8108710813592, -951.979718837332, -348.1057249884726, -2972.354609712759, -1668.4975574083242, -1488.4862322854685, -3347.9638937834634, 7940.346288609903, -2026.7523979936218, -492.92245323906184, -110.85838451173527, 730.3695544630552, -2339.4594645194607, -661.3253407489626, -1935.1518558268172, -2403.129339456414, -1651.5163296941819, -3411.941009419009, 2201.3005924813906, -2927.3697491469475, -396.2712905783594, -180.72912086570886, -2271.1598734762715, -1563.0169633383562, -2232.105028585368, -1799.0032093768186, -2758.0975788989813, -161.08529842592316, -13.104693924427238, -141.14246735013808, -2215.252011037225, -1752.8889478577735, -2099.1489366627493, -2406.1879605582285, -2079.58910956878, -1389.2867416370557, -1925.7347090699654, -2347.3439693451837, -1698.1052510258373, -2709.377187541094, -1171.6938491801936, 6234.237371323518, -2270.3856269763114, -2191.823141002563, -849.7116288760056, -2249.619664773098, -693.3082786139101, 984.2393279328223, -2781.1147184066876, -1712.8415599234008, -1777.9265940773726, -1894.5653102087633, 1688.5872501104066, -2675.240147976604, -1758.0299459090797, -1180.3513524102882, -1690.1095659576793, -2241.982173622629, -280.24006031662634, -2364.340061237278, -1087.746383928225, -2068.862884576277]"
0.5,3000,1999149.1790409219,1999149.1790409219,0.025461435317993164,443.504280399063,"[3, 2, 2, 2, 2, 4, 3, 4, 3, 2, 3, 2, 2, 3, 2, 2, 4, 1, 3, 3, 3, 2, 2, 3, 3, 3, 2, 1, 3, 2, 2, 4, 2, 1, 2, 2, 3, 3, 2, 2, 3, 3, 2, 3, 4, 2, 3, 2, 2, 3, 2, 2, 4, 2, 2, 2, 2, 4, 2, 3, 3, 4, 2, 3, 2, 3, 2, 2, 2, 3, 2, 3, 3, 1, 3, 1, 2, 2, 3, 2, 1, 2, 3, 2, 2, 3, 1, 3, 3, 2, 4, 2, 2, 3, 2, 2, 4, 2, 1, 2, 2, 3, 3, 3, 2, 4, 4, 2, 3, 3, 2, 3, 2, 4, 3, 4, 4, 2, 2, 2, 2, 2, 2, 2, 2, 2, 1, 3, 3, 2, 2, 2, 2, 3, 4, 3, 2, 2, 1, 1, 2, 2, 2, 5, 3, 2, 1, 2, 2, 3, 1, 2, 4, 3, 4, 3, 3, 3, 2, 1, 2, 2, 2, 2, 1, 2, 2, 2, 3, 4, 1, 3, 2, 3, 2, 2, 2, 1, 2, 4, 2, 1, 2, 1, 1, 3, 2, 2, 4, 2, 3, 1, 2, 2, 2, 1, 1, 2, 2, 3, 2, 2, 3, 3, 3, 4, 1, 3, 3, 1, 3, 3, 2, 2, 4, 2, 2, 3, 3, 2, 3, 3, 2, 1, 3, 2, 4, 3, 2, 2, 4, 3, 2, 2, 2, 2, 2, 3, 2, 3, 2, 2, 1, 2, 2, 3, 2, 4, 3, 3, 2, 2, 1, 2, 3, 2, 2, 3, 2, 3, 2, 5, 1, 3, 4, 2, 2, 2, 2, 4, 4, 1, 4, 3, 3, 3, 3, 2, 3, 3, 2, 2, 4, 1, 3, 3, 3, 2, 2, 2, 4, 3, 3, 2, 2, 1, 2, 3, 3, 3, 1, 4, 2, 2, 2, 1, 2, 3, 1, 1, 1, 1, 3, 2, 3, 3, 4, 3, 2, 1, 5, 2, 3, 2, 2, 1, 3, 2, 2, 3, 3, 2, 4, 3, 3, 2, 4, 2, 4, 4, 3, 1, 3, 3, 3, 2, 2, 2, 2, 2, 2, 4, 2, 1, 2, 1, 1, 4, 3, 2, 1, 2, 4, 4, 1, 4, 3, 3, 1, 2, 3, 2, 3, 3, 2, 3, 2, 2, 2, 3, 2, 3, 2, 4, 1, 3, 3, 3, 1, 2, 2, 3, 3, 3, 2, 4, 3, 2, 3, 3, 1, 1, 3, 2, 2, 3, 3, 2, 1, 3, 3, 2, 3, 3, 3, 4, 2, 2, 1, 2, 2, 3, 1, 3, 3, 2, 2, 2, 2, 4, 3, 3, 2, 2, 4, 2, 2, 2, 3, 2, 1, 3, 2, 3, 2, 3, 1, 4, 3, 3, 3, 2, 2, 3, 4, 3, 2, 2, 4, 2, 1, 2, 2, 2, 2, 2, 3, 3, 2, 2, 1, 3, 2, 2, 1, 3, 2, 1, 2, 3, 3, 3, 2, 2, 2, 4, 3, 3, 4, 3, 2, 3, 3, 3, 2, 2, 3, 2, 2, 3, 2, 1, 3, 2, 2, 3, 2, 4, 4, 4, 3, 1, 3, 3, 2, 3, 3, 2, 2, 3, 3, 2, 3, 3, 2, 1, 3, 2, 1, 2, 2, 2, 2, 2, 2, 2, 3, 1, 5, 3, 1, 2, 2, 3, 1, 4, 1, 3, 3, 2, 1, 4, 2, 2, 3, 1, 3, 1, 3, 2, 1, 2, 3, 3, 2, 3, 3, 3, 3, 3, 3, 3, 2, 3, 2, 1, 4, 3, 1, 4, 1, 1, 4, 2, 3, 4, 2, 2, 1, 3, 2, 2, 3, 3, 1, 3, 5, 3, 3, 2]","[3130.705525979696, -690.627895787235, 830.2086045714866, 619.9031954710273, 711.0536640932035, -432.24407381317616, -1147.7344713927866, 162.209495246156, -52.86945971509647, 151.98137454532224, -183.5406763847157, 775.8923095628111, -694.2691171048673, -167.6151889236848, 517.1312864485259, -1422.6093829008914, 2951.851814981465, -1037.1056190466948, -1273.0082556225539, 1412.9879244832896, 1.7937628196040123, -1385.276013903382, -273.9393842214769, -1842.2175278179066, 287.84922814182073, -565.9155275249118, 1746.5352891243967, -1665.8286848924313, -1181.0080382686433, 1859.349077534498, -44.93260414252455, 3361.6755387824746, 99.38824391276944, -188.16007254311324, 2024.8531456182557, -1052.4502491107187, -281.45543087527477, 2229.8821478550267, -972.3809822744022, 298.7181707236926, -213.0641021498472, 215.96477521232754, -1249.82129344258, 225.20769794149382, 1575.3044053713957, 1675.8078293700767, -474.6783125872776, -1423.7511989057741, -876.1654188198172, -170.947545974766, -508.76231651022937, -310.9317797807483, 4421.646178967907, 170.67274035197357, -1619.2462357532781, -857.5514809968979, 1138.2080238916435, 4984.652785160287, -324.8916395252565, -776.2006619309573, 1798.1214549705508, 1787.2861405883166, -597.3670957703127, -803.3667429162335, -905.4310634123781, 334.0865034583631, -524.7164372603793, 499.1259075458393, -691.6303503956435, 651.9112314415304, 1601.4070158276265, -72.48910822046963, 2599.8985456650603, -378.3077433743695, 367.9564283807826, -1724.3567424249964, -951.8335811748466, 1472.4523966857796, 2406.341273189651, 800.9605219204841, -1278.2515662605845, -1461.7390613019345, -248.3623755791388, 427.53040017961456, 737.0673395070929, 1463.1968243486122, -907.7517625081975, 932.1434799299059, 1125.595053984237, 1000.7230205236972, 910.9841603284669, 2086.149440496275, 475.5591851778254, -594.3903849052422, -860.0319773578067, -420.38561501346675, 5669.012698336781, -292.68328825662303, -83.56026554104352, -1425.0336270449534, -1361.9571876264754, -537.5139164460036, -246.0266672077832, -702.4424723556253, -315.7978601712245, 492.3347340397899, 1484.4137541047241, -630.5741608407807, -176.72776953534014, 1951.7591418497914, 491.4720964530557, -295.60126249132367, -345.85853555481543, 2583.2878670515015, -769.1114944753474, 5028.065182291322, 1861.5495172785972, -100.54102832383211, 373.04040305770394, 575.4118065700085, -821.8100855022572, 1084.237195022424, 1070.8115269958544, -543.6558273646745, 239.10169605255197, -332.87159434129427, -1167.390275170888, 3112.3625395330014, 8.65575530019538, -1069.2407183351268, -758.3471362992154, 194.59956838732347, -681.2894672229652, 1495.1485118903333, 5305.055326016562, 3257.9706881052216, -1364.176241214064, -1213.704254471757, 877.0701120384113, -2874.02429922428, -146.96082965055433, -1052.9077373281937, 157.38252033471116, 5487.174374066901, 2535.073582937783, 35.22656255376603, 830.6671976952005, -302.46139539806296, -327.51113400085165, 1937.2014316808395, -528.4405826326115, -1539.8444881446092, 415.5861041048037, -2115.784183926397, -477.9933052970509, 827.7869848454775, -191.66458765982213, -6.28864058517172, 856.474435268666, 980.8279354837655, 895.6804873597907, -298.76923280942475, 1628.7992813773565, 45.91618442377711, 807.3120761410364, -1427.5480153779417, 1859.573038585961, 189.75161603079226, 279.0286453255245, 1620.1639761336774, -1082.3389765683519, 715.3093288466403, -108.41431704411303, 2624.448366002099, -185.0999819982424, -134.5489176586696, -297.3899136726289, -511.0146452017846, -334.4071095111198, 427.3295763464029, -2412.5382397850003, -804.3252531342553, 233.3560051302094, 381.5003852880191, -1374.5262422508235, -2308.4252816401886, -1103.4935393650562, 124.29613333943809, -1332.747392041729, -1052.1343629438916, 1287.1126129159404, -200.39573140603238, 31.678567780970013, -1289.7448550046497, 2376.274489463828, -1180.7254556557598, 102.22123347809787, -314.2601607818527, -219.75031534487283, -246.34383832025065, -897.7915734994963, -823.5735331821093, -118.18617738113358, 1804.1569429848746, 215.05813803120532, -1025.8815326562649, -497.52300793162436, -991.9828695420151, -750.5415824970992, -120.02962678598459, 556.9247070077315, 809.7897516248563, -587.0220099241556, -7.292721258397194, -1031.675806916447, 155.7874278949318, 98.89616719571035, -1206.7287299942955, -822.3645421481592, -402.0829005513586, -1683.5086843427898, 105.68025391510781, 2932.0052688212404, 2086.7490707009283, 525.2823576600372, 122.93773752074429, 2245.453662456194, -759.1438529608267, -346.10414047358614, -1379.566272537358, 3059.976734611558, -397.84323538959615, 1136.8341547308141, -33.019423971790786, 668.5919066185963, -1085.632799254217, 1747.1556006022915, -1114.6292358143626, -70.02916730446196, -79.91722229271215, -657.4386387067802, 3.78979392308014, -186.02166371985726, -557.2441996383027, -359.5809223517553, 564.999208005928, 120.0429939247241, 265.18869184741544, 158.21514800062383, -1670.183916415553, -1679.7717208895126, -1621.9463157015336, 307.6791840636541, 868.3498221253601, 3219.0422522608646, -2149.3405624958978, -882.8920833814791, 605.8183495912704, -863.5278564755681, -315.04086128388104, -1317.8767597021779, 77.91343331160269, 1020.0417618590088, 869.028108740682, 1725.195770449298, -617.3435682760453, -55.22176864069746, -158.45171657659483, 567.2575185778963, -534.9223502012123, -1464.8967786653707, 903.2667566273226, -1218.9669659497404, -1091.0039944144576, 406.065663151062, -447.39236003763364, 185.03984134187402, 363.05127901321407, 2038.9534871460187, 1618.4531930704131, -1279.9158322692117, 2240.841386704127, 4201.256529430513, -868.1308440852674, -2942.017653766102, 204.8313187598439, 375.9091418061318, -282.2627371033903, 363.67029692023135, 796.9271791001818, -1501.3404898927583, 767.0014705971779, 194.14665874861134, -264.78149742127295, -1867.9701122579818, 147.20027882421837, 671.2804065897833, -432.8187226221914, -252.86899958331725, 2934.5837087679347, -1024.6670455514468, 454.9294017736292, 1208.1333101228524, -30.879073547123596, 939.4036778193679, 4908.865281345429, -85.67796061259315, -1672.6346204541192, -179.15696134345512, 420.71522774048526, -1076.9045647840962, -567.0725190497938, -631.8480879839924, -589.6281206261065, -1232.5743867799513, -18.189413766039536, -768.2057098999544, 820.0336583370249, -597.7933740900066, 112.81339594544892, 5610.339537193991, -36.55796426866618, 86.54048757071772, 2827.082637406046, -518.2933470304752, -1404.614995062924, -455.83834850671013, 156.29490167487967, -35.23375996902723, -705.5583270186919, 441.9932235260806, -923.1586415215581, -339.7272090379602, 29.66770062637994, -1136.2569014899095, -1363.8530591138554, -1211.0648009224178, 16.94581200289707, 290.8874322012484, -433.73552844664874, 1700.1187045782754, -2012.3226419099524, 1154.732968332905, 542.3791907375044, -1008.2338109347133, -72.38093112884496, -1363.8785297493584, -709.5822353613021, -1220.2830890539021, -422.39287299834035, -219.47576785244274, -210.25900259889482, 599.8674658233485, -29.62380757292948, -562.3801316634531, -1934.8949268809001, 90.09504402717585, 3524.097248755597, -1229.7910557582197, 1880.009887510013, 76.35854445563638, -586.7551068590155, 2863.7485457550397, 253.6993324010743, -984.5868397058789, 2986.526081168046, 904.452115524377, 736.7513034852091, -265.7871779193819, -402.54639564902465, 897.4343565488116, -2742.99765348828, -415.2761697010423, -857.9743716056892, -646.2147031643478, 934.8037879769086, 431.0240393005535, -164.39381973927686, -172.19089134191387, -584.5821095361755, 198.89173248413613, -952.1199946634752, 407.6219313660386, 1158.314714910113, 302.001070745611, -373.4280566102206, -926.8926639431711, -1937.451884034726, -870.0767707073355, -1079.4589151449152, 717.7272351390359, -1713.0964175275258, 1048.9770041934837, -536.606347498988, 1117.7314503918662, 1680.7940365665522, -101.54673900628615, -498.7619842864047, 3342.8283676712686, -1218.5947005914973, 2684.792233540046, 185.72716150994717, -155.9500712670229, 226.84917704955745, 358.397320432027, 644.4475721682302, -1931.794552869162, 149.64130519368223, -235.62019864480493, -570.1917779075945, 559.0006675013719, -1300.1088206953195, 515.7813974293024, -785.821300717223, 677.6544578566477, -145.62266069700513, 522.7266943874641, -1519.8448091059743, -142.93356270436954, 478.7422632725035, 1754.6744784490313, 456.52782263263833, -1277.3752932570476, -1350.3795333097316, 53.96097692709725, -2275.946033715468, -737.0297940532228, 1484.3801122045734, 330.1516922950071, -663.3627771438728, 2058.0287399546078, -569.9117719033732, 298.7361495599318, -1609.4614683430584, 5173.900459803864, -1680.342628891954, -293.45164500487004, -275.6759197477476, -414.2665091294825, -1121.3749932276023, 728.1993779213303, 3554.130724993415, 381.8669968617415, -48.80428504327392, 1332.3192023170336, -1277.7387849009187, -1509.6454111806272, 749.3639538275338, -619.8168297296129, -803.160206490692, 1246.9634476696826, -172.89544707148315, -44.02561607577496, -1315.0271815487495, -222.23229325873177, 291.9252521394655, -414.1088830606564, -726.5456594797906, -1075.9254598277291, 3.3642281205096083, 73.73003070107757, 2494.6209669645423, 471.6019067630645, 569.4961901200525, -138.71611669547832, 945.8262001280914, -1385.2339802727101, -1301.2682653081652, 124.89272154377807, 1592.8347990855018, -702.9054082414241, -1199.1593437658635, -513.6811225433341, 163.08410855986125, 1265.088163351373, 1198.3537312789897, -954.5208965302279, -1256.3575226228877, -1248.6062339092448, -284.8289517260392, -737.1602642931944, 3766.4370410945085, -412.9453372268442, 523.3825870592777, 2201.6969753547737, 135.091790232018, 379.16775360865853, -707.3358800984113, 3983.49901420525, 1491.993363103476, -202.6971503305665, 4277.3673434680395, 534.6168780018279, 2632.8881123525953, -1674.5091380178535, -834.8634857974021, -2464.7950010669333, -458.83599072196563, 745.4112569430067, -130.1496255991949, 279.13218060230196, 257.6798596727154, -1440.1311330781796, 839.3784894045334, -264.58192769200554, 671.5830236521278, -1204.4613317425908, 2464.1943218398096, 1689.6674082615614, -458.23261520340174, -61.05947129737643, -1709.8937396964798, 3108.2523546898447, -382.4519499623578, -35.485226677833964, 644.4553373432491, 1403.3025791523862, 91.50683068009403, 25.35742957086785, 953.578930443889, 387.20455012183146, -402.40537924354356, -1087.4783469169934, -216.8067212769634, -1396.81939516271, 149.15294534055707, 421.8220069953158, 575.0334344304131, -1083.1962472836954, -373.085328900629, 43.61538008859998, 3263.6765347811265, -361.1874916657991, -836.2234301710405, -632.0124342064246, -546.5851594602789, -227.52710487836367, 1487.8461989999919, 5519.580024883634, 887.557680990923, 989.7976314908512, -423.65648395080274, 1356.0497549135903, -701.7097707967737, -1195.3787610517566, 3256.807858812006, -298.15710514594736, 4560.898496077345, 640.919536469178, 3036.548796788241, -617.3411106807441, 1518.7848497415325, 275.9101154686786, 1296.2487709642317, -37.27387785913896, -728.6931861671274, 5089.845178639712, -751.8017169096429, 1870.2687022854095, -315.8261689090753, -271.12488948627725, -169.2772387940529, -1069.5747040859214, 707.708652353509, -1226.3648298562082, 1192.1846513148141, 2713.840834707173, 4503.502969353754, -1192.510227278311, 81.06891067821613, -904.7438673382776, -1041.9683243497643, -426.2974906568489, 844.0493821212717, 720.7775738895918, -1181.8173493342545, 1511.9984860395111, 412.92411586599957, 487.8193982611591, 2169.178396809659, -201.18354780204118, -228.72535822512083, -6.160449635467387, -428.25145860265985, 3688.8778123753013, 2014.4315653342887, 12.735124200901453, 999.2179680324982, -870.980627213678, -897.4233751544016, 2182.3861528995235, -835.1635221435347, -1016.1181282787902, 1550.0447643647585, 244.24720156698368, 137.16323711734776, -724.6250253666938, -726.1038599191588, 273.2801300116967, 529.5061575102137]"
0.75,3000,636478.5351122767,636478.5351122767,0.02730870246887207,261.37797291502744,"[3, 2, 2, 2, 2, 4, 3, 4, 3, 2, 3, 2, 2, 3, 2, 2, 4, 1, 3, 3, 3, 2, 2, 3, 3, 3, 2, 1, 3, 2, 2, 4, 2, 1, 2, 2, 3, 3, 2, 2, 3, 3, 2, 3, 4, 2, 3, 2, 2, 3, 2, 2, 4, 2, 2, 2, 2, 4, 2, 3, 3, 4, 2, 3, 2, 3, 2, 2, 2, 3, 2, 3, 3, 1, 3, 1, 2, 2, 3, 2, 1, 2, 3, 2, 2, 3, 1, 3, 3, 2, 4, 2, 2, 3, 2, 2, 4, 2, 1, 2, 2, 3, 3, 3, 2, 4, 4, 2, 3, 3, 2, 3, 2, 4, 3, 4, 4, 2, 2, 2, 2, 2, 2, 2, 2, 2, 1, 3, 3, 2, 2, 2, 2, 3, 4, 3, 2, 2, 1, 1, 2, 2, 2, 5, 3, 2, 1, 2, 2, 3, 1, 2, 4, 3, 4, 3, 3, 3, 2, 1, 2, 2, 2, 2, 1, 2, 2, 2, 3, 4, 1, 3, 2, 3, 2, 2, 2, 1, 2, 4, 2, 1, 2, 1, 1, 3, 2, 2, 4, 2, 3, 1, 2, 2, 2, 1, 1, 2, 2, 3, 2, 2, 3, 3, 3, 4, 1, 3, 3, 1, 3, 3, 2, 2, 4, 2, 2, 3, 3, 2, 3, 3, 2, 1, 3, 2, 4, 3, 2, 2, 4, 3, 2, 2, 2, 2, 2, 3, 2, 3, 2, 2, 1, 2, 2, 3, 2, 4, 3, 3, 2, 2, 1, 2, 3, 2, 2, 3, 2, 3, 2, 5, 1, 3, 4, 2, 2, 2, 2, 4, 4, 1, 4, 3, 3, 3, 3, 2, 3, 3, 2, 2, 4, 1, 3, 3, 3, 2, 2, 2, 4, 3, 3, 2, 2, 1, 2, 3, 3, 3, 1, 4, 2, 2, 2, 1, 2, 3, 1, 1, 1, 1, 3, 2, 3, 3, 4, 3, 2, 1, 5, 2, 3, 2, 2, 1, 3, 2, 2, 3, 3, 2, 4, 3, 3, 2, 4, 2, 4, 4, 3, 1, 3, 3, 3, 2, 2, 2, 2, 2, 2, 4, 2, 1, 2, 1, 1, 4, 3, 2, 1, 2, 4, 4, 1, 4, 3, 3, 1, 2, 3, 2, 3, 3, 2, 3, 2, 2, 2, 3, 2, 3, 2, 4, 1, 3, 3, 3, 1, 2, 2, 3, 3, 3, 2, 4, 3, 2, 3, 3, 1, 1, 3, 2, 2, 3, 3, 2, 1, 3, 3, 2, 3, 3, 3, 4, 2, 2, 1, 2, 2, 3, 1, 3, 3, 2, 2, 2, 2, 4, 3, 3, 2, 2, 4, 2, 2, 2, 3, 2, 1, 3, 2, 3, 2, 3, 1, 4, 3, 3, 3, 2, 2, 3, 4, 3, 2, 2, 4, 2, 1, 2, 2, 2, 2, 2, 3, 3, 2, 2, 1, 3, 2, 2, 1, 3, 2, 1, 2, 3, 3, 3, 2, 2, 2, 4, 3, 3, 4, 3, 2, 3, 3, 3, 2, 2, 3, 2, 2, 3, 2, 1, 3, 2, 2, 3, 2, 4, 4, 4, 3, 1, 3, 3, 2, 3, 3, 2, 2, 3, 3, 2, 3, 3, 2, 1, 3, 2, 1, 2, 2, 2, 2, 2, 2, 2, 3, 1, 5, 3, 1, 2, 2, 3, 1, 4, 1, 3, 3, 2, 1, 4, 2, 2, 3, 1, 3, 1, 3, 2, 1, 2, 3, 3, 2, 3, 3, 3, 3, 3, 3, 3, 2, 3, 2, 1, 4, 3, 1, 4, 1, 1, 4, 2, 3, 4, 2, 2, 1, 3, 2, 2, 3, 3, 1, 3, 5, 3, 3, 2]","[-63.103871951750094, -424.9984142678537, 306.95329656978083, 343.4763780792571, 166.54778359422227, -348.26015364254954, -615.0499905254884, 768.8805089748107, 30.09380197920224, 418.9725097617095, 467.27319002377544, 840.9701551305328, -445.20275758878677, 247.81166837676977, 459.0658509671158, -385.33012541122065, 752.897865202991, -785.5359149013323, -822.4653580775192, 238.65716964629098, 606.0104280105078, -2137.2351244113215, -184.17569864995613, -613.4196934198048, 45.089178859994675, -1303.490948218348, 487.5668714119264, -605.5883355107693, -583.6876554832055, 686.7159221682538, 262.6699116602657, 1535.8487257704878, 118.81335102996384, 126.31522637653008, 1398.601499740868, -196.49571647264713, 176.49312572637706, 677.3317781588523, -542.4696089678464, 362.633454283999, 456.2056434690471, 309.83710620561783, -685.3622594368152, -97.63675270369366, 327.58834807459573, -86.48515065083974, -633.7929928985716, -386.51827535838333, -393.7477123004685, -912.1494102411606, -381.22658413337257, 832.7452490209608, 1980.3635853526343, 262.7071583014979, -381.4004120710906, 251.2593412272376, 531.0637414338734, 2596.7698775509066, -60.83624968165644, -514.0436519746576, 79.28305315777696, 224.71343985725883, -360.78389722900505, -350.1815482995171, -1929.0384015231195, 1999.0649103234518, 131.9067162240305, 395.9427555282607, -458.872276200325, -412.6811021835749, 131.7340176212315, -407.4138472611662, 991.1380505181136, 1369.9208899801915, 226.61979961924277, -490.77621554045606, 1078.05511164408, 349.6210291276808, 679.3531963669991, 947.0275846977052, -652.2062405729471, -217.5017276930373, -238.83378636359464, 497.15715943660086, 498.06594973450956, 108.55148131311647, 166.835352586608, 776.8151749202483, -318.03015852855583, 786.890795871901, 280.05302907663304, -644.865378816705, 2.9298492569430863, -838.3348514194513, -826.238062492275, -176.6206554187881, 3100.8390027548503, 164.80965124594394, -67.34414398977971, -290.9446493741282, -866.4217778416909, -73.54063560180408, -170.90156408248617, -372.9191734605279, 361.50348686477747, -398.49111858383685, -263.57000914822436, -779.5996005284256, -323.75186501950725, 239.15522938155675, 563.6935564777116, 161.7732680476393, 268.9361540476533, 843.0095830769098, 116.54145582156876, 2801.887853663071, -100.14686927615959, 364.74888402126555, 440.4560036247815, 458.90890850871597, 176.2925012158084, 554.8747913252283, 275.0019256790954, -484.8231801574394, 380.5697627699385, -982.4790606466057, -712.5614879649704, 483.12852130467905, -355.80692132832166, -177.56599488435006, 17.369433882177916, 653.1808905113365, 128.43964047711853, 732.973516199082, -5.896338513283368, 423.72518066911294, -422.6985525813957, -360.0783624962996, 208.4572993686511, 905.6904598604988, -214.25818567652124, -401.30278251125844, 633.1387554192378, 2653.989536362155, 184.43302743122337, 39.84759035728683, 1088.3129214309733, -53.91116920904133, 257.1424763711953, -1203.7726121726505, 545.1232998779618, 449.92757193326463, -141.23426227791094, 317.611580655627, -240.621206032161, -1679.2671143648743, -420.2355422822324, -676.6156669723692, -9.319606944007333, -370.49906902995986, 405.48319258748916, -0.8230889116061206, 95.22048841116249, 276.7489156156947, 585.6313964886208, -181.92323760855453, 606.0082358706333, 40.214818972244004, -266.593086257809, -429.0298191370306, 177.29409641696554, -550.5569933970618, -283.70403921201955, -2380.173468017277, 244.0875941905477, 390.64780313648305, 192.74276344260164, 146.16451558998278, -216.21155235772176, -83.65841098922938, 1655.7359852876307, 49.49753340367171, -314.1190841443166, -143.54776417690533, -335.2958109695918, 1060.733798383156, -228.98002410684876, 512.8971893610498, -219.44685272370805, -590.9953122527356, 276.5797836443055, 52.2962344012236, 501.84945845613424, -744.1378874349629, 1993.1748700573814, 74.9151759697804, -258.44463399137885, -66.1887186630558, 93.44307783836233, -171.2316057344758, -673.3993499935884, -596.1696034280136, -507.4499092044839, 294.10938211928453, 236.4228648677402, -70.67612656924966, -720.4568035935854, -723.2952472951998, -1111.3478515054096, 467.043095006115, 357.9142450541064, 428.909780934791, -191.04384181338207, 461.7811297062186, 291.4596798492395, 422.93300958558507, 572.2790747923489, -962.0421903853897, -754.211385589802, -238.5159675529993, 992.3897500490586, -62.55496349821608, 359.00910855511177, 843.371647584832, 803.3665475414563, 597.2962320131633, 623.5226488868502, -95.6182044384574, -99.32490052281527, -115.57907133947039, -889.2736415044641, -745.970573872135, 516.664725742895, 177.3781644228216, 833.2040819931665, -836.0322876557467, 1514.2420580983392, -465.5288879884416, 396.4988909426686, -1022.7325267713849, -474.31699280241855, 56.22151237844692, 594.7186303256026, -703.2939705884218, 111.61273116438186, -99.86181770089978, 1.476973070247496, 468.5177846575815, -73.38997998511745, -434.4051013806262, -652.9278968444175, -641.84235342004, -412.49512984554605, -696.0873763991893, 2779.954248719673, -916.5901607183175, -67.68264584728595, 870.7552586585726, -429.1993140050033, 366.50611667743124, -1285.4298031266626, -250.9080958876807, 488.07436096252593, -261.87434945955, -244.60777940377994, -222.59582374359127, 552.6815690794716, -705.410672524062, 225.46243615582569, -279.3898316291935, -1022.1405575312493, 795.3686440429138, 924.6004442400668, 184.69282364070062, -310.11620939836087, -396.85387325375837, 661.9183874727341, 1910.5617627483327, -295.7499290424067, -523.1345742973609, -1661.2273057506882, 507.13746235880694, 2342.204481915645, 191.64869059706137, 466.9325084250439, 682.5129865568874, 252.12722909683532, 560.073907168332, -586.3144433612762, 239.16595158617662, -675.8020010087529, 1337.5929103275319, 45.75697432892214, 529.1781524596281, 558.2497393424769, 328.02511582517354, 125.16056043472192, -189.5582881767818, -260.42303242451027, 2917.459830520629, 139.1335692820154, -1174.8784426900008, 139.5934443014915, 576.2266677034539, 1103.2891002663548, 3078.527407504523, 490.588271441419, -1029.7623020107567, -5.575113975461775, -135.57234463709068, -105.5688638025082, -393.3009803153453, -255.88969181139157, -352.73088092045793, -876.7780508318839, -350.91071644054045, 103.49814188834348, 279.95009521786125, -104.56394462877536, 457.70271452136984, 749.2060224810407, 110.13942734879781, -241.93096295356258, -165.477644821647, -53.54011149123214, -655.1234362119047, -614.1885187703872, 423.46107622876843, -258.2735192105444, -600.4786500313487, 716.6976097289777, -1115.4268999299347, -513.0196012224881, 324.5261774006101, -792.8077222098601, -516.3200805481933, -1382.012792620657, -59.14694785730724, -694.237397623568, 34.44899292920489, -202.29442250731046, -774.0121670587946, 363.14546648515375, -1819.3785996186539, -546.946586996571, -86.59676300120356, -532.7619490364444, -477.55263370293835, -289.2219761609263, -48.67466610757471, -926.577587427016, -342.2284033117596, -750.5032329116597, -170.678546826714, -99.41590111779156, -709.8578641311766, 370.99024778158355, -536.6311691680138, 1397.7161091946368, 426.8737327133789, 131.73504235367568, 67.35056909485765, 393.7117671352445, 426.1609778085092, 279.0129335601714, 1913.1816247797567, 400.62491162360686, 530.4080934928007, 192.79718333466508, 1007.5787716807654, 1767.504610780877, -1326.0873136540451, 53.65741707500173, -198.45918319842804, -170.23704541560028, 730.0126847840176, -509.1063332835332, 314.720363798804, -78.29833669168086, -122.51881675706609, 83.52532775487101, -504.9710830826565, -180.56694030533237, -111.02173192366816, -34.14253308005489, -319.88816000977516, -45.21283227901931, 595.8372612189755, -2418.081227036322, 1410.9446854845814, 222.73825542036008, -863.3200792309295, 726.7296971976853, -506.10345428149515, 283.0095527349634, -154.14736841425014, 572.2482883086033, 459.1483441860413, -487.6649549025027, -271.2094343181526, 2624.7012967674877, 766.0377065582281, -77.1697349174295, 2803.13249722635, 327.0459798361943, -655.5121171881945, 268.33481027044024, 15.860994877828347, -401.44946411703484, -316.090463330441, 519.5340036324104, -802.0636557037118, -212.36366629819787, 50.06721102838196, -32.205862927124585, -437.3426223553108, 179.1245882164808, -277.96535833753865, -96.4557558319588, 354.10168313439624, 945.7991982605508, -180.06387727107455, -1626.729306814091, -485.8844460155816, 1707.5721232862052, -839.7872506188759, -395.74080265820237, 218.50418561076015, -2837.515899836379, 594.9274845125918, 121.53731814407264, -412.1864292266936, -118.4806775495614, -708.8228513916393, 2953.6410052479055, -653.521971817999, 225.29693548967532, -218.1693228665693, 1653.8515719243665, -648.263579938222, 601.4811079490717, 583.827402242237, 658.1866991237978, -493.29323066900054, 604.4778339378172, -492.69747636900286, -1084.3037792604387, -2180.5459763527983, 65.7779576036419, -542.0971923937766, 715.4498562215663, -416.1513644134759, -794.8871820599057, -882.6047412891983, -1952.4936862559957, -142.79995707999132, 71.2874355104155, 338.979284045235, -362.1823219883778, 472.8705292130704, -496.63791191375265, 288.7813463129432, 972.3093545205439, 644.8838028671621, 496.6846914372584, -1029.1326498061057, -2155.2400239483754, -1475.8766384465096, -218.43779155106773, -951.2856661268818, -662.7354280966093, 72.14862031223471, -465.8325785195923, 141.52350483323949, 743.0645412897189, -257.2736146801508, -107.9054389834515, -420.87782901195783, -241.15199038786568, -100.9052241789792, -713.3349376295074, -129.10834992836874, 248.21339438517833, 560.0130314097095, 98.55884449023222, -1182.4431135341156, -248.36270171617332, -1467.0653851635789, 1143.9349610896704, 672.4587020827341, -1375.45605215333, 3063.456951272124, 349.98805744724245, 322.2860684733861, -518.8778069076762, -367.99418669266873, 562.8439713494928, -425.1772412136364, 440.7623408458412, -164.09379271078973, -155.77990624518367, -309.27874037181874, 1078.722742643799, 89.2642120522913, 194.0513416122257, 2059.9534594883057, -767.5522214056111, 2084.662415988909, 383.51988332473036, -808.8105044109618, 422.2479340170273, -475.7263162097287, -842.4373122299195, -137.14767384082757, -193.19318171157448, -625.102818141147, -939.9630197821839, 180.32876196488468, 78.66434471374218, 226.7839616200448, 119.535782586335, -397.8267067657498, -473.3455181466877, 452.3111519755694, -440.250974248077, -433.1090181886347, -517.0485018120315, 748.533919411008, -192.08782757189402, -576.3471818100236, 653.2596614762089, -214.8124897068941, -916.3732964758375, 224.85088078721873, 245.21802725269316, -422.36964929935897, 441.15574413831973, -660.6747659658942, 2479.164255621791, 94.52701910406272, -344.7500259556009, 445.6135241216331, 555.3995189903231, -884.9918185107706, 59.667251647859175, 1410.0143608192316, -257.97814031568674, 1933.952721180232, -897.4659531608526, 517.3656770638395, -351.16722225730473, 414.2489788064188, 372.2149784316591, 1216.982375612857, -162.2236863166121, 545.29053838541, 242.05443959135312, 104.15243097315546, 227.84524766909936, -1667.2576748012332, -21.30305399246528, -540.9602880945075, -610.7766424913666, 402.01417870388406, -469.64002779372925, -538.7094549180605, 593.9550511843044, 1912.7193249715206, -738.7007868025496, -55.49401028233099, -664.2183978491094, -614.8807474143725, -149.9417014996909, 273.5703728324071, 593.7581332925142, -743.1727277639505, 664.5349629282392, 878.5794634921803, -274.29106864978814, 1705.2405538558005, 2.390080537916475, 39.23237920160126, -837.7272342355676, -184.80568838813105, 1711.962325181961, -662.5941281451002, 642.0812457871361, 625.8651122671782, -821.2156351628654, -913.4165033055856, -945.3999482622072, -191.13805274342542, -972.242695113323, 602.0220395198908, 130.72128398938895, 419.9684289368456, -1867.6839581539186, -269.78340187484173, -434.30421436242625, 161.00930850646262]"
1.0,3000,125736.47483367215,125736.47483367215,0.02601456642150879,120.67186102965282,"[3, 2, 2, 2, 2, 4, 3, 4, 3, 2, 3, 2, 2, 3, 2, 2, 4, 1, 3, 3, 3, 2, 2, 3, 3, 3, 2, 1, 3, 2, 2, 4, 2, 1, 2, 2, 3, 3, 2, 2, 3, 3, 2, 3, 4, 2, 3, 2, 2, 3, 2, 2, 4, 2, 2, 2, 2, 4, 2, 3, 3, 4, 2, 3, 2, 3, 2, 2, 2, 3, 2, 3, 3, 1, 3, 1, 2, 2, 3, 2, 1, 2, 3, 2, 2, 3, 1, 3, 3, 2, 4, 2, 2, 3, 2, 2, 4, 2, 1, 2, 2, 3, 3, 3, 2, 4, 4, 2, 3, 3, 2, 3, 2, 4, 3, 4, 4, 2, 2, 2, 2, 2, 2, 2, 2, 2, 1, 3, 3, 2, 2, 2, 2, 3, 4, 3, 2, 2, 1, 1, 2, 2, 2, 5, 3, 2, 1, 2, 2, 3, 1, 2, 4, 3, 4, 3, 3, 3, 2, 1, 2, 2, 2, 2, 1, 2, 2, 2, 3, 4, 1, 3, 2, 3, 2, 2, 2, 1, 2, 4, 2, 1, 2, 1, 1, 3, 2, 2, 4, 2, 3, 1, 2, 2, 2, 1, 1, 2, 2, 3, 2, 2, 3, 3, 3, 4, 1, 3, 3, 1, 3, 3, 2, 2, 4, 2, 2, 3, 3, 2, 3, 3, 2, 1, 3, 2, 4, 3, 2, 2, 4, 3, 2, 2, 2, 2, 2, 3, 2, 3, 2, 2, 1, 2, 2, 3, 2, 4, 3, 3, 2, 2, 1, 2, 3, 2, 2, 3, 2, 3, 2, 5, 1, 3, 4, 2, 2, 2, 2, 4, 4, 1, 4, 3, 3, 3, 3, 2, 3, 3, 2, 2, 4, 1, 3, 3, 3, 2, 2, 2, 4, 3, 3, 2, 2, 1, 2, 3, 3, 3, 1, 4, 2, 2, 2, 1, 2, 3, 1, 1, 1, 1, 3, 2, 3, 3, 4, 3, 2, 1, 5, 2, 3, 2, 2, 1, 3, 2, 2, 3, 3, 2, 4, 3, 3, 2, 4, 2, 4, 4, 3, 1, 3, 3, 3, 2, 2, 2, 2, 2, 2, 4, 2, 1, 2, 1, 1, 4, 3, 2, 1, 2, 4, 4, 1, 4, 3, 3, 1, 2, 3, 2, 3, 3, 2, 3, 2, 2, 2, 3, 2, 3, 2, 4, 1, 3, 3, 3, 1, 2, 2, 3, 3, 3, 2, 4, 3, 2, 3, 3, 1, 1, 3, 2, 2, 3, 3, 2, 1, 3, 3, 2, 3, 3, 3, 4, 2, 2, 1, 2, 2, 3, 1, 3, 3, 2, 2, 2, 2, 4, 3, 3, 2, 2, 4, 2, 2, 2, 3, 2, 1, 3, 2, 3, 2, 3, 1, 4, 3, 3, 3, 2, 2, 3, 4, 3, 2, 2, 4, 2, 1, 2, 2, 2, 2, 2, 3, 3, 2, 2, 1, 3, 2, 2, 1, 3, 2, 1, 2, 3, 3, 3, 2, 2, 2, 4, 3, 3, 4, 3, 2, 3, 3, 3, 2, 2, 3, 2, 2, 3, 2, 1, 3, 2, 2, 3, 2, 4, 4, 4, 3, 1, 3, 3, 2, 3, 3, 2, 2, 3, 3, 2, 3, 3, 2, 1, 3, 2, 1, 2, 2, 2, 2, 2, 2, 2, 3, 1, 5, 3, 1, 2, 2, 3, 1, 4, 1, 3, 3, 2, 1, 4, 2, 2, 3, 1, 3, 1, 3, 2, 1, 2, 3, 3, 2, 3, 3, 3, 3, 3, 3, 3, 2, 3, 2, 1, 4, 3, 1, 4, 1, 1, 4, 2, 3, 4, 2, 2, 1, 3, 2, 2, 3, 3, 1, 3, 5, 3, 3, 2]","[559.191418995544, -108.22558399905486, 323.74777340676445, 131.63546554181826, 335.5538755954578, -70.41159927755437, -319.0101797779884, -264.3886850495825, 43.43488048186279, 136.63207575498703, -315.7511384726797, 178.70167219875768, -72.77582135021545, -62.90796257946994, 33.9235206642074, -270.14879070079314, 393.2075666974298, -179.14358149126676, -248.55111405838684, 491.3921527619713, -128.67306931076288, -1298.9219160635175, -31.76991930279242, -377.15766357136357, 176.67156787379142, -467.6936872472526, 529.6485360872173, -392.3216906042473, -229.65504264615353, 618.9496184883924, -6.018535059143392, -171.32602655357223, 50.8296880492602, 0.8661714347024478, 478.29108706267385, -254.41360483774955, 26.792715251076753, -135.62742268264364, -114.62779531010447, 70.4356811760001, 19.66889450565945, 98.46059878504734, -478.4522038026541, 142.5971509728926, 484.00383798004714, -304.6677094071067, 14.415304196138504, -270.3825006888671, -197.27985863036614, -728.3135401537074, -90.42497546981355, -108.75244518507377, 181.38877491230272, 89.19010259144807, -331.51929645581527, -256.8369361402532, 382.3732941584594, 648.6919895400242, 2.8293597917014033, -125.74084921637338, 612.4017930949898, 313.74934854494154, -16.74659586264372, -116.22856135290282, -1036.685578406353, 1085.9248875380329, -44.120948350297525, 177.54112808078293, -36.0406537669694, -251.0879739693659, 448.6696816921379, 81.66376352672812, 797.7644756090804, 914.5711300275904, 223.08311967244023, -353.03359924684327, 780.4746009070795, 518.5709984585525, 809.2839858527442, 224.4443928012594, -198.35655659086603, -299.280301989839, 24.608422705771243, 214.15453846356306, 206.81949380209957, -181.3221071422224, -200.96139813364292, 242.40262493791482, 438.68264892158874, 322.5845037612827, 130.46453018310999, 113.44854620098884, 112.61638829601226, -50.69937764004682, -85.58226903221393, 19.47845228881567, 927.2441921671818, 24.494567035016427, 58.34056431777536, -396.6735650498719, -369.1031471113044, -61.81308579635575, 3.898940832689373, -242.94515828465248, -82.51125861198416, 132.69637880113098, 584.3863100935306, -53.68893734191967, 75.40062719520832, 643.84877037916, 227.24229779570325, 23.897308176605275, -22.51932598055875, 713.1470092187368, -207.0157599150424, 738.8011385930366, 550.3469369552198, 63.82276447256858, 203.001378477146, 229.35058989479754, -223.98231434006786, 411.9380900309544, 201.7977204636324, -101.97787263849833, 98.84491099635184, -164.03440208243106, -226.9329401615482, 792.9211747884142, 170.6628290119103, -279.04371889811426, -153.67514569437122, 17.47641598587283, -112.29857917478985, 252.45710453181042, -69.23872950282447, -408.99724224157563, -288.20353061313824, -242.46223879582968, 288.3170234087169, 181.9268232755002, -229.954569261431, -188.42762988868378, 116.61525400082444, 896.1398783354114, 521.3422665428457, 118.84923124343078, 179.38749926898643, 43.615500501562266, -44.368124607740484, -288.646932294921, -87.12790226245211, 572.7213260650138, 34.130884787369624, 218.49115878530904, -160.8627872838985, -519.1271417918662, -202.97481577908232, -56.63621239308297, 224.07145779757053, 439.0663169578993, 245.39970808103982, -64.21395070275763, 592.817187443256, -145.3882721720287, 282.99662855920394, -292.2819862358474, 343.67732480019464, -48.098766843321116, 210.93076860818712, 603.2793821824818, -221.62366650816213, -54.678643276498576, -380.0355121039695, -463.49206427871053, -4.68754523937935, -9.282895267449664, -48.85891313743868, -41.316428493410356, -18.542422457893455, 123.93801692438926, 189.1178622179414, -122.47437990535865, 201.58236908522986, 195.70990381596908, -260.30700342523534, 376.13490337422206, -256.0990692244355, -124.91694996306138, -111.28179778493508, -621.5582154669914, 88.04068077837142, 64.50657665772648, -26.467392763648395, -241.3207251129331, 198.24401424972604, -241.76167714719926, 189.81406414574636, 41.200497291464984, -5.599804902009655, 3.834021391557723, -78.23829050254037, -63.04714127773482, -196.76248844433124, 592.5148102230906, -185.79948869557612, -218.96045470212286, -719.9899692968676, -317.21656657813094, -475.3380179371922, -72.45588051432586, 159.35654928617456, 196.0409357319843, -168.1121970635507, 82.90908016527298, -400.99129461598795, 137.4111090485668, 104.64410905614862, -213.8624986084719, -150.262511869481, -252.0934332548783, 249.65307662837765, 82.00211087257672, 832.8119095918007, 624.8827730266823, 44.49038890372934, 109.56500269392753, -77.54703732025764, -128.29924351255173, 34.68258540184756, -318.65601101448254, -315.80784267886855, 15.06940081388397, 6.274379427886306, 83.75811525849963, -82.30705449718387, -189.07625598440885, 120.74203101129595, -201.06095313290243, 70.06801470943309, -310.900839125975, -513.4625855292653, 127.42216511168182, -25.93332233211932, -38.67956255228272, -25.393279321501428, 188.24644905743534, 99.94941204023768, -79.31358689322003, 113.94265606143365, -341.94535870155784, -322.78547357033307, -325.957109936431, 165.52726589618177, 437.16633538601764, 214.6194042634799, -476.2154946409914, -450.0630091054666, 97.16977122890805, -92.34744311372302, -37.39904204001867, -424.5983186339427, 112.44856251135543, 398.79839514590896, 358.86542548373956, -508.14295271339705, -174.3184956357362, -69.78753053132392, 85.19104723345215, 284.9989487329682, -40.16029412567568, -287.82737594303364, 134.14633403533134, 495.5130415162967, -259.59230347290946, 185.66527653521885, -1.122076119940349, 122.27622926750412, 929.4835987032042, 725.0629734505649, 199.65532593214172, -916.3925244422117, 775.4090214702504, 563.5180792219967, -156.65662371444677, 225.26194203218657, 126.32720239411894, -20.592238683350832, -66.81976650891735, -514.7715237578567, 148.37986508180305, -265.1413437362675, 806.3231222177541, 187.5072659322973, -78.24915578696084, 514.5175544696608, 24.48614509000161, 327.4129776775492, 16.93361019645509, -57.47216938044561, 77.95591678385065, -239.8342130792232, -112.51514616966956, 325.9286701820937, -90.40336183407305, 171.62898272012066, 708.3533523867026, 15.72764109533453, -351.47006213766343, 28.24209446044537, 276.1266191835475, -240.0006846203987, -204.70579050941393, -166.69062225525877, -15.162561499031515, -244.6916338453499, 92.77797184846618, -151.2763917823174, 357.8601955682919, -257.6551373931198, 51.8735372843292, 187.55557854636038, 6.227088486983483, 114.21437131013626, 879.1791073539126, -57.8789676637779, -285.9549989442164, 18.271518999358374, 137.51498015437744, 38.151952693388395, -192.5049672384453, 27.44254366255866, -256.5333363544565, -299.42550655004106, 39.20646681091695, -312.37472250177257, -273.1951022275517, -590.7214987137453, 74.49578668114638, -463.51824995981957, -40.57144465808064, 169.65597527552532, -448.1702960721196, 9.866904480724354, -1076.8484597299675, -194.35636460168743, 35.02458632101833, -237.00525794981144, -39.71509413502065, -346.14870309981376, -258.01396420911436, -432.9785179210073, 32.34230604573982, 324.895239992824, 105.5102639920665, -66.90276998107693, -396.127124270031, 87.76995656834919, -850.752847277125, 455.463650766997, 119.28046580827656, 142.2757332426028, -56.81919103564782, -628.0922086945151, 10.083767313110979, -201.61549475138833, 21.286310567841856, 302.74907835382976, 257.95736106721864, 29.999735642980152, 992.4662739850351, 1249.5267636119277, -540.1862998818812, -36.793133184218746, -148.52814136917314, -120.25731449402475, 110.58642551502251, 248.09122502753354, 14.558144750914533, -10.943762587759853, -71.44713086029226, 116.08838510556528, -146.67577924364556, 130.48923169621858, 236.34276656701957, 194.51048389271784, 14.017137551959888, -219.9519244023341, 331.8052794515209, -1354.2833112597493, 609.7614915292999, 228.3346671377753, -380.87423507946227, 383.59859592371464, 16.812421311580547, 409.90113429906233, 404.81779249870016, 42.494570007546756, -217.8247239451316, 324.5133569810093, -258.405507133712, 99.21803739227171, -233.98249996711232, 22.336062114077304, 706.0791256995464, 169.98919932806928, 231.67429165633007, 343.42366437692846, 142.20273211967373, 99.54142319891474, -47.37933597951489, 123.65162291573237, -356.4438560906331, 244.31724744450923, -225.44346494707756, 78.94431181899846, -55.01004688942331, 275.88425919808486, -311.1735436051569, 97.3904316441816, 164.60673432462178, 540.2723559796372, 217.24678689666254, -655.5618821005659, -306.63236220131, 1028.5880371305616, -523.2517877941457, -96.4704709592165, 403.59395566115944, -939.6385602139374, 397.2076166398975, 345.25969440808007, -51.73865701374453, -81.47592364792813, -364.0133687089455, 768.6510976253683, -322.90232856437007, -41.807535274405126, 34.02530930873368, 854.3102254592558, -253.70946547519955, 296.8186209097656, -184.29281140380613, 183.68568668720522, -306.1655536487732, 483.83852913752975, -351.734660466854, -469.8996729711978, -956.1077332587422, -135.97646924527228, -131.25900171256345, 114.38490405514541, 71.76840390165314, 129.73443384715117, -220.9566037864768, -1200.5584085508451, 162.43314469593685, -72.749267473885, -127.67658519327922, -233.68543258388735, 85.09037338729634, 205.10475058552495, 767.1928893580946, 99.7781981948449, 243.21248031408854, -61.27318511258257, -464.75590826993204, -844.5020876848669, -609.1845877715858, 158.2594679648058, 409.56939542410754, -53.42117789559569, -281.72983289880136, -14.690239316454711, 2.062043395006082, 448.95515536421993, 274.4226179267434, 134.5541298037638, -214.99756740618287, -330.6931819154715, -55.18055198401946, -239.58502832825886, 227.65545312178895, -21.243337295504904, 137.61399695404677, 701.0563502199592, -506.1457260819655, 120.26018906955075, -460.4449298260009, 308.77501698207465, 486.5060748344066, -278.7143663127818, 479.5345601674239, 7.481691014722042, 846.6311189136883, -383.44234785404973, -510.93012286701816, 328.99079338792455, 32.730668277060545, 112.36168859731715, -175.311052175203, -166.64668113201142, 74.20615737867364, 480.3899912079914, 239.99050904917559, 30.246429519280394, 1109.9168799089719, -198.32568660798447, 216.23968333141877, 547.9584397211653, 2.708739222418199, 35.70889867160534, -350.07327273124014, -559.9920137582236, 27.242817448160732, 140.5055905529844, 139.9268536810334, 349.65308515043444, 72.98621008498881, 131.83668710863387, 370.1218882603759, 73.40937974333468, -98.67637771421121, -500.7715456978755, 18.902845100306006, -331.0800773274382, 41.39004289618555, -172.00843897796818, -65.25596352212203, -281.90017430790675, -188.90594940013412, -192.50885735624985, -895.0333766509292, 43.69454046210301, -150.125727936603, -123.39998376038788, -123.76501723436557, 16.70856799005632, 591.1385002868133, 923.8950974724665, 279.8017315859252, 404.70720092007156, -44.55806665915513, 296.37611009517656, -211.20658255634012, -244.76095532748135, -77.93269259122611, 65.61885715435325, -14.289482561585675, -309.09907666810653, 986.5708801171901, -112.5839586292342, 491.8593925860329, 110.73037315892874, 250.78384770634065, 67.74936923894045, -149.23848964637497, -409.58689700706447, -111.7237204539578, 479.8719241666312, -771.3538594233178, 50.02954128536906, 134.24302253705596, -206.91178451654807, 221.99783929076506, -249.47027302823048, 80.7633742716444, 715.962962101687, 865.9966645953193, -232.07455989917472, 128.16714894701153, -115.85636248517683, -128.871120694388, -54.1217217599397, 219.81838269336575, 295.2995059872851, -402.79893861752674, 144.73867975200338, 36.56531487923938, 310.9840251804047, -376.01791733819573, 49.33782757050005, 22.51293434281697, -46.07849431637898, 17.868450148750807, 559.1367560234921, 190.53566819755352, 50.878594162882095, 358.4062851257618, -124.01832597310916, -317.35122173237454, 139.1961648693916, -107.66409732995426, -153.7254622349511, 417.1706448864528, 125.37186518739088, 97.4040016322857, -912.3453155731523, -100.41418549323345, 102.93240477995484, -17.393479760301933]"
1.25,3000,0.6921059564475794,0.6921059564475794,0.015075206756591797,0.3374943865380445,"[3, 2, 2, 2, 2, 4, 3, 4, 3, 2, 3, 2, 2, 3, 2, 2, 4, 1, 3, 3, 3, 2, 2, 3, 3, 3, 2, 1, 3, 2, 2, 4, 2, 1, 2, 2, 3, 3, 2, 2, 3, 3, 2, 3, 4, 2, 3, 2, 2, 3, 2, 2, 4, 2, 2, 2, 2, 4, 2, 3, 3, 4, 2, 3, 2, 3, 2, 2, 2, 3, 2, 3, 3, 1, 3, 1, 2, 2, 3, 2, 1, 2, 3, 2, 2, 3, 1, 3, 3, 2, 4, 2, 2, 3, 2, 2, 4, 2, 1, 2, 2, 3, 3, 3, 2, 4, 4, 2, 3, 3, 2, 3, 2, 4, 3, 4, 4, 2, 2, 2, 2, 2, 2, 2, 2, 2, 1, 3, 3, 2, 2, 2, 2, 3, 4, 3, 2, 2, 1, 1, 2, 2, 2, 5, 3, 2, 1, 2, 2, 3, 1, 2, 4, 3, 4, 3, 3, 3, 2, 1, 2, 2, 2, 2, 1, 2, 2, 2, 3, 4, 1, 3, 2, 3, 2, 2, 2, 1, 2, 4, 2, 1, 2, 1, 1, 3, 2, 2, 4, 2, 3, 1, 2, 2, 2, 1, 1, 2, 2, 3, 2, 2, 3, 3, 3, 4, 1, 3, 3, 1, 3, 3, 2, 2, 4, 2, 2, 3, 3, 2, 3, 3, 2, 1, 3, 2, 4, 3, 2, 2, 4, 3, 2, 2, 2, 2, 2, 3, 2, 3, 2, 2, 1, 2, 2, 3, 2, 4, 3, 3, 2, 2, 1, 2, 3, 2, 2, 3, 2, 3, 2, 5, 1, 3, 4, 2, 2, 2, 2, 4, 4, 1, 4, 3, 3, 3, 3, 2, 3, 3, 2, 2, 4, 1, 3, 3, 3, 2, 2, 2, 4, 3, 3, 2, 2, 1, 2, 3, 3, 3, 1, 4, 2, 2, 2, 1, 2, 3, 1, 1, 1, 1, 3, 2, 3, 3, 4, 3, 2, 1, 5, 2, 3, 2, 2, 1, 3, 2, 2, 3, 3, 2, 4, 3, 3, 2, 4, 2, 4, 4, 3, 1, 3, 3, 3, 2, 2, 2, 2, 2, 2, 4, 2, 1, 2, 1, 1, 4, 3, 2, 1, 2, 4, 4, 1, 4, 3, 3, 1, 2, 3, 2, 3, 3, 2, 3, 2, 2, 2, 3, 2, 3, 2, 4, 1, 3, 3, 3, 1, 2, 2, 3, 3, 3, 2, 4, 3, 2, 3, 3, 1, 1, 3, 2, 2, 3, 3, 2, 1, 3, 3, 2, 3, 3, 3, 4, 2, 2, 1, 2, 2, 3, 1, 3, 3, 2, 2, 2, 2, 4, 3, 3, 2, 2, 4, 2, 2, 2, 3, 2, 1, 3, 2, 3, 2, 3, 1, 4, 3, 3, 3, 2, 2, 3, 4, 3, 2, 2, 4, 2, 1, 2, 2, 2, 2, 2, 3, 3, 2, 2, 1, 3, 2, 2, 1, 3, 2, 1, 2, 3, 3, 3, 2, 2, 2, 4, 3, 3, 4, 3, 2, 3, 3, 3, 2, 2, 3, 2, 2, 3, 2, 1, 3, 2, 2, 3, 2, 4, 4, 4, 3, 1, 3, 3, 2, 3, 3, 2, 2, 3, 3, 2, 3, 3, 2, 1, 3, 2, 1, 2, 2, 2, 2, 2, 2, 2, 3, 1, 5, 3, 1, 2, 2, 3, 1, 4, 1, 3, 3, 2, 1, 4, 2, 2, 3, 1, 3, 1, 3, 2, 1, 2, 3, 3, 2, 3, 3, 3, 3, 3, 3, 3, 2, 3, 2, 1, 4, 3, 1, 4, 1, 1, 4, 2, 3, 4, 2, 2, 1, 3, 2, 2, 3, 3, 1, 3, 5, 3, 3, 2]","[3.030841853611153, 2.179564814975887, 2.4170945471738743, 2.4368533601476603, 2.3432522097423023, 2.2734104376814215, 2.0342567907717135, 2.0164505376891944, 2.3060604171847454, 2.262778356243374, 2.355211520300019, 2.3666062496959333, 2.1303976918385565, 2.3503733953404944, 2.382804087128268, 1.9653767127189015, 2.6938539294621293, 2.105552722457958, 2.064898681234284, 2.486104968489527, 2.0069940149686074, 3.216803273601537, 2.270493321328693, 1.8854808150448574, 2.21979518895127, 2.689952739082763, 2.504824268811265, 2.0102005684125843, 2.019634239592794, 2.533064133217848, 2.329149903697824, 2.7991032258543727, 2.120217034200448, 2.121061513810231, 2.4497769930902074, 1.9393860557504363, 2.179928479043715, 2.9318422951289, 2.032337905681342, 2.366554980639318, 2.2042755377483645, 2.3634868631918824, 2.298377799774105, 2.3459856855438925, 2.5701264091676803, 3.0947758101216403, 2.1578295238554244, 1.9651328061525664, 2.1613256888599497, 2.918952373226469, 2.193107531960931, 2.1337870693809315, 2.899534570916721, 2.3538119027272537, 1.9331103473041982, 2.1945152421076908, 2.4838464234454194, 2.6441875067881444, 2.209301466047985, 2.161285372865545, 2.613815723221262, 2.705822761413207, 2.1027078969035182, 2.116830829842883, 3.087596087283601, 2.8688289526749515, 2.1377025955036584, 2.4142359261888733, 2.0825720548160698, 2.66946010071651, 2.6899676872242337, 2.2823938235543944, 2.6455140772362755, 2.727349426285762, 2.2894378174668466, 1.9106573928365658, 2.6136154884306246, 2.525072694375013, 2.646960666566057, 2.3226125866263407, 1.9767378120872405, 1.9667559030936557, 2.1896459568318454, 2.311901375464797, 2.439757165653934, 2.851005903482404, 2.1237462257504074, 2.288366457793436, 2.3887110164364485, 2.3720741885331966, 3.6334418583397774, 3.3285296990849016, 2.4981610897236166, 2.1816060426487898, 2.0852508231714353, 2.14051341468547, 2.6984682310463493, 2.177530064474752, 2.2248498045728886, 3.745588167719407, 2.1543329495722046, 2.1736204087045894, 2.264799556379712, 2.2971322523656243, 2.0870066766768804, 2.4287790325236425, 2.4984144169591365, 2.1729174795298123, 2.2214755873041083, 2.6466347067581397, 2.3255601431795667, 2.176906747694118, 2.1496435901582416, 2.6115590821545682, 2.101790110237843, 2.554763841980542, 2.4960380183909496, 2.2185741194430433, 2.3002616121046904, 2.3821422626950053, 2.1914530272136967, 2.422969005839515, 2.215574707047323, 2.057509222309756, 2.304471580566534, 2.4358232805460496, 2.0874600386202875, 2.960856088790231, 2.2029487858059134, 2.139557909327977, 2.146882424576824, 2.261910237610001, 2.087729026569018, 2.3546078495143683, 4.200878039180806, 3.285508636178922, 1.9253280809186593, 2.0486530508832455, 2.3483087149094266, 2.2643856390212878, 2.4249942890926732, 2.0732634601879836, 2.2736699027052, 2.6236220860144783, 2.8382648756408178, 2.2018348854926075, 2.2861654050274622, 2.1657035428419746, 2.2291767368198308, 3.5186449288790973, 2.156382654888935, 2.5585220773846205, 2.481208679192434, 2.6990639447628197, 2.103397333600835, 3.4808514014689984, 2.431972550528341, 2.392050058116618, 2.2388478107951464, 2.4103176017487926, 2.437635828484334, 2.3116601706671758, 2.538994812689871, 2.480074479326443, 2.3307591262689775, 1.9740595497189144, 2.7467996336284197, 2.4157100845409802, 2.2993554274579675, 2.4651439143915717, 2.0478006349409155, 2.734808326428024, 2.6938502779624494, 4.083980942477443, 2.222635201442119, 2.1422513375173198, 2.2733032918028933, 2.1406294742996805, 2.181962732442295, 2.2841001122297677, 2.303644521974365, 2.0877123529352657, 2.2895991648045606, 2.3696340189480867, 1.9756478892345717, 2.317339958658574, 2.120584786878525, 2.237650496998185, 3.1662209673222828, 2.547738280955289, 2.458214374839486, 2.18750607979938, 2.3289874757547446, 2.023631253223262, 2.3191253390994486, 2.0267840191417013, 2.2229355738806014, 2.163183174989845, 2.1143134321416244, 2.26473180455573, 2.0385333692277747, 2.054387296039561, 2.3204831191344453, 2.624842773331052, 2.25577476841354, 1.9975921763778526, 2.8506846733239883, 2.209017353363601, 2.573211203745636, 2.076294584660841, 2.3740517907406673, 2.4667185317089153, 2.170559733824209, 2.238493155693749, 2.1084672626141328, 2.263591378131158, 2.26117646636292, 2.0693190469923888, 2.1900756941835704, 2.358110769063016, 2.8495306482835465, 2.303925529650349, 2.8245915921659646, 2.630988248177106, 2.317709903220674, 2.266312054620755, 4.28066048530619, 2.136015199560105, 2.1563808918620526, 2.032698377848927, 3.8641623868801522, 2.2128940025136665, 2.2534863167558923, 2.1969944584258148, 2.1858592808048303, 2.095186693388713, 2.097696632179826, 2.060078955241088, 2.225091844910111, 2.7356411163547008, 2.3922887013092984, 2.2213849386248548, 2.167259240828037, 2.188581701234449, 2.2116291819584872, 2.3300356724550815, 2.333258946165596, 2.3231553901790063, 2.240492995651367, 1.9222294043726902, 1.910443533834302, 1.8965304324573564, 2.392516381214882, 2.376553039510646, 2.2075841250953054, 1.8682647010446312, 2.2039025884144605, 2.2865241141681647, 2.055590331671962, 2.2308813034996913, 2.253667657164939, 2.314521738486655, 2.4092560366655595, 2.4445628264108095, 3.2599270206311197, 2.1640826594515303, 2.1920176324246547, 2.2542933138011425, 2.3222732982029988, 2.1644362082071096, 2.0239088277251787, 2.3906329215935456, 2.590828375041787, 2.094338987307744, 2.413532997014096, 2.1733959461720076, 2.2795778617564295, 2.74928584941574, 2.6360471619907915, 2.9916187887095433, 2.7968616968654123, 2.611607764812253, 2.349233165788612, 2.083820451404221, 2.2566511511225453, 2.283805575572906, 2.5573549801603046, 2.2213555734823003, 2.695654088813228, 2.5142787200044463, 1.938820944552439, 3.113149790065786, 2.252309817924715, 2.1988244400948456, 2.4857818529284406, 2.1139027406398037, 2.3347561310149603, 2.1378575431853757, 2.222463524663372, 2.2146850222356576, 2.007589398763116, 2.6808769614829844, 2.625434956394827, 2.143727599543716, 2.256862212510764, 2.5003874850924377, 2.178956152481807, 1.9892711484711054, 2.241391509170343, 2.2812321900691863, 2.0885722580234427, 2.289086626495512, 2.0591050509712603, 2.1043610414086786, 2.0744951187946206, 2.2939929358201114, 2.1438172628483523, 2.3665317364625147, 2.302959085662553, 2.2872325697110365, 3.5690379559394616, 2.2939764475053215, 2.3163645880989656, 2.8361931308472133, 2.177726169237898, 2.0088313080311164, 2.1618539821999545, 2.263699781049529, 2.247559135366287, 2.275072593577072, 2.299918274243003, 2.268201134035463, 2.331286212698693, 2.333429207238992, 2.1655830431721634, 2.01657933741017, 2.484575320777915, 2.2472784375954142, 2.6200611425884266, 2.1957888055114974, 2.836207586860495, 1.8975334890048519, 2.451330454422931, 3.695302248687564, 2.1214579038944517, 2.3028517600124854, 1.9681845850662345, 2.078737301578689, 2.0265787788935015, 2.4537330672647983, 2.8123460335798303, 2.262702196670749, 2.3773288631255585, 2.252898883266956, 2.168308665704401, 1.865683732077319, 2.2979479525460245, 3.743167006134194, 2.736136402583023, 2.6212934656879048, 2.236886555951935, 2.124450338732781, 3.09918434570499, 2.314145469310282, 2.0686817470921652, 2.3465313565040815, 2.481343226329596, 2.4175656955572773, 2.1832754191484254, 2.6533475988611044, 2.998605432959174, 3.315049211667096, 2.1997319616672493, 2.114903731207316, 2.198789835787498, 2.3448389351196304, 2.3607373229458095, 2.2533236544370054, 2.2922281064621166, 2.1635660380256616, 2.350102049607519, 2.0850552243953286, 2.4362187518677687, 2.419508684626909, 2.3140004249683956, 2.189195671524608, 2.1583090024716984, 2.510316296864001, 3.554123641755266, 2.714263565151006, 2.489845704712934, 1.9903657811851352, 2.425174768466849, 2.105949380924336, 2.367855315220156, 2.7958850928235317, 2.228097079060433, 2.0904819786052395, 3.1915700400492426, 1.956426168126394, 2.0645477313443656, 2.204068009824804, 2.284041074390598, 2.481454448213228, 2.244602960058997, 2.4952866493598975, 2.668583109779708, 2.2911922141815784, 2.1605060964291147, 2.1569022053803124, 2.3579676841618196, 2.167544555248693, 2.3885803757679303, 2.07195533022513, 2.410004482338231, 2.28498348324412, 2.312760942115927, 1.9543437689401546, 2.190042944850785, 2.21777948430004, 2.5039145281407933, 2.2847408303805654, 2.557451378434621, 2.067846767090942, 2.8089905417340555, 1.8509579383651518, 2.030081241298255, 2.6747070296290105, 3.7326055207996625, 3.2171114218750727, 2.804226865259304, 2.1579212620245283, 2.5269906553151658, 1.9485459114864165, 2.585916130647462, 1.9103215805511344, 2.1083076737023414, 2.2100767836758584, 2.7768360320592413, 2.1456788054416123, 2.366390339145594, 3.0521471228143477, 2.311884878265522, 2.7124142688490305, 2.4662247171040974, 2.0424893424644894, 2.183789682949755, 3.736568826727077, 2.2141665529969314, 2.155526467827076, 2.371375715323525, 2.2232534643769224, 2.2689984064397133, 2.007533587395133, 3.682773751966752, 2.259317399188043, 2.24837062057752, 2.1140648656297825, 2.0527782643347923, 2.240769616979544, 2.207111694632886, 2.690590679999729, 2.245467589440443, 2.3422270918791366, 2.098568261117164, 3.363846185979221, 2.732764842122452, 2.465306702037436, 2.276167806456851, 2.797231048017497, 2.1188150767721146, 2.0712356153298845, 2.1592358149597715, 2.386930357868788, 2.461601095874047, 2.6104259741484936, 3.4016590836452476, 1.99115245339613, 1.8809570591828433, 2.213717980800723, 2.3176705690726354, 3.3600864564370125, 2.1615783382749125, 2.210787672499576, 2.7289383654916213, 3.076701891179275, 2.1728921152276404, 2.611354223607655, 4.471913583830139, 2.447802467518907, 2.651286642675602, 2.4430941018858254, 2.4631123838677382, 2.762919227579471, 1.9706540367307046, 2.4050006887462323, 2.3875057669215227, 2.1225621281647205, 2.449054423467869, 2.406461417491044, 2.55658323632515, 2.2215954026929374, 2.466281829581935, 2.389605855384535, 2.183532876079557, 2.92704336250387, 2.0311518732352556, 2.337906144707257, 2.610124130327685, 2.199994055227495, 2.2753971986903387, 1.9137468760101446, 3.94859080679493, 2.1486165328337163, 2.203257497361752, 2.5018439542004742, 2.7664823234599902, 2.3369010474613487, 2.22599206265563, 2.433710241248737, 2.4890251970163657, 2.292399889780156, 2.16211882195134, 2.203476066225377, 1.9667443953924495, 2.42939576766638, 2.7944297495502775, 1.9883808265528173, 2.136576829072769, 2.3710947889379668, 2.2418101238906947, 3.6199725503195035, 2.210986347911853, 2.090636284896809, 2.1729098960662196, 2.131538141579522, 2.2011860545747854, 2.5280613580938134, 2.620806556971306, 2.5173451210037916, 2.46062295552902, 2.1690280920784533, 2.2281159451927914, 2.31550545753969, 2.023653884873733, 4.292172329799817, 2.156885202193998, 3.185761223284592, 3.07823678028855, 2.7910192313456834, 2.104996836833229, 2.5833592130203193, 2.376291957924479, 2.2970857653299093, 2.2996540414705278, 2.123343918680837, 3.9902903966080316, 2.0989320549866837, 2.464845431498595, 3.1498197606125116, 2.172397423051396, 2.1649400125520155, 2.108354701136334, 2.3588311107028015, 2.046907833108996, 2.6890548290459284, 2.6800168798006245, 2.666412952916017, 2.082094094160914, 2.2765442698366716, 2.0854375814441064, 2.017473155499693, 2.2360291850824794, 2.5294452616669907, 2.364804946464415, 2.2538179682175423, 2.21035290830637, 2.255057220276449, 2.285828710569644, 4.031226628491821, 2.161072441350562, 2.2298438190793255, 2.3551150545005837, 2.1388331694507166, 2.8126406311416803, 2.919342639794633, 2.226243802352282, 2.388280248395212, 2.131301362405594, 2.2688272389850686, 3.3780008239167096, 2.0713871101900843, 2.100298127751434, 2.429796251802561, 2.3597905604369442, 2.308002323224952, 3.1206221772977907, 2.1333351741648965, 2.3433346359918747, 2.179466102586454]"
1.5,3000,1.017679882114273,1.017679882114273,0.012482643127441406,0.3854429172245115,"[3, 2, 2, 2, 2, 4, 3, 4, 3, 2, 3, 2, 2, 3, 2, 2, 4, 1, 3, 3, 3, 2, 2, 3, 3, 3, 2, 1, 3, 2, 2, 4, 2, 1, 2, 2, 3, 3, 2, 2, 3, 3, 2, 3, 4, 2, 3, 2, 2, 3, 2, 2, 4, 2, 2, 2, 2, 4, 2, 3, 3, 4, 2, 3, 2, 3, 2, 2, 2, 3, 2, 3, 3, 1, 3, 1, 2, 2, 3, 2, 1, 2, 3, 2, 2, 3, 1, 3, 3, 2, 4, 2, 2, 3, 2, 2, 4, 2, 1, 2, 2, 3, 3, 3, 2, 4, 4, 2, 3, 3, 2, 3, 2, 4, 3, 4, 4, 2, 2, 2, 2, 2, 2, 2, 2, 2, 1, 3, 3, 2, 2, 2, 2, 3, 4, 3, 2, 2, 1, 1, 2, 2, 2, 5, 3, 2, 1, 2, 2, 3, 1, 2, 4, 3, 4, 3, 3, 3, 2, 1, 2, 2, 2, 2, 1, 2, 2, 2, 3, 4, 1, 3, 2, 3, 2, 2, 2, 1, 2, 4, 2, 1, 2, 1, 1, 3, 2, 2, 4, 2, 3, 1, 2, 2, 2, 1, 1, 2, 2, 3, 2, 2, 3, 3, 3, 4, 1, 3, 3, 1, 3, 3, 2, 2, 4, 2, 2, 3, 3, 2, 3, 3, 2, 1, 3, 2, 4, 3, 2, 2, 4, 3, 2, 2, 2, 2, 2, 3, 2, 3, 2, 2, 1, 2, 2, 3, 2, 4, 3, 3, 2, 2, 1, 2, 3, 2, 2, 3, 2, 3, 2, 5, 1, 3, 4, 2, 2, 2, 2, 4, 4, 1, 4, 3, 3, 3, 3, 2, 3, 3, 2, 2, 4, 1, 3, 3, 3, 2, 2, 2, 4, 3, 3, 2, 2, 1, 2, 3, 3, 3, 1, 4, 2, 2, 2, 1, 2, 3, 1, 1, 1, 1, 3, 2, 3, 3, 4, 3, 2, 1, 5, 2, 3, 2, 2, 1, 3, 2, 2, 3, 3, 2, 4, 3, 3, 2, 4, 2, 4, 4, 3, 1, 3, 3, 3, 2, 2, 2, 2, 2, 2, 4, 2, 1, 2, 1, 1, 4, 3, 2, 1, 2, 4, 4, 1, 4, 3, 3, 1, 2, 3, 2, 3, 3, 2, 3, 2, 2, 2, 3, 2, 3, 2, 4, 1, 3, 3, 3, 1, 2, 2, 3, 3, 3, 2, 4, 3, 2, 3, 3, 1, 1, 3, 2, 2, 3, 3, 2, 1, 3, 3, 2, 3, 3, 3, 4, 2, 2, 1, 2, 2, 3, 1, 3, 3, 2, 2, 2, 2, 4, 3, 3, 2, 2, 4, 2, 2, 2, 3, 2, 1, 3, 2, 3, 2, 3, 1, 4, 3, 3, 3, 2, 2, 3, 4, 3, 2, 2, 4, 2, 1, 2, 2, 2, 2, 2, 3, 3, 2, 2, 1, 3, 2, 2, 1, 3, 2, 1, 2, 3, 3, 3, 2, 2, 2, 4, 3, 3, 4, 3, 2, 3, 3, 3, 2, 2, 3, 2, 2, 3, 2, 1, 3, 2, 2, 3, 2, 4, 4, 4, 3, 1, 3, 3, 2, 3, 3, 2, 2, 3, 3, 2, 3, 3, 2, 1, 3, 2, 1, 2, 2, 2, 2, 2, 2, 2, 3, 1, 5, 3, 1, 2, 2, 3, 1, 4, 1, 3, 3, 2, 1, 4, 2, 2, 3, 1, 3, 1, 3, 2, 1, 2, 3, 3, 2, 3, 3, 3, 3, 3, 3, 3, 2, 3, 2, 1, 4, 3, 1, 4, 1, 1, 4, 2, 3, 4, 2, 2, 1, 3, 2, 2, 3, 3, 1, 3, 5, 3, 3, 2]","[3.2902981408967267, 2.207752382139401, 1.998776998708558, 1.8270993444921375, 2.250545633465651, 2.0810939919524394, 2.621802463003191, 1.8237556024281176, 1.8904383039236805, 1.752018693481948, 1.692936806793097, 1.5911198186411437, 2.357007377528504, 1.5644840748960165, 1.8520372893701977, 2.154722315080978, 2.825898023858023, 2.515237004999348, 2.4759207123220324, 2.3353422641193644, 1.9680979484953722, 3.611768053645197, 2.2691135317380358, 2.278437049097622, 2.34427669973508, 3.041284496492496, 2.2548276795869096, 2.078522242954169, 2.399375226414844, 2.085238798401096, 1.8172093956076718, 2.39343970974043, 2.3374301197663967, 2.128452347178181, 1.590165006813161, 2.2572111832931485, 1.888005790695858, 2.2789880570604883, 2.5011735886069784, 1.8686511205832383, 1.5786412124346603, 1.6518590597493024, 2.4187034847488373, 2.1409965645280877, 2.2608470196004937, 2.8717855117892226, 2.6594698531231837, 2.155735629473413, 2.306223968097072, 2.8312631900277627, 2.369679125592086, 1.2427267187963247, 2.4908171354216586, 1.6920538639825504, 2.080559266352709, 1.5436945459885252, 1.9410177451459243, 2.034727609569446, 2.029200171575836, 2.2836946663279893, 2.4857915348831545, 2.3507724633273575, 2.4170344111393174, 2.205156892046898, 3.5076140895923373, 3.5037536100766253, 1.8552197463253446, 1.6492353956286205, 2.5006891437592147, 3.0067929169671395, 2.3021350460736496, 2.4051901447334574, 2.0331194867206666, 4.102881346683429, 2.057689997986005, 2.1738404857007376, 4.147614186528028, 2.174822568573435, 2.2380687728949624, 1.4993189123126536, 2.523950950088308, 1.9407781754407267, 2.3177011691371288, 1.7561504586441652, 1.7613971433639506, 2.566675873827756, 1.5517839481011921, 1.8470644614204168, 2.946809076647247, 1.711630747391601, 5.853047019209345, 3.3168642478778994, 2.057927806242635, 2.8352632635357167, 2.752785155366783, 2.2599706803119184, 1.6778715056699602, 1.897970048888134, 2.1714461251623685, 4.993502838491116, 2.4452969091186407, 1.969223524341655, 2.0618573219772394, 2.2911598645928013, 1.8521328196437672, 2.5402978293544605, 2.9102176830623376, 2.6517973964548367, 2.3950510919417174, 2.3494444538566457, 1.6994048526678147, 1.900559630113245, 1.8042382100725156, 2.2250795346171284, 1.8598188046296222, 1.8570930927790266, 2.9682389598474197, 1.7274517547389616, 1.8045080732609162, 1.7275583835472852, 1.545068177387407, 1.919360712871534, 2.6140561708986185, 2.6543340853082826, 1.8520043650269982, 3.0969692683545578, 2.3821891310218106, 2.4896239529195174, 2.6252245653419877, 1.9802300805002941, 1.8834411098021078, 1.6096528244722081, 1.8532491552691028, 2.091451117141305, 4.188908913612698, 3.431662671754676, 2.3183602038812934, 2.0719742152328586, 2.280431673816564, 3.7231952712589527, 2.293635696777493, 2.1779440768347764, 1.4985552925367382, 2.1956630321416455, 2.86430735472936, 2.2120512995848474, 1.439780241452756, 2.1553178216710105, 1.7497621175931881, 3.7948389363671753, 1.3611845553164577, 4.485149817567808, 2.1806227491563264, 4.387637656529678, 2.3091150879556923, 3.597297308475225, 2.474231097122386, 2.7705965733356455, 2.7296992452175433, 2.8597890149638094, 1.9770520951579837, 1.7139704933224562, 2.5334114024601995, 1.8043239124300365, 1.8832749464212561, 1.910435038911706, 2.1509642402599907, 2.2122096763459065, 2.48792637403446, 3.2539099746003615, 1.6040763209322422, 2.872671478450431, 2.2890553705915266, 5.231572804177939, 1.7642182004387317, 1.832204560774612, 1.6100998592304943, 1.8430599736161266, 2.3609696662494035, 2.392611534160251, 3.139547621018755, 1.8546908767806736, 2.5284589497318533, 2.2509633884557205, 2.1120505201106665, 3.864613357181581, 1.8281432098831718, 1.5954093780540257, 5.391166205935056, 2.2728100436781755, 2.4847360771133604, 2.064738774036141, 1.6082974875186278, 2.6037046741956287, 1.3922822948099811, 1.69139024441371, 2.542189080406356, 2.1657887370595037, 2.156487378702211, 2.0621387981973602, 2.6836486868377256, 2.617783251329462, 2.878287936219972, 2.2317651814977033, 2.231065584934292, 2.0181376675004628, 2.5925499683754047, 2.655862410214349, 2.9998393791559326, 1.8938915051317822, 1.8134362368691774, 1.6916755329123174, 2.265116054381527, 1.6446977460234504, 1.303363823895784, 1.7486409788404986, 1.5504595075270113, 2.665770487519944, 2.427309742701006, 2.309651977623929, 3.609317392066189, 2.106149550961738, 2.7261532132209743, 1.95298463351344, 1.4187495084696216, 1.5291236100418557, 5.903036898563004, 1.9172408017589042, 2.1940489495596305, 1.7218296679497174, 3.933599220781887, 2.6939284513333597, 2.5951285446497, 2.0239466769516845, 1.979615026941048, 2.558302866677828, 1.9939762575538433, 2.232719349270281, 1.700373742363342, 3.004674808462285, 2.5708334396735517, 2.1322026887255356, 1.5214669418237774, 2.586720094362911, 1.8113153648538942, 2.411358107935692, 1.9856557739169842, 1.9016105962977814, 2.313298012040731, 2.1257643473041075, 2.382943234354911, 2.439373023700174, 2.41912319122327, 3.208278787821796, 1.3705185767552863, 2.4049724541828654, 1.882427264566107, 1.4933007150386677, 2.4045709498615246, 1.5231177983457795, 3.009532745777553, 2.271714121152181, 1.9763314998239812, 2.5643130584955167, 3.072996159793604, 2.2920251810250747, 1.6904362421314771, 2.7301485055893466, 2.1294886464652594, 2.2155937245398207, 2.6462138254951078, 1.7631290621261482, 4.203587764919385, 1.4657426028838263, 2.3318092677418023, 2.38658459298964, 1.4740105661422058, 3.837586984653714, 3.0180734089328984, 3.1354856474141384, 3.1357667237617948, 2.384943064553988, 2.2395348594633053, 1.6626455870658194, 4.173129331363867, 1.4564464500066687, 1.9010616115273888, 1.3531059038774282, 3.081581159246626, 1.9882219085628188, 2.473263018118113, 4.609339051678507, 2.2119389666121956, 1.445339468422055, 4.317283619082893, 2.15407625246432, 2.2858427514687976, 2.2710045481406533, 2.4659093192685795, 0.9795999693175932, 1.7683897526608476, 3.3472344995728034, 2.153808948617112, 1.6687505207981155, 1.5587760017419146, 1.6115614123738313, 1.6810861709807168, 2.5819024444710665, 2.1154441522269964, 2.5082089653642186, 1.9174775200882692, 2.311864719525026, 2.4508383155142224, 2.41016639136837, 2.6556147980532936, 2.357001415848779, 1.6766127164512024, 2.1538304042321488, 2.05736545864508, 1.715409890675939, 4.1208009629356335, 1.9506173290762596, 2.2640579679648956, 3.316690504871328, 1.9521660654023354, 2.4569770559202215, 2.642750165648009, 1.7481906168883052, 2.338952339834685, 2.360110334362974, 1.4926651638733401, 2.8714456115079376, 2.680202751913471, 1.5685198862450958, 2.3858373365604657, 2.205225057838039, 3.1598645455681575, 2.2978286148027527, 3.109711668231893, 1.8771245051181338, 2.8523691396080433, 2.2833747270906857, 2.5360322485787874, 4.030911207450002, 2.2409443637652, 2.123331395257771, 2.3512712243177645, 2.5166206978180514, 2.006361309370347, 1.7505803245107199, 2.5878100023968478, 2.2787851095507707, 3.0518520840931718, 2.2645024210496967, 1.9912912599991248, 2.360684400616915, 1.6609166851697998, 4.532409189686621, 3.462165065738293, 2.5618371148471795, 2.0678009295618995, 1.9102764949809705, 3.5742453667437672, 1.8754282471837977, 1.5173253498910162, 2.31933024723742, 1.7868653967205683, 1.799953734168503, 1.8741008654218911, 4.55217845536802, 3.8524626022309842, 5.738902112589537, 1.860742589107104, 2.004948791948541, 1.9196674061193348, 1.9506361343927061, 2.7043534132791662, 1.6380948989915622, 2.1788159603232873, 2.01099459540758, 1.9156807855949567, 2.3371692392835466, 2.479820335246883, 2.957436453511011, 2.218869190494559, 2.3209443384574726, 1.671417250519918, 4.3439557312027866, 3.99965982153802, 3.6539738717730597, 1.8065524286479615, 2.3691405049553227, 1.7019825633458092, 2.611781872567331, 2.3538009377764992, 2.619460275636457, 1.479674173440192, 1.6944670298373663, 3.988554643319083, 2.1891626188458524, 1.4933266780001517, 1.7648562904390042, 1.981918075462936, 3.3717965995412182, 2.032998083177061, 2.902726792218929, 4.436563322908313, 2.1054120614374283, 2.5933392448758608, 2.246893880217252, 1.6706712405085182, 2.3904090461950873, 2.380464662059736, 1.9823955057032698, 2.4173138277700925, 2.688956651765834, 2.1690079077702173, 1.9923446189668548, 2.262413588153411, 2.1416918138097985, 1.7885403925299368, 2.5458980898014323, 3.175335343061131, 2.047244299625192, 3.7523534076873037, 2.268659456051927, 2.5078040418239196, 2.1573214660950635, 4.923867655738167, 4.441123804371891, 2.6443011081490084, 2.462222855415805, 2.287690870774783, 2.497847145566363, 1.7276703267674893, 2.3834498915511286, 1.973224147055126, 2.234193367416246, 3.524522122187594, 2.195328912624571, 1.7379893071728163, 3.4956223523236147, 1.5480047291384023, 2.410169243545188, 1.9478683186962114, 2.3807583561542627, 2.828402824535994, 4.485483689913352, 1.6475702794021294, 2.307620145038256, 2.099496237715117, 2.6072275334749175, 2.8772701905729234, 2.65923433034575, 3.673394799522459, 2.443305942840964, 1.7136831082349435, 1.5369946024039007, 2.273026153282333, 1.6352401450273921, 2.8161439501763583, 2.5805121744507846, 1.4020182607750598, 1.6301617025181014, 1.8027275502236142, 3.292350199827247, 3.76484855383264, 3.2399163825705095, 2.376045511810006, 3.5130846844023553, 2.6133418359189453, 1.5617259939450143, 2.4454131229948843, 2.0585746372458344, 1.7588629721586617, 2.6962068148855005, 5.047284103893489, 2.255850785696818, 2.290368824507981, 2.0631175146634315, 2.457709650825952, 3.680275962362634, 1.7560275263547798, 1.9611527087089298, 2.478951636328053, 3.0156091894354065, 2.796871599400876, 3.312812761902068, 6.142681407305298, 2.021658998033972, 3.508330577331911, 1.2799557797891463, 2.013903486481858, 2.4909810391347142, 2.199156708836698, 2.081640821069232, 4.10093065449672, 2.542763903393714, 2.0059484108537915, 2.316992571695523, 2.449297288983983, 2.6509160685761417, 4.194568708140736, 2.3834353337058616, 1.873031255785432, 3.5223808591381034, 2.561111720011644, 1.3142570865924992, 2.084699791758151, 2.7475215236443575, 1.5463899464762103, 2.1610051700632296, 4.21555270397333, 2.2263061243854727, 2.415727749979645, 2.9390985805012853, 3.432616568343381, 1.7623103285246988, 2.113062305757322, 2.1379610542847285, 1.88766877596513, 2.452675685825902, 2.495144034137337, 1.5819626318320856, 2.2013060880740083, 2.5631772881655976, 2.705425594710927, 2.246778802440642, 1.9926150341856086, 2.6735106096159074, 1.6008249256397646, 4.30955858375577, 2.910068105490553, 1.6343290793216685, 1.5557468275313369, 2.4031627434023983, 1.591476528072168, 3.25848818381162, 2.415574467648457, 2.1200825217730985, 2.7058052190766775, 1.5168631173917062, 2.506942625001709, 2.674918914619605, 1.7043944457832905, 5.688282689379827, 2.4001680502805236, 2.466335899036193, 3.10742525650536, 2.5274425778478595, 2.4711392012892825, 1.9876808739560743, 1.5986600541464737, 1.5985083159604565, 2.1252679790968942, 1.2902303354975657, 4.283576773486675, 1.8080784147286715, 2.6786557095563617, 3.5582566359629713, 2.1275079711230767, 2.7831327248297484, 2.29538186473656, 2.041222764478131, 2.2987874202123395, 3.2004930197860393, 2.6430206687321665, 2.2398263484505625, 2.4044820476553768, 2.1662672202275424, 2.5437949972006573, 2.5629294713014787, 1.973170100290738, 2.092509056360681, 1.7445758507236426, 2.537469003419149, 2.4743119979114394, 1.4158162469129736, 2.6973269023898165, 5.204865139955386, 2.173185368859725, 1.943856581635214, 2.9113228885273736, 2.266951290570914, 2.06917144481791, 3.4584650480835992, 1.486001195603955, 1.8538890865560427, 2.6164780661032365, 2.8901687915164347, 3.5827748066198395, 2.13072867057957, 2.745281584430508, 2.1473595437140003, 1.8754296861176845, 1.6191456141038751, 3.5263550120157827, 2.1365892848254746, 2.6320531682464448, 2.633563308904905]"
1.75,3000,0.6332431417581604,0.6332431417581604,0.014268159866333008,0.3344754656233975,"[3, 2, 2, 2, 2, 4, 3, 4, 3, 2, 3, 2, 2, 3, 2, 2, 4, 1, 3, 3, 3, 2, 2, 3, 3, 3, 2, 1, 3, 2, 2, 4, 2, 1, 2, 2, 3, 3, 2, 2, 3, 3, 2, 3, 4, 2, 3, 2, 2, 3, 2, 2, 4, 2, 2, 2, 2, 4, 2, 3, 3, 4, 2, 3, 2, 3, 2, 2, 2, 3, 2, 3, 3, 1, 3, 1, 2, 2, 3, 2, 1, 2, 3, 2, 2, 3, 1, 3, 3, 2, 4, 2, 2, 3, 2, 2, 4, 2, 1, 2, 2, 3, 3, 3, 2, 4, 4, 2, 3, 3, 2, 3, 2, 4, 3, 4, 4, 2, 2, 2, 2, 2, 2, 2, 2, 2, 1, 3, 3, 2, 2, 2, 2, 3, 4, 3, 2, 2, 1, 1, 2, 2, 2, 5, 3, 2, 1, 2, 2, 3, 1, 2, 4, 3, 4, 3, 3, 3, 2, 1, 2, 2, 2, 2, 1, 2, 2, 2, 3, 4, 1, 3, 2, 3, 2, 2, 2, 1, 2, 4, 2, 1, 2, 1, 1, 3, 2, 2, 4, 2, 3, 1, 2, 2, 2, 1, 1, 2, 2, 3, 2, 2, 3, 3, 3, 4, 1, 3, 3, 1, 3, 3, 2, 2, 4, 2, 2, 3, 3, 2, 3, 3, 2, 1, 3, 2, 4, 3, 2, 2, 4, 3, 2, 2, 2, 2, 2, 3, 2, 3, 2, 2, 1, 2, 2, 3, 2, 4, 3, 3, 2, 2, 1, 2, 3, 2, 2, 3, 2, 3, 2, 5, 1, 3, 4, 2, 2, 2, 2, 4, 4, 1, 4, 3, 3, 3, 3, 2, 3, 3, 2, 2, 4, 1, 3, 3, 3, 2, 2, 2, 4, 3, 3, 2, 2, 1, 2, 3, 3, 3, 1, 4, 2, 2, 2, 1, 2, 3, 1, 1, 1, 1, 3, 2, 3, 3, 4, 3, 2, 1, 5, 2, 3, 2, 2, 1, 3, 2, 2, 3, 3, 2, 4, 3, 3, 2, 4, 2, 4, 4, 3, 1, 3, 3, 3, 2, 2, 2, 2, 2, 2, 4, 2, 1, 2, 1, 1, 4, 3, 2, 1, 2, 4, 4, 1, 4, 3, 3, 1, 2, 3, 2, 3, 3, 2, 3, 2, 2, 2, 3, 2, 3, 2, 4, 1, 3, 3, 3, 1, 2, 2, 3, 3, 3, 2, 4, 3, 2, 3, 3, 1, 1, 3, 2, 2, 3, 3, 2, 1, 3, 3, 2, 3, 3, 3, 4, 2, 2, 1, 2, 2, 3, 1, 3, 3, 2, 2, 2, 2, 4, 3, 3, 2, 2, 4, 2, 2, 2, 3, 2, 1, 3, 2, 3, 2, 3, 1, 4, 3, 3, 3, 2, 2, 3, 4, 3, 2, 2, 4, 2, 1, 2, 2, 2, 2, 2, 3, 3, 2, 2, 1, 3, 2, 2, 1, 3, 2, 1, 2, 3, 3, 3, 2, 2, 2, 4, 3, 3, 4, 3, 2, 3, 3, 3, 2, 2, 3, 2, 2, 3, 2, 1, 3, 2, 2, 3, 2, 4, 4, 4, 3, 1, 3, 3, 2, 3, 3, 2, 2, 3, 3, 2, 3, 3, 2, 1, 3, 2, 1, 2, 2, 2, 2, 2, 2, 2, 3, 1, 5, 3, 1, 2, 2, 3, 1, 4, 1, 3, 3, 2, 1, 4, 2, 2, 3, 1, 3, 1, 3, 2, 1, 2, 3, 3, 2, 3, 3, 3, 3, 3, 3, 3, 2, 3, 2, 1, 4, 3, 1, 4, 1, 1, 4, 2, 3, 4, 2, 2, 1, 3, 2, 2, 3, 3, 1, 3, 5, 3, 3, 2]","[3.082362537573472, 2.4293393909903567, 2.4177974921481185, 2.6376820836533463, 2.244491498970611, 2.6199582233113574, 2.1699314004898826, 3.2095965516044966, 2.4892349644706213, 2.175055918835442, 2.302261125896079, 2.3628765601562867, 2.2659001950169797, 2.4562187720146595, 2.540495478675563, 2.018878133076482, 3.2879235399569167, 2.3997444177180007, 2.3741740283608372, 2.5328051754216956, 2.6302208992417073, 1.7072903809543978, 2.113926684239252, 1.9776162309773293, 2.2954370405261515, 2.321669768947145, 2.6592306791297595, 2.3243595002241633, 2.2624513331258047, 2.407803683658149, 2.1280673090001945, 4.283884300416101, 2.4154010852834595, 2.2874842953347367, 2.694063998813906, 2.2463658907877577, 2.132612818608612, 3.463538532028503, 2.073596258945027, 2.2118086848086205, 2.1330342064003847, 2.5121978895398716, 1.9593916108732221, 2.5238281327173957, 2.5342954577719454, 2.7832462479816447, 2.2954976537512843, 2.018780602955848, 2.051645798412518, 2.522111745385725, 2.318338816551547, 2.255316057961791, 4.064428227860449, 2.5083291947547264, 1.9966616962011174, 2.0369746237442623, 2.268603350967892, 4.390901674621878, 2.2974511890420493, 2.422030050282849, 2.6961237899340142, 3.049780077018387, 2.111049067999422, 2.251161067390215, 2.2506008569243052, 2.526994057942949, 2.106413901807363, 2.541804942223272, 2.1029974147070893, 2.4422086202406437, 2.643731852352681, 2.498399862932122, 2.53086719583312, 2.2852209161900285, 2.204344532187739, 1.9876835067627627, 2.4063143032166447, 2.488916933303266, 2.421819551348972, 2.377392054270069, 2.0420494405290186, 2.0101154345085614, 2.358375934962176, 2.204012770714616, 2.435594180375594, 2.9900851534342863, 2.225983731393674, 2.4919526360319812, 2.562644904559782, 2.3563283458419217, 3.22642638118894, 2.2034356961070443, 2.5204638212366555, 2.2728979963049585, 2.257161655271149, 2.126166236697678, 4.435979165322497, 2.1316537724223785, 2.37245278237367, 2.0418112508862034, 2.336407433265529, 2.27386933047781, 2.472736119063385, 2.0417361321692353, 2.3147086563829258, 2.8061749007324686, 2.5061997478684956, 2.44530972453609, 2.320947596896699, 2.70924700949931, 2.2094744574701153, 2.1314045287807586, 2.1706588474381037, 2.839479039869583, 2.1602584941223095, 4.419358318805709, 2.9463791003064435, 2.148065924389051, 2.199358416624365, 2.3851928546942687, 2.2209503323415216, 2.276367593397793, 2.9226036138099305, 2.4746350778663695, 2.2190906949753875, 2.070236631019469, 2.3831955645194736, 2.8854552478255306, 2.1790746369944607, 2.0243132058129345, 2.068663322891596, 2.3023837265411746, 2.136587082565684, 3.121977240896867, 3.4638836809148064, 3.591030565492347, 2.121804296051809, 2.205270660170013, 2.568702743968464, 2.2423113269651664, 2.392260317949642, 2.2244257349254797, 2.170096894972244, 4.4748350122791845, 2.7789098535496892, 2.219470982668262, 2.472444126443251, 2.136238930823146, 2.1108842711769817, 2.694515273458759, 2.0952550542129025, 2.7313122190043497, 2.7764042939576017, 2.3864689524376947, 2.686919054359426, 2.507202720964586, 2.344894744259577, 2.564866732332167, 2.7628135270628027, 2.452344380796524, 2.503530258301292, 2.6259388279792626, 2.5131123070224586, 2.1422516848362845, 2.339807827074545, 2.0130359197875434, 2.4330458142894438, 2.226720122099839, 2.370717535582117, 2.621150450112944, 2.0425225262591953, 2.406924170088299, 2.067198032871281, 2.705544466984082, 2.3529388544449046, 2.286643209898304, 2.4575080981024766, 2.10758426325497, 2.1701034827169896, 2.7369627076753815, 2.417791683723309, 2.0771102761659344, 2.3668163307567607, 2.542598505330362, 2.0229852348231763, 2.138335480000211, 2.3778126674025546, 2.9940074142818474, 2.6778037054200703, 1.9213599947973183, 3.067084754521777, 2.144957039939811, 2.1781583077279736, 2.0286934711827733, 3.6652335935956932, 2.0341186808645735, 2.187066688546406, 2.135231119576596, 2.2847859619971986, 2.472709027363209, 2.0853878095926337, 2.091727267433838, 2.3349453483033447, 2.6912189494711685, 2.7363158984328178, 2.150700303459622, 2.0102171656349848, 2.065972054979933, 1.968802532729541, 2.4293655255344975, 2.6446769217982466, 2.834824358536183, 2.17427846409593, 2.1560308842408205, 2.7266841558809647, 2.175381019237555, 2.1651011854597737, 2.3852557764638305, 2.5866354320947718, 2.1529525942390095, 2.5811002892628423, 2.557165624056284, 2.7192958063139097, 2.4148531828845314, 2.77261552035642, 2.167154736333121, 3.461507309528375, 2.24951806762857, 2.132511112878917, 2.180262535445537, 2.9788056145261863, 2.470609196891493, 2.907601001102819, 2.208221266024177, 2.765783444661251, 2.39559938759106, 3.2798196315175145, 2.2191536900712134, 2.1506721459459905, 2.2054743224718, 2.230079959199585, 2.167818259279366, 2.2278587082920875, 2.4515733256168013, 2.289067774276594, 2.7051748615865656, 2.5094249421728145, 2.381599711203521, 2.4474923040855376, 1.9923107691528381, 1.9969121825737117, 2.050818935417258, 2.7048414908869303, 2.448157246680276, 4.05292608385426, 2.1145109791181778, 2.593529709450256, 2.616366461609776, 2.0828941304454593, 2.2874518662151253, 2.145342080705249, 2.5112467471556217, 2.2708842332821537, 2.600502615139615, 2.830482424706295, 2.1716884975590958, 2.3245919474477263, 2.4964775949505937, 2.2267885393445823, 2.2795110651854453, 2.357783549754305, 2.459317208950024, 2.9313755111760083, 2.20491056426574, 2.713245336281552, 2.2924079572002363, 2.1724592912275984, 3.0299484309642906, 2.7329559753463077, 2.219937522920517, 2.226096998518084, 2.4076831021970904, 4.174766158662937, 2.0662398433243148, 2.198376805248368, 2.1741498133185866, 2.132311828500438, 2.3337987919785697, 2.6920294671141822, 2.6458490036579576, 2.0175735558589687, 2.825545323330539, 2.189498280491244, 2.384259480559718, 2.4803484031469907, 2.4630321576352503, 2.2410941997685296, 2.1251042420507753, 2.213661444933836, 4.180916013855298, 2.1453836691540995, 2.783122227490154, 2.599298978601952, 2.6001086438753473, 2.5796670330665052, 4.235207741755784, 2.2418501049939925, 2.3346189033727778, 2.1343969340517375, 2.2196917566294223, 2.0360328364685443, 2.283189279693249, 2.280758819293794, 2.1117101054837186, 2.202125328912065, 2.5030379620022676, 2.2433236622373425, 2.253800207151114, 2.094222037192581, 2.2028831971990788, 4.085582920931309, 2.3586729397737036, 2.511983641400411, 2.4477369835739458, 2.2755110875084807, 2.013461274612804, 2.2971069007417437, 2.1754243659578365, 2.594096717569495, 2.403315581482339, 2.7655012398901797, 2.3777750081278644, 2.4737298543855095, 2.4908646420902474, 2.585576296999692, 2.192445449306654, 1.9240458013076736, 2.2055352509382486, 2.879109645711056, 2.2827337347754253, 2.82970934635918, 2.1262145935942467, 2.6939317308934503, 2.08201236979346, 2.3967901796678333, 2.3120659336885687, 2.0293150987152844, 2.101464024477123, 2.509319019165849, 2.391913386267423, 2.514389674470835, 2.481211645609439, 2.58293218113638, 2.3335127274383676, 2.2717453411840047, 1.969700036185877, 2.3328979695524397, 3.903405744316216, 2.7603334611634116, 3.1963349338002933, 2.1740168402796543, 2.1011147652529205, 3.785933804212111, 2.300477952420317, 2.050872188253465, 3.813486269140691, 2.587267300580692, 2.2234715113526202, 2.1339511485973106, 2.3063655256288293, 2.759923017451847, 2.141860331425316, 2.2843104717256733, 2.241076293853702, 2.4277126462488177, 2.559945995750419, 2.557669394430249, 2.305740006564957, 2.12261770165574, 2.269848922171679, 2.5161599388365894, 2.238455060007631, 2.176030246416363, 2.5447976633341813, 2.367259391908674, 2.2987257416812996, 2.392897326060599, 2.5857267542106235, 1.7002664735934938, 2.354403355167472, 2.7344460581083823, 2.325742419664118, 2.267935413572021, 2.121659420519351, 2.3825839315054713, 2.631184697243222, 2.142559648182296, 2.324832975120534, 3.2834476063291302, 2.134239386432632, 3.8333233079539095, 2.603388753178032, 2.4804301619133935, 3.0458555432341337, 2.2960426518791217, 2.556571191815204, 2.6009021542633186, 2.348824956377891, 2.152789026752648, 2.2764984681258644, 2.688401370984646, 2.341690314799866, 2.559488713951108, 2.207798697424476, 2.78256362292607, 2.2158681908997084, 2.22298486463986, 2.0051522350363027, 2.155285638777909, 2.4042571147288205, 2.4369894837990866, 2.4838139228035465, 2.2500585015797667, 2.3567244879854896, 2.50306666834743, 2.098276389641693, 2.1916341722785746, 2.628315432221514, 1.8461489658694028, 2.4703401846295066, 2.8904497032038083, 2.1010199594348, 2.392203513838032, 2.039511098604325, 4.431815082546673, 1.9968634175133948, 2.273070268110085, 2.307075403675569, 2.615359667266444, 2.550254211636376, 2.235115285247737, 3.999070240434169, 2.194691983123069, 2.209665393356545, 2.302978304041719, 2.1044389939200676, 1.9549929226550353, 2.066985934895519, 2.4245470929372765, 2.4197272557678815, 2.9020606789556034, 2.1457725152476064, 2.5116718631403168, 2.207456736666154, 1.7610235631393576, 2.4643337476459664, 2.447538352437677, 2.078333578282919, 2.0905043394067273, 2.156941165366737, 2.1900534366367843, 2.864392200855973, 2.387386094006267, 2.2161390157134324, 2.37880188849268, 2.0606070967689063, 2.015846142269208, 1.9163409217775946, 2.3521313865303477, 2.627558376453114, 2.2705828835383817, 2.195672294505695, 2.286745791863434, 2.187849024013455, 2.2918152808381973, 2.689444759005741, 2.3835991732085398, 2.0384991850749774, 2.2731580273641034, 2.5619363839985327, 2.3882419983449297, 3.599492647844067, 2.1159610169494156, 2.4516172700788506, 2.904564785361818, 2.3250965967832005, 2.667655708800174, 2.1464619384172763, 3.8819047106614937, 2.4145521377132524, 2.037279066678477, 4.328134350657958, 2.305144863602743, 2.7836878930960456, 1.9795670722305723, 2.467994772760637, 2.413108493457059, 2.1283023054025274, 2.340944840105832, 2.181600600736177, 2.2461994588813106, 2.7714392931526395, 2.5753873110981194, 2.5531090001876744, 2.1340540970579798, 2.822305432090757, 2.216900903347537, 3.672743412884504, 2.67601926294141, 2.4654509371779665, 2.3145664824823258, 1.9889188882907922, 2.774410434758137, 2.1294064040387375, 2.1698838895637578, 2.6367122310520337, 2.605948793661694, 2.5015671063907754, 2.16966049489134, 2.4337557462828068, 2.507496490801407, 2.090579295868066, 2.225049780394235, 2.132714524338307, 2.2821442015250417, 2.317080861364223, 2.085203041558998, 2.929442991243368, 2.0231211710051866, 2.117302714436058, 2.625270337782222, 3.5386440089903366, 2.47916058019804, 2.068965268362029, 2.2549568382929537, 2.5885455397446555, 2.131798824872355, 2.68046185435415, 4.483023366803372, 2.5788703550976444, 2.61623871733286, 2.109625734717272, 2.7838395383569323, 2.396690433190807, 2.032867044316438, 4.195276613209445, 2.1420269607117324, 4.00903107081224, 2.047466740147509, 2.660459441254989, 2.1894833301251584, 2.656002672120344, 2.5173182208731517, 2.6645354236022563, 2.495987458885476, 2.0727297719555304, 3.8957000302189115, 2.0815966617150945, 3.034218119161778, 1.8876123384384351, 2.1389155908005435, 2.1638761931956765, 2.3915506448537784, 2.318925783419383, 2.028686810111764, 2.6177747643396354, 2.668174134577175, 3.906558455444839, 2.3810499018655276, 2.3429677307998213, 2.2479221427801295, 2.067652339926394, 2.4519176139171064, 2.213308425858657, 2.2344813394636165, 1.9829949039570374, 3.4118011336486846, 2.5944697067964895, 2.2308439431528733, 3.738175974419533, 2.1938572465908166, 2.3056653925354382, 2.794767978901098, 2.1254943625333107, 3.1823292994685435, 3.1215069421266453, 2.201288723657186, 2.3126526617158394, 2.419354633036426, 2.067095132938762, 2.3856248340642208, 2.0798965456750103, 2.4069574710358492, 2.729541367971166, 2.5200340519617694, 2.3369183778585705, 2.0104019047366393, 2.2577606055531096, 2.6189154392333025, 2.672229319799737]"
2.0,3000,0.7760808522435938,0.7760808522435938,0.012964010238647461,0.36715209275717586,"[3, 2, 2, 2, 2, 4, 3, 4, 3, 2, 3, 2, 2, 3, 2, 2, 4, 1, 3, 3, 3, 2, 2, 3, 3, 3, 2, 1, 3, 2, 2, 4, 2, 1, 2, 2, 3, 3, 2, 2, 3, 3, 2, 3, 4, 2, 3, 2, 2, 3, 2, 2, 4, 2, 2, 2, 2, 4, 2, 3, 3, 4, 2, 3, 2, 3, 2, 2, 2, 3, 2, 3, 3, 1, 3, 1, 2, 2, 3, 2, 1, 2, 3, 2, 2, 3, 1, 3, 3, 2, 4, 2, 2, 3, 2, 2, 4, 2, 1, 2, 2, 3, 3, 3, 2, 4, 4, 2, 3, 3, 2, 3, 2, 4, 3, 4, 4, 2, 2, 2, 2, 2, 2, 2, 2, 2, 1, 3, 3, 2, 2, 2, 2, 3, 4, 3, 2, 2, 1, 1, 2, 2, 2, 5, 3, 2, 1, 2, 2, 3, 1, 2, 4, 3, 4, 3, 3, 3, 2, 1, 2, 2, 2, 2, 1, 2, 2, 2, 3, 4, 1, 3, 2, 3, 2, 2, 2, 1, 2, 4, 2, 1, 2, 1, 1, 3, 2, 2, 4, 2, 3, 1, 2, 2, 2, 1, 1, 2, 2, 3, 2, 2, 3, 3, 3, 4, 1, 3, 3, 1, 3, 3, 2, 2, 4, 2, 2, 3, 3, 2, 3, 3, 2, 1, 3, 2, 4, 3, 2, 2, 4, 3, 2, 2, 2, 2, 2, 3, 2, 3, 2, 2, 1, 2, 2, 3, 2, 4, 3, 3, 2, 2, 1, 2, 3, 2, 2, 3, 2, 3, 2, 5, 1, 3, 4, 2, 2, 2, 2, 4, 4, 1, 4, 3, 3, 3, 3, 2, 3, 3, 2, 2, 4, 1, 3, 3, 3, 2, 2, 2, 4, 3, 3, 2, 2, 1, 2, 3, 3, 3, 1, 4, 2, 2, 2, 1, 2, 3, 1, 1, 1, 1, 3, 2, 3, 3, 4, 3, 2, 1, 5, 2, 3, 2, 2, 1, 3, 2, 2, 3, 3, 2, 4, 3, 3, 2, 4, 2, 4, 4, 3, 1, 3, 3, 3, 2, 2, 2, 2, 2, 2, 4, 2, 1, 2, 1, 1, 4, 3, 2, 1, 2, 4, 4, 1, 4, 3, 3, 1, 2, 3, 2, 3, 3, 2, 3, 2, 2, 2, 3, 2, 3, 2, 4, 1, 3, 3, 3, 1, 2, 2, 3, 3, 3, 2, 4, 3, 2, 3, 3, 1, 1, 3, 2, 2, 3, 3, 2, 1, 3, 3, 2, 3, 3, 3, 4, 2, 2, 1, 2, 2, 3, 1, 3, 3, 2, 2, 2, 2, 4, 3, 3, 2, 2, 4, 2, 2, 2, 3, 2, 1, 3, 2, 3, 2, 3, 1, 4, 3, 3, 3, 2, 2, 3, 4, 3, 2, 2, 4, 2, 1, 2, 2, 2, 2, 2, 3, 3, 2, 2, 1, 3, 2, 2, 1, 3, 2, 1, 2, 3, 3, 3, 2, 2, 2, 4, 3, 3, 4, 3, 2, 3, 3, 3, 2, 2, 3, 2, 2, 3, 2, 1, 3, 2, 2, 3, 2, 4, 4, 4, 3, 1, 3, 3, 2, 3, 3, 2, 2, 3, 3, 2, 3, 3, 2, 1, 3, 2, 1, 2, 2, 2, 2, 2, 2, 2, 3, 1, 5, 3, 1, 2, 2, 3, 1, 4, 1, 3, 3, 2, 1, 4, 2, 2, 3, 1, 3, 1, 3, 2, 1, 2, 3, 3, 2, 3, 3, 3, 3, 3, 3, 3, 2, 3, 2, 1, 4, 3, 1, 4, 1, 1, 4, 2, 3, 4, 2, 2, 1, 3, 2, 2, 3, 3, 1, 3, 5, 3, 3, 2]","[2.20902229102687, 2.754657525831429, 1.993403022303093, 2.515467010889578, 1.7403954456848467, 2.9641338004096647, 2.575677364889528, 3.615299220252754, 2.557333170748393, 1.9151860010650799, 2.4792802335581374, 1.9636958594915672, 2.4660147348613126, 2.6107067805008652, 2.4248254625787258, 2.4032572519747424, 2.542061013189924, 2.861543599851152, 2.9348981125843263, 1.886601508152402, 2.711062198823866, 2.812697264437425, 2.080209882614708, 2.533283692639282, 2.021556205396279, 2.883755267929229, 1.933149133189028, 3.057820956636302, 2.6920530761468706, 1.459135976593506, 2.0101429313254457, 4.204137279311573, 2.305022555672137, 2.2448646478828467, 1.8587338512677687, 2.5879551590392653, 2.0494784915531823, 3.431292009523439, 2.2626244304442147, 1.9782712190042777, 2.028960339132089, 2.474399596655463, 2.4508437529749627, 2.4703879808836984, 1.8533430326143856, 2.733151560540679, 2.3971121960852635, 2.4036094946207243, 2.2671528458665837, 3.221337946605072, 2.500324584573876, 2.285059374426088, 3.2958708637591863, 2.4883718882794255, 2.4644985314933052, 2.2631509231496247, 1.6254362453148379, 3.2756921621144657, 2.352064238886057, 2.7810561552442095, 1.981093720108925, 2.6999999418130427, 2.1463550220088705, 2.50025074485457, 3.3078294724900648, 2.8338869833995135, 2.1251030124493533, 2.3864661521858013, 2.1754346093382937, 2.45158833547714, 2.076569211527693, 2.562225466305624, 1.3042435384556672, 2.781284985970121, 1.8473988973346414, 2.4969244239595594, 3.2317450154512013, 1.793534729139885, 1.213929782948375, 1.93914740301672, 2.3575635897617455, 2.4159086153836435, 2.4025977366888456, 1.8296008409019666, 2.114834183203343, 3.004431327392914, 2.5341931827242536, 2.047542984269689, 2.049402564844087, 1.8016393800880321, 4.402821338457576, 1.565513146755794, 2.4267863708323993, 2.450857654104861, 2.516571357370336, 2.091757411881623, 2.95505889943984, 2.052942210905341, 2.3517573814520754, 3.7841865835407456, 2.996548543763482, 2.418236915448371, 2.616920885027056, 2.2471906311678707, 2.3601226770069896, 2.8428467632776804, 1.7881043765588753, 2.7349711123134544, 2.305196434519786, 1.9336975151884255, 1.809875252726961, 2.0538423865561843, 2.144648923631021, 1.8233010599947939, 2.3679173472919146, 3.2286695669688887, 2.3351385080770086, 1.993667601200885, 1.8464106427296747, 2.073166375996928, 2.5244958263952717, 1.625270807556317, 2.6669825851583164, 2.7184410751338657, 1.9798474254397802, 2.1644901605830533, 2.902315667830969, 1.7738087383818733, 1.9576606483376549, 2.3278755276414898, 2.2145717271896888, 2.144181040900435, 2.2487072536723143, 2.8258435301198643, 2.590386621381646, 3.4499760064523164, 2.534675785657201, 2.6279973745455414, 2.2031137129027023, 3.9046715167424484, 2.6059964370670663, 2.5778126003036435, 1.9140999012806739, 3.085297080414055, 1.9216701264632747, 2.025346351218307, 2.0800079782224636, 2.0553785741660127, 2.0810815671729905, 2.6492622236697225, 2.1274121220988707, 4.067397022549063, 2.884498520533299, 3.9669779905339393, 3.0632532096572316, 2.9088236000410075, 2.5444847467164196, 2.741693070471248, 2.508356881036704, 1.9446174890050631, 2.1400453485671855, 2.9235378171675834, 1.744142519144075, 2.107864425447077, 1.8613053705102462, 2.405360905040064, 1.6937472892129306, 2.1202392206076097, 2.163438375133077, 1.8950909872279156, 2.2988662117380994, 2.312814091388419, 2.239549757222084, 2.6772237057990065, 2.384241944440738, 2.228906080823635, 2.633926340628388, 2.1208761006975663, 2.1567710789023056, 2.706924264015275, 3.9876335253108586, 2.2119405909092924, 2.1775280809723663, 2.4215926081898416, 2.3884239227717123, 3.4392616611821647, 2.883764185223982, 3.3172418929544962, 4.41604371777829, 2.4576990855749394, 2.9404664606936737, 2.0238919954223777, 2.0618113966244778, 2.3779242725565815, 3.3035663424131343, 2.329217786400236, 1.928796320402999, 2.0590184148411623, 2.2546100277550223, 2.6170187302064956, 2.2390339759739764, 2.2161382039851305, 2.4562182162273825, 1.9798119299656398, 2.9096002591641597, 2.4303141172670175, 2.519545219735901, 2.4112343033458092, 2.3623392468637014, 2.44917424799214, 2.518080376227139, 2.729259156927622, 2.3273987960247418, 1.9649011184456682, 3.4520048679191215, 1.9140118589118058, 1.9321425523693199, 2.913871201815403, 3.084483371120264, 2.3207915492729954, 4.123970074275565, 2.582563905148124, 1.522866594096327, 1.4057996702345017, 2.7537493380541678, 1.9247258877678046, 4.532909089259242, 2.4871883951067675, 2.0688420708568893, 2.680324939924537, 2.760000711503512, 2.6625950513746752, 2.70792409094929, 2.0469799020997557, 2.687854215637639, 2.876513912305397, 2.9186932875480736, 2.5968532722225723, 1.9842548949388037, 2.4434818206743283, 2.67533972527208, 1.9603220006331545, 2.1706428138451246, 2.7123493068270395, 2.3633457697828053, 2.589151595486909, 2.503410710651906, 2.305479694290668, 2.3513135407668786, 2.480212467311291, 2.4825901234642984, 2.539473755120084, 2.7335519237130215, 1.9787361213682484, 3.5021960898348388, 2.9177951904242323, 3.2409275006913516, 2.4391384364608046, 2.2290439648605744, 2.350185574855563, 2.7430490624010866, 2.5158272822154077, 1.645074671874874, 2.2694531935572275, 2.935200914781788, 2.336752795179159, 2.2965517648786125, 2.5881642416676662, 1.7853357183087868, 2.4168573167109018, 2.994094446145231, 2.0906615384630016, 4.285273294329743, 2.591305395670469, 2.703200349050885, 2.389274778919531, 1.9055678016335484, 3.6383544369076253, 1.9050582860443632, 1.626299049163623, 3.265137868793013, 1.2649853975799124, 3.1951286912482124, 2.232204309278588, 3.8497643942965962, 1.899462262436523, 1.9301811718405253, 2.415376243953135, 3.0892323798186467, 2.4770912507595026, 2.4269651572455637, 3.340517726847709, 1.9010180556674938, 2.4847057824336267, 3.805293363328033, 2.365575363264276, 1.7526652311865614, 2.0955929429156517, 2.2231545784351407, 3.880875978339939, 2.430519573851213, 3.029418804294008, 2.1990517705648185, 2.711437978585364, 2.195908266445816, 2.9768360959186615, 2.1391073308043977, 3.0587603069441767, 2.034155055699056, 1.8299629229437757, 2.3134246936848, 2.552523171419175, 2.4738570328335796, 2.1439675996305465, 2.649473528971243, 2.5454743715855797, 2.490564035504803, 1.7067758420294303, 2.2902095826044495, 2.019386644158659, 3.0926767200108536, 2.354652681424331, 2.513165893334653, 1.1316785194350805, 2.4123074975743366, 2.413941064815638, 2.3913001924265567, 1.9138553066247026, 2.7007573262407076, 2.7928936238633377, 2.7794434821749836, 2.876256835991903, 2.814908352865618, 2.532451123324298, 3.274014776910414, 2.6743172824922063, 2.5049877156759384, 2.047800920853149, 3.3672412161693686, 2.386221972735763, 2.5043847512679087, 2.875526072906363, 2.436562928654766, 2.672815182825359, 2.8532169567882217, 2.290401326049378, 2.384559056476479, 2.18097264649457, 3.144540256680445, 2.740329358790124, 3.0666469889611214, 2.6053066805202136, 2.3519073445635317, 2.2598158402957407, 2.425907977516429, 2.5618740540715073, 2.2240436061074, 4.198826417427695, 4.082420615177062, 2.9400564043168527, 1.9379350235773942, 2.1442415295477217, 3.946943193149812, 2.1421841184859707, 2.268710327434842, 3.3676549795419493, 2.260265476329974, 1.7504432099815028, 2.0446449396888706, 2.770787133848043, 2.9475435286305176, 4.413275488038805, 2.3805273832923834, 2.5176769530201195, 2.741536468975963, 2.2303773433619307, 2.405154654629259, 2.3031318463557295, 2.0488211490505126, 2.432757140077195, 2.4790863990432435, 2.546140134011701, 1.8850274745001263, 2.100617814476209, 2.1569316524077213, 2.366457283074237, 2.829283989312062, 4.085685576876438, 2.7366768858834916, 3.3064870950541088, 2.6076349439996864, 3.071822620106724, 1.636728459776056, 2.1270306173621947, 1.7638027040766557, 2.085128884928225, 1.9945579740411568, 2.5092635927245093, 2.6012711263334514, 2.489764848294465, 3.3784028205991565, 2.705345324912392, 2.589132854066235, 3.7026796147667103, 2.000372705754997, 2.372364955198653, 4.165194101344367, 2.2045137448765284, 2.0335982738080323, 2.4277377006645753, 2.592742458694456, 2.9774687337727777, 2.3795876909490867, 2.447794596115985, 2.738053246349528, 2.2063047577817585, 1.7990731815020942, 2.4338338522569622, 2.0055851806418725, 2.112691860410863, 1.5673100147262282, 2.2581258284539425, 3.1043961109800726, 2.959926872899698, 2.92030384588049, 2.957432254322551, 2.339464923035314, 2.113251351006938, 2.361773442684079, 3.6006705702041177, 2.3597616079240464, 2.1547003167685346, 2.3926192620009807, 2.5524373423492928, 3.1836803534626013, 2.4827662447872894, 2.2779265157228306, 2.3363013987709795, 3.3556752313528437, 3.177886342827967, 1.736266342527244, 3.787310208036325, 1.844267815007322, 2.4182288423222618, 1.5481590399326652, 2.5416405643402413, 2.5136025684066197, 2.5324990215393846, 2.733973018312661, 2.789372995496568, 2.647431283627994, 2.031063184614023, 2.552284432659825, 2.6580945883263905, 2.536241054094279, 2.3094847448491147, 2.669933366662128, 2.1885262211767897, 2.3872649132300805, 1.9616135204165008, 1.9370055492506015, 1.914512785262843, 2.1166349662643924, 1.7858053385848411, 2.380216521193519, 2.0795737743543006, 2.9319791134335205, 2.5328148847085354, 2.211568400606745, 2.127338451169787, 2.4680988554760015, 2.624670601859343, 2.409724421422389, 2.0369285050317387, 1.5694794862399073, 2.367748436859832, 3.7745663123893305, 2.3513895406464846, 2.7237704786562773, 2.7789160189917346, 2.8194576910346387, 3.0187341816748523, 2.0906223712148693, 2.1742231197973974, 2.1451992032736866, 2.750994451525695, 2.581460551973682, 2.6376164229076364, 4.367444988456375, 1.6483453923380318, 2.191012410835627, 3.463155448032541, 2.088572964870637, 1.7218334030259337, 2.4983618490507937, 3.1265313493844165, 3.9911502267955026, 2.1030389793636264, 2.006149103049946, 2.2363218241554925, 2.217833534288597, 2.833982458365078, 3.7751290379356472, 2.231556407519242, 2.044273128007, 3.1684022859607515, 2.6239857587737765, 3.276443658672502, 2.015711308009369, 2.6812247735399586, 2.2712538868943364, 2.4924626837771173, 2.5502811268897343, 2.0800551284206574, 1.9718579655817003, 2.539202526499061, 2.1863879986689048, 2.5127940450675275, 1.9536685284312676, 1.9547639792350575, 2.4546233060903124, 2.136655867586836, 2.758138994960746, 2.0301149122494753, 2.834512065155198, 2.2545295217590553, 1.9989325207852937, 2.9072533770948126, 2.332180715536828, 2.235963370954541, 2.797389596666948, 3.7013726625142764, 2.6507068803654024, 2.2223610842269728, 2.4485493154534765, 2.934388453450772, 2.033422079314531, 2.0756513381045245, 3.0747200348092716, 2.2817122589092165, 2.2316164809605956, 2.0945068065459904, 2.2892224047546925, 2.807941331707236, 2.3337382336903416, 5.258483092092178, 2.0534706114595696, 3.337567965711047, 2.014837670022154, 1.3069605643535303, 2.3193568396139677, 2.0690075589574435, 2.4559068577413954, 2.159966194659964, 2.551941919653904, 2.1897688366630437, 3.4237170364907237, 2.1957374291941094, 2.4830537024277133, 2.3958031105773228, 2.045711470437389, 2.012551794003221, 2.8721402144918233, 1.908847444153379, 2.3589520739706327, 2.3718930638726814, 1.5263102954180616, 2.64094920394972, 2.9100650060425783, 2.225667872671351, 2.5309447959373723, 2.2840916628132435, 2.67311335328654, 1.750392507591358, 1.7385559197261284, 2.4124697909379402, 3.269559851081286, 2.4992251428619814, 1.8086816147083096, 5.018538207257157, 2.0988574162385847, 2.322397580479997, 3.0887467952355605, 2.094183972331723, 2.025507427458725, 2.8617069026952255, 2.034025163756709, 1.726801176297724, 2.80971502659467, 2.398298289870007, 1.8244306087974422, 2.2208738740847473, 2.854488980706191, 2.1443701586370976, 2.465094538383393, 2.209523381478576, 2.812261041156646, 2.476415659143105, 2.6212376864489455, 2.579576121770508]"
2.25,3000,0.6135815402040847,0.6135815402040847,0.012990236282348633,0.33414796630448557,"[3, 2, 2, 2, 2, 4, 3, 4, 3, 2, 3, 2, 2, 3, 2, 2, 4, 1, 3, 3, 3, 2, 2, 3, 3, 3, 2, 1, 3, 2, 2, 4, 2, 1, 2, 2, 3, 3, 2, 2, 3, 3, 2, 3, 4, 2, 3, 2, 2, 3, 2, 2, 4, 2, 2, 2, 2, 4, 2, 3, 3, 4, 2, 3, 2, 3, 2, 2, 2, 3, 2, 3, 3, 1, 3, 1, 2, 2, 3, 2, 1, 2, 3, 2, 2, 3, 1, 3, 3, 2, 4, 2, 2, 3, 2, 2, 4, 2, 1, 2, 2, 3, 3, 3, 2, 4, 4, 2, 3, 3, 2, 3, 2, 4, 3, 4, 4, 2, 2, 2, 2, 2, 2, 2, 2, 2, 1, 3, 3, 2, 2, 2, 2, 3, 4, 3, 2, 2, 1, 1, 2, 2, 2, 5, 3, 2, 1, 2, 2, 3, 1, 2, 4, 3, 4, 3, 3, 3, 2, 1, 2, 2, 2, 2, 1, 2, 2, 2, 3, 4, 1, 3, 2, 3, 2, 2, 2, 1, 2, 4, 2, 1, 2, 1, 1, 3, 2, 2, 4, 2, 3, 1, 2, 2, 2, 1, 1, 2, 2, 3, 2, 2, 3, 3, 3, 4, 1, 3, 3, 1, 3, 3, 2, 2, 4, 2, 2, 3, 3, 2, 3, 3, 2, 1, 3, 2, 4, 3, 2, 2, 4, 3, 2, 2, 2, 2, 2, 3, 2, 3, 2, 2, 1, 2, 2, 3, 2, 4, 3, 3, 2, 2, 1, 2, 3, 2, 2, 3, 2, 3, 2, 5, 1, 3, 4, 2, 2, 2, 2, 4, 4, 1, 4, 3, 3, 3, 3, 2, 3, 3, 2, 2, 4, 1, 3, 3, 3, 2, 2, 2, 4, 3, 3, 2, 2, 1, 2, 3, 3, 3, 1, 4, 2, 2, 2, 1, 2, 3, 1, 1, 1, 1, 3, 2, 3, 3, 4, 3, 2, 1, 5, 2, 3, 2, 2, 1, 3, 2, 2, 3, 3, 2, 4, 3, 3, 2, 4, 2, 4, 4, 3, 1, 3, 3, 3, 2, 2, 2, 2, 2, 2, 4, 2, 1, 2, 1, 1, 4, 3, 2, 1, 2, 4, 4, 1, 4, 3, 3, 1, 2, 3, 2, 3, 3, 2, 3, 2, 2, 2, 3, 2, 3, 2, 4, 1, 3, 3, 3, 1, 2, 2, 3, 3, 3, 2, 4, 3, 2, 3, 3, 1, 1, 3, 2, 2, 3, 3, 2, 1, 3, 3, 2, 3, 3, 3, 4, 2, 2, 1, 2, 2, 3, 1, 3, 3, 2, 2, 2, 2, 4, 3, 3, 2, 2, 4, 2, 2, 2, 3, 2, 1, 3, 2, 3, 2, 3, 1, 4, 3, 3, 3, 2, 2, 3, 4, 3, 2, 2, 4, 2, 1, 2, 2, 2, 2, 2, 3, 3, 2, 2, 1, 3, 2, 2, 1, 3, 2, 1, 2, 3, 3, 3, 2, 2, 2, 4, 3, 3, 4, 3, 2, 3, 3, 3, 2, 2, 3, 2, 2, 3, 2, 1, 3, 2, 2, 3, 2, 4, 4, 4, 3, 1, 3, 3, 2, 3, 3, 2, 2, 3, 3, 2, 3, 3, 2, 1, 3, 2, 1, 2, 2, 2, 2, 2, 2, 2, 3, 1, 5, 3, 1, 2, 2, 3, 1, 4, 1, 3, 3, 2, 1, 4, 2, 2, 3, 1, 3, 1, 3, 2, 1, 2, 3, 3, 2, 3, 3, 3, 3, 3, 3, 3, 2, 3, 2, 1, 4, 3, 1, 4, 1, 1, 4, 2, 3, 4, 2, 2, 1, 3, 2, 2, 3, 3, 1, 3, 5, 3, 3, 2]","[2.976281986760851, 2.384008287851492, 2.2979084964097063, 2.4842014070976215, 2.2040012279245267, 2.4973696252978117, 2.3200272254018026, 3.1007489064876697, 2.3712379717957437, 2.1263243628307733, 2.3410171550167855, 2.2749348576949986, 2.2826343435658605, 2.3278599857598428, 2.460324856892022, 2.114289459785037, 3.1908258339365396, 2.4064042149366487, 2.39319902786452, 2.406541659332848, 2.631641249332965, 2.2362304092313026, 2.1660800217963745, 2.1129587884285095, 2.296334069472131, 2.4655238085794196, 2.5068662546536875, 2.3332294970306475, 2.3181316228373197, 2.276080071923434, 2.122823617293431, 4.113075199486355, 2.434435719871707, 2.3026841322853238, 2.5172215688952018, 2.3341322305595638, 2.125887560405876, 3.3290049824370564, 2.170548204457784, 2.1900064462502082, 2.0930131565216836, 2.353860831739557, 2.1397945061332733, 2.4101707116152236, 2.4021620181756296, 2.8874508642784456, 2.325347574921868, 2.1143632654766393, 2.148099897759602, 2.689905885445524, 2.337698065788075, 2.196805292367018, 3.9267022799090916, 2.3567884575064557, 2.098546176985023, 2.0615357160516314, 2.18250276663173, 4.028381981327947, 2.258758202332454, 2.389539614405479, 2.507675011943494, 2.8476724381692526, 2.1747613981030094, 2.2612326244096552, 2.585116549395554, 2.2423519708221202, 2.1131580100129637, 2.364011283242582, 2.180854467976415, 2.610182766047068, 2.4757077024371075, 2.429413495542473, 2.346061485436388, 2.1644496644191276, 2.169271312210189, 2.105340400928652, 2.2685650547904403, 2.341755583944635, 2.265141755282287, 2.267202164797008, 2.1618656661544087, 2.088365091860079, 2.343207462808014, 2.1369668522778156, 2.3140763816582424, 2.9722415468118712, 2.1826189558137528, 2.4090610318167327, 2.514514433848603, 2.2502547160149753, 3.343052901054069, 2.3490696074755766, 2.4062128995711483, 2.339197939590465, 2.3218027328172655, 2.163321515904623, 3.9678860810951857, 2.1266133163733008, 2.3325548413200545, 2.303579329250911, 2.382719544154542, 2.244048199214875, 2.383723434625165, 2.1490952676852944, 2.3149695215477992, 2.67941759434647, 2.426343413244139, 2.437033814450848, 2.3060883897298177, 2.4977440461067584, 2.132833733548076, 2.126801930918507, 2.162539197437257, 2.6315715675997153, 2.2000451281913134, 4.0133512290491815, 2.808286890654374, 2.114193458603081, 2.140489023893734, 2.257470940544776, 2.183176095361501, 2.179879067719112, 2.863326123864175, 2.5166683087090664, 2.1877476754794025, 2.2512459132667324, 2.3863720013912895, 2.6483066115521297, 2.2209497661882165, 2.1036727342319366, 2.105918279556566, 2.2556016293121806, 2.155767406483146, 2.9375067711104887, 3.632393044266694, 3.729878602026126, 2.2323971264658766, 2.230849043867464, 2.4777064997476552, 2.197672648527929, 2.4321919290589515, 2.2489090053205563, 2.097521572933318, 4.06903592945391, 2.693703310610742, 2.2232672867681553, 2.358713011696067, 2.1556990280885655, 2.1065231949456686, 2.8687357464168346, 2.056491402627885, 2.570734389692487, 2.6335835189066863, 2.362157706968725, 2.6465219598392036, 2.6804372181143905, 2.402592835891809, 2.565356027327503, 2.7228072183150354, 2.4019872975161514, 2.393219832970823, 2.460288296992277, 2.3885568305521803, 2.16777688426368, 2.262756580109197, 2.0861550214282043, 2.3716045425135923, 2.270216904272401, 2.3335361438727094, 2.5679070574974534, 2.0638411006670507, 2.4761186706246097, 2.208314193257095, 3.0886466939561914, 2.2822109215155892, 2.2707651020757633, 2.3301361647063903, 2.1122723417137337, 2.2248186342448544, 2.640875220003917, 2.2937624591408863, 2.1027779408027305, 2.3364883715368094, 2.4285217955185256, 2.111181420105332, 2.1164109927031416, 2.3253344569368632, 2.8026310150248523, 2.8277163989838017, 2.123011829512741, 2.9692909119275495, 2.1491016193225425, 2.1503602514119042, 2.1687208913855693, 3.376160716830829, 2.0702006910934654, 2.2149017997930125, 2.156461686901791, 2.3047260897529926, 2.383743936206166, 2.194180495626865, 2.1893831256727028, 2.47906104411666, 2.478831218884037, 2.733767299506149, 2.210530140170538, 2.2680623255750194, 2.22875318993141, 2.2173318780628564, 2.4242000036553395, 2.4821599530854233, 2.5958780180411547, 2.2512947144205384, 2.1081659937888775, 2.5807099883645512, 2.126078343858765, 2.101302064469846, 2.417368460455819, 2.522586569928663, 2.2576773963777415, 2.407371551669578, 2.4503855234245244, 2.5522430802011478, 2.2674935063448736, 2.5816713588178133, 2.0997480446299934, 3.6226292234197315, 2.229920440997715, 2.1585200456342606, 2.184662844689939, 3.159887847284324, 2.4504440173329836, 2.9341945631286026, 2.199224963979061, 2.7511031823565917, 2.4095409568297543, 3.1851539649490794, 2.2528986129832913, 2.1122212065108146, 2.3609537865653625, 2.41843998404907, 2.1643569644947402, 2.1846962167011483, 2.432293848923488, 2.2325468122734864, 2.5994877177613764, 2.3885147728546094, 2.385148171280465, 2.4063227780942538, 2.101838730893734, 2.1309121416603984, 2.1881167323945556, 2.56335648890497, 2.4377114211594404, 3.7725921172679, 2.23442018177862, 2.5772164300597202, 2.474856294934598, 2.1635120618583468, 2.201214127280546, 2.3250515287874562, 2.419691645831945, 2.1840285877136525, 2.482369554265592, 3.002138784835004, 2.2532546655642047, 2.304238490596566, 2.4634236870141044, 2.1848423817297973, 2.2723343492711128, 2.405602484369939, 2.3946985486652235, 2.7429676481125704, 2.1660105062955095, 2.5569968984785554, 2.295130175935365, 2.0957338350700576, 2.7402318787356394, 2.5774689003928986, 2.320285736120276, 2.489365234433566, 2.275839480248448, 3.90827856205186, 2.0784485958796264, 2.1980326344266805, 2.094454536415615, 2.1424114863227626, 2.2315840798933144, 2.8685680121363726, 2.507324755602414, 2.147832215209852, 2.712205204265154, 2.180506178598568, 2.29139647173076, 2.372485057937193, 2.463833897545043, 2.2065721261820137, 2.16412517787985, 2.286602774719096, 3.8356811716936736, 2.1819979711422923, 2.8079053303948927, 2.444221136837079, 2.5200467217031846, 2.4735691276301974, 3.862539534839315, 2.206663779492973, 2.390576756904949, 2.153841081394432, 2.2227683751725604, 2.098055804493218, 2.32523812935343, 2.3699646278762683, 2.1742611595265924, 2.2950884318187277, 2.4259036248751547, 2.2020525231938914, 2.196956884692689, 2.174819562043306, 2.167457142013435, 4.138618937839, 2.307175311994244, 2.4191340028287263, 2.3985507767095924, 2.242805803406233, 2.1476923010035764, 2.3241297810104267, 2.126045541329164, 2.520436404813716, 2.397197998156396, 2.587055073988595, 2.44582941374225, 2.56653684789234, 2.3374491973989198, 2.553023555553681, 2.240554492313192, 2.218645910655418, 2.230561245832731, 2.991110964465743, 2.2373400819114484, 2.7761467819987455, 2.2255634987863204, 2.7299464568599436, 2.5891706499170084, 2.376084308045142, 2.277002174559082, 2.1389468300041523, 2.1820148574610543, 2.487257013050726, 2.3342117965959623, 2.5447396441195034, 2.4098651193087304, 2.528221458923223, 2.2965797564616963, 2.245655523165329, 2.1189493503969117, 2.231933933751148, 4.2085743751640035, 2.5100452071309918, 3.0935297133243376, 2.159666202761782, 2.117168119256699, 3.9747114730596746, 2.2863474656330305, 2.0575225134026374, 3.7450276165312895, 2.394718788764584, 2.1515451418215195, 2.124874782304442, 2.216811443249532, 2.421361777039504, 2.4659310895706854, 2.236146889897208, 2.236308733637531, 2.352683803490952, 2.514544749414922, 2.4822279746071043, 2.2199301393256605, 2.1595031146113524, 2.2470906338353775, 2.3834180798178375, 2.27084786589898, 2.2134979812861526, 2.587535539118103, 2.303597566387816, 2.2903492072460034, 2.313919176635678, 2.5151206511431803, 2.2903974067731427, 2.20367823792166, 2.5083977819668317, 2.364738495620194, 2.153704580505946, 2.1992875582037197, 2.3280524216870497, 2.511254505572849, 2.08580480064184, 2.336943454535731, 3.2978439639770847, 2.222986900786559, 3.6486087919555397, 2.609635273328927, 2.3779009856209687, 2.834180423777023, 2.263320254837134, 2.509110809611953, 2.4965568423403792, 2.284992262880105, 2.208285820854506, 2.2746141250783896, 2.5145144587390593, 2.3787217358594073, 2.448295689143276, 2.2620675904606338, 2.6978614870685256, 2.314236471044041, 2.1877208037022946, 2.0921209814994057, 2.1738409958656604, 2.3774260129066387, 2.2868811467214596, 2.4439475170458898, 2.4546044290392857, 2.341292887587802, 2.2604589671619317, 2.2141501498936527, 2.277220089256438, 2.45481852280592, 2.4404453277976703, 2.4126510586944065, 2.7692409250201364, 2.179099029187285, 2.399347554368982, 2.193422038102064, 4.003924602105063, 2.1309490445061994, 2.28103639415711, 2.28403061998159, 2.3354266376195065, 2.485006934455229, 2.1459856165096025, 4.02151731136898, 2.1114648169214716, 2.295923037587472, 2.192296994080814, 2.239034531482959, 2.1789305963105483, 2.600210028108603, 2.3225238089312508, 2.391282248790538, 2.807257155733375, 2.210343676131505, 2.484480979609498, 2.2943057748799722, 2.276975140441572, 2.4261335745648056, 2.3376807465146454, 2.0692966901209173, 2.1873885415631427, 2.1074771406672546, 2.245197104787318, 2.641446124008028, 2.292526559575924, 2.1277903446219053, 2.3644655178256966, 2.343560732469967, 2.3905285439489594, 2.224476560292015, 2.3150456492186025, 2.6084134008865067, 2.311646249589523, 2.1730015454167457, 2.2994150063645096, 2.2048859902850397, 2.168189066232517, 2.6013039744524473, 2.46203274973152, 2.1319967940449174, 2.3793002243386323, 2.4796626230203738, 2.4053530236230007, 3.5386697246888787, 2.10593325286832, 2.407029206389981, 2.6401049886281394, 2.479226716950611, 2.66426375559195, 2.3730557510804884, 3.957264069549173, 2.303860556106233, 2.295734499124034, 3.919607156175603, 2.308867564200932, 2.5390776398110018, 2.108230620394279, 2.4990177994960985, 2.3257021440029657, 2.19426057054235, 2.3175834084893796, 2.2685536038481913, 2.3437187415356964, 2.712783544631771, 2.497137499727287, 2.486255155569473, 2.124796876296639, 2.472484271868034, 2.2871589237431307, 3.370477678577437, 2.457778026604844, 2.4543475183555152, 2.213250724235635, 2.1044055288350205, 3.1425187484574217, 2.1608695268169402, 2.1953493232430694, 2.608653672491613, 2.5922108826720773, 2.3619056521242285, 2.1629628569866934, 2.3183876444208806, 2.3834703770174976, 2.1804962301005903, 2.3994466608687586, 2.0932550751774914, 2.336116451617988, 2.3318144321107566, 2.2269126231132272, 2.9277531497637757, 2.104574803795967, 2.251767998806481, 2.5599448022541336, 3.9368280594861615, 2.4765282975897467, 2.0763861368309566, 2.1932491443121944, 2.557524606770829, 2.093948028615315, 2.584638184519258, 4.095394930896083, 2.4303768038932, 2.5030168152409713, 2.0781719432856995, 2.7432793396031125, 2.4315152098875665, 2.0711478641356975, 4.239835671351557, 2.1838744696073995, 3.9198090625078224, 2.271765633656871, 2.4398298282247244, 2.2755958605857125, 2.4403700154275736, 2.349986032930426, 2.5398990908173453, 2.398683557030953, 2.0409818378512785, 4.119571559852519, 2.099382878989016, 2.8727006791952356, 2.278809153520707, 2.153673471885697, 2.232451153129605, 2.380049313810676, 2.2753071445423503, 2.1361704124811873, 2.678916088483771, 2.5622017532529053, 3.551649405967863, 2.3879957266065444, 2.289424704692455, 2.2962391927179198, 2.175046251329336, 2.3669222702455155, 2.1852878058292, 2.1464653535050187, 2.1577401621882326, 3.2736180980005107, 2.4588710934787756, 2.2468845036532574, 3.9077445271579476, 2.210094902225628, 2.2525421229730442, 2.750240763134334, 2.16382995511344, 3.0131223346776475, 3.0707972924975326, 2.1393601099578743, 2.217863307515538, 2.4241197498289293, 2.2572069494963825, 2.501365616149893, 2.1332249574964415, 2.433501273294846, 2.584544566101997, 2.3804863537347383, 2.2288914991306457, 2.3783890907191956, 2.2562384392778867, 2.563514060856065, 2.723569806627458]"
2.5,3000,0.8011675420287774,0.8011675420287774,0.01377415657043457,0.3580891166281228,"[3, 2, 2, 2, 2, 4, 3, 4, 3, 2, 3, 2, 2, 3, 2, 2, 4, 1, 3, 3, 3, 2, 2, 3, 3, 3, 2, 1, 3, 2, 2, 4, 2, 1, 2, 2, 3, 3, 2, 2, 3, 3, 2, 3, 4, 2, 3, 2, 2, 3, 2, 2, 4, 2, 2, 2, 2, 4, 2, 3, 3, 4, 2, 3, 2, 3, 2, 2, 2, 3, 2, 3, 3, 1, 3, 1, 2, 2, 3, 2, 1, 2, 3, 2, 2, 3, 1, 3, 3, 2, 4, 2, 2, 3, 2, 2, 4, 2, 1, 2, 2, 3, 3, 3, 2, 4, 4, 2, 3, 3, 2, 3, 2, 4, 3, 4, 4, 2, 2, 2, 2, 2, 2, 2, 2, 2, 1, 3, 3, 2, 2, 2, 2, 3, 4, 3, 2, 2, 1, 1, 2, 2, 2, 5, 3, 2, 1, 2, 2, 3, 1, 2, 4, 3, 4, 3, 3, 3, 2, 1, 2, 2, 2, 2, 1, 2, 2, 2, 3, 4, 1, 3, 2, 3, 2, 2, 2, 1, 2, 4, 2, 1, 2, 1, 1, 3, 2, 2, 4, 2, 3, 1, 2, 2, 2, 1, 1, 2, 2, 3, 2, 2, 3, 3, 3, 4, 1, 3, 3, 1, 3, 3, 2, 2, 4, 2, 2, 3, 3, 2, 3, 3, 2, 1, 3, 2, 4, 3, 2, 2, 4, 3, 2, 2, 2, 2, 2, 3, 2, 3, 2, 2, 1, 2, 2, 3, 2, 4, 3, 3, 2, 2, 1, 2, 3, 2, 2, 3, 2, 3, 2, 5, 1, 3, 4, 2, 2, 2, 2, 4, 4, 1, 4, 3, 3, 3, 3, 2, 3, 3, 2, 2, 4, 1, 3, 3, 3, 2, 2, 2, 4, 3, 3, 2, 2, 1, 2, 3, 3, 3, 1, 4, 2, 2, 2, 1, 2, 3, 1, 1, 1, 1, 3, 2, 3, 3, 4, 3, 2, 1, 5, 2, 3, 2, 2, 1, 3, 2, 2, 3, 3, 2, 4, 3, 3, 2, 4, 2, 4, 4, 3, 1, 3, 3, 3, 2, 2, 2, 2, 2, 2, 4, 2, 1, 2, 1, 1, 4, 3, 2, 1, 2, 4, 4, 1, 4, 3, 3, 1, 2, 3, 2, 3, 3, 2, 3, 2, 2, 2, 3, 2, 3, 2, 4, 1, 3, 3, 3, 1, 2, 2, 3, 3, 3, 2, 4, 3, 2, 3, 3, 1, 1, 3, 2, 2, 3, 3, 2, 1, 3, 3, 2, 3, 3, 3, 4, 2, 2, 1, 2, 2, 3, 1, 3, 3, 2, 2, 2, 2, 4, 3, 3, 2, 2, 4, 2, 2, 2, 3, 2, 1, 3, 2, 3, 2, 3, 1, 4, 3, 3, 3, 2, 2, 3, 4, 3, 2, 2, 4, 2, 1, 2, 2, 2, 2, 2, 3, 3, 2, 2, 1, 3, 2, 2, 1, 3, 2, 1, 2, 3, 3, 3, 2, 2, 2, 4, 3, 3, 4, 3, 2, 3, 3, 3, 2, 2, 3, 2, 2, 3, 2, 1, 3, 2, 2, 3, 2, 4, 4, 4, 3, 1, 3, 3, 2, 3, 3, 2, 2, 3, 3, 2, 3, 3, 2, 1, 3, 2, 1, 2, 2, 2, 2, 2, 2, 2, 3, 1, 5, 3, 1, 2, 2, 3, 1, 4, 1, 3, 3, 2, 1, 4, 2, 2, 3, 1, 3, 1, 3, 2, 1, 2, 3, 3, 2, 3, 3, 3, 3, 3, 3, 3, 2, 3, 2, 1, 4, 3, 1, 4, 1, 1, 4, 2, 3, 4, 2, 2, 1, 3, 2, 2, 3, 3, 1, 3, 5, 3, 3, 2]","[2.727994238504781, 2.7091661622890117, 2.3715449238379263, 3.109926834004702, 1.729006412245909, 3.2520888793427645, 1.782921410213479, 3.1429275325049937, 2.9333097074906718, 2.126068926503924, 2.8637749804265127, 2.389637488018869, 2.14164556107572, 3.3112976698962937, 2.787832296157575, 1.8636247261803813, 2.471210480685481, 2.4841536271497486, 2.520986722392474, 2.1085620650493944, 2.0751590694663866, 3.888832592522899, 1.9943380138223257, 1.7811542143628158, 1.6915326220867066, 3.324493929415707, 2.1824745025383137, 2.835982936797197, 2.1342620371481016, 1.8332858659375184, 2.3330965704410414, 4.48983340924606, 1.7351565613643327, 1.8811522293998832, 2.2728007140965496, 1.8186111396080742, 2.0346176873593063, 4.445015067893787, 1.5859108889819986, 2.294886818815151, 2.2690679797940945, 3.107898342408321, 2.4104608495470723, 2.7338309424326637, 2.2864121264463986, 3.6738139782540946, 1.9041840868638484, 1.8628831982359457, 1.9833052346544762, 4.1565310682644006, 2.2632047022044186, 2.5615608104260876, 3.477791831594659, 3.0784844006123793, 1.9259581435123052, 2.5654986850374604, 2.078849760755038, 3.2589784719317754, 2.3815298511006064, 2.653592762453262, 2.4250810235490152, 3.4138595929441995, 1.6394206149696657, 2.2608294541476996, 4.255776111905401, 1.870916666386035, 2.066672046960114, 3.1017562648658425, 1.5782033635568233, 2.485614017392789, 2.8222732632393557, 2.5404981289195616, 1.8627984592343094, 1.1055837047217656, 1.8862592804680065, 1.8576963766273256, 1.4158734324889692, 2.218531369295448, 1.6897645791700828, 2.333480401503114, 1.5773047996295924, 2.028247803847492, 2.1698437564737207, 2.114983329331876, 2.6922120660524156, 3.738708703511656, 2.7631438665162147, 2.085936601076812, 1.6605345361321473, 2.1544932353959414, 3.189197730523043, 2.7584143619524037, 3.041290552841451, 1.8988767459852824, 1.8439594133793484, 1.7543574463571694, 3.2498285156508033, 2.0273259959056906, 2.2768709564539122, 3.7972292454315872, 2.79812995307566, 2.4334818772104336, 2.807867896890332, 2.2410000807922583, 2.1069792439972317, 3.0221310903142857, 1.65619438942457, 2.368096755840735, 2.097681684364603, 2.524857728072504, 2.156508894220264, 2.025430980047689, 2.111476103116516, 2.2031127680137583, 2.2177592773953174, 3.142297523227479, 2.109516136763454, 2.152108670555421, 2.0795959679835367, 2.5861426197630366, 2.891393947629866, 1.9713624620855805, 2.004320580494447, 1.9540526291872302, 2.1837330764204297, 1.8657441343477086, 2.5895780572527585, 2.7830902619129394, 1.4628841461898168, 2.2379866355760165, 2.1774177033881332, 2.392199387832337, 2.083672679202613, 2.8450530332353106, 4.431006562757802, 3.993230604643323, 1.758870125057256, 2.374414565641928, 2.187923996138126, 1.806511552755652, 2.8352495832647486, 2.288805410054112, 2.3196115940040194, 2.870351125596928, 2.343951525076359, 1.7888586292828719, 2.4001050215408455, 1.830940804618592, 2.2671799066593143, 3.98745867052493, 2.444323498667209, 2.0929627447446815, 3.424795454870845, 2.347452072052092, 2.6805352680055075, 4.568956013127954, 2.687534052817035, 2.658099151306015, 1.8891430685812232, 1.7092213854565657, 2.53383359143106, 3.528806264610376, 1.9399974861612321, 2.728091302530749, 2.028886640807949, 2.050452446183644, 2.432984077652178, 2.2976436475697386, 2.013592906660142, 1.4116167007760103, 2.2746410613846457, 2.733720097516554, 2.9900501645202446, 4.136621048085336, 2.5909981809210327, 2.1060038545539226, 3.1545811549157015, 2.07557038229334, 1.8112800683292396, 2.579689160037598, 2.272229676404734, 2.0751211003297243, 1.9839317888827217, 2.6452968710640183, 1.8948512918404985, 1.2286018123154059, 3.0111444416692006, 3.684167385569979, 2.8908548971640498, 3.01862780087333, 2.9272598752465777, 1.8972251636517437, 2.5015336873360363, 1.6422778294847473, 3.4639076940106888, 2.210746070172453, 1.5236482416366153, 1.8232783491927584, 1.8606366229371676, 2.807661916905767, 1.4443163735893014, 1.4925156899776093, 1.9560430144314838, 2.6190356510182418, 2.687407595980216, 1.9785683765947315, 3.40825600232089, 1.9816128957424501, 2.454350735145108, 2.0914139761909327, 2.996589703773587, 3.535928369095901, 2.0283804743042366, 2.212666786017654, 3.907640338294445, 2.1285406863187086, 2.2816288848501562, 2.3739955314041628, 2.9987334983272995, 2.3657965171920576, 3.3833750321695746, 2.7748900368724034, 2.0283681080033733, 2.0534030201673468, 3.3320911551828396, 2.2972421676802153, 4.423454478842997, 2.4795840717586026, 1.8025979587423904, 2.6467690492391815, 4.532014646904411, 2.3292038607523553, 1.984052494508291, 1.9345727443668774, 2.32033327756701, 2.4526386895112395, 2.115063141607629, 2.2487217050576813, 2.1719239450706143, 2.8849242206120245, 2.5832883916125624, 1.8397940699524766, 2.3339623679614765, 2.4157193282722593, 2.5490366485516334, 2.550412120715, 2.8555689873132546, 2.4402134287093697, 2.1725004337856095, 1.8928777579910991, 1.6966161546947398, 1.662818248740978, 2.9724761522839516, 1.4461398751671846, 3.112625527736351, 2.146855626698911, 3.3950337666484978, 2.81923764187321, 1.6566032196848501, 2.7679972461471016, 2.2888774456647054, 2.6381738376004833, 1.9296721132095398, 2.391806280050529, 4.042968574517487, 2.0086887877797825, 2.348641904612603, 2.29463654533985, 1.825656095006432, 2.2451299053213862, 2.3963688317303955, 2.4020924408366886, 2.468451389392299, 2.8341696391967997, 3.0363711434961447, 2.1119393732989584, 2.337573048658124, 2.145458480151411, 2.011379200540543, 2.282528561995693, 3.9117758865525047, 1.5822842232238472, 2.4202584855980667, 2.223718935197646, 1.453636083678353, 2.350426199695006, 2.6336795180861374, 2.9079679291751557, 3.174468093508227, 3.107293358923058, 1.6224594862487605, 1.9696290726485022, 1.773382248926157, 2.8479693691846726, 1.7661340939875145, 1.8848906956607872, 1.7031765221814055, 1.7462830309622048, 1.8653189705173943, 3.873115926495384, 2.1693921082985637, 3.1710752130069526, 2.946940097903204, 2.7144667812430616, 2.3280188459697957, 2.8797998311635156, 2.209093427315491, 2.45149294960253, 1.9834553279140499, 1.540452334374725, 2.1605724146531102, 2.5602455993966244, 1.784129284910188, 1.644446526593062, 2.0545268443301983, 2.5757619022771614, 2.6637340519625154, 1.7997811349425867, 2.427645828322836, 2.291752854328964, 3.4538541966040355, 2.569867703225414, 2.6437764931806624, 1.230142299768331, 2.445964264275098, 1.7577128868376364, 1.9164192979470345, 2.1288702542940134, 2.61202507258995, 2.844344113607283, 3.2780008112359607, 2.5854303417293454, 2.567358834365812, 3.1769467072370774, 3.1760385712842574, 2.2769036409486594, 2.345308805318604, 1.8494236874683267, 3.357447500085923, 2.5008785281602384, 3.081843080978981, 2.2358389800311715, 2.2359211930252063, 4.195960542682565, 2.6929388135076855, 2.427919612345532, 1.711731211559413, 1.5665448964304205, 2.911278849696128, 3.553184069945102, 4.114637697947304, 2.6410614313868273, 2.026970657385831, 2.1932152012060437, 2.4173330464205045, 1.7209668628728005, 2.651034062906, 4.908795794579883, 3.127983164160121, 3.1244407469434585, 1.8869222904210443, 2.026382361979118, 3.9505596234173144, 2.3129825544892704, 2.338124092627708, 2.568617484377197, 2.9849166696154805, 2.198202311817098, 2.044793098596838, 0.6373353130795771, 2.0417867133104433, 3.2167132297750882, 2.512866563261946, 2.415400708568018, 2.9280443678906543, 2.2798707370224163, 2.2973889291281693, 2.675796731053192, 2.060416392870912, 2.402914447500925, 2.9067756114762178, 2.164224841386518, 1.9392954826623823, 1.618638551766622, 2.2185468653051617, 2.159973905699614, 3.125834097075226, 2.031900734066932, 4.205533186405026, 2.0479691205801416, 3.4288080840926085, 2.615250911334466, 2.1384984955643898, 1.4888453722499162, 1.6603768264131298, 2.8286686542048987, 2.3414905423672954, 2.3693128545827946, 2.8711814909625164, 1.8534149379727833, 2.580582427870081, 2.6019569841660823, 2.866366212506911, 1.6861272172206996, 1.9273835784165394, 2.390831461571058, 2.5071518663714674, 2.3096350884824184, 1.494279369840015, 2.2222249310377116, 3.116621524295708, 2.838296050065917, 2.542467788766533, 2.135556075068682, 2.8157801153078914, 1.8173698988313582, 1.7967365051734472, 1.9905122706751075, 1.744507729092514, 1.8628362702805839, 2.0740258314174036, 1.986163191742875, 3.2425216435635273, 2.850809621683479, 1.6889951440178574, 2.2546694246228793, 1.5960519232494639, 2.9363076566972, 3.464715777894526, 2.892741504800063, 2.97937087720727, 1.729687986929454, 2.815979297189602, 1.7433633654292784, 3.237007120130658, 1.6962453907225221, 2.002807882286648, 2.223456936942676, 2.3301407397196865, 3.1846175844039903, 2.120211346937409, 3.794411636197192, 2.2753632193169393, 3.2127627693279797, 1.9424389982501673, 1.9598792794426352, 1.9792515331321747, 3.8316287124610002, 3.1352229103689804, 2.6360844637652012, 2.643662890039894, 1.6074517160834778, 2.178913116008569, 1.9285425430467664, 4.436226895115865, 2.0693005875159063, 3.0787805205956276, 2.315668400307649, 1.899821887702742, 2.219587713499052, 1.315110231260157, 2.354634939849632, 2.428304145916856, 2.2071799704233572, 2.1506298122400676, 3.448900039361334, 2.969504741901067, 2.286728097708199, 2.103527641923832, 2.273877484492337, 1.9460018977330569, 2.7639304644599916, 2.068889556524786, 2.2792392827114014, 2.088812249284782, 2.6802882976324534, 3.065840601448037, 1.78155842632709, 1.8099054697768087, 2.830000840261933, 2.8962580124409905, 3.832296036674096, 2.1392593935209674, 2.010510604731384, 2.8722603697743327, 3.9518986060187395, 1.840552854711246, 2.667495622907197, 4.245258871750428, 1.9034332082003238, 2.0499965294334777, 3.604947938573551, 2.4502576276476806, 2.397097319637746, 1.9625059354974324, 3.5962039547154756, 1.9486439823197608, 1.5393516644653569, 2.324681412330951, 2.3523627481959637, 2.501649863967961, 2.398162409153518, 1.5745793008997637, 2.235883079268177, 2.045575822538187, 2.322514677310328, 2.0003471656662715, 3.5210053457322226, 2.734717884352609, 2.2899852716910996, 2.7429050100246055, 1.8670890639235087, 4.079939458983104, 1.7789926525111934, 1.624252740100794, 2.51060586034989, 2.3408248534785265, 3.0270717964648504, 1.853800708902925, 2.261630130071391, 3.173945536904009, 1.9833456253697541, 2.2767320244150695, 2.266637415976222, 2.3028266160362643, 2.3365942246308125, 2.6456121268052706, 1.900645402108796, 2.228923516255138, 2.0759097273948637, 3.0264034408327705, 4.179464391760633, 2.162974139205634, 2.2444405216449272, 2.752181857334906, 2.5886575018600557, 2.2596752924979113, 1.8435093871221553, 2.7013612722570297, 2.8563470319705395, 2.2802024504105565, 2.32233827780514, 1.6244065492233388, 2.7292455669529208, 2.201229794885531, 5.121933927382731, 1.643701124646198, 4.1204467750603895, 2.9600508148596063, 1.904055206840881, 1.7462182747208759, 2.813776876431245, 3.146828559491185, 2.2983778617018267, 2.753402914968807, 2.5043087441750878, 4.600341321943261, 2.109231385773758, 2.3525458895854388, 3.2710033391860436, 1.8512916270936555, 1.3473293748486168, 2.6531022844927334, 2.0366384309508305, 1.8734736381634016, 2.376855312069157, 1.6775808990989138, 2.755005561100544, 2.573264442475177, 2.265102215819375, 2.004957243318108, 1.5407188803683456, 2.8808298814258317, 2.222723941424398, 2.115391415298578, 2.1921524451789915, 2.6179226373395355, 2.884001623023006, 1.3939966913462838, 4.615529559869891, 1.8253621565502924, 2.443982982420841, 2.8895148044916867, 1.7492491427399468, 2.574735347191838, 3.210752042801454, 2.344357073666178, 2.0348321788460377, 2.402004935302631, 1.9254246246737974, 3.005999103133831, 1.8650588380674822, 2.307748494365496, 2.292235205346472, 2.9362307492690722, 2.6816014926155085, 3.7607085762329486, 2.3110061783878355, 2.5047498913466453, 1.8026047433261547]"
2.75,3000,0.615353411844876,0.615353411844876,0.011488914489746094,0.32810139422700674,"[3, 2, 2, 2, 2, 4, 3, 4, 3, 2, 3, 2, 2, 3, 2, 2, 4, 1, 3, 3, 3, 2, 2, 3, 3, 3, 2, 1, 3, 2, 2, 4, 2, 1, 2, 2, 3, 3, 2, 2, 3, 3, 2, 3, 4, 2, 3, 2, 2, 3, 2, 2, 4, 2, 2, 2, 2, 4, 2, 3, 3, 4, 2, 3, 2, 3, 2, 2, 2, 3, 2, 3, 3, 1, 3, 1, 2, 2, 3, 2, 1, 2, 3, 2, 2, 3, 1, 3, 3, 2, 4, 2, 2, 3, 2, 2, 4, 2, 1, 2, 2, 3, 3, 3, 2, 4, 4, 2, 3, 3, 2, 3, 2, 4, 3, 4, 4, 2, 2, 2, 2, 2, 2, 2, 2, 2, 1, 3, 3, 2, 2, 2, 2, 3, 4, 3, 2, 2, 1, 1, 2, 2, 2, 5, 3, 2, 1, 2, 2, 3, 1, 2, 4, 3, 4, 3, 3, 3, 2, 1, 2, 2, 2, 2, 1, 2, 2, 2, 3, 4, 1, 3, 2, 3, 2, 2, 2, 1, 2, 4, 2, 1, 2, 1, 1, 3, 2, 2, 4, 2, 3, 1, 2, 2, 2, 1, 1, 2, 2, 3, 2, 2, 3, 3, 3, 4, 1, 3, 3, 1, 3, 3, 2, 2, 4, 2, 2, 3, 3, 2, 3, 3, 2, 1, 3, 2, 4, 3, 2, 2, 4, 3, 2, 2, 2, 2, 2, 3, 2, 3, 2, 2, 1, 2, 2, 3, 2, 4, 3, 3, 2, 2, 1, 2, 3, 2, 2, 3, 2, 3, 2, 5, 1, 3, 4, 2, 2, 2, 2, 4, 4, 1, 4, 3, 3, 3, 3, 2, 3, 3, 2, 2, 4, 1, 3, 3, 3, 2, 2, 2, 4, 3, 3, 2, 2, 1, 2, 3, 3, 3, 1, 4, 2, 2, 2, 1, 2, 3, 1, 1, 1, 1, 3, 2, 3, 3, 4, 3, 2, 1, 5, 2, 3, 2, 2, 1, 3, 2, 2, 3, 3, 2, 4, 3, 3, 2, 4, 2, 4, 4, 3, 1, 3, 3, 3, 2, 2, 2, 2, 2, 2, 4, 2, 1, 2, 1, 1, 4, 3, 2, 1, 2, 4, 4, 1, 4, 3, 3, 1, 2, 3, 2, 3, 3, 2, 3, 2, 2, 2, 3, 2, 3, 2, 4, 1, 3, 3, 3, 1, 2, 2, 3, 3, 3, 2, 4, 3, 2, 3, 3, 1, 1, 3, 2, 2, 3, 3, 2, 1, 3, 3, 2, 3, 3, 3, 4, 2, 2, 1, 2, 2, 3, 1, 3, 3, 2, 2, 2, 2, 4, 3, 3, 2, 2, 4, 2, 2, 2, 3, 2, 1, 3, 2, 3, 2, 3, 1, 4, 3, 3, 3, 2, 2, 3, 4, 3, 2, 2, 4, 2, 1, 2, 2, 2, 2, 2, 3, 3, 2, 2, 1, 3, 2, 2, 1, 3, 2, 1, 2, 3, 3, 3, 2, 2, 2, 4, 3, 3, 4, 3, 2, 3, 3, 3, 2, 2, 3, 2, 2, 3, 2, 1, 3, 2, 2, 3, 2, 4, 4, 4, 3, 1, 3, 3, 2, 3, 3, 2, 2, 3, 3, 2, 3, 3, 2, 1, 3, 2, 1, 2, 2, 2, 2, 2, 2, 2, 3, 1, 5, 3, 1, 2, 2, 3, 1, 4, 1, 3, 3, 2, 1, 4, 2, 2, 3, 1, 3, 1, 3, 2, 1, 2, 3, 3, 2, 3, 3, 3, 3, 3, 3, 3, 2, 3, 2, 1, 4, 3, 1, 4, 1, 1, 4, 2, 3, 4, 2, 2, 1, 3, 2, 2, 3, 3, 1, 3, 5, 3, 3, 2]","[3.1831675707550344, 2.440460449651663, 2.420915068223903, 2.7281476401723372, 2.1520842574041974, 2.7101837083435103, 2.036256825611833, 2.974936400468345, 2.554453471395344, 2.1480251645399315, 2.4216566152377488, 2.353829884013693, 2.197836044865813, 2.6165640817426827, 2.576179505196672, 1.9135770798052647, 3.131461612146241, 2.3618556227670275, 2.339030960289946, 2.473548263955575, 2.361744565292231, 2.621601724469586, 2.1049060844342815, 1.8490754530920235, 2.1424640247177145, 2.7056038431717546, 2.5742227026834867, 2.3419949737110133, 2.161300298372816, 2.3330151520879974, 2.1875546508545805, 4.244188937283267, 2.1986012003382283, 2.139056667180712, 2.5683487993177683, 2.0475606708006384, 2.080386252535432, 3.738509234281267, 1.9236371177079974, 2.2473255053400427, 2.126596257682956, 2.6154434487547515, 2.113303797080948, 2.556152019838032, 2.537127163274684, 3.200475047279985, 2.186265891296851, 1.9133180379004822, 2.029668417467154, 3.0835720014739634, 2.279177644022446, 2.2339803643773255, 3.9089835327155176, 2.6051681198650356, 1.8996605806093236, 2.1259738639116095, 2.2757464874159745, 3.9723922757975734, 2.281636101063036, 2.421046698009888, 2.698137113049188, 3.1723308204604415, 1.9780217189177787, 2.2037794250365503, 3.0132084332389635, 2.0792381081176434, 2.055892208894195, 2.6489895678464532, 1.9566363705562684, 2.5858043809477422, 2.768406046309057, 2.4886140387743936, 2.4521355776249103, 1.7332686850299441, 2.135634711605824, 1.8758143341523774, 1.8488919050533719, 2.4745373197809366, 2.352526281372328, 2.332762639512821, 1.8849389429545054, 1.9353939722524123, 2.2808055410462647, 2.179844337599748, 2.500428597985456, 3.2602665263806347, 2.2721803018491293, 2.3568328229320317, 2.3901552923977647, 2.3041925206037512, 3.17452807287801, 2.7118954930803163, 2.6664577034484385, 2.1858614401346186, 2.1295355217270924, 2.0181732141591064, 4.000253112656601, 2.077839007138402, 2.3181939226365764, 2.5371149626175344, 2.4030542978234983, 2.264093015200136, 2.51063221583626, 2.122589511023251, 2.183989599741893, 2.848922188458765, 2.385168439897886, 2.3926963854977763, 2.253861437228219, 2.7329926404594014, 2.194350684267582, 2.0771770111595123, 2.1089709550837683, 2.7276701187470875, 2.113592591929239, 3.9287323178009985, 2.7750346846167995, 2.121430003226567, 2.167482282254837, 2.4244980963953964, 2.318432175981658, 2.2367477866173626, 2.6312099366132995, 2.282011634058235, 2.2070459862344496, 2.1371655892888306, 2.362992336482351, 3.009480662452769, 2.0234265856064253, 2.0472540997138493, 2.0603374054158388, 2.2833413186342493, 2.0635664732397894, 2.969276892094664, 4.2164721354742, 3.880713111075739, 1.9518368106974637, 2.172075189289859, 2.469051112074684, 1.701556832441677, 2.5239739395532603, 2.177860650919008, 2.1799446912736062, 3.9408071260742634, 2.8198097877467916, 2.1033445665302115, 2.3951994224290774, 2.0449264864363927, 2.1273862775261105, 3.388674630439967, 2.1164356736840313, 2.2115890493719332, 2.919653137748597, 2.083175540105409, 2.5819024367386456, 3.3776625436670322, 2.470636343881238, 2.6088992149167547, 2.514384806766624, 2.3323091152606024, 2.5182202726791787, 2.7711591020636517, 2.448619122930396, 2.331624378020852, 2.2603137001769382, 1.9431508381789626, 2.553229559587854, 2.288614850685748, 2.2958697842984916, 2.4102747909362274, 2.0214678407249504, 2.6338865871870643, 2.4303838143871146, 3.671164148195879, 2.3565461309166893, 2.1819135187829923, 2.5603678767098823, 2.059000711751588, 2.076934993948842, 2.652013277179543, 1.905146416751311, 2.0231519979507064, 2.285508108107181, 2.5609157050649825, 1.9244856222400055, 1.5266866618181194, 2.4388768385221, 3.016038449107228, 2.585182757682412, 2.295864594310226, 3.0023434173408843, 2.068081954480585, 2.248131028643588, 1.9090859078789053, 3.4169686977335263, 1.999147063262836, 2.0446536305816796, 2.042249720086971, 2.131889841148389, 2.5105602597515984, 1.9098649155260479, 1.9267026393369273, 2.2830125934229124, 2.7302005519521866, 2.658299206577942, 2.0285851705978226, 2.5497694179157757, 2.069403511384163, 2.241509737645979, 2.253406315292685, 2.6871053865693284, 2.955576609388059, 2.1202690043424033, 2.1425850921171596, 2.8390570703715525, 2.148888637555874, 2.166675989261956, 2.3233735086898553, 2.6216777242094, 2.24248911848469, 2.453737670997744, 2.572230754872134, 2.700010552104161, 2.411359439979724, 2.8095139237410978, 2.1721302604793262, 3.8073289924450955, 2.244506376532839, 2.0350253291869183, 2.1958347036005432, 3.80898251864656, 2.4148014871282393, 2.6267420736649094, 2.1185558904053985, 2.560837734866741, 2.35084634181376, 2.821339061868172, 2.1638579968438063, 2.12835217857104, 2.543368968592489, 2.36371327702596, 2.0837110084914787, 2.188428609488052, 2.4093326322716027, 2.30446037869545, 2.6400504301881007, 2.562987655458577, 2.3778677135557844, 2.3548524827286434, 1.888104433412626, 1.8552350863614142, 1.880855390644015, 2.7552721606819786, 2.2760972143450773, 3.552771556335683, 2.0211972861261653, 2.6930837178044644, 2.58598666382451, 1.9483324459639537, 2.345259286276401, 2.2208255316607843, 2.522735614121056, 2.222183875081799, 2.579437778523952, 3.3743945994188502, 2.1133900026487273, 2.2698604940892517, 2.4384176665366017, 2.150155641912925, 2.2339867817999406, 2.2954975290695097, 2.4344846429005442, 2.4225349865888575, 2.2613003494259196, 2.7775929381440934, 2.2231503878721957, 2.186219261856122, 2.445812656486652, 2.6606917438581483, 2.5027120567696017, 2.8126701801616343, 2.3149795963957605, 3.5607456374725572, 2.0393707070111597, 1.61224138686105, 2.1907093215390234, 2.3325994274739497, 2.395891333165136, 2.9146118281326534, 2.7643690285253344, 1.8650213062977636, 2.4215504826604533, 2.096202777211115, 2.4123588234787463, 1.944236210908622, 2.252643965639937, 2.1430609643875975, 2.015352535640361, 2.134689388553311, 3.791423600403529, 2.059554877013961, 2.982770045183339, 2.740573047917175, 2.515430080503377, 2.44487138834865, 3.721279662353207, 2.180499241380647, 2.2790625669104028, 2.0996547873420908, 2.086215657504714, 2.0187609872758716, 2.350151939334336, 2.1083480588795345, 1.9797774473835283, 2.133160226461257, 2.5009329204685073, 2.2731447058059326, 2.1768083680940187, 2.189526806696368, 2.209089346616513, 4.200651285998315, 2.38630586286705, 2.5246928196238594, 2.374771573597072, 2.2684535539306463, 1.9137196873087963, 2.1905400827257666, 2.149003767291333, 2.5527633765056024, 2.4905820640508747, 2.7906182559088886, 2.4372756918675633, 2.505244451393252, 2.603872717918788, 2.6511098190462863, 2.1380111788109257, 2.1677257760113555, 2.1259516712428472, 3.0556949928422474, 2.2876370461015028, 3.0177746749482255, 2.0522823147000966, 2.6036112249457064, 3.101734671153401, 2.3990998997656816, 2.3349830375655602, 1.8962070733902214, 1.9525636561644062, 2.4805798159817747, 2.6697205534041655, 3.0259983842601623, 2.488052588891697, 2.487679571785459, 2.2872346692943983, 2.2584516581626453, 1.8280498851538227, 2.375783442234637, 4.482244987194036, 2.470717475733672, 3.184670819189177, 2.1001745606621167, 2.0418175987343314, 3.94586687235953, 2.29280943470996, 2.0436447060177416, 3.361300634726131, 2.6795568974554866, 2.2460570220398157, 2.083940883117729, 1.6396269183837706, 2.326065517937083, 2.3728912618606994, 2.291824890228824, 2.222084860552198, 2.481230574798749, 2.4666424978134156, 2.5107626989003218, 2.3487421531963695, 2.127989596393812, 2.2534147322363136, 2.5808759381055197, 2.1700320213301296, 2.194202665678548, 2.378132040559877, 2.3317756781224346, 2.2399305468153456, 2.4789419864618334, 2.0808748598725924, 2.8108679089682265, 1.9655291468470215, 2.8789932602272774, 2.3005772438019703, 2.2594425432973853, 1.9611122314445713, 2.238655495960715, 2.8092311269922883, 2.1518960170500723, 2.2431251663272023, 3.427571421974867, 1.9848646535572656, 3.2511571684993577, 2.5144306932580234, 2.5310677438802336, 2.246187705125386, 2.1891633312409393, 2.581996420961662, 2.2518180776628367, 2.3279042483452916, 1.9987022824942704, 2.22598526518554, 2.730772084462794, 2.4170857343325647, 2.5606856380163987, 2.1223032163162987, 2.7748144752302237, 2.155080438280695, 2.1400530076263973, 1.9222116175423563, 2.050424123726894, 2.241468889859137, 2.3831577051786983, 2.3611418293727593, 2.6055845006470766, 2.3828662222212937, 2.0156864941442727, 2.023168690423567, 2.0020339526245916, 2.7725505243632473, 2.837608329407252, 2.4236794081910524, 3.014770097207945, 2.0110048910386573, 2.5511985686910106, 1.910442235568853, 3.96181772552853, 1.8551055654090227, 2.1458635203673917, 2.2621074121081364, 2.212647182759027, 2.615230074179028, 2.217362432564785, 4.032044929139881, 2.2001789347028606, 2.585061436289039, 2.2623355627454607, 2.0249555897546117, 1.9969093240423545, 3.0441088776801983, 2.5179135943370405, 2.414930430813629, 2.7860704430016727, 2.03968697122955, 2.433683148588184, 2.0876998692600086, 2.9271491342041553, 2.354492894727668, 2.5338880375543114, 2.071491903204222, 2.000790487892641, 2.1450028165617985, 2.0074957008846197, 2.8197655484753064, 2.3319315022290477, 2.2120518810944043, 2.23666539185736, 2.783631007656546, 2.4730885936040656, 2.1472614655335174, 2.291595400447242, 2.7239478556299064, 2.165182566068587, 2.236763324556219, 2.2081115661778634, 2.243308858727784, 2.2777771460915655, 2.759417722501807, 2.4913969896341808, 1.9206001860905981, 2.0462548157804306, 2.5575264844655505, 2.510167013207712, 3.8871808322804737, 2.0812495331290406, 2.294792094314227, 2.9701055940048193, 2.9677181753597464, 2.4242916582046465, 2.431721715208785, 4.110673324555307, 2.323563675861731, 2.2430215851132145, 3.911893631878449, 2.3793554115873485, 2.795436707995981, 1.9138776058503846, 2.728545892414781, 1.9009180706751696, 1.9787558634036637, 2.3697293769700494, 2.273487992179361, 2.401657306568152, 2.626026677542645, 1.9501515401100336, 2.4872545044060126, 2.084214316239444, 2.3919126344216437, 2.1127837603731394, 3.436914924401799, 2.7349206786836717, 2.4011010486086177, 2.3721854455792095, 1.879095531612959, 3.612198951131653, 2.026779161884667, 2.0441065719159153, 2.6644498895427264, 2.7116431727303913, 2.587207881133431, 2.0886040222484867, 2.4182097118629504, 2.6771070115560627, 2.102515645335381, 2.216581773951397, 2.125747175883946, 2.186229439397995, 2.377362562099822, 2.4153993891068755, 2.5236080740509226, 2.0440880319887267, 2.1751778435936653, 2.629035098511936, 4.031649650728495, 2.392423337220729, 2.0466094891281448, 2.304042648559743, 2.5106438378428435, 2.1233150602223745, 2.5663571244440924, 3.9174647646322844, 2.671784335646212, 2.5761423822687717, 2.1095136907618923, 2.454123133737488, 2.4875154301784863, 1.9958226921514575, 4.43428125198356, 2.015208815893371, 4.105041794339237, 2.5681836462596097, 2.6145220338384916, 2.0559419541651445, 2.726847013562275, 2.6290431487558465, 2.5076356159560462, 2.5272974374662853, 2.1016988751229446, 4.472888587354398, 2.0350679255707136, 2.8634042480228623, 2.5769830083145906, 2.052035747600986, 1.983059222111112, 2.3851835929920746, 2.2644712647822685, 1.9541590068887718, 2.6914363688444127, 2.5383048060740414, 3.5619335425390197, 2.3572934145771307, 2.3123473428413934, 2.150085987084191, 1.9078499527331814, 2.500428650608872, 2.293214238173292, 2.215678660183697, 2.0712831331488717, 3.07880309816861, 2.5729192464275794, 2.0707452917247444, 3.9187951486806014, 2.080404774317671, 2.3034531859325176, 2.805779568728015, 2.016388703259492, 3.087565329557232, 3.2905556356722228, 2.1903245044024877, 2.260655343662677, 2.368849946618496, 2.086916317725072, 2.9141385279985883, 1.9854615932271487, 2.335922842277221, 2.6160366793133143, 2.591165658212168, 2.38646172519846, 2.7567319939005577, 2.2213079272601837, 2.588121484264991, 2.4121979473702235]"
3.0,3000,0.6598721873345509,0.6598721873345509,0.010971784591674805,0.34283202593905693,"[3, 2, 2, 2, 2, 4, 3, 4, 3, 2, 3, 2, 2, 3, 2, 2, 4, 1, 3, 3, 3, 2, 2, 3, 3, 3, 2, 1, 3, 2, 2, 4, 2, 1, 2, 2, 3, 3, 2, 2, 3, 3, 2, 3, 4, 2, 3, 2, 2, 3, 2, 2, 4, 2, 2, 2, 2, 4, 2, 3, 3, 4, 2, 3, 2, 3, 2, 2, 2, 3, 2, 3, 3, 1, 3, 1, 2, 2, 3, 2, 1, 2, 3, 2, 2, 3, 1, 3, 3, 2, 4, 2, 2, 3, 2, 2, 4, 2, 1, 2, 2, 3, 3, 3, 2, 4, 4, 2, 3, 3, 2, 3, 2, 4, 3, 4, 4, 2, 2, 2, 2, 2, 2, 2, 2, 2, 1, 3, 3, 2, 2, 2, 2, 3, 4, 3, 2, 2, 1, 1, 2, 2, 2, 5, 3, 2, 1, 2, 2, 3, 1, 2, 4, 3, 4, 3, 3, 3, 2, 1, 2, 2, 2, 2, 1, 2, 2, 2, 3, 4, 1, 3, 2, 3, 2, 2, 2, 1, 2, 4, 2, 1, 2, 1, 1, 3, 2, 2, 4, 2, 3, 1, 2, 2, 2, 1, 1, 2, 2, 3, 2, 2, 3, 3, 3, 4, 1, 3, 3, 1, 3, 3, 2, 2, 4, 2, 2, 3, 3, 2, 3, 3, 2, 1, 3, 2, 4, 3, 2, 2, 4, 3, 2, 2, 2, 2, 2, 3, 2, 3, 2, 2, 1, 2, 2, 3, 2, 4, 3, 3, 2, 2, 1, 2, 3, 2, 2, 3, 2, 3, 2, 5, 1, 3, 4, 2, 2, 2, 2, 4, 4, 1, 4, 3, 3, 3, 3, 2, 3, 3, 2, 2, 4, 1, 3, 3, 3, 2, 2, 2, 4, 3, 3, 2, 2, 1, 2, 3, 3, 3, 1, 4, 2, 2, 2, 1, 2, 3, 1, 1, 1, 1, 3, 2, 3, 3, 4, 3, 2, 1, 5, 2, 3, 2, 2, 1, 3, 2, 2, 3, 3, 2, 4, 3, 3, 2, 4, 2, 4, 4, 3, 1, 3, 3, 3, 2, 2, 2, 2, 2, 2, 4, 2, 1, 2, 1, 1, 4, 3, 2, 1, 2, 4, 4, 1, 4, 3, 3, 1, 2, 3, 2, 3, 3, 2, 3, 2, 2, 2, 3, 2, 3, 2, 4, 1, 3, 3, 3, 1, 2, 2, 3, 3, 3, 2, 4, 3, 2, 3, 3, 1, 1, 3, 2, 2, 3, 3, 2, 1, 3, 3, 2, 3, 3, 3, 4, 2, 2, 1, 2, 2, 3, 1, 3, 3, 2, 2, 2, 2, 4, 3, 3, 2, 2, 4, 2, 2, 2, 3, 2, 1, 3, 2, 3, 2, 3, 1, 4, 3, 3, 3, 2, 2, 3, 4, 3, 2, 2, 4, 2, 1, 2, 2, 2, 2, 2, 3, 3, 2, 2, 1, 3, 2, 2, 1, 3, 2, 1, 2, 3, 3, 3, 2, 2, 2, 4, 3, 3, 4, 3, 2, 3, 3, 3, 2, 2, 3, 2, 2, 3, 2, 1, 3, 2, 2, 3, 2, 4, 4, 4, 3, 1, 3, 3, 2, 3, 3, 2, 2, 3, 3, 2, 3, 3, 2, 1, 3, 2, 1, 2, 2, 2, 2, 2, 2, 2, 3, 1, 5, 3, 1, 2, 2, 3, 1, 4, 1, 3, 3, 2, 1, 4, 2, 2, 3, 1, 3, 1, 3, 2, 1, 2, 3, 3, 2, 3, 3, 3, 3, 3, 3, 3, 2, 3, 2, 1, 4, 3, 1, 4, 1, 1, 4, 2, 3, 4, 2, 2, 1, 3, 2, 2, 3, 3, 1, 3, 5, 3, 3, 2]","[2.6242905545617585, 2.4693970915634154, 2.2712787509177437, 2.6440949448147637, 2.0337095412285047, 2.6726236118773468, 2.2436421512657128, 3.432368831546931, 2.5164437171122938, 2.1707281881930975, 2.59629969669502, 2.3833668990530263, 2.25068650796871, 2.614961616267207, 2.5982346795021143, 2.141954553363404, 3.0003354507512032, 2.412831569472067, 2.4313914218522785, 2.231095071049186, 2.73341647339801, 2.282750011660987, 2.1074030897931912, 2.130522872976031, 2.150546885088149, 2.4637354285136994, 2.357332725753376, 2.538479117341768, 2.3212597273696445, 2.085851315304357, 2.2018634752029684, 4.456885109034536, 2.3415997163000495, 2.2799448323528466, 2.556512777692112, 2.34595252683081, 2.1570388578943525, 3.61959042963644, 2.0442392118637844, 2.2367860132825053, 2.2252773645170016, 2.560333259884746, 2.188794306435904, 2.4476962012081556, 2.260699755223897, 2.9289683709079104, 2.172390582806384, 2.141768141902832, 2.1232304632793895, 2.894419784267012, 2.319968778328587, 2.4881933696404515, 4.022483282400165, 2.55293893861539, 2.1669248887488415, 2.2974884217283233, 2.1065513280636656, 4.136455313406077, 2.3109906154637523, 2.4554265882127693, 2.3049769809207334, 2.881316322875731, 2.0483904890965956, 2.2899483886646674, 2.6823597156809647, 2.7758039359539888, 2.1743973919730997, 2.549488770733765, 2.033001187407151, 2.4775650096439676, 2.3932178678802036, 2.3990945909601336, 2.128498016944335, 2.501561335874904, 2.091841960072293, 2.1497646781839634, 2.680012269326575, 2.204911603370982, 1.9680419471718855, 2.3843544067966316, 2.0513761841878337, 2.192639314115523, 2.302303227961695, 2.158640955971636, 2.409215331451473, 3.0968483979328507, 2.444125690333095, 2.4204812768377244, 2.162994208585931, 2.266929773638601, 3.688579052108161, 2.019417311574167, 2.4947784684281435, 2.155951636219811, 2.166551246236171, 2.0772842654852552, 4.091935256482902, 2.1552058118653945, 2.329208615437587, 2.962645673466336, 2.4801529480784574, 2.3333511904011814, 2.484909111698864, 2.1578024502565456, 2.4091444561036752, 2.670165328709685, 2.035645329588476, 2.365055342882279, 2.221033617823422, 2.3300596785599215, 2.169079997763668, 2.1547294270217106, 2.239489073949582, 2.4515769908628737, 2.323532029993495, 4.137332572514363, 2.4947899846602515, 2.1865747182027606, 2.1497449868254503, 2.3438269893791, 2.46126151903399, 2.0946350202587865, 2.726547942481039, 2.4188417000450224, 2.2239480043670206, 1.9960562334227046, 2.4486344819551884, 2.4294176945356805, 1.9761099557728, 2.205855276803888, 2.19643325547118, 2.402611815983045, 2.241800060683267, 3.013940793104272, 3.3531315671018422, 3.7411692497396114, 2.223277402261996, 2.337103243719216, 2.3866039926463096, 2.9157465776293496, 2.5203125789377983, 2.3062816597102684, 2.2286829959075245, 4.041067097930303, 2.4021580505528752, 2.130485482893102, 2.518060431976999, 2.096536426885441, 2.2096979818875107, 2.683388817276209, 2.2879354393757882, 3.056138148224651, 2.7748865870247448, 2.951920844769129, 2.7406423908571784, 2.655071546650132, 2.420049712205689, 2.4910008160961423, 2.5268078218290757, 2.067576582029645, 2.4139288567260917, 2.7514875717526, 2.1162905545314175, 2.3189752144861644, 2.2353537434561552, 2.1982213017404293, 2.2873425396353304, 2.2610980273960393, 2.1812937964227377, 2.0725178454718574, 2.254579699986697, 2.3491443443444613, 2.309304895908061, 2.5771653176560725, 2.4267774143846075, 2.3457703461803137, 2.5906696587187983, 2.1766343294999637, 2.130317670198606, 2.6242606213947157, 3.212908954675734, 2.185821827890305, 2.1738373379998577, 2.4161393275491743, 2.1498045470919362, 2.6758234005763666, 2.5732122303006406, 3.1859436879583765, 3.304977352249602, 2.2905618418513587, 2.9892924032935806, 2.1131995402221273, 2.3073355066388395, 2.0526049015865846, 3.745000051974717, 2.238517245800743, 1.9913853393474499, 2.0946101751261974, 2.2747874486103545, 2.484857330737594, 1.9993435625816514, 2.0114603075188313, 2.3216042740447085, 2.3630353505577006, 2.8456275544164837, 2.278506975552578, 2.41134259236378, 2.1464240086294915, 2.1115074105277802, 2.512888461232177, 2.6307080577098167, 2.8330335892976506, 2.2422187834057796, 2.2017983208161405, 3.117838550159969, 2.171349559728337, 2.2191345866493366, 2.3851391113848712, 2.608933029515247, 2.2817270046086184, 3.2976827507969495, 2.521146886194659, 2.178751571124607, 2.1260814527316723, 2.9044359275464426, 2.2230595835136024, 4.116951674392834, 2.354241186038543, 2.0894113666146894, 2.42417086372068, 3.0046019974605684, 2.3459776808893675, 2.8433112083552285, 2.1764167514006356, 2.863197407225329, 2.404909082397757, 3.2631316634921825, 2.2962050846471267, 2.1915560466769346, 2.2678897615547835, 2.471173973774978, 2.089461591714916, 2.358548429622701, 2.377027101127903, 2.362400309673651, 2.5537718073928564, 2.487600165823861, 2.4921294301878545, 2.3474991087572, 2.1586088663688794, 2.099970549965688, 2.145302617121538, 2.565130469028908, 1.9921405217904655, 4.137534827341844, 2.29849847071839, 2.91214650578142, 2.6994680110727955, 2.0620104377716486, 2.4267448880087965, 2.221475610468352, 2.4236491227943677, 2.0841545536977386, 2.324513427094907, 3.0783079246661713, 2.2372685235083676, 2.454790882079832, 2.3279874190831267, 2.067306584761524, 2.276701262910758, 2.4000639402839283, 2.4790501171284416, 3.3693416112530983, 2.4712811822841263, 2.5811929232148625, 2.233918276848441, 2.2331982957302685, 3.306962778949053, 2.17307584879066, 1.9846093402823834, 2.626877770990105, 1.9410226415811995, 3.898378744785174, 2.232478029855618, 2.754608456967185, 2.2364294277135164, 2.222811844025596, 2.525060790597154, 2.876654207470003, 2.6190277342195656, 2.072027987403353, 3.062384697602206, 2.063465993296333, 2.56380631947946, 2.8627071279839544, 2.442370036452605, 2.0272162086852465, 2.0752544518034712, 2.182626141454177, 4.423356648464556, 2.3357782745782414, 2.6615077052920477, 2.443158538651078, 2.745559191985274, 2.6075957413330126, 4.0139020693785445, 2.3178573943956917, 2.4232219420249157, 2.1197720528239423, 1.9863092492819465, 2.201498989344429, 2.3737323454134485, 2.3035785631181347, 2.0496539445515833, 2.2229815800708286, 2.4079594915295575, 2.409834781919058, 2.051501479520877, 2.2678519186686845, 2.2604033569621436, 3.791014668609185, 2.397060273467363, 2.4250575649409116, 1.7606818343109105, 2.3364891166541435, 2.090924368787428, 2.175466371905822, 2.1714324092663695, 2.534033003018727, 2.473169762777175, 2.8908382471169407, 2.3836766801698426, 2.5606249065105504, 2.5869916546075853, 2.710830061005056, 2.3125901366539976, 2.0933959861365774, 2.1306060877206754, 3.019604671632351, 2.3502939209287255, 2.6613897430616618, 2.32086784598703, 2.651804264118407, 2.507074789865004, 2.4746181683204744, 2.298247273650814, 2.094469856017771, 2.030070384999269, 2.718893027386724, 2.639755244138155, 2.7384108750490204, 2.4336754727572827, 2.223497571988348, 2.245049627660448, 2.3292915630376134, 2.1153924760929375, 2.3787408251894204, 4.156168631345807, 3.3771509376672038, 3.1070083731449896, 2.101309075653492, 2.1642690359486876, 4.027485920485031, 2.3582924439876605, 2.2705385922501113, 3.839910867897749, 2.5015157764911504, 2.155156050033774, 2.1595968373810903, 2.380353019491477, 2.857599434506641, 2.9531722386620505, 2.3533075728746393, 2.3381062385068105, 2.5337209575140522, 2.5559819405113373, 2.310078450953874, 2.3942663132392092, 2.1240144221686075, 2.3256668957487134, 2.500472912795583, 2.2656631178290376, 2.0505599696406347, 2.2743204735267706, 2.242117269391523, 2.245993597016605, 2.602043869535777, 3.0793945522578086, 2.268240239578179, 2.8366055810234885, 2.6891474271316014, 2.4736892227397007, 2.1459515087384, 2.0012371899030903, 2.1148133542287195, 2.3553156656028245, 2.243483550499534, 2.5324166684057405, 2.8539047701205313, 2.247044863484926, 3.946343758288104, 2.8298335268976222, 2.499614904699544, 3.5351380196555, 2.2191375022474342, 2.2940588829091966, 3.079718643802832, 2.274316226970252, 1.993302790775483, 2.2709432200175343, 2.724011563247238, 2.4902502355261076, 2.3809888551780554, 2.3566955712508952, 2.7072301084349055, 2.1461671193795793, 2.060036537799216, 2.183153042010859, 2.065507719031414, 2.3105679947859303, 2.2187998806511335, 2.2820552181820877, 2.4617294389385096, 2.5329059300480727, 2.730070990960325, 2.3349020423522435, 2.1544454809587825, 2.4311852245444108, 2.0076038584256697, 2.976274750493497, 2.6565384719924428, 2.0559779085393024, 2.443038903148526, 2.150445975192301, 4.161141458506309, 2.099877344235402, 2.319828084584044, 2.261952489280019, 2.985890923123198, 2.6742630019755653, 2.150654775882759, 3.9856392477410716, 2.208259028921593, 2.384010170308193, 2.0780635567913435, 2.243599268697648, 2.0861976233939576, 2.333756231251092, 2.5951036648645536, 2.451025206504819, 2.875662527509521, 2.006648253111414, 2.289595458536505, 2.206415341943903, 2.3169334996954443, 2.312255430655795, 2.5716142649714384, 2.2555930509665463, 2.180477376867858, 2.2035381611148126, 1.9296608776525668, 2.3763237049566373, 2.48062133917974, 2.181818114236088, 2.473946164697045, 2.227104748657113, 2.2415299286463615, 2.078669480751389, 2.2132027806183547, 2.172841577216994, 2.192203534449329, 2.4536238744910563, 2.223096055943011, 2.2177476624401784, 2.1241605243749406, 2.459377137700508, 2.9442661252235163, 2.1120236018883007, 2.4068929315744816, 2.6074304492449114, 2.471115567231408, 3.3121366260481175, 2.192645002724648, 2.4108205053257854, 2.474834293931234, 2.536633474915695, 2.4700647866703607, 2.2225311953433065, 4.294795496773767, 2.1759148885273194, 1.9726557175342294, 4.300139694052459, 2.353291864501239, 2.270040876864862, 2.161007833492332, 2.8004467368946315, 2.93648930918458, 2.0139338816064942, 2.3275277717917193, 2.2690494694286794, 2.320897042884556, 2.6324553831277218, 3.011148426528875, 2.3835556026441584, 2.1597936050339164, 3.0637294238413166, 2.2244661850426253, 3.759353734438761, 2.401416954912068, 2.33611858586356, 2.4111365504209754, 2.1521258900178752, 2.906561981453115, 2.0834772684531475, 2.025976577336853, 2.426021398311417, 2.198971806134879, 2.540014410682398, 2.0929826970812764, 2.2343470134789363, 2.537426823991159, 2.0895349886755663, 2.44872395707552, 2.224666349174016, 2.436064243887413, 2.2264787668418116, 2.1316869616476963, 2.9493876629100892, 2.203576914508008, 2.1364235019028204, 2.856895845470213, 3.8486394949891944, 2.2948890286393424, 2.23768719455938, 2.432069526688396, 2.6005880198251092, 2.22291615268309, 2.140175781860745, 3.98928458079926, 2.4447896861754743, 2.2871570857736856, 2.247969337606559, 2.55499945841105, 2.4198301473285566, 2.2361249653900694, 4.916168882478457, 2.040166116585876, 4.117815952946411, 2.1259090154960543, 2.0607528723602537, 2.1770908039388055, 2.430591904352629, 2.570119861564776, 2.6446723674013817, 2.4619168090339407, 2.3123154718027474, 3.965382474815967, 2.194396755076617, 2.6821426415773817, 2.1564564590233624, 2.1016523858589173, 1.94706083650033, 2.464603730410856, 2.2221977098141, 2.120025269021168, 2.417421962420494, 2.2039119550982456, 3.464485470303652, 2.4445334298226045, 2.263121183143678, 2.216324662069938, 2.0328784689611465, 2.512551344685833, 2.1218105723481546, 2.149443101389041, 2.1397184249626298, 3.2891141029223934, 2.7250493618012186, 1.9401915693138414, 4.70188276842878, 2.1489624857352814, 2.326690602920816, 2.6848513093675175, 2.0760000976457595, 2.9596182992870395, 2.83448934622733, 2.298032628761444, 2.173719473831466, 2.382879905612456, 2.107893748104093, 2.1390988731140377, 2.1237141870820238, 2.359184937735304, 2.5111831007288163, 2.507877590257193, 2.3864251198418884, 2.3649056119553964, 2.3025622308300395, 2.4733596475932336, 2.5974882438533915]"
-1.0,3000,0.5886215251044635,0.5886215251044635,0.0018768310546875,0.3314712553078728,"[3, 2, 2, 2, 2, 4, 3, 4, 3, 2, 3, 2, 2, 3, 2, 2, 4, 1, 3, 3, 3, 2, 2, 3, 3, 3, 2, 1, 3, 2, 2, 4, 2, 1, 2, 2, 3, 3, 2, 2, 3, 3, 2, 3, 4, 2, 3, 2, 2, 3, 2, 2, 4, 2, 2, 2, 2, 4, 2, 3, 3, 4, 2, 3, 2, 3, 2, 2, 2, 3, 2, 3, 3, 1, 3, 1, 2, 2, 3, 2, 1, 2, 3, 2, 2, 3, 1, 3, 3, 2, 4, 2, 2, 3, 2, 2, 4, 2, 1, 2, 2, 3, 3, 3, 2, 4, 4, 2, 3, 3, 2, 3, 2, 4, 3, 4, 4, 2, 2, 2, 2, 2, 2, 2, 2, 2, 1, 3, 3, 2, 2, 2, 2, 3, 4, 3, 2, 2, 1, 1, 2, 2, 2, 5, 3, 2, 1, 2, 2, 3, 1, 2, 4, 3, 4, 3, 3, 3, 2, 1, 2, 2, 2, 2, 1, 2, 2, 2, 3, 4, 1, 3, 2, 3, 2, 2, 2, 1, 2, 4, 2, 1, 2, 1, 1, 3, 2, 2, 4, 2, 3, 1, 2, 2, 2, 1, 1, 2, 2, 3, 2, 2, 3, 3, 3, 4, 1, 3, 3, 1, 3, 3, 2, 2, 4, 2, 2, 3, 3, 2, 3, 3, 2, 1, 3, 2, 4, 3, 2, 2, 4, 3, 2, 2, 2, 2, 2, 3, 2, 3, 2, 2, 1, 2, 2, 3, 2, 4, 3, 3, 2, 2, 1, 2, 3, 2, 2, 3, 2, 3, 2, 5, 1, 3, 4, 2, 2, 2, 2, 4, 4, 1, 4, 3, 3, 3, 3, 2, 3, 3, 2, 2, 4, 1, 3, 3, 3, 2, 2, 2, 4, 3, 3, 2, 2, 1, 2, 3, 3, 3, 1, 4, 2, 2, 2, 1, 2, 3, 1, 1, 1, 1, 3, 2, 3, 3, 4, 3, 2, 1, 5, 2, 3, 2, 2, 1, 3, 2, 2, 3, 3, 2, 4, 3, 3, 2, 4, 2, 4, 4, 3, 1, 3, 3, 3, 2, 2, 2, 2, 2, 2, 4, 2, 1, 2, 1, 1, 4, 3, 2, 1, 2, 4, 4, 1, 4, 3, 3, 1, 2, 3, 2, 3, 3, 2, 3, 2, 2, 2, 3, 2, 3, 2, 4, 1, 3, 3, 3, 1, 2, 2, 3, 3, 3, 2, 4, 3, 2, 3, 3, 1, 1, 3, 2, 2, 3, 3, 2, 1, 3, 3, 2, 3, 3, 3, 4, 2, 2, 1, 2, 2, 3, 1, 3, 3, 2, 2, 2, 2, 4, 3, 3, 2, 2, 4, 2, 2, 2, 3, 2, 1, 3, 2, 3, 2, 3, 1, 4, 3, 3, 3, 2, 2, 3, 4, 3, 2, 2, 4, 2, 1, 2, 2, 2, 2, 2, 3, 3, 2, 2, 1, 3, 2, 2, 1, 3, 2, 1, 2, 3, 3, 3, 2, 2, 2, 4, 3, 3, 4, 3, 2, 3, 3, 3, 2, 2, 3, 2, 2, 3, 2, 1, 3, 2, 2, 3, 2, 4, 4, 4, 3, 1, 3, 3, 2, 3, 3, 2, 2, 3, 3, 2, 3, 3, 2, 1, 3, 2, 1, 2, 2, 2, 2, 2, 2, 2, 3, 1, 5, 3, 1, 2, 2, 3, 1, 4, 1, 3, 3, 2, 1, 4, 2, 2, 3, 1, 3, 1, 3, 2, 1, 2, 3, 3, 2, 3, 3, 3, 3, 3, 3, 3, 2, 3, 2, 1, 4, 3, 1, 4, 1, 1, 4, 2, 3, 4, 2, 2, 1, 3, 2, 2, 3, 3, 1, 3, 5, 3, 3, 2]","[3.089617226594321, 2.4323551340476874, 2.34620254171727, 2.5264998185455925, 2.2240318734027587, 2.581033728142396, 2.2667185847846025, 2.8687665914045577, 2.4266364523740203, 2.1181395906475937, 2.278488077940867, 2.2302588919172384, 2.3027172749743663, 2.3816722050344112, 2.4400992930573406, 2.0778937971059315, 3.077831792442658, 2.4547526057251283, 2.4344939928040343, 2.459659674327191, 2.43187058878864, 2.5058346566238683, 2.182941512681491, 2.0695105188567284, 2.269583917011014, 2.646146397910057, 2.527309053119439, 2.3533627806597894, 2.3077709043320427, 2.3009321660265236, 2.1326296097706563, 3.824783789503596, 2.3445668581987733, 2.2384358045787036, 2.4158338264478503, 2.232387458557527, 2.1106502429779734, 3.299880544817383, 2.15531396716521, 2.1905285194470574, 2.0707210567070655, 2.4092581138590083, 2.178531166128158, 2.4796769075283476, 2.4678014917257323, 2.9460962694226525, 2.3595384823964713, 2.077967607887732, 2.150855118360507, 2.830289868368732, 2.3539654875804357, 2.1043396019777973, 3.6030417150510794, 2.412185941537092, 2.0550969134107, 2.0431274211741752, 2.21505369002259, 3.653968812832387, 2.278839487061928, 2.4378868420837305, 2.6265555383263024, 2.9295357339093924, 2.166579966503619, 2.274261564674436, 2.8371253118047868, 2.4319104851019637, 2.0908672995395934, 2.4264617805333626, 2.172673456601143, 2.619914010755866, 2.605524515091538, 2.4989210185833146, 2.368682368390159, 2.3312151281820723, 2.1751945322120667, 2.0618916059353287, 2.4440203466834807, 2.41121019863711, 2.327491708190241, 2.2100039051054488, 2.1395783149288867, 2.0449151261212304, 2.3540060190806407, 2.1358353292006176, 2.344447204559912, 2.996540919992321, 2.1744849289276056, 2.3262429352331884, 2.5583513427452953, 2.2235013855736137, 3.5662634459080165, 2.5921992426959783, 2.5007623437414472, 2.3859115628997185, 2.3489408806932555, 2.1551392953245525, 3.5988713172019104, 2.111376048999011, 2.3433526629074457, 2.744296715008565, 2.4420047924479675, 2.257075954311903, 2.439122776295259, 2.1768940781522135, 2.220275943060145, 2.7711439380105656, 2.516961407110786, 2.499489347926908, 2.3402779689455486, 2.616623887575156, 2.1317019254197938, 2.111564676552501, 2.1239108248283296, 2.6334458612543634, 2.1434950048092727, 3.6138935027016332, 2.845482810326761, 2.0989553346615946, 2.1393577437320936, 2.2916571667340113, 2.1875638675087976, 2.1999080495509857, 2.741195971170206, 2.471403109526589, 2.1757478322854666, 2.332305350509598, 2.427666495487495, 2.7932375284670594, 2.2339290654461283, 2.092319860561037, 2.089096315266067, 2.1968192999299134, 2.110086051720839, 2.843638657749058, 3.7735089476177466, 3.6060748928661615, 2.1633274737130934, 2.2297708584119915, 2.4769897417778837, 2.293309347234228, 2.458818259507444, 2.254884580535958, 2.082282299172676, 3.6907395889024643, 2.765243207503653, 2.205800647785523, 2.261786412493728, 2.147516281804164, 2.096753787494233, 3.142266017037678, 2.020091753758219, 2.7863833001795486, 2.723723431876598, 2.600275119559131, 2.606129056665363, 3.049811734458358, 2.4526107079180175, 2.639756072148347, 2.6567430930011815, 2.4784985813620435, 2.414307561486971, 2.5368973273088633, 2.472119703251161, 2.1917576759296606, 2.2360041118908085, 2.0427049032662064, 2.4122848618406425, 2.279446962770828, 2.3818326463319317, 2.6329051941113244, 2.020389443568544, 2.5919169558525033, 2.2949065837265405, 3.506331245148292, 2.278900240766974, 2.199462057872212, 2.371426780354558, 2.0899815701579882, 2.212821347744226, 2.645033055701573, 2.326277551181588, 2.07343399932186, 2.384785077603949, 2.505081772180527, 2.074785543072336, 2.197890193956125, 2.3525197111839393, 2.750771150795406, 3.083748566379886, 2.2047818593635324, 2.9129902724672094, 2.1409184180310037, 2.136774560068659, 2.158955773557049, 3.090702117528363, 2.0267494726003474, 2.2278806819374823, 2.1482789932161017, 2.240477902875182, 2.4391432792902035, 2.1860004033151093, 2.1812027024980813, 2.4518040631875992, 2.5906572408614954, 2.630271985521362, 2.1414589793052223, 2.3868215416971355, 2.2402164263750803, 2.3273184734146937, 2.296831822856311, 2.5119364631304135, 2.6609718093371573, 2.221374916444994, 2.092927454147893, 2.5496479618124885, 2.117893554708259, 2.0860630514404535, 2.465717607421481, 2.6062524119242085, 2.2653233204268313, 2.6666964907035093, 2.4965009099000683, 2.65638868796568, 2.304866768862441, 2.541273983056721, 2.0845089244236554, 3.889371316881343, 2.2358947066183035, 2.150337493908536, 2.1694764436462775, 3.4213941769410114, 2.5199529907974476, 2.7348558399098857, 2.1747041517367327, 2.550754661476339, 2.4578895639516465, 2.836115830709171, 2.25887446335217, 2.0969829465479277, 2.520364755802179, 2.4005340435824114, 2.163227330446554, 2.122675789252879, 2.4947490554957246, 2.2455737741480033, 2.627036282019023, 2.4509669600911046, 2.318736161953542, 2.4078371345600407, 2.058389694398797, 2.0945176254069833, 2.1353850935665646, 2.6752352031801707, 2.5212776839302458, 3.2813882270030015, 2.2192372123767323, 2.546173968401658, 2.4061946291251126, 2.148277339300236, 2.207186413096926, 2.400693673530362, 2.4891984983806026, 2.2040578557277652, 2.5800907900343253, 3.071144491370055, 2.2233350027616945, 2.2220659326248606, 2.5399860707741513, 2.1978191907497635, 2.292416570314218, 2.446898304745495, 2.3298704676346214, 2.8916808961349783, 2.1508228188457137, 2.668875174148367, 2.322266484270379, 2.08049443801351, 2.83664166388317, 2.717511785647982, 2.4937520680235155, 2.6880471427801416, 2.338190170952314, 3.4664516355857113, 2.042050461343846, 2.324115456034593, 2.079215051128969, 2.196836626673588, 2.214164877296268, 2.868489287791212, 2.5691990375395664, 2.1184913810120323, 2.8821134877080103, 2.1864301734416873, 2.2576403264127975, 2.5620994099743144, 2.3505734804377427, 2.226602948968807, 2.1559430127263797, 2.270790442093123, 3.3586335255622437, 2.105872327363573, 2.9654825464813896, 2.5599307477010758, 2.420942074492578, 2.3439683141026824, 3.4207094538643905, 2.1516973822132797, 2.4248190258733238, 2.1581799675808866, 2.242800314975012, 2.0741807828275265, 2.359495697912724, 2.294849117994937, 2.1660796934269717, 2.3206414676445877, 2.4954109058488054, 2.200972351712858, 2.216987044339807, 2.179226563697117, 2.148403384311531, 3.9966107153994495, 2.3234406287069698, 2.4886408169181107, 2.5337377879356024, 2.2558334728182627, 2.1308732177651093, 2.358320604496764, 2.117860749916348, 2.5502155546919134, 2.47058927523242, 2.546658069529163, 2.5387983205364195, 2.5604903081106998, 2.3857928325285847, 2.618767159248266, 2.2394769762187474, 2.321580081513339, 2.225616870505499, 3.001306608784695, 2.250367374366042, 2.879835263950156, 2.2103799185606814, 2.6280539548273203, 2.8749652782003294, 2.417378092624313, 2.316658993259096, 2.1096053830030588, 2.1738339261150053, 2.4583777160750877, 2.418537220646531, 2.753624620047294, 2.4723187790263728, 2.632998372105142, 2.3307686798902605, 2.258683389115557, 2.0755014939795298, 2.2520133684764616, 4.163625385787304, 2.7061823249381103, 3.036651542976992, 2.158536245203238, 2.09487768535075, 3.748061764889044, 2.247141532444276, 2.0140704205266293, 3.2952262200993934, 2.4712764341159312, 2.1699888999016976, 2.109637395027712, 2.3851637879063885, 2.667399620940561, 2.8848295531712056, 2.2491741000602685, 2.2422834398430296, 2.3939759741945883, 2.417042798213082, 2.572896685491907, 2.232956231059119, 2.1763641519032753, 2.260118598761676, 2.445869915547886, 2.283877469303436, 2.264042048439374, 2.5541640259541545, 2.3448394889370854, 2.3174851858493066, 2.3411036435988066, 2.666660127881211, 2.6367192232144956, 2.38301503058893, 2.613220190754979, 2.39192646746739, 2.166679242027961, 2.198160333233101, 2.3224620021216507, 2.673169806140617, 2.063512203684557, 2.2243270540710873, 3.392104845021624, 2.153916599033539, 3.1150343973502146, 2.4403758617934397, 2.4332999257310033, 2.6939866932577567, 2.2295153103744827, 2.6318774108774137, 2.7520019564063563, 2.3191803871475933, 2.2142117315915706, 2.2946965033520534, 2.520899617240389, 2.4380067084337775, 2.5319095446818594, 2.1891806767808264, 2.710725706352142, 2.3180003199749004, 2.20069781123998, 2.0486712747950744, 2.172712015907909, 2.3109468023684663, 2.2812878876739786, 2.4595694986369048, 2.6211212350479802, 2.368479242448787, 2.450018730237002, 2.1919132673977417, 2.229311073192295, 2.5775813796652214, 2.8431976136331727, 2.741590817210295, 2.854937924593233, 2.1834396573525887, 2.456417717695594, 2.153212525776918, 3.604466225626123, 2.0945545307978835, 2.2097340583394383, 2.311166162807392, 2.539143464067124, 2.5545651544362222, 2.151907230554032, 3.828463662780903, 2.1032790199117746, 2.4287027309647224, 2.2193793474662087, 2.1950088577135434, 2.212200709936435, 2.9235040309446187, 2.3567613844543405, 2.4396295966540187, 2.696061627078613, 2.2287914894027048, 2.5680973307590134, 2.3073369961190053, 2.6303485463015908, 2.434701812452273, 2.3789718824941573, 2.032897924400593, 2.1542311282420337, 2.092238553517756, 2.265230591444364, 2.7417587708257125, 2.2048839483716325, 2.126658188663431, 2.2534342851205706, 2.5906426322488247, 2.5913928105702984, 2.327411133275573, 2.3562883613141294, 2.804014708233, 2.338783696997719, 2.15781434012181, 2.3265516102137926, 2.2179308502965216, 2.1882172418335957, 2.703916558993348, 2.8535847170262594, 2.1026548677168515, 2.2541649845078546, 2.495333930591564, 2.491266623740067, 3.630171940764252, 2.083642044121129, 2.317158454556881, 2.80135660189625, 2.7295115695012986, 2.6074841453944195, 2.5254150398406536, 4.177586478378809, 2.298268468087066, 2.433936562190896, 3.484880388931113, 2.3017592205055797, 2.679117877314793, 2.077303785341212, 2.545269877286479, 2.494155724178413, 2.193132998872694, 2.3050064204151144, 2.283252793122223, 2.3741780832674375, 2.7006052718353954, 2.5752149166572287, 2.498060747788467, 2.109559483646923, 2.6646859605334483, 2.3001896520813307, 3.08501868732973, 2.5625500814756226, 2.5238567610348923, 2.2262763553061804, 2.0609566693658565, 3.3235970200052467, 2.152687137129183, 2.2012743417815512, 2.704214248803673, 2.7807585574510103, 2.417303489075255, 2.1618331267903237, 2.3737356172446953, 2.470965737572142, 2.209880475845208, 2.3369216135328723, 2.0709629920474115, 2.2953108754080724, 2.4106235825348823, 2.358057424584191, 2.653350087276068, 2.0932219923385977, 2.289859613373149, 2.462492844979553, 3.814188936522832, 2.5530915851427163, 2.039987860052423, 2.1921683656836626, 2.556860216457287, 2.0716559932765377, 2.717629049102795, 3.72415292337999, 2.526511184219011, 2.6077919901202957, 2.0488263047893955, 2.592883984301377, 2.5244831294661254, 2.027696710966786, 4.36441406183468, 2.182746181633778, 3.6517043101664113, 2.4725748466942026, 2.558658812694524, 2.2402084931113855, 2.5380883545908928, 2.4053830478144858, 2.40101429918939, 2.461136445583608, 1.9975286042053557, 4.074569569372737, 2.0700387033590406, 2.8631138754195096, 2.5210701100182464, 2.1454905859036413, 2.2454312456100283, 2.4213433718465915, 2.26107730251457, 2.119350534606265, 2.74728842627783, 2.567910375703701, 3.343780576005651, 2.429290332687104, 2.323613134654608, 2.3163230624195785, 2.1598123242560474, 2.4152679380608886, 2.2358299273956552, 2.1523870006357346, 2.1910088143617346, 3.074674243283988, 2.383155810089536, 2.273970621805603, 3.926418561741176, 2.1855748396563404, 2.2726229789947365, 2.8311001689532196, 2.155647769599178, 2.8648065990139324, 3.2037601893454832, 2.1007301387440065, 2.214501326072738, 2.4795218775340264, 2.2882464240546407, 2.7868677083672075, 2.110935630991332, 2.4889040480206583, 2.5582055559413206, 2.4429379872708137, 2.2489707240266883, 2.6418613231566175, 2.2692670351059405, 2.6199229725427315, 2.5770590678666654]"
0.1,4000,927884.4835322293,927884.4835322293,0.027759790420532227,344.1637048236746,"[3, 3, 1, 3, 1, 3, 2, 2, 2, 2, 2, 4, 3, 1, 1, 4, 3, 3, 2, 2, 3, 3, 2, 4, 2, 2, 2, 2, 2, 4, 1, 3, 3, 3, 2, 2, 3, 3, 2, 3, 3, 2, 1, 3, 2, 3, 4, 2, 3, 4, 2, 1, 2, 2, 3, 1, 2, 2, 2, 3, 3, 2, 2, 3, 3, 4, 2, 3, 3, 2, 3, 2, 2, 3, 2, 3, 4, 2, 2, 2, 3, 3, 1, 4, 2, 2, 3, 3, 4, 2, 2, 4, 3, 2, 3, 2, 2, 2, 3, 3, 3, 1, 3, 1, 3, 1, 3, 2, 2, 3, 1, 1, 2, 2, 1, 2, 2, 3, 3, 3, 2, 2, 3, 3, 1, 3, 3, 2, 4, 2, 2, 3, 2, 2, 2, 2, 1, 2, 4, 3, 2, 1, 3, 2, 3, 3, 3, 2, 4, 4, 2, 4, 3, 3, 2, 3, 2, 4, 3, 3, 4, 3, 4, 3, 2, 2, 3, 2, 2, 2, 2, 2, 2, 2, 1, 2, 3, 2, 3, 2, 2, 3, 2, 3, 4, 2, 2, 3, 3, 3, 4, 3, 2, 2, 2, 2, 1, 1, 2, 2, 2, 3, 2, 5, 3, 2, 2, 2, 2, 2, 3, 2, 3, 2, 4, 3, 4, 4, 3, 3, 3, 2, 1, 2, 3, 2, 2, 2, 1, 2, 3, 2, 3, 2, 4, 1, 3, 2, 3, 3, 2, 2, 3, 2, 4, 1, 2, 4, 2, 1, 2, 1, 2, 1, 3, 2, 2, 4, 2, 3, 1, 2, 2, 2, 1, 3, 2, 1, 2, 2, 2, 2, 3, 3, 2, 2, 2, 3, 3, 4, 3, 2, 4, 1, 3, 3, 1, 3, 2, 2, 1, 2, 4, 4, 2, 2, 2, 3, 3, 3, 2, 1, 3, 2, 1, 4, 2, 4, 3, 2, 1, 3, 2, 4, 3, 2, 2, 2, 2, 2, 3, 3, 4, 2, 3, 2, 2, 1, 1, 2, 2, 1, 3, 2, 4, 3, 3, 3, 2, 2, 1, 2, 3, 2, 3, 2, 3, 2, 3, 2, 3, 5, 1, 1, 3, 4, 2, 2, 3, 2, 2, 2, 4, 4, 1, 4, 3, 3, 3, 3, 2, 2, 2, 3, 3, 2, 2, 3, 4, 1, 3, 3, 5, 2, 2, 2, 2, 3, 4, 3, 3, 3, 2, 3, 2, 1, 1, 4, 2, 3, 3, 2, 3, 1, 4, 2, 2, 2, 4, 2, 1, 2, 3, 1, 3, 1, 1, 1, 3, 2, 3, 3, 3, 4, 2, 3, 2, 4, 1, 5, 2, 3, 2, 3, 4, 2, 2, 2, 1, 2, 3, 2, 2, 2, 3, 2, 2, 2, 4, 2, 2, 3, 2, 4, 2, 4, 4, 3, 3, 3, 1, 3, 3, 3, 2, 2, 3, 2, 1, 4, 4, 2, 1, 3, 2, 4, 2, 1, 2, 1, 1, 2, 4, 3, 2, 1, 3, 2, 4, 2, 4, 1, 4, 2, 3, 1, 2, 3, 2, 3, 3, 2, 2, 3, 3, 2, 3, 4, 3, 2, 2, 3, 2, 2, 3, 2, 4, 4, 1, 3, 3, 3, 2, 1, 2, 2, 3, 4, 3, 2, 4, 3, 2, 2, 3, 3, 1, 3, 2, 4, 1, 3, 3, 2, 2, 2, 3, 3, 2, 1, 3, 3, 3, 2, 2, 3, 3, 3, 2, 4, 4, 2, 2, 1, 2, 1, 3, 1, 3, 3, 2, 1, 2, 2, 3, 2, 4, 3, 3, 2, 2, 2, 4, 2, 2, 2, 3, 2, 1, 3, 3, 3, 2, 3, 3, 1, 4, 3, 3, 3, 2, 2, 3, 2, 2, 3, 2, 2, 4, 2, 3, 1, 2, 2, 2, 2, 3, 2, 1, 3, 3, 2, 2, 1, 3, 2, 2, 2, 3, 3, 2, 1, 2, 3, 3, 3, 2, 3, 2, 2, 2, 2, 2, 2, 2, 2, 2, 4, 3, 3, 3, 4, 3, 2, 3, 3, 3, 2, 2, 2, 3, 5, 3, 2, 2, 3, 2, 1, 3, 2, 3, 2, 3, 3, 3, 2, 4, 4, 4, 3, 1, 3, 3, 2, 2, 3, 3, 4, 2, 2, 3, 3, 2, 3, 3, 2, 1, 3, 2, 1, 2, 2, 1, 2, 2, 2, 3, 2, 2, 2, 2, 2, 3, 2, 1, 3, 5, 2, 3, 1, 2, 2, 2, 3, 1, 4, 1, 1, 2, 3, 3, 3, 2, 1, 4, 2, 2, 3, 1, 3, 1, 3, 4, 1, 3, 2, 1, 2, 3, 3, 3, 2, 3, 3, 3, 3, 3, 3, 2, 2, 3, 3, 2, 3, 2, 1, 4, 3, 1, 1, 4, 2, 1, 1, 1, 2, 4, 2, 3, 3, 4, 4, 2, 2, 2, 2, 1, 3, 2, 2, 3, 3, 1, 3, 5, 2, 3, 3, 2, 2]","[-1085.639930791027, -12.826135185761359, -283.3610578804336, -402.7022587085021, -773.8389557039757, -1655.3568339814196, -1767.985416290913, 195.8257719501362, -994.7987013294726, -951.8373139083822, -1054.6014079356069, 174.8863521445494, 525.2942974853922, -63.17781053450517, -1467.8490582698134, 1777.6442577901846, -256.7635360480892, -1022.7133314550947, -347.30208049399755, -349.28429575227756, 1053.3234647600977, -841.3599631213924, -730.0241983602407, -440.0365028417807, -704.0738678630739, 49.86277552735555, -1821.2001346246757, -342.9440200872118, 352.0159874230842, -453.2554480894014, 454.25932657864973, 607.1092408435113, -1204.600736262361, 845.2206577578834, -1092.659597006726, -523.8328064029233, 641.8896245374835, -474.02239849156234, -597.0433996056394, -1039.30277497039, -431.5774854802935, -1142.2597331933862, 830.7882100797037, 522.2664115661867, -1275.1600643643058, -1791.3303221210158, -1954.167739194004, -726.2652813814841, -2557.8251536879534, 1431.4010220999112, 87.02928132906902, -32.72887389194517, -673.508043755891, 698.1786726558835, -429.8359301749853, -419.26291664125074, -51.72783915702888, 85.51710479641145, -795.4061897623474, -484.9615898621356, -1291.9107438524002, -2213.2642211779585, -111.35785825205573, -2196.5043903021374, -417.9638999429755, -1381.4195238395946, -952.3184364072553, -522.3976029294761, -901.4971011537691, -1034.1869115452755, -67.71332301280904, 352.86765420875145, -120.85370502145645, -296.41990336834033, 11.311587782236188, -2831.1189714618477, 412.74487861750686, -1280.3150326807386, -1146.4419417299855, 475.5780272252857, -1170.4959667379617, -306.3801009734291, -1065.3696364899797, 656.796090768333, -225.65142963592416, -730.4309806399185, 259.65346605373657, -1429.4321805145387, -731.4141105788481, -171.09421285554834, -642.5455488961893, -3336.3369269507502, 108.13036176175251, -494.01685724054994, -1259.3351056522915, -271.497496624714, -802.5716294193412, -100.78438821659364, -548.3427976713409, -2095.9207144250104, -195.915442991014, -286.00133844673064, -792.8364728581475, -1399.0948669240906, -844.9033520791265, 553.9786863280772, -1145.7680340687486, -789.9880574166226, -1404.519548412482, -1853.64501908952, -1959.713716297751, -195.3726719819931, -1022.624611591769, -2210.3975773029897, 290.5552670940908, -1279.4183982926409, 358.09532562466336, -104.06168800480054, -934.8973751345841, -704.738342568204, -568.2071479399094, -134.75230509136009, -835.0472784889444, -366.311101180802, 116.66883797417142, -511.0057877325125, -811.5658641105887, -840.2236451375283, -766.051320999313, -2800.96691140398, -716.1958192076613, -34.17041453029003, 196.6103105315799, -303.1025646339359, -752.670747243107, -421.46120678259297, -226.98559406940655, -717.3693326837647, -2298.419663789993, 636.6570110764721, 538.8503947679781, -230.7573542398681, -90.1660548343844, -1214.1942651154507, -112.68990480608556, -361.9293200036004, -1007.0121652022856, 171.82555805460947, -166.93668390875837, -1344.1203298072985, 197.246449296224, 1355.2874173701227, -289.9510392504743, -1544.0286780081783, -1102.6304120625116, -419.2847249969995, -249.34046857186934, -1409.0393952599777, -1586.0658586228028, 119.96087167135079, 735.9130720094661, -2131.564556599822, -698.917509213283, -1826.362764422103, -564.7778008817813, -871.8024444114312, -831.9291051188331, -544.8361004596659, -1332.9545023844432, 358.2812598380897, 559.7820577153518, -695.1900980737189, -656.6574770761472, -806.9593307021375, 528.3300631693123, -1042.7508942233717, -648.0328354782894, -1727.5659949924732, -553.798296904343, -23.05520183733688, -436.19391600509067, -1592.1701301877813, -176.09107547942625, -1366.0575703449283, -1775.4739937854442, -908.8269085288882, -22.25359948969924, 190.45236056400074, -1691.5967046469914, -1496.5218400539363, -1387.3131723517063, -77.70434679420623, 619.5613710163836, -1208.9900713745096, -567.1205008940206, 367.9821283297348, -563.0571957626405, 591.3526411637481, -193.52436431594924, -423.50096675312057, 271.1529626331924, -1160.5122454713185, -952.5266551933275, 462.7901143831609, -1628.7143369206551, -464.2661958442617, -859.5976858901563, -391.06081766476836, -474.3394359862179, -1675.9666739060817, -1916.537039839968, -296.94165195897875, -883.3904995507297, 101.52504416402041, -211.65372276806238, -144.30488204200736, 791.9420766393393, -2264.9409975793733, -1764.3981778197835, -292.63833306643926, -101.41026107782523, 74.56478945398226, -1014.7157757431766, -811.359329080922, -1077.5062418853345, -1474.9227699909793, -1119.3269691306145, -1222.8553783328875, -861.4834711486288, 332.5926368760788, -1567.7580581446234, -670.0621359964683, -583.6802179594335, -935.0928743652071, -1111.1378069139973, 75.10537867608423, -1043.957816807835, -1286.1882132624964, -142.23475537996478, -2715.5349975501804, -197.46237820292617, -1468.7007250554805, -1905.0084311184448, -95.82380461509803, -165.91587580753054, -281.7174980527182, -267.4167975617471, 53.53574724715304, 667.6166606541433, -86.04767039737595, -549.6135465327529, -511.43371331827564, -777.0794046199983, 316.1513527822177, 67.01425050099215, 434.4562247569272, 779.4035307738397, -173.78952937710164, -504.9127014479159, 178.37718137495597, -467.19036533911435, -479.0951196589647, 243.37909022394706, 996.4528499391056, 148.4906667077255, -571.7270197802472, -2624.1591546048367, -623.5876585076123, -1309.4875836604838, -687.3233787948193, -382.26026087954244, -9.16609282182435, -1488.962601054523, -112.45333069895582, 52.98878141772866, -1060.1799304619376, -2.3695596506272523, -29.428993742563534, -1457.0409951682327, -1241.0715845818763, 558.2306794856429, -554.1351937372044, 367.23142835181727, -863.0980569927566, 9.600349458424716, -637.4390508553697, 336.9343532607372, -377.36467367087755, -664.7658333949789, -25.392326954320083, -1839.3106294763604, -634.330588377921, -1570.9664998732765, 1082.506051366746, -732.8630876457975, -725.6994984973239, -1012.9437894283358, 580.7791590716276, -1129.8290661659237, 465.87250391411317, -330.5828248770962, -2104.91762230449, -196.35185852071294, -2154.908134683995, -1522.9602076043045, -1725.2322699610575, -1006.6777547436888, -1541.0799517349747, 52.03802460963948, -358.5082205237179, -630.902875149146, -2060.3943753426756, 445.48257312212377, -2231.8140922963958, 46.7622761026596, 546.0490592434048, -436.4693546081736, 570.6031765766907, 490.4551649694979, 1145.2401449138574, 317.19028388063725, -541.3566031323402, -1215.7530893425978, -587.5362299876612, -919.6496818717171, 113.1181980817621, -596.3828688910035, -647.1811686926224, -236.10290070947008, 142.55051572783123, -222.88412893416108, -631.0197835814145, -181.60833310292975, -362.62983263698715, -250.09995375952985, -228.65096225287056, -481.5582476157067, 513.5718288303196, 543.8302734838667, 656.2639808174149, -284.58541331618676, -907.7126907367464, 1728.5993634478803, 1019.6479311259707, 267.78535442643454, 834.2764766835128, -1713.7441852204513, 4.32487122948919, -1355.6571476926067, 213.15276578497003, -1335.2538775211588, -308.09888459193036, -1285.0719031013864, -780.8888640964416, -805.7537109434045, -924.1288929826599, -2.7758423127181686, -78.28388791141396, -521.7508097957509, -605.0669876776287, -108.68995334062879, -970.4526143812177, -68.99205589461917, 750.2365756569959, -624.071769698416, 382.4833728600812, 230.24745045549844, -357.9707013478279, -2034.5198122079707, -111.17260284419461, -1946.041669578329, -1582.9890598581967, -510.00400121753296, -1539.744837614166, -2196.480527086089, -114.62077007138322, -2057.009516555756, -544.098994887272, 1157.72669999472, -61.56286666110395, 532.717118494809, -1504.2105094904796, 115.46064418094113, -369.71582963199575, -2.6591416620627797, 124.3147183998824, -644.7703704249053, -473.0861373378697, 433.8475874309115, -627.6624262331235, -1304.0126585460848, -715.2607413720363, -28.67795125438647, -862.8644757737134, -4.187963554092448, -1636.8585530927714, 183.8248238296876, -1195.5288587608416, -1024.935014901539, -293.8288596344506, -228.41899298974204, -1144.0723675856002, 2043.238465550847, 343.2185401264951, -294.8577951075017, -1193.2929720012169, 419.11697040134356, -1001.9897919165745, -1257.0692224977279, -251.5051564849332, 629.9298669882999, -287.8410415870866, 882.0787092087378, -538.7809900650459, -1333.7167621764702, -838.0414702690548, 38.41005110344224, -79.80031704202872, 374.9217454686582, -176.8666210695137, 372.52228398145894, -860.5217035292588, -236.41693013162313, 35.69013745532061, 69.77861723774981, -1135.8882711453807, -307.5278575006286, -2711.8715033633853, -624.1001952328908, -846.5198470841262, -340.89994291250093, -314.533700305859, -266.06341256291495, -792.5513512262823, -1529.0126232527628, -2545.9913565493434, -104.50244572644584, -861.6540315672207, 305.95232520810487, -728.546974946795, -81.76582497631478, -733.2416062172051, 64.3191843403223, -957.7755631151861, 95.46443588875377, -1590.5606639896575, -548.0490124471901, 225.12802044973557, 261.3877121240939, -956.6654206667797, -1224.5594741738632, 753.6030920190035, 479.9763106449475, -317.0473539212355, -506.3796868218293, 461.88630035563574, -167.57310268723097, -1117.036116551587, -1038.071440198044, -1377.8658077710606, 917.4479168459286, -177.95211595157878, -1915.8587920640578, 409.6171762116154, -446.63798666262335, 331.3163694008879, 1078.6308622357105, -87.39429375305104, -1904.2374308196074, -1461.737585921724, 257.5720777232036, 965.1560629844694, -390.59343476560423, -265.2826693113784, -541.3037840433213, -116.26155747208969, -581.8830170148892, -399.67411013724154, -71.61864483541382, 711.0165786407897, -535.1849914044586, -396.42978946294056, 115.91709278819258, -178.10092406138585, -41.11853284501041, -650.5110246022848, -935.90622351696, -225.22360127013945, 924.8450412405582, -922.1486420848978, -473.80423904156, 2.1932388587024434, 1497.7140367855143, -1293.0634815204405, -1175.7318833978127, -441.5226910671938, -1279.0526323546815, -1882.013665493773, -535.8141720883641, -181.3417157221811, 125.75451639126243, -396.1279639369148, 139.59149033374536, -1863.2392244001721, -336.46490182051576, -502.15877561548086, -510.6370244221026, -3255.1218167388834, -236.55735005661768, -368.47183446179497, -599.7257799701397, -55.058457336332935, -940.3175335124608, -421.44215566943717, 219.08361800559442, -1018.6290023182587, -769.3007227929874, -598.9577834566522, -623.9220899338547, -166.34168462684687, 302.73176190709546, 356.62079217498547, -1927.7623221639071, -1709.4708759544212, -875.6126756587873, -956.6161108724025, 889.151658660262, -1822.7246428183096, -193.3079051633751, -1023.7004873525182, -1588.0216205091542, -587.1346703571953, 361.8983547363482, -830.0016487365729, -1314.4962166652049, 510.97385584383915, 1932.1970350166741, -2172.77827819017, -393.2167237979229, -1603.8430457769937, 517.6732903596935, -1823.8136778972676, -179.876951230928, -1037.0500745932, 377.00034289605605, -549.7503865354427, -749.7395621920375, 24.85020939974845, -533.3857954869632, -394.70282621125654, -999.913162423045, -42.68501518179352, -246.45514492215216, -1377.319349707934, 492.71844387768147, -588.4852836587729, 287.9894941803848, -89.11134754352236, -524.1125609211456, 330.14394184683533, -341.05460895102635, -937.2376097402041, 401.43570205082926, -486.9436869327918, -328.3842686538658, -1112.6722866335501, -404.9447541826334, 52.877738396651466, 618.6055097467065, -1493.9840527099539, 1090.974408073928, -1651.3136569702128, 221.1014514327494, -1376.2351126929798, -146.95765035864508, -2419.8506740303264, -1413.9648343215865, -1170.4274369685188, -247.32169008122253, -635.3153108921936, 591.2028014482639, -1161.5373647378135, 627.1362975512177, 544.2561068767002, 22.69982305689507, -239.25382444422866, -1042.2739129360239, 642.6867588795615, -1113.60422295707, 641.7257776118033, -806.0782210862885, -933.3215980586486, -1494.8888623630864, 443.5909503163407, -1012.1887472584717, 161.29771647508528, -2156.490158996241, 96.79461800232309, 279.7622651597633, 69.1798684053017, -497.2373441497564, -170.93198457480526, 489.7717113834276, -139.54490999322502, -365.8397906886498, -305.27669920053427, -33.53344126378863, -167.169548083814, 216.35174505286682, -642.27947837748, -1000.5230324523703, -579.2293970691338, -1591.5987724083652, -392.379413687421, -1018.336446367584, 195.30740110738043, 360.00403357853156, -2212.235094427749, -1730.6113027071463, -294.095118985926, -249.76567785354132, -491.8191085126154, -1508.8417177063463, 79.41149785951325, 310.91922098673524, -61.728614454081765, -749.987261101916, -1811.7582164255934, -1879.8928502825397, -907.5104083050369, -1475.5379165391228, 251.11774708391067, 976.9470183606879, 204.27519341495906, 63.2870574106347, -1149.6917200177113, -1501.5857586498219, -1292.639674159759, -1653.417787902371, -2697.9584690496386, -882.0256735156961, -387.4673566430155, -1088.4558972051493, -354.8662119772297, -229.22298508194973, -264.2877281381455, -1535.5613199458853, -1210.0877830028114, 251.9100895919812, -815.3813689159557, -474.77268976592075, -1944.1070329875308, -1302.8579337655956, -953.6415370383434, 1180.314450494384, -771.7279956153226, -1982.7535106252922, 461.04907713904436, -1570.975658264187, 343.18293588956044, 371.65547138793977, -468.2822350342153, -1996.2997735184297, -251.31587623158407, -850.1010810472701, -510.3075577118948, -748.4116883777601, 335.64040421414154, 203.87514462634954, -590.6923513838688, -757.2660387701447, -442.42167267428675, -939.0033006493998, -1032.2232117699732, -1197.8324376155147, 407.3019776380049, 930.8745074427454, -1394.7516491126303, 91.80598610015954, -445.5476785646599, 543.1909070429615, -2290.985718053781, -331.3968278466512, -543.9810878101141, -906.6132020671369, -517.4712942319113, -1390.5789379038508, -1025.9330865310542, -364.4520696135408, -612.4699081758248, -1063.712122384707, -673.4001795795485, -483.76045256362386, 578.0192593761617, -501.16363982625273, 792.5884452948051, -677.1611637634719, -1442.5698605950042, 1218.5800158770455, -12.645941123628859, -461.5627095063056, -1097.5942575573092, -467.57074392031336, 384.51265398515966, -56.517167601107985, 42.528215936692504, -838.5906674466784, -85.36222183835446, -1367.1433048926042, -65.89478414618401, 555.0809710924202, -1549.9645472061964, -493.16743500526786, -230.59967250285098, -1151.7875756837818, -1126.3121687700675, 461.72614725273206, -827.0470837220572, -921.5376115844784, -872.7272243201753, -369.983913774474, -3.153433358446023, -600.9768669488903, 59.95197885176037, 159.42039045711886, -614.2151296485886, -371.1643189035036, -832.0660173537384, -621.5810930585931, 7.026826406702526, -1541.235579004764, -1861.6294597446156, -2409.411068805839, 76.07822385375061, -1290.3994268093627, -1542.399661079312, -338.999610735062, -219.6941252958469, -1139.7948256712953, -245.2890755006427, -188.67475077356107, -1108.2062740609856, -1094.3745920753388, -125.22434253805869, -440.5051188585005, -1496.069840594394, -414.4343394491853, -421.0802228045664, 455.3706085305047, -911.2358126495045, -842.9393610581344, 172.99767700119855, -830.9955129027883, -1743.4869662983092, -336.04402860087754, 547.0667324539866, -2267.2818056218694, -482.2384735255162, -1095.051259030489, -717.4659572995678, 206.85335301864222, 137.42146390067342, -1.3350889317780457, -1344.1549737287628, -1108.0683888502344, -83.22528065420028, 1088.167028647682, -44.368438150351494, -864.9866447194761, -1348.6432097150596, -262.07243029505236, -1079.3100426468313, -311.03776300799245, -297.38069891765736, -2352.9978701989603, -241.525406306342, 281.5939411638619, -297.2355267771187, -1174.7802060997487, -1815.5704331446298, -799.1325446865008, -856.0518315258034, -516.8111540927383, -170.97656312128368, -1772.8899696278893, -1137.081723817895, 353.4557158823279, -93.57230221767043, -2677.855741026621, -39.93876056613749, 461.71202730489085, -730.7838955256702, -455.2722529889881, -570.29258890251, -1065.5797818783458, -449.1225589069247, 50.50090926495113, -175.33245338725754, 432.5366508704549, -867.6191893952054]"
0.25,4000,744785.4222129685,744785.4222129685,0.025422334671020508,308.0037621009697,"[3, 3, 1, 3, 1, 3, 2, 2, 2, 2, 2, 4, 3, 1, 1, 4, 3, 3, 2, 2, 3, 3, 2, 4, 2, 2, 2, 2, 2, 4, 1, 3, 3, 3, 2, 2, 3, 3, 2, 3, 3, 2, 1, 3, 2, 3, 4, 2, 3, 4, 2, 1, 2, 2, 3, 1, 2, 2, 2, 3, 3, 2, 2, 3, 3, 4, 2, 3, 3, 2, 3, 2, 2, 3, 2, 3, 4, 2, 2, 2, 3, 3, 1, 4, 2, 2, 3, 3, 4, 2, 2, 4, 3, 2, 3, 2, 2, 2, 3, 3, 3, 1, 3, 1, 3, 1, 3, 2, 2, 3, 1, 1, 2, 2, 1, 2, 2, 3, 3, 3, 2, 2, 3, 3, 1, 3, 3, 2, 4, 2, 2, 3, 2, 2, 2, 2, 1, 2, 4, 3, 2, 1, 3, 2, 3, 3, 3, 2, 4, 4, 2, 4, 3, 3, 2, 3, 2, 4, 3, 3, 4, 3, 4, 3, 2, 2, 3, 2, 2, 2, 2, 2, 2, 2, 1, 2, 3, 2, 3, 2, 2, 3, 2, 3, 4, 2, 2, 3, 3, 3, 4, 3, 2, 2, 2, 2, 1, 1, 2, 2, 2, 3, 2, 5, 3, 2, 2, 2, 2, 2, 3, 2, 3, 2, 4, 3, 4, 4, 3, 3, 3, 2, 1, 2, 3, 2, 2, 2, 1, 2, 3, 2, 3, 2, 4, 1, 3, 2, 3, 3, 2, 2, 3, 2, 4, 1, 2, 4, 2, 1, 2, 1, 2, 1, 3, 2, 2, 4, 2, 3, 1, 2, 2, 2, 1, 3, 2, 1, 2, 2, 2, 2, 3, 3, 2, 2, 2, 3, 3, 4, 3, 2, 4, 1, 3, 3, 1, 3, 2, 2, 1, 2, 4, 4, 2, 2, 2, 3, 3, 3, 2, 1, 3, 2, 1, 4, 2, 4, 3, 2, 1, 3, 2, 4, 3, 2, 2, 2, 2, 2, 3, 3, 4, 2, 3, 2, 2, 1, 1, 2, 2, 1, 3, 2, 4, 3, 3, 3, 2, 2, 1, 2, 3, 2, 3, 2, 3, 2, 3, 2, 3, 5, 1, 1, 3, 4, 2, 2, 3, 2, 2, 2, 4, 4, 1, 4, 3, 3, 3, 3, 2, 2, 2, 3, 3, 2, 2, 3, 4, 1, 3, 3, 5, 2, 2, 2, 2, 3, 4, 3, 3, 3, 2, 3, 2, 1, 1, 4, 2, 3, 3, 2, 3, 1, 4, 2, 2, 2, 4, 2, 1, 2, 3, 1, 3, 1, 1, 1, 3, 2, 3, 3, 3, 4, 2, 3, 2, 4, 1, 5, 2, 3, 2, 3, 4, 2, 2, 2, 1, 2, 3, 2, 2, 2, 3, 2, 2, 2, 4, 2, 2, 3, 2, 4, 2, 4, 4, 3, 3, 3, 1, 3, 3, 3, 2, 2, 3, 2, 1, 4, 4, 2, 1, 3, 2, 4, 2, 1, 2, 1, 1, 2, 4, 3, 2, 1, 3, 2, 4, 2, 4, 1, 4, 2, 3, 1, 2, 3, 2, 3, 3, 2, 2, 3, 3, 2, 3, 4, 3, 2, 2, 3, 2, 2, 3, 2, 4, 4, 1, 3, 3, 3, 2, 1, 2, 2, 3, 4, 3, 2, 4, 3, 2, 2, 3, 3, 1, 3, 2, 4, 1, 3, 3, 2, 2, 2, 3, 3, 2, 1, 3, 3, 3, 2, 2, 3, 3, 3, 2, 4, 4, 2, 2, 1, 2, 1, 3, 1, 3, 3, 2, 1, 2, 2, 3, 2, 4, 3, 3, 2, 2, 2, 4, 2, 2, 2, 3, 2, 1, 3, 3, 3, 2, 3, 3, 1, 4, 3, 3, 3, 2, 2, 3, 2, 2, 3, 2, 2, 4, 2, 3, 1, 2, 2, 2, 2, 3, 2, 1, 3, 3, 2, 2, 1, 3, 2, 2, 2, 3, 3, 2, 1, 2, 3, 3, 3, 2, 3, 2, 2, 2, 2, 2, 2, 2, 2, 2, 4, 3, 3, 3, 4, 3, 2, 3, 3, 3, 2, 2, 2, 3, 5, 3, 2, 2, 3, 2, 1, 3, 2, 3, 2, 3, 3, 3, 2, 4, 4, 4, 3, 1, 3, 3, 2, 2, 3, 3, 4, 2, 2, 3, 3, 2, 3, 3, 2, 1, 3, 2, 1, 2, 2, 1, 2, 2, 2, 3, 2, 2, 2, 2, 2, 3, 2, 1, 3, 5, 2, 3, 1, 2, 2, 2, 3, 1, 4, 1, 1, 2, 3, 3, 3, 2, 1, 4, 2, 2, 3, 1, 3, 1, 3, 4, 1, 3, 2, 1, 2, 3, 3, 3, 2, 3, 3, 3, 3, 3, 3, 2, 2, 3, 3, 2, 3, 2, 1, 4, 3, 1, 1, 4, 2, 1, 1, 1, 2, 4, 2, 3, 3, 4, 4, 2, 2, 2, 2, 1, 3, 2, 2, 3, 3, 1, 3, 5, 2, 3, 3, 2, 2]","[-720.179125015437, -687.5015310035521, 929.9538322397341, -670.2589562905589, 813.5700660017608, -2179.935240271353, 1063.8694208820605, -523.7426271339358, -622.8681115766785, 1017.2666778539046, -755.6987893894418, -613.6071256439717, -218.66164185976214, 772.9520229194025, -282.78911158066364, -46.18665246361054, -320.90572675657626, -609.7802903527819, 467.90766121499365, 957.9096047457331, 33.33782023919666, -597.1920310141522, 133.24095768724908, -357.2523928357646, 1048.827074847074, -557.9737488109326, -736.2661806585362, 78.39667895145372, 155.36011488064167, -1483.3218796696485, -819.487149711397, -679.310218062353, -1280.5741655254726, 65.80010672367574, 2085.1101632629407, -105.80643997031818, 138.73072331761517, -694.9393147049012, 706.2199826432623, -614.9938138163543, -136.29038744206508, -1256.945486504828, 10.000476202706508, -420.9062755746823, -188.20296865557088, 555.366127855954, 163.84280667453993, 15.112336001556784, 1434.6009791772044, -327.3209565081818, -564.3482438381692, -207.1759234078217, 287.13360660385433, -50.83915655172355, 104.80777521944695, 1037.9912870767594, 1019.9284943489542, -484.9486033806459, 252.45999176114736, -338.6983700770893, 461.1547249913635, -595.1629653267445, 676.3706128231368, -1791.9106300903259, -766.6209543812055, -1079.7711350301513, 410.40194519852895, 571.7685590884471, -528.3726812895178, 166.22238986147863, -1053.611431546587, 154.38548994355, 63.223597179974306, 884.0284645208255, -467.91546464455763, -691.9567436550382, -509.4154312851316, -831.3493614680884, 609.7784060952015, 329.0533151996687, 1001.748370875561, -889.8967547238324, -21.304604606026487, -1520.3671618875683, -242.68258166180107, -409.0418941282662, -596.7853515859671, -1814.7837216048035, -1234.232783449529, -506.3837301940306, 435.6673317730644, 1324.3066863553581, -309.5593033148828, 959.9795206651584, 738.9703560896764, 238.7037906072341, 780.1089978739875, -586.8444333339256, -72.8066219857591, -464.9259009795308, -1020.72733381292, 1200.58459227891, 1150.404651623954, 123.81548126534575, -365.48303734919523, 239.33367515740332, 798.0425846775672, -55.324881878123065, -1099.2774029170623, -84.38557344370413, -588.5608859975088, 1188.7541938344536, 243.3297374661638, 423.6038912314976, -404.4945220433813, -183.32984397011296, 463.49741068847067, -649.43595791477, 367.6924008876165, 417.8551109698171, 1842.6631946462219, 2459.6109712386924, -88.05445762698623, -51.223472567489296, 625.9524792254815, -195.0670625375003, -1997.9621675614687, 460.6176021094628, 169.76251722415196, -355.8316376713041, -428.4196601313553, -1093.5407605128903, -1041.002074996865, -355.31686494483296, -110.00823875399108, 95.22396333804626, -508.76509199454955, 1064.0420530316708, -1488.4287641745584, 1014.3852220813351, -289.18969480008656, 1330.9135917018518, -82.63413046205608, 1664.6432786854054, -485.7797786145714, 336.01672898501073, -466.43623627175805, 236.41109254373583, -1389.3848435226546, -2113.6796595320075, -1155.5570719132215, 746.8882672501243, -799.2884687955186, -1683.6425217361455, 130.7203045092184, 92.73325516547884, 260.8329107017756, -1486.8684850122531, 1283.2654598054312, 514.3442115450857, -1607.8191181556858, 1438.6431317158458, -2413.340200355748, -200.99436921747719, 259.23168191862663, -19.606098143985832, 334.2111095375581, 103.72696804742155, -437.1588724500049, -1381.3523233601406, -951.5717373140764, 139.3190597742315, -590.1689079414485, 851.4721468886563, -589.1574113813801, 176.02278506223303, -188.24182184981163, 1881.8343780620655, -1013.7102903721534, 581.4942367880891, -181.91232684897528, -884.5350417778805, 443.0738240692605, 606.6824027766246, 934.6164240684152, 337.858048646646, 316.05503533433557, -988.0260581947289, -1061.8512720689387, -249.97673869857988, 285.7283129031581, 114.07371278418661, -55.841670107950634, 256.4708953399684, 577.0069354376949, 23.26186909663629, -974.4865576456721, 1247.2393718415863, 170.38293505735527, -130.095822405977, -181.02372508109949, 216.64466211025774, 196.37072038619726, -2240.547420239594, -1558.2911829837556, -438.4947620833918, 1226.8044175259672, -254.65976727520638, 469.2870275136874, -1217.5618402896393, -420.61420345674054, 352.17428143865305, 1561.408053907531, -625.5292257776903, -709.5669000520746, 659.6984467594161, -653.4028412867758, 921.3204657416115, -0.6871037288974691, -78.7730277470594, -1038.537625914989, -1514.224140882717, -1860.4528569829688, -424.2705846962709, 101.96886886501623, -1648.8984780016233, -700.4855125512529, 697.223921284253, -251.53911415806306, 492.6820129713802, -524.3515348021708, 153.4171857563664, -1093.3412270427275, 510.37123541357784, -2600.4229507656987, 787.3436189520728, -483.99134234360787, -330.920938108606, 1332.2993048761587, -1049.685810250256, 87.63798007040815, -281.814486643572, 2306.8828719719822, 180.12257562378056, 223.9628278023452, 250.39928985233325, -350.21338779494215, -1116.2525290555504, 1932.6086152327905, 341.57424549760543, -1132.3262245263916, -974.7509024774691, 502.18402040362645, 196.40265389816557, 1015.8223814983173, 148.4579849021822, -27.72234487623335, 695.3037056552855, 1435.6638450028304, -978.8386784185172, -167.53912706518537, 992.6346606939062, -352.0510653053365, -175.16400764523667, 703.3634368726803, 927.8647457736906, 2671.4057269869772, -933.845191360481, 166.1748658342708, 807.9902903641095, -264.73089162515294, -234.14054666735586, 366.9301915788196, -486.0505077637635, -762.8183803087973, 555.460055536957, -699.4677593978436, -438.7950346601225, -1468.094594952018, 718.0700657720456, -86.81367375340785, 448.31987693351044, 232.9180404203541, 1617.718873716074, -41.66695844735621, 326.9461746119846, 142.4350291553274, -403.0172316077397, 1366.423366567254, 48.95019531372314, 186.6992957179868, 338.8260517811071, 838.4061854348711, 743.3373577404936, 136.48970747755436, -414.4564771121084, 772.1009821481601, -964.2730986993377, -1187.0190260354404, -946.6039791502673, 393.57099093895937, -499.0276905474297, -657.6485450284655, -2039.2358856359658, 1655.4074878950387, 2393.1835969588274, 294.49767694711534, 1278.6728419933388, 69.72561290063304, -291.9120982040408, 221.07645090428372, -549.9789164253848, 564.7610697054341, -145.20719120033823, -1298.4412950541866, -666.9041381433034, -155.21040217139824, 156.85340677485192, -860.90870953779, -432.8725480871459, -233.7076175138841, 2127.0304711549843, 318.0823397093802, 285.27582607090767, -94.11512141441789, 653.823912972392, -334.7889736334405, -189.21644678690325, 608.2635546629261, -1092.9644926200056, 69.24492223471775, 965.2259135765505, -1209.7392310745017, -514.8494674351734, 447.011056812135, -774.4685815184291, -492.5779523498373, 285.5742138394158, -64.14707928432138, -145.32820252148923, -1348.1771118513213, -2297.9986861046264, -109.24139333062968, -92.29857538381732, 498.9477576447029, 553.8969739435165, -1.3932339103843248, -392.03435937791363, -591.3475620957148, -437.46272361048966, -977.2758910719832, -892.3475712660214, -491.954452246488, 821.6377946476857, -1583.2218727937643, 782.0321329462133, 23.06848865095735, 521.0860134587728, 297.43302819557294, 620.4318909681094, -1435.6402060621176, -536.9021128150089, -421.9594242568165, -843.1013533235796, 246.32956158175176, -128.46540941943897, 811.070449640416, -1264.1969297719288, 228.71121127289194, -688.7834518979298, -1337.4165067275305, -466.12026961093017, -157.1629872883849, -2633.827824162722, -724.7769737756887, 801.1365286432247, -1499.1354480850314, 197.85351751769127, -1661.610128009614, 628.6488134982886, 636.6666166683352, 534.3583631057822, 939.1286211904901, 801.121915267779, 762.5082620779818, 128.2455717989401, -415.18698043968806, 985.7581403044264, -253.38013276697603, 532.4624965024182, -90.78244265852074, -513.8426111064716, 572.1592433798128, 598.8104742898234, -123.11774722197443, -739.9684312735877, -312.53913537167193, 1615.2705747327411, -789.6482246981325, -365.92944759316373, -348.90011873374095, 866.2414773883036, 362.14991485652564, 575.4920840054195, -1519.866872702796, -827.7252897818262, 249.6547294545171, 444.47118759849894, 280.9995014711221, 233.12601343057236, -1057.6133961620162, 352.3769846491742, -678.8836732262762, -87.15642213051483, -663.9405955996655, -1003.5242525598995, 512.6987394388409, -51.64250557033343, -312.64485259061934, -499.77793895374305, -613.6661360628473, 483.8461631101458, -974.3785034712308, 403.52803205187433, 1309.8010664794906, -662.6762537270328, 636.340500986734, -660.3055999804513, 373.05998538406885, -1604.5379516105195, -64.85390732734396, -884.983738407996, -72.83801015395353, 519.8897067607902, 832.9303311447632, -2519.6603511627773, -66.22794402101418, 283.8746562977392, -108.56389032458317, 380.3028121497099, -1037.5301200845756, 136.92287411626177, -908.4685531494094, 409.6308099337031, -411.9791932683666, 172.7331330473504, 1513.655991893622, -877.0008104934908, -255.23633609138818, 593.8704893418194, -359.935961881301, -599.7452676655178, -104.90131013090867, 275.3927228031761, -391.8449091380582, -368.80200817509575, 5.9484471536023875, -389.5564859672119, -1090.7444094386926, -244.8521643375969, 24.65641706717433, -346.49824870000947, 1681.3925190665377, -453.3055243167792, -306.4294539543794, -136.0461195071154, 357.89488458783325, -602.1677031781991, -901.3200115425557, 97.31458788877926, 184.5218593405687, -1.3114293318046322, 1003.6389785838135, 949.2206623826057, 190.54479868176446, -796.786803403837, -2154.5079016163245, -673.7242894002179, -103.85929575871752, 59.62366592368066, 111.53943714115591, 1106.8317340124859, 0.6595079727402862, 999.2422655728487, -950.8652701291026, -272.8461442982857, -834.274230467903, 185.74916902525734, 149.49089020343428, 239.27607153262403, 294.4916311242245, 870.7823427330812, -369.10253635895464, 821.9658300016704, 11.564669270189697, 118.1817951895372, -642.2026233080019, -494.93833213121246, 1399.6699707067376, 21.704883636583205, -14.633589987628525, 582.5949131301666, -144.2952734289047, -877.6711012524207, 12.169944741668559, -1615.5535550099328, 205.5018486699879, -1614.723852237524, 1144.0022000977588, 235.8516406475424, -18.956528909489222, -122.81033620216523, 260.0680701905781, -447.54620094601484, -436.53127428598253, -486.4014648720812, -49.46605997393603, -1311.940543009803, -732.195163823083, -625.6494143063296, 299.1999751723492, 233.5386042992355, 237.34861200535062, 2153.0654530981674, 984.8572308189771, 1022.735406667585, -371.8834398450537, 2721.3625645843326, -796.0572980269579, -1011.1852413832328, -1324.3786804027138, 599.9106214593476, 695.0267968149885, 877.8411660199679, -2340.3004883572016, 68.4230093712279, 86.68816403024435, -827.5177547843637, 1323.2790426927743, 802.6846791776217, 751.0998418896326, 926.4904933628698, -408.8927002440121, 484.5932475087697, 1010.7786841141051, -293.18387910644014, -1650.41040654418, 40.2879131531772, -520.7081742768372, -880.680608261781, 214.440714658533, -452.0645056469791, -190.24726645474476, 432.7173618343624, -236.3975107076251, -1201.6694535276654, 369.541738247772, -908.6133548555091, 1157.9784459987025, 1076.6318421825679, -536.6409413563057, -574.9124853615812, 413.89983055647605, -460.0282780497107, -451.53933417273237, 767.7694834865108, -1202.9112894246016, -60.49946927353541, -62.277584828956336, 120.12085040362562, 141.17162107682776, -816.8527544798529, -545.137668949879, -933.4654736536338, 546.2033483884879, 445.250662755704, 844.5678268210573, -1251.2866141860495, -420.6947339351946, -1.7168900843542474, -72.41762210452096, 198.13186265805382, -1483.3378553571536, -64.6343917528671, 44.48727187853332, -542.2106905253213, 434.6516895488722, -518.7568753723174, -57.98886969679644, -987.9707638037072, 353.65679051556464, 553.2630289038809, -566.939804770072, 142.446799839417, 342.31558571514125, 50.80016904802498, 963.9966634247105, 219.77466460201458, -619.7973292672965, -423.41110438497293, -764.8865306127825, -1679.50640185174, -746.299566791595, 61.314021489328454, 2646.3922302668516, -1001.8744450371712, 53.82431794988155, 749.5023056976466, 41.4576798483112, 347.92255119396197, 442.7926668735079, -1299.701941776068, -2164.42314988498, 566.9780055099329, 148.08353686560724, 257.0241294028015, 1173.5886876981328, 900.7717017062223, -297.18528051505336, 127.58121614877454, 198.3973527729401, -883.3703207319575, -2361.8167670743746, -906.8828544870938, 718.7518097659065, -745.3658440790807, 198.94005950540026, -633.2442454977638, 379.2042321048103, -1376.4352627260585, 907.3118733865342, -44.26893793099016, -7.274909643797585, -438.44184792732887, -376.69996458910157, -1873.1690649438663, 386.00693497826427, 406.069313196816, -70.42916695437249, 1094.0413145115542, 193.36040782964216, 1001.6052894253396, 209.46943830537634, 334.10874278253374, -202.43751719815623, 669.1456193247764, -2122.2536884328274, 431.8033108080354, -1449.5641175488986, 861.1101045998954, -288.12625152811466, 401.8399068860581, -691.7248453365428, -571.577384346107, -540.9086502027322, 317.2459425380584, -2126.8604193855767, 344.1361493492023, 1467.2639468155032, 701.1958902290811, 392.0599582827196, 870.4690757162662, -277.74085101477766, -729.6745106450525, 93.38341033420001, 284.148890638139, 285.93224159513034, -1391.6005980932998, 303.5831546476797, -944.4053286308956, 1935.6188579001096, 119.21056595646722, 621.1434632710109, 202.1856458770963, 665.5009060780037, -651.9233853832254, -100.11788748918373, -1224.282544992234, -1349.9881250603646, 324.0551974543319, 251.6789243605636, 647.4772019929711, -322.9376587014566, -709.8505151215595, 739.2142969756239, -1507.6913760570242, -2182.059233813444, 42.94991434113625, -197.6698180443277, -316.37939148837705, -859.0997453590833, -162.2995282781414, -153.2078934543236, 441.5289036696286, 501.5276486429347, -52.58196309853129, -675.9009120874443, 303.0335832312937, -439.1316104340064, 569.5821542236363, -134.21279041134449, 216.83971224246773, 1553.71554885534, 648.7469361605883, 740.7370761880113, -1608.6902782257146, 143.6545360379708, 655.8841659070149, 118.32753127885029, 519.7791287149664, -792.4096618904669, 126.2760110459843, 492.37700340024134, 279.3416992269094, -2762.7015209807973, 270.10438494602437, -2554.4241740102957, 760.6330234415286, -822.0768929058747, -1821.6734855995444, 666.503370357976, -1169.0033359529637, 501.9242484735483, -687.9777185275594, 690.8557501800047, 1209.205272122911, -592.5231236643294, 970.5425126181185, 1269.5188554658519, 262.2533435521747, 431.38114038286193, 459.78141219890205, -2154.966440488201, -380.72063610597735, -1028.6061377588073, 95.67458866934025, 65.64305923359042, 933.2082096441302, 917.2659519449697, -649.1311254344602, 1089.2066203012757, -60.13072894439945, 436.36689214448035, 386.4069926038188, -1983.901770301392, 979.0090847242236, -227.91172733502594, -1165.5893430689273, -505.66454177053333, 529.011170023074, -274.3042150655865, 43.58589152138272, -1213.889605513009, -1623.5845996916864, -2116.3274591834074, -610.5991599973954, -1486.1594367101595, -579.2398163321714, 33.05061076937879, 635.2312815357432, -737.629612214817, -544.3465787133949, -298.1169541972311, -113.87815558373755, -64.32393178789185, 330.6258176529901, -1415.3424232787481, 417.4758022357907, -1287.7832374089846, 97.15651181202735, 2609.3481646878636, 1160.0556722168897, -298.75099707305503, -160.59750362675328, 164.2477287597066, 1149.6875122307931, -1541.6357696858488, -362.0309478447973, -543.8010193350937, -1801.8186674490457, -2014.7690739984912, -265.2847159072557, 566.9192867783754, 771.159880929711, -156.92004294338193, -298.73113166516345, -1019.2244941827055, -240.2369470376055, -925.6381500664825, -26.28590062200341, -1143.110152853015, -1002.6688159777672, -408.8319326115431, 151.71564288126507, 1002.7292936099359, 214.31917939359505, -243.6096825716848, -1265.9499305127968, -725.3999764155975, 697.678004410488]"
0.5,4000,162156.76056976634,162156.76056976634,0.028218984603881836,132.82177190243,"[3, 3, 1, 3, 1, 3, 2, 2, 2, 2, 2, 4, 3, 1, 1, 4, 3, 3, 2, 2, 3, 3, 2, 4, 2, 2, 2, 2, 2, 4, 1, 3, 3, 3, 2, 2, 3, 3, 2, 3, 3, 2, 1, 3, 2, 3, 4, 2, 3, 4, 2, 1, 2, 2, 3, 1, 2, 2, 2, 3, 3, 2, 2, 3, 3, 4, 2, 3, 3, 2, 3, 2, 2, 3, 2, 3, 4, 2, 2, 2, 3, 3, 1, 4, 2, 2, 3, 3, 4, 2, 2, 4, 3, 2, 3, 2, 2, 2, 3, 3, 3, 1, 3, 1, 3, 1, 3, 2, 2, 3, 1, 1, 2, 2, 1, 2, 2, 3, 3, 3, 2, 2, 3, 3, 1, 3, 3, 2, 4, 2, 2, 3, 2, 2, 2, 2, 1, 2, 4, 3, 2, 1, 3, 2, 3, 3, 3, 2, 4, 4, 2, 4, 3, 3, 2, 3, 2, 4, 3, 3, 4, 3, 4, 3, 2, 2, 3, 2, 2, 2, 2, 2, 2, 2, 1, 2, 3, 2, 3, 2, 2, 3, 2, 3, 4, 2, 2, 3, 3, 3, 4, 3, 2, 2, 2, 2, 1, 1, 2, 2, 2, 3, 2, 5, 3, 2, 2, 2, 2, 2, 3, 2, 3, 2, 4, 3, 4, 4, 3, 3, 3, 2, 1, 2, 3, 2, 2, 2, 1, 2, 3, 2, 3, 2, 4, 1, 3, 2, 3, 3, 2, 2, 3, 2, 4, 1, 2, 4, 2, 1, 2, 1, 2, 1, 3, 2, 2, 4, 2, 3, 1, 2, 2, 2, 1, 3, 2, 1, 2, 2, 2, 2, 3, 3, 2, 2, 2, 3, 3, 4, 3, 2, 4, 1, 3, 3, 1, 3, 2, 2, 1, 2, 4, 4, 2, 2, 2, 3, 3, 3, 2, 1, 3, 2, 1, 4, 2, 4, 3, 2, 1, 3, 2, 4, 3, 2, 2, 2, 2, 2, 3, 3, 4, 2, 3, 2, 2, 1, 1, 2, 2, 1, 3, 2, 4, 3, 3, 3, 2, 2, 1, 2, 3, 2, 3, 2, 3, 2, 3, 2, 3, 5, 1, 1, 3, 4, 2, 2, 3, 2, 2, 2, 4, 4, 1, 4, 3, 3, 3, 3, 2, 2, 2, 3, 3, 2, 2, 3, 4, 1, 3, 3, 5, 2, 2, 2, 2, 3, 4, 3, 3, 3, 2, 3, 2, 1, 1, 4, 2, 3, 3, 2, 3, 1, 4, 2, 2, 2, 4, 2, 1, 2, 3, 1, 3, 1, 1, 1, 3, 2, 3, 3, 3, 4, 2, 3, 2, 4, 1, 5, 2, 3, 2, 3, 4, 2, 2, 2, 1, 2, 3, 2, 2, 2, 3, 2, 2, 2, 4, 2, 2, 3, 2, 4, 2, 4, 4, 3, 3, 3, 1, 3, 3, 3, 2, 2, 3, 2, 1, 4, 4, 2, 1, 3, 2, 4, 2, 1, 2, 1, 1, 2, 4, 3, 2, 1, 3, 2, 4, 2, 4, 1, 4, 2, 3, 1, 2, 3, 2, 3, 3, 2, 2, 3, 3, 2, 3, 4, 3, 2, 2, 3, 2, 2, 3, 2, 4, 4, 1, 3, 3, 3, 2, 1, 2, 2, 3, 4, 3, 2, 4, 3, 2, 2, 3, 3, 1, 3, 2, 4, 1, 3, 3, 2, 2, 2, 3, 3, 2, 1, 3, 3, 3, 2, 2, 3, 3, 3, 2, 4, 4, 2, 2, 1, 2, 1, 3, 1, 3, 3, 2, 1, 2, 2, 3, 2, 4, 3, 3, 2, 2, 2, 4, 2, 2, 2, 3, 2, 1, 3, 3, 3, 2, 3, 3, 1, 4, 3, 3, 3, 2, 2, 3, 2, 2, 3, 2, 2, 4, 2, 3, 1, 2, 2, 2, 2, 3, 2, 1, 3, 3, 2, 2, 1, 3, 2, 2, 2, 3, 3, 2, 1, 2, 3, 3, 3, 2, 3, 2, 2, 2, 2, 2, 2, 2, 2, 2, 4, 3, 3, 3, 4, 3, 2, 3, 3, 3, 2, 2, 2, 3, 5, 3, 2, 2, 3, 2, 1, 3, 2, 3, 2, 3, 3, 3, 2, 4, 4, 4, 3, 1, 3, 3, 2, 2, 3, 3, 4, 2, 2, 3, 3, 2, 3, 3, 2, 1, 3, 2, 1, 2, 2, 1, 2, 2, 2, 3, 2, 2, 2, 2, 2, 3, 2, 1, 3, 5, 2, 3, 1, 2, 2, 2, 3, 1, 4, 1, 1, 2, 3, 3, 3, 2, 1, 4, 2, 2, 3, 1, 3, 1, 3, 4, 1, 3, 2, 1, 2, 3, 3, 3, 2, 3, 3, 3, 3, 3, 3, 2, 2, 3, 3, 2, 3, 2, 1, 4, 3, 1, 1, 4, 2, 1, 1, 1, 2, 4, 2, 3, 3, 4, 4, 2, 2, 2, 2, 1, 3, 2, 2, 3, 3, 1, 3, 5, 2, 3, 3, 2, 2]","[322.1364776797024, 319.4253583946798, -215.82983574730707, -22.427910403141567, -150.15826873437484, 197.51238411077708, 458.55126985101276, -397.45504136173747, -41.17024782607867, -214.39640701833153, 333.3380243873781, -703.6322897664221, 172.31496049823556, -231.8487399132699, 184.2003583129289, -1030.0499156495948, -463.3205961743413, -445.3460128106753, -139.44646221385878, -191.88037779296104, -1221.5891283796889, -381.8860491028128, 60.59449712189531, -543.8217367346227, -222.45081515927598, -54.04130657919121, -345.6215162803168, -292.44569533402836, 61.21310589784327, -33.63338319359918, -304.18850459752394, -346.4964229451715, 127.78389145529019, -238.19950321457048, 621.3562093197488, 229.32605164945602, 68.3559181377392, 252.4425944926947, -181.8354325511586, 6.0826533288366775, -54.815592284105826, 54.801024153952646, -558.1831015504642, -126.23572548592227, 156.27003497726736, 549.5854468527319, 22.779624572935695, -236.66932539649878, 712.0579618903047, -1308.2611032902355, 116.75930214052192, 71.55060236111677, -551.8139464136614, -4.822079713018631, 71.45977457867116, -217.1350844707845, -876.6758594644355, 257.4464311945287, 83.57684877765575, -290.81767592230455, -44.71552856682221, 209.5857210533194, 176.94165886403496, 52.28218338543878, -326.5560953856905, 111.13084200777664, 9.204916833163772, -59.99637874693607, -403.5890458489343, 48.29487526962438, 98.46683150286941, 61.52046541116369, 179.8175015867539, -301.35500305542007, -68.53533087733737, 307.94278101302416, -591.2939743210804, -44.75157434147919, -89.6872293632463, 8.335435397678687, -8.699096109452277, -948.6880584671635, 133.34904032424964, -984.1730415652919, -153.4721091383299, -439.3228857172296, -374.42015339122776, -9.29531370415895, -543.1123787346962, 262.30771550264495, -700.0163311686031, 1099.9678946599981, -130.4832064339173, 6.35267603917999, -130.42944040671273, 31.132617539088194, -506.88864852413514, 287.68195088009304, 361.04164853936794, 296.52322674395833, -246.42064005166378, -266.51227162480046, -254.4845066586653, 1132.4009820478725, 214.07594032947043, 36.6295861516702, 647.540499345369, 811.5024443139008, 103.37545264723178, -80.6770735288157, -65.49418388742464, -234.96757162549838, 98.46456773918396, 987.3895203784782, 233.9728208020125, 154.73323741066554, -34.063101912014126, -59.86179456709181, -13.342541360170735, 19.409154513762026, -392.0043964511686, 371.8900957842423, -873.1686195300348, -411.1974058513506, -419.8123132096383, -1.5964273357934005, 319.3565131331363, -375.2661490560102, 846.0694961225695, 897.8309555626702, -339.866750386376, 157.7315818454865, 96.38885834315431, 214.6669909379881, -528.6645622425829, 74.48214312632143, -104.22401765633144, -227.24903867277726, -81.14185604197525, -967.3227857835767, -374.28188480949353, -406.86879145847496, -202.0467464520094, 17.30424894568504, -411.32561183764585, 187.13408503556866, -188.79981725110494, -97.3083834848697, -485.43446814571513, 417.5836044733847, -202.00194905741452, -1106.4030180167258, 18.263074054771472, -50.652243774266076, -275.0262037669297, 75.26761743814018, -8.611704294221106, 57.98160693160016, 298.7533829164188, -70.85549921773617, -1049.9391591305298, 547.7075611751742, 15.638349655414807, 23.732963576868265, 22.760367245910807, 106.89808914270765, -576.5743195896993, -662.7648276784919, 232.88269011717142, -127.73115264468214, -60.97808798995364, 72.58461755485408, 564.9686720427784, -162.11113869683356, -374.9271779273055, 45.2042046079029, -507.0562660278786, 213.04038781335822, 416.6035427596181, 20.171792584253588, -874.4365342932886, 35.65390654564428, 15.253208194331854, -89.46341703760345, 140.88323967445103, -3.9339251468639347, -24.12811839744335, -584.3897925572658, -203.1221738783541, 173.85258803114323, -188.6376690281744, -155.4662752065003, 62.28680577819632, -239.58671363250642, -75.5552846401147, -231.64523026295888, -28.58013316860478, 385.04457342756945, -146.772780684824, -523.494758671062, -169.1198861502383, -172.76192120931643, -459.55804873518593, -856.096407826336, 311.96988212960764, 206.23394708686436, -278.5780773972785, 182.92358342340134, 5.088027406785677, -195.7377682705408, 324.4569603280893, -578.4421450877446, -148.8379405843758, 293.3204029467077, -649.3534684203253, 494.3497919562514, -518.4948299813639, 506.4571387944383, 27.034714759297522, -37.33139276131887, -166.31754609040397, 10.569936890170034, 341.52260756550635, -120.76051248700813, -265.9590981239789, 272.9078926615371, -84.12250178406549, -117.2642079194903, 112.61109146044558, -43.26681178310735, -448.2702119992024, 175.39065588866063, 107.19901946506954, -156.63492654167626, 503.6540439958807, -136.19183797696496, 222.8825446726368, -130.1756551005323, -706.1998946069609, 947.3094511896065, -288.50971431001443, 183.89299879960853, 381.89374067988484, -48.69002814176155, -752.2966621658088, 27.444303379243827, 226.9644708842672, -347.35820595290505, 74.40541588203666, 0.5897383402036169, 119.49339999788421, -262.81838874820625, -53.85752921344953, 48.26985528135226, 786.8461331020729, -603.745852955406, -1112.0618746464652, 718.588859598791, 126.07833968684702, -447.2694504588098, 155.44905803826407, -537.3484173170993, 264.106719493266, -1160.797735536094, -109.70769324586001, -381.65031232460126, 1290.99716482188, 391.41713819586585, 46.411325813210304, -167.25734033961936, 186.09963172771177, 80.05421556298029, 123.11844801569643, -411.24023419505687, 343.177418562937, -11.977808807942743, 323.1990501971132, 310.52742957571155, -116.72929781868874, -123.83828639884263, -353.7032264360475, -369.4893790975381, -28.77698780722124, 234.59812902546383, 273.475465777681, 468.13143720607246, -133.20320284554953, -504.85558126535085, -353.47567112927806, 118.78750424787506, 96.72111598705305, -2.340659675252475, 529.6537705991243, -1249.3336087915939, 59.56996541082743, -437.6153328654498, -138.97903887467336, -258.52854134093167, -384.0534094776226, -598.6177893819635, 150.12494717857155, 246.6981442582192, -391.78893997661623, 416.2251125890389, 51.083970006826526, 456.5439622472578, -321.7132100548233, 799.2589238093055, -248.1966587161616, 194.67154704364646, -299.72401089327116, 262.7662165934673, -398.61634099959457, 305.24017096491474, -158.84025428387702, -5.771567511608787, 118.79540686667625, -240.9989323840167, -291.12572528140834, -412.3906688163651, -152.5053969024207, -479.7844472417127, 359.2269739109349, 14.547038028849904, 262.60394677489535, 113.56894597275382, 206.2947406448107, -506.7489065145582, -149.0451764775299, -221.74126002398916, -249.94360394443322, -196.08619912779562, -287.0089625180696, -404.0566780085201, -58.3700631270845, -55.09545487395761, -745.5973459735648, 22.047084797470582, 130.437298508997, 123.27308508764656, -479.57109430518193, 477.60932853290143, -1172.8280118224627, -191.4048024361139, -1043.8319073168973, -751.6192829850181, 95.45883660593188, 228.14482425798707, -420.29188682212856, 143.2154699930855, -267.7177138626654, -286.9067181673632, 250.1631249771832, -152.7025224835268, -76.62547421998619, 15.064444975833005, 126.9496068793826, -140.4114266064525, -656.4225068626644, -89.24985851138882, -117.47149000470833, 266.23643863188755, -96.93503421590019, -294.8429491788321, -45.552414706470294, 55.972513213029124, -476.2929202270584, -506.0552390362869, 388.46404886495077, -14.687454665122722, -494.35579886129716, 240.1174728892616, 279.74172196790477, 243.30433122977826, 782.7179537999151, -142.252945703102, 556.3983565556734, -757.9800331100025, -696.5599085831946, -88.04408887623043, 606.5644892224454, -43.49531273338044, -944.323208620187, -844.2353293634067, -462.8767961315253, -36.135811052276146, -409.5711162122962, -535.1798251953389, 188.21564569376977, -396.0247504141965, 914.3372489839638, 260.86288846823743, -470.2777997154563, -37.65726179271939, 504.0602552287499, -28.795605639454458, 6.481213319644674, -325.9890516312119, 344.04438076803746, 218.01379452747653, 240.4572378267922, 190.15557316661005, -1650.3083138878476, -134.91323175439823, -198.91421170783775, -219.63660252241016, -499.63475007008776, -37.55564079840851, -49.975700176982706, -198.36639375225502, -887.037429199233, -70.2468536873476, -344.732402188382, 176.77198401433367, -364.63317241023134, 411.49271841334024, -4.805296494624763, -104.56827301575589, 120.61693652567175, 260.2245010234736, 12.093047547036967, -382.5915507901456, -261.037292462899, -351.56666704345537, -631.6749884195654, 304.00226639380077, 61.55632266274427, 299.3237874323481, 0.7701859284513048, 205.60322173637718, -195.64556516382686, -289.22899004578375, -705.3798967190594, -59.441227038769505, 39.783796684951774, 1008.7579750809555, -207.22063159290224, 13.090376785380847, 189.21869273365948, -382.7035709336454, 93.39539953308335, 59.433361182685026, -345.455522551705, -211.1537808651409, -339.3558361009911, 42.44456187762484, -331.3314146601194, -147.93173635007247, -78.07998787399018, -417.28902473831147, -124.08901430850653, -690.2997954701625, -191.22745426133065, 486.28796533994813, 238.19492732952216, -307.2481811246006, -229.98231110712717, -133.6065512518486, -69.05433630459987, 120.61213110984485, -228.2879440345579, 115.69379959176675, 808.715274215589, -417.76967897846106, -88.59475123281348, 151.21297539570116, -1231.7619677024713, 292.5143254506299, 273.37032862342033, -134.1812972646827, -1140.8553235795475, -652.9126836273517, -159.6291135655007, -856.275844205123, -490.50548317683325, -315.14440101634506, 101.63780218637038, -21.33507657800247, -195.35313927303253, 93.30326530224227, -265.18021670176546, -304.3760180844835, -151.31941697470043, -150.89689142369997, -430.17588890502117, 186.76033602044959, -507.5102947674531, 47.832484429494805, -324.7681003070296, -307.36201346018316, 6.688926765198694, -162.5052274228919, -526.7948966232199, -96.0235601725453, 141.84204555652389, 67.24211903477504, 1323.5042237228172, 606.1299852095327, 962.9780028923263, -234.95128990580645, -221.59298528543206, -409.93606483674574, -515.2197202295351, -126.67564574774315, -37.238690734570746, -64.53075870992876, -746.48510300406, 704.5168159204172, -248.66834432370143, -302.48500519369816, 201.93690390690776, -189.37670429180315, -313.9190164110177, -425.2815599561432, -90.44109205968064, 390.32815247126354, -550.8208456189952, 450.28075073805365, -4.7941307637123245, -34.597520916875375, -651.2841243489561, 390.42972743625165, 206.8590236139235, 829.491449128012, 582.5094370347579, -216.12103539862915, -439.65002389936575, 153.82547216973762, 351.76116808793324, 346.4788816103582, 24.6384417380387, -82.77823320314332, -224.23428043380414, -170.42692108500128, 317.62007324377396, 23.098467829849604, -898.2010987992128, 49.89217524041619, -305.2054192461311, 314.3045936788341, -312.4006607329283, 834.4938864599645, -435.57286233291927, -50.20860743009694, 327.81920078180707, 127.64279787556421, 37.908352792083214, 259.927491349219, -69.59052016930008, 376.54959417631994, -634.0469716147435, -87.44104036000442, -602.8222140248955, 3.1159581752374166, -390.9305251143467, -193.15547371504599, -57.95596663067379, -352.26019236670896, -254.97445566622523, -822.1659840201328, 344.4375560380664, 278.2234596513818, -18.421917789711067, 245.79043810647784, 112.05078192254635, -332.11244039099745, 76.2219523175155, -74.92008223915957, -537.2878959641356, 752.376481946371, -263.13385641992767, 14.30949589839657, 210.89648203874276, -188.18872031208224, -763.843741101613, 1352.8827697569468, 661.8177157247247, -113.66911535574206, 281.95723968397033, -63.530494827077504, 146.95243399917234, -296.2852367715884, -1089.1957991929476, 130.59097826565727, -5.915829204677145, -60.910910362802326, 324.3639859970473, -729.7473657597408, 117.10401387689467, -475.998864089469, -662.1449508221185, 15.570091960964454, 271.9121069894018, 93.09931646750135, -339.8567442295531, 325.65160454874325, 1062.024582791149, -628.1349489982781, -367.1630537711635, -332.6870570902216, 386.7051245017495, -42.46393454547722, 7.248006590642639, -914.5781277558443, 147.25966853673964, 14.721139915862814, -577.6990790761586, -126.15666852795593, 109.14197254131096, -5.209348466242567, -37.026299414356764, 504.89585940569617, 31.63926262634039, -203.45511007095928, 54.01517732308675, -136.5745905196806, -749.483420579956, 713.5346115011174, 186.84182391373136, 431.74781051727103, 510.56936689225716, 42.880744857980126, 392.7837790092556, 54.09277420456828, -447.1791441042125, 3.156472635976364, 147.12755677824015, -43.593621305456985, -30.47767991552376, -67.35167255055313, 875.3934562405602, 122.26995455803325, -49.42768585444394, -489.88693564484714, -303.80899486959555, -165.36715846926228, -22.915319969050223, 331.47924006951285, 117.23013546612455, 683.4518559056937, -292.88196527709033, -205.66032930682417, -365.39195909938576, 1.0455362907278598, 2.6264695275589887, -601.0590638128721, -248.74663798074465, -2.5063844098123624, 24.842811494380733, -165.15058277300162, 325.6861904390981, 902.4576788257027, 245.73326335534904, 743.8973330192056, -1376.909323649083, 90.95967592427354, 83.42615771763406, 50.25144876621284, -91.8912637463572, -594.4213022528195, 347.28847633669596, -758.2427078439079, -18.535143683176408, 330.82657012511265, 112.98627553543719, 182.73396532810972, 240.85251335404257, -293.2895741094312, 588.7550471294592, 8.60595880049928, 236.74674950491004, 66.91768399293687, -458.65552178081157, -393.7557816082436, -13.91485208657874, -22.514639615879524, -1184.4644180617622, -191.719777749402, -142.58435113493314, -330.30104114919135, 32.73636564961226, 828.4907142705496, 204.4558248843448, 322.6763017026667, -7.448862160465801, -24.059966438478504, 337.99364931509757, -247.34677203957892, -502.1844990808499, 200.48906094875935, 31.429658112142853, -421.8923480664221, 290.9472249275293, 42.399536329490566, -51.751997886304075, -271.3597266921693, 117.47050152425928, 469.9769458561437, -244.69005364720164, 23.928408858169185, 345.5363798697341, -274.37113485632443, -351.6719132434435, -563.0151803378941, 286.2210601889077, -62.89810086182538, -277.20663009775166, -96.63307972068293, -273.0165327212858, -388.227826771168, -411.02463639353044, 57.095365345895665, -48.866233566796176, -648.8186553527879, 285.8447140870697, 62.20702186896951, -759.010193993592, -467.9810275881979, -266.19191832832905, -3.3254716125348907, -101.88050829510317, 137.92062526781132, -386.3941523301583, -207.54240640570583, -105.76324615824865, 162.78991784242265, 287.57425638953, -125.17498082856753, -290.15004441288943, -599.3875037038445, -37.22461286696507, 652.0089438801499, 423.0097327927373, 205.7181877551896, -251.53011282779272, -239.95735200335588, -180.21283970116707, -682.4357914092418, -184.75853083089024, -361.7093672843807, -231.3879094636897, 192.87590237035727, -369.5169372649685, -13.548799272533294, -181.5243539169562, 727.3227784172245, 174.488272335609, 464.50040025204197, -401.2576429017502, -148.60632872484666, 166.46289926292067, 141.23645759864664, 304.29804128910285, 525.1617883348883, -569.5127619502449, -368.16526863425736, -116.7279462485397, -51.131873841560264, -208.39567715777798, -428.4341035409774, 2.6152970428630837, 276.17828597855333, -468.60876869540243, 272.8485162688122, 119.10185071347706, 237.40527316876233, -644.3258315840856, -521.6920072621461, 499.23861814684864, -266.3400010708267, 399.7651267852809, -166.0814795982834, 164.06263296735918, -179.3586103713119, 72.37775260048676, -250.46127481807025, -421.6148773417828, 216.78435647419508, 4.594671709796849, -349.7996157490741, -134.8250933765275, -484.65841393198366, -105.1396670053341, -364.24467066375166, 170.42136430653846, 158.3607580125636, -243.0975048802984, 380.87088969251477, 741.1105669548164, 114.70025410519241, -204.02869563157623, -87.12234466334132, -437.49056284636896, -277.8502588619717, 389.12232115206285, -630.2115705878442, -151.28120016859546, -189.84404742206544, 97.06579119776836, -87.6950279087965]"
0.75,4000,23621149.407293186,23621149.407293186,0.03426361083984375,1355.6435159848654,"[3, 3, 1, 3, 1, 3, 2, 2, 2, 2, 2, 4, 3, 1, 1, 4, 3, 3, 2, 2, 3, 3, 2, 4, 2, 2, 2, 2, 2, 4, 1, 3, 3, 3, 2, 2, 3, 3, 2, 3, 3, 2, 1, 3, 2, 3, 4, 2, 3, 4, 2, 1, 2, 2, 3, 1, 2, 2, 2, 3, 3, 2, 2, 3, 3, 4, 2, 3, 3, 2, 3, 2, 2, 3, 2, 3, 4, 2, 2, 2, 3, 3, 1, 4, 2, 2, 3, 3, 4, 2, 2, 4, 3, 2, 3, 2, 2, 2, 3, 3, 3, 1, 3, 1, 3, 1, 3, 2, 2, 3, 1, 1, 2, 2, 1, 2, 2, 3, 3, 3, 2, 2, 3, 3, 1, 3, 3, 2, 4, 2, 2, 3, 2, 2, 2, 2, 1, 2, 4, 3, 2, 1, 3, 2, 3, 3, 3, 2, 4, 4, 2, 4, 3, 3, 2, 3, 2, 4, 3, 3, 4, 3, 4, 3, 2, 2, 3, 2, 2, 2, 2, 2, 2, 2, 1, 2, 3, 2, 3, 2, 2, 3, 2, 3, 4, 2, 2, 3, 3, 3, 4, 3, 2, 2, 2, 2, 1, 1, 2, 2, 2, 3, 2, 5, 3, 2, 2, 2, 2, 2, 3, 2, 3, 2, 4, 3, 4, 4, 3, 3, 3, 2, 1, 2, 3, 2, 2, 2, 1, 2, 3, 2, 3, 2, 4, 1, 3, 2, 3, 3, 2, 2, 3, 2, 4, 1, 2, 4, 2, 1, 2, 1, 2, 1, 3, 2, 2, 4, 2, 3, 1, 2, 2, 2, 1, 3, 2, 1, 2, 2, 2, 2, 3, 3, 2, 2, 2, 3, 3, 4, 3, 2, 4, 1, 3, 3, 1, 3, 2, 2, 1, 2, 4, 4, 2, 2, 2, 3, 3, 3, 2, 1, 3, 2, 1, 4, 2, 4, 3, 2, 1, 3, 2, 4, 3, 2, 2, 2, 2, 2, 3, 3, 4, 2, 3, 2, 2, 1, 1, 2, 2, 1, 3, 2, 4, 3, 3, 3, 2, 2, 1, 2, 3, 2, 3, 2, 3, 2, 3, 2, 3, 5, 1, 1, 3, 4, 2, 2, 3, 2, 2, 2, 4, 4, 1, 4, 3, 3, 3, 3, 2, 2, 2, 3, 3, 2, 2, 3, 4, 1, 3, 3, 5, 2, 2, 2, 2, 3, 4, 3, 3, 3, 2, 3, 2, 1, 1, 4, 2, 3, 3, 2, 3, 1, 4, 2, 2, 2, 4, 2, 1, 2, 3, 1, 3, 1, 1, 1, 3, 2, 3, 3, 3, 4, 2, 3, 2, 4, 1, 5, 2, 3, 2, 3, 4, 2, 2, 2, 1, 2, 3, 2, 2, 2, 3, 2, 2, 2, 4, 2, 2, 3, 2, 4, 2, 4, 4, 3, 3, 3, 1, 3, 3, 3, 2, 2, 3, 2, 1, 4, 4, 2, 1, 3, 2, 4, 2, 1, 2, 1, 1, 2, 4, 3, 2, 1, 3, 2, 4, 2, 4, 1, 4, 2, 3, 1, 2, 3, 2, 3, 3, 2, 2, 3, 3, 2, 3, 4, 3, 2, 2, 3, 2, 2, 3, 2, 4, 4, 1, 3, 3, 3, 2, 1, 2, 2, 3, 4, 3, 2, 4, 3, 2, 2, 3, 3, 1, 3, 2, 4, 1, 3, 3, 2, 2, 2, 3, 3, 2, 1, 3, 3, 3, 2, 2, 3, 3, 3, 2, 4, 4, 2, 2, 1, 2, 1, 3, 1, 3, 3, 2, 1, 2, 2, 3, 2, 4, 3, 3, 2, 2, 2, 4, 2, 2, 2, 3, 2, 1, 3, 3, 3, 2, 3, 3, 1, 4, 3, 3, 3, 2, 2, 3, 2, 2, 3, 2, 2, 4, 2, 3, 1, 2, 2, 2, 2, 3, 2, 1, 3, 3, 2, 2, 1, 3, 2, 2, 2, 3, 3, 2, 1, 2, 3, 3, 3, 2, 3, 2, 2, 2, 2, 2, 2, 2, 2, 2, 4, 3, 3, 3, 4, 3, 2, 3, 3, 3, 2, 2, 2, 3, 5, 3, 2, 2, 3, 2, 1, 3, 2, 3, 2, 3, 3, 3, 2, 4, 4, 4, 3, 1, 3, 3, 2, 2, 3, 3, 4, 2, 2, 3, 3, 2, 3, 3, 2, 1, 3, 2, 1, 2, 2, 1, 2, 2, 2, 3, 2, 2, 2, 2, 2, 3, 2, 1, 3, 5, 2, 3, 1, 2, 2, 2, 3, 1, 4, 1, 1, 2, 3, 3, 3, 2, 1, 4, 2, 2, 3, 1, 3, 1, 3, 4, 1, 3, 2, 1, 2, 3, 3, 3, 2, 3, 3, 3, 3, 3, 3, 2, 2, 3, 3, 2, 3, 2, 1, 4, 3, 1, 1, 4, 2, 1, 1, 1, 2, 4, 2, 3, 3, 4, 4, 2, 2, 2, 2, 1, 3, 2, 2, 3, 3, 1, 3, 5, 2, 3, 3, 2, 2]","[2476.1800852665565, 1844.7155105504582, -1049.7428226364148, -331.80610400691864, -991.697428473554, 4935.127288122913, -14313.108164750969, -3303.7868333253264, -124.26976599465684, -1337.5199955413982, 2536.4830103055, -5442.4658607569845, 2060.0635813622475, 71.87759581468435, 1733.6083955339557, 1578.5158416574493, -3504.153157446245, -1582.6612150849248, 877.7549994953667, -1524.7408664292602, 10867.781760804439, -2603.102590081294, 451.3134713121856, 15231.855483700418, -1535.097821563142, -810.4298291226021, -1791.0050158201896, -19.977332921789866, -162.2256912353248, 8583.324213201444, -2801.691442223634, -3183.6712006053176, 1851.8664894531153, 4265.189252849147, -1573.7544759610726, 1017.8457926999365, -277.9900976158176, 3000.409432336248, 45.62759018987549, 6797.312823652421, -3014.113107965475, 2666.8244720354405, -4785.927121929205, -903.5906460977737, 1429.0296476443307, -12306.738529077398, -1038.9854891449643, -1639.3806066220216, -1350.8976006377482, 7557.065277320288, 3773.31700392153, 2167.8637158949214, 891.5559034547339, 1897.9920911660554, 355.5887564842676, -1660.6982233387077, -6500.515777152338, 1356.8379325881908, 837.141451884879, 1242.9753307134004, 38.59995688644972, 3694.995870619211, -564.6820607085394, 1817.2948605147633, -2459.4541085656, 1591.3032225092009, 3314.087119645519, -73.29954194744369, -2719.9395073442474, 539.3164701290195, 319.0242454987531, -160.57103780437797, 442.88446782691676, -2638.915867935688, -455.4414358338163, 2071.3118465425005, 13168.686580503818, 1372.742388519178, -357.72013123010447, -601.1071426034493, 3200.5797513525895, 6732.557227777927, 2017.450740833095, 12238.987430890564, -1345.7102140338345, -3066.5280673417947, -3179.7797511949375, 328.0237356978539, -1146.1055147441623, 1537.225747966211, -4932.60928571106, -16351.361411306096, -1376.168043529969, -3648.736446758162, -577.0536360211404, -15.727679786871022, -2798.5978590798586, 1673.8265812099155, 4741.347878620001, 3063.0483067231717, -2028.0491890415726, -2080.735010632163, -1707.5494791440233, -10057.561941945682, 1586.0072817982048, -448.78710176575237, -8577.80389252232, -12413.014474880598, 1116.536305858001, -2382.250241082106, -1479.3418562191498, -1044.8834233487155, 1504.5222342649824, -10358.876182379687, 1076.251659447292, 1420.7563804895974, -829.3573908834753, -83.61809684920706, 53.27739597891491, -95.53543059033268, 10206.432514615673, -15831.427208569121, -6046.720881005258, 1260.8285363049206, -3396.407806549094, 3290.372643871171, 3641.333425156674, -2539.726514843039, -6922.416941640959, 3782.8001013321373, -2872.936244251291, 467.16037599865433, 153.6202361898604, 1280.7544661694844, 3136.40006748639, 371.85951522190976, -322.43974204916964, -1560.9288001240309, 3172.9034285744547, -1958.0016940616308, -3829.295033981415, -4335.506753437073, -1761.4265173687077, -1349.585344646602, -3224.2409520444417, 140.44796239586663, 892.760369464929, 1554.3143948870372, -2613.995339425521, 3270.711071593195, -1943.1409043244846, 11515.618197929285, -112.74837478770735, 105.38092404492522, -1691.6554486732177, 376.08807398988415, 374.2395626934392, 4200.2390020301, -2329.4279620341113, 163.73492574184434, 12226.76400886993, 413.55710999512326, 3481.8960946848993, 499.13391092630286, 93.41811286983625, 854.8037242961757, -4455.673433761412, -3369.9931365078473, 1995.687113957779, 5294.803542965652, 1567.9410379735698, 948.8778352342056, 2449.5446373803725, -1056.045061899256, -3336.726642967881, 522.678010628945, -3585.384434539008, -1600.1240149904488, 2830.5211036561204, -724.994336468644, -5603.835320139494, 751.9609999060953, -426.3434492081185, 13.90180671068083, 2114.7679731144444, 103.92817600400326, 136.4904283759363, 2191.7986746497054, 429.3984762047901, 1677.9017300254193, 3412.009238683195, 10631.956218203766, 1051.4118430145284, 11616.09613411109, -590.0762707065653, -2229.20306999263, 1755.29443294116, -15492.855024167076, -506.6384472267805, -3828.0975291493505, -1738.3838859309014, 1656.480577740874, 334.5705971237046, 13732.958106008306, 4867.226243066713, 1993.501644279833, -1837.255923092117, 1109.8655368289417, -326.8498015652656, -829.8965566071877, 1417.7203986574098, -4774.163476837706, -2147.5865662203787, -15887.906214623925, -3975.7916474740896, -16236.428110651652, -1089.9720649020164, 750.556065884029, -4156.121920046128, -367.1779255899416, -901.6985657695307, 4381.771389488717, 2552.806075324507, 329.9878256666444, -1642.8431724602926, 2337.639795515677, 1006.573762922095, -506.1793140622599, 2247.6340464461427, -878.9050686212661, -423.936390339318, 1593.5198757990072, 674.4682151995212, 1093.6565298529695, 5096.1413407450955, -1379.161955910795, 1137.8018303846848, 6234.68600870039, -3884.5199922420734, 4436.704057522409, -1622.9665963922835, 1731.9537421030088, 619.4075650041491, 1366.3373875776613, 5942.745869835959, -35.58352095823034, 1779.9734835224508, -155.726496243243, -15661.812955552856, -334.370981839543, 740.654352437386, -1962.1082359706936, -319.05021738891355, -231.90498571629928, -12376.735595975097, -4876.994394417038, -3876.3760003272346, -12356.65582902799, -1676.3692387981853, 2417.241262120807, 961.9579051404351, -3874.939757450262, 1067.5634147696962, 4511.154707279434, -1236.585985277561, 1601.849278584614, -10748.675919512467, 2694.931447509105, 683.3938352168221, -46.8045031317406, 1126.9636222820566, 2213.6424608177786, 583.6050983163037, -3223.781326091401, 1972.5834506863887, 322.72808524169545, 1865.0309776748584, 3961.8949616285136, -404.55869966329715, -541.5705124463962, 2190.5421856649664, -2662.8449364721846, 561.1748015012874, -584.6464493108272, 1209.1908123267247, 781.9246488735923, 2568.933891470255, -2365.679837709017, -1790.7517841286772, 1322.1900838349436, 1524.7723180625542, -41.71191732413786, -13930.33167105865, -7044.026410493134, 445.7979598756972, -3057.33554828098, -777.2972925705199, -2555.8834825374524, 5585.842785832339, -4877.125938516889, 978.1561154885819, 2532.7139265144733, -2360.9203117179504, 4592.082149929451, -1617.4453425944569, -1333.4285597427263, 4740.901812294115, -5863.90051902724, -2164.0894436372246, 1173.1100679673457, -2133.0494715926025, 2619.2155308767387, -3436.517781059085, 3633.5661706628434, -1556.5648864123937, 8036.299218187401, 1368.5636071208203, 5270.368417874312, -2731.3686714084024, 9675.161816963155, -1648.9406754691756, 9579.6559736445, -15338.205433155552, 49.20209618731792, -506.47710781365026, 1771.9727254418406, 1389.9002588261917, -3583.7297811080607, 67.93482010281605, -2049.4064246675007, -2019.2766770245564, -1393.165327264165, -280.5508976048229, -3030.891684790673, 2009.3453586320727, 700.1872536012384, -5359.947781971801, -527.2912145451089, 210.43903149009816, 775.7995376507508, -3619.375040187493, 3439.638980526128, 10821.849907881297, -2321.0055930292365, -1052.6700345077732, -3474.591854796742, 1255.8731799434224, 1199.0943055046125, -1897.494985433542, -757.2882685862556, -1525.8314323205275, -2246.003815973486, 2088.7154068532227, -1005.3942818741677, -497.0966242247689, 3715.621671997672, 1366.130324945637, 1151.359007691105, -4697.924274088464, -663.8002735742982, -1179.6410135141577, 2021.027875160789, -1041.345907930264, -2905.5974990156774, 2557.69565498916, -15229.28834780444, -3854.6854731355397, -3761.951010820727, -220.826299800558, -444.35312871612746, -2773.6635885447395, 2188.8525308303315, -11538.609367495777, 2150.5324137188572, 3863.440435511574, -4352.330497577373, 4662.620441929117, -2674.721752097328, 14465.335127087805, -965.7437823411262, -14595.80841532367, -17996.629488285667, 5312.36160313225, -5413.510556671389, -3628.243137262838, 3120.0830983384976, -2040.328625072202, -3863.2652582430273, 675.7030125627623, -2805.696682677243, -8365.643408068538, 1837.882304064524, -2306.0113614999264, -402.74941760275556, -15021.155299771965, 1441.9453716915207, 3629.352147944892, 11024.47463486147, 2594.1201048168077, 1298.771803528681, 2285.6272642179874, -16556.826942666805, 7298.3180349140175, -164.4213193736448, -1338.8577301652892, -1763.0316438246325, -48.33826967224968, -77.07252430343578, 8642.867798436442, 3130.4947224350417, 13439.90962585394, 646.3587108141076, -3328.392042027378, 905.8362621090364, -2201.7879502670603, 2957.224607718983, -688.5446842273884, -1145.4651362736472, 2710.808532572527, 1526.0108747120173, -779.528908052925, -2579.1624216139335, -2106.737152202145, -2874.7936836336366, -4845.393843724362, 2378.5555328407063, -85.88186436567025, 14076.339972965683, 408.05134748164573, 16983.353954376278, -1139.7325547208527, -2258.505641896194, -1787.6230788081655, -349.10975471777715, 459.0635553255556, 7356.223503871905, -1789.2798501229759, 195.57759104032425, 510.19039270766984, -1975.8368117321168, 291.7224638881338, 445.062558350832, -1507.5581833819772, 3199.1767458685745, -3332.8378218877515, 816.2563270504312, -2817.414345988577, -2319.011580026103, 1071.0228418313293, -2765.954408929686, -570.6584915878124, -5246.109604076927, -2011.6161438231486, 725.4519904353526, 1994.6493949973096, 1511.998899427306, -1911.816129203634, 415.04921838401754, 1366.9182235882024, 3032.1581130658624, -2519.5640047428315, 6086.879253543423, 2371.050721431111, -3567.3669462037187, -1013.1415597691546, 476.50112451491054, 3478.8629308006375, 1699.8414101520204, 4642.30554375671, -2978.722060557432, 9411.327614034251, -3484.1127459655836, -1522.0303874714452, -6236.476038320906, -6004.233842214618, -2552.2372172940577, 616.7915017789712, -325.92289180799725, -1725.3918426503146, -143.6873941373167, -1947.0848109923238, -922.4977749141842, 11474.408974955193, -18634.091843690105, 3529.5132742044607, 1284.737840770473, 652.6127216392026, 74.1751566278956, 12277.52020066845, -2019.950895739745, 1476.8594297632392, -1520.8186746379472, 14243.997095972632, -129.7277029315976, 1026.2275194247761, 332.8832344040559, -8549.420730448948, -13237.929571497663, -16431.49770640855, -1938.5663596706047, -2020.8699966697334, -3034.80484907758, -4091.9840090044054, 14003.813266435815, 3810.309470056867, -586.2027253289002, -2179.8232187029444, 6755.3024239471415, -1984.6731864466508, -2302.1304885258205, 870.3977869644707, -1693.2180259374636, -2055.250168933273, -3145.1546967165978, -1160.6034715538674, 2176.331542197874, -3820.9886980676847, 6431.089825447699, -82.65824605400547, -551.5379009652254, -5132.914125070116, -14471.352794122902, 1171.9402242576834, -999.3972356526335, -14450.263026492481, -1346.8044397928209, -3993.5933126727587, -2261.773018009503, 2173.0109576169843, 3969.300790370011, -327.16294583174, -628.9606263338112, 995.5971359117857, -1100.812629725423, 7746.8015542455105, 840.4435305688341, 12636.462047014405, 4276.473353046538, -2289.037492550221, 262.2408039848133, 3198.776545299138, -11644.633672439728, -3354.774722708008, -145.18909054407163, -6238.663777967185, 2174.3390781266125, -222.33485782727257, -17492.775938891235, -585.7034804666171, 2460.6754704347113, -4269.032077091787, -990.2355019521351, -2443.3666312571822, -1561.5918172836957, -3918.9220948243565, -1432.8643222347607, 837.1075308670679, 79.98764806634813, -1864.4044457263587, -885.245219937372, 2828.7046049753208, 2085.5593589677073, -745.153916286414, 1602.5232247028327, 3298.2576263429146, -2820.148251288564, 1715.5621666778845, -3430.7792546112687, -4519.221552570135, -12422.8812126566, -2861.3724548287546, 637.0545116459132, 2314.096110231925, -1439.5163066697296, -4980.72675928824, 3051.990645687055, -15572.566477071809, 1622.7792487857607, 1472.0954362552143, -354.00203192813836, 732.3635709232765, -1806.1023109803593, 12015.427995661803, 211.26635820557135, 1596.609990051066, -693.194619692378, -15680.105808432083, -5891.489674496845, 1063.9641243345454, 11236.561680297224, -4141.497196772392, -1973.8928315407277, 2360.017235742699, 875.4643998602867, -2194.884533467046, 561.0197664534733, 3593.4511712415833, -4854.0744305507715, -3140.7115451864756, 3541.1747957847365, 2344.4347527455857, -621.6245151178748, -634.6994560846657, -6732.298801584716, -13866.852374265427, 1230.258494052645, -4428.338281439611, -1170.9208077785077, 683.0303349715407, -57.155349346306366, -74.22284339458315, 3460.05540034554, 2064.6848621271247, 1137.0965461215023, 570.1114089827483, 1946.855542704376, 4378.145715113895, 1614.7128332908317, 1902.0459361329172, -913.1146083183178, 856.1696114801359, 173.99688612393732, 1946.467290933613, -74.07846094651654, -3697.9530231486506, -348.2913045306152, 1008.3508052274249, 325.33619029369106, -1263.0941889995481, 247.9483084046849, -15277.355298259376, 320.6879264341035, 2107.571518268346, -2593.531642845679, -3312.385781142564, 5817.801827212772, 310.1775613477506, -15487.583867893789, 1373.0777979688085, 1003.0526224685117, -1941.9983341040372, -1598.9244952500337, -970.2773101299852, -177.69986563842372, 3158.8890298966844, -1044.0619268554021, -1297.2225107824727, -3432.8542932016726, 3700.4626265663546, -1072.4077458275058, -321.09458976185897, -1517.6054808283532, 3426.942165781951, 2883.364946604549, 9695.450928450446, 1742.918894457801, 1289.8368540547892, -546.3670057614243, -5077.050043458966, -4194.702354357302, -16327.779808100053, 7562.462429287567, 4944.616456930945, 2060.310673931398, 2186.62773249798, 1307.9223656048391, 2037.1215245037945, 739.2777434382203, -11380.30168117508, 1784.5712919847292, -15133.436417114886, 331.13665578250107, -2384.7200595571485, 3008.1118931670953, -291.6285475130992, -794.9250633146636, 4383.746393096543, -962.4832728689719, -1469.0521049534386, -2451.8766240264904, -469.7460452244093, 8838.172834046984, 1225.7832021858133, 2170.6514940660118, 454.99579871228457, 326.7895305416357, 1497.290218217374, -1542.644714697414, -3713.374891270385, 1358.6456940194223, 420.78528052587734, -3468.7339959875217, 1178.667599503762, 1747.3560880446996, -461.93255499881025, -1389.363952160336, 62.809425588008764, 1254.5119028139768, 7404.108397171904, -704.7707945348518, 1734.6491078921333, -822.0965311999054, -20735.203131145587, -281.6570392502565, 14656.447792317618, -885.8481043305239, -1857.6110091257594, -1011.9821532170233, -1526.619140126758, -3072.157067869326, -1565.0520264011882, 895.1281405922201, -446.39719778603353, -4811.2067003225375, 2225.3289274690505, 443.2992943736856, 14409.833875860919, -3193.069435899969, -1996.9645685667722, 51.72735511069982, -886.0140506790251, 7369.53322913888, -2753.8508751742484, -2639.9224204391403, -1215.3512662470791, -4049.83554429396, 1827.464166120965, -162.08132048460652, -2053.7703383791386, 12116.335798786602, 233.14425161812449, 1534.1263906278625, 3916.791751615988, 2115.3065713766846, -1438.6863516240053, -328.39707482448625, 3986.3694223222737, -1636.366521348523, -1023.7487285909585, -2802.9172120824715, -1891.6448935512074, 14588.843007335296, -2354.558589553395, -410.4850396630875, 3319.9038938647827, 622.3599677314348, 1064.4544926685178, 3088.3712633119685, -3478.4752868856413, 1569.8942495538995, 2366.629891523262, 251.8806070987805, 3867.2309508723065, 7172.278436804026, 9390.696479831813, -3300.3242674870553, 58.10063369140721, -486.3323494192116, 4901.229352199003, -2980.1706944515036, -505.4220466847745, 1457.6798666853267, -3686.83910258947, 1543.886230813832, 1074.7193716356987, 85.95038139057601, 5338.490861285034, -616.793640908741, 3583.8172983089426, -1490.676390598973, -2564.3984852242193, -1419.244118322291, 1612.2572874230148, -1485.0688029957835, -2258.632801730243, -1994.325331460506, -1991.6271580624768, 1292.1531898048945, 9279.513149610082, -1841.2357888014797, 1867.8341931691991, -3310.589448406421, -145.4135398144083, 1929.0632235675087, 2679.6796629980836, 2044.213607114598, -2318.59397417299, 1770.6531912056878, 2602.931403348276, 434.154203049394, -2108.2691380615524, 2802.2102628326747, -3210.8812080014222, -2015.2933024235679, -1997.1489893905034, -4556.81910650496, -1488.1329256906904, -532.3099301709119, 6345.1164276475465, 364.81981505594445]"
1.0,4000,0.7758619392244693,0.7758619392244693,0.012882232666015625,0.35027542602562434,"[3, 3, 1, 3, 1, 3, 2, 2, 2, 2, 2, 4, 3, 1, 1, 4, 3, 3, 2, 2, 3, 3, 2, 4, 2, 2, 2, 2, 2, 4, 1, 3, 3, 3, 2, 2, 3, 3, 2, 3, 3, 2, 1, 3, 2, 3, 4, 2, 3, 4, 2, 1, 2, 2, 3, 1, 2, 2, 2, 3, 3, 2, 2, 3, 3, 4, 2, 3, 3, 2, 3, 2, 2, 3, 2, 3, 4, 2, 2, 2, 3, 3, 1, 4, 2, 2, 3, 3, 4, 2, 2, 4, 3, 2, 3, 2, 2, 2, 3, 3, 3, 1, 3, 1, 3, 1, 3, 2, 2, 3, 1, 1, 2, 2, 1, 2, 2, 3, 3, 3, 2, 2, 3, 3, 1, 3, 3, 2, 4, 2, 2, 3, 2, 2, 2, 2, 1, 2, 4, 3, 2, 1, 3, 2, 3, 3, 3, 2, 4, 4, 2, 4, 3, 3, 2, 3, 2, 4, 3, 3, 4, 3, 4, 3, 2, 2, 3, 2, 2, 2, 2, 2, 2, 2, 1, 2, 3, 2, 3, 2, 2, 3, 2, 3, 4, 2, 2, 3, 3, 3, 4, 3, 2, 2, 2, 2, 1, 1, 2, 2, 2, 3, 2, 5, 3, 2, 2, 2, 2, 2, 3, 2, 3, 2, 4, 3, 4, 4, 3, 3, 3, 2, 1, 2, 3, 2, 2, 2, 1, 2, 3, 2, 3, 2, 4, 1, 3, 2, 3, 3, 2, 2, 3, 2, 4, 1, 2, 4, 2, 1, 2, 1, 2, 1, 3, 2, 2, 4, 2, 3, 1, 2, 2, 2, 1, 3, 2, 1, 2, 2, 2, 2, 3, 3, 2, 2, 2, 3, 3, 4, 3, 2, 4, 1, 3, 3, 1, 3, 2, 2, 1, 2, 4, 4, 2, 2, 2, 3, 3, 3, 2, 1, 3, 2, 1, 4, 2, 4, 3, 2, 1, 3, 2, 4, 3, 2, 2, 2, 2, 2, 3, 3, 4, 2, 3, 2, 2, 1, 1, 2, 2, 1, 3, 2, 4, 3, 3, 3, 2, 2, 1, 2, 3, 2, 3, 2, 3, 2, 3, 2, 3, 5, 1, 1, 3, 4, 2, 2, 3, 2, 2, 2, 4, 4, 1, 4, 3, 3, 3, 3, 2, 2, 2, 3, 3, 2, 2, 3, 4, 1, 3, 3, 5, 2, 2, 2, 2, 3, 4, 3, 3, 3, 2, 3, 2, 1, 1, 4, 2, 3, 3, 2, 3, 1, 4, 2, 2, 2, 4, 2, 1, 2, 3, 1, 3, 1, 1, 1, 3, 2, 3, 3, 3, 4, 2, 3, 2, 4, 1, 5, 2, 3, 2, 3, 4, 2, 2, 2, 1, 2, 3, 2, 2, 2, 3, 2, 2, 2, 4, 2, 2, 3, 2, 4, 2, 4, 4, 3, 3, 3, 1, 3, 3, 3, 2, 2, 3, 2, 1, 4, 4, 2, 1, 3, 2, 4, 2, 1, 2, 1, 1, 2, 4, 3, 2, 1, 3, 2, 4, 2, 4, 1, 4, 2, 3, 1, 2, 3, 2, 3, 3, 2, 2, 3, 3, 2, 3, 4, 3, 2, 2, 3, 2, 2, 3, 2, 4, 4, 1, 3, 3, 3, 2, 1, 2, 2, 3, 4, 3, 2, 4, 3, 2, 2, 3, 3, 1, 3, 2, 4, 1, 3, 3, 2, 2, 2, 3, 3, 2, 1, 3, 3, 3, 2, 2, 3, 3, 3, 2, 4, 4, 2, 2, 1, 2, 1, 3, 1, 3, 3, 2, 1, 2, 2, 3, 2, 4, 3, 3, 2, 2, 2, 4, 2, 2, 2, 3, 2, 1, 3, 3, 3, 2, 3, 3, 1, 4, 3, 3, 3, 2, 2, 3, 2, 2, 3, 2, 2, 4, 2, 3, 1, 2, 2, 2, 2, 3, 2, 1, 3, 3, 2, 2, 1, 3, 2, 2, 2, 3, 3, 2, 1, 2, 3, 3, 3, 2, 3, 2, 2, 2, 2, 2, 2, 2, 2, 2, 4, 3, 3, 3, 4, 3, 2, 3, 3, 3, 2, 2, 2, 3, 5, 3, 2, 2, 3, 2, 1, 3, 2, 3, 2, 3, 3, 3, 2, 4, 4, 4, 3, 1, 3, 3, 2, 2, 3, 3, 4, 2, 2, 3, 3, 2, 3, 3, 2, 1, 3, 2, 1, 2, 2, 1, 2, 2, 2, 3, 2, 2, 2, 2, 2, 3, 2, 1, 3, 5, 2, 3, 1, 2, 2, 2, 3, 1, 4, 1, 1, 2, 3, 3, 3, 2, 1, 4, 2, 2, 3, 1, 3, 1, 3, 4, 1, 3, 2, 1, 2, 3, 3, 3, 2, 3, 3, 3, 3, 3, 3, 2, 2, 3, 3, 2, 3, 2, 1, 4, 3, 1, 1, 4, 2, 1, 1, 1, 2, 4, 2, 3, 3, 4, 4, 2, 2, 2, 2, 1, 3, 2, 2, 3, 3, 1, 3, 5, 2, 3, 3, 2, 2]","[1.7843374938160204, 1.6617585001396447, 2.2083107206631514, 2.253288778260345, 2.2071453007012733, 2.822267144576152, 1.401330484532083, 2.7617101956159886, 2.3406188280338593, 2.290377722232877, 1.7698238126558044, 3.2754926350887845, 1.8573913472541965, 2.187309384672394, 1.963059317615142, 3.1105635061339463, 2.8785741749517917, 2.939619723055831, 2.1306309730559003, 2.1981581548733757, 3.0861037576140413, 2.867629430277665, 1.9971218828020718, 2.717088072378801, 2.2692907638461204, 2.231203920165911, 2.9467337540152845, 2.6188154785622113, 1.8702286089027662, 2.517816390659219, 2.6408661003460203, 2.6641609169705336, 2.1953978219941894, 2.0493891862993023, 3.1407870658493526, 1.9407269149383293, 1.8294508330882775, 1.7698361717719855, 2.2064321440152685, 2.097696816353873, 3.160420449485124, 2.248203864586481, 2.843871454160097, 2.2408209044619394, 1.9677252934821832, 1.3046679039439397, 3.6415451093680127, 2.499355325985794, 3.7665698543794, 4.212166767296113, 1.8199579688964636, 1.8887680829835627, 2.7615348381330436, 1.8722758442230645, 1.951520962943487, 2.2308803110257527, 3.2565378886118452, 1.7105407568503905, 2.108693638831489, 2.4966455012636137, 2.165093489394123, 2.0145028266589167, 2.206964966120466, 2.7903756895786658, 2.7644162760574917, 2.298088962671826, 3.2202289988307236, 2.1505594792343365, 2.8957496875255835, 2.0445812618336108, 2.0966472193970396, 1.8698303676514187, 1.9418285474778987, 3.686467305496802, 2.3102192447827594, 2.7369725340353046, 3.2066715116689175, 2.3665481793188197, 2.1918397301969805, 1.9072184996708366, 2.7310176621999203, 3.2475044548300414, 2.086372011281107, 3.246925899014964, 2.3600349649767907, 2.9105265662740556, 2.731864226278898, 2.574006660426712, 3.395597035363669, 1.7357649993483673, 3.1537344585395637, 3.3639149078642876, 2.2987256402039478, 3.755980270047251, 2.244628820514473, 1.972249335948206, 2.765550298719358, 1.7028879715982441, 2.304351293108014, 2.0534426790052196, 2.6605859320256426, 2.2633346764312554, 2.3107963520421038, 0.5553200833962673, 1.8613040847372668, 1.8705581800329134, 0.8932380668248558, 0.9440167809015003, 2.247901879749736, 3.3515434840004867, 3.1515750303530465, 2.3429339236634807, 2.1811624038943784, 0.72514117436868, 1.7094322345728945, 1.96971649973892, 1.9621536678428124, 2.249389981103835, 2.0929210282650823, 2.1000762210679644, 4.444643686491364, 1.0813136970746295, 3.55820426767612, 3.4449181344423527, 2.5790363423866545, 2.004832704156815, 1.9578245015112359, 2.6474102768518577, 2.3569292794587797, 2.412743621291597, 2.943890751561221, 2.1009727709918713, 2.0678166811229723, 1.7974923933072122, 2.731951197763389, 1.9476049239719044, 2.306869468381641, 2.2755077522699323, 3.04196573612587, 3.539251002610975, 2.8308672513378736, 2.9363128051254614, 2.391449478225998, 2.7489054825817756, 2.811205029932192, 2.0945766101134256, 2.4692651183742815, 2.023631940828344, 3.158225872016952, 1.935355760721855, 2.5715103422283017, 2.7252169444067516, 2.2005660614847438, 2.627592233246899, 2.580576713326006, 1.9465871963295722, 2.002867077154445, 2.265371908341799, 3.3963735058509124, 2.0807052093725975, 3.1699100476773316, 2.9989016433245523, 2.437308482560791, 3.548961995911951, 2.014620076768084, 1.9686499299100426, 3.187543430685313, 3.095234367959569, 1.8999823283045085, 2.212467609894686, 2.156678212657692, 2.0418220862611536, 1.8933416356462884, 2.222632460475894, 2.700998232720167, 2.0485857988610485, 2.966764784190583, 2.9532644840813864, 1.6304149535909462, 2.0856332950836154, 3.5074457499444005, 2.3356477021299433, 2.0424151445198304, 3.067772381992478, 3.528465179509693, 2.0807304210710593, 1.9914485313698445, 2.889703661952312, 2.974329250750377, 1.9764667730771706, 3.134046502268977, 3.5259852223614714, 1.8270806344343011, 4.584891908255473, 2.110483299193677, 2.3667539274838423, 2.2616708038524744, 1.1919872025877414, 2.6627667424362222, 2.9565409621600245, 2.3172636863262563, 3.7668248073209005, 2.715279948253329, 3.01331962757988, 2.3733760654097233, 1.8190635048815889, 2.342014041244946, 1.8386218647658117, 2.087108959305902, 2.784054499419186, 3.5964113582611086, 3.1269176692660374, 2.5479588284717463, 1.765639504594366, 3.3886814876765907, 1.7199753357796976, 2.782624758648469, 2.730703356502669, 4.108673247130392, 2.5733664642076253, 2.758382801107967, 2.1274310331561113, 1.9708610124750459, 2.451577068115462, 2.568828596411258, 2.091287038559012, 2.386037579541569, 2.2275708202484266, 1.9510138166210829, 1.9740787808692701, 3.1269256974221786, 2.1310814790730555, 2.14837892620289, 2.215947692058714, 1.8136016847195173, 2.0944803858599634, 2.605644881485741, 2.1931306982215615, 2.876824831520171, 3.7372670020804644, 2.4825998896370396, 1.9634575588664895, 3.4412319246170067, 2.0130391813386024, 3.0349770730112513, 1.9770282309643747, 1.8417943555149467, 2.707855673887833, 1.468796769784738, 1.9803003624517, 2.1324492761489946, 2.7133551944084804, 2.1138927709234023, 1.886998990487284, 0.6488745473369479, 2.934429386393009, 3.563971304600999, 2.1259464519058278, 2.5658009979787972, 2.9553809089984453, 1.8742202077334755, 2.762849100976746, 1.7515022069898734, 3.3016713134720876, 2.060165264702197, 3.2265154877408815, 2.097605150231086, 1.663048611687468, 2.0785446873472666, 2.268657548653218, 1.8345067051685555, 1.8777500750296183, 2.222498464797125, 2.8110944073623734, 1.630983301216077, 2.232502418972599, 1.6568689825536573, 1.9744655577368686, 2.6816843733089435, 2.2360887581244677, 2.6118621287929678, 2.608402462154469, 1.945070667402946, 2.820529759415105, 1.961826940211381, 2.248699525653694, 2.0283835390913842, 2.922156591800511, 2.3866564277248896, 1.9791474302955696, 2.2177545544760173, 2.0471431122947874, 1.3092040083870542, 3.67837573834903, 1.9984493536398964, 2.908314114877681, 2.2241834730326646, 2.5817051500069694, 3.222438917140098, 3.1394268742117606, 2.1818860413470955, 1.9766506589268071, 2.7965361876339565, 2.1521560087811817, 2.757538925726527, 3.211000167598522, 2.3467343089339074, 3.124329331356483, 2.4197223104923533, 1.823400199158756, 2.5495314270762557, 1.9558314912869244, 2.520050091580005, 3.954011351270078, 2.547109299905601, 2.0341559276189307, 1.9008334119122767, 2.2050105600902596, 2.623940847163756, 2.129348036241029, 2.2957365342395337, 4.526856083801327, 1.647096561848088, 2.025261967984645, 2.6951174132655082, 2.346912129087037, 1.8398631341270903, 2.9663665429392356, 2.132423348227237, 2.597086280370389, 2.453508739894299, 2.2351305142861, 2.682063373304999, 2.833309715961281, 2.2271667448422914, 2.2538588433842373, 3.3929120238529906, 1.8894525149579504, 1.780535829293749, 1.768939997857165, 3.1112715542531504, 1.8260583651616522, 2.9598788122922657, 2.2515691146299748, 3.3273814388005096, 3.2019310505738465, 2.078040416684718, 1.748506422812175, 2.959558792836056, 2.3496683791800685, 2.814271992335042, 2.713043154633679, 1.8775923201731999, 2.2104418532818713, 2.566676556566786, 3.4638132652127487, 1.9685719126209, 2.1605939536358196, 3.0972505743901255, 2.1282271593925994, 2.5250313315490938, 1.8252434235556736, 2.2867806992428354, 2.597234262230209, 2.1924909532478205, 2.0077222701206043, 2.6206945056010746, 3.145586675410917, 3.032181256558689, 2.211736644457125, 3.319565508183687, 1.922131263361525, 1.6039356567817107, 2.341285787780018, 2.1248007921565453, 3.532311740096457, 1.6699454115853547, 3.1768465277326547, 2.563445722631104, 2.06361898545985, 0.9888913436787743, 2.285971003271891, 3.309685519151806, 3.256672642734663, 2.634834366603216, 2.9410654268105, 2.9924488874724737, 2.7600392877033504, 1.737196203018084, 2.6427839568541267, 1.3269934305761764, 1.800682916476609, 2.634189880038411, 2.174016346734796, 1.3648693719886464, 2.4585112273033496, 1.9104423483092843, 4.453677377926498, 1.755951742400537, 1.7931559885703185, 1.884547601745219, 1.8031140411617907, 3.6010473134303718, 2.0510669172239337, 3.2843144422455746, 2.882679111161469, 2.588713659364588, 2.1242935890656707, 3.588263424991285, 2.154982015030961, 2.8102446758966653, 2.0618484452622035, 2.6303523630546244, 1.927706429355746, 2.9083210046156074, 1.6685599122437493, 2.036881719449586, 2.4876117193945877, 1.8539062376497133, 1.738464190051944, 2.1951056881696744, 2.656901693342304, 2.679524515978607, 2.5221343890512142, 2.7904978536934992, 1.807833727645516, 2.2048845540377604, 3.7205657404279586, 2.103348063015016, 3.237467174376157, 2.4749141267288675, 2.716052088532748, 3.0878148974229678, 2.1211274869895465, 3.2850003818005136, 1.4847864022071064, 2.398153205957012, 2.058672280649207, 1.8170105962572096, 2.636168437638694, 2.1032182000442714, 1.9986263497516064, 2.7156242539489632, 2.315710348994115, 2.8486599537233417, 2.1152073035644987, 3.212898000238366, 2.713271496216441, 2.532005692671332, 2.701858705716631, 2.4480554678417987, 3.2554076685034072, 2.314385202931661, 2.1936514383325907, 1.8587661543044471, 3.2471867599897575, 2.4276451830706827, 2.4997444315938413, 3.0202729373149704, 2.0639284897890042, 2.299358064791661, 2.154039603561973, 3.356821480321561, 2.7565086382552, 2.3886112804551947, 1.7851400247775167, 3.492800814676092, 1.6966267341465047, 1.9109796397029775, 3.357822252807572, 3.9727573152256292, 2.9039760002408417, 2.23748468755885, 3.2616288234028152, 3.8104875983952726, 2.718107371752067, 2.3672263597629453, 2.2518728093666653, 2.3827766687522103, 1.797126918187248, 2.504773535327602, 2.30216032277777, 4.344433504180271, 2.356463295789164, 3.085227224021642, 1.8651735781016132, 2.9681744226840037, 1.9506115612916648, 3.546386328414168, 2.590950813795693, 2.135036466143834, 2.1285742618780925, 2.4743660781413706, 2.3413992767021456, 2.036010518366889, 1.9569857178925318, 0.2896422415063489, 1.4848026103066083, 2.297968040970013, 2.434083416634132, 2.3852523177368408, 2.629285706756934, 2.8827732394462853, 4.222162173464166, 2.139962184858728, 2.5194826717028116, 3.2221883420966853, 1.9183444769733653, 2.2402145593391434, 2.5215858693607385, 1.9762146353361743, 2.3750330888649, 2.5994466271577705, 2.8608104868182145, 2.246843654958969, 1.9078016747561435, 3.023469913479658, 1.767897449404515, 2.2619638843134413, 2.237533827738851, 2.9960240332680717, 1.5486457761979404, 2.258156921323236, 3.3397252718875725, 1.3083789298623094, 2.292612298143215, 2.721812807201432, 4.19633395256532, 1.6513843996699575, 1.7425635357926161, 2.8229723559410913, 2.1198419686003405, 2.1852777319411576, 2.233407098776237, 2.9678234991772925, 1.8778563939810928, 2.4554527456468245, 3.5367676444372513, 2.313468825073099, 2.511056605394385, 2.3573496891830845, 0.8286770099810739, 2.8426218397607084, 2.1406878539128047, 0.9828544255527416, 1.9000145153553447, 2.580504796023966, 2.0100808174285136, 2.3143966858282052, 1.6507893343722455, 3.131304794538945, 2.274479469478994, 2.9966891966454723, 2.8691041728465487, 2.852438652452524, 2.6546169064140495, 2.0431130740286143, 2.855556761220044, 2.2799082339694086, 2.901810015581707, 1.8624587802466501, 1.8097120147531254, 1.941887613052023, 1.7886891333289512, 1.8784600665154934, 2.8348387242404733, 2.1467586644443717, 3.123423668979127, 2.8483207780461184, 1.0836713061992687, 2.3129844688140184, 2.363303344584623, 1.7290980518268066, 2.873455485417897, 3.1525104309933574, 2.9137582526641217, 2.0346514675208787, 2.947374542153903, 1.7914194233390845, 2.6388351976056517, 1.8193730365524388, 2.608121733210867, 3.220774305279978, 1.7803367086680753, 1.9576172738594242, 2.2716277037569794, 1.6607450903844088, 3.2462836834980253, 1.9869491995373676, 3.621685276364345, 3.1964236278072535, 2.8710356837746787, 1.8809354183610343, 1.9493853658557165, 2.633053763868697, 1.9646925634248795, 3.1440595053897464, 2.997552921310879, 2.722461307844307, 2.5772081721721873, 1.7187449881268044, 2.459368070684011, 2.1202693105723913, 3.517289151619231, 1.2994950197664668, 2.194921434764133, 2.9637268360396236, 2.113000900626926, 1.899886439445811, 2.0508600306406963, 2.123607729132795, 1.547538820862071, 2.5422574038081924, 2.1926876486046187, 2.037169549655757, 2.0536301956435983, 2.5759373914591817, 2.8470878216639606, 1.9911597469284055, 2.786961488822664, 2.1621903794761472, 2.200192241326669, 2.5216546368647306, 2.1226191022111656, 2.5829722092928917, 2.188616527365013, 2.1074659374214217, 2.438327571435678, 2.8945628102055334, 2.7562459095707195, 2.163494620163341, 1.8226410759460623, 1.8776693429313267, 2.839716059612984, 2.8837164552138135, 3.7472430445252347, 2.168370214040066, 1.6830488970391715, 2.049831661380945, 2.9384669470331133, 2.572189225954438, 2.2160126376421165, 2.6559055111333882, 2.0112327295523227, 1.9678382202301268, 2.7725290040742623, 3.032856228306841, 3.5297372409788252, 2.0982933378061346, 2.22657062396144, 2.581859729705795, 3.0438389018550156, 1.873098168178704, 2.017485416535844, 3.4359458451948055, 2.219599073322412, 2.5484376120225507, 1.9340225574528325, 3.988076186924705, 3.3148737282650105, 1.47342747227081, 5.2163652791188415, 3.039738885558773, 1.6785090537895075, 2.1414684397238397, 2.1711579486539887, 2.268727183923665, 2.6169213353772642, 1.0832576262460578, 2.2946033520024267, 1.6802886328680693, 1.957406083657843, 2.734578275749426, 2.962721986236818, 2.2558906163518584, 2.1588323384111963, 3.3323358898258366, 2.747325509660062, 2.526046762612117, 2.557626702607677, 1.875602569216647, 3.3324307703331266, 1.810722852657531, 1.7205921759278568, 2.33646104561918, 2.6686305376949853, 2.5611224731967406, 2.5447128761907774, 2.928929568733272, 1.847385468874763, 2.2780751236376644, 3.0186471876654024, 1.9419992836061648, 2.1642602801352817, 2.079641726728218, 2.344931687897117, 2.346889458508032, 2.3408771405645767, 1.9849298431043134, 2.0807659020115916, 2.0126185642886925, 2.7001992063186435, 2.4646103774739596, 2.7806614780449777, 3.5118496702178432, 2.4543213849209686, 2.5518789221357214, 2.074747615983613, 2.609495749655928, 2.5696357205313722, 2.716656926827059, 2.0962244705836066, 2.0759026838683456, 3.0558754366986163, 2.254643894518689, 2.1076695225161464, 2.919049370159677, 2.7360166586973427, 2.830363192199968, 2.503225747098078, 2.113069570748126, 1.7827163710354974, 2.6303057309785753, 2.79050817446387, 2.0550545019765725, 3.7942361360309405, 1.7345504476596703, 2.3763601008585624, 2.325484732734721, 3.591205375611057, 2.186910556741683, 2.5421139994757174, 2.0544169566779953, 1.8169215191208075, 2.793297953097413, 2.7186556441230234, 2.142105258363789, 2.8464447086478213, 2.2834992949694617, 2.7784409213311965, 2.2178245512078347, 3.939006292484472, 2.67148404462372, 1.9986194600136797, 2.587966657256103, 2.7555322792636447, 1.8495513746639012, 1.5683556919226451, 2.7351142332522596, 2.265780782757384, 1.9623528391424214, 1.8791804804953296, 2.4194526599088064, 1.7682542392721599, 2.8823042891477595, 2.6922369251905245, 2.776251435727911, 2.2904800862333983, 2.2523117660355405, 2.684776284357312, 2.1577947828342094, 1.6862701650321636, 2.853903045302909, 2.0600183308267, 1.9843606314036095, 2.0790320515895067, 2.810568586721161, 2.669694263170782, 1.586391763961714, 2.600845064696104, 3.0954300516900357, 2.390004826841455, 1.842181325394392, 2.393575728145826, 3.5903256431081, 2.2425376333053366, 3.1042484466184277, 1.794748953575708, 2.3512118243054894, 3.1637891019442765, 3.3249672876077794, 2.969267150847795, 2.127936954591488, 2.306862210233444, 2.132906753884787, 1.9441379754772499, 2.593234318361389, 1.935313215920063, 2.7643999190173885, 1.8639719646096444, 2.5426134304123433, 2.327289236609082, 2.876629514302291, 2.5211899246887, 3.247760848977137, 3.063289445455779, 2.325673298211788, 2.658160631201677, 1.903310625143778, 2.278206782122802]"
1.25,4000,1.1341099896869142,1.1341099896869142,0.012697458267211914,0.4008430339081957,"[3, 3, 1, 3, 1, 3, 2, 2, 2, 2, 2, 4, 3, 1, 1, 4, 3, 3, 2, 2, 3, 3, 2, 4, 2, 2, 2, 2, 2, 4, 1, 3, 3, 3, 2, 2, 3, 3, 2, 3, 3, 2, 1, 3, 2, 3, 4, 2, 3, 4, 2, 1, 2, 2, 3, 1, 2, 2, 2, 3, 3, 2, 2, 3, 3, 4, 2, 3, 3, 2, 3, 2, 2, 3, 2, 3, 4, 2, 2, 2, 3, 3, 1, 4, 2, 2, 3, 3, 4, 2, 2, 4, 3, 2, 3, 2, 2, 2, 3, 3, 3, 1, 3, 1, 3, 1, 3, 2, 2, 3, 1, 1, 2, 2, 1, 2, 2, 3, 3, 3, 2, 2, 3, 3, 1, 3, 3, 2, 4, 2, 2, 3, 2, 2, 2, 2, 1, 2, 4, 3, 2, 1, 3, 2, 3, 3, 3, 2, 4, 4, 2, 4, 3, 3, 2, 3, 2, 4, 3, 3, 4, 3, 4, 3, 2, 2, 3, 2, 2, 2, 2, 2, 2, 2, 1, 2, 3, 2, 3, 2, 2, 3, 2, 3, 4, 2, 2, 3, 3, 3, 4, 3, 2, 2, 2, 2, 1, 1, 2, 2, 2, 3, 2, 5, 3, 2, 2, 2, 2, 2, 3, 2, 3, 2, 4, 3, 4, 4, 3, 3, 3, 2, 1, 2, 3, 2, 2, 2, 1, 2, 3, 2, 3, 2, 4, 1, 3, 2, 3, 3, 2, 2, 3, 2, 4, 1, 2, 4, 2, 1, 2, 1, 2, 1, 3, 2, 2, 4, 2, 3, 1, 2, 2, 2, 1, 3, 2, 1, 2, 2, 2, 2, 3, 3, 2, 2, 2, 3, 3, 4, 3, 2, 4, 1, 3, 3, 1, 3, 2, 2, 1, 2, 4, 4, 2, 2, 2, 3, 3, 3, 2, 1, 3, 2, 1, 4, 2, 4, 3, 2, 1, 3, 2, 4, 3, 2, 2, 2, 2, 2, 3, 3, 4, 2, 3, 2, 2, 1, 1, 2, 2, 1, 3, 2, 4, 3, 3, 3, 2, 2, 1, 2, 3, 2, 3, 2, 3, 2, 3, 2, 3, 5, 1, 1, 3, 4, 2, 2, 3, 2, 2, 2, 4, 4, 1, 4, 3, 3, 3, 3, 2, 2, 2, 3, 3, 2, 2, 3, 4, 1, 3, 3, 5, 2, 2, 2, 2, 3, 4, 3, 3, 3, 2, 3, 2, 1, 1, 4, 2, 3, 3, 2, 3, 1, 4, 2, 2, 2, 4, 2, 1, 2, 3, 1, 3, 1, 1, 1, 3, 2, 3, 3, 3, 4, 2, 3, 2, 4, 1, 5, 2, 3, 2, 3, 4, 2, 2, 2, 1, 2, 3, 2, 2, 2, 3, 2, 2, 2, 4, 2, 2, 3, 2, 4, 2, 4, 4, 3, 3, 3, 1, 3, 3, 3, 2, 2, 3, 2, 1, 4, 4, 2, 1, 3, 2, 4, 2, 1, 2, 1, 1, 2, 4, 3, 2, 1, 3, 2, 4, 2, 4, 1, 4, 2, 3, 1, 2, 3, 2, 3, 3, 2, 2, 3, 3, 2, 3, 4, 3, 2, 2, 3, 2, 2, 3, 2, 4, 4, 1, 3, 3, 3, 2, 1, 2, 2, 3, 4, 3, 2, 4, 3, 2, 2, 3, 3, 1, 3, 2, 4, 1, 3, 3, 2, 2, 2, 3, 3, 2, 1, 3, 3, 3, 2, 2, 3, 3, 3, 2, 4, 4, 2, 2, 1, 2, 1, 3, 1, 3, 3, 2, 1, 2, 2, 3, 2, 4, 3, 3, 2, 2, 2, 4, 2, 2, 2, 3, 2, 1, 3, 3, 3, 2, 3, 3, 1, 4, 3, 3, 3, 2, 2, 3, 2, 2, 3, 2, 2, 4, 2, 3, 1, 2, 2, 2, 2, 3, 2, 1, 3, 3, 2, 2, 1, 3, 2, 2, 2, 3, 3, 2, 1, 2, 3, 3, 3, 2, 3, 2, 2, 2, 2, 2, 2, 2, 2, 2, 4, 3, 3, 3, 4, 3, 2, 3, 3, 3, 2, 2, 2, 3, 5, 3, 2, 2, 3, 2, 1, 3, 2, 3, 2, 3, 3, 3, 2, 4, 4, 4, 3, 1, 3, 3, 2, 2, 3, 3, 4, 2, 2, 3, 3, 2, 3, 3, 2, 1, 3, 2, 1, 2, 2, 1, 2, 2, 2, 3, 2, 2, 2, 2, 2, 3, 2, 1, 3, 5, 2, 3, 1, 2, 2, 2, 3, 1, 4, 1, 1, 2, 3, 3, 3, 2, 1, 4, 2, 2, 3, 1, 3, 1, 3, 4, 1, 3, 2, 1, 2, 3, 3, 3, 2, 3, 3, 3, 3, 3, 3, 2, 2, 3, 3, 2, 3, 2, 1, 4, 3, 1, 1, 4, 2, 1, 1, 1, 2, 4, 2, 3, 3, 4, 4, 2, 2, 2, 2, 1, 3, 2, 2, 3, 3, 1, 3, 5, 2, 3, 3, 2, 2]","[1.6923474496172994, 1.8021321566530313, 2.315687376156657, 2.259570901913459, 2.2704170082281205, 2.5401594737192914, 1.7585659352813112, 2.853689515455893, 2.222422721482401, 2.3271320287485713, 1.682457749069342, 3.306478137983484, 2.1063744598777774, 2.1970187477923586, 1.8141294633770546, 2.550351871862801, 2.8849935872265178, 2.628921453954753, 2.0617424257962784, 2.3609484655499062, 1.4066654638985563, 2.7325527588582528, 2.03065057266818, 1.1704562584829072, 2.361090935136647, 2.3411775075212344, 2.59314417746774, 2.5790730162685396, 2.1374955059129794, 1.8717248235840744, 2.771345697783724, 2.8355465848108277, 1.9263062226582863, 1.7377854644542388, 5.332729982788054, 2.1747140516547843, 2.1580369832039787, 1.6747633126960826, 2.16557285456272, 1.4269991397390955, 3.989501727226834, 1.8579303397634785, 3.102985333575158, 2.392206816927392, 1.8656365579325425, 1.49168598024083, 4.466640930286881, 2.47556964689389, 5.97977081737953, 3.340144109277009, 1.6490346149625172, 1.8486080757916277, 2.288966462197936, 1.930174093377955, 2.047905533618547, 2.3832455190719015, 3.3841784656186036, 1.8837003226911824, 2.2369883799575407, 2.164499972127042, 2.0967796570390815, 1.5515144489500865, 2.9144234160894706, 2.4143413486481853, 2.7105504328773993, 2.08752617623957, 3.7653430089311084, 2.270925679129177, 2.7517140536699203, 2.0146619758123685, 2.152834499658066, 2.137224142178432, 2.2721200569184425, 4.688268682607731, 2.434085530035752, 2.8319927116973096, 2.207966857182816, 2.039077569393492, 2.163332363098931, 2.211028290255915, 3.0257548616754173, 1.851164252020266, 2.0729438533234936, 1.5114703106535226, 2.4289636756473865, 2.810110771930311, 2.833352311127853, 2.24251058058207, 3.1111933415633835, 1.8525605839897956, 3.120816960591955, 5.845329551808197, 2.4355148448461534, 5.348400783418324, 2.19930313368952, 2.110357632134122, 2.7014325801638606, 1.8301580001265874, 2.738873527701859, 1.8610463640150647, 2.639799876975625, 2.4536877719936, 2.38937306658172, 1.0739856995708155, 1.8414482463122774, 2.1860477509145047, 0.9444008072460752, 1.4469499134424721, 2.014261872953693, 3.878095625503284, 3.3714437258139416, 2.5860602370797867, 2.2771078680589847, 1.0018017021231125, 1.9312726430957297, 1.8669933766052806, 2.2484614098604547, 2.2530628115519598, 2.095928626589911, 2.2403775439618974, 5.069751601285919, 1.9210870066978794, 3.4024640208740893, 3.6132412849998676, 2.7715030881098155, 1.7266815822886616, 1.6639157060573244, 2.624782761649548, 3.5063095328817253, 3.2475932584421807, 3.015336621531341, 2.2470276108060894, 2.1815168889854935, 1.8946219628446752, 2.0156153560414833, 2.0452371235621625, 2.2922296439049985, 2.3653272245481958, 2.5595510662844516, 3.5595856389577056, 3.1799601667522843, 3.5195091533405467, 2.4986973677066553, 3.5481804562416994, 2.8390878887988804, 2.5586947238316338, 2.153545689631669, 1.9849812797130086, 3.0201486920436027, 1.6563082429547047, 2.6274309635712116, 1.203043765342423, 2.2236453586119618, 2.279024078641754, 2.4825866644225036, 2.044543638462763, 2.0790416235440135, 1.6686151855145226, 4.960043481266941, 2.267802847730056, 1.2764999805934685, 4.437675063253932, 1.8884681934590508, 4.159622762606006, 2.090901609781313, 1.9629219570919574, 3.2780182168975243, 2.9282688053350214, 1.7711484629773193, 1.661636440087156, 2.0816788791379164, 2.100176086722512, 2.4107527480337856, 2.280970042349417, 2.8606477302564817, 2.017390688920875, 2.8967594701097146, 4.147511494918225, 1.6357914747707167, 2.466764733728328, 3.3640254644141545, 2.0740523491323497, 2.2977423226167524, 3.5183045783743503, 4.487635619659681, 2.087621881160148, 2.119588638376384, 2.2741309084395787, 2.6808198878462117, 1.823265375773491, 3.1537341595560786, 3.647228695670774, 2.0037360387552283, 4.92971828091537, 2.2045509995482035, 2.5785250332768404, 2.0120898051172116, 1.9986882536308848, 2.9832653911354847, 2.938120576145728, 2.4964744428217163, 4.3746544784279, 2.3134786623936803, 1.0248154041959303, 2.1501104115693432, 1.8088138586190554, 2.4106449682176465, 1.9226478063182313, 2.279869255382138, 2.4339659833489726, 4.599855625246558, 3.333362843306303, 3.0555328143202862, 2.2566733086984017, 3.365083394237715, 2.7762534059203112, 2.6553729727176743, 3.754218776051829, 5.457486668914322, 2.926198988797691, 2.87581795662991, 1.7119016923147827, 1.7771570597306705, 2.333245389744704, 2.474581434253349, 1.810888329349193, 2.100685425179363, 2.187679720393064, 1.7982187361522148, 2.2565872461338525, 2.7380305163609004, 2.382555786471267, 2.091429416511057, 2.0232223509294514, 1.4206584811937926, 2.3386295485454136, 3.0286199533800167, 1.4007826440952482, 2.9183872378069484, 5.314474520049433, 2.5086286467677836, 1.8144008271116023, 5.131576195951922, 1.9816147452895811, 2.1750583186958568, 2.1136139969486933, 1.9638761131644595, 2.4632933240747845, 2.127425823907031, 2.1641713184332643, 2.080574867129153, 2.6274294632471147, 2.15854655849882, 2.14892293429004, 1.3809308436567478, 3.1163643231026095, 3.2827783611989085, 3.5517594913587667, 3.5722465231382707, 2.592620709422117, 1.9469047090341816, 2.8484264188105, 2.0511850059736547, 2.2263675555742513, 2.315247040085228, 3.458381391803589, 4.198890330382552, 1.65802822524059, 1.9894771635079989, 2.2992192375613603, 1.9198437143945726, 1.841100345802477, 2.361305014092173, 2.8390125099837284, 1.7811617702777132, 2.3213523498757866, 1.798800413023308, 2.2105452034633553, 2.3642104278072065, 2.1934838891597765, 2.501340458025148, 2.646530299982981, 2.084135082996473, 4.049362480362428, 2.4160592810248835, 3.1628611773989466, 1.8838608395161227, 2.7620050025919554, 2.437213101944895, 2.193191139902339, 2.1179923817102204, 2.1130629814360344, 1.6957904580226306, 3.7105821599261395, 2.0315551184500054, 2.808603195627269, 2.2336992372054776, 2.7310331074403735, 2.549649995674298, 3.2137621953463835, 2.6050752928583463, 1.6784076562095285, 2.728585684729428, 1.737187188924337, 3.557914759891709, 4.163681245184711, 1.6504319924836792, 4.680781120989663, 2.566290301415604, 1.9122756813533002, 2.5580875860029577, 1.6642213631979006, 2.779637212426777, 4.990531286689542, 2.5624762883925865, 1.5991153073133926, 1.9128599873355665, 1.8736321427568892, 2.7598127390654508, 1.173823484454945, 2.481805725393115, 5.174099245263038, 2.0287267644583604, 2.0981530517989464, 3.4730918843867626, 2.93137996885001, 1.8751659404918661, 2.896488106375167, 2.1634705357820248, 2.64485854563438, 2.540984883006991, 2.337813957017674, 2.4495697404494567, 2.8058224675102044, 2.2969011869578293, 2.1556011425038233, 3.289832995273801, 2.1989224525424858, 2.0763783625876457, 2.016297798135491, 3.001266314784381, 1.6301600821404847, 1.4173104529221314, 2.5966928280525967, 2.814005271250776, 3.4081382042027646, 1.8924782038461618, 1.9095703320513877, 2.646359472513309, 2.926455786601582, 2.5512116927606674, 2.6755445111207576, 1.7558917907905314, 2.272663296919654, 2.382498828687206, 4.2402747371060086, 2.185984925173797, 2.169553590228417, 3.082328537575285, 2.2166417614986025, 2.499104568332156, 1.7685486440166196, 2.3790478242536564, 2.789942401643799, 2.0853719118199283, 2.4008144037496626, 2.8482168584521705, 3.0246488232445667, 4.014014267983414, 2.279584727498394, 2.85323289661637, 1.737913193214704, 1.6340629741795412, 1.9389503035968472, 2.6434868516609313, 4.840270332864668, 1.3244340276505717, 2.879521565905824, 0.8088850952875055, 2.269272750561905, 1.8158213965236798, 2.566753751159961, 2.585362263615547, 3.2354358384604356, 2.8095241624725418, 3.4463654961362264, 2.944066192134692, 2.846511796905636, 1.9985188342549787, 2.6699580357322583, 1.836395127671938, 1.800140655608919, 2.656399127540164, 2.29076074400957, 1.9813986569104927, 2.144659669348952, 1.7068397296888014, 4.930924186934126, 1.673005245649267, 1.8916671132907124, 2.032074960072114, 2.2316932624610386, 2.1018836446471023, 2.204689172231297, 3.5530332892271566, 2.8286436595579554, 2.4166949760157914, 2.1173060585670505, 3.805577890291246, 1.8212912738398512, 0.9770552318918717, 2.067052743158907, 2.8608369274564103, 2.0745961656358047, 2.6636248699590634, 1.6134559816790968, 2.3422994904152152, 2.7857807055209025, 1.9122472545446279, 1.8543998270795072, 2.4561533081687443, 2.631250263989599, 2.652704730129667, 2.6844021170395, 3.0122494482667337, 1.7083579099556083, 2.630007722233177, 3.6561131125838546, 2.1904278922661864, 2.754786369865346, 2.5463095100342192, 2.677594814892895, 2.766675830847189, 2.1634763330097684, 4.070374090442224, 1.2303642846138334, 2.5032653239048734, 2.0725913454188163, 2.144150448862805, 2.56494340940588, 2.1573120012781013, 2.031675724554249, 2.6212727547029586, 1.9254027367377966, 3.0954288631166067, 1.9661315942933408, 3.9593390998145486, 3.046092422171442, 2.789805902377259, 2.6618842144674186, 2.295630626758134, 3.428514034996875, 2.5428407021838297, 3.1736787875353234, 1.9271131148527252, 3.5751614079091167, 2.523361316024427, 2.3177392173058657, 3.069405933426414, 1.817570610517203, 2.62925647619831, 2.023684740304161, 5.433631402375087, 2.8984728196998124, 2.491353714520685, 2.0311880127419046, 2.635750888457363, 1.8258915591889777, 1.4287940891065247, 3.979029359316061, 2.9293316984214854, 2.987403587856176, 2.478991433812059, 3.3393197825595324, 4.583483158577899, 2.7273229694107926, 2.198264716411876, 2.2586060530795122, 2.4927876685987296, 2.1360112934165314, 2.527589317392412, 2.3274578983074967, 4.95917932252501, 2.9828867289770553, 2.710904123794325, 1.8924126133986698, 2.3913346969741065, 2.0956135358903683, 3.5452176274949925, 2.53798330583984, 2.1989079930344158, 2.361861299375295, 1.3433578979316487, 2.395555255511528, 2.051739808557587, 2.0516292470870616, 0.7050503826322703, 1.6765004240868357, 4.5871132778983, 2.52774836306628, 2.5428022626142055, 2.709087928839769, 2.9845101993144354, 3.9363579594357825, 1.9452203211372776, 2.3986683346993827, 2.949484277088038, 1.5126805450666627, 2.4379335996268083, 2.5873730058516022, 2.1988955755555826, 2.4875111515380817, 2.543772398843523, 2.82456164095702, 2.400162180539812, 2.0985412521913704, 2.9353986507566883, 1.593479797692589, 2.2171544924653164, 2.2971630671918666, 3.158335247379307, 2.2292342425948637, 2.3801931885791383, 5.8278604863418435, 2.022702579409863, 2.328654680814644, 2.971486240380247, 6.301684918223867, 1.7467355152356947, 1.5111965712113655, 2.8254674484217905, 2.2109280473100723, 2.2308494942582926, 2.2883119389452324, 2.8346751308347713, 2.0383349149100485, 1.019224986712478, 3.697107259830901, 2.4878494510205384, 3.244977358301563, 2.2696960549390055, 1.217334598773697, 2.860495472302081, 2.1284771989725937, 0.829671424831983, 1.811795210923159, 2.5744127795323726, 2.845808356703107, 2.301210159403487, 1.6980023610778046, 3.008877919766969, 2.3706657000087414, 2.8089404921733045, 3.4091560859068557, 3.1946590357069464, 2.539077203845274, 2.190008261717154, 2.6942498523928258, 2.4166534099473185, 2.622337662286045, 2.0599415016057443, 1.757965458369263, 2.2346520109245875, 1.8402957006024985, 1.6927496884831, 3.0262344865885025, 1.9859671565614092, 4.060947268552105, 3.057689453388204, 1.4454559125783635, 2.6868692547811186, 2.0928970529203785, 1.7919871586252798, 2.7740309578182005, 3.164459146113205, 5.150982876505534, 3.2535930087741054, 2.7889135867339503, 1.9817294653684003, 2.9224820630486437, 2.1419087994389154, 2.50135598939538, 1.3111591598004106, 2.0762426807203718, 1.943849958898372, 2.3203948180217484, 2.0863546188041995, 3.383230347895463, 1.9270635045620486, 3.1540404622873917, 3.1406444716544497, 3.598373231759731, 1.7098421224520566, 2.2695664557385573, 2.566672482886735, 2.609764364993181, 5.195850328267519, 3.1110493664723373, 2.8269451118399234, 2.1893192854699954, 1.8355533667013242, 2.4060335951017926, 2.313913740242763, 3.519567260699043, 1.7605337500267728, 2.0671132012347084, 3.0396724162427526, 2.3029218536458087, 2.1484433925505555, 2.1155957096251456, 2.1168387099131074, 1.5309915579026843, 2.0198629142728493, 2.0518490764724007, 2.0096115951971765, 1.9532431497580485, 1.8840104100133024, 4.237572960227034, 1.784949573869623, 4.136886237653649, 3.1522410525060622, 2.1750629620843758, 2.566410567636318, 2.2188595540118508, 2.8225126824852995, 2.263830555131602, 2.327397474584928, 2.1440189653565422, 3.2386027346856436, 2.681051173391685, 3.7976157121596525, 2.0567414310784717, 1.929997823489233, 2.802484926652737, 3.210562209113888, 3.591079662259297, 2.0506847614115156, 2.053224879382797, 1.8732566059823728, 4.303690617610824, 2.525199058790042, 2.3731146063154576, 2.4295579082926664, 2.1369211265937267, 1.7498010150578631, 2.545799171340689, 2.609539974949053, 4.649056790433979, 1.792553885583998, 2.283653528168832, 3.4442451619900973, 4.123400629183575, 1.60014357309086, 2.8119999437437238, 1.6994165738146456, 2.3906930497317753, 2.0801046728506956, 2.3205383766428485, 5.514255049743749, 3.8148654557106445, 2.2003537517689833, 5.7043405055451535, 2.896161747533112, 1.7652184007109928, 2.1978810845581926, 2.5494374392325225, 2.697906179967557, 2.349151073395533, 1.565490214416251, 2.125775877863572, 2.3558152251039264, 2.05191568658464, 2.6320004033652, 2.6290920997081884, 2.389468296023157, 2.34019079520479, 2.2472625631344174, 2.4572663252745395, 2.548124161987624, 2.611931423828161, 2.1894850248854407, 4.657433478561229, 1.9036372691368681, 1.7455663934387884, 2.5708302032387507, 2.669677260347279, 2.6416318374386605, 2.4581488525501882, 2.91930602388376, 1.8802916999222101, 2.131477430839327, 3.114603733367208, 2.2668267075046096, 2.581510717281695, 2.1835353858837943, 2.507624710236485, 2.5487602072843223, 3.0806884805154824, 1.384639335069481, 2.463448065861635, 2.445259277424658, 2.6422311848307247, 3.0267732975231056, 2.7261291389507467, 4.234790885613013, 2.4509224296869245, 2.511359508328114, 2.276855859366208, 2.4539645781471977, 2.7167697802658175, 2.666452668053312, 1.953196589613238, 2.1809875819316527, 3.1024629692644634, 1.92823972412578, 2.148896313569195, 0.9122514693672303, 2.7334873011424596, 2.750077326953013, 2.290935431759885, 2.2546409723788314, 1.2177794569930425, 2.6614553053831, 3.098721910910648, 2.3117645388252, 4.81481804985598, 1.8034053084670538, 2.5550996509446104, 2.4477094817899894, 2.9745462624670287, 2.0633182508310095, 3.625712971980505, 1.5441264895971356, 1.9430761994501191, 2.5369198694078268, 2.55815215408596, 1.712010206575863, 2.6444934041814, 2.274117357890041, 2.768434575194756, 2.422676927440021, 4.338586168777057, 2.5928590832705796, 2.1766540502224543, 1.98342462755994, 4.3723486430995635, 1.9300952332552601, 1.5935039594703806, 2.883894556849394, 2.0962454420068415, 1.8971908641808826, 2.186513342978293, 2.5573092591371402, 1.3130179943878553, 1.409004197452803, 2.8546777280964344, 2.2836659133310278, 2.2849132595676, 1.5899433919379797, 2.698571833964001, 2.2911561257862916, 1.8671622106468084, 2.9165102200036648, 2.2022625018406794, 1.925299640287489, 2.6876759083344064, 1.9554609006535744, 2.4757270247752836, 1.5091384892280382, 2.4480699548023024, 4.374897186213224, 2.5775097886257172, 1.8728941395419156, 2.451818532401507, 4.4487036868309335, 2.439516554745003, 3.0707624115383174, 1.8927525682289028, 1.6555050745298785, 2.698758340563095, 3.269952910550006, 2.850136922776084, 2.1642649119549935, 2.0214386041558408, 1.959669857308267, 1.7973849299178983, 2.6905614714231554, 2.4409106699524292, 3.541580580926765, 2.036576847863233, 2.656068125609548, 1.9041166804609502, 2.835340811523772, 2.538775533560986, 4.9071056895476595, 3.0591872413235865, 2.4538771242172084, 2.576707042594874, 1.6274273658912348, 2.3486441202284953]"
1.5,4000,0.6569330069562176,0.6569330069562176,0.013825178146362305,0.32537886300122915,"[3, 3, 1, 3, 1, 3, 2, 2, 2, 2, 2, 4, 3, 1, 1, 4, 3, 3, 2, 2, 3, 3, 2, 4, 2, 2, 2, 2, 2, 4, 1, 3, 3, 3, 2, 2, 3, 3, 2, 3, 3, 2, 1, 3, 2, 3, 4, 2, 3, 4, 2, 1, 2, 2, 3, 1, 2, 2, 2, 3, 3, 2, 2, 3, 3, 4, 2, 3, 3, 2, 3, 2, 2, 3, 2, 3, 4, 2, 2, 2, 3, 3, 1, 4, 2, 2, 3, 3, 4, 2, 2, 4, 3, 2, 3, 2, 2, 2, 3, 3, 3, 1, 3, 1, 3, 1, 3, 2, 2, 3, 1, 1, 2, 2, 1, 2, 2, 3, 3, 3, 2, 2, 3, 3, 1, 3, 3, 2, 4, 2, 2, 3, 2, 2, 2, 2, 1, 2, 4, 3, 2, 1, 3, 2, 3, 3, 3, 2, 4, 4, 2, 4, 3, 3, 2, 3, 2, 4, 3, 3, 4, 3, 4, 3, 2, 2, 3, 2, 2, 2, 2, 2, 2, 2, 1, 2, 3, 2, 3, 2, 2, 3, 2, 3, 4, 2, 2, 3, 3, 3, 4, 3, 2, 2, 2, 2, 1, 1, 2, 2, 2, 3, 2, 5, 3, 2, 2, 2, 2, 2, 3, 2, 3, 2, 4, 3, 4, 4, 3, 3, 3, 2, 1, 2, 3, 2, 2, 2, 1, 2, 3, 2, 3, 2, 4, 1, 3, 2, 3, 3, 2, 2, 3, 2, 4, 1, 2, 4, 2, 1, 2, 1, 2, 1, 3, 2, 2, 4, 2, 3, 1, 2, 2, 2, 1, 3, 2, 1, 2, 2, 2, 2, 3, 3, 2, 2, 2, 3, 3, 4, 3, 2, 4, 1, 3, 3, 1, 3, 2, 2, 1, 2, 4, 4, 2, 2, 2, 3, 3, 3, 2, 1, 3, 2, 1, 4, 2, 4, 3, 2, 1, 3, 2, 4, 3, 2, 2, 2, 2, 2, 3, 3, 4, 2, 3, 2, 2, 1, 1, 2, 2, 1, 3, 2, 4, 3, 3, 3, 2, 2, 1, 2, 3, 2, 3, 2, 3, 2, 3, 2, 3, 5, 1, 1, 3, 4, 2, 2, 3, 2, 2, 2, 4, 4, 1, 4, 3, 3, 3, 3, 2, 2, 2, 3, 3, 2, 2, 3, 4, 1, 3, 3, 5, 2, 2, 2, 2, 3, 4, 3, 3, 3, 2, 3, 2, 1, 1, 4, 2, 3, 3, 2, 3, 1, 4, 2, 2, 2, 4, 2, 1, 2, 3, 1, 3, 1, 1, 1, 3, 2, 3, 3, 3, 4, 2, 3, 2, 4, 1, 5, 2, 3, 2, 3, 4, 2, 2, 2, 1, 2, 3, 2, 2, 2, 3, 2, 2, 2, 4, 2, 2, 3, 2, 4, 2, 4, 4, 3, 3, 3, 1, 3, 3, 3, 2, 2, 3, 2, 1, 4, 4, 2, 1, 3, 2, 4, 2, 1, 2, 1, 1, 2, 4, 3, 2, 1, 3, 2, 4, 2, 4, 1, 4, 2, 3, 1, 2, 3, 2, 3, 3, 2, 2, 3, 3, 2, 3, 4, 3, 2, 2, 3, 2, 2, 3, 2, 4, 4, 1, 3, 3, 3, 2, 1, 2, 2, 3, 4, 3, 2, 4, 3, 2, 2, 3, 3, 1, 3, 2, 4, 1, 3, 3, 2, 2, 2, 3, 3, 2, 1, 3, 3, 3, 2, 2, 3, 3, 3, 2, 4, 4, 2, 2, 1, 2, 1, 3, 1, 3, 3, 2, 1, 2, 2, 3, 2, 4, 3, 3, 2, 2, 2, 4, 2, 2, 2, 3, 2, 1, 3, 3, 3, 2, 3, 3, 1, 4, 3, 3, 3, 2, 2, 3, 2, 2, 3, 2, 2, 4, 2, 3, 1, 2, 2, 2, 2, 3, 2, 1, 3, 3, 2, 2, 1, 3, 2, 2, 2, 3, 3, 2, 1, 2, 3, 3, 3, 2, 3, 2, 2, 2, 2, 2, 2, 2, 2, 2, 4, 3, 3, 3, 4, 3, 2, 3, 3, 3, 2, 2, 2, 3, 5, 3, 2, 2, 3, 2, 1, 3, 2, 3, 2, 3, 3, 3, 2, 4, 4, 4, 3, 1, 3, 3, 2, 2, 3, 3, 4, 2, 2, 3, 3, 2, 3, 3, 2, 1, 3, 2, 1, 2, 2, 1, 2, 2, 2, 3, 2, 2, 2, 2, 2, 3, 2, 1, 3, 5, 2, 3, 1, 2, 2, 2, 3, 1, 4, 1, 1, 2, 3, 3, 3, 2, 1, 4, 2, 2, 3, 1, 3, 1, 3, 4, 1, 3, 2, 1, 2, 3, 3, 3, 2, 3, 3, 3, 3, 3, 3, 2, 2, 3, 3, 2, 3, 2, 1, 4, 3, 1, 1, 4, 2, 1, 1, 1, 2, 4, 2, 3, 3, 4, 4, 2, 2, 2, 2, 1, 3, 2, 2, 3, 3, 1, 3, 5, 2, 3, 3, 2, 2]","[2.3830860002437184, 2.1592946308389056, 1.875598036956713, 2.310451534930375, 1.9565878142322801, 3.555185755327315, 1.9733253471683216, 2.231908931353762, 2.4184493055431693, 1.9441290607869763, 2.3852584995154142, 2.3341686805169553, 2.1444856965398538, 1.959250755311662, 2.356333791224271, 2.4808339570503684, 2.2749509358058826, 2.588462125190258, 2.0888046200699852, 1.8368631839837017, 3.2118223057791386, 2.4581940384896526, 2.1090953260212784, 3.6999270179146415, 1.8867505481836808, 2.1926874528050346, 2.6884929704994684, 2.371001312342208, 1.8859497452719238, 3.3656378484187766, 2.2499976371799844, 2.1859757807672047, 2.662046278342678, 2.2616773909404797, 2.576676963117964, 2.1928526688201075, 1.8315186783268742, 2.3446958726638285, 2.0372036700382274, 2.8369187676462033, 2.609341351873362, 2.7346510430842477, 1.9774707505765834, 2.110432592112108, 2.2951004171083933, 2.1893734003656107, 3.1867093123178654, 2.2130838017390833, 3.2742058556246425, 3.7176419844883313, 2.3368871023147015, 2.185543123289292, 2.455620990981705, 2.0466615142227575, 2.055386217675664, 1.8319651254123026, 1.9157002377478207, 2.09145765375388, 2.207964903950123, 2.4752971318684325, 2.144487218708739, 2.6712822743341276, 2.0614922906716653, 3.2080551271334246, 2.4131086924969276, 2.6843327154564953, 3.1331277727116813, 2.0429703839268, 2.4539848211507422, 2.1625262484845416, 2.3338986307285543, 1.8860093565324276, 2.0716178866387653, 2.7385567550858756, 2.2587723882979955, 3.124382882080639, 3.812493673043894, 2.6161470257153576, 2.0799487313715925, 1.819877923845151, 2.6978565471336826, 3.3274928936327766, 2.3726305817375013, 3.80544081417288, 2.1734032100320406, 2.391237983365406, 2.236376464154856, 2.8653549939409824, 2.9936467934353463, 2.1482168715952743, 2.1732282688611155, 3.409761821197168, 2.1220454347396336, 2.7956774288223945, 2.0720469276181386, 1.991748522719465, 2.0924227305982073, 2.1531381123235365, 2.7820030468476094, 2.639979805926511, 2.428650672804958, 1.7665722100079346, 1.880537730144502, 2.0795233504091435, 2.250495272936394, 1.8253654715481993, 2.1519957507489207, 2.041778944646904, 2.613932587050395, 2.8834075586714287, 2.9214362971864865, 1.9104821875764189, 2.335564711178007, 2.137515447773832, 2.031088642915308, 2.294802360805874, 1.811654881632315, 2.2907547430311896, 2.094755506133409, 2.0708074246214556, 4.13820431524254, 1.2367121195635715, 2.412920504379224, 3.0298364168119556, 1.8984819377984017, 2.3697488281674435, 2.79839724475908, 2.130387062105127, 3.426962361855148, 3.1565653318713087, 2.461559610394007, 2.370909049186822, 2.2776792259683893, 2.1389771262171786, 2.7018827986366496, 2.0559723950706186, 2.282150851098468, 1.885819950172482, 3.4067295438693552, 2.403682017054089, 2.175802973063797, 1.9727570750217756, 2.1081659462523215, 2.231792290053471, 2.2850351740411163, 2.124069382462992, 2.51995637701131, 2.0845405211679062, 2.7120286747740003, 2.842321284355744, 2.381449127064347, 2.905071351299249, 2.3183434034737456, 2.8573339676665204, 2.2614610140062985, 2.0561247349585727, 2.0274200192499174, 2.9336602109875205, 2.771435411159019, 1.9726112814410857, 3.7416532436428396, 2.8130899976544765, 3.0870896038198756, 3.3039538894396125, 2.0459411446224993, 2.173892128820608, 2.3040182588291285, 2.3230289785868146, 2.365775552540741, 2.7796423762272213, 2.3648611424560797, 2.180316765127654, 2.471647056094966, 1.9542695985460194, 2.180461739170599, 2.1619268241428085, 2.3222849510142805, 2.4097724065410713, 2.3455911547551502, 1.9290224027768785, 2.400237970799324, 2.6007982393193814, 1.958368615101125, 2.7261316505373983, 3.2553043453020027, 2.0965802730521657, 1.9685942777110563, 2.796900417016976, 2.978634585939983, 2.3543268787873077, 3.0788085234419666, 3.8794680206347167, 1.9729175120582254, 4.720121610471473, 1.9710567918512412, 1.9907926490569507, 2.551030402417287, 1.500101249092599, 2.376606598555324, 2.2632803756939075, 2.0587356017162053, 3.366326539994147, 2.4425705498518213, 3.946697508987543, 3.1663178808962162, 2.2365377207290504, 1.8758648696683395, 2.132820607701809, 2.0122135046512204, 2.7733787680885937, 3.5456757826815872, 2.192023222025882, 1.9727922858831746, 2.1963098328964183, 2.594120637129558, 1.990409284653893, 2.369516131346607, 2.7457614660558547, 3.265285548077502, 2.410268984095883, 2.607494609924159, 2.732142469407214, 2.7159367516142083, 2.4594724356915982, 2.263219546191162, 2.758445566458489, 2.552694788014059, 2.07460027660972, 2.3175760608712737, 1.8098698555538943, 2.8373197638757564, 2.3201840924951336, 2.4472249856830532, 2.197103758721993, 3.0015902492914703, 1.791847384461565, 2.7605507957661612, 2.784975728431723, 1.8738812444467177, 4.244099825186505, 2.1347765311861897, 2.356274179963767, 2.914582072403717, 2.106406500602093, 2.970464199788053, 1.9910331875934189, 2.2102581765840577, 2.5825932519519106, 1.4583604245700053, 1.9300084528893047, 2.449609436103207, 2.481286778461503, 2.0310813820735687, 1.8834394488573731, 1.583836655806436, 2.0244504099586527, 2.391164421809714, 2.648536724611965, 2.0978760874759925, 2.900043115585102, 2.1274920233601042, 1.931502627012487, 2.062449238572489, 2.8956402667544263, 1.7969838880749798, 2.7622924756917726, 2.7721218045536595, 2.3407063431305293, 2.217977330331546, 2.0655472735665743, 2.1334365907270154, 2.187192368163232, 2.309403104473972, 2.2850517327245896, 2.163901256581175, 2.189432425406816, 2.160026524648425, 2.5020489040179212, 2.788702173774777, 2.0733252579822765, 2.489902910010742, 2.0756910562245046, 1.955256020265614, 2.389080199857434, 2.1841947427467994, 2.3874816002137456, 2.164338378010273, 2.4094712924224293, 1.8489021274610742, 2.1465408670665957, 2.4337797444753715, 2.041072891681352, 1.987115418764878, 2.011136220320841, 2.108896621819599, 2.3915691570348714, 2.014572374650698, 2.2588532211015, 3.497269733261715, 2.3545358611891025, 2.229167356811315, 2.5359041779136646, 2.388020393258839, 3.1472989757005676, 2.2507803702999998, 4.039816001956641, 2.580378547540798, 3.8899447932642626, 2.043398949083244, 2.135099082547734, 2.1450381852422944, 2.5390205221433377, 1.8467764301530556, 3.942245139780446, 2.4456365703118594, 2.780089261757626, 2.16376294423229, 2.4547428388994237, 2.252531115751398, 2.773324059294492, 2.061957921520108, 4.0653633040118855, 2.115703474650603, 2.0443481992723687, 2.620894782958782, 2.3171326708846998, 2.1931697481202126, 2.3223445622747843, 1.987746831608554, 2.377620759445322, 2.0988765248238055, 1.891863869640233, 2.6067343944953274, 2.342261346756458, 2.2678373261807816, 2.3908753100080324, 2.4376624892250143, 1.8225372484109614, 1.8993755258320677, 1.941365815975928, 2.600890092694621, 2.79814666595405, 3.1096465682755534, 1.8869643549427313, 2.428711341620032, 2.177585639894099, 2.3391226956221325, 2.0857747135858467, 2.6057579079858164, 2.3027094759105475, 2.6477857404170817, 2.4207985451019236, 2.3691270300757346, 1.956094365464776, 2.684847385767, 3.267272286190201, 2.1481238772066424, 2.101697078141698, 2.1816831326425774, 1.9684007790221254, 2.5094762812064326, 2.316428001421991, 2.1843683702280536, 2.1959937842685453, 2.3564398058141944, 2.2376795822140227, 1.8317113399290559, 2.5957535890812062, 2.940335238214292, 2.2561363787696385, 2.932920989490938, 2.4229951017826927, 2.4039459420162004, 3.0817949452520046, 2.9508420165002676, 2.540078578237512, 2.7634185767316235, 2.391321862151939, 3.5927317618202643, 1.8570018548239178, 1.6113172471803103, 2.1992386645421997, 2.903564178426434, 2.077004502790121, 1.890129737854474, 2.880336228490397, 2.534800228580951, 1.9319232175727086, 1.9663978156902076, 2.070544617401006, 2.7114445412994637, 2.2595694314797568, 2.0312702561236424, 2.059739600587908, 1.9763441949077476, 2.700574252799389, 2.3030624416761047, 4.318456919691033, 2.387334958422965, 2.139626226609331, 2.281771048519563, 1.971279912133265, 3.0112335445309917, 1.8788548920882024, 3.019891803032745, 2.65232697884804, 2.199095635494601, 2.090059463500384, 3.850477886016567, 2.306712756105908, 3.5557893389913535, 2.058845869337818, 2.1305015167633377, 2.157143762882841, 2.5731729500547855, 2.4004163183668643, 1.8986619516014849, 2.247000011771068, 2.2081389698763534, 2.147812839718526, 2.1752138165311377, 2.1289663270631185, 2.425815826194331, 1.967534322250367, 1.7457591631242506, 2.3795689358739915, 2.087277405745981, 4.7650507510002615, 2.110572227706505, 4.66874245850879, 2.234119820342961, 2.4203481489114504, 2.4449032307271024, 2.0299984441744154, 2.9221596188271213, 3.2067827343103064, 2.1071624900338404, 2.09988207453674, 1.9921085885463015, 2.1723243644618724, 2.332915044930241, 2.108870127926042, 2.4403863544670625, 2.441381703216247, 2.2942095321079017, 2.2730243803018024, 2.300944131664754, 2.412668165466239, 2.4766888426524716, 2.1222368780995735, 2.4023675121539094, 2.2940176893186806, 1.9986315298132062, 2.33518660343675, 2.2682526722125593, 2.9383642123055056, 2.102747945019861, 2.512797382580632, 3.081828245638579, 2.4996566110946277, 1.8798110036822697, 2.736976835519982, 3.2365765140191587, 2.172152591803702, 2.2673185627462673, 1.9592212822728836, 2.8212767040668116, 2.1540753338081244, 2.727032830444292, 2.7613978301035367, 3.7559171815945973, 2.089237582324775, 1.86863443499102, 1.9754731359813542, 2.630666205324157, 2.3595055597255423, 2.7752372897426474, 2.3106634860788335, 2.1094641470366273, 1.8363571256377695, 2.1517378285755875, 1.9018045900138327, 4.513975174175798, 1.9813021798523607, 3.0969667367933225, 2.189381121341524, 2.805741031254196, 1.9949874012068405, 3.896082195224929, 2.199373211823199, 2.2239959081051985, 1.7867439982150968, 3.312514585741908, 2.173132057395709, 2.262002007109099, 2.0545682187120837, 2.2027036728714817, 2.442671363409138, 2.4082251664320866, 2.1017842296417153, 2.048558634853521, 2.0120301791114428, 2.153252510487288, 4.949337460578203, 2.4448117489590313, 2.6313767224634015, 2.4624472608941694, 3.2600520293872304, 1.7700329748538524, 2.0886863110143428, 2.187540643161876, 2.1106232548797577, 2.1981015049324504, 2.338144858044998, 2.1298114572886067, 2.4170438448920932, 2.3137969698658716, 2.8005827920541804, 2.369687931819374, 2.2522748937836674, 2.0152305350007245, 2.023844949150337, 2.4627932991192125, 2.8562579928849194, 1.8809498859668121, 1.943794575380816, 2.0562761995943166, 3.047939173133683, 2.221382433022005, 2.530383037028256, 2.918184875170982, 1.9696559272294007, 2.01718692475971, 1.9526567827757209, 3.9229601992344723, 1.9653170763439851, 2.945451356817215, 3.7491917476308836, 1.7590678146578393, 2.4692802218350995, 2.268018663292101, 1.9404127270229181, 2.280332507934702, 2.0876054666096424, 2.1579431262225164, 2.264675016279156, 2.7580932762969845, 2.1113695635092387, 2.30130451817973, 2.2820064475860655, 2.297655565216108, 2.1862096958302835, 2.3780343939406805, 2.5195355596278453, 2.1725740297865057, 2.550614037059125, 2.018492862201169, 2.676054763858378, 1.82462631689694, 2.111668622676909, 2.3832702782645567, 2.318752840581641, 1.8146884324446217, 2.2008297950949567, 2.3484105280514713, 2.21530527364255, 2.5279766226934814, 2.4938093802802213, 2.037339689174262, 2.1419444579768316, 1.8172363762050558, 2.596658568451059, 2.16918898689878, 2.714242570723017, 2.0925961591485716, 3.4042989525903034, 2.3737358151177017, 3.0779592897566364, 2.1775440609219348, 2.461004152889694, 1.9714745751625276, 2.257337901821449, 3.7340395609818207, 1.8994053314623196, 2.1147024010222113, 2.247171507537199, 2.0531255354366946, 2.2174709776072947, 2.2316879202474307, 4.037318105359034, 2.3052856736800096, 2.435834450302526, 2.4291615555081463, 2.0299259575743016, 2.1930709768932646, 2.1206341980377506, 3.4097743387157404, 2.0755366228420975, 2.2377839522500853, 2.6792916156966244, 2.309492311310496, 2.5798401133894826, 2.148757902918746, 2.237440112507733, 1.465861070533454, 2.4602323742359062, 2.1411348659215346, 1.8496100585214408, 2.0199577630039713, 2.0405165199166495, 2.0901621273379183, 2.418531518086644, 3.0716864116761444, 2.1197701387573287, 2.163635680277252, 2.120304746325809, 2.3235981605136087, 2.9568843301998298, 2.4126624832953594, 2.6138316299613593, 2.339895893016554, 2.3789343006708594, 3.1825507290858646, 2.2694760541757213, 1.837357850993448, 2.259597143615556, 2.245806568318749, 2.585428469319473, 2.5991367389251776, 2.8499542390767596, 2.5427392313867245, 1.953607888575438, 2.0255737929118154, 2.300741628000116, 2.3266199482972887, 4.06046727687002, 2.204531679351234, 2.110321902521784, 2.3433451599078214, 2.963486515208337, 2.202181564540269, 1.834190612471113, 2.3306944307927058, 1.9859132426634774, 2.314751454247607, 2.191861384592827, 3.0363723829903164, 2.8028840996814512, 2.635714488844915, 1.9536801094143703, 2.577312965425432, 4.405940580305248, 2.5108437905297736, 2.664230951102836, 3.399156621523053, 2.347188774095666, 3.050787154579921, 1.8535236178216457, 2.801496626010322, 2.253679186324022, 1.7784897099271464, 4.502089932052561, 3.335064847664513, 2.2173222438343543, 2.381760906924083, 2.2913081467815286, 2.452808651711396, 2.636459429882814, 2.017727390890529, 2.583758745329361, 1.802096826570999, 2.0545052957148853, 2.1575937596440333, 2.8556290439533827, 2.1456769796047035, 2.1429855458599567, 2.89105019969563, 2.7183416533284217, 2.4487893436451738, 2.083291491938745, 1.8246103955818174, 3.9657280949392324, 2.136996707673773, 2.2715579183144192, 2.228906643085318, 2.8025341187143007, 3.11610799314929, 2.266829339188339, 2.2674134230888408, 2.1920437576440293, 2.4883461828522724, 2.389834654429453, 2.2303201069422376, 2.1709645265479263, 1.9756733528035946, 2.014033303996297, 2.4699494194631475, 2.555288698163714, 2.5331337781846193, 1.9297509848497034, 2.335319709492894, 2.3993800598941464, 1.748754207019703, 2.225399076338448, 4.219734742686085, 2.52006059168256, 2.205221738825965, 1.8553360512665047, 2.317667171819685, 1.9604240235669361, 2.3594164476116632, 2.275865850385819, 1.9762330363049918, 2.1273414825882835, 3.0342291084749813, 2.190740694281797, 4.021343416716785, 2.0565889589697166, 2.5619651196071813, 2.754880044280584, 1.9101347209846615, 2.725339248771021, 2.072412436896793, 2.401106892665188, 1.7977488992514457, 4.250310510648542, 2.208933614786785, 2.1247414653011245, 1.8178041393059445, 3.8826887506594487, 2.201756444001111, 2.7739907096411205, 3.0666392198950074, 2.193700911071408, 2.6509252668036174, 2.517687266837411, 2.4094297246513627, 2.1202622746226703, 2.0056936085723196, 2.35047445375921, 1.7733844523888462, 4.698170838785387, 2.1873184902546434, 1.9272663349061276, 3.0239773618143633, 2.7487295635065516, 2.131184609774648, 2.354880576183666, 2.1753550411874363, 2.2675568749152077, 2.353536658797334, 1.9828026084343124, 2.9925968686321704, 3.0252916454040046, 3.624298121944716, 2.1817731869016836, 2.956151604161722, 2.304884505546655, 2.614792697311044, 2.0642589411545447, 2.2036757951579102, 2.09509062890792, 2.218108924547122, 2.3942590964328456, 2.2320753934407054, 2.1035191427997573, 2.989738230458924, 2.2072543367495983, 2.473250706124129, 2.318962060867296, 3.693905616673012, 2.004532036415077, 2.172542358209828, 2.1683826172029392, 3.0964895529780003, 1.769685242500913, 2.7374858618652462, 2.139387781567316, 3.2114103270430086, 3.01677352523133, 3.454622500995039, 2.3824453224410886, 2.0086987717150153, 2.162908488350471, 2.5472697924885495, 2.3388856685407577, 2.317662403956888, 2.2863563198307246, 3.3436280852062614, 2.0079561621031217, 2.3252396575142655, 2.6822522692859536, 2.3357769663083174, 2.1492805199481513, 2.7331457488637327, 2.1867666484688777, 2.11801173944554, 2.607715648860119, 2.6009989049926716, 2.162310719838207]"
1.75,4000,0.7645825423993056,0.7645825423993056,0.012352466583251953,0.3558988857164453,"[3, 3, 1, 3, 1, 3, 2, 2, 2, 2, 2, 4, 3, 1, 1, 4, 3, 3, 2, 2, 3, 3, 2, 4, 2, 2, 2, 2, 2, 4, 1, 3, 3, 3, 2, 2, 3, 3, 2, 3, 3, 2, 1, 3, 2, 3, 4, 2, 3, 4, 2, 1, 2, 2, 3, 1, 2, 2, 2, 3, 3, 2, 2, 3, 3, 4, 2, 3, 3, 2, 3, 2, 2, 3, 2, 3, 4, 2, 2, 2, 3, 3, 1, 4, 2, 2, 3, 3, 4, 2, 2, 4, 3, 2, 3, 2, 2, 2, 3, 3, 3, 1, 3, 1, 3, 1, 3, 2, 2, 3, 1, 1, 2, 2, 1, 2, 2, 3, 3, 3, 2, 2, 3, 3, 1, 3, 3, 2, 4, 2, 2, 3, 2, 2, 2, 2, 1, 2, 4, 3, 2, 1, 3, 2, 3, 3, 3, 2, 4, 4, 2, 4, 3, 3, 2, 3, 2, 4, 3, 3, 4, 3, 4, 3, 2, 2, 3, 2, 2, 2, 2, 2, 2, 2, 1, 2, 3, 2, 3, 2, 2, 3, 2, 3, 4, 2, 2, 3, 3, 3, 4, 3, 2, 2, 2, 2, 1, 1, 2, 2, 2, 3, 2, 5, 3, 2, 2, 2, 2, 2, 3, 2, 3, 2, 4, 3, 4, 4, 3, 3, 3, 2, 1, 2, 3, 2, 2, 2, 1, 2, 3, 2, 3, 2, 4, 1, 3, 2, 3, 3, 2, 2, 3, 2, 4, 1, 2, 4, 2, 1, 2, 1, 2, 1, 3, 2, 2, 4, 2, 3, 1, 2, 2, 2, 1, 3, 2, 1, 2, 2, 2, 2, 3, 3, 2, 2, 2, 3, 3, 4, 3, 2, 4, 1, 3, 3, 1, 3, 2, 2, 1, 2, 4, 4, 2, 2, 2, 3, 3, 3, 2, 1, 3, 2, 1, 4, 2, 4, 3, 2, 1, 3, 2, 4, 3, 2, 2, 2, 2, 2, 3, 3, 4, 2, 3, 2, 2, 1, 1, 2, 2, 1, 3, 2, 4, 3, 3, 3, 2, 2, 1, 2, 3, 2, 3, 2, 3, 2, 3, 2, 3, 5, 1, 1, 3, 4, 2, 2, 3, 2, 2, 2, 4, 4, 1, 4, 3, 3, 3, 3, 2, 2, 2, 3, 3, 2, 2, 3, 4, 1, 3, 3, 5, 2, 2, 2, 2, 3, 4, 3, 3, 3, 2, 3, 2, 1, 1, 4, 2, 3, 3, 2, 3, 1, 4, 2, 2, 2, 4, 2, 1, 2, 3, 1, 3, 1, 1, 1, 3, 2, 3, 3, 3, 4, 2, 3, 2, 4, 1, 5, 2, 3, 2, 3, 4, 2, 2, 2, 1, 2, 3, 2, 2, 2, 3, 2, 2, 2, 4, 2, 2, 3, 2, 4, 2, 4, 4, 3, 3, 3, 1, 3, 3, 3, 2, 2, 3, 2, 1, 4, 4, 2, 1, 3, 2, 4, 2, 1, 2, 1, 1, 2, 4, 3, 2, 1, 3, 2, 4, 2, 4, 1, 4, 2, 3, 1, 2, 3, 2, 3, 3, 2, 2, 3, 3, 2, 3, 4, 3, 2, 2, 3, 2, 2, 3, 2, 4, 4, 1, 3, 3, 3, 2, 1, 2, 2, 3, 4, 3, 2, 4, 3, 2, 2, 3, 3, 1, 3, 2, 4, 1, 3, 3, 2, 2, 2, 3, 3, 2, 1, 3, 3, 3, 2, 2, 3, 3, 3, 2, 4, 4, 2, 2, 1, 2, 1, 3, 1, 3, 3, 2, 1, 2, 2, 3, 2, 4, 3, 3, 2, 2, 2, 4, 2, 2, 2, 3, 2, 1, 3, 3, 3, 2, 3, 3, 1, 4, 3, 3, 3, 2, 2, 3, 2, 2, 3, 2, 2, 4, 2, 3, 1, 2, 2, 2, 2, 3, 2, 1, 3, 3, 2, 2, 1, 3, 2, 2, 2, 3, 3, 2, 1, 2, 3, 3, 3, 2, 3, 2, 2, 2, 2, 2, 2, 2, 2, 2, 4, 3, 3, 3, 4, 3, 2, 3, 3, 3, 2, 2, 2, 3, 5, 3, 2, 2, 3, 2, 1, 3, 2, 3, 2, 3, 3, 3, 2, 4, 4, 4, 3, 1, 3, 3, 2, 2, 3, 3, 4, 2, 2, 3, 3, 2, 3, 3, 2, 1, 3, 2, 1, 2, 2, 1, 2, 2, 2, 3, 2, 2, 2, 2, 2, 3, 2, 1, 3, 5, 2, 3, 1, 2, 2, 2, 3, 1, 4, 1, 1, 2, 3, 3, 3, 2, 1, 4, 2, 2, 3, 1, 3, 1, 3, 4, 1, 3, 2, 1, 2, 3, 3, 3, 2, 3, 3, 3, 3, 3, 3, 2, 2, 3, 3, 2, 3, 2, 1, 4, 3, 1, 1, 4, 2, 1, 1, 1, 2, 4, 2, 3, 3, 4, 4, 2, 2, 2, 2, 1, 3, 2, 2, 3, 3, 1, 3, 5, 2, 3, 3, 2, 2]","[2.0506237043208264, 2.1135353944872572, 2.2073746983498554, 2.254556803836971, 2.1337167689417202, 2.5839206475156593, 3.9129236928498803, 2.4577563905125306, 2.2226170211902083, 2.1321699778507543, 2.050893426531266, 2.615381086102062, 2.2914089381789475, 2.294490479770806, 2.047302338442884, 3.1775065995503673, 2.4404261700226257, 2.4653835098892265, 2.2652269499712236, 2.1642006272787784, 3.5854374242025915, 2.3951543052614364, 2.1073030023137176, 3.3338776471437086, 2.147720278448902, 2.285284070022475, 2.333050548240606, 2.4574773663357, 2.1702948690518493, 2.839154123038983, 2.4600021568439643, 2.4747276666583593, 2.2232032924234937, 2.60059281263391, 2.2361622740512517, 2.11429672937761, 2.1862111037464773, 2.1679355307445247, 2.2204555148947236, 2.4662421197420565, 2.4649167553255618, 2.3089474377255015, 2.516863188399377, 2.358784935582458, 2.062374046582264, 3.971128721386732, 2.5281087212596565, 2.2651423244182634, 2.3004608189544515, 3.943743162702499, 2.3274091476263394, 2.254563308627761, 2.5638092053704105, 2.3437078085385896, 2.123308870303888, 2.1635925188195713, 2.509194196525722, 2.1277872457857585, 2.154537982572063, 2.466847994799252, 2.0890229978205888, 2.072438122576757, 2.1818740109354158, 2.3558082203241306, 2.412230838855242, 2.2242677221186105, 2.714807276245645, 2.18110394758527, 2.39463171847871, 2.09126259672343, 2.2574678301325686, 2.17030226996616, 2.14459309788546, 2.732293903349389, 2.3301512373431836, 2.1762877195386308, 3.552291526595101, 2.2785438016050397, 2.103684366377623, 2.1847658696463323, 2.4702946714761578, 3.225032794125802, 2.167998712718221, 3.6646166923985852, 2.2828898742429184, 2.4095155256269756, 2.4583110479239374, 2.3096604662704876, 2.74793079886267, 2.1121600579111597, 2.4504710126973204, 4.2393482479829325, 2.2991876671864606, 2.615778043475924, 2.1027033340695302, 2.138082074899397, 2.3338749453525347, 2.11277104450371, 2.419702671148828, 2.0494558219025913, 2.4141604216808403, 2.178147807604817, 2.14694893871295, 3.7341291211035568, 2.079510198652462, 2.185447164924836, 4.058732478190583, 3.9214224094501615, 2.178864810834178, 2.385572822272275, 2.3500536695102796, 2.2693397112035636, 2.1843683905154156, 3.6976834836071366, 2.1429662671826457, 2.06233704201071, 2.183744954633343, 2.3131504260200373, 2.1055226712600543, 2.1235209613675394, 3.6493755689933183, 3.9032822631401043, 2.5798103326620194, 2.878098693770826, 2.339453635740179, 2.308815015436906, 2.25582268005624, 2.277549292243835, 4.757077280150965, 2.007745927011504, 2.4148411688375857, 2.2603602856624625, 2.273162037397871, 2.1110129161929794, 2.664130385393795, 2.123381645961278, 2.3120822273878394, 2.1476047419532716, 2.5305293400364133, 2.9675903485203308, 2.4927337003621353, 2.362836639412909, 2.2974644876377535, 2.2118982818586965, 2.4416781580268765, 2.147700111450443, 2.3503144978639106, 2.3257365866369852, 2.6466250230338892, 2.1391979051777312, 2.4309742228166105, 3.4704465785843412, 2.2555366026593453, 2.3086646321337736, 2.248474485759179, 2.123400559408961, 2.180875821207278, 2.3650370382551715, 2.3230873930475413, 2.2560817067121715, 3.6601022716288245, 2.176347087100183, 2.5290145964567468, 2.598423516043853, 2.122136236547526, 2.0926737043853634, 2.4406299693682283, 2.523125250247629, 2.04847456103734, 2.67378446695038, 2.4601200408664274, 2.152807881750877, 2.0967518623076336, 2.1334289556074095, 2.4740430820846067, 2.0911881764184157, 2.423628815363102, 2.1644435156376276, 2.0686426210035456, 2.172237472098593, 2.639274795762328, 2.1772341427143562, 2.154909375898145, 2.4425998437931717, 2.6220593104891616, 2.1057492214703473, 2.1962464440524347, 2.843529961678797, 2.4563860566667484, 2.0470531743277522, 2.6712278424351843, 3.374430506162474, 2.2578222235408636, 3.707833079095364, 2.1355131353097234, 2.328240270928184, 2.354172430029389, 4.096602659744255, 2.437374775172337, 2.438977235465326, 2.3140015768106794, 2.8626094307918613, 2.462784892842601, 3.617537085695872, 2.362735676521423, 2.1388163644188998, 2.146368789263361, 2.110248566209432, 2.1389203655461273, 2.3209153584350046, 2.5972475044472585, 2.472073479594259, 2.172564140374211, 4.314178616640904, 2.675631919324103, 4.164831135791406, 2.6893398665809007, 2.0927874879056794, 2.583561988183036, 2.3805150227475385, 2.5079869822943204, 2.5301181268580613, 2.168854916921507, 2.3254117284060074, 2.248692812731349, 2.1514584993647103, 2.2933400312672934, 2.103020339899178, 2.1645685258949987, 2.183523338365924, 2.524256950725639, 2.2034303564741307, 2.226189606992813, 2.2333245830579207, 2.213027654617745, 2.181285795272613, 2.3282000029487344, 2.4614957351772966, 2.435803448556881, 2.5919289024562455, 2.3391332949703867, 2.047294937528573, 2.401917277390908, 2.267412275502452, 3.0446362899230275, 2.137993263927667, 2.1565251965444494, 2.586732946231394, 4.251863511735577, 2.153090875267135, 2.2264856435652467, 2.3980213372330748, 2.120291353074596, 2.1699832083269817, 3.894047774937551, 2.500021839415894, 2.959034485452525, 4.475395789039335, 2.2022551900112135, 2.8512279406080117, 2.1095870067024243, 2.320879239322241, 2.1451572805006345, 3.330135101728676, 2.1819235073890635, 2.7453015021753404, 4.039104490841203, 2.0680361571919628, 2.0754729998958985, 2.222271959716203, 2.110325042323977, 2.254768067257028, 2.081716288001127, 2.441680213836407, 2.114107320698723, 2.1522371205452044, 2.1136262612685184, 2.3394019868674265, 2.3228178045747967, 2.1028620425653073, 2.707710001809003, 2.29343263398597, 2.255629497095324, 2.283952591287833, 2.193529877273393, 2.1475145204058563, 2.4123737755991677, 2.5111833065379225, 2.2040603222243176, 2.2306250565217787, 2.091877512330295, 2.121531828545474, 3.9146357710271213, 2.88745383728409, 2.107278332599348, 2.4095566418175913, 2.1182417109723994, 2.4611016037810303, 2.937683921601916, 2.6179097318249323, 2.2357758874423457, 2.0015744951277656, 2.470155089455083, 2.182364803891656, 2.1532166710277125, 5.269360433306524, 2.5041164279675807, 4.989358067029472, 2.312097486023263, 2.1105314456008686, 2.2793682725166766, 2.00196139848146, 2.3557082566835748, 2.8071213860182542, 2.4162692710975233, 2.7226117349916406, 2.1524551733153197, 2.6752135006215196, 2.4603166957021747, 3.002417479600024, 2.3144016373453713, 3.6630061546516153, 4.075529203770607, 2.121938467670664, 2.2760742773964804, 2.402032648012174, 2.095067077841108, 2.4236362162774125, 2.2369893147724005, 2.4304989196530924, 2.296311178490981, 2.1483551124320095, 2.5286911033263917, 2.4261089439810455, 2.359076946813355, 2.3412717023994176, 2.582882123262924, 2.1850960326569773, 2.171961719419413, 2.2155399626442427, 2.5577992877251545, 2.15638750829573, 3.61810002948038, 2.3606977064147996, 2.9111882621971734, 2.751099686808406, 2.045165530016582, 2.1270816919547917, 2.4064917953241958, 2.3131051553102724, 2.3506706378743516, 2.41318555680134, 2.0488906568863716, 2.1336555058177025, 2.3552719507661632, 2.8240557864626252, 2.230821591912922, 2.3261641265394633, 2.4515207090437414, 2.135183383460985, 2.40152114737829, 2.06502192925792, 2.2842512313142067, 2.4759714314244867, 2.326431678815551, 4.5164204193124915, 2.353837881172463, 2.5571615756087036, 2.2391992298451218, 2.270487429198315, 2.46297782973111, 2.0329045246676967, 4.379870530189638, 2.268510088456624, 2.013391268528034, 2.5768661652690623, 1.9617990427280936, 2.6083340627478195, 3.5193583965657673, 2.166700902830124, 4.026697405053622, 4.230829189942723, 3.1776775465761062, 2.52223759733713, 2.338416685412849, 2.756551988453684, 2.500664257225576, 2.320931456884323, 2.1576087222919966, 2.292793688383801, 4.193179025848739, 2.0806367822753344, 2.409995734578555, 2.1221468582771603, 4.1262493749502935, 2.2646491815230636, 2.3842487531177365, 3.603732425030868, 2.0511512250464268, 2.111093503926586, 2.202066258229351, 4.102946616611541, 3.8188326447189924, 2.268818083704501, 2.690323168510408, 2.3705034639271867, 2.5842918498397225, 2.1049396436771226, 3.1109841347237923, 2.423066974954978, 3.514771885502577, 2.223142457951465, 2.4905143853525473, 2.1115658604768357, 2.364081251912854, 2.0527753145757504, 2.1701706296762637, 2.3479586798462857, 2.3167051895810435, 2.1121098961586084, 2.3040861816564986, 2.2773729037860933, 2.413808467089169, 2.3253526808612377, 2.365840676844281, 2.050187050376487, 2.2041713158739227, 3.2037775827344657, 2.1668229037914313, 3.460180270796482, 2.327090548113745, 2.4131296387821024, 2.653351372644202, 2.1201569031312824, 2.4967898334163046, 1.8983664588414293, 2.2973399055801877, 2.106159149890787, 2.1590982933980807, 2.321120956878166, 2.2573457150464398, 2.107275043304099, 2.5150215029319054, 2.3927360003670843, 2.4620861995864263, 2.059633241315816, 2.4874906071122482, 2.452416679252128, 2.526530330809736, 2.2765374227927806, 2.220620418973906, 2.6924067742036097, 2.329213491160059, 2.163695954529956, 2.1410513720608475, 2.912090174329317, 2.296791826759279, 2.309358165634723, 2.5844659394930156, 2.1784888665723154, 2.359809596697499, 2.537720094303581, 2.3880333274534347, 2.4730114768620566, 2.270173233022084, 2.1567177344413526, 3.3628456759896332, 2.112887403323153, 2.1177247435216726, 2.4157729788940845, 3.7355442584099676, 2.645834444658356, 2.166442624673131, 2.4939411659857265, 2.6351671568747403, 2.428249864026409, 2.3438201120485966, 2.2545831181989655, 2.2976256631049674, 2.1868118112913737, 2.280200053052834, 2.2489933439299374, 3.7729354398978034, 4.413140860894376, 2.926327632216295, 2.0945967086204633, 2.6231454141108106, 2.1384841912436197, 3.636340365557845, 2.2634401141267704, 2.255932340815415, 2.1806521947752238, 3.4444973363653135, 2.1502133816430957, 2.079236296343035, 2.123207313313067, 3.7057767945679467, 4.002753171006285, 4.213840765113787, 2.296672178644587, 2.3127380762730567, 2.308202960448136, 2.470664975863614, 3.608759315905559, 2.4141333659527757, 2.371307422413577, 2.6538270184897006, 1.9800075510019628, 2.1785774717967517, 2.2950460333057334, 2.1136372256801326, 2.2977695697721225, 2.2632822279548055, 2.4255978697316913, 2.3001518418564006, 2.0724061916527363, 2.4225750073976196, 2.304865808098233, 2.2392371650681784, 2.2700080144157346, 2.498877164669151, 4.289184838122106, 2.053709611668743, 2.2170125735816155, 3.966072049287483, 2.1321284504982323, 2.5039731053340706, 2.6002383395049216, 2.0985697661196663, 2.1229671034700797, 2.332083475372265, 2.1353392138234186, 2.399384990841353, 2.133228719759111, 2.8128935680968508, 2.2568786069662314, 3.475459875706123, 2.754830184977846, 2.1772161147254634, 2.112322035919479, 2.61894662083037, 3.7412346357910558, 2.441094308120132, 2.10463497270466, 4.479761121742754, 2.1806747173902714, 2.3609606499399107, 4.305508539585518, 2.2534211746521633, 2.0834224041895535, 2.420571004267006, 2.2844798373340303, 2.568319359763659, 2.266895224801359, 2.4923328175036317, 2.3839545087923444, 2.300143065176737, 2.633296499096984, 2.1626813840355252, 2.695515601918942, 2.1902911777736183, 2.065310564916043, 2.1841215789393833, 2.096018095330051, 2.267800777858876, 2.282984647203463, 2.3129452105839694, 2.495921144635816, 2.50162208155466, 3.8885102288953357, 2.3747147842648846, 2.176720190331659, 2.2141678697184988, 2.3555164551404753, 2.524173347591321, 2.1036613785101443, 4.113213720787501, 2.5647165793071305, 2.1140986178187675, 2.364139931365638, 2.2175755567617044, 2.2479625891860127, 3.6591570104065676, 2.1719654198765683, 2.2684422360773775, 2.2693744139183454, 4.090433980176087, 2.6462407464213484, 2.077175210187392, 3.6398904541554074, 2.480854844566361, 2.300149012420277, 2.0336701081369624, 2.261494995888719, 2.262657673019352, 2.1682451384046693, 2.303149287214213, 2.4836903311960468, 2.4584857917340543, 2.703268653733717, 2.0851323580773378, 2.387583012614187, 2.3025040991215295, 2.6260459609312425, 4.100882893050014, 2.327208574415843, 2.469160534448983, 2.16578318945558, 2.2009208752836167, 2.1214627533452397, 2.1049523896962135, 2.0550243702024336, 2.366659145774672, 2.3074364352104544, 2.091400335961993, 2.3685418454782385, 2.82277959449895, 2.1488515534970793, 2.0316216995204845, 2.3347069170605437, 2.1642806267605126, 2.240385129110171, 2.2951807427309916, 2.272143589356318, 2.3545389122224623, 2.2709170933902496, 2.157533639740403, 2.1753259403078777, 2.2331324187426187, 2.447393011792901, 4.125683507839731, 2.1560208150104154, 2.40212874272107, 2.5430322224034247, 2.464407551228667, 3.1319324278054097, 2.073803682556898, 4.074861065673101, 2.0456897614469334, 2.0886321971370654, 2.263788779423192, 2.163868819620509, 2.3338000682407185, 2.1373576076207472, 2.3246609414455808, 2.522354659035781, 2.4531476135714296, 2.4577591603181834, 2.502455296004047, 2.1333557687881135, 2.293337478495681, 5.131875529466194, 2.120541248223749, 2.091177720280795, 3.730950366215173, 2.2451480920735967, 2.2646603795292686, 2.18724058467957, 2.494422439705164, 2.656035371832482, 4.169707193381515, 3.939062709852032, 2.6123467724348184, 2.0980656816227166, 2.2284688093610656, 2.220816837665253, 2.253153620108617, 2.631785616051706, 4.199255013650733, 2.356533253214621, 4.137696822809312, 2.12319950123685, 2.3192921087195764, 2.6747059495443564, 2.108439728024392, 2.301787443919096, 3.3295652313267414, 2.336756350500806, 2.4166606972321856, 2.2943762505606022, 2.185353420010232, 2.6878007975385754, 2.110767041373097, 2.0821251883756253, 2.214772003800847, 2.464179676242865, 2.309605693191985, 2.249140979209061, 2.4394903655242106, 2.094927282793014, 2.208620912597337, 2.4286103160582577, 2.1172459252505536, 2.4116669453823945, 2.1360862950069075, 2.430529728641241, 2.2465774331390356, 2.1003262300000656, 2.803446035894985, 2.172327927717948, 2.1652419661971973, 2.3389225974696863, 4.333618300661553, 2.645191542194576, 3.4692209421413507, 2.40283522083037, 2.264166226053045, 2.1664940883913264, 2.2327786338462516, 2.324469916248717, 2.5886818993114775, 2.0599860182312995, 2.136155781369048, 2.4674480451098355, 2.285278661782717, 2.093063006230569, 3.604130583276431, 2.291061052111252, 2.3836612818733283, 2.3412926998114445, 2.150623492668282, 2.499439715139682, 2.2930255836988738, 2.450981313037731, 2.1820184857893863, 5.608025652348534, 2.0970242085144193, 2.226216098922123, 2.16183439050884, 3.5751679787994446, 2.073459128879538, 2.0962922319937682, 2.07635158975438, 2.2155086002145534, 2.351060419361389, 2.308262761836793, 2.451510602268786, 2.536139430408887, 2.1171393859019902, 2.427128625508317, 2.1789935676457834, 3.5375049679459214, 2.2619434847883557, 2.1527504332088365, 2.6432570992509774, 2.152665536983495, 2.1100454522277903, 2.069795930150318, 2.473409070425311, 2.278734072932852, 2.167330643100641, 2.157942928441777, 2.428458754842309, 2.1827314865122407, 3.1711859905044326, 2.474205902199445, 2.275585108683141, 2.25386564067272, 2.4473500092954796, 2.2920133030859136, 2.2866483052271067, 2.128238290396814, 2.456043078849571, 2.0695773977383705, 2.0772233161304126, 2.166120253673646, 3.120335506272816, 2.5242657395756023, 2.039143906593641, 2.2329393981515593, 5.362458711751861, 2.136264191152422, 2.153545163528544, 2.282266552793183, 2.380841082511228, 2.1785342997966053, 2.7091221478740914, 2.1110639002693428, 2.6750774748180235, 2.450714357410788, 2.8053578205280876, 2.4084238907661266, 2.1785515229517682, 2.450561275072363, 2.121658649324834, 2.1061751395602313, 2.445728925126343, 2.181837029198892, 2.1532251537477807, 2.1400943012681335, 2.446669663567632, 2.4245200492861523, 2.4253038889687883, 2.279894970918465, 2.3410076308727823, 2.4521518425696938, 2.2986868719847604, 2.48874540706254, 2.548619536859049, 2.2099089177346647]"
2.0,4000,0.6553905788584661,0.6553905788584661,0.013158321380615234,0.3434061861398135,"[3, 3, 1, 3, 1, 3, 2, 2, 2, 2, 2, 4, 3, 1, 1, 4, 3, 3, 2, 2, 3, 3, 2, 4, 2, 2, 2, 2, 2, 4, 1, 3, 3, 3, 2, 2, 3, 3, 2, 3, 3, 2, 1, 3, 2, 3, 4, 2, 3, 4, 2, 1, 2, 2, 3, 1, 2, 2, 2, 3, 3, 2, 2, 3, 3, 4, 2, 3, 3, 2, 3, 2, 2, 3, 2, 3, 4, 2, 2, 2, 3, 3, 1, 4, 2, 2, 3, 3, 4, 2, 2, 4, 3, 2, 3, 2, 2, 2, 3, 3, 3, 1, 3, 1, 3, 1, 3, 2, 2, 3, 1, 1, 2, 2, 1, 2, 2, 3, 3, 3, 2, 2, 3, 3, 1, 3, 3, 2, 4, 2, 2, 3, 2, 2, 2, 2, 1, 2, 4, 3, 2, 1, 3, 2, 3, 3, 3, 2, 4, 4, 2, 4, 3, 3, 2, 3, 2, 4, 3, 3, 4, 3, 4, 3, 2, 2, 3, 2, 2, 2, 2, 2, 2, 2, 1, 2, 3, 2, 3, 2, 2, 3, 2, 3, 4, 2, 2, 3, 3, 3, 4, 3, 2, 2, 2, 2, 1, 1, 2, 2, 2, 3, 2, 5, 3, 2, 2, 2, 2, 2, 3, 2, 3, 2, 4, 3, 4, 4, 3, 3, 3, 2, 1, 2, 3, 2, 2, 2, 1, 2, 3, 2, 3, 2, 4, 1, 3, 2, 3, 3, 2, 2, 3, 2, 4, 1, 2, 4, 2, 1, 2, 1, 2, 1, 3, 2, 2, 4, 2, 3, 1, 2, 2, 2, 1, 3, 2, 1, 2, 2, 2, 2, 3, 3, 2, 2, 2, 3, 3, 4, 3, 2, 4, 1, 3, 3, 1, 3, 2, 2, 1, 2, 4, 4, 2, 2, 2, 3, 3, 3, 2, 1, 3, 2, 1, 4, 2, 4, 3, 2, 1, 3, 2, 4, 3, 2, 2, 2, 2, 2, 3, 3, 4, 2, 3, 2, 2, 1, 1, 2, 2, 1, 3, 2, 4, 3, 3, 3, 2, 2, 1, 2, 3, 2, 3, 2, 3, 2, 3, 2, 3, 5, 1, 1, 3, 4, 2, 2, 3, 2, 2, 2, 4, 4, 1, 4, 3, 3, 3, 3, 2, 2, 2, 3, 3, 2, 2, 3, 4, 1, 3, 3, 5, 2, 2, 2, 2, 3, 4, 3, 3, 3, 2, 3, 2, 1, 1, 4, 2, 3, 3, 2, 3, 1, 4, 2, 2, 2, 4, 2, 1, 2, 3, 1, 3, 1, 1, 1, 3, 2, 3, 3, 3, 4, 2, 3, 2, 4, 1, 5, 2, 3, 2, 3, 4, 2, 2, 2, 1, 2, 3, 2, 2, 2, 3, 2, 2, 2, 4, 2, 2, 3, 2, 4, 2, 4, 4, 3, 3, 3, 1, 3, 3, 3, 2, 2, 3, 2, 1, 4, 4, 2, 1, 3, 2, 4, 2, 1, 2, 1, 1, 2, 4, 3, 2, 1, 3, 2, 4, 2, 4, 1, 4, 2, 3, 1, 2, 3, 2, 3, 3, 2, 2, 3, 3, 2, 3, 4, 3, 2, 2, 3, 2, 2, 3, 2, 4, 4, 1, 3, 3, 3, 2, 1, 2, 2, 3, 4, 3, 2, 4, 3, 2, 2, 3, 3, 1, 3, 2, 4, 1, 3, 3, 2, 2, 2, 3, 3, 2, 1, 3, 3, 3, 2, 2, 3, 3, 3, 2, 4, 4, 2, 2, 1, 2, 1, 3, 1, 3, 3, 2, 1, 2, 2, 3, 2, 4, 3, 3, 2, 2, 2, 4, 2, 2, 2, 3, 2, 1, 3, 3, 3, 2, 3, 3, 1, 4, 3, 3, 3, 2, 2, 3, 2, 2, 3, 2, 2, 4, 2, 3, 1, 2, 2, 2, 2, 3, 2, 1, 3, 3, 2, 2, 1, 3, 2, 2, 2, 3, 3, 2, 1, 2, 3, 3, 3, 2, 3, 2, 2, 2, 2, 2, 2, 2, 2, 2, 4, 3, 3, 3, 4, 3, 2, 3, 3, 3, 2, 2, 2, 3, 5, 3, 2, 2, 3, 2, 1, 3, 2, 3, 2, 3, 3, 3, 2, 4, 4, 4, 3, 1, 3, 3, 2, 2, 3, 3, 4, 2, 2, 3, 3, 2, 3, 3, 2, 1, 3, 2, 1, 2, 2, 1, 2, 2, 2, 3, 2, 2, 2, 2, 2, 3, 2, 1, 3, 5, 2, 3, 1, 2, 2, 2, 3, 1, 4, 1, 1, 2, 3, 3, 3, 2, 1, 4, 2, 2, 3, 1, 3, 1, 3, 4, 1, 3, 2, 1, 2, 3, 3, 3, 2, 3, 3, 3, 3, 3, 3, 2, 2, 3, 3, 2, 3, 2, 1, 4, 3, 1, 1, 4, 2, 1, 1, 1, 2, 4, 2, 3, 3, 4, 4, 2, 2, 2, 2, 1, 3, 2, 2, 3, 3, 1, 3, 5, 2, 3, 3, 2, 2]","[2.543920146252589, 2.355824454549975, 2.041717575394956, 2.4158539933820644, 2.106554593164301, 3.409021107365477, 2.1786299911990246, 2.277689154259641, 2.50323919701449, 2.0852590451375956, 2.547633564515619, 2.302746397425209, 2.3102489284395706, 2.13747153863919, 2.4981930231904608, 2.591964687794557, 2.302653334851411, 2.596873389581598, 2.261702229274759, 1.999124855889514, 3.3938887681052727, 2.4700473519867394, 2.2700195856002674, 3.799596993296194, 2.035789700428971, 2.3117753896617192, 2.669266316382728, 2.426864933536933, 2.083027730119133, 3.3841035003256814, 2.308607889858223, 2.2477831838147844, 2.7501789739312663, 2.4890915338854884, 2.1218472505941217, 2.3179497685113724, 2.0385964071393143, 2.528281883221851, 2.1971176958182927, 2.9872635044057243, 2.3980470070059376, 2.827048846740335, 2.037209357974589, 2.244775985037988, 2.4421346253443867, 2.4034715244533387, 2.7853455353082914, 2.298031713420259, 2.586053456700855, 3.531443145207101, 2.5412996998130497, 2.3784489765079426, 2.5472836356960786, 2.2632652057513614, 2.2268222949090775, 1.9907526827019812, 1.9316260082153893, 2.288478623751947, 2.3201647251049353, 2.5795412098426964, 2.281907552491428, 2.7948698211007623, 2.0973750846135677, 3.1242268094528876, 2.4415905203762356, 2.740655372636689, 2.871618100344435, 2.1829733410371834, 2.462852604102119, 2.312741377611435, 2.455931739269644, 2.0831296226934235, 2.2079387526878937, 2.4085653317540903, 2.353499715988701, 2.965076605090626, 3.7500048946372226, 2.6967147994830585, 2.2201997774708055, 2.018699051659817, 2.611276045038202, 3.386389420005516, 2.480795331008516, 3.87194180122016, 2.2788131418787563, 2.4042072670087813, 2.2853254366328537, 2.8743600861149177, 2.877407732040499, 2.336889417827665, 2.17738723626783, 2.7114895907596073, 2.2396349471734682, 2.3389619623712288, 2.2066933506787487, 2.166654229899955, 2.165385187460615, 2.3453012159051996, 2.730115627290881, 2.718353083269151, 2.468156178773186, 1.9275844474498622, 2.025170229908477, 2.3650551401560946, 2.4144985950267785, 2.028078829193111, 2.4684491488509024, 2.2956366306758986, 2.691555156070792, 2.623469844980897, 2.7341104565382355, 2.0311002765404744, 2.418428608656585, 2.4145838980380354, 2.2338976682330847, 2.4416251624729344, 2.004643537106306, 2.407177266033084, 2.2455087607848405, 2.2055640654753823, 3.5488151667870307, 1.5553507847695363, 2.3401419719710224, 2.8320242153199144, 2.003321924927789, 2.5488628929954382, 2.9110185257913908, 2.2052863281310486, 3.158376738403135, 2.9087200741963084, 2.4291719958145324, 2.4715756038248093, 2.4084436390611117, 2.3210960688126443, 2.800152911030872, 2.227824238556267, 2.3924707711438282, 2.0341990441303253, 3.274118328146864, 2.3400835774991493, 2.1837668918815, 1.9407987992250293, 2.2159109594595066, 2.1257733682009916, 2.319890162002213, 2.2023583520007946, 2.6058951752696475, 2.279404357269863, 2.65933938341988, 2.936115816135426, 2.4360821607753715, 3.1651184657684, 2.4293434380784062, 2.860649874174279, 2.332115279411024, 2.2280846306905646, 2.2040108032265824, 3.0227660858432936, 2.3486709826007535, 2.13630716568297, 3.8581456306963573, 2.448774408088543, 3.135286782640075, 2.9375281481027504, 2.2106779825826117, 2.332168895109482, 2.257102741549594, 2.3376000740385288, 2.514331674818355, 2.9330661134942004, 2.5116045430505736, 2.3205236554119435, 2.5068050902505554, 2.1025921041641165, 2.238358120692917, 2.3117167911699585, 2.3349537807920933, 2.1669139917708122, 2.5284376357684035, 2.061416231077002, 2.343454604196886, 2.6691048255354612, 2.110587865058318, 2.5557302680225016, 2.8409907639703125, 2.248627805697843, 2.152067733242128, 2.861438125164661, 2.9028931191893292, 2.4947626398560154, 2.9196446768956994, 3.5549961129131837, 2.1844480526336305, 4.053495577769176, 2.1312861852240235, 2.1125003181706212, 2.659009509967834, 1.783600926508629, 2.3658165786047642, 2.2827050330847682, 2.180027291322943, 2.976645580227493, 2.523602186557236, 4.062804026529134, 3.133750031842682, 2.4156318583025405, 2.0171829842238194, 2.3105728301678687, 2.154017244390947, 2.7657534234278267, 3.0640054260928595, 2.162885074741136, 1.993379036751433, 2.3339038985672995, 2.507397266978887, 2.0630444688100518, 2.443425043712618, 2.498180571639269, 2.6989063853682893, 2.3983644718305697, 2.583766614414513, 2.874116888801685, 2.8173024140329663, 2.5271164643063506, 2.335121110352593, 2.841355222154694, 2.636863733593951, 2.211057749277523, 2.481926422618265, 2.0015924205761637, 2.7825609189201073, 2.3931281405520943, 2.552425006903922, 2.3496025564772083, 3.112512591122592, 1.9707868989490158, 2.6598158981313382, 2.9460955499907997, 1.9626468920050653, 3.5149856626318634, 2.2377798614939843, 2.4980911306161704, 2.4355218360821294, 2.2917888421833017, 3.024666946026811, 2.16543151900847, 2.3717020311986112, 2.636823186524876, 1.7386192255342712, 2.1097297451724124, 2.5565007098755403, 2.5095194031271477, 2.1852784280914297, 2.0787369206017905, 1.9306417409914653, 2.0689041091681006, 2.380675777756947, 2.4978768127752042, 2.0177023485355723, 2.894885934832387, 2.3014647661660166, 2.011156831641619, 2.2398843810249436, 2.988478436071313, 1.97956664243371, 2.621663004628792, 2.4338235191526953, 2.520088105375158, 2.3589161957513345, 2.19794751221134, 2.3116257201022035, 2.381268004396645, 2.3723364538724137, 2.3199184654950713, 2.3636984862631985, 2.288487455897747, 2.357075468934319, 2.585520866967294, 2.7919454757190456, 2.2088783803274215, 2.56161701351944, 2.1604021492654946, 2.154259547150797, 2.1815265019071965, 2.2815135235807955, 2.318293102953422, 2.3685692673766474, 2.436747709412322, 1.9960866842085467, 2.2887711144971474, 2.5117191036348534, 2.2023567556822243, 2.20220114005155, 1.9963754032033927, 2.269679943685966, 2.4047733368659507, 2.157059845711545, 2.3237445978389273, 3.3867579293846495, 2.3375596936411154, 2.287150896513241, 2.6593093256097826, 2.423698175752541, 3.169121624725317, 2.13323870605563, 3.5738415077051626, 2.7422013484652012, 3.355489959753982, 2.1538125962374375, 2.314467390785193, 2.230329258612214, 2.664636042965745, 1.9635493568724731, 3.3370802715556627, 2.4971899017473946, 2.9434604006190757, 2.33984592593412, 2.628021193131214, 2.3129383242655672, 3.030265890942205, 2.1855351510331995, 3.472916020447176, 2.27226093686207, 2.207955186569628, 2.470315154164686, 2.3210214684501507, 2.365119821495301, 2.3350556733663836, 2.161188742093156, 2.4295383932264953, 2.2000326999659108, 2.0445298190236634, 2.653096571357067, 2.3690991145765397, 2.3776353247346718, 2.506088775518898, 2.3824330510001337, 2.023244592612886, 2.1059762021287725, 2.1541333883301883, 2.564221724712667, 2.909215676632138, 3.3164550725618818, 2.032241934039956, 2.4751325730836427, 2.1669362856206305, 2.4687743727133773, 2.2787648650029237, 2.6014461104661017, 2.310353844341803, 2.6482929282840013, 2.4547346624597046, 2.520060301772907, 2.1057111490771185, 2.7116418059998066, 2.9118139034260815, 2.2914769284144163, 2.261112333887735, 2.1918389997213596, 2.1267463049695263, 2.5577032693693904, 2.4785895241460834, 2.297555714849629, 2.2649067969941528, 2.4794859195147616, 2.3597481752769927, 1.937798839069846, 2.5554419812279727, 2.6324218687462406, 2.371620794852255, 2.84011585104344, 2.563529305995538, 2.5996361601258116, 3.098496945732887, 2.843774589680492, 2.2123811683547974, 2.9023755612514903, 2.4070997173072546, 3.8019370634001604, 2.0335475639039733, 1.900103140141807, 2.2653125903032914, 2.91366910307133, 2.086511005068702, 1.9890456431299817, 2.7281983998526247, 2.507128722749366, 2.0118757403602237, 2.1719295010781643, 2.1516054236850852, 2.7958296583234254, 2.4300089091132144, 2.134455754135706, 2.1866460108487877, 2.179876836500233, 2.744800627443199, 2.5084744323572314, 3.711097573112121, 2.5511828225200697, 2.322205565732696, 2.4227042424845964, 2.122613709639604, 3.1443260420093067, 2.0722751498463734, 2.82763721961269, 2.609427120104745, 2.3268524102999284, 2.2374818902101814, 3.4777039777255383, 2.4910977111941683, 3.738791970832936, 2.2341103609843, 2.2015687407848827, 2.304530558494882, 2.5693653082082917, 2.5735425818782534, 2.057139049253794, 2.28674930664529, 2.394444927935977, 2.3361988126019186, 2.282897360059919, 2.2028578884437926, 2.4633106207958178, 2.072745232101628, 1.8394889870846627, 2.537908484369452, 2.16446109862474, 4.247339301022029, 2.249917262236621, 4.348548097762887, 2.3113614758210255, 2.4539648074539544, 2.4750693485095923, 2.1834273796584864, 2.629094334875848, 3.2743243235622947, 2.214195767792284, 2.25427152217382, 2.168259062106716, 2.253352943155317, 2.4542505117938513, 2.269634658097392, 2.4895903305790674, 2.576454078440937, 2.2889436711247537, 2.4044004086654875, 2.1442211625576713, 2.395198837607601, 2.489653267463162, 2.1913553489461144, 2.4757508447503533, 2.260097011759906, 2.125899191689816, 2.2775129305523447, 2.4222242658415705, 2.772885897560232, 2.2066500565962186, 2.569657113963224, 2.9387919521644537, 2.624706539628309, 2.0200148251251013, 2.8203918678575617, 2.65060086800697, 2.224155427976542, 2.3431168712467945, 2.1596627672733075, 2.8633487424674344, 2.3469031936009883, 2.8665472098675586, 2.5121342256916424, 3.6007795503963207, 2.1574021804048487, 2.0058134953042623, 1.9851880379913471, 2.333370356522436, 2.39857437203934, 2.8175369940710575, 2.4162162780906526, 2.21812995329961, 2.0468666877525568, 2.241780851822747, 2.0628958722036876, 3.895560088056537, 2.041971023822187, 3.0404103079141334, 2.3586439823292853, 2.825193338772386, 2.1721903931030697, 3.6111342175384156, 2.2745964213334537, 2.3489408029583014, 1.9620637624500383, 3.477646923495527, 2.2606254975278786, 2.3865494198813435, 2.2254241023618695, 2.5260090887232214, 2.5881077738212372, 2.1115555254154037, 2.205002793311856, 2.1626319646121335, 2.1001944593663704, 2.1918498212278954, 4.391736848256379, 2.5833063782236563, 2.6688520856057787, 2.457439626860352, 3.2705269354277613, 1.9334998774572805, 2.182614730460814, 2.3088700080023785, 2.220111197799702, 2.272422713081924, 2.3620628662519265, 2.252909285324086, 2.507718220803608, 2.3204454103528467, 2.9243846796664044, 2.468498989989408, 2.365020420317662, 2.05314472434451, 2.1921994352717022, 2.489692750144957, 2.2644297159113025, 2.071319676808224, 2.0846873145818545, 2.123303422442061, 2.3728596843117287, 2.4133433126275454, 2.6998534959030884, 2.822798379143945, 2.1288917097281974, 2.1902579935366817, 2.099835343959702, 3.6814840974919294, 2.1714567494115973, 3.234139363453041, 3.386058055554785, 1.9147573044864081, 2.3608965201851917, 2.405685043047168, 2.2234998573801756, 2.3118519700304105, 2.2332873125685575, 2.5327198871999625, 2.4401103423785684, 2.7416049316443614, 2.1666943027310106, 2.400219143927051, 2.468360141936428, 2.29285516551442, 2.3007030632554892, 2.4080038056266937, 2.392298358345038, 2.1782477107741007, 2.579412548282437, 2.1911156727061236, 2.677724405261971, 1.9782085746671119, 2.2273961835181466, 2.499970971581809, 2.482563334543411, 2.0098287369979757, 2.3782130172916247, 2.5360058230870943, 2.2075833135587533, 2.6432201981993533, 2.2977837141229127, 2.090935548009126, 2.3696342821862726, 1.9616638443574919, 2.6620289523208465, 2.3741112579499952, 2.6666516218565874, 2.113161573944228, 2.8123327297902367, 2.2857438007936057, 2.9788068821537634, 2.339400461696505, 2.43647845520438, 2.1579803570619474, 2.3250677096892676, 3.8451316846800374, 2.106027148415918, 2.3059688921053905, 2.3562972838186846, 2.213904295395889, 2.200490538644949, 2.3823514878381395, 3.7937050219060677, 2.2832704200969776, 2.298825597451052, 2.5740695267360287, 2.1866567731811792, 2.2638241119515237, 2.1974760236443966, 2.8244407973634242, 2.10761812659051, 2.2877312335258226, 2.7635169181982544, 2.467723837399407, 2.629368213177619, 2.285294141852736, 2.1860166322877403, 1.780343866652201, 2.5760328669613326, 2.171137325154074, 2.0209128846919566, 2.1922450654070067, 2.2014057583221804, 2.237657371865904, 2.604506603065409, 3.0825931297598874, 2.2910149499310113, 2.3146377116329515, 2.3169194301564975, 2.525457818181016, 2.597346102582388, 2.5458679264518587, 2.3659754483316218, 2.285562443921291, 2.4843036604015722, 3.0812367658093764, 2.3944220886990304, 1.947450330134581, 2.377536224859673, 2.3372294250015955, 2.6428335234642386, 2.478763174407269, 2.803771663965755, 2.3365313782910127, 2.1500678831942897, 2.2522109850022707, 2.348111491395553, 2.296724825363839, 3.697919354713707, 2.3359337595502647, 2.26306230168307, 2.4759917633922846, 2.5836404277788976, 2.2793966937222483, 1.9945566721421586, 2.4032225610741107, 2.156680079016634, 2.50346359055986, 2.289496336863909, 2.968336834281444, 2.4421724421750715, 2.7815170582233075, 2.1015844998183555, 2.444428279705731, 3.8763584341442767, 2.666455374330105, 2.5969090255159633, 3.515755778134526, 2.4156706657166036, 3.0454958250061344, 2.0285916464661433, 2.2989272549493753, 2.152774873286971, 1.9875078172665988, 3.7741179522961077, 3.1632321966966104, 2.406403296178651, 2.47377488204405, 2.3447603257679583, 2.453352677915955, 2.705279637804379, 2.283254833601771, 2.6673340912698014, 1.9638920037019325, 2.2253165490890074, 2.228174155908431, 2.824861650208494, 2.2373131173576195, 2.2754275442422767, 2.980632707850948, 2.720286192609388, 2.5025788867876453, 2.173393452487528, 2.026788189918765, 3.3927417218662965, 2.3177109710667727, 2.45050063794274, 2.2857158852636306, 2.7713240398622085, 3.016274089110031, 2.341291271795737, 2.2897695849022397, 2.3631951839809258, 2.5741059823241104, 2.3551805048933376, 2.3343748094694314, 2.2626377816835137, 2.1391771990329618, 2.1535997368145603, 2.4970219918997616, 2.4593026040460937, 2.786400040021519, 2.062661584762774, 2.3949979020303016, 2.4253909047854454, 1.8355545162047495, 2.301568241446193, 3.7406938747656318, 2.575794862004518, 2.284593215011062, 2.030700232522412, 2.3795807368252695, 2.0605917122682054, 2.424787277001153, 2.4092572880399996, 2.1401338570915778, 2.147560515602977, 3.065800250892186, 2.313350426760186, 4.141788253590561, 2.1277512399039753, 2.5511973203041327, 2.7827406799508667, 2.0757598930436885, 2.941373527600793, 2.1547980576795194, 2.3754373388938244, 1.9808742638037709, 3.682775813004143, 2.392064746696555, 2.2038922938162058, 1.9665475356094264, 3.680507788294138, 2.331190094147187, 2.546432366264372, 3.1251115589109393, 2.3683916460955947, 2.6536592705299653, 2.5303978630715482, 2.594447208360189, 2.2157199524884392, 2.1418835128408387, 2.383137647034336, 1.9392285044118327, 4.117102356222627, 2.2539914785324946, 2.105042686755051, 3.0773914047716566, 2.4109871217798595, 2.3077764450734533, 2.5443158952619997, 2.229629323495368, 2.398793344220252, 2.4957758457262043, 2.152352499120262, 2.936003897179922, 3.136675379799998, 3.699286533118224, 2.240599757327307, 2.9323436213659746, 2.40633835908305, 2.776034220266781, 2.140861417796014, 2.330557587522593, 2.2946884100850933, 2.2541010233114003, 2.468772614630367, 2.3830137895710273, 2.1682215334258923, 3.097962673708678, 2.3158072638251337, 2.6494304068209646, 2.3817940699668014, 3.2742233936604284, 2.0932699817211287, 2.354852437847675, 2.270231522844071, 2.7009934017230135, 1.9329055041072527, 2.6802261784138555, 2.321797995435534, 3.270218575173122, 2.9348368201341706, 3.2342060995023205, 2.389178112300939, 2.172010874200807, 2.3425090346046087, 2.633482853254588, 2.4933599101716593, 2.375659364330523, 2.3599123923923466, 3.0301229069426827, 2.194357688709816, 2.3886110426625544, 2.78746582875134, 2.3580154667731668, 2.2375806134825518, 2.331829904459362, 2.200528172028907, 2.232740216313147, 2.6307725071398624, 2.779426150596021, 2.2671194423510332]"
2.25,4000,0.646003616990832,0.646003616990832,0.012397527694702148,0.3446955225884411,"[3, 3, 1, 3, 1, 3, 2, 2, 2, 2, 2, 4, 3, 1, 1, 4, 3, 3, 2, 2, 3, 3, 2, 4, 2, 2, 2, 2, 2, 4, 1, 3, 3, 3, 2, 2, 3, 3, 2, 3, 3, 2, 1, 3, 2, 3, 4, 2, 3, 4, 2, 1, 2, 2, 3, 1, 2, 2, 2, 3, 3, 2, 2, 3, 3, 4, 2, 3, 3, 2, 3, 2, 2, 3, 2, 3, 4, 2, 2, 2, 3, 3, 1, 4, 2, 2, 3, 3, 4, 2, 2, 4, 3, 2, 3, 2, 2, 2, 3, 3, 3, 1, 3, 1, 3, 1, 3, 2, 2, 3, 1, 1, 2, 2, 1, 2, 2, 3, 3, 3, 2, 2, 3, 3, 1, 3, 3, 2, 4, 2, 2, 3, 2, 2, 2, 2, 1, 2, 4, 3, 2, 1, 3, 2, 3, 3, 3, 2, 4, 4, 2, 4, 3, 3, 2, 3, 2, 4, 3, 3, 4, 3, 4, 3, 2, 2, 3, 2, 2, 2, 2, 2, 2, 2, 1, 2, 3, 2, 3, 2, 2, 3, 2, 3, 4, 2, 2, 3, 3, 3, 4, 3, 2, 2, 2, 2, 1, 1, 2, 2, 2, 3, 2, 5, 3, 2, 2, 2, 2, 2, 3, 2, 3, 2, 4, 3, 4, 4, 3, 3, 3, 2, 1, 2, 3, 2, 2, 2, 1, 2, 3, 2, 3, 2, 4, 1, 3, 2, 3, 3, 2, 2, 3, 2, 4, 1, 2, 4, 2, 1, 2, 1, 2, 1, 3, 2, 2, 4, 2, 3, 1, 2, 2, 2, 1, 3, 2, 1, 2, 2, 2, 2, 3, 3, 2, 2, 2, 3, 3, 4, 3, 2, 4, 1, 3, 3, 1, 3, 2, 2, 1, 2, 4, 4, 2, 2, 2, 3, 3, 3, 2, 1, 3, 2, 1, 4, 2, 4, 3, 2, 1, 3, 2, 4, 3, 2, 2, 2, 2, 2, 3, 3, 4, 2, 3, 2, 2, 1, 1, 2, 2, 1, 3, 2, 4, 3, 3, 3, 2, 2, 1, 2, 3, 2, 3, 2, 3, 2, 3, 2, 3, 5, 1, 1, 3, 4, 2, 2, 3, 2, 2, 2, 4, 4, 1, 4, 3, 3, 3, 3, 2, 2, 2, 3, 3, 2, 2, 3, 4, 1, 3, 3, 5, 2, 2, 2, 2, 3, 4, 3, 3, 3, 2, 3, 2, 1, 1, 4, 2, 3, 3, 2, 3, 1, 4, 2, 2, 2, 4, 2, 1, 2, 3, 1, 3, 1, 1, 1, 3, 2, 3, 3, 3, 4, 2, 3, 2, 4, 1, 5, 2, 3, 2, 3, 4, 2, 2, 2, 1, 2, 3, 2, 2, 2, 3, 2, 2, 2, 4, 2, 2, 3, 2, 4, 2, 4, 4, 3, 3, 3, 1, 3, 3, 3, 2, 2, 3, 2, 1, 4, 4, 2, 1, 3, 2, 4, 2, 1, 2, 1, 1, 2, 4, 3, 2, 1, 3, 2, 4, 2, 4, 1, 4, 2, 3, 1, 2, 3, 2, 3, 3, 2, 2, 3, 3, 2, 3, 4, 3, 2, 2, 3, 2, 2, 3, 2, 4, 4, 1, 3, 3, 3, 2, 1, 2, 2, 3, 4, 3, 2, 4, 3, 2, 2, 3, 3, 1, 3, 2, 4, 1, 3, 3, 2, 2, 2, 3, 3, 2, 1, 3, 3, 3, 2, 2, 3, 3, 3, 2, 4, 4, 2, 2, 1, 2, 1, 3, 1, 3, 3, 2, 1, 2, 2, 3, 2, 4, 3, 3, 2, 2, 2, 4, 2, 2, 2, 3, 2, 1, 3, 3, 3, 2, 3, 3, 1, 4, 3, 3, 3, 2, 2, 3, 2, 2, 3, 2, 2, 4, 2, 3, 1, 2, 2, 2, 2, 3, 2, 1, 3, 3, 2, 2, 1, 3, 2, 2, 2, 3, 3, 2, 1, 2, 3, 3, 3, 2, 3, 2, 2, 2, 2, 2, 2, 2, 2, 2, 4, 3, 3, 3, 4, 3, 2, 3, 3, 3, 2, 2, 2, 3, 5, 3, 2, 2, 3, 2, 1, 3, 2, 3, 2, 3, 3, 3, 2, 4, 4, 4, 3, 1, 3, 3, 2, 2, 3, 3, 4, 2, 2, 3, 3, 2, 3, 3, 2, 1, 3, 2, 1, 2, 2, 1, 2, 2, 2, 3, 2, 2, 2, 2, 2, 3, 2, 1, 3, 5, 2, 3, 1, 2, 2, 2, 3, 1, 4, 1, 1, 2, 3, 3, 3, 2, 1, 4, 2, 2, 3, 1, 3, 1, 3, 4, 1, 3, 2, 1, 2, 3, 3, 3, 2, 3, 3, 3, 3, 3, 3, 2, 2, 3, 3, 2, 3, 2, 1, 4, 3, 1, 1, 4, 2, 1, 1, 1, 2, 4, 2, 3, 3, 4, 4, 2, 2, 2, 2, 1, 3, 2, 2, 3, 3, 1, 3, 5, 2, 3, 3, 2, 2]","[2.3912629400957943, 2.407808931060857, 2.086938627563038, 2.37265727210726, 2.0804293710805757, 3.039077683428845, 2.685838212521599, 2.3322141744500167, 2.349976958956528, 2.0343798136738034, 2.39929284696949, 2.3272594884421025, 2.457831350348663, 2.164138643209276, 2.29238247100172, 2.56697056301525, 2.2803756232227883, 2.363454631734162, 2.2211331224989164, 2.0597653241097285, 2.8571464793319357, 2.324885439393327, 2.2222642231470204, 3.1175903406358305, 2.0332283239616595, 2.359239726461455, 2.332392446914258, 2.374291944350992, 2.241197152893136, 3.0281060694784, 2.39907294174289, 2.3733665843651472, 2.501567444543005, 2.469977530078981, 2.754705873202135, 2.351808123607603, 2.250939896591951, 2.4392304105827907, 2.1464046541000164, 2.607785331610822, 2.6161528286213453, 2.537932445965694, 2.235484619364503, 2.361073031075394, 2.2769827928734463, 2.830535238094109, 2.8074531012403634, 2.223699188645309, 3.0233688565145056, 3.271636202593501, 2.484234552323343, 2.367765470738303, 2.3081770451736876, 2.3712259271954776, 2.2346754419959356, 2.0416613115088205, 2.007170864778879, 2.3680012738073564, 2.291668430521171, 2.4019683940452725, 2.14214962789809, 2.3807739483898986, 2.349920499883426, 2.696085186397896, 2.3691714715030705, 2.493923344369664, 2.9031561958021768, 2.1936979445415816, 2.309327494825542, 2.208824784515498, 2.459321510927023, 2.241417485703695, 2.3255623121026017, 2.6964634088195587, 2.3974849779272174, 2.6465761608192877, 3.3334260248470056, 2.426848201012046, 2.1145337194955043, 2.2079137949745125, 2.5702612874067947, 2.796157516491567, 2.36244487466683, 3.222723761852709, 2.2879620622457097, 2.288333811451416, 2.3487268945302233, 2.5642454928056373, 2.649184552878928, 2.3668637504320285, 2.1153210038783534, 3.685026570436148, 2.3090641863999966, 2.805489658511363, 2.0853273813847766, 2.2103890071751264, 2.0835769597009444, 2.3850534480148204, 2.7863485103345678, 2.4119639440624483, 2.4266171315004077, 2.0108872994882265, 2.010264748816762, 2.9494104848298046, 2.323043728179357, 2.228196654257612, 2.9171773257694045, 2.9388537233131946, 2.4397284455617902, 2.5745020007768455, 2.5632599598619903, 2.130771125388121, 2.3463538206095125, 2.8319195149426095, 2.3557964214321836, 2.275881128820653, 2.177520107829107, 2.3947865395285555, 2.1692619414959506, 2.2016563464732486, 3.580652713392883, 2.4554076251687214, 2.1964814502889234, 2.7994720653744674, 2.11552370530988, 2.3947680533373643, 2.678616884835594, 2.1289674580041984, 3.9245412764284833, 2.8452480134754343, 2.3682171445544027, 2.5060996149616854, 2.4624542703090766, 2.332712164795427, 2.4485520230013087, 2.2368420479664297, 2.3629851705379137, 2.029788683974604, 2.7863932998049328, 2.411697518761371, 2.3666582601059982, 2.1508935003572276, 2.257763363674908, 2.2923775976169742, 2.317648590342305, 2.3393947648847635, 2.377172590802035, 2.3003041064315246, 2.5581636760527067, 2.6511036435954654, 2.4630813488353165, 2.7390549429168254, 2.401826888082895, 2.5345984890737916, 2.191580423963086, 2.2374051207045245, 2.226239652308058, 2.6196510098535035, 2.6980181490447173, 2.2394998855736823, 3.1669913529292972, 2.697048979700461, 2.8038275602868543, 2.8879036643730247, 2.1997649322340767, 2.2508349070620266, 2.207776410707444, 2.2260859138122617, 2.327280740051882, 2.73596393366346, 2.5316336039495595, 2.2794948184559254, 2.600346156670463, 2.071860872892181, 2.352985799388466, 2.206609215698213, 2.244401034355788, 2.405197177716429, 2.4636046834166816, 2.2203639101473924, 2.244536545085962, 2.391181782968686, 2.2079218652373562, 2.5449065038737584, 2.9257138443583415, 2.176006573641387, 2.2197389715840163, 2.6277579816728314, 2.5758279069137906, 2.28496459971291, 2.730617848282888, 3.471703866768502, 2.330650120948778, 3.8720884194094536, 2.133909040487856, 2.245790222009433, 2.4920271886616163, 2.7190873843756367, 2.4518805819955753, 2.2372393552000704, 2.2859895820372604, 2.99120774864975, 2.2810056810485357, 3.2920817742058386, 2.818570679519027, 2.3663861489727784, 1.992993104611298, 2.3099566817493904, 2.196012515568047, 2.435215287987553, 3.1203261619551714, 2.215682184839044, 2.1120893676709587, 3.0500389099820606, 2.454195689904994, 2.9706118593891393, 2.4717765238367138, 2.592423177195647, 2.9138064705614397, 2.4813703958035087, 2.5856041352005024, 2.6974587470218307, 2.6058235254005306, 2.390521524893301, 2.1980802418745684, 2.5520142195899713, 2.4032472460463086, 2.094764970103708, 2.338991222490271, 2.170922364224043, 2.4493844490097363, 2.4104149467487774, 2.4563365028979005, 2.1995667141126756, 2.796864748273117, 2.104308411165124, 2.6622983591473277, 2.5058138585312006, 2.0035304181438054, 3.6309896529260604, 2.240123421602914, 2.292162138191162, 2.7908866228402385, 2.286192505172227, 2.6650989090970056, 2.207745013448422, 2.3901630929148907, 2.531625891092637, 2.6386731940614867, 2.1931165001571036, 2.4651498153202493, 2.4102399220614354, 2.1448408588464667, 2.231918693426274, 2.778723917974884, 2.1982002743458473, 2.358732474881734, 3.480065850269822, 2.335256161584521, 2.7389349185128817, 2.2902613766277806, 2.026644760485391, 2.3816918713105584, 2.6764617978234777, 2.123293755008267, 2.6153672335861846, 3.4017266752328275, 2.445549633662564, 2.202852180019576, 2.1611488156217806, 2.312233454125164, 2.373861345163761, 2.2707214788731402, 2.317709793900794, 2.424835761032367, 2.223169407860805, 2.4105141283460503, 2.644607358040229, 2.4918530610128413, 2.090052296100091, 2.565625745332457, 2.1377309447671973, 2.2653704054649086, 2.518579011515969, 2.44563082519356, 2.561969834187982, 2.3632559336616317, 2.3346618893834785, 1.988266250567825, 2.3704958117136847, 2.282601514403407, 2.181771086038448, 2.7368085360308494, 2.14579283248499, 2.2215297804451577, 2.2895578826211866, 2.083820911033399, 2.431804604822558, 2.9467653857309823, 2.4025398653829986, 2.4058415395864428, 2.3233173378995025, 2.3713728602804998, 2.7335334801380546, 2.2676288178923696, 4.143461075896231, 2.3823759333338494, 4.1556305328102585, 2.229302846165181, 2.318378291397413, 2.1831203665548524, 2.3348358476070445, 2.1353405547359077, 3.345105072859955, 2.489399741797945, 2.8083534619280046, 2.3083275905779965, 2.560619158545613, 2.408437086191636, 2.7792790344374585, 2.2978997945191293, 3.5223493407641477, 2.8291675080197027, 2.1938771499074794, 2.6199218912197004, 2.5347870346396477, 2.3220880898543768, 2.2446213671663466, 2.174532946768787, 2.4489310861127676, 2.223428167362841, 2.0521279828229186, 2.525923658769664, 2.318237007316354, 2.38081784676578, 2.4379225938482336, 2.2879318073824897, 2.2177430864677707, 2.2908209981156387, 2.3300269211677938, 2.469389843214411, 2.6987558714220783, 2.901345963647236, 2.2838815911875776, 2.3215155423568112, 2.3360303730603897, 2.228767492308739, 2.3469962125340915, 2.332450848332029, 2.526735763573848, 2.3928606998883692, 2.3975944040651456, 2.339668340289961, 2.078605505037617, 2.5298465044974043, 3.0178373049817395, 2.3763468719051883, 2.273699143838436, 2.1465715408425985, 2.124091989706295, 2.514432860032314, 2.355812976206677, 2.3284910586768164, 2.41039473725071, 2.376467775100487, 3.0707994699715826, 2.0796575572230402, 2.4504044993712677, 2.7177472485989838, 2.382828440715495, 2.4310571110525485, 2.3278446756025355, 3.08257942668813, 2.731456203033987, 2.7458820520473584, 2.637772639478892, 2.531460988044983, 2.2465135086045365, 3.2104054922788468, 2.134201091943482, 2.8242991035581424, 2.7550038380729553, 2.6385812346546507, 2.0655229865513656, 2.084652630408264, 2.8716392222531235, 2.406932362623051, 2.0281993308710002, 2.3276174402915037, 2.118708878788961, 3.339152220409067, 2.3565832782310734, 2.1634080792526698, 2.1607478879795132, 2.9468593625554744, 2.4379577339721505, 2.4541449436422216, 3.614109166900393, 2.406967773203952, 2.3351113442881775, 2.448470870853194, 2.7172122332073596, 2.787458595803753, 2.193908267761138, 2.829039517199477, 2.440537857702131, 2.319729902281685, 2.1519046123086025, 3.3117502173185436, 2.3516401473700275, 3.073860353290929, 2.226397705044529, 2.3792535038791853, 2.309840619270139, 2.3280085465013607, 2.455318584409893, 2.1981651552017247, 2.384864389918076, 2.456196777352103, 2.3653703836049083, 2.41556472280777, 2.1237161926858823, 2.416139082287171, 2.159823703756439, 1.9728932069830842, 2.37826330427283, 2.2983374785224973, 3.763723639833235, 2.232636511264545, 3.910645930271601, 2.3063651200494895, 2.3959296672742574, 2.3285619225986647, 2.140838146121317, 2.703368682050204, 2.845507553913921, 2.254054428030503, 2.1882105632040005, 2.3326302360135913, 2.1679775296691903, 2.455686019552804, 2.221431854751576, 2.44892893308157, 2.337522436333718, 2.382450503821158, 2.195386208696534, 2.354914317253898, 2.519345590186896, 2.5898067683741357, 2.0988430665161424, 2.2905360629524645, 2.3946971116817766, 2.2747639865979044, 2.5796078369318183, 2.393591355002808, 2.8832335298967555, 2.23773755933746, 2.3766903834874515, 2.787038405728909, 2.3841174795552624, 2.257441653920531, 2.722025339762788, 3.109080650100775, 2.32227385373892, 2.334141234219744, 2.3010918180425737, 2.6434228398900026, 2.3885175694252716, 2.470840028546025, 2.545391862734581, 3.1632444867183294, 2.300601976049505, 2.087178622238619, 2.017172389048464, 2.5229784705955005, 2.3819743931263124, 2.653013408412287, 2.373440677655913, 2.262561722660409, 2.268823576382301, 2.2078833263193127, 2.0678053186639236, 3.9538529222998973, 2.803017268720259, 2.843836976107342, 2.3080847156722006, 2.4916359213827093, 2.2223604232154837, 3.5859139766041306, 2.1730226422168037, 2.3298564351742588, 2.085445474438958, 3.1621527322392664, 2.162920624884693, 2.275556111429981, 2.231651986206602, 3.0728656840002664, 2.983049808834368, 3.375579946255807, 2.2341755122334277, 2.2483738749902082, 2.113358824964504, 2.2524161120801085, 3.9038265199517292, 2.4711108049159565, 2.5431390545885546, 2.303389123274208, 2.7203871905464916, 2.02367884321233, 2.185763497468998, 2.3321740220444815, 2.2668459717546066, 2.1683222089248844, 2.303021802676105, 2.3377686553311188, 2.457650250021377, 2.213028090274566, 2.7574327867414348, 2.380675801081817, 2.368555770875969, 2.1641221329794322, 3.0162596912733095, 2.3258005110639663, 2.9161331057501427, 2.7971531048266187, 2.0331435017923347, 2.315833513760808, 2.8726384139272945, 2.42636671280714, 2.4927738719862367, 2.6103685287975433, 2.1287312194397257, 2.2671965237862364, 2.0658996462953976, 3.3683546872843904, 2.3025576876025413, 2.8883059406469624, 3.109874798971479, 1.9831498467812236, 2.4424532507966927, 2.4342895451573883, 2.7361823203171682, 2.3002667797315617, 2.142834244940602, 3.065827843150464, 2.3543891749934267, 2.620538386029466, 3.0038853302619684, 2.338848426398194, 2.4395140999830356, 2.153366861459944, 2.335296894380741, 2.313397833836404, 2.4253186080858073, 2.3547235662007346, 2.4555558995789046, 2.293088644870643, 2.5810410162644333, 2.0145358943867024, 2.186449154660739, 2.5226812726149763, 2.364405955818467, 2.188732599744206, 2.350400856011172, 2.431895208432107, 2.1727837583717693, 2.5228136550969475, 2.610985522659795, 2.245841124273322, 2.8872241269973866, 2.2370844875546863, 2.3758808933465527, 2.4233148969380944, 2.4584591224401326, 2.1231522572241683, 3.2543508724582497, 3.0936417049665597, 2.7418461123897817, 2.385243403328012, 2.4579670178500526, 2.351295382024436, 2.1763407378994413, 3.1388499567362698, 2.290931164520918, 2.316855487974982, 2.349692834149803, 2.80879810094216, 2.3177834519629594, 2.2535287264480814, 3.5633922318262092, 2.1864823919118077, 2.4477849330637063, 2.3506368807836653, 2.361325793026984, 2.149728567856068, 2.447608138117656, 3.2324584482552363, 2.1760944118323486, 2.3539291970017486, 2.606872111038081, 2.451087917175094, 2.5635801803111655, 2.4077977669536983, 2.180663862337809, 2.511465564978782, 2.483348737770982, 2.2076273479781996, 2.106879823434201, 2.3195683201165394, 2.179714646473233, 2.1522840743712317, 2.522275277396348, 2.6730282702570762, 2.2195897163094065, 2.2129254229342292, 2.3164974914919916, 2.329790654326291, 2.8066785192902395, 2.289653655105691, 2.776509728584318, 2.5970141289659567, 2.4148518681418136, 2.8647027288161966, 2.4321340274338574, 2.1005279706676303, 2.3956199844395982, 2.341518953191958, 2.3343726399796294, 2.3876982820261476, 2.6380590360754117, 3.268213736252786, 2.280343811714961, 2.388214095703736, 2.3546370052490175, 2.4122262593077064, 3.387509696712797, 2.153154890526887, 2.8092763515109294, 2.244374399723315, 2.736149477816212, 2.1834027657364588, 2.049887069769679, 2.215484380877509, 2.1888208731637677, 2.4024176353358717, 2.1980591673346392, 2.6025013819031866, 2.6704974524252565, 2.667971086245095, 2.069682026209989, 2.6697652064402027, 4.428205632379591, 2.420553672969768, 2.7411650639809455, 2.9557123549640854, 2.3942316493688107, 2.61684641940836, 2.242255335924305, 2.637134788477422, 2.3682944574290827, 2.848343526374654, 3.7379287073694503, 2.834067554090443, 2.4113596002657514, 2.401105447517755, 2.4245951727198882, 2.5145646385587455, 2.6147270062927683, 3.023667125476098, 2.522978052471144, 2.700476490491383, 2.2314194126843456, 2.1135308440377916, 2.5667310954962006, 2.177439185473772, 2.3864622064645955, 2.6594961714104564, 2.442717981445688, 2.501052899334162, 2.165823378113434, 2.2254057719905354, 3.4945973532550094, 2.3253922192001983, 2.400894654576771, 2.283967532098909, 2.673715366438272, 2.83004841118743, 2.211422617625068, 2.2525157633988084, 2.3179262478771565, 2.3973983388860023, 2.3140388917677943, 2.4002754458565487, 2.4755098525853145, 2.1509725925944587, 2.310626256028428, 2.4812033187448628, 2.54942569313551, 2.682410561827244, 2.223056866720888, 2.492337210583155, 2.289320802401829, 2.5664418753935685, 2.33184671609801, 3.843068014163779, 2.5535541746181845, 2.1946397390749537, 2.128044013959536, 2.1883987017342417, 2.133542895741463, 2.455511633834219, 2.205888739333166, 2.1530412728713713, 2.156644783757252, 2.766573942082148, 2.2230915582810513, 3.3570563347098243, 2.0671265196948254, 2.407492969379736, 2.5777697536064847, 2.119659989259166, 2.7072452846035424, 2.1256126401864677, 2.4766132656502022, 2.126121359410437, 4.366565028945386, 2.3803538775354607, 2.199903357420473, 1.9893200282894268, 3.353715263082779, 2.142897174124209, 2.6967630037068986, 2.636503925790338, 2.423896555025612, 2.4044648945777953, 2.3047458247660573, 2.404372919660708, 2.1443460615925436, 2.051003562971848, 2.3485939723266664, 2.036066443450409, 3.9629492829244315, 2.1284664516371516, 2.1829811908714025, 2.7604181179504703, 2.7860881302926184, 2.3039097701707236, 2.4979398797287486, 2.3341106219506025, 2.2539574643077125, 2.3818890209167605, 2.298233836143036, 2.840148051555601, 2.739364542216289, 3.049482496325842, 2.3578331212207577, 2.477986923097017, 2.352080635743415, 2.4146443886971625, 2.095476007986714, 2.3998544078744457, 2.38142933453974, 2.2812071288056734, 2.373434153541156, 2.254960889716713, 2.3843481400639086, 2.8554646194791147, 2.2549539953055797, 2.5135974756152333, 2.1931848200080446, 4.130492985333005, 2.0776022152421585, 2.340777717288617, 2.269405143311986, 2.7010668235972255, 2.022393568484071, 2.6571709575733253, 2.334230013045943, 2.840979507525902, 2.5300608500761586, 3.0381530849569653, 2.255834721894005, 2.157042909080922, 2.2419738856451557, 2.375153321846727, 2.3228231816657585, 2.4382440819881106, 2.522289369294884, 2.942810150748372, 2.270295050223703, 2.4662508303524633, 2.5341217059713905, 2.294269693812245, 2.1988007182396148, 2.7674221215581545, 2.165361033298578, 2.29415499955219, 2.555529120808043, 2.700412827602298, 2.2178549996558425]"
2.5,4000,0.6717013187538978,0.6717013187538978,0.013025760650634766,0.3435013282455243,"[3, 3, 1, 3, 1, 3, 2, 2, 2, 2, 2, 4, 3, 1, 1, 4, 3, 3, 2, 2, 3, 3, 2, 4, 2, 2, 2, 2, 2, 4, 1, 3, 3, 3, 2, 2, 3, 3, 2, 3, 3, 2, 1, 3, 2, 3, 4, 2, 3, 4, 2, 1, 2, 2, 3, 1, 2, 2, 2, 3, 3, 2, 2, 3, 3, 4, 2, 3, 3, 2, 3, 2, 2, 3, 2, 3, 4, 2, 2, 2, 3, 3, 1, 4, 2, 2, 3, 3, 4, 2, 2, 4, 3, 2, 3, 2, 2, 2, 3, 3, 3, 1, 3, 1, 3, 1, 3, 2, 2, 3, 1, 1, 2, 2, 1, 2, 2, 3, 3, 3, 2, 2, 3, 3, 1, 3, 3, 2, 4, 2, 2, 3, 2, 2, 2, 2, 1, 2, 4, 3, 2, 1, 3, 2, 3, 3, 3, 2, 4, 4, 2, 4, 3, 3, 2, 3, 2, 4, 3, 3, 4, 3, 4, 3, 2, 2, 3, 2, 2, 2, 2, 2, 2, 2, 1, 2, 3, 2, 3, 2, 2, 3, 2, 3, 4, 2, 2, 3, 3, 3, 4, 3, 2, 2, 2, 2, 1, 1, 2, 2, 2, 3, 2, 5, 3, 2, 2, 2, 2, 2, 3, 2, 3, 2, 4, 3, 4, 4, 3, 3, 3, 2, 1, 2, 3, 2, 2, 2, 1, 2, 3, 2, 3, 2, 4, 1, 3, 2, 3, 3, 2, 2, 3, 2, 4, 1, 2, 4, 2, 1, 2, 1, 2, 1, 3, 2, 2, 4, 2, 3, 1, 2, 2, 2, 1, 3, 2, 1, 2, 2, 2, 2, 3, 3, 2, 2, 2, 3, 3, 4, 3, 2, 4, 1, 3, 3, 1, 3, 2, 2, 1, 2, 4, 4, 2, 2, 2, 3, 3, 3, 2, 1, 3, 2, 1, 4, 2, 4, 3, 2, 1, 3, 2, 4, 3, 2, 2, 2, 2, 2, 3, 3, 4, 2, 3, 2, 2, 1, 1, 2, 2, 1, 3, 2, 4, 3, 3, 3, 2, 2, 1, 2, 3, 2, 3, 2, 3, 2, 3, 2, 3, 5, 1, 1, 3, 4, 2, 2, 3, 2, 2, 2, 4, 4, 1, 4, 3, 3, 3, 3, 2, 2, 2, 3, 3, 2, 2, 3, 4, 1, 3, 3, 5, 2, 2, 2, 2, 3, 4, 3, 3, 3, 2, 3, 2, 1, 1, 4, 2, 3, 3, 2, 3, 1, 4, 2, 2, 2, 4, 2, 1, 2, 3, 1, 3, 1, 1, 1, 3, 2, 3, 3, 3, 4, 2, 3, 2, 4, 1, 5, 2, 3, 2, 3, 4, 2, 2, 2, 1, 2, 3, 2, 2, 2, 3, 2, 2, 2, 4, 2, 2, 3, 2, 4, 2, 4, 4, 3, 3, 3, 1, 3, 3, 3, 2, 2, 3, 2, 1, 4, 4, 2, 1, 3, 2, 4, 2, 1, 2, 1, 1, 2, 4, 3, 2, 1, 3, 2, 4, 2, 4, 1, 4, 2, 3, 1, 2, 3, 2, 3, 3, 2, 2, 3, 3, 2, 3, 4, 3, 2, 2, 3, 2, 2, 3, 2, 4, 4, 1, 3, 3, 3, 2, 1, 2, 2, 3, 4, 3, 2, 4, 3, 2, 2, 3, 3, 1, 3, 2, 4, 1, 3, 3, 2, 2, 2, 3, 3, 2, 1, 3, 3, 3, 2, 2, 3, 3, 3, 2, 4, 4, 2, 2, 1, 2, 1, 3, 1, 3, 3, 2, 1, 2, 2, 3, 2, 4, 3, 3, 2, 2, 2, 4, 2, 2, 2, 3, 2, 1, 3, 3, 3, 2, 3, 3, 1, 4, 3, 3, 3, 2, 2, 3, 2, 2, 3, 2, 2, 4, 2, 3, 1, 2, 2, 2, 2, 3, 2, 1, 3, 3, 2, 2, 1, 3, 2, 2, 2, 3, 3, 2, 1, 2, 3, 3, 3, 2, 3, 2, 2, 2, 2, 2, 2, 2, 2, 2, 4, 3, 3, 3, 4, 3, 2, 3, 3, 3, 2, 2, 2, 3, 5, 3, 2, 2, 3, 2, 1, 3, 2, 3, 2, 3, 3, 3, 2, 4, 4, 4, 3, 1, 3, 3, 2, 2, 3, 3, 4, 2, 2, 3, 3, 2, 3, 3, 2, 1, 3, 2, 1, 2, 2, 1, 2, 2, 2, 3, 2, 2, 2, 2, 2, 3, 2, 1, 3, 5, 2, 3, 1, 2, 2, 2, 3, 1, 4, 1, 1, 2, 3, 3, 3, 2, 1, 4, 2, 2, 3, 1, 3, 1, 3, 4, 1, 3, 2, 1, 2, 3, 3, 3, 2, 3, 3, 3, 3, 3, 3, 2, 2, 3, 3, 2, 3, 2, 1, 4, 3, 1, 1, 4, 2, 1, 1, 1, 2, 4, 2, 3, 3, 4, 4, 2, 2, 2, 2, 1, 3, 2, 2, 3, 3, 1, 3, 5, 2, 3, 3, 2, 2]","[2.3053496681358046, 2.0213977101987015, 2.127016064818493, 2.4204852079745587, 2.2092746128484224, 3.3276087134485226, 1.788878389658374, 2.557080852871735, 2.5766195634306457, 2.254528489098302, 2.2974585084282233, 2.859570179734291, 1.9995060504274893, 2.1671183073794276, 2.4025216012422708, 2.861528454508385, 2.6749466615335176, 2.9769633550433103, 2.2449545553101387, 2.095735678923655, 3.4831235141766466, 2.8319748180347397, 2.2037364279540634, 3.53322738390614, 2.1887371169824332, 2.2998249835819737, 3.092289384469713, 2.5710523456765717, 1.917438774677054, 3.1159461829533344, 2.4913773249406237, 2.449716541808609, 2.686401443370775, 2.2724531205368717, 2.021915238631537, 2.13051371758466, 1.840941408445717, 2.240333421581891, 2.2604076381103515, 2.766374575213865, 2.6153854175950397, 2.7666331200544096, 2.384447175321762, 2.2221615925768856, 2.3507322259246104, 1.8964958206544331, 3.098206393715584, 2.4999465088297943, 2.6591825067097283, 3.874527348653203, 2.2362134682399875, 2.1677788037604526, 2.822817499048062, 2.0215934106797078, 2.12461669462478, 2.113526875886327, 2.6088159418854917, 1.9935945733824392, 2.247598436092573, 2.681601383263528, 2.3493897044885785, 2.6993176189699137, 1.972842517095157, 3.266588221544416, 2.7215310300125575, 2.720954876036761, 2.8846155428895806, 2.182988765188732, 2.8472639399681787, 2.283866614660537, 2.335318423325663, 1.9172222489533703, 2.022460101993211, 2.7608215146436215, 2.34726614483656, 3.027921472819096, 3.5531795040163265, 2.75089082970065, 2.3096054776284887, 1.883224070598382, 2.5960398075443663, 3.6623750331820486, 2.3698750222353384, 3.877103840364893, 2.369871055193629, 2.8009719121907084, 2.540853452802334, 2.9982884122437183, 3.315790463663145, 2.0616354071832435, 2.7702263694245297, 2.4811295760256713, 2.2822105849857133, 2.614933673071068, 2.3383071652234415, 2.0815605234956926, 2.5617858299113223, 2.043760005772472, 2.3926251110576975, 2.597842243100585, 2.6650779621654856, 2.0768461843990353, 2.2113039090730164, 1.393127422720548, 2.2385442029060876, 1.8632916748126163, 1.6698054577549544, 1.5402346836283352, 2.689187771335495, 2.9909313963869777, 3.05470087909727, 2.1290849685494035, 2.3458064900807583, 1.6153928070235386, 1.9386655750713662, 2.3518148545430284, 1.913092591259852, 2.3897995095386055, 2.2558228937068483, 2.1841066731349974, 3.5833610020863462, 1.0484775061065745, 3.121934461070943, 3.0819983553366854, 2.2716380221427266, 2.391057058824186, 2.637318337895029, 2.526118423245113, 2.3467126234847417, 2.599444940727607, 2.7765516940982216, 2.3163900022417914, 2.265316828804835, 2.0951968943542063, 2.9926664652188473, 2.1224875250085575, 2.4210513889902767, 2.1921173241132723, 3.463860019794182, 2.8594047974029153, 2.443468815562018, 2.30516347620055, 2.332624990983386, 2.262463933207527, 2.6383177266103695, 2.0629494841783287, 2.723846341210047, 2.158212752853867, 3.0433573494375237, 2.682233779766979, 2.5623208373340725, 3.100785422099212, 2.39181960800022, 3.027423151286038, 2.5984332652218916, 2.121934181492477, 2.1239679257464954, 2.936140820403374, 2.507728513708532, 2.062116463101887, 3.8777904333002793, 2.4028907832443878, 3.0527668718972736, 3.174995806439106, 2.1589239926217645, 2.242582376678191, 2.8003742734369763, 2.844266644306096, 2.3682263324521573, 2.710220687880419, 2.362346534603013, 2.232520289351243, 2.1282817082924685, 2.2176950576583416, 2.469745171249345, 2.286043901104245, 2.7772226180900783, 2.2957396053649446, 2.167334937964573, 1.9919948707217303, 3.065770902481549, 2.7368956057871223, 2.044103484093341, 2.7535630392265618, 2.948609361366907, 2.249194800720755, 2.0634333170333905, 3.047254257140728, 3.1750599047502592, 2.4098113006062865, 3.0528114985934627, 3.330861269638947, 1.9454997811598045, 4.063041965906206, 2.156719008027656, 2.2105453201799863, 2.6109762931365172, 1.2118812016822211, 2.4510214541363817, 2.7173375865480245, 2.2379635223763663, 3.2167114594553743, 2.8004740055658432, 3.955630320967648, 2.9427882765771285, 2.1870118889621493, 2.228277119968439, 2.1175591899279773, 2.1227300199409007, 3.058166164312456, 3.1487193234060773, 2.658759170674564, 2.1795227990264814, 1.950349383801157, 3.038724375850327, 1.607237781545782, 2.6429278443090167, 2.446363474077073, 3.1586011213874636, 2.4309799871960083, 2.705930637940295, 2.641031014811883, 2.5928855808604214, 2.612862341380806, 2.592045756373224, 2.7126880918284852, 2.7071610229867695, 2.329032646725659, 2.338840596651073, 1.9195763337634897, 3.1964153941782447, 2.2429707113328208, 2.4720977849258072, 2.399994252940936, 2.721882552203462, 1.985039277557175, 2.6019943442062075, 2.8395426900804868, 2.4307415685449025, 3.3098926138551636, 2.407944303234101, 2.4027381269659545, 2.477049381551016, 2.18101932078911, 3.1910128968492453, 2.0841588321798965, 2.1237642300277026, 2.793820297013103, 1.3310125019437904, 2.0316116168293434, 2.4634367559784622, 2.7480951585210747, 2.212899043853346, 1.9265569134855092, 1.0564237604108262, 2.4880102570135536, 3.033761283020028, 1.8498128149160857, 2.028496161264621, 3.0191225646565805, 2.1369141837839196, 2.425904210797102, 1.9402589809099544, 3.3115417950373427, 1.9663819776997684, 2.8314558934780143, 1.6867725748686584, 2.1850780180997598, 2.3566589851755095, 2.272959651408706, 2.1153217574499132, 2.1617882587385386, 2.371086626602067, 2.638257580576013, 2.004665083440705, 2.3149138777444405, 2.018739255480141, 2.2138187792897344, 3.002507024118891, 2.3336638913711147, 2.566140882064714, 2.450583393563481, 2.0096515414045166, 2.166439277290734, 2.0165332228913564, 2.073391691048122, 2.2123169922130104, 2.8044896969193225, 2.2239835014081466, 2.0942713338669265, 2.5242005486313044, 2.1766069267225947, 1.738788772246227, 2.801377220058842, 2.204458180366342, 2.799768991503577, 2.272864640106841, 2.4592112257667327, 3.5294818606837888, 2.7855905574757167, 2.1406605779505625, 2.572890148163779, 2.710428880363102, 2.972048289628881, 2.295723881913941, 2.907208920728792, 2.760078859485491, 2.6799512824554963, 2.293670779397417, 2.1092830956005137, 2.4729012120464247, 2.5615706644978733, 2.185240618656299, 3.4198751912065117, 2.6033801601225215, 2.5206766901579836, 2.177144299591015, 2.4203517974645785, 2.4821749816840692, 2.682183578720737, 2.226259104090579, 3.5737339968526376, 1.9456459044818448, 2.164710041126866, 2.4479071589225447, 2.135173917413183, 2.172560363480278, 2.7770060923663946, 2.1658424031583023, 2.5762266004773102, 2.366366916257419, 2.170164021573126, 2.808362799827754, 2.7046624422423187, 2.285121566293283, 2.4723159272350235, 3.032064256535364, 1.8735646174807177, 1.8686723700207513, 1.8881280455610887, 2.9875875289985645, 2.5684819598551853, 3.305841813040791, 2.0392661932729164, 3.0135903668383754, 2.5897608425859064, 2.465037389352484, 2.014236692373612, 3.016370228460965, 2.2035071786708444, 2.9659429849636547, 2.693599211657369, 2.3560527750983886, 2.211066964672248, 2.8313241308667916, 2.9291270083481864, 2.088521372982439, 2.2113994269635167, 2.7395158042820675, 2.1663664319384495, 2.6457025496324587, 2.273264133673355, 2.330042351242712, 2.413328191022887, 2.3962009914847284, 2.055079692791893, 2.2399614807139017, 3.006244828855971, 2.6877480697700173, 2.3435668195027257, 3.426795710290149, 2.434595106497849, 2.1025018106691222, 3.0347357990668993, 2.494963945069464, 2.519638543433184, 2.5691118672092896, 2.9401603483361805, 3.4705832208862857, 2.022586071939201, 1.1843491785976776, 2.3161483669948044, 3.1863546424952, 2.7433021730026397, 2.301975681872178, 2.6336948043699073, 2.8544737630625643, 2.4243765015244456, 1.8994346917273566, 2.4692767810415015, 1.9428008254725642, 2.2055841760786903, 2.4074723327222283, 2.2243082824989253, 1.6292187277288548, 2.8339376350015564, 2.2568443663170554, 3.751251532392364, 2.28991619571991, 2.092839169807429, 2.151489521220207, 1.9218207954033293, 3.5146126991658457, 2.01295593355747, 3.064317531142269, 2.9062494925878206, 2.4857882323653016, 2.2728803090503704, 3.3988991719728165, 2.415562169806583, 3.604769023535782, 2.1817967712063213, 2.3770083757417355, 2.1447146603681055, 2.962751605406099, 2.2424008285782238, 1.9867686444080057, 2.3468285255088133, 2.0989780992808837, 2.0631029704215433, 2.2045916635767058, 2.5312789529929063, 2.6753749632473296, 2.2950264400372173, 2.2779581054837212, 2.318124685833139, 2.094358551612093, 3.9821699007358586, 2.211645975692857, 3.7917311242422476, 2.4368115607866137, 2.6952351837918673, 2.9175137998269225, 2.216832594500265, 2.7910301316973865, 2.676230717055732, 2.336269840665394, 2.237201681470056, 1.9215499244884047, 2.5457665660953914, 2.3388910977664428, 2.2045544140213127, 2.692197050775616, 2.5903232880310374, 2.5617953738215684, 2.4309189189287825, 2.4807504285564255, 2.5212300493128628, 2.431446801408733, 2.5557223013554142, 2.6350333919977413, 2.744477447477252, 2.1820721875155886, 1.9891354863847877, 2.187318169665507, 2.865838257592747, 2.352304773424854, 2.693377462707162, 3.0577869272599187, 2.513365578767525, 2.0652492801149522, 2.494582289136216, 2.433406363532469, 2.499926451289469, 2.4184541828082238, 1.9255019830174918, 3.2642467752091737, 2.0403557402278905, 2.6687919399599456, 2.885692615203416, 3.884194830104321, 2.4944074702138357, 2.0958374631102004, 2.665910197433401, 2.9376471208173762, 2.642026362063392, 2.7772083688894122, 2.4197153387347945, 2.3279095418898317, 1.8233667372067286, 2.4485661265457583, 2.203802940307508, 3.714998393758747, 2.037477919316019, 3.1530072155792075, 2.1863217761410603, 3.1498565188453043, 2.069795959175549, 3.307776513383174, 2.54974742527703, 2.2591156433906106, 2.003576285345868, 3.0209742187552853, 2.374121633965043, 2.312252703938197, 2.127587908721994, 1.3786098989686142, 2.12903733271143, 1.547965293079689, 2.3558052726244063, 2.2749292750919112, 2.407611426882493, 2.5685771349040523, 4.298182987588705, 2.419161614254042, 2.751338294642774, 2.9692930567326283, 2.942198898364014, 2.0642756632185133, 2.403380785800449, 2.1498085654062455, 2.323699319484872, 2.554366640715614, 2.7196147463833604, 2.254002094872485, 2.254310726032019, 2.8080534753012536, 2.4414590065651542, 2.4795281950356207, 2.3575928747146766, 2.521499568943289, 1.6552069510421261, 2.4778466383829896, 2.1323302730138955, 1.5328008156350394, 2.2557434389923046, 2.372409578980236, 2.695691551291337, 2.070083550143563, 2.388484023412084, 2.994205015090242, 2.161807362534222, 2.1419279258377926, 2.223553281404671, 3.429149124626786, 1.9731068109294678, 2.954113302717293, 3.5144727650275693, 2.104104367169431, 2.3246891020631657, 2.321725734532965, 1.5087068812787612, 2.655399200367634, 2.281793951342013, 1.6529819536872208, 2.2567857368451887, 2.7962821231069355, 1.884999626961298, 2.453709877353125, 2.124086299525545, 2.866683829592033, 2.323354112222262, 2.8164475368421735, 2.5850651038129766, 2.455197292261548, 2.770485152245246, 2.067437820568432, 2.857325999972467, 2.1401835983131563, 2.598888451954919, 2.172525765099495, 2.2648196304496935, 1.9020738377657294, 2.144736807986931, 2.296587249234341, 2.564183456173801, 2.5227376127060124, 2.4866175077711894, 2.441192583870403, 1.724818113335077, 2.0183317335801734, 2.7519321143762636, 2.0552050378292814, 2.9555608512899902, 2.686668667052498, 2.3353402276536945, 1.8892326730069928, 3.1150384906408766, 2.0706147460408175, 2.5209019482957307, 1.8942684915970331, 2.613409627776676, 3.905445579897428, 1.8685641071589094, 2.1508861575764713, 2.3761298825033697, 1.8987403871539377, 2.7350365507291436, 2.3068580687282743, 3.644045821784028, 2.8522431109639275, 2.4561824524519884, 2.4121967233034645, 1.9694369746899958, 2.5726390059531385, 1.9167243562455651, 2.454945115012669, 2.576657122184917, 2.535741039882026, 2.757318854371443, 2.139753877403569, 2.664327401605909, 2.185183002361703, 2.9367098436633636, 1.3502319819434974, 2.4945976580973532, 2.6125920028461866, 2.0494352616759715, 1.9923703133692485, 2.178627833476975, 2.2725074036373596, 2.176601066992142, 3.14119953620021, 2.3044554605250767, 2.279836830358647, 2.200283337312273, 2.63321560581114, 2.429001441628453, 2.4721262319363455, 2.2284631422102112, 1.9720299542137807, 2.445942649450915, 2.972075714981704, 2.2951131742250768, 2.2194516829983133, 2.3309962983222037, 2.225650684084002, 2.792723154876886, 2.7288399132806505, 2.9220739567438074, 1.852884104086017, 1.9458914886643672, 1.9959599791297062, 2.6510137961817954, 2.55957552108195, 3.8021347402264722, 2.4054975650730404, 1.9651933656477285, 2.44970015059156, 2.5072506240335777, 2.5395466578501567, 2.1054432488688044, 2.6909106745005227, 2.102755986002946, 2.3166166869678433, 2.6142954410787715, 3.3252367564123118, 2.7641098361258716, 2.545102031453951, 2.2198362564814356, 2.3320021109807865, 3.0366216173997236, 2.4594563439528305, 2.1649846019060592, 3.750803956090281, 2.316858547965849, 3.1473652630030022, 1.8765173236957642, 2.7982571692043448, 2.59013311406458, 1.5252634319438654, 4.15788898348661, 3.218841141571085, 2.0848313577677926, 2.349985072894528, 2.1891539505854833, 2.2797290087419593, 2.7701392367129123, 1.5061571430870986, 2.6076016365372534, 1.6280319926382267, 2.1278164636525494, 2.5992724782589915, 3.01173645235401, 2.301869769466513, 2.2061499099384014, 3.3282142757609825, 2.983870142938569, 2.5919283551810315, 2.422976363793818, 1.8660343339792758, 2.977946224833475, 2.1023903600632514, 2.1620384472045373, 2.3003103007517116, 2.8201107595659005, 2.939208282072619, 2.578933920883493, 2.7023251363726257, 2.1766502938165244, 2.596940533572951, 2.7628708461488807, 2.1099252659525467, 2.0453796552011916, 2.139950293649046, 2.195874944119175, 2.4618619125295154, 2.2864879807765335, 2.4205344785927716, 1.9893484452100414, 2.1315212121722564, 2.6724328846024648, 2.032991446708105, 2.519024811099784, 3.1617056022230083, 2.6072572044717424, 2.528503845942291, 2.028636762995471, 2.6684829765702047, 2.320853147189926, 2.609866327504458, 2.420597859433196, 2.137917357687794, 2.662693649465205, 2.9333018869913303, 2.2968877670268726, 3.9587014084564913, 2.519967858797214, 2.844759026000307, 2.851151903527373, 2.1037988872640927, 2.5077458266826165, 2.462492308366081, 2.5632240105006163, 1.9636032309124953, 3.216277474889819, 2.1153013387728286, 2.2889575684038306, 2.164963764468061, 3.601524940939607, 2.4155780404312006, 2.343826514706001, 2.9642730938115434, 2.081674843477745, 2.95453929684965, 2.7911203190681544, 2.4886476893158918, 2.6001574832683207, 2.305114943728831, 2.6748300092014623, 2.0521021058647446, 3.743053782782547, 2.5935337382886092, 2.0415718001187906, 3.077548654637711, 2.1904829897515325, 2.123501618122406, 2.13359301269054, 2.4882942082449095, 2.4315688903322608, 2.323725434145407, 1.9553519957967942, 2.707974700565617, 2.7088043001955042, 3.681119067227315, 2.464981605328305, 3.2169024681894047, 2.4407063047252358, 2.737306762585329, 2.4921082156832535, 2.259912075182957, 1.9803985334446088, 2.6072065579044965, 2.337071669306652, 2.3054506515243305, 1.9788912973565105, 3.1044641550468377, 2.5583836875409087, 2.252051892225675, 2.6637795566835214, 2.51841514543488, 2.2661357455853977, 2.145254872175164, 2.3881073328105393, 3.0686834943770633, 2.0655387299400014, 2.9641634102211407, 2.0937052727021634, 3.002219170315421, 3.396425602676742, 3.385487139374744, 2.8329094564340442, 2.191969032190028, 2.389487599043132, 2.5581550581882317, 2.363668071340696, 2.519805980514194, 2.0351636253963816, 2.868111777604689, 2.022689585067487, 2.4922831551926303, 2.7525004185661497, 2.7282156292963493, 2.4574917980442725, 2.372600793186415, 2.721050971734602, 2.2968621589549727, 2.748326130835182, 2.367774157381195, 2.311197661113971]"
2.75,4000,0.6146053103734178,0.6146053103734178,0.012896537780761719,0.3296310469348851,"[3, 3, 1, 3, 1, 3, 2, 2, 2, 2, 2, 4, 3, 1, 1, 4, 3, 3, 2, 2, 3, 3, 2, 4, 2, 2, 2, 2, 2, 4, 1, 3, 3, 3, 2, 2, 3, 3, 2, 3, 3, 2, 1, 3, 2, 3, 4, 2, 3, 4, 2, 1, 2, 2, 3, 1, 2, 2, 2, 3, 3, 2, 2, 3, 3, 4, 2, 3, 3, 2, 3, 2, 2, 3, 2, 3, 4, 2, 2, 2, 3, 3, 1, 4, 2, 2, 3, 3, 4, 2, 2, 4, 3, 2, 3, 2, 2, 2, 3, 3, 3, 1, 3, 1, 3, 1, 3, 2, 2, 3, 1, 1, 2, 2, 1, 2, 2, 3, 3, 3, 2, 2, 3, 3, 1, 3, 3, 2, 4, 2, 2, 3, 2, 2, 2, 2, 1, 2, 4, 3, 2, 1, 3, 2, 3, 3, 3, 2, 4, 4, 2, 4, 3, 3, 2, 3, 2, 4, 3, 3, 4, 3, 4, 3, 2, 2, 3, 2, 2, 2, 2, 2, 2, 2, 1, 2, 3, 2, 3, 2, 2, 3, 2, 3, 4, 2, 2, 3, 3, 3, 4, 3, 2, 2, 2, 2, 1, 1, 2, 2, 2, 3, 2, 5, 3, 2, 2, 2, 2, 2, 3, 2, 3, 2, 4, 3, 4, 4, 3, 3, 3, 2, 1, 2, 3, 2, 2, 2, 1, 2, 3, 2, 3, 2, 4, 1, 3, 2, 3, 3, 2, 2, 3, 2, 4, 1, 2, 4, 2, 1, 2, 1, 2, 1, 3, 2, 2, 4, 2, 3, 1, 2, 2, 2, 1, 3, 2, 1, 2, 2, 2, 2, 3, 3, 2, 2, 2, 3, 3, 4, 3, 2, 4, 1, 3, 3, 1, 3, 2, 2, 1, 2, 4, 4, 2, 2, 2, 3, 3, 3, 2, 1, 3, 2, 1, 4, 2, 4, 3, 2, 1, 3, 2, 4, 3, 2, 2, 2, 2, 2, 3, 3, 4, 2, 3, 2, 2, 1, 1, 2, 2, 1, 3, 2, 4, 3, 3, 3, 2, 2, 1, 2, 3, 2, 3, 2, 3, 2, 3, 2, 3, 5, 1, 1, 3, 4, 2, 2, 3, 2, 2, 2, 4, 4, 1, 4, 3, 3, 3, 3, 2, 2, 2, 3, 3, 2, 2, 3, 4, 1, 3, 3, 5, 2, 2, 2, 2, 3, 4, 3, 3, 3, 2, 3, 2, 1, 1, 4, 2, 3, 3, 2, 3, 1, 4, 2, 2, 2, 4, 2, 1, 2, 3, 1, 3, 1, 1, 1, 3, 2, 3, 3, 3, 4, 2, 3, 2, 4, 1, 5, 2, 3, 2, 3, 4, 2, 2, 2, 1, 2, 3, 2, 2, 2, 3, 2, 2, 2, 4, 2, 2, 3, 2, 4, 2, 4, 4, 3, 3, 3, 1, 3, 3, 3, 2, 2, 3, 2, 1, 4, 4, 2, 1, 3, 2, 4, 2, 1, 2, 1, 1, 2, 4, 3, 2, 1, 3, 2, 4, 2, 4, 1, 4, 2, 3, 1, 2, 3, 2, 3, 3, 2, 2, 3, 3, 2, 3, 4, 3, 2, 2, 3, 2, 2, 3, 2, 4, 4, 1, 3, 3, 3, 2, 1, 2, 2, 3, 4, 3, 2, 4, 3, 2, 2, 3, 3, 1, 3, 2, 4, 1, 3, 3, 2, 2, 2, 3, 3, 2, 1, 3, 3, 3, 2, 2, 3, 3, 3, 2, 4, 4, 2, 2, 1, 2, 1, 3, 1, 3, 3, 2, 1, 2, 2, 3, 2, 4, 3, 3, 2, 2, 2, 4, 2, 2, 2, 3, 2, 1, 3, 3, 3, 2, 3, 3, 1, 4, 3, 3, 3, 2, 2, 3, 2, 2, 3, 2, 2, 4, 2, 3, 1, 2, 2, 2, 2, 3, 2, 1, 3, 3, 2, 2, 1, 3, 2, 2, 2, 3, 3, 2, 1, 2, 3, 3, 3, 2, 3, 2, 2, 2, 2, 2, 2, 2, 2, 2, 4, 3, 3, 3, 4, 3, 2, 3, 3, 3, 2, 2, 2, 3, 5, 3, 2, 2, 3, 2, 1, 3, 2, 3, 2, 3, 3, 3, 2, 4, 4, 4, 3, 1, 3, 3, 2, 2, 3, 3, 4, 2, 2, 3, 3, 2, 3, 3, 2, 1, 3, 2, 1, 2, 2, 1, 2, 2, 2, 3, 2, 2, 2, 2, 2, 3, 2, 1, 3, 5, 2, 3, 1, 2, 2, 2, 3, 1, 4, 1, 1, 2, 3, 3, 3, 2, 1, 4, 2, 2, 3, 1, 3, 1, 3, 4, 1, 3, 2, 1, 2, 3, 3, 3, 2, 3, 3, 3, 3, 3, 3, 2, 2, 3, 3, 2, 3, 2, 1, 4, 3, 1, 1, 4, 2, 1, 1, 1, 2, 4, 2, 3, 3, 4, 4, 2, 2, 2, 2, 1, 3, 2, 2, 3, 3, 1, 3, 5, 2, 3, 3, 2, 2]","[2.20098421507699, 2.1459086840053674, 2.089330644578684, 2.2886776421806165, 2.0931056670671686, 2.9813505738970068, 2.6582502918634874, 2.3747273214813958, 2.3151309395751998, 2.0896394231017483, 2.201588642520189, 2.505689021929244, 2.2371495995688906, 2.142932653520745, 2.1935412807993018, 2.6804292351488237, 2.384905573538711, 2.4952710877535247, 2.1753832347991455, 2.063389751415926, 2.9997704935457543, 2.430496654176081, 2.131942355980956, 3.131676332518572, 2.075472502749297, 2.259507185441529, 2.487382703427409, 2.414252062133542, 2.077046494652357, 2.9119230152200197, 2.3797599170526675, 2.363744701805311, 2.392677703541799, 2.3332222922888044, 2.8269922526955584, 2.199723241686343, 2.0636996054347336, 2.2242253400595167, 2.145862767525367, 2.499332500797068, 2.700329470110634, 2.4432059778032005, 2.3111253093741544, 2.2553801945333767, 2.178301870288491, 2.7450934289532554, 3.030906325425766, 2.2633850185101303, 3.2221860612277586, 3.5697082957652255, 2.2711389125262094, 2.2005007956430953, 2.4370123617251176, 2.182416038391038, 2.1187963283222007, 2.0620270255188347, 2.2939396681080693, 2.128832035199222, 2.2190919077876075, 2.4103614663891504, 2.139992212620908, 2.3043066753652566, 2.2593198799032193, 2.7199956087705814, 2.419749908624172, 2.4211172428061287, 3.0027883030318065, 2.1545420527869696, 2.429325576004883, 2.145010987442716, 2.29520103592734, 2.077063079551713, 2.1695871752514133, 2.9286860225292886, 2.315296412930586, 2.692033196443864, 3.382091268896992, 2.3968686918131885, 2.123833261579132, 2.060460943143811, 2.6394500924045463, 2.9720408193872045, 2.2764753889012357, 3.301134214612935, 2.254141970499838, 2.413665093327087, 2.3759702675498042, 2.5329952451114512, 2.82092474451015, 2.14282665687503, 2.3584013308319336, 3.922899302959725, 2.2416501249823506, 3.0102807718107574, 2.1216348410311543, 2.1028879935373608, 2.248572745500177, 2.1441958324552037, 2.645900159836675, 2.326708513710094, 2.4240739604396198, 2.0456303575862886, 2.0737439876830748, 2.603930680813452, 2.1676887253147274, 2.0619876752678676, 2.7115975311992377, 2.6772952846240488, 2.3641274528803513, 2.7675955543614426, 2.7078650550466277, 2.1604751163542524, 2.2901988633677686, 2.59423246074313, 2.113833105729074, 2.1782189457917105, 2.05817314841597, 2.3001586151022995, 2.127952766302522, 2.1453258400106887, 3.924678068741004, 2.3687682087620527, 2.524005583423077, 2.967163560502425, 2.1848412026971897, 2.2784848323268254, 2.4439803241223608, 2.242174122847834, 3.8356359633549455, 2.7407817167424837, 2.477707926994274, 2.3277370453326207, 2.281356599729034, 2.140255997474838, 2.5474256727530227, 2.1189594131658684, 2.297764861295239, 2.075213594042683, 2.880405149975992, 2.69433863178503, 2.407189359703079, 2.3184979450812877, 2.237788607582277, 2.409023962120671, 2.387711185679781, 2.2286582246449678, 2.3888645199889047, 2.191157853887457, 2.6561965646706946, 2.4222788306300567, 2.4127384509605694, 2.817306117223392, 2.2908732985787013, 2.5307636547647614, 2.2750476190598143, 2.1190017967975563, 2.1279766071498765, 2.525308597827023, 2.865306252257914, 2.1537246706836526, 3.2389092701918334, 2.7859546451811843, 2.6705065916054678, 3.0698183288221546, 2.11616854315756, 2.148173174919941, 2.437470735468196, 2.4286100830983846, 2.196168144580645, 2.5690597525797267, 2.368065636773064, 2.1891606489645286, 2.3626514013395834, 2.0924606987588765, 2.362210598614874, 2.1448442170658577, 2.3962779383496637, 2.5527754950312165, 2.1923492800430875, 2.133508186547222, 2.5374380461689916, 2.360473246722229, 2.117636967614078, 2.6873744682491405, 3.1158501332639696, 2.128460448499477, 2.1134070422963913, 2.678169274590177, 2.6785181202076056, 2.1929829225209807, 2.872886849737734, 3.549091224429428, 2.1315708082752756, 4.176511395230034, 2.097131190694207, 2.208726874072302, 2.3975098594699085, 2.557926319622805, 2.4691613470014366, 2.3816586187981104, 2.225833007143969, 3.212860870364307, 2.4012563566426643, 3.2905658170770398, 2.6994365630947796, 2.1807664554910815, 2.0724439158502177, 2.1385431459246744, 2.130820771988033, 2.509202633449392, 3.246468120175332, 2.4099053284334575, 2.212402919989625, 2.9440687320797183, 2.6492251181215645, 2.8856938383288027, 2.49062973472857, 2.637269604179798, 3.2005393596839418, 2.4615658474455633, 2.5708770212852947, 2.5085551243215574, 2.390710013167421, 2.380908499043893, 2.2755368735908186, 2.400739922513829, 2.3810119544930126, 2.122345227553573, 2.2166801322357994, 2.057676522818585, 2.6357205498990197, 2.309955555666723, 2.323136839047697, 2.201920378073807, 2.495121817744231, 2.0526623549132648, 2.6185504239660378, 2.4626419741030903, 2.2101220010696854, 3.669352793774072, 2.260356316492669, 2.1935246958999457, 2.9914339039014664, 2.1802803870256757, 2.8137739120552134, 2.102688974745088, 2.1974908753577664, 2.5275601967180883, 2.5953993988226998, 2.0875076113820232, 2.32380023502194, 2.4369214599099656, 2.112034296301409, 2.076348086112807, 2.473321369332599, 2.3223990861722683, 2.633085844498355, 3.395539508527513, 2.360195524924886, 2.773582567791232, 2.1370606401989005, 2.1922313488960885, 2.1447972352287175, 2.8644693612462984, 2.0540914204077803, 2.793810474378804, 3.4115724518760615, 2.190990239679187, 2.1586416627159877, 2.175987516840934, 2.1387145232180202, 2.2009596445252804, 2.250795101810276, 2.3877157925962686, 2.147190328172273, 2.2139358468544628, 2.146112309714128, 2.4282851314674687, 2.513465873967202, 2.1219904949840123, 2.548986098848921, 2.228753522966406, 2.1266570711493893, 2.5809404923559023, 2.260550332526665, 2.4335817062689147, 2.2436873726711584, 2.450863063270221, 2.0819033738170547, 2.2207604178211064, 2.2747304040540395, 2.114814109710147, 2.6620869319145264, 2.489049952637554, 2.131887072983102, 2.4137572316568425, 2.1074412005630734, 2.3822236959903424, 3.0563346544134076, 2.511355529209237, 2.3104657414937786, 2.2381105473596783, 2.429730869537427, 2.5765450874749303, 2.3973458131733105, 4.355281418978455, 2.4111098139630545, 4.262657301177016, 2.22156608109297, 2.1391770576333955, 2.2462503225562385, 2.238977569042682, 2.172252611933458, 3.542020079561711, 2.428799735372804, 2.5976403111344935, 2.1623160241882746, 2.459946176681379, 2.3804647752753008, 2.6236195699015616, 2.226729513092495, 3.9062092097722454, 2.800373629577975, 2.1157253577914337, 2.5974390161278844, 2.4507425293244554, 2.1535365470950367, 2.39629452324902, 2.1338997960206787, 2.4116733318685903, 2.235204127432622, 2.076895118560729, 2.5173157201817307, 2.4018357224005444, 2.3222388144927812, 2.3413813024075565, 2.5308892380391463, 2.0612008139317517, 2.0807817825406643, 2.1076283954849244, 2.5727084446871347, 2.411785465484976, 2.974936987988281, 2.183433598249346, 2.5847165556394214, 2.511135642761325, 2.1887528518018837, 2.127250941460609, 2.483122111941111, 2.4031093391394878, 2.4778540265948736, 2.4218893606411056, 2.1971005844777753, 2.092968380955832, 2.4881652270778654, 3.1611910498431386, 2.22120083903734, 2.2181701704238668, 2.360753622390604, 2.096392241289564, 2.444764274538795, 2.184235578724776, 2.2571926705980587, 2.366531886280429, 2.321056940241805, 3.042067870301425, 2.168061239312858, 2.571279379192619, 2.7921178973860563, 2.2753630013784076, 2.654304534134063, 2.2102908385348137, 2.9867169836825855, 2.587822271923561, 2.574147361833781, 2.814605990326305, 2.296018679918828, 2.4779387163063635, 3.096762245742437, 2.068992683248387, 2.570110807468118, 2.9261258288614203, 2.8753579956169197, 2.350387945174674, 2.182517474020744, 2.871130441363828, 2.528413106848807, 2.1923483645748787, 2.0976317710556103, 2.227321693321998, 3.120040310510763, 2.1702133155500416, 2.250316808964076, 2.142246577030244, 2.76699179901657, 2.440800100611861, 2.278689264300502, 3.969437140260678, 2.2021663498477593, 2.1404365886011596, 2.2547902500715242, 2.7637860372935315, 3.0554583675037015, 2.107197725135754, 2.888651247028988, 2.5253923904837, 2.357665484025915, 2.126646244786582, 3.459814407253481, 2.294869022808912, 3.0864842150581575, 2.1518840073749206, 2.3501075768489565, 2.1675493359170033, 2.458892227561921, 2.2058058138731207, 2.1028223148034417, 2.358296042695633, 2.2459873843296667, 2.1427142481127275, 2.2786815634964253, 2.2417788494131807, 2.4232852563369085, 2.2022559991735395, 2.145944623869061, 2.2000057060149816, 2.2353830169846467, 3.885109723222417, 2.1715532833789886, 3.828331012209832, 2.308437635663551, 2.4217640525126374, 2.5080101707920823, 2.1117330039631073, 2.868272373638157, 2.477103610122746, 2.2375094284431167, 2.1293790676471445, 2.127024020649617, 2.2690059936593325, 2.2949273850879646, 2.1318797019167217, 2.4594641763529417, 2.3509817709537946, 2.4365385648018933, 2.1721599292269573, 2.5646963939106535, 2.48993810836629, 2.527334338482692, 2.239906598552539, 2.3106567022822495, 2.5355151279380195, 2.210907788337626, 2.420829109278217, 2.211829173003564, 2.945307965762665, 2.2362812245074695, 2.3939476462401315, 2.8301065853810137, 2.301147797783047, 2.181443410326617, 2.567670302357894, 3.188620138343127, 2.3598988479212966, 2.3007131424460194, 2.095635133449798, 2.8918518133485347, 2.144456583928413, 2.3349816359108773, 2.7372438842348834, 3.4724555169494167, 2.3877133352436997, 2.094468132444467, 2.3087727485846563, 2.810570450810488, 2.406633365230938, 2.511516496140393, 2.28873661071166, 2.2381497898349205, 2.0650457464324687, 2.248114280967202, 2.111785944726774, 4.12634499436781, 2.9510792843545253, 2.901379863725464, 2.1524824846026283, 2.6145818129367546, 2.1037891064023744, 3.634924832222395, 2.2595704916582324, 2.2556771578378645, 2.051242503251725, 3.0364689168476207, 2.2094007982638733, 2.1931291619455004, 2.1185687466477034, 2.612368969572297, 2.882357890624004, 3.3373202593359816, 2.2360131019678793, 2.223001596270568, 2.2128387384984833, 2.3546405134421224, 4.1183072276955635, 2.3759719203828884, 2.4750855390165345, 2.535130289174307, 2.544491478364746, 2.0465932031322387, 2.2323690310260305, 2.1982453428770574, 2.238472273989067, 2.2592166804719698, 2.4006904429616776, 2.2438107688151283, 2.2789458564697926, 2.393916432958018, 2.4730446089083458, 2.303361458562999, 2.274288668453453, 2.319833955071862, 2.8737715746626113, 2.3121164297362644, 3.0123783312453702, 2.682418306871366, 2.089546363388695, 2.3312535796618183, 3.2458363179608978, 2.161385811406949, 2.270496401570486, 2.6384464795887994, 2.0967414455593394, 2.2134157174900766, 2.092011985092965, 3.270688072172173, 2.129456233607376, 2.8285405437705387, 3.262325046040906, 2.043542503034018, 2.4527459403965026, 2.4035005183632556, 2.544785391005472, 2.3864028213972457, 2.12596349976309, 2.8435495576731027, 2.2037589221016485, 2.553021642196798, 2.975583442870099, 2.286132781512756, 2.176455687391009, 2.3894256107657115, 2.2577049597115018, 2.4590777324020543, 2.5247609781959666, 2.4062910109879585, 2.454412731200013, 2.181653909002545, 2.613205129599825, 2.059985240131442, 2.3672636865214733, 2.3034713897691175, 2.1848823897996628, 2.0590171355165348, 2.1556677066622925, 2.2573839656261487, 2.3325170437624174, 2.375931716221096, 2.671780025714102, 2.3259851099663713, 2.7015695105199033, 2.1658308395802943, 2.359321517600279, 2.180786610805246, 2.5408216059538087, 2.354725817739586, 3.150478634336795, 3.0963501581191313, 2.782755262301592, 2.173225057029972, 2.47388447290311, 2.1382442420980903, 2.273900496854352, 3.2367910099907435, 2.0807900749903423, 2.1825884521860632, 2.272868816791913, 2.784760137448355, 2.476815250611971, 2.1624561895678855, 3.628019568083888, 2.43074846833061, 2.527306499727332, 2.21200645423487, 2.1919096810862726, 2.2578170992429762, 2.2517383464982204, 3.216252269324499, 2.334815378259356, 2.376361855451267, 2.5892121099460113, 2.2063417984325078, 2.4625439388009784, 2.249082002660468, 2.480574225235187, 2.506545565798236, 2.358880866147282, 2.351269171956351, 2.066936155728233, 2.1499363269132963, 2.114659317316157, 2.1266748076688065, 2.210845780510773, 2.6171350436061784, 2.199162562745829, 2.1453196508473984, 2.2162722662323042, 2.4280674116535472, 2.822367174639092, 2.207416122646427, 2.712059596662755, 2.4221393163273475, 2.305933960729786, 2.7288463951549473, 2.2790743333009784, 2.169632197835198, 2.2763258469243577, 2.2518591844005758, 2.3561971068382537, 2.5210747841422223, 2.631146390005262, 3.2545651816855603, 2.0940733887604344, 2.1935100303277455, 2.4242061401668766, 2.4677947728068634, 3.505020430065091, 2.154900846527895, 2.7988763817194404, 2.1899276155062726, 2.8072430521588574, 2.2603518246945633, 2.062646195094795, 2.3246379251243, 2.1012645161670607, 2.2649803865653193, 2.338691822128476, 2.6812897389221666, 2.8635749772509116, 2.4683597793930794, 2.092296692531911, 2.587110578593067, 4.47305332727036, 2.265060240114883, 2.5033910776518162, 3.1526046428635466, 2.3326329091895244, 2.5791953601085083, 2.092060827118771, 2.97797784209673, 2.5668982436811416, 2.717335575270366, 4.227346343359734, 2.9369947012753355, 2.1602561954841404, 2.3182156330999293, 2.325957611028121, 2.4287353970971544, 2.5577108901673973, 2.7758508232391, 2.4288545202714444, 2.7336019611716273, 2.1185512403650497, 2.2649076807517865, 2.7013958834675935, 2.186598136612604, 2.247476031572821, 2.8631923239958805, 2.4956871310883155, 2.429676892272081, 2.2308680976343056, 2.061777599876024, 3.5171797674142398, 2.1397050102628974, 2.1735487230872077, 2.2863573558804493, 2.619750069228573, 2.7121576487170747, 2.2765411813851584, 2.382808505153465, 2.1532232767738666, 2.3327806887924276, 2.459549574196793, 2.232386401986687, 2.345155590982573, 2.0984155990110054, 2.2473179755613466, 2.397973148295177, 2.4748782193563583, 2.4827703209513143, 2.1337108908726856, 2.3212414342771224, 2.3882255954424925, 2.8133706682884427, 2.426422651677506, 3.841256443835693, 2.447709015557796, 2.261197654561723, 2.068529227449714, 2.2888883697249294, 2.2002777892336787, 2.4556946821642427, 2.1729504760962635, 2.0985713127882932, 2.3474316105220145, 2.576385410281779, 2.1750998028096777, 3.309536829942968, 2.223438984106081, 2.4798098628158005, 2.5058527530102928, 2.081978390213367, 2.4496436370027723, 2.2278413535018218, 2.486721559274509, 2.0543042599495163, 4.620663962004019, 2.1579223315914215, 2.23693450262832, 2.058087190538469, 3.5146128670584966, 2.1541287273245397, 2.645123475408198, 2.4775008616459915, 2.2098453196455363, 2.47872749796096, 2.4175471590423796, 2.336814074619456, 2.320568481896302, 2.1049709719423157, 2.4041207529784927, 2.047525643029369, 4.066096273086941, 2.256216656455115, 2.0867447060116437, 2.6868695902717104, 2.754681054722978, 2.1380879825756796, 2.1949337601927428, 2.360789825570037, 2.258924910132346, 2.2489240631357537, 2.124434933583474, 2.7027696068257656, 2.4891753727060717, 3.0474300880201284, 2.3625754664007075, 2.554662877658509, 2.2871287968574183, 2.4037234684157274, 2.2255729078232296, 2.2625643352228324, 2.1298427926766452, 2.370887917280464, 2.2726067393825815, 2.1625639914137, 2.2469766376164313, 2.824601991205255, 2.3429744116955336, 2.2242728300752836, 2.289248630594275, 4.269823812131454, 2.150922713792744, 2.1647586113101056, 2.2527451534207374, 2.9362772229573233, 2.0464964578859948, 2.7024792285263577, 2.1403702490037353, 2.766502968066863, 2.6758369925672074, 3.0853095719851336, 2.4112188206720653, 2.122768027368771, 2.2584537292011118, 2.3196727157315458, 2.205647872980028, 2.3967886539273398, 2.30941574888377, 2.8935403126298764, 2.1073972433956185, 2.3988967789121567, 2.462549651437049, 2.4000316539039224, 2.2474306145604124, 2.856450185232597, 2.362167945752358, 2.2405278801259225, 2.5246636065783594, 2.4649184604226035, 2.2233510784230166]"
3.0,4000,0.7121855617796706,0.7121855617796706,0.01314854621887207,0.3494341721383266,"[3, 3, 1, 3, 1, 3, 2, 2, 2, 2, 2, 4, 3, 1, 1, 4, 3, 3, 2, 2, 3, 3, 2, 4, 2, 2, 2, 2, 2, 4, 1, 3, 3, 3, 2, 2, 3, 3, 2, 3, 3, 2, 1, 3, 2, 3, 4, 2, 3, 4, 2, 1, 2, 2, 3, 1, 2, 2, 2, 3, 3, 2, 2, 3, 3, 4, 2, 3, 3, 2, 3, 2, 2, 3, 2, 3, 4, 2, 2, 2, 3, 3, 1, 4, 2, 2, 3, 3, 4, 2, 2, 4, 3, 2, 3, 2, 2, 2, 3, 3, 3, 1, 3, 1, 3, 1, 3, 2, 2, 3, 1, 1, 2, 2, 1, 2, 2, 3, 3, 3, 2, 2, 3, 3, 1, 3, 3, 2, 4, 2, 2, 3, 2, 2, 2, 2, 1, 2, 4, 3, 2, 1, 3, 2, 3, 3, 3, 2, 4, 4, 2, 4, 3, 3, 2, 3, 2, 4, 3, 3, 4, 3, 4, 3, 2, 2, 3, 2, 2, 2, 2, 2, 2, 2, 1, 2, 3, 2, 3, 2, 2, 3, 2, 3, 4, 2, 2, 3, 3, 3, 4, 3, 2, 2, 2, 2, 1, 1, 2, 2, 2, 3, 2, 5, 3, 2, 2, 2, 2, 2, 3, 2, 3, 2, 4, 3, 4, 4, 3, 3, 3, 2, 1, 2, 3, 2, 2, 2, 1, 2, 3, 2, 3, 2, 4, 1, 3, 2, 3, 3, 2, 2, 3, 2, 4, 1, 2, 4, 2, 1, 2, 1, 2, 1, 3, 2, 2, 4, 2, 3, 1, 2, 2, 2, 1, 3, 2, 1, 2, 2, 2, 2, 3, 3, 2, 2, 2, 3, 3, 4, 3, 2, 4, 1, 3, 3, 1, 3, 2, 2, 1, 2, 4, 4, 2, 2, 2, 3, 3, 3, 2, 1, 3, 2, 1, 4, 2, 4, 3, 2, 1, 3, 2, 4, 3, 2, 2, 2, 2, 2, 3, 3, 4, 2, 3, 2, 2, 1, 1, 2, 2, 1, 3, 2, 4, 3, 3, 3, 2, 2, 1, 2, 3, 2, 3, 2, 3, 2, 3, 2, 3, 5, 1, 1, 3, 4, 2, 2, 3, 2, 2, 2, 4, 4, 1, 4, 3, 3, 3, 3, 2, 2, 2, 3, 3, 2, 2, 3, 4, 1, 3, 3, 5, 2, 2, 2, 2, 3, 4, 3, 3, 3, 2, 3, 2, 1, 1, 4, 2, 3, 3, 2, 3, 1, 4, 2, 2, 2, 4, 2, 1, 2, 3, 1, 3, 1, 1, 1, 3, 2, 3, 3, 3, 4, 2, 3, 2, 4, 1, 5, 2, 3, 2, 3, 4, 2, 2, 2, 1, 2, 3, 2, 2, 2, 3, 2, 2, 2, 4, 2, 2, 3, 2, 4, 2, 4, 4, 3, 3, 3, 1, 3, 3, 3, 2, 2, 3, 2, 1, 4, 4, 2, 1, 3, 2, 4, 2, 1, 2, 1, 1, 2, 4, 3, 2, 1, 3, 2, 4, 2, 4, 1, 4, 2, 3, 1, 2, 3, 2, 3, 3, 2, 2, 3, 3, 2, 3, 4, 3, 2, 2, 3, 2, 2, 3, 2, 4, 4, 1, 3, 3, 3, 2, 1, 2, 2, 3, 4, 3, 2, 4, 3, 2, 2, 3, 3, 1, 3, 2, 4, 1, 3, 3, 2, 2, 2, 3, 3, 2, 1, 3, 3, 3, 2, 2, 3, 3, 3, 2, 4, 4, 2, 2, 1, 2, 1, 3, 1, 3, 3, 2, 1, 2, 2, 3, 2, 4, 3, 3, 2, 2, 2, 4, 2, 2, 2, 3, 2, 1, 3, 3, 3, 2, 3, 3, 1, 4, 3, 3, 3, 2, 2, 3, 2, 2, 3, 2, 2, 4, 2, 3, 1, 2, 2, 2, 2, 3, 2, 1, 3, 3, 2, 2, 1, 3, 2, 2, 2, 3, 3, 2, 1, 2, 3, 3, 3, 2, 3, 2, 2, 2, 2, 2, 2, 2, 2, 2, 4, 3, 3, 3, 4, 3, 2, 3, 3, 3, 2, 2, 2, 3, 5, 3, 2, 2, 3, 2, 1, 3, 2, 3, 2, 3, 3, 3, 2, 4, 4, 4, 3, 1, 3, 3, 2, 2, 3, 3, 4, 2, 2, 3, 3, 2, 3, 3, 2, 1, 3, 2, 1, 2, 2, 1, 2, 2, 2, 3, 2, 2, 2, 2, 2, 3, 2, 1, 3, 5, 2, 3, 1, 2, 2, 2, 3, 1, 4, 1, 1, 2, 3, 3, 3, 2, 1, 4, 2, 2, 3, 1, 3, 1, 3, 4, 1, 3, 2, 1, 2, 3, 3, 3, 2, 3, 3, 3, 3, 3, 3, 2, 2, 3, 3, 2, 3, 2, 1, 4, 3, 1, 1, 4, 2, 1, 1, 1, 2, 4, 2, 3, 3, 4, 4, 2, 2, 2, 2, 1, 3, 2, 2, 3, 3, 1, 3, 5, 2, 3, 3, 2, 2]","[2.3108045153995422, 2.2503696966464894, 2.0749331434416014, 2.4473702678144837, 2.060159269280534, 3.3397445300166733, 1.2697832849552455, 2.5735269343429463, 2.470720247769269, 2.0382091677643155, 2.3146320716447946, 2.767840854551553, 2.328014752820413, 2.203395487098252, 2.263671894440474, 3.2875043106411646, 2.565897854446227, 2.7654841678335256, 2.2647234603462505, 2.016148654166543, 4.002026653479084, 2.638355274212882, 2.161927474747807, 3.9679240941928255, 2.020579877256008, 2.4068137888242576, 2.7102552576334973, 2.564863105312937, 2.1026304204274133, 3.451546462268455, 2.605396007836191, 2.576062330394993, 2.6400510092027623, 2.6700013880795357, 1.924651894387139, 2.191222725934556, 2.090194003483549, 2.3911719613634266, 2.1832712027589887, 2.8731862379667206, 2.5636828857549534, 2.749048829026849, 2.4590978998984827, 2.419358811635193, 2.239251025472603, 1.4645797653635937, 2.780406196483188, 2.3592871028223006, 2.2878183505169023, 4.413601846743486, 2.5159588913038764, 2.3516980343527663, 2.720378480725621, 2.3479382411487975, 2.150763020092761, 2.0075191485465305, 2.350269273242313, 2.2143144570185065, 2.208388375731893, 2.6905017429780047, 2.140820262341129, 2.4657904630266136, 2.0570943315178636, 3.0119998377634576, 2.6423843507508806, 2.6201806123160862, 2.9151580767373577, 2.1437554130807195, 2.6309393839877053, 2.1726018154934, 2.488679868754098, 2.102735444836582, 2.144551492454963, 2.698748938394327, 2.4546491213025647, 2.6476789917741783, 4.1351055685204186, 2.633186714221911, 2.110576373353804, 2.069685070248698, 2.5321931912529227, 3.8137937210529116, 2.3221176880532637, 4.442988333287031, 2.3728383924582443, 2.603852061964834, 2.5813979303411863, 2.854931768935505, 3.2042527405923806, 2.230852660609341, 2.4701420728953445, 1.7209297333914733, 2.3658165672759566, 2.5320879962996763, 2.096654804449578, 2.1221061666217604, 2.3041672326817246, 2.2395230090551417, 2.6064423140941697, 2.3852916763826046, 2.6697665480968706, 1.9757699096944568, 2.0096339999448896, 1.2166767910604532, 2.244126131973348, 2.079353150581599, 1.5042022968438782, 1.390386314817085, 2.564742679551858, 2.6292315862570663, 2.7067139835269227, 2.09212454856787, 2.281140525776923, 1.2110608176385573, 2.191416441983579, 2.2387259034267606, 2.055197536472842, 2.4866700353525912, 2.1366632696533823, 2.1187973120835117, 3.860092804328027, 0.7924658252589594, 2.739664692430388, 3.1264646466868453, 2.2223218040856008, 2.490393976196935, 2.7873562651748727, 2.297051611864368, 2.436927827435142, 2.369203206619492, 2.60947597826288, 2.494750500932044, 2.473092719535178, 2.214573877188222, 2.958946794587329, 2.1517957601162516, 2.471511512295936, 2.0189403295350994, 3.2059208246725817, 2.9031977974376035, 2.5233308241849426, 2.1409671426096315, 2.341363384007888, 2.0276712317426275, 2.5836644836639002, 2.118691424760049, 2.6211793640450085, 2.3312128804802055, 3.0216631610993563, 2.716738585195465, 2.670067258109387, 3.697819946324647, 2.461274332650515, 2.8408001512129424, 2.361057707546163, 2.152064155828571, 2.1754935682034366, 2.913825832481198, 2.24376198546087, 2.1772586402101712, 4.448876259171732, 2.1266172138041957, 3.198291538582174, 2.9437251132374147, 2.134122485928951, 2.192626469508196, 2.498839044910266, 2.63168396458687, 2.2803065939148865, 3.095945301658252, 2.672315469552987, 2.2188124104828013, 2.278945385456505, 2.0560749867017587, 2.566347572546906, 2.1715457367123165, 2.5658305320096404, 1.9715628306881912, 2.328206700038331, 2.0602465123566533, 2.7913223321139897, 2.5416023013983966, 2.0876230136456724, 2.550535598695749, 2.77019319724928, 2.139878183511818, 2.155314518428094, 3.2239627870877436, 2.9321880091064982, 2.2601360726651345, 2.9482100385214034, 3.792509662628789, 2.2369332881717128, 4.315247866870578, 2.0856510272614908, 2.3014953983666553, 2.6759262546687936, 1.1777401475173874, 2.4902540754755287, 2.5453364090067923, 2.337737348055382, 3.1384315299838073, 2.6328433423444926, 4.559743439247071, 2.9445901154649983, 2.2935374162386233, 2.0014012532039582, 2.2037271895968744, 2.0990266905660464, 2.776347478283674, 2.990458941104227, 2.468446594851792, 1.9599558672120225, 1.8484065568523897, 2.9217179339281025, 1.4356640705640422, 2.852130627211638, 2.146208553558793, 2.808293147822515, 2.475559193129844, 2.788533468895527, 2.9571757620834016, 2.6609944097015923, 2.5484031509605183, 2.364155927616634, 2.6524259448117546, 2.604856603357212, 2.101153349975629, 2.3433916898811527, 2.0520526388871847, 2.8998150377259355, 2.278368909680327, 2.5214178639506684, 2.288604397036277, 2.894961853876589, 2.020300259181905, 2.5814422385277687, 2.8408069912920624, 2.2435223586980184, 3.2028398071810606, 2.3787870753959512, 2.2635668700313056, 2.222299119417694, 2.2957348344979525, 3.345981473081866, 2.120845873711738, 2.2715638373323848, 2.9031482636882306, 1.2427448498833618, 2.0967925901759568, 2.525618840317409, 2.679040563386883, 2.107942234599, 2.0982077258635394, 1.0607322739653815, 2.4584062656962833, 3.0524255382458327, 1.8541386911260123, 1.9681170104840136, 3.2282764534749484, 2.194339174355089, 2.1970369540697754, 2.1875330940481095, 3.6371763201827143, 2.0293498624385915, 2.8078722893125145, 1.2207559380654587, 2.3196005331759117, 2.1868353167719254, 2.1740724527817132, 2.204812441824949, 2.354603709673095, 2.1705058520681204, 2.5836936571108913, 2.2584857495994557, 2.175737453859283, 2.2516591630035028, 2.5112689076677137, 2.8033445861293793, 2.0989069945573027, 2.8348371539291892, 2.284148419768643, 2.2058168896108423, 2.083110856796327, 2.215162172858408, 2.1445046116485, 2.4528836456772924, 2.7005184892542244, 2.0278997122023035, 2.257633594857825, 2.272388189707277, 2.125545492513522, 1.294078931609561, 2.7451075262215516, 2.161577393383912, 2.604435530904659, 2.0788563079487212, 2.620997967287113, 3.5644717208237404, 2.803724194350794, 2.225801360422868, 2.329658643664469, 2.6721852439486358, 2.8664815636248475, 1.9871228406732948, 2.8527351314819285, 2.730727494285488, 2.6139719890647397, 2.310716901452084, 2.2077414559028705, 2.322864277762228, 2.3351490863882227, 2.2146873365164965, 3.2627093168412413, 2.6996926700204975, 3.034261958450926, 2.248782654717849, 2.7894977836854005, 2.6098595452258526, 3.3099146020030945, 2.34341450083988, 3.8152213490192874, 1.5347786325342596, 2.1313160003283924, 2.4029646600844603, 2.3419197728394154, 2.2265901964954127, 2.565935556418809, 2.1795984892912967, 2.6633223571650095, 2.3249970802457955, 2.029588637686907, 2.871678649322576, 2.6010253784598882, 2.383822958440607, 2.5701437893078403, 2.7832556569247178, 2.0743703258354933, 2.126284251247921, 2.1908042402014596, 2.903910751974128, 2.7223722013179827, 3.988934057486423, 2.2854912923642674, 2.992586379197951, 2.670423620237845, 2.233349013637766, 2.2043021300111088, 2.7219542504816867, 2.3884387647130048, 2.721997793555983, 2.6559324995336184, 2.286211299585916, 2.0592899005601946, 2.7872938026118055, 2.979498876196706, 2.2604225763901886, 2.3023045497156396, 2.485038034929078, 2.080971606364094, 2.7287054395447923, 2.2768264251973367, 2.392157049055852, 2.593712265824701, 2.4321370191267415, 1.991242729893078, 2.188145334443855, 2.8948611487174416, 2.419701902737853, 2.435138064999558, 2.988121483008039, 2.297655819332078, 1.9763945588228362, 2.985876115230224, 2.385892452511664, 2.4703648577810746, 2.4801141913069378, 2.7330850188144344, 4.255814103347557, 2.051629400397305, 1.2162194834941527, 1.696103218885158, 3.341310737637587, 2.4580763758244593, 2.207606717423213, 2.8975740798393517, 2.7195940584514307, 2.197777959623353, 2.1609041572839343, 2.2750813124437617, 1.839671652152305, 2.2601131809245545, 2.353890896338313, 2.0992977801145587, 1.5396366819838232, 2.6393358911982268, 2.530367873869047, 3.9272814995680614, 2.3182904218974976, 2.2157174763102794, 2.328962225734425, 1.4472529038881161, 4.080082587625382, 2.1546731431989836, 3.116331511164246, 2.69518981234236, 2.6117316298871396, 2.128389680086663, 3.5383470366323557, 2.527339663659039, 4.190728143110072, 2.2214008979765563, 2.5617879862906796, 2.1874451266901223, 2.67400477941918, 2.3413374450205877, 2.0658919364903947, 2.3990994601131597, 2.406374763659029, 2.230140828502755, 2.400354649027967, 2.294548530112518, 2.664772053971968, 2.2605183747227415, 2.120174343807441, 2.3046080752586002, 2.1278725256243867, 4.055535885239876, 2.1793963897614264, 4.384620651159214, 2.4112156934219877, 2.6551389817754565, 2.8180264206618504, 2.1060342911657726, 2.5907668823244014, 2.6665303136157092, 2.339595473120218, 2.1456953688418743, 2.147066829235049, 2.3614782457875343, 2.4869469660028174, 2.161530715868726, 2.7549853147868935, 2.538544375490432, 2.56501923291843, 2.2003569859438645, 2.3116589275053285, 2.6311256781511685, 2.6476623132369004, 2.282692441255273, 2.4423869960513644, 2.7954302618349445, 2.3153061081723143, 2.1358315693665073, 2.290278380068767, 3.1322297668293304, 2.33181783215235, 2.558890781645367, 3.025460339455578, 2.428667777211021, 2.272888363264046, 2.794411541871231, 2.3269974456029194, 2.551708336846695, 2.395703954560548, 2.148260385357925, 3.554813567372155, 2.2411742261548464, 2.554553586429883, 2.5811950354582827, 4.2165011918216955, 2.6276328839300023, 2.012988807716457, 2.3721170441855555, 2.698865369765496, 2.631406606156579, 2.8630832770418744, 2.4477436879359717, 2.3436505822520024, 2.098718484694393, 2.334667854414889, 2.111645002723078, 4.285900273231404, 1.6757174180722105, 3.354570262229775, 2.2199153118238137, 3.026991780160646, 2.1278124928532494, 4.02486805434396, 2.3351314887135435, 2.3011747345714473, 2.0113090028192007, 3.8696023903577523, 2.1470191126410936, 2.2052638210953663, 2.1493218518113935, 1.3259108437537217, 1.6935306614840273, 1.368215687204165, 2.3301199375374595, 2.319807347534558, 2.255450723471854, 2.518409764450879, 4.513992444152117, 2.568913795175899, 2.7765494455934334, 2.789800748556879, 2.682327360195907, 1.9818671601156286, 2.3070437409673783, 2.181863884139762, 2.34569272354139, 2.332890967984615, 2.5937728595378626, 2.379498913914854, 2.276688223573677, 2.550876223081924, 2.728736133901628, 2.4682728190752097, 2.428334817161198, 2.4421624904115538, 1.6435988811800497, 2.214694063067824, 1.9546253534489695, 1.2391481945133835, 2.0376198641350918, 2.514477630813471, 2.342648235781722, 2.276295915479109, 2.4679353819059906, 2.7949295154533673, 2.083182953646031, 2.3108761490463667, 2.0532334929648104, 3.644724819441681, 2.2235426760027277, 3.768962314157516, 3.347012083659489, 1.962548503518021, 2.121696363773725, 2.587229621361659, 1.1141852227402238, 2.575379224718384, 2.124066175242559, 1.8563122815488087, 2.33365089943928, 2.7980697496485067, 1.6977338221831944, 2.431254855696516, 2.299643201597702, 2.522437946954851, 2.3954011363612793, 2.7191342828755336, 2.3426580347460098, 2.517642002021648, 2.7177214132440786, 2.2486343892066545, 2.9400811168849734, 1.9945894768400072, 2.605704829931128, 2.3651892265587224, 2.2809223771549085, 2.0605421119616394, 2.2400858330735662, 2.462259110330887, 2.269256982493, 2.6447690196944516, 2.5270589874191476, 2.4811148768342743, 1.3999372543450077, 2.2461044450898835, 2.5343089396505833, 2.3323443760310854, 2.720812627326271, 2.485546093511423, 2.252484459161608, 1.4814957683933043, 3.053452762617046, 2.223386813383346, 2.4814840967052607, 2.1847153796734515, 2.353793519245341, 4.435462308245155, 2.126336763452505, 2.31035073144057, 2.419343560798494, 1.507988879670699, 2.729163145547563, 2.210990930880683, 4.268599805906324, 2.5507477148704196, 2.3029793143692863, 2.3085200109916206, 2.2191017530887915, 2.3240280747886723, 2.1369655333229427, 2.3912162903515606, 2.4649496463479146, 2.5838776733354427, 2.967797741139621, 2.2889332670662794, 2.76921254718364, 2.4128791719622456, 2.6808837846132323, 1.0654269264625296, 2.60887715136962, 2.49706063594268, 2.0386063736604094, 2.186672694458058, 2.124565264694616, 2.1285705554580088, 2.373253196029018, 3.0326092706493863, 2.3098197682930133, 2.1745564364418137, 2.384763653365033, 2.815259089440609, 2.2130343514646715, 2.279451588409536, 2.3452292683096223, 2.1441284976908195, 2.4845632718751256, 2.9511756301826657, 2.4586401938957114, 2.1980934798678717, 2.44123531542073, 2.2159235149488, 2.5145235079011155, 2.3751134096476987, 2.881858431786518, 1.4835740244591125, 2.1383705868278904, 2.3847874391396395, 2.6758790429424257, 2.5629854815222055, 3.921412588072987, 2.1631464778150282, 1.5252972622621024, 2.2407882426205354, 2.1506642220458816, 2.34007930532326, 2.0114400598221547, 2.4641158135628305, 2.1118254439020427, 2.47695982736597, 2.524984168162459, 3.0869229724248086, 2.525533652256016, 2.8802076868072017, 2.05503641198887, 2.4096426856092648, 3.058460395164054, 2.433510714456312, 2.2982419485689776, 4.262765371633568, 2.3164869291067816, 2.9312459183944037, 2.0698276579980215, 2.3943363801039976, 2.5625389161575165, 1.4414366125920868, 4.362572491956291, 3.0658423174455067, 2.269142586276854, 2.35307057026624, 2.2518209342858597, 2.3251649431638786, 2.988591448823896, 1.5754252368800168, 2.6744526334548016, 1.2630940489514417, 2.1492109927128267, 2.335525547344116, 2.9341446365953963, 2.1081075754564766, 2.4027093083410946, 3.629089440676739, 2.7628433131799297, 2.7052472943276324, 2.297539031937628, 2.078022841398798, 3.025729275728532, 2.211084732928068, 2.2812347565462217, 2.2010157384915265, 2.8817740522987503, 2.9175767947913465, 2.3705157390607274, 2.552618101375809, 2.224606402100007, 2.510404664202964, 2.566570813281351, 2.1980985452494606, 2.345264359795921, 2.093784584282652, 2.406983876026201, 2.4675103056859373, 2.189766544129909, 3.017500646345757, 2.061530144024269, 2.255359456309708, 2.4668573932981412, 1.4866598554604025, 2.613805354782541, 3.8226615656425684, 2.747353106861601, 2.345435550190854, 2.0486945516299846, 2.37662151800749, 2.2479912965846975, 2.7697941970843507, 2.205363149447564, 2.0947706467909564, 2.4727591545989664, 2.985535009408933, 2.1631755126295924, 4.607794800277857, 2.2504939313195336, 2.678584871964379, 2.827217441310828, 2.0617786190970553, 2.90266098061993, 2.278372077264375, 2.6107567774618756, 2.030697675689588, 3.3353512895793678, 2.254363318031085, 2.1600918127016375, 1.982570016679611, 4.046562569705804, 2.1582570080992944, 2.195943445989481, 2.7781011195628396, 2.3163948904200335, 2.7275290791055244, 2.508370761349681, 2.615387814102516, 2.4823007213780635, 2.0632135056720116, 2.6154954081675497, 1.987771865786658, 4.1789626265637665, 2.3138932193039112, 2.0919614673542055, 3.235103028188118, 2.1061464359712563, 2.2008448530341385, 2.344573003800424, 2.557350481494803, 2.344135684830877, 2.3476127255198533, 2.1306713520259652, 2.854100087339689, 2.7759205180759974, 4.0028659369691955, 2.568658109548613, 2.8479763721557774, 2.4375621549360247, 2.717357086433206, 2.264007071965882, 2.4261732882476528, 2.2207151112883876, 2.549213783620436, 2.236545560513713, 2.211673589540278, 2.106811858512784, 3.5904135571241795, 2.5521038044855273, 2.3861972309505304, 2.378902881562206, 2.7440712171799495, 2.026358189314601, 2.264250416312611, 2.3639930033304966, 2.6255070202078072, 1.9812545177288121, 3.0813810620457076, 2.215297378673605, 3.165674596022501, 3.0523932805659615, 3.4514310282050475, 2.5883609616124783, 2.1425100690351266, 2.440905021930368, 2.3794165847632636, 2.3069334160799935, 2.6411478436154647, 2.2525561115623556, 2.629463480243319, 2.1506611365367987, 2.654497612958662, 2.8047355388361335, 2.5896010566181134, 2.330338514881387, 2.2597638446440786, 2.4939942831553927, 2.358709915588887, 2.823731733463834, 2.8157094681061534, 2.201955847766512]"
-1.0,4000,0.598470309913806,0.598470309913806,0.0012712478637695312,0.3299503673964771,"[3, 3, 1, 3, 1, 3, 2, 2, 2, 2, 2, 4, 3, 1, 1, 4, 3, 3, 2, 2, 3, 3, 2, 4, 2, 2, 2, 2, 2, 4, 1, 3, 3, 3, 2, 2, 3, 3, 2, 3, 3, 2, 1, 3, 2, 3, 4, 2, 3, 4, 2, 1, 2, 2, 3, 1, 2, 2, 2, 3, 3, 2, 2, 3, 3, 4, 2, 3, 3, 2, 3, 2, 2, 3, 2, 3, 4, 2, 2, 2, 3, 3, 1, 4, 2, 2, 3, 3, 4, 2, 2, 4, 3, 2, 3, 2, 2, 2, 3, 3, 3, 1, 3, 1, 3, 1, 3, 2, 2, 3, 1, 1, 2, 2, 1, 2, 2, 3, 3, 3, 2, 2, 3, 3, 1, 3, 3, 2, 4, 2, 2, 3, 2, 2, 2, 2, 1, 2, 4, 3, 2, 1, 3, 2, 3, 3, 3, 2, 4, 4, 2, 4, 3, 3, 2, 3, 2, 4, 3, 3, 4, 3, 4, 3, 2, 2, 3, 2, 2, 2, 2, 2, 2, 2, 1, 2, 3, 2, 3, 2, 2, 3, 2, 3, 4, 2, 2, 3, 3, 3, 4, 3, 2, 2, 2, 2, 1, 1, 2, 2, 2, 3, 2, 5, 3, 2, 2, 2, 2, 2, 3, 2, 3, 2, 4, 3, 4, 4, 3, 3, 3, 2, 1, 2, 3, 2, 2, 2, 1, 2, 3, 2, 3, 2, 4, 1, 3, 2, 3, 3, 2, 2, 3, 2, 4, 1, 2, 4, 2, 1, 2, 1, 2, 1, 3, 2, 2, 4, 2, 3, 1, 2, 2, 2, 1, 3, 2, 1, 2, 2, 2, 2, 3, 3, 2, 2, 2, 3, 3, 4, 3, 2, 4, 1, 3, 3, 1, 3, 2, 2, 1, 2, 4, 4, 2, 2, 2, 3, 3, 3, 2, 1, 3, 2, 1, 4, 2, 4, 3, 2, 1, 3, 2, 4, 3, 2, 2, 2, 2, 2, 3, 3, 4, 2, 3, 2, 2, 1, 1, 2, 2, 1, 3, 2, 4, 3, 3, 3, 2, 2, 1, 2, 3, 2, 3, 2, 3, 2, 3, 2, 3, 5, 1, 1, 3, 4, 2, 2, 3, 2, 2, 2, 4, 4, 1, 4, 3, 3, 3, 3, 2, 2, 2, 3, 3, 2, 2, 3, 4, 1, 3, 3, 5, 2, 2, 2, 2, 3, 4, 3, 3, 3, 2, 3, 2, 1, 1, 4, 2, 3, 3, 2, 3, 1, 4, 2, 2, 2, 4, 2, 1, 2, 3, 1, 3, 1, 1, 1, 3, 2, 3, 3, 3, 4, 2, 3, 2, 4, 1, 5, 2, 3, 2, 3, 4, 2, 2, 2, 1, 2, 3, 2, 2, 2, 3, 2, 2, 2, 4, 2, 2, 3, 2, 4, 2, 4, 4, 3, 3, 3, 1, 3, 3, 3, 2, 2, 3, 2, 1, 4, 4, 2, 1, 3, 2, 4, 2, 1, 2, 1, 1, 2, 4, 3, 2, 1, 3, 2, 4, 2, 4, 1, 4, 2, 3, 1, 2, 3, 2, 3, 3, 2, 2, 3, 3, 2, 3, 4, 3, 2, 2, 3, 2, 2, 3, 2, 4, 4, 1, 3, 3, 3, 2, 1, 2, 2, 3, 4, 3, 2, 4, 3, 2, 2, 3, 3, 1, 3, 2, 4, 1, 3, 3, 2, 2, 2, 3, 3, 2, 1, 3, 3, 3, 2, 2, 3, 3, 3, 2, 4, 4, 2, 2, 1, 2, 1, 3, 1, 3, 3, 2, 1, 2, 2, 3, 2, 4, 3, 3, 2, 2, 2, 4, 2, 2, 2, 3, 2, 1, 3, 3, 3, 2, 3, 3, 1, 4, 3, 3, 3, 2, 2, 3, 2, 2, 3, 2, 2, 4, 2, 3, 1, 2, 2, 2, 2, 3, 2, 1, 3, 3, 2, 2, 1, 3, 2, 2, 2, 3, 3, 2, 1, 2, 3, 3, 3, 2, 3, 2, 2, 2, 2, 2, 2, 2, 2, 2, 4, 3, 3, 3, 4, 3, 2, 3, 3, 3, 2, 2, 2, 3, 5, 3, 2, 2, 3, 2, 1, 3, 2, 3, 2, 3, 3, 3, 2, 4, 4, 4, 3, 1, 3, 3, 2, 2, 3, 3, 4, 2, 2, 3, 3, 2, 3, 3, 2, 1, 3, 2, 1, 2, 2, 1, 2, 2, 2, 3, 2, 2, 2, 2, 2, 3, 2, 1, 3, 5, 2, 3, 1, 2, 2, 2, 3, 1, 4, 1, 1, 2, 3, 3, 3, 2, 1, 4, 2, 2, 3, 1, 3, 1, 3, 4, 1, 3, 2, 1, 2, 3, 3, 3, 2, 3, 3, 3, 3, 3, 3, 2, 2, 3, 3, 2, 3, 2, 1, 4, 3, 1, 1, 4, 2, 1, 1, 1, 2, 4, 2, 3, 3, 4, 4, 2, 2, 2, 2, 1, 3, 2, 2, 3, 3, 1, 3, 5, 2, 3, 3, 2, 2]","[2.2396144270445104, 2.1484394335751826, 2.0858484271687496, 2.3382257220647404, 2.096877766777614, 3.1216034231082728, 2.3903599011000276, 2.436448339816008, 2.3835567876639954, 2.0960581457653733, 2.2397573487308553, 2.6039047218135822, 2.2225452002332204, 2.156401583678649, 2.237854485912963, 2.84513306940396, 2.458393054933818, 2.620520339866374, 2.2031507548517144, 2.0507752290878902, 3.315933349586803, 2.527787388208838, 2.1451369839995467, 3.408218202558974, 2.073170278238741, 2.292252162482206, 2.6193904931319274, 2.468927172915142, 2.054004474872959, 3.0781942025611184, 2.4376383371495693, 2.414313425563779, 2.4894465640937473, 2.4039719553806647, 2.5158881707550904, 2.185491597089422, 2.03131051024396, 2.2639125379676712, 2.1672311379424243, 2.631255555997741, 2.654613961458172, 2.5592729115401607, 2.3432571919481497, 2.2811395971352564, 2.2147130195404383, 2.5078491598910473, 2.990271073869991, 2.3127070933146086, 2.9434084508588074, 3.825776999603536, 2.3227474549110494, 2.228627988601228, 2.556337532431468, 2.194677011859964, 2.122490514687046, 2.050453001688341, 2.339193510097987, 2.124863537564591, 2.2190107396997045, 2.5116951678354518, 2.166578423057209, 2.400076325741668, 2.170086316883972, 2.866453057985404, 2.505708248273231, 2.5083349610404886, 2.9789301690947703, 2.1525077981985534, 2.527510477441545, 2.1677651523644057, 2.3397682305088296, 2.0540083965045968, 2.1392897113982148, 2.8555112712231163, 2.3465468783305714, 2.7356926312488348, 3.6061245014643353, 2.4998388375159335, 2.1432195239972263, 2.0305447027325227, 2.618291782510979, 3.2737011376489673, 2.300594760897438, 3.6652378477120564, 2.2909835146474697, 2.504269445199112, 2.4367422443203974, 2.6692519147462095, 2.976859898034771, 2.147710663695878, 2.4325879292057233, 3.405436309300327, 2.2684917319162268, 2.8488054046961055, 2.1426996899368316, 2.0991908758384747, 2.2990679078509784, 2.148034416174397, 2.6104156715211073, 2.381223447968595, 2.506730704788501, 2.0270378925748873, 2.0727615570747426, 2.292265765804202, 2.192665470526356, 2.0309057107115986, 2.469059706862297, 2.3948632414304405, 2.453756362635252, 2.7682094946839944, 2.756670790992602, 2.136399667835784, 2.296465440736661, 2.3168848757452714, 2.1017789348508105, 2.214693411382251, 2.03000373543497, 2.3503417704600387, 2.1441936137223, 2.1409272703902, 3.8995443540054726, 1.9900402482239925, 2.6473117913577875, 3.026639666532751, 2.1964448505752765, 2.3440224424925415, 2.5500547310565618, 2.2881536216841543, 3.502151389008205, 2.6473983983705183, 2.5437401660915766, 2.359625270470037, 2.3169566169307045, 2.147102810792063, 2.708339413847607, 2.1225290773981484, 2.3497757482936903, 2.073109057211511, 3.044467523490976, 2.764543927501527, 2.4293755573279525, 2.269329272381165, 2.2675786453499587, 2.3026168586058366, 2.459056464285831, 2.1775848142731222, 2.487809481839503, 2.2162820701042802, 2.7876875505499945, 2.526120678270417, 2.4845123469297623, 3.0776847905038593, 2.3387449025198626, 2.6687242374225395, 2.335002794463976, 2.1225390993456665, 2.134062545626851, 2.6756412372881235, 2.6787710045477207, 2.1421778162317127, 3.6261969812207484, 2.5915334802011762, 2.8464639043096556, 3.0647250065635703, 2.1218691539409242, 2.1685128767966253, 2.495149788864698, 2.5266058688298183, 2.2384756287906606, 2.7134549644503205, 2.433678742085735, 2.1997696137740115, 2.311747796476916, 2.0967252588806, 2.4139506746373085, 2.1677257181796064, 2.4806201275295288, 2.3880249795429074, 2.2180346415374137, 2.091682574370231, 2.6598892850757663, 2.452892296464453, 2.0953040432339503, 2.6698942450243837, 3.028142198092106, 2.144313659224093, 2.111079469598797, 2.856206238394123, 2.807432697184928, 2.2377224576478336, 2.9264717016208515, 3.6030150621732604, 2.1247757176755893, 4.232347699424009, 2.097829633923409, 2.2216307942414923, 2.4898537412647697, 2.219734888735041, 2.4699245811821227, 2.457625286606562, 2.2452136620416616, 3.2089582148304125, 2.5095421920664562, 3.6970255423329776, 2.797171374900665, 2.205159084900977, 2.072454144728046, 2.1466977933912776, 2.1179594451518478, 2.6440879757908484, 3.186851450053438, 2.4495557560773054, 2.1468287865561906, 2.720786132136656, 2.759126765076374, 2.5437584591815874, 2.5890127385896995, 2.5056942165664102, 3.109170378129219, 2.4587272839321246, 2.635812916508565, 2.6318683477455016, 2.4795800071794125, 2.4496146050602827, 2.335118482597283, 2.501489645480909, 2.4765513992991233, 2.1428676664919717, 2.2621284134410264, 2.029886304354269, 2.7750125239077397, 2.2937627230182414, 2.3854498464027936, 2.2485016464775813, 2.6207615037196033, 2.0287006643891936, 2.610490407089736, 2.6104161473113363, 2.240763244824349, 3.535111512408493, 2.3018542271294327, 2.2378505642813256, 2.75808200439608, 2.2043087255269027, 3.000248666051086, 2.0991438162588247, 2.201739362198165, 2.6469579187162235, 2.2763375258029765, 2.076016075597031, 2.385606711668294, 2.5293065847315264, 2.1208915783210616, 2.053839330607335, 2.121853888673086, 2.3654609526224597, 2.7779896269689526, 3.0080647999254686, 2.2230557457277875, 2.915258395691047, 2.1463472430965687, 2.217730295841135, 2.121264291280151, 3.111499104932868, 2.029038578315293, 2.8100835309322703, 2.86124886569472, 2.217713285611562, 2.1905262204680915, 2.186518016237222, 2.146738316918199, 2.2287364870765325, 2.24880755927982, 2.4590575536279524, 2.1487424885533932, 2.2177915479972863, 2.1484875824969545, 2.420724136960702, 2.645096052990114, 2.1427837871486135, 2.6185701140724102, 2.26544222758121, 2.1236138253687633, 2.4134873793255616, 2.2140652245065766, 2.3185604383933556, 2.286581627768287, 2.551405749648163, 2.084092189800416, 2.2092685667416423, 2.3103188507762833, 2.1215488873571937, 2.3912671052188395, 2.5789614457440306, 2.1451239118940886, 2.5042912320415427, 2.1198055042258943, 2.4382209173161646, 3.2515932901503772, 2.6052446126230664, 2.266971029149989, 2.3070072031054276, 2.5174696068737585, 2.7034179398371783, 2.2904541863677372, 4.024723687501882, 2.5396169984363883, 3.8694567356623883, 2.244204713368699, 2.1468476868672006, 2.289117471593286, 2.3072122172927, 2.173930191659481, 3.481789594541036, 2.5078481519367686, 2.6968956407957276, 2.1812583470697446, 2.535680630870641, 2.437805006494164, 2.8011073501729524, 2.2454256480185117, 3.875639258805754, 2.5604555411896492, 2.121764359228833, 2.532871222012935, 2.3843733461462095, 2.1697810888945126, 2.4806240491611664, 2.1448644116867333, 2.484260491031264, 2.2669675244197793, 2.07350666708587, 2.635134249746345, 2.481934309864945, 2.332245385071964, 2.408566456860941, 2.6489394863557805, 2.030719651077241, 2.054887713465097, 2.09017507620705, 2.697903943667193, 2.504101452151494, 3.2709852966774786, 2.176574024988439, 2.736418666681089, 2.5522005024525263, 2.236722223711843, 2.1244896753484817, 2.608246336863454, 2.3674882560600574, 2.5975993752532536, 2.5062141387544705, 2.2386961116360586, 2.0968453043823922, 2.6000375407896663, 3.1033808739360307, 2.209372707848461, 2.234832988861771, 2.4331441472929773, 2.097654903447115, 2.5311610807592224, 2.2161160921929715, 2.291704877000348, 2.4149724775473054, 2.358878252858897, 2.832803546622316, 2.172939108197311, 2.6975660297410937, 2.6983367600986243, 2.3155393828305915, 2.8344259071307496, 2.2613530386329264, 2.8070927824303604, 2.7408301611064765, 2.5276401846528613, 2.6932410835182217, 2.3793140014765752, 2.5961485515877847, 3.4365577539175978, 2.0521000869760972, 2.23275271345255, 2.726680095116195, 3.0384025712730365, 2.42055639484505, 2.195895386409176, 2.8526937358189897, 2.6136083442754567, 2.217757965131022, 2.0784100138433095, 2.265103660049838, 2.8458881489569023, 2.1932624300089554, 2.2893436001037095, 2.1401991541161682, 2.493948182405113, 2.5419283967834594, 2.3339340766082564, 3.9687419520933442, 2.239893952232895, 2.1471455130032275, 2.256391164393969, 2.5127281407914484, 3.367900703882908, 2.0994745216129154, 2.9641124136514407, 2.6136294964266207, 2.430484118466124, 2.1438846762966337, 3.4958224703941694, 2.3666991766020145, 3.43412743164446, 2.1686549080952666, 2.3915508323811228, 2.1657201794189676, 2.573577720446531, 2.2407545325089053, 2.072263014205031, 2.361503779645805, 2.260948577094502, 2.147684083748113, 2.289411751919625, 2.288060156130127, 2.506544209417295, 2.2201007042975887, 2.148171471905764, 2.2393830507778967, 2.1885762258621506, 3.977743355994873, 2.176068225551019, 3.9895817479476867, 2.3449250657800347, 2.506184508648765, 2.6321984538148095, 2.1208203353463135, 2.802426469778744, 2.5563138316432665, 2.267512631217394, 2.1445308740431264, 2.0975236867407836, 2.323437498531318, 2.3397035235868104, 2.145122168946694, 2.5534395513890633, 2.4312070969417925, 2.4753913833848027, 2.213260708624012, 2.4947188516633405, 2.519719758580501, 2.541558582945006, 2.2876174474919364, 2.382498818595564, 2.6129842780644235, 2.222146488801825, 2.296006998898034, 2.2246677532517185, 2.982395764370785, 2.2672222126077934, 2.4722358016355637, 2.910734124525521, 2.3622803471333467, 2.176103429191937, 2.617917193533685, 2.9046024398298096, 2.4134040427607237, 2.3336972669506335, 2.077937892967838, 3.103225213821611, 2.148096072938476, 2.436268931786614, 2.721956627781499, 3.7249053196811266, 2.448184842502158, 2.0702876012018447, 2.3622388964953926, 2.7976327778270225, 2.4830687507503084, 2.6250971207697846, 2.338239665643896, 2.2676640497722866, 2.0316288160118714, 2.2895582194156576, 2.1200974290004586, 4.142333508919386, 2.6975584374895045, 3.0472208878953406, 2.1695318474171064, 2.7840273666160558, 2.0994039511574467, 3.7093934796507186, 2.3118051180379804, 2.266002161646592, 2.0283649291473376, 3.248939746228642, 2.21671919961285, 2.21084470575198, 2.1224367011862424, 2.3211733978093183, 2.6775313046253415, 2.8134657579681885, 2.2671588128963203, 2.244544152373768, 2.2421410636536687, 2.4121606676632075, 4.274994571793904, 2.4297418718734334, 2.5774067580037157, 2.6507748631779444, 2.6422904056797383, 2.0272655650782876, 2.2662971432781887, 2.185142136136835, 2.267740303720794, 2.311721456563047, 2.481663499413532, 2.269002633371225, 2.27500201588215, 2.4800617307580315, 2.5336097883247293, 2.3612358137774083, 2.3152853482478504, 2.3648544069291906, 2.5912662226735748, 2.314547089822202, 2.6596183652787286, 2.361787944421869, 2.0960361410545185, 2.367554668180044, 2.9764691604763365, 2.171637110001179, 2.3334676581398295, 2.7233032781851305, 2.097737475579927, 2.223572055117869, 2.0966191569579626, 3.395534122439427, 2.124275709641806, 3.080341260201427, 3.3330930350434294, 2.0265442027254092, 2.362167946887923, 2.437542739428014, 2.2465787631145293, 2.458747091123316, 2.143723235794223, 2.634085020832957, 2.239535104024056, 2.639700639500793, 2.6967137206075766, 2.337623969476806, 2.1947384885836314, 2.4789998400579623, 2.291826011844263, 2.5627494544792953, 2.491358638247871, 2.429163135614254, 2.552980521533056, 2.177721174372225, 2.720475895279489, 2.049970205260078, 2.4515562516305804, 2.299603835388794, 2.2162690358268344, 2.0302033029116346, 2.1702850185599334, 2.310093707244563, 2.3460068490421206, 2.4558121501730006, 2.6087872451936196, 2.36630889652986, 2.439679048206211, 2.1528737261075683, 2.45261996093407, 2.1950271453318306, 2.636815843694553, 2.4215821193866844, 2.848577173000293, 2.732539976247671, 2.8947482306422883, 2.1670622489126945, 2.481178107399598, 2.109578078372003, 2.3347315482757147, 3.625696101713268, 2.054889674280916, 2.2048544859297903, 2.3149496130059943, 2.537225620236856, 2.5580013158636743, 2.19142819574472, 3.8037053238577885, 2.510335881141796, 2.465048215728911, 2.261758709638985, 2.1633706075023422, 2.311390514426525, 2.175667947961176, 2.9408109691837363, 2.3879348701429097, 2.4368348384007277, 2.7034714598135317, 2.2139689389565333, 2.5549032103775597, 2.270249058626682, 2.5784281416693413, 2.1868531243965608, 2.4322423544782894, 2.4113634870986704, 2.051613804653045, 2.1318807513109483, 2.1215122854619106, 2.143891430217787, 2.2419462727898614, 2.786101947580314, 2.237712833609151, 2.1678381382865486, 2.251159840208537, 2.5515571891852584, 2.639219485598759, 2.26067328914909, 2.562178419035235, 2.2963168077973974, 2.361844102418072, 2.815456658833119, 2.316416956843698, 2.1733105738607534, 2.3157670553339917, 2.238922464635413, 2.451881169107247, 2.5173993396575396, 2.7282160342857074, 2.8307693856695195, 2.0775686059886382, 2.2067015555170535, 2.5060265351271362, 2.4949458041046486, 3.6595024315355293, 2.189641674665408, 2.5601015050001514, 2.237000005952834, 2.6262419854537535, 2.311989870461792, 2.050599409269475, 2.4046073518544455, 2.098806991674847, 2.321291222362986, 2.4165963640443664, 2.860344760176332, 2.77357085511123, 2.5738865846377004, 2.096686478301073, 2.5108909943419633, 4.161592820103078, 2.332182234436422, 2.4132193658357664, 3.5080996327434835, 2.3280642311402078, 2.738790259049696, 2.050180388374635, 2.822364557819891, 2.5635363895548955, 2.423592613642053, 4.283167540729291, 3.0197824592536544, 2.1713700033129792, 2.3320294963774826, 2.2901721914707736, 2.3872793540185135, 2.683026557627739, 2.4968755157699003, 2.509429077353349, 2.414258211171086, 2.1224325616861806, 2.3224684197800034, 2.8055651034386755, 2.182388061385178, 2.269869313963116, 3.111197139296779, 2.621354141240201, 2.508055562676708, 2.265942235614993, 2.0308560367108566, 3.359974304831919, 2.146972525474328, 2.1940511137049445, 2.2686447543004093, 2.7059832971109645, 2.7919724854291603, 2.335355959179777, 2.4578971864000967, 2.1697070136302488, 2.407268197834506, 2.519908492550849, 2.205378702893184, 2.303377563073597, 2.0981333425068915, 2.2690965157480947, 2.4200984255451865, 2.3869392869426838, 2.6035681006737468, 2.091730505423578, 2.279655733046733, 2.4439704457453026, 2.5632523346449476, 2.4804708620457805, 3.782405174365829, 2.5318573882433055, 2.3121898736753055, 2.051990499158671, 2.357813536568404, 2.2196329407906026, 2.5424115189907446, 2.213447639732067, 2.0981701622705993, 2.4104560651114344, 2.7185878377210644, 2.1870435337906553, 3.721049375823943, 2.264185562509811, 2.5711495169427376, 2.623757883565573, 2.0747086471827685, 2.5682666143122272, 2.265226537841147, 2.5189591799112474, 2.0290889059213075, 4.340916406927379, 2.1708181425942112, 2.2252566992240173, 2.049521396306007, 3.6787405093714782, 2.189459100925839, 2.507551327015198, 2.6173303128192087, 2.2140619498597056, 2.597805914519496, 2.4899797357494236, 2.425094671847573, 2.392772969503763, 2.119221398980329, 2.482474623557225, 2.0274860479236856, 4.089287705922964, 2.311012076973505, 2.0758356805417053, 2.8691356274453694, 2.535661337045934, 2.1465901663896703, 2.218645762467593, 2.4136147215270283, 2.303083730777607, 2.2819163891117284, 2.096911476468483, 2.7441348369091685, 2.594011059113358, 3.3696794762689772, 2.414036950533334, 2.713451371749617, 2.3378594852434813, 2.5284691573187077, 2.264690145780505, 2.2929750499140544, 2.1251025392260554, 2.4355404820919233, 2.2735030811229224, 2.1914536863503637, 2.1745420039443606, 3.044929037870144, 2.417609016480543, 2.2646591919717753, 2.357898723122308, 3.887288637472057, 2.1348763507270405, 2.181835916262581, 2.2906532261162216, 2.88845181204046, 2.027242688893735, 2.8201963773618695, 2.1471298264766774, 2.907319029249329, 2.8590554148412872, 3.2166864969503868, 2.5036910045325786, 2.132830935424247, 2.319012517599159, 2.3694230720061107, 2.2501184669683654, 2.4612029040020973, 2.2573214691862633, 2.8395468163164055, 2.1002571239070305, 2.46170138695691, 2.5826494390285055, 2.4815077234901532, 2.289396561044822, 2.6571389306187903, 2.433478575324288, 2.2682263681754216, 2.6200960901293504, 2.537591791602663, 2.2294191353852892]"
0.1,5000,2217442.3221858246,2217442.3221858246,0.027752161026000977,504.3798862406396,"[2, 3, 3, 1, 3, 2, 1, 2, 3, 5, 3, 4, 3, 2, 2, 3, 2, 2, 3, 2, 3, 4, 2, 3, 2, 1, 3, 2, 2, 4, 3, 2, 2, 4, 3, 1, 2, 3, 3, 2, 3, 3, 2, 1, 3, 3, 5, 3, 3, 3, 4, 2, 3, 2, 3, 4, 2, 2, 3, 1, 1, 1, 3, 1, 1, 4, 3, 4, 4, 1, 2, 2, 2, 1, 2, 2, 3, 2, 1, 3, 3, 4, 1, 1, 3, 2, 2, 2, 3, 3, 2, 4, 3, 3, 2, 4, 2, 1, 1, 2, 2, 3, 1, 3, 2, 2, 2, 2, 2, 2, 3, 3, 3, 1, 3, 4, 1, 2, 3, 3, 2, 4, 4, 3, 2, 1, 2, 4, 3, 2, 2, 5, 3, 3, 4, 3, 2, 2, 3, 3, 3, 2, 3, 4, 4, 3, 4, 2, 3, 1, 2, 3, 3, 2, 3, 3, 3, 2, 3, 2, 3, 3, 2, 3, 2, 5, 2, 3, 2, 4, 3, 4, 3, 2, 2, 3, 3, 2, 4, 3, 2, 3, 4, 1, 2, 5, 2, 1, 4, 2, 2, 3, 2, 4, 2, 1, 2, 1, 4, 2, 5, 2, 4, 1, 2, 2, 5, 2, 3, 5, 3, 2, 4, 2, 2, 4, 2, 3, 3, 2, 2, 2, 3, 4, 2, 5, 2, 3, 1, 3, 3, 3, 2, 3, 1, 2, 3, 3, 2, 1, 1, 1, 5, 1, 1, 2, 2, 2, 3, 1, 3, 4, 3, 2, 4, 3, 2, 3, 3, 2, 2, 3, 2, 2, 2, 3, 2, 5, 2, 3, 2, 2, 3, 2, 3, 3, 2, 2, 4, 3, 3, 3, 2, 4, 2, 1, 2, 3, 3, 2, 2, 3, 2, 4, 2, 1, 3, 2, 1, 2, 3, 3, 2, 2, 3, 3, 2, 5, 2, 2, 3, 2, 3, 2, 2, 4, 1, 3, 2, 2, 5, 3, 2, 3, 1, 2, 2, 3, 2, 3, 4, 3, 3, 3, 2, 3, 2, 2, 1, 4, 3, 2, 3, 3, 2, 2, 2, 2, 2, 3, 2, 1, 3, 3, 3, 2, 2, 3, 3, 3, 2, 3, 2, 1, 4, 4, 2, 2, 2, 3, 3, 1, 3, 4, 2, 2, 2, 2, 3, 3, 2, 5, 2, 3, 2, 4, 2, 3, 2, 3, 2, 3, 3, 2, 2, 3, 4, 2, 3, 3, 5, 2, 3, 3, 2, 2, 2, 2, 4, 2, 3, 2, 2, 2, 2, 2, 2, 5, 1, 3, 2, 2, 3, 3, 1, 2, 3, 1, 2, 3, 3, 3, 2, 3, 3, 3, 3, 3, 3, 2, 2, 4, 4, 3, 1, 3, 2, 3, 3, 2, 2, 3, 1, 2, 2, 3, 2, 2, 3, 2, 4, 1, 2, 2, 2, 3, 1, 3, 2, 1, 3, 3, 2, 3, 2, 1, 2, 1, 2, 3, 3, 2, 4, 2, 2, 4, 3, 2, 1, 3, 2, 2, 3, 3, 3, 4, 2, 3, 3, 2, 3, 1, 3, 3, 3, 2, 3, 2, 3, 2, 2, 3, 4, 2, 2, 2, 2, 3, 3, 2, 4, 2, 3, 2, 3, 2, 4, 4, 2, 2, 3, 3, 4, 2, 3, 4, 3, 2, 2, 1, 2, 1, 3, 2, 3, 2, 2, 1, 2, 3, 3, 3, 4, 2, 3, 3, 3, 3, 3, 2, 2, 2, 3, 3, 2, 1, 1, 3, 1, 3, 2, 2, 4, 2, 3, 3, 2, 4, 3, 4, 3, 3, 2, 2, 2, 5, 4, 2, 2, 2, 1, 2, 2, 2, 3, 4, 3, 3, 2, 2, 2, 2, 2, 1, 2, 2, 2, 2, 3, 3, 3, 2, 2, 3, 3, 3, 2, 4, 3, 3, 3, 3, 2, 1, 2, 4, 2, 2, 2, 3, 2, 2, 2, 2, 4, 1, 2, 2, 1, 2, 2, 1, 2, 3, 1, 1, 2, 4, 2, 3, 1, 1, 2, 2, 3, 3, 4, 2, 5, 3, 3, 2, 3, 3, 1, 3, 2, 2, 4, 4, 4, 3, 3, 3, 3, 3, 3, 3, 3, 3, 3, 2, 2, 4, 3, 3, 2, 2, 3, 4, 2, 2, 2, 2, 2, 3, 2, 3, 1, 1, 2, 5, 1, 3, 4, 2, 2, 3, 3, 4, 3, 4, 3, 3, 3, 3, 5, 2, 2, 4, 1, 2, 2, 1, 2, 2, 3, 3, 3, 3, 3, 3, 2, 3, 3, 2, 3, 1, 4, 2, 4, 2, 1, 3, 1, 4, 3, 2, 2, 3, 4, 4, 2, 3, 4, 1, 2, 2, 3, 4, 2, 2, 3, 2, 2, 3, 2, 2, 3, 2, 2, 2, 4, 3, 2, 3, 3, 4, 1, 3, 3, 3, 3, 2, 2, 4, 3, 1, 2, 4, 2, 1, 2, 3, 1, 3, 2, 2, 1, 2, 4, 1, 4, 2, 2, 3, 2, 3, 3, 2, 3, 2, 3, 4, 2, 2, 2, 3, 2, 1, 4, 4, 1, 3, 2, 2, 2, 3, 3, 3, 3, 2, 2, 4, 3, 2, 2, 3, 2, 1, 3, 3, 2, 2, 3, 3, 2, 4, 2, 2, 2, 3, 2, 3, 2, 2, 2, 3, 2, 2, 4, 2, 3, 2, 1, 3, 5, 2, 3, 3, 2, 4, 3, 4, 2, 2, 2, 3, 2, 2, 3, 1, 2, 2, 3, 2, 1, 3, 2, 1, 2, 2, 3, 1, 2, 3, 3, 2, 3, 2, 2, 2, 2, 2, 2, 4, 3, 3, 3, 2, 3, 3, 2, 2, 3, 5, 2, 2, 3, 2, 2, 2, 2, 3, 2, 5, 3, 3, 2, 4, 4, 2, 2, 2, 3, 2, 2, 3, 2, 3, 2, 1, 3, 1, 2, 4, 2, 3, 2, 3, 2, 2, 3, 3, 2, 2, 2, 3, 1, 1, 2, 3, 3, 1, 3, 3, 3, 2, 2, 3, 3, 3, 3, 3, 1, 3, 2, 3, 4, 3, 1, 4, 3, 2, 1, 2, 4, 3, 2, 2, 4, 3, 2, 2, 3, 2, 3, 3, 2, 2]","[177.19841422256863, -351.9004819916287, -426.7191741193707, -500.6619642306399, -1950.0575764477965, 20.889310045271685, -1143.7405112937206, 1053.2323669826076, 2754.8515028358993, -370.6079441509213, 1048.964730618715, -3193.504090997635, 234.50021427490654, -1165.1727920443238, -795.8590301201729, 26.823957502378846, 689.2719927762222, 1473.5798005885385, 270.8867980681546, -412.59226942316616, -1563.164419138897, -1940.9617250163294, 1304.2998099728493, -1459.1276111509083, 3282.5495273598976, 215.23556164287098, -2153.355606393473, 121.52438016673014, 3119.612544498707, -1369.1150484480183, -1526.6523392261838, -1960.7637833403915, 1207.8241213786964, -2554.7244990108884, 658.5242481172756, 3389.120994755451, -1256.6829144587628, 540.173343978313, 474.0160083448329, -1356.5005183843552, -4096.359376307245, 1086.117972756079, 2593.9412155257555, -408.08485198681706, -1988.3387102580164, -1793.6989885871499, 4522.663848886454, 131.28970282736398, -428.32301117475174, 244.24875714279486, -4553.100553639467, -1585.7595492092908, -862.5350941938915, 19.740176667739348, 3965.3895860551834, -2329.256364400822, -1306.892465767718, 562.7170569603916, 1898.5469154708871, -314.2764662108507, 225.84936584440428, 1313.2684994997953, 1276.3955871437242, 815.7884727070827, -794.980205778849, -829.1638773179274, 82.0496164552101, -1412.8872097724254, 840.8089981971739, 862.681837221688, -318.6403109838284, 656.1378716339626, 79.13341551688674, -359.3820832784585, 1441.8395723900514, 1409.121220303678, 1079.6812396682076, -785.5605545441656, -44.266014905660995, 962.7721516248921, -1327.4099926788745, -208.84348690502938, -83.5398943629236, -23.484603256502368, 557.6892760412557, -928.8664477509018, -1277.4137714571043, 1140.2623016353218, -2.4416882360020224, 830.4498976876753, 778.5263696487109, -2772.8796046759676, -259.1183958105744, -514.5254395201617, -397.70798745377493, -734.833313167708, 1795.0512477128057, -1514.6570986775919, -1996.5414638890288, -75.33272066306185, -1250.8138036653656, 1548.899718978199, 713.4946762738277, -1708.1456587285231, 559.4246492621176, -374.0094487338829, -203.10152533316912, 1282.192972950164, -2236.972695168156, -1588.6251988903336, 43.441318635160115, -1603.9166429256125, 519.5385008792932, 700.8556253204376, 1426.4983804039534, -1512.1487618752199, 699.4062274625936, -613.2543267125137, 1257.5507645941236, 1604.9412964674218, 967.8786888097691, -644.523112637707, -716.4980835529956, -361.08479811385405, -319.7075536988673, 1319.6772924400805, -908.2694965988874, 1812.6688377091969, 1057.3851987214948, -586.201915420971, -974.35928027214, -573.5858583286237, 1488.919975424847, -20.021705740595138, -1523.583390017668, -206.9681525324314, 980.7964844173794, -1189.7829097230363, 315.36480515500546, 3097.6049236049416, 2214.7617665580037, 338.7357484835642, 2881.9172155243095, -1752.188920786985, 1769.5896458187285, -49.99334274314404, 1545.2098378948162, -436.36472961314826, 1123.0999595731118, 836.6383387398314, 1577.551384507066, -402.473310239861, -3498.8139861705, 2037.2357992904012, -2429.846248874335, 343.42693383673657, -1386.8255882253472, 356.0079080738035, -808.1840357655316, -1105.219362555579, -2531.9629939670867, -1956.3913771912935, 1278.098721626172, 2221.4555961350225, 1615.8998244468287, -2226.048356579611, -608.2932011800624, -1656.4876778405896, 1333.565174196278, -217.29945879546202, -1133.372869649727, -3210.535760275401, 2791.4970821345432, 737.9167785724235, -201.81249167717235, -1220.2996086391302, 2034.408291688644, -1089.133455092046, -825.2674172376085, 1535.5262092674172, -1248.0240876822775, -2750.372206146972, -1018.2248063678128, 1845.0415953876786, -263.5821123970902, -4085.5231153565132, 598.5935278320835, -331.36980929697484, 130.44108527385995, 966.3116686320018, 278.91948031715015, 945.7857437278103, -1630.7376343040128, 1225.4667910885182, 510.1323510768717, -1542.1392767451334, -736.9043699326871, -18.509399083052898, -767.2966218652132, -952.9750933376354, -3132.254529674053, -617.577343045034, -1492.8461336839027, 1133.504525793304, -1207.6920551397934, 57.389018562244445, -2562.0965489563573, 1068.7547119667793, -656.7174105221175, -996.94448128212, 283.6538456367073, 779.3581643549538, 984.5638627982198, -1627.9745603485371, -2204.0165809622818, -2154.6238595720247, -711.342415327488, 111.18557249049232, -2192.507915756354, 653.0121754531616, 582.3073841037776, 514.4956952080262, -367.6512759965434, -878.1066889433421, -439.53722706508813, -3219.8468816422433, 15.501481262423908, -550.3190703605588, -666.9766647104565, -366.879050540966, -186.65935536105468, -1460.6707199169064, -1736.6365641175382, 32.86452639227551, -807.4909937294882, 450.5699002145541, -1835.8143235872983, -2628.0396908537186, 1045.4251791387728, 534.6794728774352, -1026.869595437697, 99.47879665956955, -4078.8961550366353, 283.3168602644249, -2513.893354619904, 715.6967036143965, -967.2776648413372, 1463.5488418462007, 193.9850227898859, -1753.4044932515899, 1244.6539959398008, 860.6256991001992, -1644.973427023809, 1649.5294232495535, -1300.4877940933739, -4196.127723035327, -1701.0313240389828, 887.4291433259395, -1181.389071673273, 234.59043861686885, 542.0727635790474, 237.15385900783045, 882.79997699099, -236.3317369940398, 444.90230225744824, -453.03239399042354, 1726.438268999394, -1900.6113601481338, -1993.7167782837864, 133.65909367311136, 468.1396329884594, 1109.8845249263316, -148.7819136307224, 30.165172883249596, 2914.8302581240564, 16.71328594926041, -481.65623694689964, 965.2649285193797, -1598.8975040468654, 240.99633633488716, 491.2128046587802, -663.4671486248367, 1303.137160035691, 3168.2062168203875, -5996.305474441051, -4425.961451128201, 223.35400632189842, 813.3377776344191, 1263.3758357370107, 560.3999197708174, 1302.3727489863397, 1227.256898643126, 475.158014080053, 1690.4169762305041, 205.90206417125185, -1294.2731996474201, 676.9049298522614, 2435.777820583226, -741.7704294880747, 2416.172521853943, -692.7388036193437, -1790.6111613115972, -2500.2994930209934, 687.6705183467177, 967.5200537457006, 897.9357157580964, -1679.786098326156, -972.4206468536572, -591.9591524958973, 1428.941755506643, -1767.6145195673034, -256.50500629631347, -1084.1852981951704, 1134.3817920266474, 669.053378103727, -2432.1019236872885, 725.1519426143675, 1171.366033508693, -1356.9650594385707, 386.74152548373104, -5643.005488533079, -1083.8817511362709, -153.4789984004315, 919.5899421890772, -560.6036346503707, -1755.9049131588065, 141.14244192816105, -1706.4838990623598, 924.6641893146186, 902.1160153286689, 126.79849624205289, 683.7973770433047, 397.2696998743004, -121.68814999899828, 1060.459814420652, -355.6881402193703, -174.84809869210946, -1235.263576715488, 478.66807775293546, 426.3738790600719, 1038.9060434854132, 387.71964937161647, 2464.284684771799, -1392.205906614534, 54.21183392459281, 686.2421711512086, 1807.378630450356, -1288.5584071448102, -629.1186509315072, -2786.7087897376246, -2535.712178862704, 2912.4657368620715, -510.2957381577911, 893.0824115612331, 498.69361552242935, -1369.336959655563, -14.3758346873461, -1642.6767983269444, -173.6220655198574, 679.12464247759, 2471.5416596039977, 931.5533960735306, -1703.3715154535814, 2544.602916987816, 2332.2199383897223, 957.7206676570727, 979.5759420406748, -1380.1156474854638, -359.11447963361104, 553.6838359443045, -1999.1837691999908, 410.59051469230417, -412.79687379570396, 177.5375293144198, 857.6772296294862, -700.2706423577702, 93.92237247036488, 357.66001898307036, 555.4219745217389, 2561.7583651892924, 696.8789963163689, -5118.362631419835, 547.7625145492506, -15.99192035361537, 178.18717142303333, -2278.361027015607, -4292.441721985191, -2482.2622495119085, 2199.211192541045, 685.4802725727753, -2019.6877450786887, -1760.3751429003164, 2715.1214878450824, 488.3870440252433, -1024.744854037358, 1044.0937657952973, -4100.107119658937, -2547.6092625431434, 605.7665919062891, -445.5625754816549, 794.3760933947252, -1405.5562704162444, -1373.5920812408622, 472.8453206683761, 710.053368741113, 1120.6536178796198, 912.4276366881736, 1349.5418453577024, -1190.4277145392427, 2515.414346643854, -530.3758047934721, 616.029464976512, 4063.8766445878305, -134.4576238668296, -1513.0589616150182, -57.36522252868477, 1042.9175718806496, -3593.8924834697714, -1958.0898759454428, -863.7117126290831, 180.32971471390968, 1547.8367784415354, -92.99879408785941, -22.828006110508653, 237.53156690531605, -421.3042882668301, -3802.105293385341, -1248.0639819173066, -711.380488461109, 725.8520787690475, 1310.3437949684617, 373.8068402652956, -286.8655106431295, 1655.848757350574, -694.0535301281623, -553.181380492569, 1478.9107602404436, 57.87755316055009, 113.04185736145988, 154.25413106838064, -1823.2566032612626, 481.30218816230933, -393.35498459785515, 1875.7536677142434, -31.40464628432943, 3275.492839279218, -1590.4150760569, -309.59744517565383, 1310.5700118218042, 1550.4399398921787, -2389.211120061906, 1564.6064293819313, -1029.4371113286636, -159.3155268557551, -1396.364862032599, -1723.9568705265576, 1718.6109135711176, -243.95024058586054, 1045.036209346674, -729.3340753092906, -3417.9955554386315, -365.13075526844926, -873.6581623966414, -2293.4166744489185, -710.1409267540105, -450.7669834147607, -689.8280934765683, 409.29896856538926, -850.8704922467242, 949.7286959580601, -863.3121344448878, 989.1728926280239, -386.8583358380188, 37.374006481254156, -885.0575116536168, -4947.764636321713, -1934.2687449935283, -824.2364529545973, -1288.1774880378962, 1278.763965748029, -696.7424896931052, 1315.5717672462551, -2261.200105506834, -1337.8536134982096, 35.41604214989255, 1355.0946386898027, 959.774459429502, -5004.28037594819, -750.0989693351878, -1429.717873003257, -588.5003815586673, -767.8691710178952, -2828.992080472803, 646.7556258730622, -14.328109706667618, 27.13327098148605, -1263.5271093234899, -2570.76759669076, -1293.3320123109536, 471.8461104338878, -1638.195843851087, -1553.4601506111565, -1200.5334719392713, -712.0603650433017, 787.9824116928646, -1118.3420320754594, 1345.172244928302, -57.24058577806599, -2270.7351499729225, -1168.2018349799841, 43.764176999192074, -1813.1812209119162, -1824.5477795194847, 701.3061409067988, -1940.5800056709827, 664.6881965317415, 1295.9055977527967, -43.56825430123459, -2046.6786022356782, -13.551808180669667, 791.7740349615113, -1383.8719494599038, -525.4243892684491, -1207.5747595714404, -840.0323593823291, -1724.5250309930611, -2240.4791609148283, -1212.3935211628257, 500.0956960714266, -1704.351683860063, 1450.5960800838589, 1690.666149403405, 872.1839750948889, -1186.12903023621, 104.19492409145917, 530.0023523789152, 1046.2373151688025, 159.33428621365172, 1283.118729666884, -1015.3218977264743, -1965.4219131315303, 2400.8882807323384, 471.6214172156929, 109.4480667966881, -1618.3620604167932, -551.8150642905032, 1405.4344574603556, 1348.3289579689474, 347.2325653263788, 1164.1803242928136, -481.40581519161503, -334.00786714401954, 1383.8249743544934, 457.8133495066727, 2068.21332772349, -1394.6782269773967, -650.8712560482787, 2140.9385408374224, 367.848653383983, -1551.3036905210533, -369.571499458886, 613.8747441810052, 1931.013763100057, -733.514765304836, -760.4627345327855, 1041.4086287964667, 904.1409138020094, -1843.4598174852476, -986.7983195267743, 1044.246870947199, -628.8391258046028, -1279.8907651517325, 2168.6446303436437, 2081.226491401529, 1348.0899350289405, 1448.2429576371514, -2882.2424350200013, 670.8638327086678, -1319.773143837589, -1128.6907536841225, -1990.7429470134184, -644.6283171353464, -79.76093719162492, -993.290991008207, 201.82283054442118, -5688.085029996516, -4070.5785318736466, -128.30896820291343, 1120.8420206166813, -85.34155309611626, 1637.6433845302372, 1931.2990812517432, 5.9175263512524054, 247.88478189269753, -2261.8753570506283, 9.576380114381237, -144.19573838040898, -622.7996995818357, 2274.0998580086666, -734.5659242748728, -3606.7328811375937, -860.268138456135, -466.04147850788104, 945.5229536669467, 29.79108265621258, -1070.304055488568, 1009.7788445474498, -2074.4788626873587, -2021.9376225867727, -648.4229077025598, -148.09202680432847, -227.93511353946585, 787.8100124200827, -1907.8108825665804, -244.89965666286943, -2662.7388824293575, -24.51261752890315, 1141.1839435071922, -1755.9280365702652, 2721.0302531903576, -4.089247668786328, -1268.7190369508348, -2478.4276816066786, 2102.8342318818654, 276.5847117231003, -2046.1738906190037, 1510.6138967708316, 345.91119976796506, -1652.0407247080198, -447.41332220096217, 293.2828954824438, 663.8631032631754, -145.4787194223882, -511.18342174089, 2651.1830208368415, -258.07567982879743, -892.3782826434947, -56.510594507619544, -538.764108993795, 776.62417661901, 1561.4361653088272, 1344.6982006815206, -528.8744225158115, -3343.413614360534, 639.8268525166177, 174.07122887945255, 119.17434683339914, 2087.5356899982494, -1060.091640134362, 589.8859432884767, -2008.9724859827777, -892.9864905425081, -1309.7881305603614, 508.1341613947076, -765.3559880785303, 1044.7473317064193, -128.1887066213146, -858.5941723255402, -4408.577564332978, 664.1076312299377, -19.84613401068097, -354.75253419216006, 725.4887316726702, 184.8541617504005, -109.83074798430104, -1920.5300725353866, -848.6435375560317, -226.89640040235687, 1316.6395729911992, -177.45220713544157, -1663.7020357363087, -1634.9591751637427, 2129.9215146493266, -547.4118086142302, -1385.076217924536, 1052.7642307555557, -1669.4629486635645, 397.752044937924, 546.2520893577222, 2144.209382261551, 191.05326412577986, -706.7983806584352, 1938.8455967790633, 2151.8950515948277, 434.3201303111375, -281.0605485875244, 1965.519963869824, 345.99262086793124, 1454.9535506681163, -649.0254349751197, -1466.0870949317616, 1121.4702871901159, 1163.4935905161003, 2710.5186130771276, -1430.4568918188145, -1253.0968004088863, -94.06605466841117, -791.5096997230455, -22.617963280768635, 374.64969377470425, -95.87188989575608, 1393.518243431286, 303.11608821058496, 1625.496896512199, -1929.8817309385954, 419.8176280295654, -554.7224263025621, -202.42580762038463, -839.1526960502765, 1052.8683245406323, -2763.264136296828, 3154.1148478664036, 1753.1607438221822, -570.9949821027061, -1657.5131439578047, 1344.9621509716517, -183.4208544204018, -53.471555747981796, -1022.1534741533414, -701.5088484290573, -159.20879565431622, -1649.1805680046264, -1702.4706860869849, 619.6078550927737, -375.7799853315164, 373.32250240276767, -910.7255990494573, -2086.5284469507137, 1947.3973350951387, 745.8739132683497, -668.5158386067857, -1050.5183917615223, 853.4227390490912, 874.7427501432196, 705.1301154853136, 1540.8827020385886, -2557.680329957244, -75.88776141537912, 1973.3522461556831, -538.7480205699358, -2633.6660090101404, -787.8205303240593, -1818.0368022492714, 2004.6563779921912, 94.11157639439242, -3579.061310527178, 785.3362299355068, 1122.170549501675, -1468.8339124634176, -621.5732836582346, 130.34427109563168, -639.7824122811197, -941.51727290067, 618.7066429748284, -3049.2656930525814, -359.2464898572267, 1290.8774340823115, -259.33022476022455, -561.6045561688111, -1624.716756705945, 1955.7730310494912, 596.4231847817076, -727.6211099126645, -326.46316413704835, -1317.6390349317799, 1788.495403142696, -54.8130640323364, 1408.3762458089027, 1186.92762358958, -1788.9286140606428, -1654.9990284238415, 1884.3818007203972, 600.4857315738815, -2294.308906418338, 133.62161925366306, -1822.1148790409954, -940.2802236644893, 463.00034637360864, -1029.487395228313, 688.3016909681867, -438.8260068714808, -846.193600931096, 1386.5121755535527, -1914.725046846852, 1311.444808638746, -3247.5696838527615, 323.0821157239586, -1531.9975855453847, 258.3563804011036, 1418.0158932829509, 2720.9649057856573, 1115.9762349026223, 665.9872303133121, -1591.1773573866824, 66.66035242135243, -2078.187277901955, 198.89439610168816, 257.2244107171182, -2415.6770257411845, -1631.0792889693662, -391.11945930919546, -405.66060084445496, -1763.5619169009244, -901.7437994232819, 3375.648374358347, 2649.077314402926, -1053.346700550245, 433.87353018699423, 702.1956619307292, -401.8207729089804, -502.55869875552435, 2126.968222042904, -734.8809024397814, 105.82621550246463, 38.00906964383458, 311.2982988760551, 772.421513888923, 1280.9534112430656, 610.9360271270793, 704.3327750308081, 36.544013531575246, 1086.4312925472768, 1022.9154610377932, 1228.2547019215062, -1907.9246540683544, -889.1329894778992, 1727.317253571659, 1664.116419063263, 1638.294174892898, 1828.4240315413358, 1468.714506535849, -549.3320601283139, -542.6144871394858, -2116.407780316496, -831.2774731665288, -1242.1307138050583, -697.5047710228873, -1692.2205760489105, 833.1158137913785, 1423.9982420116894, 1108.5195609659163, 173.79931716593697, -617.5225648807402, 1264.6493708721482, 1563.0241112034853, 34.61063685350442, -932.084066028556, 890.0123830228258, 657.6175626920343, 438.916976415515, 399.6687230475105, -732.8197910126563, 1135.1585904117676, 2242.1414636413974, 1218.7716403491447, 1191.0783138750712, -461.1482153693132, 705.9685655799503, -451.80876437906863, -1365.618139139693, -1358.8026107735598, 1122.3711165567122, 2137.5569465310064, 1582.0537843718275, -96.80191310658373, -1071.4498763570457, -4214.128531206088, 240.5834206581866, 601.435028926242, -1335.5229477737892, 718.0323939653742, -1449.9699477789832, 1493.1352446175738, -2067.08505661533, 2446.3373512270973, -1735.5850223961525, 308.60626381028965, 1305.3447126446401, -382.6144785702031, -2370.6624191371234, -620.233629799292, 1796.2908094199042, -879.6838517214763, -213.61090899805535, -2586.0988590388874, -1398.748106307546, 948.3371631218995, 623.6332280845276, -2003.3971664790536, 1748.1333385994258, 1449.558449648668, -160.56436963378246, 1384.640357615007, 883.5761696069676, -1669.8461353813773, 941.7968713636067, 395.87473408433516, -917.5575582276734, 1989.2453048482703, -476.1013138952302, -1849.122461807071, -285.7391868713722, -732.756610553731, 32.29019798126666, -1102.0423773005593, -268.42955286168467, 1700.7472027863828, 994.1106082247034, 255.16607393039524, 1041.2422301766178, -2095.2051164889026, -556.3724031906636, 606.8587429412617, -1585.356078564785, 3222.0308671623548, -3862.606494384569, 1346.001528375062, -382.67472812259376, -147.01789331871728, -381.5500067247684, -750.7567267104487, 790.378601728514, 928.894792192292, 288.05844669367195, 179.07736747705044, -2041.1687279334228, -1589.9082122230443, -953.9665925843955, 1679.1199912786378, -1427.2861296006433, 2239.4971108170726, -1694.4226033894793, 1108.2075029437576, -1987.9807204300594, 2363.3461079545664, 511.6565309850872, 581.9981333495401, 855.2108692474376, 598.4498182480477, -441.2713747730745, 958.5510993578798, 1035.7887558200391, 1007.7416638656598, 27.93779975694011, 533.248698411981, -2967.4697122265184, -800.1707393214623, -3525.3856526528557, -1786.203070524394, -193.85459147854775, -2154.070309256064, -638.5758036882233, -1587.0486518109528, -463.1769804744217, -430.3335076496842, 675.3800533870135, -453.84376451775506, 1534.96009863287, -73.05438026672556, 1092.4681077541204, -1343.8995048803185, -3270.917020690176, -670.3978876991107, 926.1215236753646, 1042.5413448790741, 1145.0645952042664, -3096.0242665443557, -831.885539864791, 1749.5228471586158, 1483.3012863867348, -1172.816774040953, -1681.0854198440989, -2852.5418953573467, 87.18214434728466, -1956.7388232712228, 680.88628414918, -1438.6508852623467, 1636.4055697913586, -731.4759318362528, -77.69797755988373, 385.4533006883238, 832.7308585783992, -1542.3839889552605, -1465.8877118150397, 642.5135574165475, -921.235274993081, 2220.994696460303, 1338.9537266387424, -2402.3201198246793, -655.498052083728, -4036.0313694730835, 672.639430262908, 649.1852773383606, -842.8212686654194, -7.6080242469217865, -48.78435453979037, 924.3250742227674, 1705.8871115210786, 536.7520046474076, -1028.390789651658]"
0.25,5000,3010965.9241679087,3010965.9241679087,0.027383089065551758,585.9308727075102,"[2, 3, 3, 1, 3, 2, 1, 2, 3, 5, 3, 4, 3, 2, 2, 3, 2, 2, 3, 2, 3, 4, 2, 3, 2, 1, 3, 2, 2, 4, 3, 2, 2, 4, 3, 1, 2, 3, 3, 2, 3, 3, 2, 1, 3, 3, 5, 3, 3, 3, 4, 2, 3, 2, 3, 4, 2, 2, 3, 1, 1, 1, 3, 1, 1, 4, 3, 4, 4, 1, 2, 2, 2, 1, 2, 2, 3, 2, 1, 3, 3, 4, 1, 1, 3, 2, 2, 2, 3, 3, 2, 4, 3, 3, 2, 4, 2, 1, 1, 2, 2, 3, 1, 3, 2, 2, 2, 2, 2, 2, 3, 3, 3, 1, 3, 4, 1, 2, 3, 3, 2, 4, 4, 3, 2, 1, 2, 4, 3, 2, 2, 5, 3, 3, 4, 3, 2, 2, 3, 3, 3, 2, 3, 4, 4, 3, 4, 2, 3, 1, 2, 3, 3, 2, 3, 3, 3, 2, 3, 2, 3, 3, 2, 3, 2, 5, 2, 3, 2, 4, 3, 4, 3, 2, 2, 3, 3, 2, 4, 3, 2, 3, 4, 1, 2, 5, 2, 1, 4, 2, 2, 3, 2, 4, 2, 1, 2, 1, 4, 2, 5, 2, 4, 1, 2, 2, 5, 2, 3, 5, 3, 2, 4, 2, 2, 4, 2, 3, 3, 2, 2, 2, 3, 4, 2, 5, 2, 3, 1, 3, 3, 3, 2, 3, 1, 2, 3, 3, 2, 1, 1, 1, 5, 1, 1, 2, 2, 2, 3, 1, 3, 4, 3, 2, 4, 3, 2, 3, 3, 2, 2, 3, 2, 2, 2, 3, 2, 5, 2, 3, 2, 2, 3, 2, 3, 3, 2, 2, 4, 3, 3, 3, 2, 4, 2, 1, 2, 3, 3, 2, 2, 3, 2, 4, 2, 1, 3, 2, 1, 2, 3, 3, 2, 2, 3, 3, 2, 5, 2, 2, 3, 2, 3, 2, 2, 4, 1, 3, 2, 2, 5, 3, 2, 3, 1, 2, 2, 3, 2, 3, 4, 3, 3, 3, 2, 3, 2, 2, 1, 4, 3, 2, 3, 3, 2, 2, 2, 2, 2, 3, 2, 1, 3, 3, 3, 2, 2, 3, 3, 3, 2, 3, 2, 1, 4, 4, 2, 2, 2, 3, 3, 1, 3, 4, 2, 2, 2, 2, 3, 3, 2, 5, 2, 3, 2, 4, 2, 3, 2, 3, 2, 3, 3, 2, 2, 3, 4, 2, 3, 3, 5, 2, 3, 3, 2, 2, 2, 2, 4, 2, 3, 2, 2, 2, 2, 2, 2, 5, 1, 3, 2, 2, 3, 3, 1, 2, 3, 1, 2, 3, 3, 3, 2, 3, 3, 3, 3, 3, 3, 2, 2, 4, 4, 3, 1, 3, 2, 3, 3, 2, 2, 3, 1, 2, 2, 3, 2, 2, 3, 2, 4, 1, 2, 2, 2, 3, 1, 3, 2, 1, 3, 3, 2, 3, 2, 1, 2, 1, 2, 3, 3, 2, 4, 2, 2, 4, 3, 2, 1, 3, 2, 2, 3, 3, 3, 4, 2, 3, 3, 2, 3, 1, 3, 3, 3, 2, 3, 2, 3, 2, 2, 3, 4, 2, 2, 2, 2, 3, 3, 2, 4, 2, 3, 2, 3, 2, 4, 4, 2, 2, 3, 3, 4, 2, 3, 4, 3, 2, 2, 1, 2, 1, 3, 2, 3, 2, 2, 1, 2, 3, 3, 3, 4, 2, 3, 3, 3, 3, 3, 2, 2, 2, 3, 3, 2, 1, 1, 3, 1, 3, 2, 2, 4, 2, 3, 3, 2, 4, 3, 4, 3, 3, 2, 2, 2, 5, 4, 2, 2, 2, 1, 2, 2, 2, 3, 4, 3, 3, 2, 2, 2, 2, 2, 1, 2, 2, 2, 2, 3, 3, 3, 2, 2, 3, 3, 3, 2, 4, 3, 3, 3, 3, 2, 1, 2, 4, 2, 2, 2, 3, 2, 2, 2, 2, 4, 1, 2, 2, 1, 2, 2, 1, 2, 3, 1, 1, 2, 4, 2, 3, 1, 1, 2, 2, 3, 3, 4, 2, 5, 3, 3, 2, 3, 3, 1, 3, 2, 2, 4, 4, 4, 3, 3, 3, 3, 3, 3, 3, 3, 3, 3, 2, 2, 4, 3, 3, 2, 2, 3, 4, 2, 2, 2, 2, 2, 3, 2, 3, 1, 1, 2, 5, 1, 3, 4, 2, 2, 3, 3, 4, 3, 4, 3, 3, 3, 3, 5, 2, 2, 4, 1, 2, 2, 1, 2, 2, 3, 3, 3, 3, 3, 3, 2, 3, 3, 2, 3, 1, 4, 2, 4, 2, 1, 3, 1, 4, 3, 2, 2, 3, 4, 4, 2, 3, 4, 1, 2, 2, 3, 4, 2, 2, 3, 2, 2, 3, 2, 2, 3, 2, 2, 2, 4, 3, 2, 3, 3, 4, 1, 3, 3, 3, 3, 2, 2, 4, 3, 1, 2, 4, 2, 1, 2, 3, 1, 3, 2, 2, 1, 2, 4, 1, 4, 2, 2, 3, 2, 3, 3, 2, 3, 2, 3, 4, 2, 2, 2, 3, 2, 1, 4, 4, 1, 3, 2, 2, 2, 3, 3, 3, 3, 2, 2, 4, 3, 2, 2, 3, 2, 1, 3, 3, 2, 2, 3, 3, 2, 4, 2, 2, 2, 3, 2, 3, 2, 2, 2, 3, 2, 2, 4, 2, 3, 2, 1, 3, 5, 2, 3, 3, 2, 4, 3, 4, 2, 2, 2, 3, 2, 2, 3, 1, 2, 2, 3, 2, 1, 3, 2, 1, 2, 2, 3, 1, 2, 3, 3, 2, 3, 2, 2, 2, 2, 2, 2, 4, 3, 3, 3, 2, 3, 3, 2, 2, 3, 5, 2, 2, 3, 2, 2, 2, 2, 3, 2, 5, 3, 3, 2, 4, 4, 2, 2, 2, 3, 2, 2, 3, 2, 3, 2, 1, 3, 1, 2, 4, 2, 3, 2, 3, 2, 2, 3, 3, 2, 2, 2, 3, 1, 1, 2, 3, 3, 1, 3, 3, 3, 2, 2, 3, 3, 3, 3, 3, 1, 3, 2, 3, 4, 3, 1, 4, 3, 2, 1, 2, 4, 3, 2, 2, 4, 3, 2, 2, 3, 2, 3, 3, 2, 2]","[-140.8306584950201, 554.8389577724167, 395.24944518428885, 113.61223072364095, 1098.4674991912082, -116.690257847314, 571.8307194098613, -2094.9878279343907, -2868.8810628659257, 2595.899780377293, -1596.6102619447431, 5505.206583354585, 1006.7393168791182, 631.8307277404456, 802.6451662126444, -409.5469389970398, -1330.0652882299644, -975.5011486071185, -868.3206803399084, -356.17120714348357, 739.8149963965088, -1568.0876866123313, -1878.4070310183154, 1927.7718528347507, -2852.1102198068625, -806.902019577499, -3528.69254030672, -824.5600911973629, -2222.6021090709946, 1355.2792233874304, 1042.9898614295105, 1633.8279865754969, -1539.1145685653998, -357.30667450329673, -3884.8288806081623, -2951.0391373821917, 826.9025013067678, -1232.0671754386597, -401.90155475135185, 589.413386538427, 3604.5457992481115, -1207.8633748175666, -2939.705060339173, 646.7230921147507, 1126.6693540529116, 2836.0681101783002, -3233.4086723798277, 1068.1402183016276, -1711.5172496821608, -587.4164007504435, 4780.250224475105, 2666.923036451623, 715.1007333384457, -851.7742862850382, -3233.1298848031856, 224.43787199289005, 891.6590771024328, -1059.9702367940513, -2534.2390255262726, -827.919060402884, -779.3951483446374, -304.9083090048878, -1831.7804112513325, -1469.6933227689667, 2678.388680684903, -4002.78177532649, -650.5697787242127, 4939.4815275082165, -388.89052363346235, -1763.6085394705653, 274.72229492224716, -1311.4405530567972, -395.8457556108107, 199.85283909191304, -1797.3822463756753, -1873.0105985074936, -1518.772605468953, -65.63132277931487, -936.4946745919119, -1526.1816046231163, 1258.8589178573814, 33.71315242525185, 7.161178648385942, -59.117951670760874, 52.74741181344899, 1845.5681957459713, 961.519279422627, -1948.8750718444896, -305.81660359396966, -1755.845582355499, 43.08985143445011, 6413.130145103754, -196.126039123773, -486.11998448142697, -194.87566273700196, 2371.6078807534773, -1935.6934660548136, 1102.268329265524, 895.9116500922171, 482.42755572623224, 326.7574918419427, -1785.1130118812432, -1841.1223956801498, 728.0634674134446, 284.89821188213733, 951.8258175056785, 36.71967180691189, -2105.514749832073, 5570.178840407925, 1183.9021247752728, 1367.4441719574302, -994.799418804376, -397.5681863964239, -839.8381897957129, -2472.6584756888556, -1478.859122301718, -1220.168760249288, 818.5817451915548, -2170.0452281663584, -506.9751526913889, -1879.707482746271, 1371.1714759005372, 1816.722709442534, 1654.7043224486779, -685.2523501013541, -1904.7217112288756, 109.0152177620526, -242.56291672832918, -2083.979293401657, -406.73155035661495, 21.652561939470445, 2724.776336312203, -2324.3223865851573, -90.22652275425236, -1132.0222092327244, -731.4730318858353, -1697.0320061305254, 3566.8962032178756, -1392.3887249022275, -3495.566033282417, -2504.3900282483078, -691.695565785901, -3052.516339968871, 1131.5982966042632, -2790.186591747259, -754.2803843828754, -2032.546330659539, 396.55106927337323, -1164.2273155068276, -1826.5925047640708, -2179.977073970433, 145.0159063107257, 4044.9078241006114, -2072.5522747784617, -1364.4938220861336, -929.6914240677206, 919.8556350960466, -2107.33245633165, -1872.997895533071, 554.252721205462, 233.5605340767168, 729.9970287365206, -1886.120934573007, -2518.025769476509, -1989.4812590840022, 4337.968550142377, -3123.03443945778, 1258.7975420359091, -2041.1298913372104, -1557.1956494434592, -274.46085678806566, 2705.3609955525176, -1320.2418819180314, -1383.7513837884733, 631.358627027214, 1028.9106572991493, -2190.512763614634, 881.7995794873257, 2254.7774050894836, -2385.1022145616735, 149.85299760272125, 984.1927347997523, -3561.3089869648898, -1924.357136699452, -17.612851922879656, 1920.5535431236738, 1006.129335249422, 420.4431100909547, 1130.9261795276184, -1542.0217829994365, -1240.4289076861915, -112.14893335177632, 2707.218882211805, -289.86764418355676, -1495.6035594149066, -496.7946022659473, 253.25662839455237, 283.5201552460416, 2361.9217323140824, 2126.2712387006636, 4158.9628707865795, 393.60226682324463, 399.17140284996646, -2043.8108784687608, 2195.1008689123128, -1570.1617397386515, 5323.591826063043, -1698.4826166715316, 397.5779824919778, 920.8648471451563, -1154.2111897400196, -1616.8372208503636, -1441.368276222475, 994.5109620608275, 60.32837715479769, 3669.351094314647, 94.62098111200447, -1582.7582708434627, 2077.1774172625883, 526.1677050307071, -2470.0695062609657, -1043.3817925650555, 78.55443522248453, -412.78303415152646, 512.7724719145817, 1719.2195266061383, -344.30641621367187, -204.17106827824028, 166.73840481076712, 444.27940427207983, -484.4376874429413, 1052.0306139574693, 1468.3336959297023, 188.90784916627786, 1217.9463256339873, -981.4307337327471, 1831.885651783329, 3964.75904340208, -2086.3715409929014, -917.2894978226957, 3377.7557928566116, -436.9867334432788, 270.1736987898158, -1163.182830850403, 1925.984433652113, -1843.5526304585185, -107.24398339936141, -1251.2412888882534, -3600.551282354143, 505.9735682578043, -2308.5989664997583, -339.07291109374586, 1769.634751202113, -2371.152043291964, -1191.2174027172314, 2985.577207059107, 1429.277294337713, -1185.5154083127518, 1349.2106977792996, -1303.2432946229753, -673.9433920807473, -1343.2252698549928, -1301.48752323935, -410.9304009712899, -1332.1706546469288, 1281.2003689280207, -2102.131822109253, 1356.3282094396595, -376.73007155010004, -1061.4273387898982, -1688.046823974094, -2157.5111408687853, -3518.4297734606976, -602.6518329773285, -2789.5907673609504, -742.9444232892236, 204.37431761166494, -1743.8079764070055, -961.4018340190239, -1310.313068523684, -850.6310548173562, -124.52691304495033, -2007.548465308843, -3079.8164497573057, 3768.510970867905, 2175.1922318983047, -1154.1696017239276, 3.42324016176741, -114.41975795476668, -1447.9428352504221, -1513.0371819211455, -99.49292496313313, -801.2063836313, -1566.9258162072304, -917.682269295764, 934.895895710885, -1249.9091285598886, -2633.478284580932, 128.20240714037215, -1894.6985840483944, 325.59498252771215, 1406.8209330820034, 996.9071565171278, -1328.297844754787, 366.150551581977, -2646.7089915129172, 329.53516160458986, 173.71039063745985, -18.4474842647424, -1715.8964735980119, 3720.2873772171365, 506.72104175764485, 21.779390288577645, -1821.3041091120406, -1307.7513143558515, 162.1522842356763, 465.23882217168904, -2104.2832693109794, 727.1213903213625, -614.251853144308, 3741.8397641273214, 1029.313228669152, -278.894644500205, -1387.3202633695298, -71.73963598905397, 1020.866566398774, -846.2112737682842, 1556.137180470663, -2195.257518886882, -1183.0372564997858, -1967.6376414008673, -521.6861718438175, -1558.9165858979243, -183.5555666724424, -1326.6075480149868, -2206.3609607624376, -981.7971079605031, 1287.5874697144015, 242.35190957690185, -843.512227356272, -2311.9952949484805, -1360.5045987810456, -2467.93107988628, 1342.3038091592314, -23.785445299124547, -823.7102680847206, -1941.202366695837, 2868.390590345064, 385.8061212863269, 1357.944809729931, 3057.935724692375, -1948.7575692688351, 3.1633766569718205, -809.8243769815169, -1057.4093089512598, 541.4919443379372, -553.4948113239611, 1591.445494108532, -862.0691756491533, -2766.396732016167, -2571.8021066318256, -3568.530718935021, 1767.5775000914316, -2632.5004607580536, 1322.6224144335092, -478.6977130654905, -1641.1113813438612, 1247.1001872163813, 229.43459093424912, -1171.081882163912, 1582.4354035435592, -1143.583638466856, -600.4589498262387, -755.9535959316561, -1758.0852786106368, 212.8263588998728, -1669.4740689319576, -881.9874772585495, -1815.5581754642035, -1721.1860236123814, -1338.4606447370563, 3433.0181661281763, -43.111633220919856, -585.7687823475558, 454.1396923768776, 4662.799998989752, 1350.2819183935394, 1859.8917429244132, -1785.6770100587878, -1437.618088132172, 1849.2941075757897, -1449.09259527584, -2690.2661739675195, -1108.3615973124183, 1176.332632863525, -1628.1485953733616, 2448.5436168149677, 6639.494429315906, -1376.9300637236452, 1058.3199520149067, 106.62910942408877, 497.53671763094434, 1513.9899470484838, -103.87390012922253, -1647.9070364826625, -2718.682631622092, -1818.5097524182586, -2412.661834080202, 2073.6534101603825, -1660.1730369461266, -105.10013158302462, -1128.1512343228724, -3359.766910246148, -47.66532197837722, 1141.5541589866095, -748.2122629812368, -288.93093661697714, 1529.7596270107308, 986.2512016493617, 796.975787410476, -151.56227753629742, -1430.0403865008393, 259.76240411771647, 438.24430141170075, -1436.9138028186444, 119.82453992136033, 2450.7491863714636, 4618.552548144864, -259.2365268792148, -38.306282247283264, -2015.5019609471408, -1345.1499335904434, 361.98305167560835, -2629.631883790118, 578.551562165937, 331.8761689265381, -2313.2758648652994, -866.0546912148209, -1178.4415577058805, -376.35769233316813, 1536.6438203249313, -3080.961208737796, -1228.1271347205898, -1563.8066058579159, -767.5197174736893, -2602.160159550298, 1074.1400205290936, -469.8399156408203, -1457.928035058465, -2401.5615319242615, 10.903441972961275, -2005.9114509023088, 793.5715934151121, 399.4593158578255, 1176.96480851812, 2890.2792111160034, -564.6699857867453, -231.79204139261918, -1713.355633391731, 235.5582351254813, 5411.281326707578, -916.2656050710705, 2083.9643268804934, -887.8122635643235, -391.0291263825082, 1269.3566321704743, -104.77759768370342, -629.8034902520089, -235.71503100130764, -563.6717221257959, 234.76955372727446, -2040.6875903171408, 1440.986853433247, -223.49699231368794, -1078.8084127685654, 2005.8993156897388, 733.3910585585102, -50.23403742220495, 1197.6173009959766, -705.966916638331, 330.01359121565537, -1760.4225836648445, 3106.4915369949963, 955.705976710725, 183.19534571044943, -1552.5358126436392, -2058.113037294865, 2561.9397250570446, 55.533689506032204, -223.8449908947727, 119.3498587829929, -206.2371811411959, 5375.985065278986, -537.9694774558166, 312.7067970585238, 1024.654577463454, -112.35226836901796, 4329.487028963503, -132.4869254944005, -1437.757772789976, 971.2289284254202, 21.584763312601183, 1091.5467339680433, 1586.0161233430465, -2795.33205568722, 422.7190393236896, -2071.8831082518077, -142.9446883925729, -1660.8916937389747, 1213.5757741913546, -366.1545707016918, -3289.372271779646, 2911.1185473918, -874.3754473300337, 1759.9202813178565, -1412.0809291596759, -2120.648484588278, 320.2807457941595, 1149.7219638727893, -2081.6823321128463, -545.2298258245395, -338.9268165352417, -311.67714908215606, 1247.6855677884166, -1761.9979817472936, 970.6428797605452, 3472.5489662456653, 4222.1904925276685, -497.19144917763265, 509.0010478059741, -1909.4401616657262, -963.5796728961909, -345.59832244612977, 941.044458789698, -430.72143830713634, -4041.7370639271894, -1714.6812159981143, -987.3694582161581, -1985.4554218691276, -54.22067914404391, 1357.5861724752547, -2062.247091641428, -847.6964109875917, -959.6000685328074, 1507.447010353805, -173.16549686766422, -547.6415433912452, -2299.5857733180655, -1557.983680868286, -1508.890985586382, -38.06410787539636, -495.6443558842959, -2453.6242955138086, -1196.9479366721623, -2091.1484184549467, -1022.7808771698494, -148.33924439521047, -1645.514278932586, 12.004112712085771, 968.8871306025421, -1679.1441435915344, -970.4133374477387, -2501.7341942208077, 501.0213428244437, 269.91291767423894, -2255.76440046262, -1221.9023513044763, 1465.1465677628523, -824.4040551542339, -1339.8978649217668, 592.3721083342912, 601.0098998821945, -1621.5181019163113, -2363.2640001813015, -1684.5733010986285, -696.0329168412352, -546.9166971858356, 379.3755602892365, -2458.901190528021, 4477.464507264981, -1633.9446499717403, -887.9235210249258, -602.4145394110226, 1262.7000695809043, -307.7751555847599, 3437.691603875462, 4865.344686551623, -507.7856358734493, -2607.1530839007355, 9.149552557960249, -2236.9531675276007, -856.5640083091964, -1407.866711618725, -115.70483863904559, 1167.8537288336572, -595.0209650252434, 74.10310027072416, 611.650805676303, -831.0845048804033, 744.3434900490938, 2118.6299639864706, 631.5672710358647, -297.182781159443, -716.7414883819072, -1180.6410620434856, 1162.6962277466182, -1795.5253918555647, 2366.8008177900006, 819.9956591105208, 155.60537639100932, 435.8756482801792, -733.7910010325213, -88.23692868275049, -1286.3773303423347, -2077.12542438662, 4934.788394474896, -750.1907070433381, -1173.535483241575, 1416.8238503385553, -3455.4256653195653, -2923.600882085912, 67.2033910829694, -226.59030577476295, -1791.0494840523108, -367.1786513553966, 2296.2968541869664, -1016.3732789705923, -27.702083663685585, 1519.158123791338, 539.1692600621273, -1498.4429287982523, 643.3692975653948, -916.5192617692851, 236.9615566852454, -1845.3949462405394, 320.86603236043874, 612.4315635763273, -467.7727706274489, -150.4160955186248, -1506.5016645657927, -1677.8676491133326, -1308.2434369815007, -106.75710984100323, 3040.7106986128524, -1759.8199958219964, 1054.7437693259026, 104.78579919014766, -3716.8948177097027, -1743.0678738500926, -179.82181955022173, -3930.2008785597336, 555.938918904046, -2033.1020688806548, -969.8535459268944, -4.001661320549317, -1340.4501910077595, -1117.4500186337473, 124.35712064971415, 4642.310721987337, -1702.4501925376683, -336.52399951544925, -168.49957086961848, -2213.705838102968, -2632.709720477875, -248.62511068696307, -1081.6161713463623, -117.09175086194347, -440.03067012911293, -682.4628888095931, -333.5535012299721, 1568.8970951777962, 28.124369120699555, -2659.1675907924746, 1655.5260342553993, 1089.682889890276, -1134.4226670297214, 1282.4610570337034, -1110.7275519242812, -1283.96097100895, -2311.6931068814743, 1077.795242620002, 625.3234017699845, -2448.289491160389, -1352.774594517083, -2414.361480086623, 839.9005939662204, -2235.5662090997453, -941.8665564768628, -1148.5424270257586, -147.7411016296669, 685.4216889538168, -2291.3786209815535, -2243.9627857687647, -2340.630302747145, 1962.6372734534095, 1770.2305893943162, -862.6077071723578, 1844.4120258198525, 190.1836775015177, 415.05799324329183, 19.523684676233472, -1483.2039778921396, -419.5659553897208, -520.3174854551182, -365.1264566101923, -1434.9109020269962, -119.04114126932896, -85.10709963121099, 1074.644383375532, -1600.9184054154875, 1801.041615869224, -2396.5326085938323, -1507.5314565542542, -1810.7456345792148, 654.5241544020323, -1802.2023942832054, 3918.555520929742, -3126.3320791562187, 316.5619655958562, 3633.424913529075, -877.9761669257487, 766.4090562922831, 1766.5833131366446, -1253.181497059754, -1293.2586244395332, -517.3429676471726, -169.65683111655795, 809.7037321524119, -1575.56630010932, -1150.3711061116953, -126.46960000664842, 962.615163848094, -1026.9037195475025, -1534.7573356989294, -1507.6297412074775, -920.6019385724287, 4722.656353462423, -903.4247548975134, -2564.858482485646, 171.2370869141747, 1472.4468885158126, 835.5845268878611, 4865.664411379212, -2763.082633912519, -1331.3750998130108, 2394.737350038649, -1476.895954206158, -1807.827352613814, 1127.547234505205, 247.05421309952322, -946.0315084665915, -30.107743727416448, -126.33050745741679, -767.8627852168372, 2620.689361193754, -373.99589471406273, -523.6063110926482, 567.7467908362726, -70.63498381706819, -542.093170919223, -1433.081966498968, -1218.2505299077047, 606.2543731654816, -209.06426409879504, 894.1758185807018, -2170.6202567723712, -508.8668635757357, -1433.094357300077, -1966.0977158799947, 1480.8149991062571, -553.6188769157254, -2788.577302559614, -1622.8912776373936, 1648.0405822899395, -102.08132577561776, 1078.3464665291583, 850.2959964744389, -1071.0003953820005, 175.76556871074405, -968.3866079798981, 506.82444563705275, 746.4586923077754, -1959.7959375763692, 1059.4732775201103, -2016.7170783363247, 4593.353018459736, -770.5653964036026, 516.0007720350156, -2080.3935745926333, -1631.321471023524, -2342.8156485738177, -1428.404462415126, -1295.0238558607164, 944.556725369772, -512.5046203578988, 1857.2149127856203, 212.70835030221753, -1095.4044406363673, 168.99152588057456, 840.2260784155319, -325.05697093019296, -727.0643171005825, 3079.504955597174, 441.42741279650664, -2722.038878728054, -1296.0772885365573, 618.0852536143314, -1038.8550171772142, -1456.0657794043345, -237.6344337040196, 294.18923647432376, -1929.422079552922, 918.7555695890551, 622.3471624798719, -601.9650831568383, -1260.5715644034567, -918.8208200926961, -1973.7221503287794, -1401.8448828832636, 488.2155873489931, -106.68054324875095, -1121.6907413410918, -1204.618295502716, -1673.3999510296633, 1360.6376105407232, 200.93937403189562, -1846.5956212610783, -571.0353803681708, -2479.8334538834565, -1933.8267534673635, -2069.2044196375577, 530.5693362525469, 895.742213432618, 2186.2209837879846, 271.364300902312, 196.09350302793376, 200.43029605633348, 1298.2336245758013, -1116.2297586119448, -1898.772952632061, -1662.337066177897, -97.85865685435763, -905.8595762314446, -2294.036219478755, -1428.1145607738665, -984.3250814884805, 468.66380193177946, -1764.4169506131798, -931.8872696248168, -1659.1698198221832, -514.1909942119787, 1562.4130239058748, 253.6556066742018, -1461.7172571921794, -2510.501290254325, -1817.3689493089835, -4669.785947542284, -519.1520349737923, 721.2200370466, 5110.285007418814, 4731.424041604512, -2292.3728079363405, -1458.0315833754191, -2045.1779550854797, -220.36444251686743, 1377.1559675202277, 6289.921664305068, -229.47167972287667, -1877.5123010778805, 1092.1580433524525, 529.0125728806834, -3445.4726561454295, -1956.3878789751218, 1178.4914398571957, -2402.970102551317, 740.6870238169231, -518.6754817502396, -1328.7286855647194, -631.4178021385226, 2488.670245229982, 115.15114837903133, -2067.486065558107, 534.5044020498478, -227.8839068882295, 3086.2574404617185, -2045.128914648665, -266.64785275684693, -3238.0427475941738, 1372.2102013119747, -2247.1562891590775, -1917.6385462557193, -819.8387722508301, -1322.9704654911359, -1907.749284782801, 1554.9230952318949, -1160.3230097729709, -188.6615950161892, 685.450338511472, -1173.2686165693938, 440.4057605012086, -1520.793148773523, -2.503075683973009, 799.5105521149922, -136.02593557473853, 1004.1258927809915, -2377.4859792440025, -1389.9318529715342, -3153.2469547960022, -57.97714856148579, -3093.5255939407784, 4938.738604728588, -369.2483187329308, -2018.3419224390584, -2035.3699524032834, -3260.3002515278736, 2047.1215511548164, -1933.7740633521014, -266.0404874970693, -1209.7272665867006, -1083.6654576518306, 656.7229487554059, -325.1377330909774, -872.2157304846048, -513.865061982209, -888.0775910865452, -1808.2598886484038, 1747.799727388176, 135.81924620376736, -2413.1527843447225, 3021.495381382293, -2416.8559936545203, 1300.66385935417, -1550.2551923705475, 1028.5833383537158, -2454.020223558408, -752.1124442081334, -1090.593060475356, -777.3715616424336, -1751.3077407038384, 1026.0584434631228, -1793.5622428301733, -1740.3027129943168, -90.04669672013819, -1432.1690594024121, -1933.2065941866954, 3458.02001974915, 268.7448192144769, 4804.382268906371, 1441.1766477811768, -103.91014507226771, 1202.5420969241775, 498.6372930967679, 1061.081166382363, -110.92673064546614, -457.67237861706803, -13.548279141445335, -59.13900584302627, -2402.9432293193786, -1094.140233851457, -1653.9656681881036, 429.49014383662023, 3619.5670563817876, -2073.627720633403, -1698.7789875420092, -1610.8435434603089, -1330.0828237230019, 1424.5694089424148, -3127.7756760508005, -2136.9523240441035, -2066.6158026073936, 926.3525849022869, 1407.025500384492, 235.14323574204178, 2681.966239697266, 1226.9221836612458, 393.0109332557277, 2225.7763468735284, -2244.930621683197, 567.1076001582765, -641.8441885570473, -2227.131704790984, 515.3273464812314, 788.3127232002901, 458.63133712182963, -1184.666805362037, -158.05798331070724, -2211.199118882087, -202.8308529280119, 1878.9830298029585, 599.4124611958537, 365.2250332829063, -7.608184793066528, -1527.9862311859986, 930.325327795407, -430.53942919655407, -254.67120803102807, -1580.1345814502463, -1693.1014211364468, -571.4478996071346, 284.4638405369613]"
0.5,5000,13035746.259828692,13035746.259828692,0.026998281478881836,1198.7366123818103,"[2, 3, 3, 1, 3, 2, 1, 2, 3, 5, 3, 4, 3, 2, 2, 3, 2, 2, 3, 2, 3, 4, 2, 3, 2, 1, 3, 2, 2, 4, 3, 2, 2, 4, 3, 1, 2, 3, 3, 2, 3, 3, 2, 1, 3, 3, 5, 3, 3, 3, 4, 2, 3, 2, 3, 4, 2, 2, 3, 1, 1, 1, 3, 1, 1, 4, 3, 4, 4, 1, 2, 2, 2, 1, 2, 2, 3, 2, 1, 3, 3, 4, 1, 1, 3, 2, 2, 2, 3, 3, 2, 4, 3, 3, 2, 4, 2, 1, 1, 2, 2, 3, 1, 3, 2, 2, 2, 2, 2, 2, 3, 3, 3, 1, 3, 4, 1, 2, 3, 3, 2, 4, 4, 3, 2, 1, 2, 4, 3, 2, 2, 5, 3, 3, 4, 3, 2, 2, 3, 3, 3, 2, 3, 4, 4, 3, 4, 2, 3, 1, 2, 3, 3, 2, 3, 3, 3, 2, 3, 2, 3, 3, 2, 3, 2, 5, 2, 3, 2, 4, 3, 4, 3, 2, 2, 3, 3, 2, 4, 3, 2, 3, 4, 1, 2, 5, 2, 1, 4, 2, 2, 3, 2, 4, 2, 1, 2, 1, 4, 2, 5, 2, 4, 1, 2, 2, 5, 2, 3, 5, 3, 2, 4, 2, 2, 4, 2, 3, 3, 2, 2, 2, 3, 4, 2, 5, 2, 3, 1, 3, 3, 3, 2, 3, 1, 2, 3, 3, 2, 1, 1, 1, 5, 1, 1, 2, 2, 2, 3, 1, 3, 4, 3, 2, 4, 3, 2, 3, 3, 2, 2, 3, 2, 2, 2, 3, 2, 5, 2, 3, 2, 2, 3, 2, 3, 3, 2, 2, 4, 3, 3, 3, 2, 4, 2, 1, 2, 3, 3, 2, 2, 3, 2, 4, 2, 1, 3, 2, 1, 2, 3, 3, 2, 2, 3, 3, 2, 5, 2, 2, 3, 2, 3, 2, 2, 4, 1, 3, 2, 2, 5, 3, 2, 3, 1, 2, 2, 3, 2, 3, 4, 3, 3, 3, 2, 3, 2, 2, 1, 4, 3, 2, 3, 3, 2, 2, 2, 2, 2, 3, 2, 1, 3, 3, 3, 2, 2, 3, 3, 3, 2, 3, 2, 1, 4, 4, 2, 2, 2, 3, 3, 1, 3, 4, 2, 2, 2, 2, 3, 3, 2, 5, 2, 3, 2, 4, 2, 3, 2, 3, 2, 3, 3, 2, 2, 3, 4, 2, 3, 3, 5, 2, 3, 3, 2, 2, 2, 2, 4, 2, 3, 2, 2, 2, 2, 2, 2, 5, 1, 3, 2, 2, 3, 3, 1, 2, 3, 1, 2, 3, 3, 3, 2, 3, 3, 3, 3, 3, 3, 2, 2, 4, 4, 3, 1, 3, 2, 3, 3, 2, 2, 3, 1, 2, 2, 3, 2, 2, 3, 2, 4, 1, 2, 2, 2, 3, 1, 3, 2, 1, 3, 3, 2, 3, 2, 1, 2, 1, 2, 3, 3, 2, 4, 2, 2, 4, 3, 2, 1, 3, 2, 2, 3, 3, 3, 4, 2, 3, 3, 2, 3, 1, 3, 3, 3, 2, 3, 2, 3, 2, 2, 3, 4, 2, 2, 2, 2, 3, 3, 2, 4, 2, 3, 2, 3, 2, 4, 4, 2, 2, 3, 3, 4, 2, 3, 4, 3, 2, 2, 1, 2, 1, 3, 2, 3, 2, 2, 1, 2, 3, 3, 3, 4, 2, 3, 3, 3, 3, 3, 2, 2, 2, 3, 3, 2, 1, 1, 3, 1, 3, 2, 2, 4, 2, 3, 3, 2, 4, 3, 4, 3, 3, 2, 2, 2, 5, 4, 2, 2, 2, 1, 2, 2, 2, 3, 4, 3, 3, 2, 2, 2, 2, 2, 1, 2, 2, 2, 2, 3, 3, 3, 2, 2, 3, 3, 3, 2, 4, 3, 3, 3, 3, 2, 1, 2, 4, 2, 2, 2, 3, 2, 2, 2, 2, 4, 1, 2, 2, 1, 2, 2, 1, 2, 3, 1, 1, 2, 4, 2, 3, 1, 1, 2, 2, 3, 3, 4, 2, 5, 3, 3, 2, 3, 3, 1, 3, 2, 2, 4, 4, 4, 3, 3, 3, 3, 3, 3, 3, 3, 3, 3, 2, 2, 4, 3, 3, 2, 2, 3, 4, 2, 2, 2, 2, 2, 3, 2, 3, 1, 1, 2, 5, 1, 3, 4, 2, 2, 3, 3, 4, 3, 4, 3, 3, 3, 3, 5, 2, 2, 4, 1, 2, 2, 1, 2, 2, 3, 3, 3, 3, 3, 3, 2, 3, 3, 2, 3, 1, 4, 2, 4, 2, 1, 3, 1, 4, 3, 2, 2, 3, 4, 4, 2, 3, 4, 1, 2, 2, 3, 4, 2, 2, 3, 2, 2, 3, 2, 2, 3, 2, 2, 2, 4, 3, 2, 3, 3, 4, 1, 3, 3, 3, 3, 2, 2, 4, 3, 1, 2, 4, 2, 1, 2, 3, 1, 3, 2, 2, 1, 2, 4, 1, 4, 2, 2, 3, 2, 3, 3, 2, 3, 2, 3, 4, 2, 2, 2, 3, 2, 1, 4, 4, 1, 3, 2, 2, 2, 3, 3, 3, 3, 2, 2, 4, 3, 2, 2, 3, 2, 1, 3, 3, 2, 2, 3, 3, 2, 4, 2, 2, 2, 3, 2, 3, 2, 2, 2, 3, 2, 2, 4, 2, 3, 2, 1, 3, 5, 2, 3, 3, 2, 4, 3, 4, 2, 2, 2, 3, 2, 2, 3, 1, 2, 2, 3, 2, 1, 3, 2, 1, 2, 2, 3, 1, 2, 3, 3, 2, 3, 2, 2, 2, 2, 2, 2, 4, 3, 3, 3, 2, 3, 3, 2, 2, 3, 5, 2, 2, 3, 2, 2, 2, 2, 3, 2, 5, 3, 3, 2, 4, 4, 2, 2, 2, 3, 2, 2, 3, 2, 3, 2, 1, 3, 1, 2, 4, 2, 3, 2, 3, 2, 2, 3, 3, 2, 2, 2, 3, 1, 1, 2, 3, 3, 1, 3, 3, 3, 2, 2, 3, 3, 3, 3, 3, 1, 3, 2, 3, 4, 3, 1, 4, 3, 2, 1, 2, 4, 3, 2, 2, 4, 3, 2, 2, 3, 2, 3, 3, 2, 2]","[2291.4388159689343, 3146.1172671634204, 2276.7936166330337, 911.4221325749027, 273.83036274359665, 1659.421366427351, 464.92361815575487, -4046.9574952115418, -7168.783028667647, 2476.7362881199224, -1573.2267038193802, 7247.20861621211, 7145.996195812957, 1597.5643231953838, 2868.667076691303, 32.33003195676872, -1979.458465666717, 2197.7425124336323, -1308.6257479217165, -1202.0322317996274, 108.47707507405585, -7130.309134314377, -1982.627245199164, 4258.408232537607, -5468.682480982099, -1219.3953672838647, -13945.31306590663, -1563.7836509864833, 2232.368075501651, 3360.161783549579, 897.8434218308237, 1600.220378015738, -1326.967108934733, -5600.6545988523585, -8968.04852910812, -4662.928766219874, 1628.9716702403869, -2267.097153189535, 1534.173716748742, 720.4151736131596, 727.0439984618106, -430.21949404266456, -7827.081934368162, 2078.5381802106886, 878.1840527256961, 3547.997085273302, -2523.2874421855477, 6241.806859803584, -6359.590184693439, 211.68657377776617, 3873.2054768279286, 5977.634200664621, -898.0741144175314, -542.9290979076252, -4591.2935692563715, -6519.417062602835, 2197.7913578005255, -793.5842773109559, -2935.434385211621, -2843.6006314652095, -1905.7632468305028, 4921.6714394632245, -2552.576029083775, -2182.31314395133, 9048.526299838002, -11134.726515843524, -517.5325402475044, 10406.900264090807, 3205.98898649847, -3246.78813055299, -3157.091203827067, -1826.015035650094, 964.7445292736131, 1674.182882487423, -1702.184069242822, -1656.0529403648936, -1616.1481067750835, -1098.6637493518747, -2326.902468414075, -3368.686590051836, 2737.990285266972, 1432.8114931361117, 1238.230540355283, 1141.9387626885366, -617.695878687741, 6363.397769608018, 1668.5402234858636, -3197.213172806727, 1095.5408606042772, -2331.1236633209974, 4789.782319564004, 12199.494468445791, -57.22644032930066, -1805.916612528942, -248.93856413133165, 2368.78369625889, -790.9172412855112, 1554.289288406769, -613.5949737566723, 3203.6449778212445, -847.3269018895548, -890.8848960107043, -3996.8704630727225, -487.0434542688995, 5141.086821751517, 5153.811162400641, 1911.919341170065, -3424.7827406924707, 9862.627872132298, 1672.8886612329782, 2962.925636820826, -5014.217820292467, 2237.179140131223, 957.1710578521618, -3253.49023655158, -6956.023293870629, -1501.0641247112096, 1631.5083991256422, -3785.597486990324, -311.9417912021563, -3415.4592277659076, 6304.156561207002, 6135.864095164658, 7612.634090762565, -1924.9213915782564, -2495.59770171259, -1571.263882478335, 1821.8790250263899, -3638.2883966140107, -1912.9559080682166, -1290.5900517488114, 9501.797247614977, -3267.9313752498965, 748.3886414161502, -4961.9875508232435, -2414.36812807947, -2734.565681143463, 4721.075071585035, -2870.200410229899, -8634.648976399943, -1543.190701004609, 60.18751024875155, -6923.861781582848, 1434.1719222655588, -7402.879760736291, -2077.0981017976337, -2362.5698699884806, 1803.944734147419, -871.1846345618687, -3605.356068705286, -2420.754833582861, 2225.2601530732145, 2427.053983916483, -196.27456780357352, -7442.371333786796, -448.30669248166885, 1504.3026259357105, -3035.591567930983, -6290.083874376858, 1306.801484099423, -7017.653609349483, 79.36754543263964, -2816.9289897349163, -1480.9367526698602, -1981.2697381802757, 4410.363271428112, -9107.385953336363, 1781.6983699964019, -3012.5087537347963, -9792.926940576097, -831.2496344063661, -2031.9723864403934, -1293.2219509212114, -2057.454805576782, 3894.755223018152, 2559.922058477491, -686.3844083752015, 2865.256513313655, 7506.512434721119, -3830.97355615003, -1386.1011851057388, -3199.15457741328, -10330.616555676192, -1152.4231342953756, 1514.2496071585135, -4692.73142476043, 2116.201954625787, 3106.8696865101665, 7801.157510680945, -2317.0141773483906, -2805.4355084949566, 4615.91880048364, 5561.436980706275, 3898.458132131196, -3176.1588525119305, -1970.7037622244318, 795.5663345346959, 142.52878725763344, 2355.118104849167, 6333.992447628976, 5209.848138162984, 435.8616842244385, -8180.992522299144, -2704.3924277093174, 4595.450772139356, -4092.798546038305, 7910.70959129179, -2032.613301420225, 1167.9681581627808, 3040.0530898220977, -2190.7365057160414, -3367.210341313077, -1629.6717428229688, 1235.0084287915047, -3503.7960337374298, 7760.254212391674, -228.3771810448202, -2933.0720905396565, 2185.0868654217693, 5498.331371651146, -8665.35859404891, -1592.5790367022344, 704.4837349935076, -2463.5907205388858, 1862.2882881640783, -2946.8500687043324, 90.14219347966491, -981.2030883505555, 195.13084664064172, 1718.4593013577157, -1069.6463452599623, 1956.0427417151025, 2404.8513500442514, 2717.826108354846, 3701.898011765701, -901.4502605710538, 2495.810750148643, 4483.097106523329, -4034.439564114865, -742.3002244493588, 3971.547814603635, -44.50580895766893, -6335.297833687257, -2678.5106137400016, 1512.81539819786, -4000.4011615871696, -1796.5880356354528, -3587.3970354907187, -8178.207157769104, -246.09866308096366, -3838.2357906343477, -198.46101763728734, 3072.460427531846, -2542.4923704372945, -4662.475825836854, -535.1873918082167, 1317.7447313909095, -813.2504750826402, 3981.4637461745588, -2740.687969268125, 723.446756572301, -2369.128299995139, -1300.471562324266, -13.373522268085594, -2449.2799287512557, 6269.80225005401, -1670.191042174795, -1079.0187672448624, -4397.8909548817055, -1595.8982727168418, -2403.4755685103382, -4137.792738810506, -9837.830648832636, -922.656205774174, -125.7954451730709, -458.76008889963646, 887.2776262642149, -3973.9725602716107, -5469.650983701947, -2750.9590922192447, 304.0224481836208, -1087.4642086495405, -2963.7209197169777, -6280.961934498992, -3594.926565842963, -4641.520988548831, -1812.7005242067187, -526.626532142667, 651.0469741636118, -2661.7970502932303, -495.6071486887099, -194.6825628867257, -91.56216545894944, 782.7373694525882, -1699.073598608262, 1407.8912863278613, -2240.981396199277, -1329.9344557812913, -179.58934702700196, 1181.0465188167889, 1219.3953348123803, 1996.7500067854692, -1690.1326774543395, -1976.8906849289372, 1023.6981203465496, -5071.178037759104, -4075.2094191821525, -2686.239821271407, 556.8342878151652, -885.9104821703236, 3668.9881452881655, 2223.4950288067566, -1609.1400417775194, -2693.1410244734207, -1947.0402338522458, -9059.356946072283, 6359.292372275639, -3741.727867760067, 379.1491179018867, 966.1735981865029, -2677.4723342313146, 1678.1707946694685, -133.5603955472978, -1647.141154197895, -470.0695429883541, 872.4999281847297, -1595.2389650242872, 2851.1484317775103, -4830.10000473019, 139.82965950970652, -7713.037976891711, 1204.142330050023, -2986.523538852023, 798.424472360475, 716.5988988340134, -6011.3203574773215, -3067.1580419481734, 3573.201916619664, -972.9798680178144, 395.65629383098076, -4524.959301680826, -2979.8841123678785, -7305.254497323627, 1784.535485783608, 1512.0048537689543, 980.6020570844034, -5582.961109454857, 4795.951482671589, 2100.345560556778, -721.2627795243427, 2705.899692057773, 2852.1853433566184, 432.2253601388388, 1638.2442830440593, -2175.933278134028, 213.0246425407795, -851.2398040046704, 1798.1390977454482, -2574.4804206387653, -6497.949870531234, -7129.8558474109195, -8211.914290912031, 3447.447169415055, -1009.7796027914703, 2465.0597698516503, 2349.18466048169, -1956.613157477031, 601.1568549325586, 516.0895245279492, -1273.7439675236872, 1555.1767597682053, -2027.2680741557565, -1675.3466701909979, -670.6364667376314, -3238.7638157474275, 736.8283501579804, -4118.046724007033, -1313.7810748663155, -3374.078178491639, -1965.0619259165164, -1991.6554241711717, -1064.4469113918665, 2766.2143872834176, 88.3223867914835, 4274.756156705355, 6387.169607966276, -5255.055330344754, 631.4431688544123, 545.9612987148178, -1979.7078763649388, 2283.659345009529, -6445.574160370447, -300.22874129388197, -1657.36246937145, 3730.3026927604606, -2219.7645458719026, -2524.7404944275363, 13328.55856273417, -2239.893885568881, 4626.518467790933, 1880.0073341849914, -599.2150881015714, 3487.5848053076097, 3301.3331541406596, -3041.7237390456676, -4893.979379681555, -3326.5498197202787, -4033.7413647885305, 5049.754806170067, -2654.4221846973805, -518.5364044139498, -1367.3790400505432, -4648.8896186260345, -1776.510802883871, 1618.7146535609143, -1771.5980966984332, -1255.3992605007543, -2095.670613852233, -207.93419043024687, 3801.7874552765716, 1504.4236683941124, 106.43525692245476, 2242.683652211337, 2798.4497173462732, -3728.3615819264987, 890.8268557129363, -6476.531665224764, 9748.298343536646, -1223.9319847207557, 2372.9495370973364, -2975.275933036988, -2957.5765172084157, 2547.1977178283687, -4030.225974026195, 2699.1046235957174, 820.9245627372027, -3251.8827456387717, -1468.062256610181, -3034.113172701368, 362.31164393222366, 2155.738895271985, -7978.302497915949, -2705.7903178988163, -4322.710012169123, -1324.9084804789513, -4468.081040232713, 1669.4295246125318, -1367.172630498098, -274.45826718218086, -3854.8860142706053, -3360.761350144703, -1322.7235095918375, 320.2361046091121, 2067.6628352827393, 1699.5602158629029, 3492.4345087532947, 4485.042652121186, -28.157993925058804, -2061.571195133785, 295.11380911794686, 5332.227171795322, -3202.0451782442424, 6494.497936013561, -6200.865218041492, -2208.877330345239, 5777.855498331157, -1533.5118796845775, 1418.3197484737673, -1983.2335980128298, 2255.353208216339, -150.74460090151905, -2885.6268380908477, 6664.6721551376695, -1564.9797146406313, -4572.595169834639, -7749.358774514184, -820.0878058921166, -1424.6491399614272, 2775.4021231951647, 2478.0495190963966, 1225.8147866568302, -1017.7426865885864, -1111.3686146435782, 1089.7697242277598, -1040.9399694759916, 396.488193381364, -4645.774046927137, -5191.854136551954, -1330.228773471358, -2737.337768501362, -600.0467416694199, -1621.6732806263083, 7349.359142998881, 2033.2010577738308, 3587.816500451343, -1474.720604672984, -1974.8608962582155, 777.1819172315779, -1744.7657065244648, -2699.4435643632323, 81.40485769098564, -764.9758467267463, 2146.560560889421, 3272.7898568218534, -5020.183118470273, -70.44335791924459, -2930.8026980798995, 701.4191876152827, -8414.095485021342, 3465.6760982251308, 533.1406248885883, -11529.212162570517, 2856.3939966846765, -1465.525527724925, 2450.4991902686143, -3492.032213049544, -3446.769363259711, 1701.039911731589, 1126.7019010215522, -6036.942495967168, 1873.997450551012, -3631.2277800358524, -1448.7744870530735, 3040.491645684556, -6032.05641025543, 406.85819446770734, 3041.3068800650517, 8134.187835062501, 1773.7100247140609, -1094.4157463381205, -1234.238700042655, 3327.2707031022355, 3068.965092290622, 919.8135351654876, -3129.706278966093, -12150.551043244523, -2063.49703068712, -2119.050927779277, -2931.623660494729, -1719.5546135020556, 1287.7521660702146, -5077.655418671622, -641.1938578992749, -2427.0618532243698, 2528.8197259530634, -884.4867121873626, -1957.9711368986325, -4025.467639284747, -3904.2545624644226, -1156.672617826429, -102.410746349605, -1367.6911843092796, -9538.39145062333, -7363.577226580221, 169.3842034361444, -3691.0709332806337, -1152.046081762001, 846.3571450096135, 3469.683278761355, 1078.7466058584155, -3844.452831217208, 522.6757721854387, -2532.505698351247, 2267.7327674008047, 345.0250472085438, -4562.300779195484, -739.7292205294164, 2081.486771132206, -3453.837518744066, -88.06088096826022, -4593.382759362558, 188.58152400430367, 1577.9291290998956, -1256.0954518180074, -1063.5528428742919, 3715.968512283669, -5742.721023235359, 4018.0339007209523, -8461.252817440383, 9068.582625363639, -7767.0983855647555, -1893.573575907668, -1241.0457095067711, 4174.513452644273, 780.6841101421257, -3600.80830465719, 4293.441897263182, -1096.2167100008928, -4887.952462323328, 1241.1192936852856, -2028.791044337313, 4913.68807104744, -3930.954169712474, 2773.0614137809407, -3295.2714447479357, 2157.293857677675, 1335.485235798697, 2591.186270714961, -1627.6280753437788, 3258.705030383515, -2492.55615158794, 1982.6528513653464, -1116.3325496762232, 891.1410216733702, -2785.3114467361384, 2539.0417024656863, -2499.6834757653696, 3962.08656182097, 306.1110869366287, 653.6964487723558, 838.6141076339889, -2032.4101150499419, 4280.253637162915, -6209.177846198584, -4711.355720338576, 7841.532808206126, -432.31694496412956, 1576.453857893837, 1982.0684666393524, -8235.472984395408, -5637.02493220782, -1432.234941935362, -4313.64532998932, 694.1617119194975, 828.1164588427528, 3777.9992584975207, 2138.3625828724726, 2240.5475225843265, 2931.1594985887195, 2804.617736790805, -3817.752448860462, 1203.2982547862105, -2564.945198186826, 934.6210836170319, 1512.1688643188315, 2012.722097636036, 1258.1422643039589, -1453.031405500683, -1281.0822436537017, -2547.1733131426518, -416.34222616186685, 914.1301149901251, -520.9436988556184, 2220.7640964678294, -3878.752549134847, 6266.258298543449, 1640.7341262623092, -11321.586909607757, -6990.784394687128, 1093.2944032773512, -15166.101704920642, 2028.7839802432743, -12901.943991438648, -1863.7311450014681, -260.74621133172525, -88.86331244881649, -5707.290277907333, -459.5893604983239, 2850.4819155333216, -4077.388446492997, -1491.8907174481749, 182.8296559819653, -5057.374216626609, -7008.338631971699, -1542.2450849694922, -3250.8354377897494, -1492.1608396645343, -1005.1308542232422, -2316.5711390611514, -182.1698736737984, 2796.1515658167827, -2756.5967523194777, -2323.4591917496696, 4708.360350207675, 2329.479045013856, 499.5715966792775, 2290.817155403158, -1030.0542081328176, -1756.4714384741983, -862.4378752092368, 7382.962860220963, -1013.8044993827773, -2017.090852473304, -2178.206313175592, -4941.440601221541, 4516.463826401001, -1070.5732935134085, -940.7349030928553, 1057.285284538286, -1892.6143076849335, -7.5174220915253045, -4651.012606022154, -4611.746494434626, 214.45286509087623, 3931.0859205994384, 3177.99280373907, -2300.4426563638262, 6732.123109927659, -2642.4422677025304, -498.9193183963778, -4002.5892658829907, 341.2093456250951, 618.2719784775466, 143.41408500733314, -5174.320933699642, -3392.017378498482, -1576.5048775885816, 1416.1924802345432, 4027.687022636759, -1579.4856693677186, -225.6252793392323, -4287.1963164006, 1736.8085074940298, -4517.10920711732, -689.8745376523127, -1553.1812245575863, 9531.524358636132, -8214.442605777333, -224.67068848215047, 6411.400689764213, -2597.5904472787843, -208.59144336680288, 3446.002792750054, -1867.7600035732912, -5128.614124281326, 1121.6650536492596, -1887.262792938306, -976.2825246481332, -4837.57806965782, -1080.926309244084, -831.3459827055016, 2782.3407571355638, -264.081677542074, -2276.839572360853, -2860.1964086900416, -2187.804875438044, 5918.725990565364, -3012.5382768936925, -1541.7719739968054, 1387.8164481313786, -1748.445777581576, 640.7663545678126, 8201.625322885142, -3111.8977490399893, -3538.0619296614123, -727.2561676736173, -3230.491953063176, -2673.5616963478487, 1687.779386745871, 1105.2895782772855, -1584.2543349947218, 621.1854631236135, -1349.5774468237482, 112.25868683879366, 1231.4333670790188, -1220.5782817349957, -1292.3066508894128, 2535.3039330597258, -468.46468002724157, -3778.2890450673403, 1806.5997406919844, -1342.2716159631884, 2264.611965880691, -350.84353272981093, 1726.7078245721348, -1769.6925457637665, -786.4033403757278, 36.03414255027769, -1880.0791299357752, 2201.0145617096305, -4239.38030210136, -3038.0248513012502, -3487.0635952539515, 1139.4059129824686, 1872.9947878650316, 563.3323331761703, 3093.9009120293786, -1128.3433832469, 156.4292341553994, 243.6362404755548, 1593.5268061917716, 2943.0437936848084, -1626.1309273942015, 217.1787002163278, -2977.0412822942108, 5144.375558448685, 494.28500552586, -891.1243529758128, -3188.030615674532, -192.71325378490292, 686.0178572076013, -691.3851221923164, -1453.8095917605033, 687.693904910273, 1.7858062163703607, 1895.1411593084779, 1359.5367108089783, -2276.006525376074, -3293.670419505882, -130.96910700868762, -1490.4835945881878, -2697.0766431156444, 1491.9562193354511, 986.8807340557125, -5116.983389552363, -502.1639753503152, 1718.2730395765418, -1081.6418710785279, -2006.5090878155168, -236.34524170849318, -390.5774663366277, 649.1366246062382, 2763.493658959178, 4451.767510403432, -446.918569958557, -2442.0235454007966, 842.4233561326223, -2439.8373950679875, -1972.8293259985899, 6392.673521866776, 2022.3186051424898, -1106.0706693721215, -47.52940994611629, -1366.0542032918756, 914.2098008520081, 392.7015837583016, -5527.5786027400645, 4853.770428456056, -3019.1213621355782, -261.79452925673695, -2734.5617966222326, 2473.389329369308, 4434.8631713264895, 3677.319926459112, 917.4989735620281, -1355.892666513976, 244.07916695457118, 1838.991977708116, -237.8508493819404, -2168.220965397764, -1668.7160500055704, 1627.539017877871, -2186.328781538339, -2993.983895739698, 1058.7129600342448, -3122.7220019085808, 1108.514611951622, -3196.291807669835, -444.7739392112236, -4051.2600097023223, -593.8867303371426, 6552.37583033137, 1430.5877964695103, -2811.2205191802286, -4813.353175792732, -3065.399499322738, -13690.713160490755, 1778.555443072856, 5040.606240401235, 6160.120491395632, 9437.540620123389, -4652.456982687155, -2649.8602296944273, -956.7016399244242, 270.2078177164809, -240.29413811423478, 6608.735171064159, 1213.1793704098175, -4672.506919665876, 1480.359530276143, 340.4484804769311, -12667.955017412369, -1302.4453758899335, 1086.434575254044, -357.5786031474852, -564.6952266855421, 1579.7689623616786, -287.08102566354614, -2239.3850343584872, 3072.026285316778, 120.18374635669068, -1775.8625869099947, -26.52175032755997, -1482.4911518563824, 2398.6911980932355, -7727.007427041168, -1237.726002459478, -8206.514010986139, 960.6433713878841, -2199.6200252936783, -1720.8894039938364, -2113.10145650321, 944.4051645632628, -3774.9332233029827, 2123.054115241949, -205.14614500069945, 1495.0319105722763, 1586.1954458286834, -1917.4160819948204, 1867.657793703583, -6616.885993632076, 1061.4615116868042, 2486.137478890865, -392.83512451736874, 1419.6081793609128, -5503.210627074803, -494.4809577820704, -6333.643912234475, 1403.0890830860765, -6402.885067752421, 8145.060530003986, -1799.4785966959178, -4854.836681502058, -7052.463163786103, -6861.907018669585, -3077.907982403536, -2537.8055975898474, -1049.0381966611149, -3591.422027532969, -3682.6901567774676, 3205.3493902288847, -1485.4299740091271, 383.50107990276797, -4918.18660690314, -1656.0632712504487, -5240.597218688749, 2536.784116066742, -413.3162762585588, -3078.2518809985168, 5018.385489081773, -1015.2208291071413, 1842.5226762225636, -1661.886701166788, 328.3067790193095, 71.84242917596293, 765.8867006396702, -1312.81369937272, 1210.6525360618152, -3436.7393958690245, 5261.657953387396, -3193.54118026951, -1671.0741429196728, -343.6874623279598, -3966.2611548569485, -4294.153794996491, 3635.139718633478, -909.0065116738338, 5554.891696131292, 1320.3322775977283, 914.135091856682, 106.29797735556986, 1633.5235954293892, 1175.7174236324552, -171.296462304177, -1668.2296142506802, 593.2025733273692, 341.7110891320971, -2477.767191576897, -3230.3726050933083, -2131.293809540066, -698.0746465060977, 1527.3460207461114, -6329.972738875489, -3174.8729404413434, -1801.94772839603, 244.93287571046005, -4294.376744418657, -10226.482534757735, -2195.518943488787, -1781.3211757337747, 898.4688577826921, 2315.7814557025113, -4116.795803926967, 8031.1868270010455, 779.1864014457938, 5935.623858294065, 3876.163277538708, -2515.1207756962726, 2719.449288278998, -868.6836087532298, -5647.756748478775, 2452.0548422533275, 1091.4447556659425, -581.7962716711422, -1797.8410094285157, -1870.4117318466251, -256.6186496761668, 5863.445971433783, 1318.91851643695, 1794.632071256039, -6478.41637771517, -1083.357377873803, -2904.4708609477057, 3150.927971525528, 120.86663793091361, 1169.8460157037832, -1868.0247220236242, 13.995117308077397, -1737.056097293036, -575.3377032021466]"
0.75,5000,11.286051937916481,11.286051937916481,0.011486530303955078,1.1766691245685987,"[2, 3, 3, 1, 3, 2, 1, 2, 3, 5, 3, 4, 3, 2, 2, 3, 2, 2, 3, 2, 3, 4, 2, 3, 2, 1, 3, 2, 2, 4, 3, 2, 2, 4, 3, 1, 2, 3, 3, 2, 3, 3, 2, 1, 3, 3, 5, 3, 3, 3, 4, 2, 3, 2, 3, 4, 2, 2, 3, 1, 1, 1, 3, 1, 1, 4, 3, 4, 4, 1, 2, 2, 2, 1, 2, 2, 3, 2, 1, 3, 3, 4, 1, 1, 3, 2, 2, 2, 3, 3, 2, 4, 3, 3, 2, 4, 2, 1, 1, 2, 2, 3, 1, 3, 2, 2, 2, 2, 2, 2, 3, 3, 3, 1, 3, 4, 1, 2, 3, 3, 2, 4, 4, 3, 2, 1, 2, 4, 3, 2, 2, 5, 3, 3, 4, 3, 2, 2, 3, 3, 3, 2, 3, 4, 4, 3, 4, 2, 3, 1, 2, 3, 3, 2, 3, 3, 3, 2, 3, 2, 3, 3, 2, 3, 2, 5, 2, 3, 2, 4, 3, 4, 3, 2, 2, 3, 3, 2, 4, 3, 2, 3, 4, 1, 2, 5, 2, 1, 4, 2, 2, 3, 2, 4, 2, 1, 2, 1, 4, 2, 5, 2, 4, 1, 2, 2, 5, 2, 3, 5, 3, 2, 4, 2, 2, 4, 2, 3, 3, 2, 2, 2, 3, 4, 2, 5, 2, 3, 1, 3, 3, 3, 2, 3, 1, 2, 3, 3, 2, 1, 1, 1, 5, 1, 1, 2, 2, 2, 3, 1, 3, 4, 3, 2, 4, 3, 2, 3, 3, 2, 2, 3, 2, 2, 2, 3, 2, 5, 2, 3, 2, 2, 3, 2, 3, 3, 2, 2, 4, 3, 3, 3, 2, 4, 2, 1, 2, 3, 3, 2, 2, 3, 2, 4, 2, 1, 3, 2, 1, 2, 3, 3, 2, 2, 3, 3, 2, 5, 2, 2, 3, 2, 3, 2, 2, 4, 1, 3, 2, 2, 5, 3, 2, 3, 1, 2, 2, 3, 2, 3, 4, 3, 3, 3, 2, 3, 2, 2, 1, 4, 3, 2, 3, 3, 2, 2, 2, 2, 2, 3, 2, 1, 3, 3, 3, 2, 2, 3, 3, 3, 2, 3, 2, 1, 4, 4, 2, 2, 2, 3, 3, 1, 3, 4, 2, 2, 2, 2, 3, 3, 2, 5, 2, 3, 2, 4, 2, 3, 2, 3, 2, 3, 3, 2, 2, 3, 4, 2, 3, 3, 5, 2, 3, 3, 2, 2, 2, 2, 4, 2, 3, 2, 2, 2, 2, 2, 2, 5, 1, 3, 2, 2, 3, 3, 1, 2, 3, 1, 2, 3, 3, 3, 2, 3, 3, 3, 3, 3, 3, 2, 2, 4, 4, 3, 1, 3, 2, 3, 3, 2, 2, 3, 1, 2, 2, 3, 2, 2, 3, 2, 4, 1, 2, 2, 2, 3, 1, 3, 2, 1, 3, 3, 2, 3, 2, 1, 2, 1, 2, 3, 3, 2, 4, 2, 2, 4, 3, 2, 1, 3, 2, 2, 3, 3, 3, 4, 2, 3, 3, 2, 3, 1, 3, 3, 3, 2, 3, 2, 3, 2, 2, 3, 4, 2, 2, 2, 2, 3, 3, 2, 4, 2, 3, 2, 3, 2, 4, 4, 2, 2, 3, 3, 4, 2, 3, 4, 3, 2, 2, 1, 2, 1, 3, 2, 3, 2, 2, 1, 2, 3, 3, 3, 4, 2, 3, 3, 3, 3, 3, 2, 2, 2, 3, 3, 2, 1, 1, 3, 1, 3, 2, 2, 4, 2, 3, 3, 2, 4, 3, 4, 3, 3, 2, 2, 2, 5, 4, 2, 2, 2, 1, 2, 2, 2, 3, 4, 3, 3, 2, 2, 2, 2, 2, 1, 2, 2, 2, 2, 3, 3, 3, 2, 2, 3, 3, 3, 2, 4, 3, 3, 3, 3, 2, 1, 2, 4, 2, 2, 2, 3, 2, 2, 2, 2, 4, 1, 2, 2, 1, 2, 2, 1, 2, 3, 1, 1, 2, 4, 2, 3, 1, 1, 2, 2, 3, 3, 4, 2, 5, 3, 3, 2, 3, 3, 1, 3, 2, 2, 4, 4, 4, 3, 3, 3, 3, 3, 3, 3, 3, 3, 3, 2, 2, 4, 3, 3, 2, 2, 3, 4, 2, 2, 2, 2, 2, 3, 2, 3, 1, 1, 2, 5, 1, 3, 4, 2, 2, 3, 3, 4, 3, 4, 3, 3, 3, 3, 5, 2, 2, 4, 1, 2, 2, 1, 2, 2, 3, 3, 3, 3, 3, 3, 2, 3, 3, 2, 3, 1, 4, 2, 4, 2, 1, 3, 1, 4, 3, 2, 2, 3, 4, 4, 2, 3, 4, 1, 2, 2, 3, 4, 2, 2, 3, 2, 2, 3, 2, 2, 3, 2, 2, 2, 4, 3, 2, 3, 3, 4, 1, 3, 3, 3, 3, 2, 2, 4, 3, 1, 2, 4, 2, 1, 2, 3, 1, 3, 2, 2, 1, 2, 4, 1, 4, 2, 2, 3, 2, 3, 3, 2, 3, 2, 3, 4, 2, 2, 2, 3, 2, 1, 4, 4, 1, 3, 2, 2, 2, 3, 3, 3, 3, 2, 2, 4, 3, 2, 2, 3, 2, 1, 3, 3, 2, 2, 3, 3, 2, 4, 2, 2, 2, 3, 2, 3, 2, 2, 2, 3, 2, 2, 4, 2, 3, 2, 1, 3, 5, 2, 3, 3, 2, 4, 3, 4, 2, 2, 2, 3, 2, 2, 3, 1, 2, 2, 3, 2, 1, 3, 2, 1, 2, 2, 3, 1, 2, 3, 3, 2, 3, 2, 2, 2, 2, 2, 2, 4, 3, 3, 3, 2, 3, 3, 2, 2, 3, 5, 2, 2, 3, 2, 2, 2, 2, 3, 2, 5, 3, 3, 2, 4, 4, 2, 2, 2, 3, 2, 2, 3, 2, 3, 2, 1, 3, 1, 2, 4, 2, 3, 2, 3, 2, 2, 3, 3, 2, 2, 2, 3, 1, 1, 2, 3, 3, 1, 3, 3, 3, 2, 2, 3, 3, 3, 3, 3, 1, 3, 2, 3, 4, 3, 1, 4, 3, 2, 1, 2, 4, 3, 2, 2, 4, 3, 2, 2, 3, 2, 3, 3, 2, 2]","[1.0457833854625342, 2.403350231946867, 1.5327383197208666, 0.29021388353314004, -2.1162409944138725, 0.3204971567787016, 0.3389625085735126, 3.230025706249364, 12.827300351895381, 9.003756522352084, 2.8561148418756725, 7.288796189924662, 4.874293370752585, -1.01360337655032, 0.9215096196583901, 3.709841039702791, 3.7474618661970323, 6.919466172761678, 3.054691810269388, 1.1762486276854922, -0.7897058434722157, -0.34693991824463444, 3.278903457347304, 2.89769289515015, 12.709133525567285, 2.962543448763223, -3.157242603973594, 2.434011857133644, 7.605012991081691, 0.19174506843417838, -2.0613145560988695, -0.5464657040941217, 5.726178787655236, -1.179825715925062, -0.936275308905226, 9.165004825317922, -1.3349826506976887, 4.669841736858617, 1.7244147420847233, -1.6218935451622238, -0.22298808110418689, 4.22487766903802, 8.955382949176402, 4.264666358459438, -2.22921603814176, 1.0257070353557287, 14.0288492244987, 5.92224410434074, 3.973492354377201, 1.8970138923553632, 1.5248149500948358, 2.6023755315848467, 2.113726647790904, -0.5174740450544992, 13.099585616523715, 3.4788541451217903, -3.278416435709734, 2.050976819938712, 4.262868965012956, 0.21895320256271145, 3.0741693776750925, 6.287175280351816, 5.137457958120478, 3.956950227606731, 4.758110773455044, -1.6983099560040893, 0.8817157938076323, 8.407216137670083, 3.6380536781414374, 3.2878714225596823, 4.1326758062485265, 1.7391980767906379, -0.23668305634207343, 1.270873479284489, 6.113665962477924, 3.825831574385488, 5.140634540705296, 0.18531788389368176, 1.7253146346861574, 4.481535168726433, 1.5282905707673655, 1.520138111847928, 3.961276878345404, 4.060717556229755, 4.10330419786707, 1.54856897943171, 0.8643495340776748, 4.120857222978516, -0.3717566438016502, 2.6852101908997095, 4.655013509994829, 6.062211389387572, 0.04871902366199787, 0.7108541873238703, 3.1655210833488017, 7.742255605281846, 5.584950332182418, 0.09815472230449673, -2.034581883485873, 5.468317906379759, -0.9584200349137477, 4.804005153189728, 2.2941188042202274, 0.3144722623492662, 4.292220770180089, 1.6265344990041601, -0.3306501082685309, 4.355868691711865, 8.063146255760891, -0.024323045956395006, 9.105793476990218, -1.6080315510105887, 1.9859993835333256, 1.5395019624840818, 1.1259523834831215, 2.4947649869198676, 4.137605181104224, 3.738735248301604, 5.4398629030464125, 9.5644739064093, 3.462058343320437, 2.0020898906406277, 4.414130265400097, 5.748408399581578, 1.581780708896574, 5.164661649186426, 0.0761855079022924, 9.541588634967368, 4.23535958691473, 0.14205680033973467, -0.5006614477194526, 4.105180931022356, 2.8378752735817, 3.973347664848287, 0.2912302315878059, 1.0502582177180138, 2.1836700776273066, 7.183562739154028, -0.22540797466849094, 9.789358767699824, 6.9050095696775005, 2.0534672255600754, 11.489949617878615, -2.9021765115035665, 8.108857991245003, 3.1817030134495656, 5.9114655287721565, 3.3770628957748428, 6.426668041454112, 4.369545351410261, 3.7313585417211006, -2.8944323774900402, 3.6288971028233865, 4.499031048134012, -2.183428841021837, -0.5457866074477726, 0.16712828979859218, 4.903462634169879, -0.29044256904293997, -0.459091774419373, 2.0394726752180343, -2.797650634833807, 5.002711249391695, 4.057339926515845, 6.4018781938794005, 6.207902258848192, -0.7309514084204416, -0.13669101196571187, 4.814294605432976, 6.552023708725869, -2.6700823298607803, 1.4318780693279227, 13.023594247225336, 3.8280088152833565, 3.398594460454587, -0.5280127723176729, 4.120986349036084, -1.2657675400337647, 3.30761302665801, 4.775342617920685, -1.0146162873024984, 0.5029101563363465, 0.5956609958988013, 5.854880502699926, -0.8041578581354356, -0.17593101340289374, 9.112284357739663, 0.20368657824522263, 2.841694444570904, 4.4864483967087745, 1.9479038993938005, 6.430124821299868, 4.388195842150196, 5.862480097866499, 2.330750509248551, 0.2670234731150032, -0.47432358360863214, 6.003189210725743, 6.092112870901525, 2.2563227203023914, 3.007170373083552, 2.4243333250493686, 8.784746239188518, 0.01571297632401958, 3.0421791381471994, 1.7111903971669324, 5.657985783293455, 3.108326984759426, 2.2654730741424323, 3.068813653936779, 1.281060041269753, 4.242411458259145, 5.34014771450583, -2.6965000427461003, 0.9228616820983575, 3.681703746462272, 1.0549353893408386, 4.795640372440094, -0.36967391318736853, 9.287865064637455, 5.4654933030211055, 3.7383230300921744, 2.7441142036924413, 3.795768601771966, 0.8377784087747968, 3.140638780369605, 3.3785457285945997, 0.9481980064040476, 1.5017598906421092, 0.05273345892964709, 1.923715445123784, -1.6727494865782004, 0.10395981718867198, 6.036771555053521, 2.1163891656798843, -0.18122205847699124, 0.687412710703915, 3.1130499546932797, 3.2170984181243982, 4.238210388904813, 9.313613529662373, 3.5175969431695497, -3.16311712022165, 3.1407979223958034, -0.08581895872524203, 2.29776496240932, -0.8622984349664633, 7.029360956781297, 4.664296284027381, -2.461541143584701, 2.5920430853439034, 7.580508635202872, 1.4698773291712495, 1.6168824020737174, 2.1213824457563306, -4.489606973915211, 1.0692169343795135, 5.195662771142224, 0.6565046017708491, -0.3591556864229428, 3.1368821884585865, 0.9560937596054799, 4.8146348517077655, -1.879124752088031, 1.5480582613892353, 2.242412541383082, 4.724613956671133, 4.872571454411403, -2.1430659887782957, -2.0132127101172728, 2.9621165672940224, 3.3238314123869346, 2.263574730503447, 2.6561004264162817, 4.83859827023203, -1.1475807124953277, 2.555342650175315, 3.832040859636352, -1.055555240659114, -0.34854868078194556, 0.44564572840771355, -1.2856582166430623, 4.763911328638239, 9.539417281755291, -0.3659742795225549, -1.1129980566740145, 0.9940592210487653, 7.13363336950358, 9.997360951387087, 0.833947661768256, 4.395801170474468, 10.799392861495345, 2.8721641521326013, 6.153295204663089, 2.573726009561157, -1.2100701354281926, 3.9141394661779554, 4.785581546229829, 1.0045521125461008, 8.853591746286556, -0.027830551233642087, -0.35877519257409496, -2.8640052151321393, 3.744810114786783, 7.116138236100402, 2.1803295499628668, 0.050361563569080836, 7.347129081433962, -2.4679792996265286, 0.6054733045421985, 4.733326881386606, 4.608758933245673, -1.055876287914666, 4.484483023783213, 3.7139835046426337, 2.949819621054031, 5.686723709067731, 3.7989965068852456, 0.2053448212659834, 0.6460230830189353, 1.339115043290544, 2.025580595407376, 2.7253818206833005, 2.8290488544452526, 1.3045314908305592, -0.422938968577685, 2.4664958119091986, 0.5272500247239797, 2.2704143873168694, 1.499389833729806, 5.161367272643781, 4.305433395472853, 2.033466473124242, 1.2910886951133855, 3.7584935553082754, 3.328789129556221, 0.44982130971754586, 0.19393532647122314, 8.066414009610085, 1.5561852831511347, 0.5992823252448041, 2.1280572608276156, 13.033032134529137, 1.4219478513429866, 4.56273163375684, 1.5153047308655563, 6.166044852969066, 2.7304850393364752, -1.409420117524851, -0.8416294575667673, 0.8376476422172949, 9.308518932078929, -0.09910075905834814, 2.604520399973988, 2.1653566954013743, 0.5296948448445589, 2.5823485903187215, 0.9141096269738553, 0.825214257405225, 2.102985771416449, 11.359733053530924, 0.9334592095812098, 1.1860254637499328, 5.339139041793636, 20.56842068040153, 3.925689606908608, 2.367856724789256, 1.1626556630719729, 3.2256638430083497, 1.6626565841260676, -0.8903412744787098, 2.912652986683653, -0.5257580239310307, 1.0398264716437502, 3.279584699402653, -0.413664770099178, -0.7745230592055234, 4.383985296436093, 1.1097252182625477, 12.086431589890065, 3.7600576853957164, -2.6263333551392263, 7.466219926871799, -0.8283717478123069, 4.774530750796231, 6.006169351583639, -1.444492678165422, -2.030358669262882, 9.98127611504639, 1.5075247379522265, 1.2274898546431885, -1.4244503354227698, 4.134553882136571, 3.4148327986738787, 0.9158790365858647, 5.065355585944486, 0.9363616432513195, 9.788965552489326, 1.282429507700932, 2.507460603762824, 6.730604004015167, -1.2146455149290922, -1.7568931132747867, 2.655409657506656, 3.347693683043596, 2.609925547807354, 3.370241450740553, 1.8603646326300223, -1.0231888373535556, 10.605585585877819, 1.3545832986990158, 3.999548373308116, 11.309262646147193, 4.362211497362903, 0.6936073270266554, 1.7644402373714274, 8.326025800441908, 1.195795573474987, -2.502903885595111, 0.5724142358936746, 4.3163203986042395, 7.782629561000629, 4.692340372607032, 6.0549587552490856, 1.1326472978567552, 0.7018748493422269, 9.140624010925485, 6.353370982225776, -1.9255120975646092, 8.821324600059768, 4.775844209984361, 2.1050201704510747, 2.1376734988582555, 2.740916223970203, -1.1435776499730985, 0.6706655003332922, 2.821301827267641, 0.0949655199307684, 1.2998777598398599, 3.9816578286374416, -0.1325710910193223, 2.048220678890332, -2.366453099830415, 6.225912003836324, -0.05286962119063343, 13.444174646944287, -2.2609454849383894, 1.346789390257154, 3.6415874209689534, 4.800037052928632, -0.581574332574764, 3.7211511345244674, 1.556160548506226, 4.76968709695518, 3.258057124296213, 7.633530305473729, 7.51886692914839, 2.8881251827775176, 2.476247063683198, 1.3985073201055247, 3.4875280035101257, 1.5720923013277313, 4.434160694807983, -2.8502884606132497, -0.4365265991583014, 4.106459518550787, 0.5309887040664361, -1.1769217472899056, -0.6695492543339632, 3.6321973133187577, 1.1603113880775195, 2.119424256600947, 4.959006374294464, 3.7900206666075373, -0.12488062296311941, -0.49659497984860757, -2.2117285839510332, 0.02817378353002775, -0.36014720178838555, 8.139509527898007, -0.034459929759265595, 1.8106347668335696, 8.494009338891964, -1.3753352244857355, 6.405974881359404, 0.7625073290554714, 3.794422427041636, -0.9570192339816836, 0.7114500937944075, -1.1853674731994124, 1.725753785563295, -0.1587512502604267, 4.469329436300672, 2.1966478861850085, 1.4753758912714385, 10.02077475320491, -0.47600731289936427, 7.836332698033666, 0.23730264523352407, 3.2658129775423097, 0.45882368920651917, -0.5677328368264267, 1.6452712724382392, 6.0356986009081535, 0.7022501066458167, 0.007654928081229251, 2.8801141210504233, 3.631460908021386, -2.7434466901337755, 0.3049774167754151, 1.565047762684772, -2.587457046550541, 2.9238488337086075, 5.16868341893006, -0.04657834528148408, 3.3343402668251763, 4.378574313162125, 3.195099127649191, -2.468508572089153, 0.7253684942900431, 5.2632371952330885, 1.464861557465765, 1.2088626069079698, 2.100078857276637, -2.016318273889903, -1.369437114828144, 6.329096442520415, 8.151099635369064, 1.5804427635540605, -0.3328674987199869, 2.0342105576102183, 6.165351672594977, 3.4219205798050583, 1.7023582935927641, 5.5337127111188735, 5.5932599069727456, 2.478235877240885, 2.123255350070793, 4.730764436010121, -0.9418509772739441, -1.394955833477539, 13.0487426413838, 4.133797677126244, 1.947548989835394, -1.0930806564088105, 2.443881012854062, 12.207992756604217, 4.0920150377177995, 1.3142922694588361, 3.700512879619081, 1.8090315853047532, 1.6189174980241565, 11.812557716462784, 5.4118239196218365, 5.548781764921055, -0.60889633060575, 1.4957224329790777, 8.211646511930311, 2.481554205672183, -0.023340908561642948, 4.442241927452417, 1.6472092134315326, 5.002538381973802, -1.5822811625804816, 1.3469639020688031, 3.1496322222420883, 3.269934744379842, -0.4462829891123241, -2.6856316924477897, 1.734732771389436, 5.387182404590657, -0.2598404954276745, 8.44373041893989, 3.825145943655886, 4.098137685999724, 5.763942802868481, -4.3090440031010315, 6.991609195530346, -2.2823961065537093, 8.411327281267965, -1.2528455919309738, 1.6675011364041636, 2.1007198517579284, 1.341323792142, 4.433785832759211, -1.7159129520281668, 3.7414316999345143, 2.6131394904466534, 4.843896235379099, 3.9582936580088735, 1.9705641350899796, 5.823588905396305, 1.0008682495660608, -0.41720963153708235, 3.910855011481598, 1.6600463743265044, 3.8608417936822095, 1.2080645064284614, 11.887566748940632, -0.8372959734150438, 2.857035994115333, 0.06813409159901074, 1.08774642436842, 5.019062553124085, 1.3318846613437665, 2.514529479652735, 2.044504398527721, 2.537113307770727, -0.5026695147085527, -0.32781431819235474, 3.928327996443214, 1.4211918948231845, 4.297022680936911, -1.6685771996288512, 2.3986646295342196, 8.25980343285985, -0.9032959945359433, 4.6388838008595705, -1.61747656564848, 8.494897348122866, -0.8375508879511555, -0.4237886876259882, -1.7562855440316119, 7.5880346083965415, 3.196984647930276, 3.8463452447088153, 6.980787924123694, 4.119317982040231, -0.7431952561224939, 1.8718354199807574, 1.224961393826061, 10.239877702606986, 2.682521981718158, 2.5064509835488424, 10.176607472947847, 4.0456401087582154, -0.17124213178875314, 2.6066324571555026, 1.1544861430755706, 4.11154477170068, 5.198126095212293, 3.3523142976643063, 1.3570693156461247, -0.44777439209100534, 2.172138239348757, 8.494825658509757, -0.442227999497939, 9.172966116165739, -1.6241367214015083, 4.349262959233422, -3.664896041921714, -2.219700296493424, 5.7261692254311765, 3.914944697861533, 1.903140729564839, 1.7355614437051392, 8.373161018135615, 1.3431040300162609, -0.5453436027935301, 4.803011846321471, 2.6795168219041785, 0.1584505966621208, 3.097701475168939, 1.9307193331979118, 2.985758198250531, -0.5877969853219316, -0.29249896201487857, 1.8570901909412687, 9.453942935023061, -3.267616359919269, -1.6233950269212327, -1.9308610370023045, 3.159050358945367, 5.644870753431263, -1.174215832777067, 2.402457871424981, -2.0184715766894596, -0.8291969280924265, 1.276988099723673, 4.302797055101306, 3.441759784954619, 3.557211179061472, 2.8426632688099907, 9.723404479212611, 1.9769453328856026, 3.640736899777236, 3.6335569042653697, 1.3187575731093544, 4.3756542856610405, 2.0036067908335293, -0.9415107309991537, 2.969652475981251, 3.319494487038899, 8.967612668253025, 3.132321625018713, -0.386750194690924, -1.1714356486760042, 3.6475298203877067, 5.369560882015219, 4.2676380747319005, 6.36183580571494, 3.05978858154692, 4.601509109457483, 7.7382143868376465, 0.5046614650174859, 2.9934555959895697, 1.627764619156738, -0.7028941011565384, -0.3568508167283606, 2.8625784859381556, 0.5984858239642872, 10.116356905663302, 2.915084091022403, 1.1283367007081133, -2.0052032927839356, 3.7195957835123736, 11.469974353224472, -2.208315142815593, 0.16692574715933128, 9.85887038654062, 0.8490800200974693, -1.6180431982132752, 1.1875170739181982, 3.6321106798511855, 2.196437119897818, 1.8094163715819145, -0.768658463292033, -1.3390458131207312, 13.154556692861561, 4.587910106131446, 1.0650329222083224, 0.12647701129875122, 5.512717187804418, 4.054567826396536, 4.2126070842002195, 7.964953047942498, 1.93818807896935, 1.1741997668407915, 4.068112666643828, 1.2256078207531798, 3.014030466148143, 2.890114749734796, 8.010102450207397, 2.204908277296512, 1.2077171289496023, 1.0752643276553284, 4.220021745812878, 4.464263419280061, -1.4991110391453724, 0.09000665205931346, 0.21495727124455177, -1.3292648861492085, -2.679939762454805, 5.124069871739747, 6.7833560438048055, 1.8573859498513323, 7.92435249314731, 0.9775405406026185, 1.3028741461991533, -0.33522897800664, 11.262554384805245, 1.7334251998870975, 0.6611363893902773, 2.0655885342463782, -1.4359149387503054, 4.827369323818296, 2.5153918672099254, 3.271545955502082, 1.4759923469845457, -2.029129852268963, -2.881988576948822, 2.9433974029214456, 2.8373696432485875, -4.079140422183997, 2.833923978511852, -1.5310282163902142, -1.5512844292989376, 1.512501160520698, -0.7678717373086279, 4.361115786437681, 4.152949060918592, -1.3954940339467878, 1.5547363670702525, -2.0577367289252466, 4.777667289078907, 2.8012411898843794, 0.7923464638781423, -1.7973722760056425, -1.661647622679638, 2.7269893908863714, 7.124613967904173, 3.7137994659767073, 1.8486106517698038, -0.775274675794893, 1.229596820613974, -0.46063869281942393, 4.5141017187001236, 2.2853436550222854, -3.0611992045609178, -1.3078117238462257, 2.3043126462931474, 0.0676376377153578, 7.0429812603673945, 2.1114856077909003, 15.470309929063486, 12.413462493818713, 0.0001628116174416938, 1.4642724317467877, 1.535202393296704, -0.2928487351439455, 3.614188469102082, 5.394337395367959, 0.12929928886501418, 8.69908029276148, 0.8087926300257751, 2.999974898664812, 1.6580021036295998, 2.866883193305556, 4.555393731877871, 5.65225094073449, 0.4395223306200209, 7.7710076537503925, 3.9330705493859552, 3.526349399490452, -1.112595578224488, 2.384098649563233, 8.892231134648672, 7.241478707789557, 1.2249160080719803, 5.278073847289884, 5.411440264802757, 1.3297136023736502, 0.6006293948154324, 3.1695325785069177, 4.253190581859958, -1.317405270750509, 1.4512108793842309, -0.19585821530690017, 3.245433873141415, 5.710761093908908, 2.9547268474443205, 1.1342064895347217, 0.3569154944545705, 0.8579597565847963, 4.087185295903913, 1.9499714674599056, -0.7975057867327724, 4.831285954394184, 4.815136443771443, 1.4661050376956117, 4.762330344615726, 2.136145630689236, 9.53332460468738, 11.73313204948089, 0.8971071555084351, 4.76551740333114, 1.8849233001979413, 4.885362820793787, 3.3729969873206187, 9.699789656761391, 8.030303750507763, 2.9711440861495166, 9.326300316853516, 0.3915848231983339, 3.192591660950863, 6.286631261423176, 2.1692760836899145, 4.871329204124609, 2.547455378329747, 0.9552864844033506, 10.143364586446406, 0.6219241511896758, 2.104647704444967, 0.35645544962224207, 5.5497919331195735, -2.1344761740335914, -1.3436506172093345, 4.961240277445892, 0.47916069836768393, -0.011043586909014191, 1.5791578849287622, 7.073935830588726, 1.5238657688259374, 2.533658023435141, 0.6611126096661932, 0.47411629134242794, 6.983805026150237, 2.283895085476244, -1.550939792599209, 4.387174201042649, 3.8927882974942842, 2.4380993586020123, 4.916611371854523, 2.9491057912260725, 0.6819669140524014, 1.752249354543833, 6.63367278375774, 1.8335690631980686, 9.45408597660916, 3.311266313908031, -0.17851819519881484, 1.019449910025967, 1.2131510048473142, 4.060914267298392, -0.05099362211931879, -0.9776913699933543, 6.736991287468756, 2.5304940511009013, 5.455993508820342, 4.84219420188558, 4.944140368995662, 2.2824155470646605, 1.6833706494888268, -4.209086322114302, 9.255178288794934, -0.5470287805774494, 5.208249812992401, 3.0042057921002536, 2.245795013284371, 2.3894432021012038, -0.23901032289720803, 4.115232690538938, 4.930713814886062, 6.168952413482494, 2.5293091734394806, -2.9519261847052416, 2.1052208710930156, 0.90492555010468, 3.526174887678802, 2.5007770734236248, 4.460576264011142, -0.19950437349599337, 5.187868862700363, -4.4126935745896185, 7.348473046709407, 0.8528596930183849, 3.9431986558403174, 4.402107857422319, 3.414630256058463, 1.515160939773688, 1.7734728926801053, 3.7719398430610322, 7.828893831052587, 1.0373298314569892, 3.4652970223791733, 2.6961043365480237, 0.1410124232796761, 0.2057988464863003, -0.25742480037694193, 1.1715941471890239, -2.8274119644243765, 2.66887514610087, -0.3950754286761371, 2.1517625743696454, 0.773509493579617, 7.647138278059642, -0.005626521847058363, 2.364818392097664, 0.6183732587315207, 4.788444417857299, -1.1125530856344916, 3.945437658037811, 1.7039507953981503, 4.265981462041324, 6.0612426022108385, 2.275031509901997, 5.189609909907217, 0.012390351642121544, 6.6231337021720815, 1.715001592927198, 1.724400977190462, 0.19594244423169638, -4.592109487323099, 9.1154535072443, -1.7539410693143003, 5.240064942229601, 3.866427145528748, 3.8288104060477646, -0.8929950224143721, 3.415140625470648, 1.8202270158550915, 6.242008038447309, -4.788436295406364, -0.6894487626562533, 3.950297408448983, -0.7860605819217943, 4.0355155469770825, 4.842772352530324, -2.0243286892672243, 3.826467728453929, -4.57812624215538, 4.480796034962817, 2.934359812680815, -0.8293919891228008, 1.1066218489636603, -0.4484917002357407, 2.276371301135653, 4.450080230859197, 6.1758757439697245, 0.9688477829384405]"
1.0,5000,0.8013217422045902,0.8013217422045902,0.011516094207763672,0.3467833441799903,"[2, 3, 3, 1, 3, 2, 1, 2, 3, 5, 3, 4, 3, 2, 2, 3, 2, 2, 3, 2, 3, 4, 2, 3, 2, 1, 3, 2, 2, 4, 3, 2, 2, 4, 3, 1, 2, 3, 3, 2, 3, 3, 2, 1, 3, 3, 5, 3, 3, 3, 4, 2, 3, 2, 3, 4, 2, 2, 3, 1, 1, 1, 3, 1, 1, 4, 3, 4, 4, 1, 2, 2, 2, 1, 2, 2, 3, 2, 1, 3, 3, 4, 1, 1, 3, 2, 2, 2, 3, 3, 2, 4, 3, 3, 2, 4, 2, 1, 1, 2, 2, 3, 1, 3, 2, 2, 2, 2, 2, 2, 3, 3, 3, 1, 3, 4, 1, 2, 3, 3, 2, 4, 4, 3, 2, 1, 2, 4, 3, 2, 2, 5, 3, 3, 4, 3, 2, 2, 3, 3, 3, 2, 3, 4, 4, 3, 4, 2, 3, 1, 2, 3, 3, 2, 3, 3, 3, 2, 3, 2, 3, 3, 2, 3, 2, 5, 2, 3, 2, 4, 3, 4, 3, 2, 2, 3, 3, 2, 4, 3, 2, 3, 4, 1, 2, 5, 2, 1, 4, 2, 2, 3, 2, 4, 2, 1, 2, 1, 4, 2, 5, 2, 4, 1, 2, 2, 5, 2, 3, 5, 3, 2, 4, 2, 2, 4, 2, 3, 3, 2, 2, 2, 3, 4, 2, 5, 2, 3, 1, 3, 3, 3, 2, 3, 1, 2, 3, 3, 2, 1, 1, 1, 5, 1, 1, 2, 2, 2, 3, 1, 3, 4, 3, 2, 4, 3, 2, 3, 3, 2, 2, 3, 2, 2, 2, 3, 2, 5, 2, 3, 2, 2, 3, 2, 3, 3, 2, 2, 4, 3, 3, 3, 2, 4, 2, 1, 2, 3, 3, 2, 2, 3, 2, 4, 2, 1, 3, 2, 1, 2, 3, 3, 2, 2, 3, 3, 2, 5, 2, 2, 3, 2, 3, 2, 2, 4, 1, 3, 2, 2, 5, 3, 2, 3, 1, 2, 2, 3, 2, 3, 4, 3, 3, 3, 2, 3, 2, 2, 1, 4, 3, 2, 3, 3, 2, 2, 2, 2, 2, 3, 2, 1, 3, 3, 3, 2, 2, 3, 3, 3, 2, 3, 2, 1, 4, 4, 2, 2, 2, 3, 3, 1, 3, 4, 2, 2, 2, 2, 3, 3, 2, 5, 2, 3, 2, 4, 2, 3, 2, 3, 2, 3, 3, 2, 2, 3, 4, 2, 3, 3, 5, 2, 3, 3, 2, 2, 2, 2, 4, 2, 3, 2, 2, 2, 2, 2, 2, 5, 1, 3, 2, 2, 3, 3, 1, 2, 3, 1, 2, 3, 3, 3, 2, 3, 3, 3, 3, 3, 3, 2, 2, 4, 4, 3, 1, 3, 2, 3, 3, 2, 2, 3, 1, 2, 2, 3, 2, 2, 3, 2, 4, 1, 2, 2, 2, 3, 1, 3, 2, 1, 3, 3, 2, 3, 2, 1, 2, 1, 2, 3, 3, 2, 4, 2, 2, 4, 3, 2, 1, 3, 2, 2, 3, 3, 3, 4, 2, 3, 3, 2, 3, 1, 3, 3, 3, 2, 3, 2, 3, 2, 2, 3, 4, 2, 2, 2, 2, 3, 3, 2, 4, 2, 3, 2, 3, 2, 4, 4, 2, 2, 3, 3, 4, 2, 3, 4, 3, 2, 2, 1, 2, 1, 3, 2, 3, 2, 2, 1, 2, 3, 3, 3, 4, 2, 3, 3, 3, 3, 3, 2, 2, 2, 3, 3, 2, 1, 1, 3, 1, 3, 2, 2, 4, 2, 3, 3, 2, 4, 3, 4, 3, 3, 2, 2, 2, 5, 4, 2, 2, 2, 1, 2, 2, 2, 3, 4, 3, 3, 2, 2, 2, 2, 2, 1, 2, 2, 2, 2, 3, 3, 3, 2, 2, 3, 3, 3, 2, 4, 3, 3, 3, 3, 2, 1, 2, 4, 2, 2, 2, 3, 2, 2, 2, 2, 4, 1, 2, 2, 1, 2, 2, 1, 2, 3, 1, 1, 2, 4, 2, 3, 1, 1, 2, 2, 3, 3, 4, 2, 5, 3, 3, 2, 3, 3, 1, 3, 2, 2, 4, 4, 4, 3, 3, 3, 3, 3, 3, 3, 3, 3, 3, 2, 2, 4, 3, 3, 2, 2, 3, 4, 2, 2, 2, 2, 2, 3, 2, 3, 1, 1, 2, 5, 1, 3, 4, 2, 2, 3, 3, 4, 3, 4, 3, 3, 3, 3, 5, 2, 2, 4, 1, 2, 2, 1, 2, 2, 3, 3, 3, 3, 3, 3, 2, 3, 3, 2, 3, 1, 4, 2, 4, 2, 1, 3, 1, 4, 3, 2, 2, 3, 4, 4, 2, 3, 4, 1, 2, 2, 3, 4, 2, 2, 3, 2, 2, 3, 2, 2, 3, 2, 2, 2, 4, 3, 2, 3, 3, 4, 1, 3, 3, 3, 3, 2, 2, 4, 3, 1, 2, 4, 2, 1, 2, 3, 1, 3, 2, 2, 1, 2, 4, 1, 4, 2, 2, 3, 2, 3, 3, 2, 3, 2, 3, 4, 2, 2, 2, 3, 2, 1, 4, 4, 1, 3, 2, 2, 2, 3, 3, 3, 3, 2, 2, 4, 3, 2, 2, 3, 2, 1, 3, 3, 2, 2, 3, 3, 2, 4, 2, 2, 2, 3, 2, 3, 2, 2, 2, 3, 2, 2, 4, 2, 3, 2, 1, 3, 5, 2, 3, 3, 2, 4, 3, 4, 2, 2, 2, 3, 2, 2, 3, 1, 2, 2, 3, 2, 1, 3, 2, 1, 2, 2, 3, 1, 2, 3, 3, 2, 3, 2, 2, 2, 2, 2, 2, 4, 3, 3, 3, 2, 3, 3, 2, 2, 3, 5, 2, 2, 3, 2, 2, 2, 2, 3, 2, 5, 3, 3, 2, 4, 4, 2, 2, 2, 3, 2, 2, 3, 2, 3, 2, 1, 3, 1, 2, 4, 2, 3, 2, 3, 2, 2, 3, 3, 2, 2, 2, 3, 1, 1, 2, 3, 3, 1, 3, 3, 3, 2, 2, 3, 3, 3, 3, 3, 1, 3, 2, 3, 4, 3, 1, 4, 3, 2, 1, 2, 4, 3, 2, 2, 4, 3, 2, 2, 3, 2, 3, 3, 2, 2]","[2.5695912908491363, 2.67770593110303, 2.572246187626751, 2.4080691900448143, 2.308626252729975, 2.5080515552962517, 2.358268147610908, 1.8975257437540523, 2.9746187575011582, 4.197394298772905, 2.165724997067236, 3.7586609257565966, 3.1464326623303895, 2.6075467059600785, 2.6299755109506955, 2.3681414070557802, 2.130185872990614, 2.6265424298742412, 2.195616613634347, 2.1853445098361886, 2.3238963488992668, 2.047478623991815, 2.1257934613298763, 2.8526002524414227, 3.1252334355317912, 2.204319841337198, 1.2746193115892295, 2.1603949436689387, 2.67363538355087, 2.7094174213541407, 2.427728929179158, 2.520988599846711, 2.2248309686731575, 2.2165808260469455, 1.5806453344621465, 3.1749883590987245, 2.467722094012819, 2.3495728672053255, 2.526943730616219, 2.40056302597208, 3.0392646915672943, 2.339426840771653, 2.8228621234927003, 2.6296487086625473, 2.4789576438148377, 3.0670829031029765, 3.466357183897256, 3.1942986156303528, 2.050761658742604, 2.3501538009599328, 3.592678205413396, 3.120074206476464, 2.391727926961212, 2.2943210416999116, 3.227396497453806, 2.6553060624105775, 2.50878505479763, 2.2417686664565317, 2.0328598950136456, 1.9942282049222269, 2.1790268869034106, 2.9191451579873244, 2.237658193962753, 2.1104001179251406, 3.4670823185348896, 1.6025942986770065, 2.258359377240108, 4.0152630559117055, 2.700131147848208, 1.985905977170685, 3.2783571287539424, 2.1411739792514664, 2.409186735490917, 2.503135150796825, 2.188233583116926, 2.167980844115012, 2.1862908018138567, 2.1850922835545363, 2.0863577151029387, 2.067551822696691, 2.621313081057157, 2.4795926067948697, 2.485366055104091, 2.4759740827628853, 3.5592121738915634, 3.0704159625105443, 2.4963336883984057, 2.001075786187619, 2.4219441645877215, 2.1343244045009655, 2.885612269357446, 4.200546127171594, 2.4352302326989252, 2.2694367557948754, 2.382939834920318, 3.0425394268373864, 2.283366545384385, 2.4748556046256285, 2.264302214706623, 2.718403636920188, 2.19927238810387, 2.2632816041755532, 1.8920766261102662, 2.3917189633698452, 2.919877315115612, 2.8901150950235643, 2.511905380015124, 1.978879424887903, 3.9663650143925837, 2.486423383892547, 3.1496323894433544, 2.0533626461119465, 2.5746334230248036, 2.4291169175132823, 1.9985440382732758, 2.352783629465507, 2.187181265500384, 2.6069260093943347, 2.0380912536949625, 3.655124344845437, 1.9694543722863398, 3.1763122535354236, 3.0937492830388424, 3.206364710788011, 2.146629238387954, 2.0901778445029646, 2.1806495077182255, 3.890169935794164, 1.9898476871246469, 2.0953345608611933, 2.156038008759853, 3.559196954104454, 1.979760397339589, 2.4480280753029335, 2.031221751856138, 2.067202487640304, 2.062996573053299, 3.392534395118177, 1.987550413325129, 2.7440947821244546, 2.252119665633296, 2.335377097809769, 3.0051534234055293, 2.4280531167866863, 3.039787280135327, 2.2151720024435315, 2.113487362882277, 2.540543892608675, 2.331608346015732, 2.0453369519990394, 2.08305998717739, 2.5177153642600563, 3.3499957807240537, 2.3372826286752995, 1.975598297694325, 2.250693654861297, 2.5918043964931066, 2.2977080120028686, 1.928919012590971, 2.478426024052449, 2.4119394138335943, 2.370225083251926, 2.0692758162989167, 2.1913121778339537, 2.1610125166146648, 3.345643090424158, 1.6557875876251167, 2.4970363126381097, 2.029425663056712, 2.857384587586443, 2.3091161198223094, 2.853465687560828, 3.652843927646286, 2.1225783753942373, 2.7713944025783306, 2.5791926997874692, 2.279144546197349, 2.6574574898423675, 3.2649022556045186, 1.9392609548952502, 2.1574513983540924, 2.4214467954423076, 1.71611109671298, 2.2793199914738236, 2.4627835909847313, 2.812805891200824, 3.964613565571588, 2.6491256432919132, 3.1959170916478152, 2.11803580603701, 2.0186195738066646, 2.9733931210548934, 3.093897521852464, 2.8506630103853396, 1.9824604802930228, 2.360235799764516, 2.3864345733996837, 2.58702428850944, 3.2113297662750635, 3.140309305381786, 3.68638399685744, 2.428089887476725, 3.807947373465413, 2.0099738563844207, 3.0061398024879087, 1.9463058821502663, 3.724309365443043, 2.1524211806012747, 2.457844028772585, 2.967659619488381, 2.1478326977536257, 2.0682751875981285, 2.359073230874905, 2.408627387327626, 2.45142011195136, 3.704364663478592, 2.290645946754227, 2.216806904633853, 2.619582424024179, 3.0145605939268476, 2.959961056977249, 2.1886947446173473, 2.4126373352369144, 2.5095665322884884, 2.6531667884463412, 2.8709983574125806, 2.352716551700022, 2.2068834330720204, 2.3422879150295097, 2.5762369161729537, 2.2085914150665595, 2.499623493398448, 2.568150970234159, 2.845409684305782, 2.7839023631320092, 2.2377090739393544, 2.6497842785319077, 3.1553320519180574, 1.898746700158409, 2.2715229508102985, 3.33384583290637, 2.3395834437095693, 2.2722028302769117, 2.114674647022663, 2.638660764362545, 1.8917322537910886, 2.0963502508456036, 3.284370188304078, 2.098282438691835, 2.3384802167386503, 1.9663672548932745, 2.5323068621357994, 2.7059236299885994, 2.046433909727308, 2.4293069360245836, 2.7876339775166814, 2.5771121373253494, 2.27493714111349, 2.748848347901776, 2.0001826161240506, 2.4207380204758673, 2.1099486889037626, 2.217080817805776, 2.282781120007863, 2.1226152520174884, 3.0196339409805653, 2.1769362980995153, 3.179886739295158, 1.991363062239834, 2.1077581680577206, 2.201187637025774, 1.8886659831788482, 1.6092947098555284, 2.233262769435347, 2.3504080191167973, 2.260403286690268, 2.43046642939797, 1.9774058838814428, 2.2142562243575266, 1.9991808057409888, 2.3447421519430107, 2.2029803734271964, 2.034184262376256, 3.000585376585602, 2.9280487210098656, 2.8074663465676846, 2.153491540249428, 3.6031814167409086, 3.8015127423269055, 2.0389857728073744, 2.3018356506362028, 3.6809791869917166, 2.362413576235173, 2.72194694432148, 2.1471992225295446, 2.4773721664331823, 2.1358913170276708, 2.2163748643836243, 2.295404546073771, 2.5377117984995574, 2.4381078482494374, 2.518011717533469, 2.222701552660414, 2.1304363255863796, 3.8229678103737035, 1.8996512702678168, 2.4526867109407013, 3.086314837201879, 2.3383972495550363, 2.266249836248687, 3.2485796709584163, 2.633347774194953, 2.114633290336484, 2.060575704655044, 2.1333478370121535, 3.3094302232817654, 3.069700248302739, 1.9376312393368877, 2.381405183828825, 2.4196605583372484, 3.0485373939179605, 2.559594927226727, 2.320562926032741, 2.1897291338824085, 2.2670720961778006, 2.429814631448429, 2.157326899370812, 2.6220157052968607, 1.800471815523153, 2.339061782362468, 3.216509115779482, 2.5195058044988112, 2.1230708726610277, 2.407382219092346, 2.500241391537878, 2.12364375162271, 1.972423175803394, 2.6986934419138504, 3.563728970855451, 2.437644744625393, 1.8158164253802958, 2.001604450581847, 3.044798453285695, 2.580408909504868, 2.5224035063887995, 2.4314022974496425, 3.0376626929884685, 3.188014560168892, 2.5199493959682036, 2.474402483542914, 2.8366775793630428, 2.727628962348791, 2.3509955310988673, 2.516215355062504, 2.1905348030129965, 2.386555312958887, 2.240228482255074, 2.592175291760981, 2.03081171087711, 1.8446639315764113, 2.9259538322299354, 1.5944988957863224, 2.71128506002693, 2.2579361156793465, 4.45954042603919, 2.658214402370487, 2.1179963506007886, 2.496304781242011, 2.4462494743556094, 2.1846010877871724, 2.495821230031258, 2.1151882501332686, 2.166993663702777, 2.243426141217591, 1.986688641532452, 2.380705470271548, 1.8980273915681434, 2.2787890314556583, 2.0015948609748326, 3.55707560260285, 2.128996223160728, 3.1832819496238507, 2.7279102073278954, 2.324098286136765, 2.8291272732740484, 3.59716690071647, 2.4008697790928983, 2.447771216014454, 2.4798510868253363, 2.1054093339776863, 2.7027222552165733, 1.9880679945659272, 2.3230599526307665, 2.161602020471947, 2.7243509533784644, 2.291183150449336, 2.891500616319106, 4.366426718381563, 2.090471208210304, 2.9432390751505224, 2.7516191257271205, 2.22347237016971, 2.8706157188530432, 2.6990962572047885, 2.026970917017935, 1.906205403876367, 1.9781262934147197, 1.8843970241301065, 3.011281083748228, 3.426751873938268, 2.262344803432727, 2.200220453767425, 3.217800531000183, 2.5115477731326927, 2.52297706095704, 2.1297909934379566, 3.6054402191568453, 2.951384606996372, 2.2513021411882628, 2.80116018535011, 2.6224247273259262, 2.405977903304093, 2.6040058664325287, 2.7311594276420945, 1.9079316323937816, 2.426834365381012, 3.913578170924877, 3.93671258550051, 2.148121833785276, 2.783377586797096, 2.0330572256953117, 2.0037802575075596, 2.6089549198795168, 1.8950743397104972, 2.588684753904481, 2.4512298343770684, 1.9813257260631234, 2.144979070422746, 1.9859806962350879, 2.3895974701123768, 2.5542929212860157, 1.6317023711782257, 2.2271455599305883, 3.2606594881885895, 2.158941802636672, 3.24349756796658, 2.4613337791349124, 2.1692372772710207, 2.403102767123212, 1.936928615097184, 2.2289478440950328, 2.290813794298899, 2.437691226349495, 2.618148432289435, 2.6982129637493366, 3.5328963070912245, 2.9181058089118355, 2.3519071745068425, 2.1077591007488743, 2.3520399129771286, 3.414889685781541, 2.0747348717982983, 3.1495031761121552, 1.8587136580932253, 2.056136955938008, 2.986068904781483, 2.1738921773774225, 2.4493435793019653, 2.0781454777909, 2.628288433235489, 2.4723194429649498, 2.170666279278831, 3.093234856566414, 2.3058011595289103, 1.9421353459427402, 2.471167358042479, 2.223387637932415, 2.1637363100206635, 2.6209838606468567, 2.911659350876044, 2.438733979738851, 2.215821678272727, 4.4005366644507955, 2.4567832039738415, 2.544748995109386, 2.3600120427357503, 1.9228995616717257, 2.7475376272925116, 2.214493688406924, 2.0789076983780275, 2.3063820318501604, 2.1237452771933407, 3.648888280171387, 2.5547380949486826, 2.716704431658662, 3.643623133642097, 2.1528823137950863, 4.419523973417908, 2.3600506187987578, 2.0814194174514027, 2.4361445686000014, 2.3931889861964297, 2.5740665704360275, 2.9126133903191738, 1.9430638994516434, 2.2957158381325913, 2.033416749923366, 2.422672866040656, 1.7068232478754024, 2.688205739466171, 2.381507335292324, 1.547531978046138, 3.320119710439799, 2.2841829858042617, 2.6038168060396623, 2.024412705449177, 1.976734924536661, 2.609624536851207, 2.6250215499400533, 1.7574702650574332, 2.6057997545997185, 2.354341441319281, 2.1927812989570565, 2.6611524707569916, 1.9708818582315886, 2.3319357711092876, 3.3773254722378505, 3.8151539559504473, 2.5190937862279204, 2.3013695318205376, 2.1947053937922494, 2.7429638627817665, 2.818740468217079, 2.506796093380109, 3.4243904195657615, 2.849223267350501, 2.1075712613020503, 2.0959016265734394, 2.037314919823325, 2.103863828718568, 2.428189608005298, 3.188519881200834, 2.2813845217685644, 2.076298821209925, 2.6178121171355873, 2.3210557270482557, 3.502742922791822, 1.9099562275048014, 1.8907756295838458, 2.237462670093721, 2.313266720495184, 2.190250356169796, 3.271067342955204, 2.8308163898995486, 2.4254094910668225, 2.1614337308180005, 2.5384229458312495, 2.5259464002960845, 2.715516555514663, 2.439202010046576, 2.2022289037303446, 2.418530603226959, 2.1035582812832865, 2.536275774554666, 2.35690808530732, 1.8579901339406346, 2.278129910331142, 2.52627665319373, 1.9842705384337642, 2.316834114488281, 3.2152160112160946, 2.3209802437304345, 2.5764223778325603, 2.213242433250669, 2.236105723849111, 2.780876124465767, 2.0151790567447456, 2.9079573007835795, 1.7084747787733936, 3.884833203236077, 1.8113719846330527, 2.467545318807529, 2.1918737042992134, 2.778012195707107, 2.4407385331961287, 2.913057260204914, 3.5737694365539996, 2.2478374575355313, 1.9315454612297671, 2.4856478142743272, 2.1068730254288535, 2.9142831477095266, 1.9199643181625288, 2.622923312767478, 2.7523651102574345, 2.7423916044612184, 2.494851947168709, 2.6029109773207875, 3.651545688858393, 2.6536007097553345, 3.089410118764653, 2.5228878256019414, 2.1937033652198616, 2.5097506904922144, 2.1531359476952563, 2.643456250377211, 2.0546926833351753, 2.9182076122969853, 2.559981066799309, 2.3725970674836403, 2.640500306071878, 2.115081497179793, 2.8255801391240194, 2.0111252866635874, 2.2566889755741695, 3.7540971876350797, 2.2840461178445812, 2.6047775910672715, 2.707476933350056, 2.8635951221299383, 2.0377802952761748, 2.195078982438512, 2.0945639418668187, 2.469553838505101, 2.483224304744458, 3.1372551239373845, 2.6207507135971646, 2.6309276767258685, 2.6676790941539648, 2.6340627926050066, 1.8992127514036956, 3.8276679153600015, 2.1575443086450354, 2.435084149132396, 2.6218907188191616, 2.5712417625630692, 2.4731005927038208, 2.223184810194313, 2.20884774145983, 2.1063160876407965, 2.3199013177916754, 2.445587723056637, 2.262110004124197, 2.9650141201101126, 1.9035974455154785, 3.0894615733479633, 2.5957860281784475, 2.825630492713386, 1.697018217753651, 2.692655709020031, 1.13487886906755, 2.5026350866000273, 2.7557332244755153, 2.1934609914202836, 2.350679752301368, 2.3167558480521047, 3.4886724112584506, 2.320661143497405, 3.3669380722504862, 2.0830768668326334, 2.372142738453536, 2.3266703227351444, 1.8729984219681775, 1.7366437824898513, 2.2664706808244497, 2.390257159445375, 2.1363774799922624, 2.2148840365351674, 3.4326796501211603, 2.3143265238331345, 2.7446474191068564, 2.0664051179904135, 2.088466533325977, 3.2225470943322065, 2.546381636056304, 2.4052581917076417, 2.532276250571373, 2.1836175453719657, 2.127183056522048, 2.261972890100178, 3.207404966103659, 2.4641152298773723, 2.1183486586582467, 3.4524263810632085, 1.9651619526614406, 2.8423681805892618, 2.2313376332947255, 2.217081658800509, 2.5218724968647637, 2.254044988446393, 2.291518983467632, 1.8282738273390087, 1.8528776788139893, 2.433099106219874, 2.8518878487119887, 2.8121302541160285, 2.17509681067845, 3.221453521611899, 3.349223107440113, 3.622784704778705, 3.2103079007754, 2.37937254436525, 2.4248974065139617, 3.6851204315548607, 2.2779637687791987, 2.034747188713115, 2.2323103806507114, 2.453219432483937, 2.7597130015506326, 2.1651145188650576, 2.6266151216117324, 3.3262350871020097, 2.5320800707701867, 2.091199204678904, 2.204295319620528, 2.178014601232867, 3.9713247099548936, 1.6645890241604253, 2.2806730290994266, 3.6090751858741097, 2.0285576375152203, 2.2615724713005347, 2.7111441804418117, 2.1410805609064125, 2.145100501844852, 2.5185019166811378, 2.087506143557635, 2.302557407964537, 3.4383148450848715, 2.238494514743725, 2.242563642110312, 2.6112210991568676, 2.3388356332940465, 2.1011803317435236, 2.107288069133468, 3.4308212973066614, 3.463928105507422, 2.0192985389552898, 2.3600593724768952, 2.5069968206287236, 2.830370688616464, 2.520837029711567, 3.783687604984359, 1.9908960466163115, 1.9475564698153798, 2.9196396120337376, 2.081320545664481, 2.062485405697756, 2.50467149937162, 2.4269783610251086, 2.133646090464358, 2.4286387834074104, 2.1255323666187897, 2.375542591860926, 3.371543833222886, 2.2253732166669273, 3.5284995833410875, 2.6765780347232755, 2.267228629050154, 2.2361277431256275, 2.686669314150061, 2.1779171341376813, 2.5607235945356517, 2.2890354318548733, 2.477254945939143, 2.167231260013603, 2.246552410298153, 2.3808202942742933, 2.1531707569557663, 2.554730711950247, 2.033953813055752, 2.061292328313249, 2.1262373681069806, 2.430621239945923, 2.5431954602038416, 2.347197726163747, 2.6271918405034245, 2.198782966022393, 2.3666174133875666, 2.5901677276392077, 2.5930715701366096, 2.612477750502202, 2.146147123102329, 2.3031006423358993, 2.0328850395357225, 3.568033858992539, 2.4054270281250902, 2.1846660974274084, 2.117682480614287, 2.316961114472051, 2.4646761749400676, 2.2724056969478714, 2.167038099509118, 2.369661967032351, 2.319346357994891, 2.570528137887593, 2.7919648922950935, 2.080592711657274, 2.0675617868174028, 2.289917458424762, 2.251324728528228, 2.0085196561680947, 3.124972136094238, 2.471974255030868, 3.194623616851333, 3.667574029255195, 2.528893995785081, 2.203338072607878, 2.102795235009384, 2.2754509932152156, 2.452036140197004, 2.4404100323535123, 2.7095641046712013, 2.9969471353541293, 2.265246823623659, 2.1065272901768926, 2.4179248171400123, 2.0708643027351714, 2.194023427335943, 3.0729561320476906, 2.533007784894253, 2.4238768014048575, 2.34553962859728, 2.1962663341492767, 2.4229690575520855, 2.4458129199453786, 3.1099440403313174, 2.9228567607479876, 1.9896107033771264, 2.42529650599539, 2.066870099809539, 2.591421464490046, 2.799322481686802, 3.0858872673489453, 2.886935358152727, 2.139334177593855, 2.3470621676362895, 2.502624536181127, 2.3166418866749505, 2.132443493724277, 2.156411291162207, 2.5464897966282973, 2.212427743632035, 2.023855403732825, 2.470024278116894, 2.0503892187746477, 2.416958483508602, 2.0955701244231415, 2.3108770886058374, 1.8764372184762719, 2.3587601359383, 3.221296684990821, 3.845753624169216, 3.40510210538426, 1.7876874682183845, 2.0554803804997146, 1.3614587379989977, 2.728754519020703, 3.005455413372772, 4.853850812905019, 3.92082011059013, 1.8281329477538906, 3.3960884266173226, 2.207357638244913, 2.3702795399780765, 3.0755985374864405, 3.539395932451458, 2.493257085556591, 1.8891837233398883, 2.5091926847020147, 3.7643875488650154, 1.523642088723934, 2.1880527467172284, 2.6879735380906378, 2.331884018264993, 2.2165048836640957, 2.4650907862607205, 2.363722516246792, 2.063495774624506, 2.7371998819374546, 2.3349778298906045, 2.191381667537117, 2.3830956765315974, 2.2515249075736756, 2.8171530404357052, 1.8359511929643149, 3.5234887577398912, 1.609443396729568, 2.4067240614607774, 2.114963160248906, 2.1616569160719337, 2.170112420610936, 2.5532795561174404, 1.9240580656179584, 2.5926528961818844, 2.3366275170371464, 3.042657674557484, 2.4986364953078883, 3.4778629728206405, 2.546758247641106, 1.9337891279300727, 2.433037956871073, 2.623878376412304, 2.3888095576852932, 2.540836897995563, 1.9599315789180518, 2.4265893068352518, 1.8190367426336282, 2.5533281698478802, 1.8370354082736524, 3.7430838188906126, 2.252979284859943, 1.8087883047881785, 1.8417999882092027, 2.9335875335324477, 2.986895807969239, 2.0860610299600695, 2.325779903734351, 2.057820035725838, 2.101484898938235, 2.690523895914164, 3.4642419065488514, 2.4709664384660934, 3.211429879273744, 2.1513943035086167, 2.2354108926206924, 2.8589905646165077, 2.3044004941188616, 2.0085955261129773, 3.2097100162770773, 2.247070960652132, 2.5029689085003044, 2.1818296149517837, 2.2891874846642994, 2.489421005257627, 2.4001252558675406, 2.2055425714274417, 2.4889272870447945, 2.020235311391506, 2.900634104045715, 2.007895228299005, 2.219372261422357, 3.631359107450413, 1.9165205949707533, 1.978838438081163, 3.2378406573849086, 2.3560492501787276, 3.308459851388849, 2.493689266908273, 2.4186682391890284, 2.281951277595064, 2.5135871583035274, 2.4275965567762414, 2.3276114990317036, 2.1295387671563044, 2.619857471328959, 2.342167077098134, 2.115937954051831, 1.9565037826850507, 2.125710806527193, 2.213829945232739, 3.2729705479819904, 1.8977931314620755, 2.0555319341044793, 2.384397331192345, 2.359647628762831, 2.91775000888949, 1.5403836183878883, 2.1401153781554823, 2.1310103943457523, 2.5047142061778085, 2.5594633958185438, 1.977337285564171, 3.6172472067067494, 2.3682513974952832, 3.018042626740221, 2.919292318912811, 2.073855854283009, 2.611732760143851, 2.301718043515102, 1.7950353343650844, 2.9073062921838266, 2.369872462813537, 2.2672986559993253, 2.168674190243344, 2.089149738717346, 2.411093879351517, 3.0069193015682854, 2.4728825008007287, 2.612976381700654, 2.3062527600598384, 3.5450066365652644, 2.0192944388436715, 2.67430200296385, 2.3309610971235153, 2.4291916365776856, 2.126636965154698, 2.410068775944746, 2.383027101886678, 2.3198109762418313]"
1.25,5000,0.914585685471779,0.914585685471779,0.013378143310546875,0.34619401536822214,"[2, 3, 3, 1, 3, 2, 1, 2, 3, 5, 3, 4, 3, 2, 2, 3, 2, 2, 3, 2, 3, 4, 2, 3, 2, 1, 3, 2, 2, 4, 3, 2, 2, 4, 3, 1, 2, 3, 3, 2, 3, 3, 2, 1, 3, 3, 5, 3, 3, 3, 4, 2, 3, 2, 3, 4, 2, 2, 3, 1, 1, 1, 3, 1, 1, 4, 3, 4, 4, 1, 2, 2, 2, 1, 2, 2, 3, 2, 1, 3, 3, 4, 1, 1, 3, 2, 2, 2, 3, 3, 2, 4, 3, 3, 2, 4, 2, 1, 1, 2, 2, 3, 1, 3, 2, 2, 2, 2, 2, 2, 3, 3, 3, 1, 3, 4, 1, 2, 3, 3, 2, 4, 4, 3, 2, 1, 2, 4, 3, 2, 2, 5, 3, 3, 4, 3, 2, 2, 3, 3, 3, 2, 3, 4, 4, 3, 4, 2, 3, 1, 2, 3, 3, 2, 3, 3, 3, 2, 3, 2, 3, 3, 2, 3, 2, 5, 2, 3, 2, 4, 3, 4, 3, 2, 2, 3, 3, 2, 4, 3, 2, 3, 4, 1, 2, 5, 2, 1, 4, 2, 2, 3, 2, 4, 2, 1, 2, 1, 4, 2, 5, 2, 4, 1, 2, 2, 5, 2, 3, 5, 3, 2, 4, 2, 2, 4, 2, 3, 3, 2, 2, 2, 3, 4, 2, 5, 2, 3, 1, 3, 3, 3, 2, 3, 1, 2, 3, 3, 2, 1, 1, 1, 5, 1, 1, 2, 2, 2, 3, 1, 3, 4, 3, 2, 4, 3, 2, 3, 3, 2, 2, 3, 2, 2, 2, 3, 2, 5, 2, 3, 2, 2, 3, 2, 3, 3, 2, 2, 4, 3, 3, 3, 2, 4, 2, 1, 2, 3, 3, 2, 2, 3, 2, 4, 2, 1, 3, 2, 1, 2, 3, 3, 2, 2, 3, 3, 2, 5, 2, 2, 3, 2, 3, 2, 2, 4, 1, 3, 2, 2, 5, 3, 2, 3, 1, 2, 2, 3, 2, 3, 4, 3, 3, 3, 2, 3, 2, 2, 1, 4, 3, 2, 3, 3, 2, 2, 2, 2, 2, 3, 2, 1, 3, 3, 3, 2, 2, 3, 3, 3, 2, 3, 2, 1, 4, 4, 2, 2, 2, 3, 3, 1, 3, 4, 2, 2, 2, 2, 3, 3, 2, 5, 2, 3, 2, 4, 2, 3, 2, 3, 2, 3, 3, 2, 2, 3, 4, 2, 3, 3, 5, 2, 3, 3, 2, 2, 2, 2, 4, 2, 3, 2, 2, 2, 2, 2, 2, 5, 1, 3, 2, 2, 3, 3, 1, 2, 3, 1, 2, 3, 3, 3, 2, 3, 3, 3, 3, 3, 3, 2, 2, 4, 4, 3, 1, 3, 2, 3, 3, 2, 2, 3, 1, 2, 2, 3, 2, 2, 3, 2, 4, 1, 2, 2, 2, 3, 1, 3, 2, 1, 3, 3, 2, 3, 2, 1, 2, 1, 2, 3, 3, 2, 4, 2, 2, 4, 3, 2, 1, 3, 2, 2, 3, 3, 3, 4, 2, 3, 3, 2, 3, 1, 3, 3, 3, 2, 3, 2, 3, 2, 2, 3, 4, 2, 2, 2, 2, 3, 3, 2, 4, 2, 3, 2, 3, 2, 4, 4, 2, 2, 3, 3, 4, 2, 3, 4, 3, 2, 2, 1, 2, 1, 3, 2, 3, 2, 2, 1, 2, 3, 3, 3, 4, 2, 3, 3, 3, 3, 3, 2, 2, 2, 3, 3, 2, 1, 1, 3, 1, 3, 2, 2, 4, 2, 3, 3, 2, 4, 3, 4, 3, 3, 2, 2, 2, 5, 4, 2, 2, 2, 1, 2, 2, 2, 3, 4, 3, 3, 2, 2, 2, 2, 2, 1, 2, 2, 2, 2, 3, 3, 3, 2, 2, 3, 3, 3, 2, 4, 3, 3, 3, 3, 2, 1, 2, 4, 2, 2, 2, 3, 2, 2, 2, 2, 4, 1, 2, 2, 1, 2, 2, 1, 2, 3, 1, 1, 2, 4, 2, 3, 1, 1, 2, 2, 3, 3, 4, 2, 5, 3, 3, 2, 3, 3, 1, 3, 2, 2, 4, 4, 4, 3, 3, 3, 3, 3, 3, 3, 3, 3, 3, 2, 2, 4, 3, 3, 2, 2, 3, 4, 2, 2, 2, 2, 2, 3, 2, 3, 1, 1, 2, 5, 1, 3, 4, 2, 2, 3, 3, 4, 3, 4, 3, 3, 3, 3, 5, 2, 2, 4, 1, 2, 2, 1, 2, 2, 3, 3, 3, 3, 3, 3, 2, 3, 3, 2, 3, 1, 4, 2, 4, 2, 1, 3, 1, 4, 3, 2, 2, 3, 4, 4, 2, 3, 4, 1, 2, 2, 3, 4, 2, 2, 3, 2, 2, 3, 2, 2, 3, 2, 2, 2, 4, 3, 2, 3, 3, 4, 1, 3, 3, 3, 3, 2, 2, 4, 3, 1, 2, 4, 2, 1, 2, 3, 1, 3, 2, 2, 1, 2, 4, 1, 4, 2, 2, 3, 2, 3, 3, 2, 3, 2, 3, 4, 2, 2, 2, 3, 2, 1, 4, 4, 1, 3, 2, 2, 2, 3, 3, 3, 3, 2, 2, 4, 3, 2, 2, 3, 2, 1, 3, 3, 2, 2, 3, 3, 2, 4, 2, 2, 2, 3, 2, 3, 2, 2, 2, 3, 2, 2, 4, 2, 3, 2, 1, 3, 5, 2, 3, 3, 2, 4, 3, 4, 2, 2, 2, 3, 2, 2, 3, 1, 2, 2, 3, 2, 1, 3, 2, 1, 2, 2, 3, 1, 2, 3, 3, 2, 3, 2, 2, 2, 2, 2, 2, 4, 3, 3, 3, 2, 3, 3, 2, 2, 3, 5, 2, 2, 3, 2, 2, 2, 2, 3, 2, 5, 3, 3, 2, 4, 4, 2, 2, 2, 3, 2, 2, 3, 2, 3, 2, 1, 3, 1, 2, 4, 2, 3, 2, 3, 2, 2, 3, 3, 2, 2, 2, 3, 1, 1, 2, 3, 3, 1, 3, 3, 3, 2, 2, 3, 3, 3, 3, 3, 1, 3, 2, 3, 4, 3, 1, 4, 3, 2, 1, 2, 4, 3, 2, 2, 4, 3, 2, 2, 3, 2, 3, 3, 2, 2]","[2.8415515952157735, 2.6400397534100906, 2.57897752653288, 2.4809991403854035, 2.212349869246648, 2.755750573069725, 2.188186084543785, 1.748244419127533, 1.2052173932229346, 1.7189555371424858, 2.22255919380826, 1.9986667299416088, 3.1996958539343856, 3.3115599218363947, 2.6405410534012757, 2.2196231646592386, 1.9192543752449747, 2.48267447550574, 1.9890308238105643, 2.0294783059590356, 2.3009440547197015, 4.702868620349237, 2.179975528666916, 2.3464172166217896, 1.3581163672654784, 1.9983120930456044, 4.743916356704247, 1.9771707528888518, 2.8948532059768395, 2.777395139797719, 2.390040769674845, 2.1726873370345343, 1.9430827650938025, 4.302866299516429, 3.7711033283045854, 1.9933882777636533, 2.5703149198837965, 2.7064661570049537, 2.6786207600793097, 2.7461188017823974, 3.3176734429430725, 2.2132442814386772, 1.215568881439114, 2.1343588328658383, 2.9339919270814407, 2.342197303392841, 2.0985016113982886, 3.26399691515838, 3.0662224056961276, 2.3935362761479633, 4.182445487006767, 2.5391820879006213, 1.610913467850432, 2.99623665853674, 1.68106825268415, 4.497035959570413, 2.9052113650412137, 2.3036534491029097, 2.0808696016013877, 1.9027713868016598, 1.8080135821627945, 2.983013528491193, 2.3848358673220207, 1.8981545113725091, 3.066312142413571, 5.470279539402823, 2.347046977404188, 2.179036646364716, 2.8779578519883042, 1.8167936812762175, 1.7013164596233474, 2.1762035659111327, 2.7475962052655, 2.530977261557459, 1.904054694101853, 2.199263953562716, 1.9276837929529738, 2.0549102412802718, 2.0476288377381646, 1.571683932590231, 2.3658979961267743, 2.5058710944180693, 2.1952208744492707, 2.1852051162819612, 2.428831966593984, 3.058108337770897, 2.2840196851918386, 1.8072701085107243, 2.761200943442762, 2.534507329120626, 2.9986553162452942, 2.330750726649864, 2.8143263438864765, 2.6911153628990387, 2.411252071866606, 1.2000845202538755, 2.245210476031019, 2.2868160070549557, 2.340929578790802, 2.3409324386877066, 2.095733058318608, 2.249492468688954, 1.7681343015961917, 2.601988802832701, 3.035196140625695, 3.0805599467826976, 2.83143619154961, 1.783599533375316, 1.84131164505368, 2.299152082531025, 2.2789502115233695, 3.743682438590273, 2.8212276965598644, 2.7174482610990784, 2.6085051624667086, 5.119553870721091, 1.9543343121845664, 2.018377120180048, 2.0233257046036655, 2.111503550348007, 1.799249411553147, 3.8806223599358285, 2.6946084279436784, 2.9725021949361032, 2.2099142199686073, 1.8508882232465378, 1.886846713528889, 2.5504626986981314, 2.0170188080899556, 1.9848920012670488, 2.049627184888426, 3.24092345324673, 2.0756452265069276, 2.1095281003086255, 3.5922904816921744, 1.8833156479246684, 2.0469589366729695, 1.4092753623315122, 2.161055372402889, 1.1315700562759448, 2.4079098955779044, 2.3777781499647297, 1.62689709695956, 2.5794130789685887, 2.769517677538417, 2.1662926894226966, 1.850044974226046, 2.2540634536822144, 1.842224462562247, 2.0567535535284707, 2.1344038290056573, 3.1544391799247573, 3.0187728595713916, 2.568112794741674, 4.749191886551445, 2.6299783306035476, 2.905655037213282, 3.9362739230137374, 3.610973642873422, 2.777751392577997, 3.814224561291501, 3.0849010785594233, 1.782723025898684, 2.463849264302801, 1.875025688346934, 1.1452662137274574, 4.127286881578248, 2.310469889260085, 1.811801983040022, 2.159515361633128, 3.50686127617026, 2.792882889428753, 1.7970674227267225, 1.911141611129454, 2.688548896717607, 2.637787231988085, 2.531814273891726, 3.136802123170507, 2.9993824791803374, 1.7413497268395486, 2.174846171476094, 3.226625794446078, 5.248827736337645, 2.123444406962198, 2.8047527985402794, 4.716398268447589, 2.201119672721851, 2.9263683739626063, 3.543573095581824, 1.8347215037172993, 1.8773809277647107, 3.2431470630268455, 2.2201606194383894, 2.772358245174736, 1.8388202588205689, 4.105758268300532, 2.4836285329457324, 1.8866978633643319, 2.0999995967061516, 2.8720413560767826, 4.027232413760551, 2.022216751418168, 4.155360418049767, 2.424672493186801, 2.3259306704799765, 2.269410366190736, 1.7116839751803252, 2.2605076683025214, 2.2172727474304503, 3.8222383961131614, 2.3591521493734984, 1.9116286310291022, 2.5866248130159506, 2.558697152492537, 4.157200862516479, 3.9170916480353313, 2.116072625739156, 3.068839352872839, 2.1346777895984292, 2.476852831193368, 3.3286491767045634, 1.9100733909960246, 2.1690635647851337, 3.574949654914127, 2.800048187253638, 4.149567301414844, 2.105163027677699, 2.052447778022732, 2.1454435805233816, 2.5935630841809143, 2.0285682852174283, 2.604335111792091, 2.360606849311199, 3.120643395973211, 2.564262834663916, 2.498680598345503, 2.1870595653262215, 1.6323727356438353, 1.7495464676892833, 2.018576798321308, 1.0555826776801105, 2.0911576591737444, 5.228898675794511, 2.0326856340068997, 2.696479133443552, 1.767767057130057, 2.011676063940872, 1.9940422527902235, 5.363827439109826, 3.051047815953917, 2.2372101662820874, 1.580922826314611, 2.2671015265260666, 2.4121522833948443, 4.9147792584922705, 3.703842481958536, 2.2854083781353793, 1.9965168349163989, 2.7416081437331585, 2.1745265671379204, 2.4174066543638983, 2.559914481087854, 1.9605187868114702, 2.6898978598808867, 2.3322598386942723, 3.1672792074984994, 2.1831132874765196, 4.574799773494436, 3.0138555283528246, 2.55465225084447, 3.0235555662445037, 1.7387962205897043, 3.760898967408372, 2.0291773211311965, 2.821814314939949, 2.7640445702390055, 2.188076812372743, 1.5728275269513246, 4.272494231514725, 2.173458219600074, 2.6788714113074774, 2.2476418565681144, 1.8168766338447924, 1.5933985191080926, 4.308484580430161, 4.736405001428201, 2.4826375902610414, 2.13321347429988, 2.4379353204935743, 2.118630161462201, 2.2906071559657595, 1.84796938213267, 2.4330452835818877, 3.5781880906312202, 1.9630986126637817, 2.463155164808968, 1.807888001739876, 2.4648756234735405, 2.121147276543926, 2.362243073967573, 2.5130328735905154, 2.3328384158337427, 2.550250345640457, 1.919521462129436, 2.3925742800759364, 2.804795739105824, 3.320948137646022, 4.769045545327817, 2.7492078411616383, 2.697245497237157, 1.3585632643100074, 2.1841784998372367, 2.031173406506568, 1.845020914294932, 1.922626347161302, 3.941911468883636, 3.1178671097074666, 1.7653126842962465, 2.2649957007272072, 2.7330647534163517, 4.35987299816937, 2.1367550364850825, 2.0965747710906406, 2.1307068557991364, 2.090933072739209, 2.4862069994375706, 1.9738989385541972, 2.3923482001950207, 1.6961462958100642, 2.647112855410557, 4.1227942021152515, 2.3538817069551623, 2.6524790649183982, 2.454565629247436, 3.1596389308474073, 4.1141319532921425, 1.8795181349232228, 2.713823017325424, 1.8257354231668819, 3.0004009039215007, 2.003616256519332, 1.8592357125516015, 1.1431675071364111, 2.1130764983303614, 2.20901732528333, 2.7198854289197905, 1.710041137555781, 2.172335592590691, 2.865715379918637, 3.139869944479887, 1.7734110512261487, 2.753076504323775, 2.4458357387944174, 2.7589296807591994, 2.0919520825537394, 2.5380853408037045, 2.0366056751052843, 2.079749446474466, 1.9160837426576323, 2.9282648929357746, 0.9829995868082229, 2.927613998524467, 2.3902698017383113, 2.4834963311581872, 0.929192405720765, 2.6699314491493564, 2.197361471593747, 1.8857616705956133, 2.0158815283359353, 2.2683898899302504, 2.2174242627774334, 1.9289615702435352, 2.4768624758717963, 2.331121921918166, 1.81762832779016, 2.4775189204636736, 2.436721679795586, 2.1305972484332605, 2.470065039903358, 2.3009751441216366, 1.917985712543782, 5.325483671776016, 2.351804468186855, 2.806269081337945, 2.6987143791746067, 1.823520548250376, 4.201370938794986, 2.152269876337446, 2.035134136826648, 2.2096393778552503, 2.4916710291440407, 4.241207910438097, 2.8183507879484977, 1.9527570863146249, 2.7154837078467597, 2.5399265966022795, 4.222833084491533, 2.1137387309560407, 2.147834186943638, 3.0983323673491014, 2.02880460194019, 2.1215403285297088, 3.4016164790499968, 2.9025551407955983, 1.9585968380545125, 2.68807345403009, 1.8084972949276295, 2.0253499396595744, 2.939326751889129, 1.8477892772899835, 2.085891807794997, 1.9682395231068477, 1.9160662400336212, 2.285684190300958, 2.364568517757723, 1.9702350963993995, 2.214193164516902, 5.3486310778770045, 2.1769193807712006, 3.4805438225280048, 2.711793697153347, 2.0334572654578533, 2.2703385486212726, 2.3350954844649636, 1.810743262174364, 2.4294348061584556, 3.752567432619895, 2.3662012980415543, 2.332291451203324, 2.248364205432515, 1.815674742864715, 1.8615560298603615, 2.592423425831083, 2.0110354959040517, 2.913315014567366, 2.337999791406303, 2.0773145195348124, 2.2775381278058795, 1.8682751903390082, 2.1187925492089694, 2.299953470588827, 2.6761822047612958, 3.795384527398484, 2.024961459270285, 2.292428221614613, 1.432833411110788, 2.589203226535724, 2.0123012807020997, 2.696701361601211, 1.7388624802280002, 3.6599972617120207, 2.772242060274607, 1.9407059397582014, 2.167969664536474, 2.6571829514015017, 3.4230316982721694, 2.8387534798302125, 2.22801161816577, 2.1864442951913796, 2.1558432760871047, 1.2705137816924825, 2.2632175438661175, 2.6824894879656513, 3.5368295010477464, 1.9687919260545086, 2.8403786759446508, 1.9255155030740165, 3.0558254382610457, 1.9922621860265703, 2.709593724087485, 2.784495230200519, 2.9950758828219826, 2.903260432222256, 1.61102955147073, 2.590223086968408, 3.9497631354098797, 2.3688734166731784, 1.9862609489543317, 2.6107781982013245, 3.314280849300909, 2.5137005908016694, 2.5413884375308755, 3.524489507575585, 2.395323826066691, 1.7304249883602538, 2.9348598629539553, 1.807999431940826, 4.432791619696166, 1.8972378065860631, 2.560231823651138, 1.9438272629115119, 2.01518966972316, 1.6826554815082257, 2.800010982175447, 2.947033709565002, 1.1959015993327664, 2.4897069670807093, 2.1964208415031203, 3.3292033981185023, 2.1146724502212235, 2.356066650743621, 3.599444224702304, 2.2696385971196174, 2.0330971236847297, 3.461931255051108, 2.1471801573552014, 2.0612894338715346, 2.1540647108881776, 3.9677087047986737, 2.702638754038595, 2.4269722154964986, 5.197556681193209, 3.074278035221053, 1.7256003281021308, 2.281190744359818, 1.6229563965787088, 1.7813126019271137, 2.2866601710183074, 3.583879807558427, 2.3668581454432385, 2.5640918525289442, 3.5122186470918506, 2.089544913072772, 2.3826824814807477, 3.829378984930134, 2.2115066202261566, 2.5273698951125567, 2.1928863581851585, 2.7877002021362056, 2.60291538910017, 2.5188696745847077, 2.8465326426141413, 3.283106131972716, 2.158286270091505, 2.8085297988323066, 5.151731284659294, 2.186243980028033, 1.934094902345691, 1.8202152199005621, 2.0196886704747197, 2.2884524263051023, 1.2582116182094416, 2.029093344396983, 1.8673152182109818, 2.5156459554338166, 2.325083805254423, 1.4181908333530928, 1.735799583563241, 1.7924478105887454, 2.2017847134392396, 2.114494887786395, 2.1327207937931885, 3.128236542153409, 1.061449804943543, 2.832413478389365, 3.9708551203762417, 3.3553729526188363, 2.2579464124769766, 2.9200660246581114, 2.3725061347423084, 3.620449918824134, 2.9278813708197426, 2.228573453191846, 2.8831261061994766, 2.1610347774038265, 1.8297947001057313, 2.2451529463036897, 2.3416522830209754, 2.7761162784269096, 2.6234088944145912, 1.0877999763693829, 2.174122546825264, 2.4035246905471666, 2.487236059623469, 2.2462125639305697, 2.8869629197495144, 4.393097267723748, 2.424900880832729, 4.209174307102552, 2.019770038061452, 3.9562235840884235, 4.1277210769661785, 2.0107402356796173, 2.7470080506369565, 2.1476293302242717, 4.583603642259019, 3.3040178541530185, 2.0968559044520885, 2.398289396909853, 2.19552134719429, 2.450904664995783, 3.243233894004769, 2.045297656147965, 3.11795614008052, 3.481598920996241, 4.322743998653302, 2.2053367901982535, 2.6116789769491455, 1.6580581961670866, 2.956841574228055, 4.857168213240667, 2.5777427617750646, 2.038392330727941, 2.271902853760151, 2.6386660485584774, 2.2463601772087696, 2.155554283751779, 2.5727896831142965, 3.5625866168598566, 2.4688719825792296, 2.234831802232877, 2.0782603647998528, 2.9603369508316058, 4.265796596738841, 4.495718012356681, 2.2488754007035547, 2.8872684956169414, 3.2197162748381656, 3.1832256955530904, 2.065868414690183, 4.936956388874831, 2.4109944842499154, 3.639665657310785, 2.3409600999448594, 2.4646031396370596, 3.4055143558337306, 2.476498091302566, 2.4470029624743126, 2.712710674454415, 2.6191988859983573, 1.801445300009045, 1.9786998095700676, 2.3001251006298338, 2.1930012268050034, 2.2831603155389493, 2.2610992677533392, 2.432898972637144, 1.8551043384794281, 1.9370917941809886, 1.9459351218010128, 2.2841717753018536, 2.6836111793410318, 2.085641413840814, 3.2127134416575522, 1.7804202982814248, 2.5567285025776614, 2.7623651278726165, 2.735767775904415, 2.8229388694320283, 2.628166398273197, 4.646296612516355, 2.872952021235928, 3.4849855514405146, 1.7977054416741953, 2.474126122398884, 2.623325429763197, 3.9475480453835265, 2.2982280389718666, 3.5030601664430705, 2.1296959812620546, 2.22104105264324, 2.4198949251410857, 2.119658216063597, 2.762392587145003, 1.7122385329425585, 5.511791521281772, 2.0286608644581916, 2.0352788431895257, 1.6859822108723561, 2.779743110245286, 3.0470173168715027, 2.4030131292061525, 2.405574756782158, 3.123877885970894, 2.6284978723293153, 2.6204290777228243, 2.6391565643537707, 2.584148146564377, 2.2328592438731296, 2.513502129375828, 3.536384014006494, 1.740978463511001, 2.4374415606844813, 1.9467448405785845, 3.1943907835688474, 2.7385356203962115, 2.5065330870258187, 2.3030277202588625, 2.550235048626278, 2.115997657384178, 2.168405474246168, 1.7000939177796022, 1.6547560465466649, 2.2763832431197213, 2.2282067417023628, 2.5129454704627077, 2.6397193173353526, 3.3443571936035794, 1.7254873105843016, 2.3076001986985033, 1.337641402665194, 2.6386991064671976, 2.130736084782076, 2.434598093798278, 3.8081643457244736, 1.9731505542087937, 1.9426728042689787, 2.7945534181399028, 2.972724768751388, 2.221908169527385, 2.944312903285254, 1.9205128977543033, 3.015552463756273, 3.870254920009347, 2.1267905111438163, 2.2099641218714585, 2.0092023890293014, 3.814747377964464, 2.1311382513572275, 1.5116935558503428, 1.913679960697478, 2.1621709208284274, 2.3901195653658016, 1.9308726547190536, 2.9950481390141315, 2.891340801248176, 2.0022445583333224, 2.6298830740070605, 1.9798401628443512, 1.9833547154329358, 2.188508566785103, 2.6462419451329127, 2.038958354108963, 1.888322375438267, 1.9991075487095846, 1.975106641205169, 1.8536197729864339, 1.7863551458457998, 3.457660331999879, 2.7568179459255004, 3.845561821184815, 1.8605214479311738, 1.6979031931109057, 2.352925766765487, 1.9510106693670046, 3.96646062477079, 1.755953776593501, 1.8470574517889515, 2.492267635215281, 2.5011642001622536, 2.2654524462839927, 3.067899535628257, 2.333902575016643, 2.0781032756128646, 4.4520492401600436, 2.098600571707638, 2.05357150393949, 2.6491667228569415, 2.0911000020419976, 3.744032732852144, 2.498319196299749, 2.261262008701182, 2.5923905520533452, 2.0886542317147363, 2.5804809144236156, 2.1727636707036333, 2.0433496189379396, 2.522792255926252, 2.721999883349785, 2.5456516262470408, 3.2072295654149925, 2.7220299832698136, 2.466829279076838, 2.4445270061878284, 2.5222964257296376, 2.2277822272480345, 2.9543796230533346, 2.283513684762888, 2.8079294366644465, 3.268793895730669, 2.219064077666739, 2.9386882685912163, 2.4927872270654157, 2.2064572648582144, 1.8154911206316477, 3.0218507537357726, 2.9396084103820437, 2.1058575765741394, 3.913552759141969, 2.597843415651124, 2.6011637725281562, 2.284923469247221, 2.2496604221573815, 2.226037559992485, 2.386383611564886, 2.153941303735804, 2.8126422562190845, 1.9177692165329765, 3.0429792477189794, 2.120822659932135, 2.1068357577099652, 1.9180120321462493, 1.5027966818331215, 2.454063994061417, 1.0896071937442249, 2.0476773633025975, 2.805870377591309, 2.288371327474033, 2.2068516584986826, 2.3909746794743896, 2.0088735499447976, 2.626687775007336, 2.8080553498170486, 2.809764767887093, 2.3543918667268815, 2.1414479103884974, 2.7055128159497013, 2.147099058524132, 2.281364253962463, 3.1213392392054673, 2.828239239359801, 2.045626944908238, 2.3372138173043067, 2.2294280785765968, 2.165434387465367, 2.647887638154626, 1.6663376867252804, 2.961270730761582, 2.3772559686883197, 2.838553957683106, 1.8260324500613312, 2.59942636612447, 3.035138995576768, 3.4938864739211244, 4.114282880948153, 2.057514850486592, 2.1505349242584306, 2.316429265369634, 2.332097690215249, 1.8702601127937326, 2.212626900292345, 2.653590094572002, 3.2106557574586856, 2.635497630727608, 2.683969821300617, 1.8459457484051793, 2.516179746989488, 2.0846221445876, 2.0348438028366367, 1.7771570864533195, 1.8510055833761585, 3.857018683925953, 2.2633920108724364, 1.6051712233096274, 1.9736190608082402, 1.7221364188974277, 4.682317907726834, 3.143460832488759, 3.791625675157941, 1.636480557604094, 2.0581470847725263, 1.6999436814070925, 1.9123660067107044, 2.823468451286014, 2.1238924954505674, 3.2070178593969354, 1.4032893491304492, 2.1779350891041127, 1.8693210399571711, 2.1802819808241742, 1.8194667145317789, 4.620371465162513, 2.5117751792161966, 3.530227370281732, 2.536654711589773, 2.1398109967613186, 3.072618526121568, 2.213452687025753, 1.9509385810798694, 2.162830287876716, 2.137647982083159, 1.8817109508822034, 1.9540601565768636, 1.7678759421575456, 1.7067148317428336, 3.9310334402148204, 2.073928788455956, 2.652444857904772, 2.21968628346721, 2.1427249987082537, 2.1925200097300612, 2.2613920584124663, 2.949336333437279, 1.7765389359501824, 2.19770952743971, 2.527066158160457, 4.03846127789801, 2.260774523737131, 1.9738708522817145, 2.2606905470029175, 4.081244389883218, 2.48192534197447, 2.516588210465925, 1.837175874085959, 2.3161075241958367, 4.07277694013831, 1.9941915574307372, 3.064261301621488, 2.0988442402517595, 2.7666482602004705, 1.9971106654149633, 2.330322738908689, 1.8287268646507047, 4.61675986111781, 1.547651799720316, 5.116054168497573, 1.8464979825832004, 2.2585459125673473, 2.343190086891555, 2.539901735327422, 3.1922387051393284, 2.3532549807979044, 2.354254395391734, 1.7606508632391398, 1.9675723179785134, 6.256325672451691, 2.787566854311094, 2.3524632420434304, 2.08069458187487, 2.195471993957176, 2.497610459750364, 2.316796509835769, 1.9229263078235017, 2.5084271610820115, 3.1690079571342222, 2.712231976428348, 1.9739151194016564, 2.438723014247169, 2.1731364086237734, 3.091777595930084, 2.013898844297118, 2.573801974914218, 2.13756172659611, 2.0416252114866182, 2.304837696130072, 3.0686783616443583, 2.2747204571279847, 2.191048799130101, 2.1435748666282217, 2.4666012319784865, 2.2096041382571876, 2.251017249947734, 2.262119072748808, 2.2278032125786944, 1.9956670317206362, 1.6485873631585164, 2.4364209261171466, 2.780305002873276, 1.8625414248296333, 1.8887811749795254, 2.1112574834779374, 3.060343572531746, 3.4499999439952633, 1.8459031205508358, 2.809652482590596, 2.6433650365215455, 4.408701672972509, 3.7645137549379717, 1.8527406264246704, 2.4766451634857685, 2.156066110364418, 2.3513422730064373, 3.12187586486566, 2.347366496574057, 2.2502342184730866, 3.0884794619929625, 2.0394855840939115, 2.124588386001694, 3.035904608594705, 2.3962116142809458, 2.257505533044207, 2.0821841448778677, 2.8341753683638, 2.364299041693954, 1.8887231331693766, 2.0039973160126014, 2.944927600668024, 3.3420226553949983, 2.1727880066990273, 2.409877550339318, 5.321414795003526, 2.2962321857741896, 1.852399701561003, 2.8614670279300944, 2.3987697658317924, 2.768929770161869, 2.206575969107672, 2.6262932281383176, 1.7205536403817652, 2.251446485311219]"
1.5,5000,0.6466936932918421,0.6466936932918421,0.01267862319946289,0.3147054859101552,"[2, 3, 3, 1, 3, 2, 1, 2, 3, 5, 3, 4, 3, 2, 2, 3, 2, 2, 3, 2, 3, 4, 2, 3, 2, 1, 3, 2, 2, 4, 3, 2, 2, 4, 3, 1, 2, 3, 3, 2, 3, 3, 2, 1, 3, 3, 5, 3, 3, 3, 4, 2, 3, 2, 3, 4, 2, 2, 3, 1, 1, 1, 3, 1, 1, 4, 3, 4, 4, 1, 2, 2, 2, 1, 2, 2, 3, 2, 1, 3, 3, 4, 1, 1, 3, 2, 2, 2, 3, 3, 2, 4, 3, 3, 2, 4, 2, 1, 1, 2, 2, 3, 1, 3, 2, 2, 2, 2, 2, 2, 3, 3, 3, 1, 3, 4, 1, 2, 3, 3, 2, 4, 4, 3, 2, 1, 2, 4, 3, 2, 2, 5, 3, 3, 4, 3, 2, 2, 3, 3, 3, 2, 3, 4, 4, 3, 4, 2, 3, 1, 2, 3, 3, 2, 3, 3, 3, 2, 3, 2, 3, 3, 2, 3, 2, 5, 2, 3, 2, 4, 3, 4, 3, 2, 2, 3, 3, 2, 4, 3, 2, 3, 4, 1, 2, 5, 2, 1, 4, 2, 2, 3, 2, 4, 2, 1, 2, 1, 4, 2, 5, 2, 4, 1, 2, 2, 5, 2, 3, 5, 3, 2, 4, 2, 2, 4, 2, 3, 3, 2, 2, 2, 3, 4, 2, 5, 2, 3, 1, 3, 3, 3, 2, 3, 1, 2, 3, 3, 2, 1, 1, 1, 5, 1, 1, 2, 2, 2, 3, 1, 3, 4, 3, 2, 4, 3, 2, 3, 3, 2, 2, 3, 2, 2, 2, 3, 2, 5, 2, 3, 2, 2, 3, 2, 3, 3, 2, 2, 4, 3, 3, 3, 2, 4, 2, 1, 2, 3, 3, 2, 2, 3, 2, 4, 2, 1, 3, 2, 1, 2, 3, 3, 2, 2, 3, 3, 2, 5, 2, 2, 3, 2, 3, 2, 2, 4, 1, 3, 2, 2, 5, 3, 2, 3, 1, 2, 2, 3, 2, 3, 4, 3, 3, 3, 2, 3, 2, 2, 1, 4, 3, 2, 3, 3, 2, 2, 2, 2, 2, 3, 2, 1, 3, 3, 3, 2, 2, 3, 3, 3, 2, 3, 2, 1, 4, 4, 2, 2, 2, 3, 3, 1, 3, 4, 2, 2, 2, 2, 3, 3, 2, 5, 2, 3, 2, 4, 2, 3, 2, 3, 2, 3, 3, 2, 2, 3, 4, 2, 3, 3, 5, 2, 3, 3, 2, 2, 2, 2, 4, 2, 3, 2, 2, 2, 2, 2, 2, 5, 1, 3, 2, 2, 3, 3, 1, 2, 3, 1, 2, 3, 3, 3, 2, 3, 3, 3, 3, 3, 3, 2, 2, 4, 4, 3, 1, 3, 2, 3, 3, 2, 2, 3, 1, 2, 2, 3, 2, 2, 3, 2, 4, 1, 2, 2, 2, 3, 1, 3, 2, 1, 3, 3, 2, 3, 2, 1, 2, 1, 2, 3, 3, 2, 4, 2, 2, 4, 3, 2, 1, 3, 2, 2, 3, 3, 3, 4, 2, 3, 3, 2, 3, 1, 3, 3, 3, 2, 3, 2, 3, 2, 2, 3, 4, 2, 2, 2, 2, 3, 3, 2, 4, 2, 3, 2, 3, 2, 4, 4, 2, 2, 3, 3, 4, 2, 3, 4, 3, 2, 2, 1, 2, 1, 3, 2, 3, 2, 2, 1, 2, 3, 3, 3, 4, 2, 3, 3, 3, 3, 3, 2, 2, 2, 3, 3, 2, 1, 1, 3, 1, 3, 2, 2, 4, 2, 3, 3, 2, 4, 3, 4, 3, 3, 2, 2, 2, 5, 4, 2, 2, 2, 1, 2, 2, 2, 3, 4, 3, 3, 2, 2, 2, 2, 2, 1, 2, 2, 2, 2, 3, 3, 3, 2, 2, 3, 3, 3, 2, 4, 3, 3, 3, 3, 2, 1, 2, 4, 2, 2, 2, 3, 2, 2, 2, 2, 4, 1, 2, 2, 1, 2, 2, 1, 2, 3, 1, 1, 2, 4, 2, 3, 1, 1, 2, 2, 3, 3, 4, 2, 5, 3, 3, 2, 3, 3, 1, 3, 2, 2, 4, 4, 4, 3, 3, 3, 3, 3, 3, 3, 3, 3, 3, 2, 2, 4, 3, 3, 2, 2, 3, 4, 2, 2, 2, 2, 2, 3, 2, 3, 1, 1, 2, 5, 1, 3, 4, 2, 2, 3, 3, 4, 3, 4, 3, 3, 3, 3, 5, 2, 2, 4, 1, 2, 2, 1, 2, 2, 3, 3, 3, 3, 3, 3, 2, 3, 3, 2, 3, 1, 4, 2, 4, 2, 1, 3, 1, 4, 3, 2, 2, 3, 4, 4, 2, 3, 4, 1, 2, 2, 3, 4, 2, 2, 3, 2, 2, 3, 2, 2, 3, 2, 2, 2, 4, 3, 2, 3, 3, 4, 1, 3, 3, 3, 3, 2, 2, 4, 3, 1, 2, 4, 2, 1, 2, 3, 1, 3, 2, 2, 1, 2, 4, 1, 4, 2, 2, 3, 2, 3, 3, 2, 3, 2, 3, 4, 2, 2, 2, 3, 2, 1, 4, 4, 1, 3, 2, 2, 2, 3, 3, 3, 3, 2, 2, 4, 3, 2, 2, 3, 2, 1, 3, 3, 2, 2, 3, 3, 2, 4, 2, 2, 2, 3, 2, 3, 2, 2, 2, 3, 2, 2, 4, 2, 3, 2, 1, 3, 5, 2, 3, 3, 2, 4, 3, 4, 2, 2, 2, 3, 2, 2, 3, 1, 2, 2, 3, 2, 1, 3, 2, 1, 2, 2, 3, 1, 2, 3, 3, 2, 3, 2, 2, 2, 2, 2, 2, 4, 3, 3, 3, 2, 3, 3, 2, 2, 3, 5, 2, 2, 3, 2, 2, 2, 2, 3, 2, 5, 3, 3, 2, 4, 4, 2, 2, 2, 3, 2, 2, 3, 2, 3, 2, 1, 3, 1, 2, 4, 2, 3, 2, 3, 2, 2, 3, 3, 2, 2, 2, 3, 1, 1, 2, 3, 3, 1, 3, 3, 3, 2, 2, 3, 3, 3, 3, 3, 1, 3, 2, 3, 4, 3, 1, 4, 3, 2, 1, 2, 4, 3, 2, 2, 4, 3, 2, 2, 3, 2, 3, 3, 2, 2]","[2.6567090337002774, 2.2535224768407387, 2.305477766532329, 2.3851016012411725, 2.1070485265492755, 2.7438880630636975, 2.0597706174732666, 2.2120614919794583, 2.041487524241928, 3.1156293793393983, 2.453542167135329, 3.0163457980540294, 2.3829412151961433, 2.7897193433140224, 2.2891743944216425, 2.010589922331233, 2.1130972958323686, 2.223626908099973, 2.0946189619325124, 2.1196922543884504, 2.07851604916611, 2.618448941240666, 2.464819255599093, 1.9965306173330102, 2.342443067893696, 2.092161078284589, 2.3043735528253277, 2.115652105231181, 2.995458610831088, 2.3123186737823405, 2.566775810666208, 2.167784454493503, 2.0531100063826546, 2.8006031579400874, 2.960713211643612, 3.0515270847099325, 2.3793411603850494, 2.6874196813518907, 2.775093756848473, 2.394212194308678, 3.3302691529970287, 2.4775690156492693, 2.5054391233018127, 2.070580664569711, 2.463231756119323, 3.531178060256045, 2.8805520773922084, 2.601416340852888, 2.4636574280251082, 2.3903713494985195, 3.722382412743395, 2.509610711609214, 2.5709380537942694, 2.761563681944027, 2.641900292185818, 3.9998877529947077, 2.729312212512677, 2.4320666297943, 2.491064678652549, 2.2069240347053447, 2.264358062717488, 2.4582157836027627, 2.641000407836726, 2.1186850025427555, 2.6368630325884928, 2.8461959117199833, 2.4384674082105464, 3.574194399703317, 2.5754985128280445, 2.1760158075506677, 2.3768025113037465, 2.5302751909950745, 2.735267490784751, 2.3360816258341526, 2.0634454955352535, 2.441818921251277, 2.075080328338445, 2.130849656554995, 2.1455994742690563, 2.4021804016928767, 1.9411392601268034, 2.3427302895148667, 1.968445968788644, 1.9710983612144606, 2.954104382271628, 2.6138078055358767, 1.9986071054100494, 2.1606455220811176, 2.7316646577396835, 2.445180759235324, 2.4898581679666405, 3.5805818844144186, 2.9709916798793325, 2.61560940403088, 2.049942506602134, 3.0095783213637146, 2.375974265194551, 2.0157589144589396, 2.163097921140692, 1.858289005242665, 2.1379312156938677, 2.3927326360336116, 2.224686551288288, 2.1718807320476916, 2.4801813562664523, 2.521845034707816, 2.6951724872525467, 2.166914009514131, 3.307321784619337, 2.012492051121142, 3.040378910279504, 2.597440644909525, 2.6441989113965665, 2.7074666547842647, 2.8693142797782505, 3.3154842133886673, 2.085915022759848, 2.1944245668229883, 2.2171309534903143, 2.5100192487582276, 2.18066191494989, 2.927427104895146, 2.2821916058899427, 2.0044481031829005, 2.1154442882140416, 2.1133098158644916, 2.2971583298025813, 2.7608628691772306, 2.148634887407152, 2.1672843585395722, 2.1501410621607104, 3.115298195977461, 2.528232880570211, 2.0377039952996867, 2.07707181454451, 2.222856368771459, 2.611066703904377, 3.546980822441642, 2.559291409962351, 2.5276838544463285, 2.3585309753397623, 2.3945444469151376, 2.3812980085511555, 2.412716441133794, 2.696578473382329, 2.2258348609199627, 2.0956407902925673, 1.9528631632869708, 2.1658365892508162, 2.2261708623702483, 2.4768876411365586, 3.066185523986929, 3.49706787961617, 2.7112292886509968, 2.6132938330933957, 2.8021999563741193, 2.4457313409341337, 2.2636054031358337, 2.632584844551596, 2.350050517694946, 3.534582678429088, 2.3966368536356035, 2.1779261556303555, 2.774625231005943, 2.071133012916079, 3.2319142687235884, 2.5455137403674115, 2.009494847679969, 2.1415530459073384, 2.3000584189787743, 2.749194599377401, 3.7128487314865017, 2.6900859515588738, 2.11524573369728, 2.2048915189895055, 2.3256883395409367, 2.738734269468658, 2.6865126766001803, 2.679592120397242, 2.1781026848970346, 2.1476942070093363, 2.5716532220480994, 2.4303975575137446, 2.4834576554726397, 2.720131171341424, 3.977580475417474, 2.5544116900673233, 2.634247690507653, 2.730533955448622, 2.164155818286324, 2.1778633123025957, 2.520920746612442, 2.155435617486667, 2.653696024242232, 2.1880750231419897, 2.2902915770413617, 2.402297616830493, 2.434085700119502, 3.938397929494942, 2.7956642159478338, 4.043505026416572, 2.171847692835161, 4.2068997235545424, 2.892354117651513, 2.659213764971214, 2.1790084977835638, 3.4311117165959555, 2.5028788217009668, 1.9983908219999986, 2.7796006423221176, 2.5719265153683497, 2.2804539464490934, 2.582491475387789, 2.4182024728011915, 2.7527461577185433, 3.5300964573271045, 2.0788678429391467, 1.9905544141864149, 2.2351949445096024, 1.6970479494896304, 2.719969919920161, 2.1442009859360964, 2.011157670876263, 2.735477317030305, 2.936946661438612, 3.3384225477521188, 2.028079934552973, 2.113609434425244, 2.0531974335493417, 2.9373129964682008, 2.1020409114326983, 2.370331867445359, 1.9783251446606378, 2.3178668024619418, 2.377499295610349, 2.912207540110777, 2.156866064540324, 2.798301801019292, 2.2117166809641025, 2.0510098670741588, 3.2019874267664634, 2.031788863295074, 2.7939681966461354, 2.219723032948993, 2.1863100119961607, 2.2247838056772347, 2.1780836877286314, 2.679193473690975, 2.9032822560239695, 2.405601940034864, 2.575547062772605, 2.453633878574888, 2.071212160821749, 2.8598850709815893, 3.054889470925128, 3.605649650514538, 2.2209212636036644, 2.0389594927909225, 2.2445172759170333, 2.5557239421496276, 2.348265277014795, 2.4742370609840307, 2.0663849018358094, 2.8042242872877683, 2.5790481890316674, 2.4630951997520922, 2.4282036354368093, 4.15702975295958, 2.2127110649951836, 2.8758249635465742, 2.3848485662160206, 2.2145635821678122, 2.1859899834908587, 2.0839872889590305, 3.046917864841717, 2.7974101545799406, 2.0061225459212544, 2.391097525111964, 3.214549929912515, 2.5560068640083817, 2.7534673234798968, 2.5937061382012914, 2.140209167078258, 2.7724711788263834, 3.244071687737393, 3.990174590148002, 2.463987797723829, 2.5579469939785615, 2.431323705121303, 2.5813065639916717, 2.3818445651256344, 2.141149900596656, 2.4214024043100366, 3.203569397391162, 2.1193787165894533, 2.482956478375489, 2.217826618641651, 2.7564610921811994, 2.0775239641100662, 2.2376274480922995, 2.376618366132602, 2.003571171262312, 2.2750438922595424, 2.11302656536768, 2.9781539595888833, 2.514350311854289, 3.6891561340253904, 4.144053839514769, 2.7885177034728907, 3.291169866985681, 3.6319798438287494, 2.010822623597135, 2.1729203638063748, 2.1327559443617132, 2.1122043237156767, 3.3484658737345594, 2.4046112613150656, 2.1896491046193653, 2.0988159894267353, 2.7212234015281096, 3.17678589846264, 2.1236231065178286, 2.0482466296592086, 2.553103745368312, 2.0855253479279465, 2.02438356421977, 2.116518553423614, 1.952027002396723, 2.261642890449943, 2.74398534919566, 3.1450113805668414, 2.4045404681345652, 2.5506040784522455, 2.3742094383172097, 2.6237587004615452, 2.585005256047047, 2.2130820057872826, 2.2697677231727504, 2.218607286186358, 2.735456253337062, 2.618877077170265, 2.1826685632473666, 2.221215366593609, 2.1764584032590233, 1.9469000296209842, 2.7068212392939826, 2.7952586645040185, 3.4789487362909037, 2.7039869427762864, 2.2224597947402285, 2.6247022499315684, 2.501215814117352, 2.412305977583908, 2.660696792285146, 2.715882503223982, 2.023466584005341, 2.082020097909883, 2.231848838037088, 2.1855062945049326, 2.6777040370964933, 2.09258492468823, 2.627643988666178, 1.9633574356040455, 2.7336375839951046, 2.972357223461958, 2.7523902318546396, 2.4781074130143765, 2.376350456633434, 2.1556330624433926, 2.4592975300612934, 2.1272647712781256, 2.128418954107445, 2.5299742116049737, 2.442684712167595, 2.1757947748485162, 2.4039155762102413, 2.578430562225965, 2.1401168808563216, 2.515923499971725, 2.4983076423697232, 2.113433265539639, 4.201263268758057, 1.8790114234638993, 2.7683358415770045, 2.166414803475107, 3.4629226968124667, 2.6887828735955903, 2.314927062103942, 1.9034864294546967, 2.492748290566827, 2.1612275958711957, 2.583469709389859, 3.065727419156743, 2.104225043168012, 2.251435599494372, 2.6127505236742565, 3.3548048343594643, 3.1278230990305396, 2.555680361142297, 2.6932557219770397, 2.7200069280089902, 2.1310968845433464, 3.3171773093656745, 2.5868769476967404, 2.151284764006448, 2.514547054097762, 2.1782128726100525, 2.577336848404048, 3.3919833175119356, 2.644313608912238, 2.086860385448941, 2.0822326179420063, 3.0648913474151054, 3.0690863544340057, 2.03666225085788, 2.1353811555871562, 2.6373819453526375, 3.3623966926543156, 2.1343236333566993, 2.538776047138379, 2.394786851106049, 1.957607510989313, 1.9127684883928242, 1.9478933657432274, 2.231295100444557, 2.427429331960148, 2.8542293924418933, 4.027745107693997, 2.513944340788972, 2.0518080089141706, 2.140527454169356, 2.182054092335386, 2.284024661099573, 2.5632352906448475, 2.6734891791714954, 2.526880393842055, 2.5277908151659085, 2.4926595488479086, 2.1981670476841644, 2.006578201925744, 2.0409521901071392, 2.2555696663234115, 3.3182773830869854, 3.2601384946645835, 2.4887163254415277, 2.2868716831949087, 2.392231458936461, 2.124241107398726, 2.842513402276615, 2.1787613623494457, 2.116486302506115, 2.8245500831772286, 2.2865629444895856, 2.0151150786729146, 2.1251471572090592, 3.7162454362116164, 2.5537637366027344, 2.026260812275709, 2.480998520758517, 2.0504433660805357, 3.2345306386409454, 2.237993221193652, 2.3140733311052433, 2.1812207806079567, 2.18944034796517, 2.1110066543378543, 2.2403532857307473, 3.0744082691450183, 2.183224908380673, 2.7132144274683427, 2.583768058492051, 2.9221374730692826, 2.0585695133555744, 2.477777911253648, 2.2327565901689685, 3.428530675800525, 2.1270254158926014, 2.1955941952881064, 2.361513288162618, 2.7683002955909655, 2.376441539970881, 2.7898758301782736, 4.0489370526586725, 2.5474844050604926, 2.656658192818151, 3.088550270066722, 2.3436819039504044, 3.667703769545935, 2.276514204059699, 2.1505988127994295, 2.228391621423414, 2.159260871451477, 3.4745837711789758, 2.649817562685255, 2.59299038360019, 2.2011256784816977, 2.120669126377726, 3.780087353793828, 2.5465220825408013, 2.1227740612554395, 2.222143254412961, 2.324482255515779, 2.013195560647083, 2.310925077206458, 2.835342354263288, 2.0885222227310614, 2.5607069734272776, 1.9972373599328261, 2.2027915749561764, 2.272729561381579, 2.381516779450335, 2.5334369394123906, 4.236831328045254, 2.307742955285847, 2.074593335631565, 2.3778223010207515, 2.167519639118026, 2.544143970308221, 2.8849817660744854, 2.2504146189873593, 2.2972367167397607, 2.8236592093283925, 2.1631715423470763, 1.9188020238854417, 3.0886423602797155, 2.0893795009773513, 3.486454310451152, 3.6964114867346582, 2.670970063643085, 2.160855323969338, 2.795839292482318, 2.530143588260753, 3.1244764588449803, 2.1951997429358814, 2.5941055717535986, 2.993406260299912, 2.4810515686070334, 2.1449518715903113, 2.1393250362696525, 2.175961773787978, 2.051110227564917, 1.9609549396277433, 2.048224855027051, 2.209201297070604, 2.4798357935161537, 2.137218790354501, 1.852090383251793, 2.1974648209674386, 2.2361401372757155, 2.4698237328708426, 2.061393326145115, 2.105172921683625, 3.303021427366351, 2.197055941220702, 2.648987419362222, 2.3796938984933824, 3.132392634546485, 2.3583768925154573, 2.5822396816056044, 2.023780168081455, 1.9622605595673388, 2.695274773294535, 2.4468786653030214, 2.699376200609408, 2.0490685426731536, 2.221179067804645, 2.4583388736670564, 2.001237065927593, 2.549979186527921, 2.750262677936759, 2.3155473221129985, 2.0813872871056147, 2.2266951706438918, 2.7684318946916613, 2.411493563154164, 2.5194367641685393, 2.550358385074481, 2.3822884436432052, 2.5417204905604356, 3.6808287275101024, 2.1987207781156473, 2.8486038034858256, 2.106762169950652, 2.2251949257330166, 1.9810492534653161, 3.609873101993103, 3.3985656186780178, 2.1254507586740354, 2.1347369158177543, 1.9683663970158694, 2.831730254019603, 2.810070362990778, 2.212715373862652, 3.050842387974737, 3.4154228399792173, 2.8492235358262334, 1.965767052438569, 2.2968177052620375, 2.8665927450456676, 2.644070055153203, 3.8329474882660364, 2.341589432133708, 2.1173316251294736, 2.4549226305199374, 2.6008267686540107, 2.0301402244890507, 2.507071209666237, 2.1147409521258727, 2.4202600507829723, 2.4062054750045294, 2.7805511735910087, 2.1374875741001005, 2.517898047923508, 2.576958085984479, 2.8868272016141314, 2.7351538882983832, 2.777599298985611, 2.5720642293584937, 2.974179190319265, 2.8009201822274967, 3.083167093861434, 2.1108000393652246, 2.1289828659526546, 2.2790483191993545, 2.423825219620658, 2.63044582541592, 2.225262550095893, 2.3619875809544375, 2.3939055757813303, 2.2769339320145563, 2.2337574047465236, 2.0886372798575867, 2.1924346179023235, 2.004818452978561, 2.298022688780172, 1.9331075890067373, 2.47307664522738, 2.2518873976621068, 2.2193952935508103, 2.16541789187705, 2.3656564586581244, 2.6806427833272877, 2.086926695259586, 2.9106595195618574, 2.2214329499126197, 1.6758951198937424, 3.38861421708408, 3.113469139429012, 2.2703822921074246, 3.092083391263103, 2.3660100748711486, 2.719962857849731, 2.3054282853219874, 2.2491955479879606, 2.0225120513701045, 2.7502847812069744, 2.709864449147369, 2.1028368797783683, 3.8739755067403134, 2.3542989576472024, 2.8399217904061773, 2.419175673966773, 2.2473385155836287, 2.214846929917097, 2.3936308250306455, 2.556386879799342, 2.1556934036387534, 2.100263808507401, 2.2556170018345867, 3.369564399489489, 2.920150034625512, 2.2259769293335454, 2.8258422714723475, 3.0602851918451908, 2.346040702116979, 2.761831826462405, 2.361110383111603, 2.8322291306503495, 2.4865991607929754, 2.7435837269538594, 2.8204963889266694, 2.619481803353725, 2.8174032429042075, 2.5894356413651063, 2.467533963072043, 2.1737616018565618, 2.763321618617921, 2.4501246729220107, 2.8019808002712674, 2.3322834895139253, 2.100793629716449, 2.2427051371676696, 2.2833839639285958, 2.2782573507637105, 2.1030724082999344, 3.119916465670414, 3.0888007955737926, 2.615919849491947, 2.334616867047248, 3.0901186420004025, 2.034452666746299, 2.710428821631151, 1.9855229553568603, 2.863115703294276, 2.9433788774433483, 2.253381564194549, 2.3059759266859414, 2.722832190961714, 2.6506438646102275, 2.453714572643007, 2.4176094087546125, 3.2449017829874824, 2.9956117540183365, 2.3884427014825924, 2.1475988574479117, 2.438985282009696, 3.6120579271149498, 2.995720010629276, 2.092770471266411, 3.4303965565551584, 2.1861428686871287, 2.120337012602617, 1.9633972214904327, 2.1100205206184213, 2.9221526752355755, 2.762296245754848, 2.180581357262942, 2.171606025963924, 2.5398236623310204, 2.0603374471049474, 2.090399095871826, 2.3055570096670457, 2.009827711285427, 2.121288767774099, 2.210722909955446, 2.6177094873481965, 3.9216446621394496, 2.295098336761546, 3.161653801640584, 2.3198094806627085, 3.1219986518484557, 2.3472499483442975, 3.3810841607051834, 2.875569551526252, 2.206970757072296, 3.107874333542924, 2.3375308838831317, 2.1322166245684637, 2.4752468577244486, 2.379761451157195, 2.495860102375061, 2.771258144517371, 2.531410016274917, 1.9994612775545269, 3.097287668755558, 2.1428810689276365, 2.579037934417847, 2.8868032606486804, 2.085481141387516, 2.618907934732552, 1.7835048215204714, 2.461185149337666, 2.3198180396098533, 2.0682364986037225, 2.3766489820728456, 2.4309444409434864, 2.0802341536765, 2.816360562340137, 2.80347371573751, 2.461109606094846, 2.657505082859726, 2.8162872869807254, 2.7036776421330644, 2.58813133307196, 2.302595828734333, 2.085069363285399, 2.662614370225647, 2.45529241749831, 2.3906649249386476, 2.8303555287046747, 2.0788627367807653, 2.666769785026093, 2.820638833025646, 2.1086090174264642, 2.1405760813638293, 3.7941639099274336, 2.710061532430405, 2.1531423576178685, 3.136509714393946, 2.739140641002559, 2.6309073192414125, 2.4012420664283827, 2.4642575038975707, 2.0676390530317983, 2.410157868357054, 2.201421179363886, 3.1441102875704066, 2.1492752712443925, 2.1456122224846603, 2.1599593030472595, 2.228758818069926, 2.2028879775640604, 3.2729094169368724, 1.979218727776328, 1.939106537434752, 2.4732448136884524, 2.3247116573583684, 2.454006007171789, 2.4934865397920127, 2.444726725697416, 2.3514984792405884, 2.6599326764118176, 2.875439946292519, 1.789085810625204, 2.436522320431614, 2.115683332170423, 2.7106274224250297, 2.4914180023379333, 2.0556672853308706, 2.403691765274116, 2.678126773900689, 2.2543452068046905, 2.3695020990375006, 2.4338307993955257, 2.1589251668962333, 1.9714253970594109, 2.3759240694242982, 2.446081416892709, 2.887018716859636, 2.7533122291880088, 2.11989216973456, 2.30006246532962, 2.5696581715610893, 2.5496982221520055, 2.9239550074863874, 2.165944571726477, 2.0518491340662184, 2.007916674186608, 2.388749298102786, 2.0902873782464604, 2.4561724562909304, 2.8282871265671528, 2.4017988837293367, 2.862166082190675, 2.6626554706642653, 2.3208113447593006, 2.3936773414465886, 2.200898311844316, 2.0288096711081307, 2.240189456379129, 2.2279681928064408, 2.96235024009205, 2.4340111804185227, 2.24123285085469, 2.626820992485586, 2.2405355184606845, 2.2133321546375164, 2.784226378680854, 2.410468489090727, 4.00621500020579, 3.6706656438651812, 2.242744923054057, 2.616432246967819, 3.1538338316980408, 2.0231199607166963, 3.8055675921007786, 3.199368756382702, 1.9551312874491018, 2.3166625695443765, 2.1013161893216683, 2.2239350967363487, 2.3802110605136377, 2.7977180704506046, 2.4682818808044096, 2.7016677425939855, 2.14415074729435, 3.069961091177732, 2.459621488872634, 2.1762759688630906, 2.2385195732450014, 2.055261878987436, 2.051470272370749, 2.2543540908751005, 2.350224454725171, 2.688929572141646, 2.1696070078643817, 2.591539215413472, 2.261855836372597, 2.1158857108763303, 2.456791676495012, 2.44360486548466, 2.143305734076708, 2.706082290030358, 2.2045684833765264, 2.1253733568808095, 2.8510134121073167, 3.4595564755614125, 1.9868705975638683, 2.582252078545186, 1.9511081636318888, 2.083263153477036, 2.366963986340687, 2.397236890379368, 2.2781953036622493, 2.607915010980709, 2.809254077373625, 2.6323761012480547, 2.5198874402655638, 2.033421007065093, 2.1421505887317362, 3.7762911083789987, 2.2131099851185487, 2.2572465268655932, 2.8545495360566013, 2.8024782498323986, 4.256724794381883, 2.114472447877808, 2.183511847750072, 2.2296362802248075, 2.2497505067385095, 2.607374816941028, 2.992011162052534, 2.4638280149510585, 2.5213558521770696, 2.1181939813059216, 2.9514462771460392, 2.6905317728462523, 2.0598018444125086, 2.509003364121098, 3.4728217097872673, 2.747792189602822, 2.0078194197976615, 2.076340214740708, 2.4851920782550616, 2.580422109964395, 2.726740377773808, 2.0807295955673766, 2.306835564599654, 2.1380054016221335, 2.5188743551909014, 2.637714077837691, 2.398990002415842, 2.5389031449992556, 2.213687917752118, 2.193228133907504, 3.038487979069144, 2.7734323726204924, 3.2077835881110115, 2.1754940751445435, 2.371022146752187, 2.1256679927404507, 1.9715622012509206, 2.0401915407166964, 2.0442083390523442, 2.1465385577537006, 2.4178224888103776, 2.4147992264641758, 2.8008547837165154, 2.2175778109490416, 2.1032749311868186, 2.133820007433852, 3.5167729218744084, 2.114753469607279, 2.238473260211054, 2.5490719418214973, 2.727085517427222, 3.530944624521246, 2.2387097176938346, 2.077034586063521, 2.824913605485254, 2.1957876899236037, 1.9807786076545182, 2.1912172195048827, 3.2357810137106657, 2.079123583597527, 2.430286091358913, 2.285631702704733, 2.479486985713859, 2.6538463084308006, 2.0252531855148397, 2.2307673738697384, 3.3344563511267333, 2.801801111596074, 2.092452137898196, 2.149855002457129, 2.180117188588424, 3.1796519529934484, 2.7839089323641395, 2.203542467771439, 2.0124803225861534, 3.3586010042009717, 3.0644567770236417, 2.1665865524768892, 2.744564391389265, 2.4068777430571275, 2.7296178949177614, 2.4756672119826253, 2.7838804408965476, 2.5138690070119525, 2.1617903617151137]"
1.75,5000,0.7079556589369761,0.7079556589369761,0.014234304428100586,0.3267601478577575,"[2, 3, 3, 1, 3, 2, 1, 2, 3, 5, 3, 4, 3, 2, 2, 3, 2, 2, 3, 2, 3, 4, 2, 3, 2, 1, 3, 2, 2, 4, 3, 2, 2, 4, 3, 1, 2, 3, 3, 2, 3, 3, 2, 1, 3, 3, 5, 3, 3, 3, 4, 2, 3, 2, 3, 4, 2, 2, 3, 1, 1, 1, 3, 1, 1, 4, 3, 4, 4, 1, 2, 2, 2, 1, 2, 2, 3, 2, 1, 3, 3, 4, 1, 1, 3, 2, 2, 2, 3, 3, 2, 4, 3, 3, 2, 4, 2, 1, 1, 2, 2, 3, 1, 3, 2, 2, 2, 2, 2, 2, 3, 3, 3, 1, 3, 4, 1, 2, 3, 3, 2, 4, 4, 3, 2, 1, 2, 4, 3, 2, 2, 5, 3, 3, 4, 3, 2, 2, 3, 3, 3, 2, 3, 4, 4, 3, 4, 2, 3, 1, 2, 3, 3, 2, 3, 3, 3, 2, 3, 2, 3, 3, 2, 3, 2, 5, 2, 3, 2, 4, 3, 4, 3, 2, 2, 3, 3, 2, 4, 3, 2, 3, 4, 1, 2, 5, 2, 1, 4, 2, 2, 3, 2, 4, 2, 1, 2, 1, 4, 2, 5, 2, 4, 1, 2, 2, 5, 2, 3, 5, 3, 2, 4, 2, 2, 4, 2, 3, 3, 2, 2, 2, 3, 4, 2, 5, 2, 3, 1, 3, 3, 3, 2, 3, 1, 2, 3, 3, 2, 1, 1, 1, 5, 1, 1, 2, 2, 2, 3, 1, 3, 4, 3, 2, 4, 3, 2, 3, 3, 2, 2, 3, 2, 2, 2, 3, 2, 5, 2, 3, 2, 2, 3, 2, 3, 3, 2, 2, 4, 3, 3, 3, 2, 4, 2, 1, 2, 3, 3, 2, 2, 3, 2, 4, 2, 1, 3, 2, 1, 2, 3, 3, 2, 2, 3, 3, 2, 5, 2, 2, 3, 2, 3, 2, 2, 4, 1, 3, 2, 2, 5, 3, 2, 3, 1, 2, 2, 3, 2, 3, 4, 3, 3, 3, 2, 3, 2, 2, 1, 4, 3, 2, 3, 3, 2, 2, 2, 2, 2, 3, 2, 1, 3, 3, 3, 2, 2, 3, 3, 3, 2, 3, 2, 1, 4, 4, 2, 2, 2, 3, 3, 1, 3, 4, 2, 2, 2, 2, 3, 3, 2, 5, 2, 3, 2, 4, 2, 3, 2, 3, 2, 3, 3, 2, 2, 3, 4, 2, 3, 3, 5, 2, 3, 3, 2, 2, 2, 2, 4, 2, 3, 2, 2, 2, 2, 2, 2, 5, 1, 3, 2, 2, 3, 3, 1, 2, 3, 1, 2, 3, 3, 3, 2, 3, 3, 3, 3, 3, 3, 2, 2, 4, 4, 3, 1, 3, 2, 3, 3, 2, 2, 3, 1, 2, 2, 3, 2, 2, 3, 2, 4, 1, 2, 2, 2, 3, 1, 3, 2, 1, 3, 3, 2, 3, 2, 1, 2, 1, 2, 3, 3, 2, 4, 2, 2, 4, 3, 2, 1, 3, 2, 2, 3, 3, 3, 4, 2, 3, 3, 2, 3, 1, 3, 3, 3, 2, 3, 2, 3, 2, 2, 3, 4, 2, 2, 2, 2, 3, 3, 2, 4, 2, 3, 2, 3, 2, 4, 4, 2, 2, 3, 3, 4, 2, 3, 4, 3, 2, 2, 1, 2, 1, 3, 2, 3, 2, 2, 1, 2, 3, 3, 3, 4, 2, 3, 3, 3, 3, 3, 2, 2, 2, 3, 3, 2, 1, 1, 3, 1, 3, 2, 2, 4, 2, 3, 3, 2, 4, 3, 4, 3, 3, 2, 2, 2, 5, 4, 2, 2, 2, 1, 2, 2, 2, 3, 4, 3, 3, 2, 2, 2, 2, 2, 1, 2, 2, 2, 2, 3, 3, 3, 2, 2, 3, 3, 3, 2, 4, 3, 3, 3, 3, 2, 1, 2, 4, 2, 2, 2, 3, 2, 2, 2, 2, 4, 1, 2, 2, 1, 2, 2, 1, 2, 3, 1, 1, 2, 4, 2, 3, 1, 1, 2, 2, 3, 3, 4, 2, 5, 3, 3, 2, 3, 3, 1, 3, 2, 2, 4, 4, 4, 3, 3, 3, 3, 3, 3, 3, 3, 3, 3, 2, 2, 4, 3, 3, 2, 2, 3, 4, 2, 2, 2, 2, 2, 3, 2, 3, 1, 1, 2, 5, 1, 3, 4, 2, 2, 3, 3, 4, 3, 4, 3, 3, 3, 3, 5, 2, 2, 4, 1, 2, 2, 1, 2, 2, 3, 3, 3, 3, 3, 3, 2, 3, 3, 2, 3, 1, 4, 2, 4, 2, 1, 3, 1, 4, 3, 2, 2, 3, 4, 4, 2, 3, 4, 1, 2, 2, 3, 4, 2, 2, 3, 2, 2, 3, 2, 2, 3, 2, 2, 2, 4, 3, 2, 3, 3, 4, 1, 3, 3, 3, 3, 2, 2, 4, 3, 1, 2, 4, 2, 1, 2, 3, 1, 3, 2, 2, 1, 2, 4, 1, 4, 2, 2, 3, 2, 3, 3, 2, 3, 2, 3, 4, 2, 2, 2, 3, 2, 1, 4, 4, 1, 3, 2, 2, 2, 3, 3, 3, 3, 2, 2, 4, 3, 2, 2, 3, 2, 1, 3, 3, 2, 2, 3, 3, 2, 4, 2, 2, 2, 3, 2, 3, 2, 2, 2, 3, 2, 2, 4, 2, 3, 2, 1, 3, 5, 2, 3, 3, 2, 4, 3, 4, 2, 2, 2, 3, 2, 2, 3, 1, 2, 2, 3, 2, 1, 3, 2, 1, 2, 2, 3, 1, 2, 3, 3, 2, 3, 2, 2, 2, 2, 2, 2, 4, 3, 3, 3, 2, 3, 3, 2, 2, 3, 5, 2, 2, 3, 2, 2, 2, 2, 3, 2, 5, 3, 3, 2, 4, 4, 2, 2, 2, 3, 2, 2, 3, 2, 3, 2, 1, 3, 1, 2, 4, 2, 3, 2, 3, 2, 2, 3, 3, 2, 2, 2, 3, 1, 1, 2, 3, 3, 1, 3, 3, 3, 2, 2, 3, 3, 3, 3, 3, 1, 3, 2, 3, 4, 3, 1, 4, 3, 2, 1, 2, 4, 3, 2, 2, 4, 3, 2, 2, 3, 2, 3, 3, 2, 2]","[2.383977325246689, 2.201112260890921, 2.2140825397177797, 2.2342319368705965, 2.0776645288649433, 2.440973246481054, 2.070790540085916, 2.12494052970407, 3.3135325382053398, 4.22732779265814, 2.2623213003314433, 3.430710458581858, 2.31338359579696, 2.57828741148171, 2.207391312974232, 2.0783500617129373, 2.096853465251085, 2.2055489292044532, 2.08926959112201, 2.0912069659826233, 2.0853452870742992, 2.774677195285319, 2.266949640738924, 2.1586025608386485, 3.444894069577421, 2.0882608270034058, 2.5023159600534255, 2.093725409192528, 2.6371238253365856, 2.2574971567407762, 2.3807955946231845, 2.1996523237000702, 2.084763295103376, 2.9220700269378743, 2.6534314233662233, 3.779048027310503, 2.227691137453956, 2.655087877135167, 2.487526403718236, 2.2558702063647584, 3.493197513240859, 2.339673839910411, 3.482554675292165, 2.184817566093376, 2.3654111476709807, 3.3312752723638672, 3.7422893021623604, 2.584009277495533, 2.6512042291783153, 2.2405713463283075, 3.941711269324327, 2.542768920680531, 2.5595685977502147, 2.4475955010614956, 3.6018929635615984, 4.153453665286838, 2.392892105351726, 2.2535073145613365, 2.2777212820557464, 2.114478814660832, 2.2392880448062358, 2.3401011687870352, 2.539608090177042, 2.0991467707293507, 2.620405392405343, 2.801235224759998, 2.251957720343041, 3.6389190319117706, 2.367353321098426, 2.1143232674846675, 3.429759662545286, 2.31502997406174, 2.4036894703265137, 2.222466369149409, 2.089005184508586, 2.261686448508732, 2.0896037498522104, 2.091609584339181, 2.1128776530811684, 2.350814705704946, 2.0388082836642996, 2.2251951123767126, 2.0541920980343162, 2.055280692406911, 3.734887220700951, 2.4717835799049537, 2.0540410244622005, 2.112191598399639, 2.4022107963037396, 2.29617976656868, 2.3447346290437743, 3.666933103861064, 2.677217908790703, 2.4981260470576885, 2.146145965822239, 3.1702693612869757, 2.2471922991215436, 2.0569038661008214, 2.152313134549727, 2.025687900633139, 2.0903393960098517, 2.24989366592823, 2.125945503613463, 2.2648759732732056, 2.3407630739077585, 2.345332871264794, 2.39141028736495, 2.1147643097668705, 3.5248626289343674, 2.055563080698576, 3.1789786215213094, 2.575655217412403, 2.383019523760108, 2.4006326575860824, 2.4724274281136283, 3.449907070107383, 2.0898739225601024, 2.286430599344357, 2.2359793363059164, 3.5519429723364024, 2.1162301219606623, 2.7277064482457147, 2.3478615295091454, 2.1364766097458903, 2.115715819095131, 2.101117288105049, 2.240220122634851, 3.693166481099034, 2.133514498648353, 2.102386507066564, 2.095350558771695, 2.9270379418341275, 2.2846226472553908, 2.108009485262008, 2.2601654615612126, 2.1547634826358246, 2.3735809324862633, 3.593987240665001, 2.2848398814460027, 3.491684353430324, 2.27046213053455, 2.2422840681411897, 3.489777859362481, 2.23303581270079, 3.7263592815866025, 2.2649441140072755, 2.098042170563772, 2.0477966060953237, 2.2197358833569965, 2.2355128934883526, 2.271902745134229, 2.561070701981147, 3.740561696708392, 2.4105301178795253, 2.7346391138068125, 2.4228066787106224, 2.400327554187733, 2.3958778619571195, 2.59007909284928, 2.2460985806693734, 3.716999462543546, 2.28997888774639, 2.1530296351807, 2.428195867100175, 2.0921602938651556, 3.430581968798105, 2.525001876789877, 2.054332969057544, 2.1085322685450696, 3.6274271506209725, 2.486670388894209, 3.8109240791639714, 3.7482990018298508, 2.0977352266928864, 2.1895063536777144, 2.2140241582286366, 2.4176421062191737, 2.4436775543104936, 2.595843332695919, 2.119356363695265, 2.105384172027205, 2.8054511293319466, 2.6173706294667, 2.3462672547217274, 2.3974772251069076, 4.135945116005004, 3.663046476208237, 2.374758745234768, 2.477608457407304, 2.1473780160629805, 2.1109049195934184, 2.46226492519289, 2.3758425307021986, 2.4965076955531336, 2.115096007927907, 2.390123994452748, 2.237112921748761, 2.5547135870298003, 3.835564345921835, 2.66052093999159, 4.059274063447578, 2.209673158022407, 5.483974834387614, 2.451454530826796, 2.654954019613359, 2.1597029310586575, 3.554785466106524, 2.3231770135273577, 2.058128857892595, 2.7810130436004843, 2.38376932662729, 2.272146416756543, 2.534985917652126, 2.235287388728106, 2.922451787731826, 3.5033490941530676, 2.0786284195685965, 2.186174153684643, 2.286457167958462, 1.9887475815282618, 3.786972249307893, 2.139188157733161, 2.063368625472683, 2.8643516586872746, 2.690129631040012, 3.6615510632193056, 2.070313857569836, 2.0887104562214733, 2.072269375669993, 2.630281957052, 2.088139105737164, 2.223993545235043, 2.045716906159761, 2.4370836438142236, 2.3365255683041397, 2.522917613288725, 2.233093523280654, 2.961104204675999, 2.124799012435633, 2.0797247559209153, 3.4308292015398, 2.0718360753675142, 3.045572038944024, 2.2176521251325862, 2.334112880243179, 2.1259854187404583, 2.1026421651828215, 3.6073536726456994, 3.035492127252147, 2.293658336725759, 2.3556861488064302, 2.5406608444273653, 2.1767235438105312, 2.4464817919905983, 3.14409556194771, 3.496978750587042, 2.3110278696467192, 2.0789556441255845, 2.1932397476918064, 2.283375722014863, 2.231643381271683, 2.2997518473121397, 2.086034974634055, 2.4194609037775465, 2.386692202517706, 2.3295739765201393, 2.26027506603357, 4.20938411913881, 2.2651547601070887, 2.4404940382574214, 2.3280994454094466, 2.1259674370622177, 2.360056890130969, 2.08490614201186, 2.5782224756891874, 2.4318787002703406, 2.061302110488708, 2.3125203511078474, 3.1210213171136187, 2.2834918387479397, 2.4111590420464664, 2.358102611709319, 2.107980714062955, 3.630422238375531, 3.783413547815968, 4.136937389646718, 2.284507495659811, 3.559083666736715, 3.55425026634245, 2.327621059182145, 2.2454249860287296, 3.3789857695338967, 2.298090679333522, 2.958685032345387, 2.095254884286023, 2.325178559594106, 2.194798097027725, 2.4249175452760134, 2.078076865086482, 2.2154716284719544, 2.2307502492022486, 2.0519017749587496, 2.2863331748744855, 2.096824436067816, 3.8501714116474552, 2.3645431244347463, 3.5354280653883823, 4.249701901776046, 2.4130146107678327, 2.737939497426718, 3.6121661204421196, 2.1348991610435273, 2.100523034804171, 2.1049217638759643, 2.0964869718123116, 4.586304975687605, 2.322277411821057, 2.119918642559803, 2.127422507116164, 2.4021020984277826, 3.76832792881967, 2.1940574333088416, 2.0744140681453063, 2.358144987405478, 2.0813607914438084, 2.0825192952641642, 2.0940810166875754, 2.0391002282596435, 2.1369365165674568, 2.4114440524685974, 4.1731557450315915, 2.318054678793289, 2.4164849303346054, 2.2339381779512983, 2.431311661964696, 2.714115190196052, 2.1170061679292056, 2.199426430814749, 3.3940694126449378, 2.4789794188391783, 2.305118418722181, 2.112877089731769, 3.5124341428721975, 2.241134607046219, 2.049525818385097, 2.400367766288751, 3.6272448724476027, 3.296116822323384, 2.390851314025716, 2.404138722200806, 2.7040875775446676, 2.3619258331949027, 2.241220551181351, 2.389790580757646, 2.5163446295878487, 2.0973573999120267, 2.0840987678521863, 2.2892604600291953, 2.1098651504062884, 2.549231047163792, 3.299898419752447, 2.4316248446783577, 2.0774961849981843, 2.419726926003994, 4.416925925441569, 2.5203073509407483, 2.268226763241466, 2.399351829118733, 2.207194953062103, 2.2605068148158165, 2.1534531211952834, 2.098965176772616, 2.332805547857146, 2.2536885853954667, 2.114232551286951, 2.2377769643160437, 2.3258085216989337, 2.1975099852755866, 2.31268418689726, 3.592779651624575, 2.096991353871614, 4.261844683088112, 2.0831529654810264, 2.424122626926907, 2.1820679485875902, 3.5899170244102967, 3.0567859351905122, 2.317688857612388, 2.0525910193504626, 2.2700590688740307, 2.305919458302044, 2.6334637249842157, 2.58176568881068, 2.0932121170747564, 2.1960791646803237, 2.5432282298153184, 3.659921477185718, 3.476252416593975, 2.3212801585230842, 2.556035402279975, 2.684081337937381, 2.0875344511764666, 2.953140283116647, 2.3678466556527002, 2.1193876089905856, 2.353586020286486, 2.1152249864899666, 2.2964226871317104, 2.994652389789554, 3.628275958275954, 2.0819087172780146, 2.0883625907061503, 3.8224553083721897, 3.0205401618763856, 2.1102665829266796, 2.09764600169652, 3.677075890583482, 3.625359692216241, 2.0846821723589666, 2.396433098266768, 2.385087477428522, 2.0622735816107833, 2.039694158437917, 2.132639399868444, 2.1244811826210213, 2.2811731978727017, 4.7162687803372485, 3.8678470629144486, 2.2662285463225453, 2.28338644549166, 2.1081113453876665, 2.1126248987021174, 2.209454360871601, 2.294811729021573, 2.3825110283689903, 2.3769515268478787, 2.2844412148599584, 2.265846047090788, 2.1150613742114728, 2.06566572116016, 2.096812807455966, 2.2573522570089666, 2.8931891920005235, 3.977274218782445, 2.264227670123531, 3.4304396737559246, 2.228804970800608, 2.093073905331623, 2.571018185917698, 2.1196266979644593, 2.33548019221687, 2.545114412954079, 2.3075396123077088, 2.136660869603176, 2.3257168352277766, 3.896533078605077, 2.4384541850147, 2.08060510482686, 2.269413331107594, 2.0711390518464485, 3.4233025779707518, 2.243049673860108, 2.390515543007183, 2.282027257404307, 2.1073031634214803, 2.163503947448248, 2.1915136859864908, 2.5686220798403463, 2.1047522239417003, 2.474659702918076, 2.522980051362456, 2.6394956846315845, 2.150335907310368, 2.470548787066198, 2.2402682873852875, 3.838236166937269, 2.1079391419429903, 2.1435745468095075, 2.258296548693931, 2.7557914056310397, 2.230677676244076, 2.42610181413428, 5.312941916189624, 2.3770546201906706, 2.767022884157811, 2.578602837474386, 2.289743221666928, 3.9746698604604846, 2.235923965072314, 2.154904284426265, 2.2245267051138544, 2.0990935090894656, 3.5642740572650347, 2.385325529506054, 2.3661791303773736, 3.5597827503874413, 2.1357592978334417, 5.041420044406278, 2.537490298871144, 2.122900703515557, 2.2888215273407098, 2.3364374693438577, 2.0937741379550783, 2.5056579788485935, 2.559317286950942, 2.078414167780684, 2.3275197801633074, 2.061832054644673, 2.350246194264729, 2.2006420278641463, 2.2369372554477964, 2.6387770299972586, 4.043155696427571, 2.324585508981189, 2.1401889218878245, 2.307071936273012, 2.115012872148613, 2.455704886080887, 2.7054601932028493, 2.202731918412999, 2.2680136246252482, 2.8838368517115063, 2.1496586999390583, 2.0338172400272563, 2.8537816899776676, 2.0745894113236663, 3.6962308739413032, 3.732370967936565, 2.3898303343233387, 2.2266052048875133, 2.428549337148663, 2.36126856323953, 2.7993664233040825, 2.259864275014804, 3.651188820470707, 4.1197424253191475, 2.269435102995046, 2.1015740130576317, 2.1076178492720903, 2.101771289684746, 2.0630595441552386, 3.2777957206115245, 2.0785817318296913, 2.153335771245074, 2.357643491325961, 2.203181802183599, 3.230430900794446, 2.1231263673110483, 2.1264696816749606, 2.302749299898827, 2.0756331322813097, 2.1004623958230306, 4.5375240222789746, 3.3135391906358933, 2.419590325643567, 2.41428667619253, 2.981100426084379, 2.3158146349549087, 2.365943429824614, 2.0712337984801708, 2.2381042516444456, 2.4218811705526693, 2.278977519142841, 2.3889589741413557, 2.070574797096654, 2.139720414424092, 2.298035686265493, 2.0509438119108667, 2.3362072158573595, 2.414020392483738, 3.514192610909012, 2.0754858489184045, 2.210984805332911, 2.4256539992401667, 2.253416921486225, 2.356874270622157, 2.581951858818563, 2.4185123759463587, 2.5192684515329105, 3.703899792869116, 2.386497781650561, 2.792854516995275, 2.0900768037203816, 2.189486072991612, 2.0593647356280944, 3.955111609794173, 3.7237020706728616, 2.1425305442451235, 2.180315101001184, 2.0541594402031387, 2.4391030980296646, 2.510251773993504, 2.1431079974736096, 2.596872498587609, 3.6254344512840904, 2.6325229215950783, 2.0530926177179962, 2.2105282790912586, 3.89691845018399, 2.3746134377571195, 4.101644476692367, 2.220550281492341, 2.0902381169910145, 2.368301638040173, 2.4624898386149767, 2.1344742861156107, 2.2759374784860413, 2.3289393426502927, 2.464453939556599, 2.2387167841243834, 2.7184757960317913, 2.1095483686249836, 2.3520661505818956, 2.630791225799496, 2.8679080121916365, 3.1841645216906223, 2.4389623843374215, 2.4184484282511423, 2.7639166730732865, 3.6972875280047255, 2.8180334987033655, 2.120670978041185, 2.3026867062879797, 2.2241183733156586, 2.3328307733041, 2.8377234450647415, 2.2062202290675534, 2.3047667317131215, 2.312197958172921, 2.206544185248865, 2.12549176106358, 3.3616101505846365, 2.232704721795156, 2.0607668849221823, 2.3035738759189908, 2.0438651276476056, 2.325300280860348, 2.234169836931087, 2.187088711423197, 2.158933847116168, 2.242957667012151, 2.3979768104395562, 2.0819359321373296, 3.008023256866543, 2.1246101611830808, 1.9800660414068207, 2.8962090769096913, 4.14710277514595, 2.250901850667437, 2.8914683574614335, 2.519259608340254, 2.393231545492487, 3.8193986377545435, 2.2372416489470606, 2.1011422412420493, 2.4140294641035096, 4.0192724335379815, 2.1442872116210063, 3.919502618577751, 2.3988822695272947, 2.7117816004126487, 2.2440400106063705, 2.2173160455600973, 2.244815440045889, 2.3768749123167345, 2.6563388071083933, 2.0976293496583263, 2.0874097475075253, 3.40925893279054, 2.7829768863555278, 2.690097213435629, 2.196019026300333, 2.4408631538266614, 3.054867391171433, 2.2182005704101884, 2.452514322715812, 2.220208865466323, 2.43095464602819, 2.267535344253566, 2.4196324195970673, 2.5847069168829084, 2.669059061108321, 2.4373996093978563, 3.5761838315675227, 2.386795521897474, 2.1809066196955205, 2.423556640748968, 2.256742092610594, 2.5364837017562003, 2.359417782497991, 2.079273995773731, 2.1333406880512884, 2.179605206218431, 2.2279703446319914, 2.2572910654365614, 2.8488950470263683, 2.708862700956815, 2.5816086037813575, 3.420799039657484, 3.8752409322417942, 3.2676865891447706, 2.406024989939636, 2.0612008314698707, 3.71842666726988, 3.032085222274172, 2.227289652416654, 2.2927992130737436, 2.398585777043, 2.4110571819208078, 2.262392058965662, 2.632077598861703, 4.017296294467967, 2.557165431875301, 2.422053958602294, 2.090130587193802, 2.26052346685401, 3.692381296328322, 2.6931914285958114, 2.080157733100789, 3.5670217515383937, 2.1101264130557107, 2.0831183866716416, 2.0775125139137733, 2.0955906957788755, 2.878617165970671, 2.5085263543030805, 2.1036672582170146, 2.226840905440273, 3.8226815878142437, 2.0835529794645393, 2.0943989251676793, 2.209938462244801, 2.0711759845707447, 2.100215407538448, 2.218134896865739, 3.579434776971067, 3.7567928162591566, 2.2098055385326845, 2.795461300433802, 2.242040261106155, 3.3696915447070825, 2.39576160513573, 3.5467829678279075, 2.4529190133805403, 2.1297124419307374, 3.3597180443688606, 2.309926592763866, 2.1047004163535368, 2.3220143786177645, 2.2320402335337732, 2.2671596176337183, 2.4811434226327798, 2.2692202049619237, 2.0669213948978546, 3.6001739378962414, 2.145507688292867, 3.5677398063227956, 2.6179049621582053, 2.0813426482042656, 2.651957263421817, 2.057344746957641, 2.261281531144313, 2.2157914713214506, 2.0784417057626037, 2.2265862141657724, 2.2613999468852515, 2.0833657809746393, 2.504463117831852, 2.4537583577462376, 2.316212170611836, 2.528411195104015, 2.4742317525962307, 2.5638401180151855, 2.381207123038211, 2.217076335803717, 2.0728204454682, 2.378047791441353, 2.258863037313199, 2.2696287882597983, 2.697062255198, 2.1992545435860302, 2.3797532559584176, 2.434550959228265, 2.0783049852208197, 2.108131302951164, 3.8440869048357342, 2.4237733488757267, 2.0924057494325243, 2.7086648536971305, 2.413632288718815, 2.394270792846082, 2.2492095042361475, 2.2625424862925683, 2.0698433014204562, 2.244515525043706, 2.243026623807974, 2.9982117727913904, 2.1033484218849607, 2.1970090932627, 2.1289492814137003, 2.2509297124346763, 2.112822336890534, 3.5067730451138273, 2.076512553335304, 3.2661440535113626, 3.5493798172728495, 2.239875611067344, 2.2583350690424906, 2.270362060974403, 2.2503500677582076, 2.423757588888449, 2.3978301733218608, 2.624279083997843, 2.1298113907931064, 2.2511594178031387, 2.119990527892821, 2.401929899213424, 2.273689692667936, 2.118926406203637, 2.3219000324385575, 2.3885909895012327, 2.3862356931278494, 2.2403593935482564, 2.2584079651232685, 2.1622705740519965, 2.0995663186364437, 3.468181236423458, 2.339297584836572, 2.453441377118083, 2.5284067883426147, 2.103818816473038, 2.2118599928737326, 2.3566031285464506, 2.7454447854361534, 2.988332155710614, 2.097660031604247, 2.071716006863924, 2.0536852554058505, 2.244082224741227, 2.0958450242550857, 2.263400823084266, 2.5347505376959134, 2.3377408415682175, 2.4694936662794857, 2.394771061573568, 2.265142239820847, 2.233574990037829, 2.229317138745638, 2.0747899563264562, 2.1281316024171213, 2.2664518450661606, 2.7716087166243266, 3.5291009568740663, 3.4117085932514826, 2.308378758868102, 2.204118279181088, 2.4900103700390592, 2.6602308369103276, 2.3909084404459056, 5.057944516993846, 3.699728662098125, 2.1333570169668774, 3.583087172652424, 2.597043303023532, 2.0682781860930843, 3.8531714136264643, 3.4088714452380575, 2.052904089588049, 2.2449082292144906, 2.151156510191714, 3.467924097201271, 2.6684240652642885, 2.429320424829251, 2.547477894255482, 2.4107824704704788, 2.088715414509429, 2.566796869942296, 2.3364844199600117, 2.106076841989659, 2.321567384015722, 2.073116664956662, 2.088266916220478, 2.2647513388370517, 2.3294909562697743, 2.7558402641123383, 2.3829021146956952, 3.568693979161468, 2.259932225672016, 2.1150372068932453, 2.267831563742028, 2.262419435386279, 2.171934281825095, 2.513199286518772, 2.1218652506014903, 2.1905991702905974, 2.510332132701486, 3.3748804826777294, 2.053400729667626, 3.5732355551417463, 2.0470763194854573, 2.322072365384541, 2.230964500990161, 2.3067039450124325, 2.3124585676704865, 2.465171382229341, 2.607975997259796, 2.525662822328851, 2.4041058251843785, 2.1441739850980324, 2.2316858238336548, 3.7221964421419633, 2.2707594240689817, 2.1461700129591095, 2.6734022048706056, 3.638561134073327, 4.284607191419063, 2.1015944553050363, 2.251750511772733, 2.2548342712928426, 2.318910972857082, 2.3899818883490442, 3.7462683133051238, 2.3829944352103873, 3.6150847361049046, 2.094768645466264, 2.8952341799994334, 2.722996805488909, 2.0970556587862093, 2.2809070733582373, 3.293602169322691, 2.421359656001584, 2.0536453402788553, 2.090120832179193, 2.2502514480194646, 2.4412697198593336, 2.404366374722779, 2.08774572056168, 2.2229930077800706, 2.1401897982644087, 2.344113645567488, 2.3803409419787727, 2.2855753661782603, 3.5554442944456435, 2.143507148743561, 2.214499125369734, 3.220861999939507, 2.605963730526192, 3.2319435030542403, 2.2028165046764117, 2.232630050380231, 2.0811297260563997, 2.0512944611179584, 2.0627548992922144, 2.083794524777259, 2.0980486200530772, 2.5301397413775417, 2.24224382989159, 2.467897947671685, 2.118851335390753, 2.0969987727287336, 2.0886520747323303, 3.7596868872990195, 2.2756307589478717, 2.214309738620624, 2.551698782294205, 2.408684627295373, 3.951954002718811, 2.3691643116977694, 2.094582416344178, 2.4363054104920967, 2.2601055801007295, 2.046723855954411, 2.2184109372934, 3.242258578589644, 2.070380179749634, 2.3286382700436152, 2.4463169030319354, 2.2729695676193717, 2.3896636567463356, 2.106443857397887, 2.1878070493379336, 3.131067598907009, 2.4101131836422636, 2.102102784904534, 2.1415086780707417, 2.1034767542018105, 2.7393056419843784, 2.4995146048318135, 2.205974919558285, 2.157655215654855, 3.4087977296893133, 3.8351396725474913, 2.110453314490094, 2.470819947185517, 2.2431692966695973, 2.401370764312887, 2.267225256418679, 2.5105236847499968, 2.579105035149129, 2.1938754097111683]"
2.0,5000,0.6283507948378516,0.6283507948378516,0.012897968292236328,0.31615645847230883,"[2, 3, 3, 1, 3, 2, 1, 2, 3, 5, 3, 4, 3, 2, 2, 3, 2, 2, 3, 2, 3, 4, 2, 3, 2, 1, 3, 2, 2, 4, 3, 2, 2, 4, 3, 1, 2, 3, 3, 2, 3, 3, 2, 1, 3, 3, 5, 3, 3, 3, 4, 2, 3, 2, 3, 4, 2, 2, 3, 1, 1, 1, 3, 1, 1, 4, 3, 4, 4, 1, 2, 2, 2, 1, 2, 2, 3, 2, 1, 3, 3, 4, 1, 1, 3, 2, 2, 2, 3, 3, 2, 4, 3, 3, 2, 4, 2, 1, 1, 2, 2, 3, 1, 3, 2, 2, 2, 2, 2, 2, 3, 3, 3, 1, 3, 4, 1, 2, 3, 3, 2, 4, 4, 3, 2, 1, 2, 4, 3, 2, 2, 5, 3, 3, 4, 3, 2, 2, 3, 3, 3, 2, 3, 4, 4, 3, 4, 2, 3, 1, 2, 3, 3, 2, 3, 3, 3, 2, 3, 2, 3, 3, 2, 3, 2, 5, 2, 3, 2, 4, 3, 4, 3, 2, 2, 3, 3, 2, 4, 3, 2, 3, 4, 1, 2, 5, 2, 1, 4, 2, 2, 3, 2, 4, 2, 1, 2, 1, 4, 2, 5, 2, 4, 1, 2, 2, 5, 2, 3, 5, 3, 2, 4, 2, 2, 4, 2, 3, 3, 2, 2, 2, 3, 4, 2, 5, 2, 3, 1, 3, 3, 3, 2, 3, 1, 2, 3, 3, 2, 1, 1, 1, 5, 1, 1, 2, 2, 2, 3, 1, 3, 4, 3, 2, 4, 3, 2, 3, 3, 2, 2, 3, 2, 2, 2, 3, 2, 5, 2, 3, 2, 2, 3, 2, 3, 3, 2, 2, 4, 3, 3, 3, 2, 4, 2, 1, 2, 3, 3, 2, 2, 3, 2, 4, 2, 1, 3, 2, 1, 2, 3, 3, 2, 2, 3, 3, 2, 5, 2, 2, 3, 2, 3, 2, 2, 4, 1, 3, 2, 2, 5, 3, 2, 3, 1, 2, 2, 3, 2, 3, 4, 3, 3, 3, 2, 3, 2, 2, 1, 4, 3, 2, 3, 3, 2, 2, 2, 2, 2, 3, 2, 1, 3, 3, 3, 2, 2, 3, 3, 3, 2, 3, 2, 1, 4, 4, 2, 2, 2, 3, 3, 1, 3, 4, 2, 2, 2, 2, 3, 3, 2, 5, 2, 3, 2, 4, 2, 3, 2, 3, 2, 3, 3, 2, 2, 3, 4, 2, 3, 3, 5, 2, 3, 3, 2, 2, 2, 2, 4, 2, 3, 2, 2, 2, 2, 2, 2, 5, 1, 3, 2, 2, 3, 3, 1, 2, 3, 1, 2, 3, 3, 3, 2, 3, 3, 3, 3, 3, 3, 2, 2, 4, 4, 3, 1, 3, 2, 3, 3, 2, 2, 3, 1, 2, 2, 3, 2, 2, 3, 2, 4, 1, 2, 2, 2, 3, 1, 3, 2, 1, 3, 3, 2, 3, 2, 1, 2, 1, 2, 3, 3, 2, 4, 2, 2, 4, 3, 2, 1, 3, 2, 2, 3, 3, 3, 4, 2, 3, 3, 2, 3, 1, 3, 3, 3, 2, 3, 2, 3, 2, 2, 3, 4, 2, 2, 2, 2, 3, 3, 2, 4, 2, 3, 2, 3, 2, 4, 4, 2, 2, 3, 3, 4, 2, 3, 4, 3, 2, 2, 1, 2, 1, 3, 2, 3, 2, 2, 1, 2, 3, 3, 3, 4, 2, 3, 3, 3, 3, 3, 2, 2, 2, 3, 3, 2, 1, 1, 3, 1, 3, 2, 2, 4, 2, 3, 3, 2, 4, 3, 4, 3, 3, 2, 2, 2, 5, 4, 2, 2, 2, 1, 2, 2, 2, 3, 4, 3, 3, 2, 2, 2, 2, 2, 1, 2, 2, 2, 2, 3, 3, 3, 2, 2, 3, 3, 3, 2, 4, 3, 3, 3, 3, 2, 1, 2, 4, 2, 2, 2, 3, 2, 2, 2, 2, 4, 1, 2, 2, 1, 2, 2, 1, 2, 3, 1, 1, 2, 4, 2, 3, 1, 1, 2, 2, 3, 3, 4, 2, 5, 3, 3, 2, 3, 3, 1, 3, 2, 2, 4, 4, 4, 3, 3, 3, 3, 3, 3, 3, 3, 3, 3, 2, 2, 4, 3, 3, 2, 2, 3, 4, 2, 2, 2, 2, 2, 3, 2, 3, 1, 1, 2, 5, 1, 3, 4, 2, 2, 3, 3, 4, 3, 4, 3, 3, 3, 3, 5, 2, 2, 4, 1, 2, 2, 1, 2, 2, 3, 3, 3, 3, 3, 3, 2, 3, 3, 2, 3, 1, 4, 2, 4, 2, 1, 3, 1, 4, 3, 2, 2, 3, 4, 4, 2, 3, 4, 1, 2, 2, 3, 4, 2, 2, 3, 2, 2, 3, 2, 2, 3, 2, 2, 2, 4, 3, 2, 3, 3, 4, 1, 3, 3, 3, 3, 2, 2, 4, 3, 1, 2, 4, 2, 1, 2, 3, 1, 3, 2, 2, 1, 2, 4, 1, 4, 2, 2, 3, 2, 3, 3, 2, 3, 2, 3, 4, 2, 2, 2, 3, 2, 1, 4, 4, 1, 3, 2, 2, 2, 3, 3, 3, 3, 2, 2, 4, 3, 2, 2, 3, 2, 1, 3, 3, 2, 2, 3, 3, 2, 4, 2, 2, 2, 3, 2, 3, 2, 2, 2, 3, 2, 2, 4, 2, 3, 2, 1, 3, 5, 2, 3, 3, 2, 4, 3, 4, 2, 2, 2, 3, 2, 2, 3, 1, 2, 2, 3, 2, 1, 3, 2, 1, 2, 2, 3, 1, 2, 3, 3, 2, 3, 2, 2, 2, 2, 2, 2, 4, 3, 3, 3, 2, 3, 3, 2, 2, 3, 5, 2, 2, 3, 2, 2, 2, 2, 3, 2, 5, 3, 3, 2, 4, 4, 2, 2, 2, 3, 2, 2, 3, 2, 3, 2, 1, 3, 1, 2, 4, 2, 3, 2, 3, 2, 2, 3, 3, 2, 2, 2, 3, 1, 1, 2, 3, 3, 1, 3, 3, 3, 2, 2, 3, 3, 3, 3, 3, 1, 3, 2, 3, 4, 3, 1, 4, 3, 2, 1, 2, 4, 3, 2, 2, 4, 3, 2, 2, 3, 2, 3, 3, 2, 2]","[2.604410354222783, 2.397820929380684, 2.398000965838132, 2.396093870497629, 2.2296146125061465, 2.6432815187274254, 2.189874108512857, 2.0608651929299766, 2.057514272184214, 3.2257046075448566, 2.307971944450647, 3.3451317655921176, 2.6215250211758674, 2.785639458368868, 2.4189926764221177, 2.1324092845450187, 2.0876743310592367, 2.3021614502001486, 2.111466454226553, 2.1462589071865006, 2.2126398288883236, 2.682266895036215, 2.293451919043991, 2.322204166886582, 2.268391623690821, 2.1146311481215356, 2.275842980535766, 2.117922857565957, 2.760212863461933, 2.4866006700258545, 2.5484602638113496, 2.3364692301449, 2.064298026612845, 2.8444301435812815, 2.5811301742859647, 2.7397608252144203, 2.4370488524296414, 2.5880794283137787, 2.6536081376766036, 2.4446288382211394, 3.430178415759461, 2.3780479109283825, 2.293289147733002, 2.2603976675595696, 2.550577098795518, 3.3873092487736036, 2.6915987304373608, 2.8005350480834506, 2.4420369157346147, 2.3557706889655146, 3.9202666195157914, 2.7404426341636885, 2.50630413057424, 2.6101080486998676, 2.474387607902747, 3.7972108173279198, 2.6786188731328298, 2.3356231727632837, 2.2596591354927096, 2.1345560596998374, 2.2121240811704537, 2.5581418667968583, 2.4732060330083567, 2.080479775154096, 2.9164300455058427, 2.694268895066864, 2.360919750189725, 3.692674082379331, 2.5748223979432536, 2.073738466690143, 2.4589176147295877, 2.360293058008966, 2.603875005696473, 2.3921344154317845, 2.0509903749465326, 2.2895284091996717, 2.0695477481073996, 2.165431005060781, 2.126265314758175, 2.236294600134636, 2.2084680475948897, 2.3835738046079467, 2.1397707670223274, 2.1363556297255837, 2.898737260226408, 2.777628885631144, 2.201550290370605, 2.0599907452221906, 2.60851390052455, 2.325291006028912, 2.5844761630518702, 3.8020318868402105, 2.7942136984868147, 2.5358323708588557, 2.192511704435524, 2.9839901505862336, 2.273693866283589, 2.213004177954244, 2.268218743113649, 2.1474533424412634, 2.189851030581058, 2.2856543325662457, 2.078147581500059, 2.330937610352117, 2.596935722289491, 2.6439049335608886, 2.6219620557296683, 2.0519196374108857, 3.52876728782486, 2.2172104887247337, 3.065314093218394, 2.5752810790672256, 2.586979976369842, 2.572594452256677, 2.525084065054939, 3.2500755970655186, 2.089135354352784, 2.336104402180176, 2.128365252383886, 2.610655484089766, 2.0677562845253465, 3.0491769553570975, 2.562931824079858, 2.4166791102036655, 2.144917898889444, 2.053862677972914, 2.2705055429084706, 2.8457068009529305, 2.068644705413605, 2.1520568444970922, 2.174130015225047, 3.2447260371805955, 2.278878562379505, 2.1681784337593863, 2.233901523848828, 2.164548177582766, 2.373850569400683, 3.4549559602001523, 2.3395026309423836, 2.2646475296043094, 2.2558047239352503, 2.3503975396186374, 2.291992433696717, 2.4611519256507806, 2.6046990479117493, 2.2347405036056083, 2.0430747421621396, 2.159834698640698, 2.1712871455450897, 2.150263768200067, 2.277913044343806, 2.869977095981272, 3.6057004815683236, 2.500673764985628, 2.6719363780401006, 2.584770900218307, 2.556540138098737, 2.3840663258541257, 2.5300305098853686, 2.434413990006759, 3.3847921523154416, 2.4815981168952295, 2.0882468349792744, 2.4861231759031206, 2.04109216868147, 3.269058058979564, 2.4232888389358904, 2.2210695938700544, 2.051035599760669, 2.362090347996582, 2.679489016764168, 3.575997688575174, 2.6814456681985477, 2.0849080698488742, 2.393360587511317, 2.43905450384211, 2.4987972333209774, 2.71034571048415, 2.8779833586150945, 2.037513449914121, 2.1906442404989144, 2.706237398399174, 2.4703800059681984, 2.3369278640270275, 2.6233640558698914, 3.893009006198703, 2.7720914814745403, 2.6333308752307096, 2.8661572816551364, 2.10597708944487, 2.104897696475995, 2.6520463191002723, 2.5042856060758396, 2.659194028378443, 2.091749417883531, 2.483858121163721, 2.407490839126323, 2.4744722588123955, 3.6764419781794917, 2.91319073626979, 4.078450021540913, 2.2641614939802204, 4.073760450203255, 2.535767267707148, 2.7829826937374165, 2.1233400979108015, 3.537069348803244, 2.3418554572490375, 2.1682907511472553, 2.9333589272629466, 2.417435692242293, 2.1845889698073715, 2.4948279927392347, 2.4540882833420152, 2.8627519070104923, 3.6847232237895517, 2.1652851199763004, 2.1443278825224277, 2.417761818444061, 2.1202961358877372, 2.674937630592904, 2.1316703057073734, 2.151852556958928, 2.7846300490693534, 2.841653337663436, 3.4361336703761327, 2.130063981005702, 2.154090955387033, 2.164799515010704, 2.7974861209593573, 2.135448203793748, 2.448648935447582, 2.2276647068997066, 2.5301039099392124, 2.523862616381823, 2.644754825634344, 2.367495479159283, 2.953384748669139, 2.061309160778553, 2.1005401190753505, 3.2069768651700743, 2.125288480685755, 2.976851034802392, 2.178740078763864, 2.446909124051154, 2.0780223597991783, 2.171689985906433, 2.6074239031933186, 2.8567268198124958, 2.470054952832235, 2.328729878484284, 2.4225751747001505, 2.3266606107090126, 2.510497355909621, 3.0650319860924036, 3.5322265100585177, 2.395791587026113, 2.0825177840909737, 2.4429537626057125, 2.344095990606504, 2.3429091093461576, 2.354955061148249, 2.080743706545225, 2.6157024541843756, 2.408266048600536, 2.6524733404786, 2.2735210052203736, 4.019014707248532, 2.277710246816439, 2.5905877070639405, 2.3558137139015813, 2.057643580080048, 2.160480562293891, 2.1251554628910014, 2.693557415826616, 2.604301830104298, 2.158335625927247, 2.2000584728941606, 3.060943681799718, 2.3437317092948518, 2.580441471945315, 2.463279527213039, 2.0527659359910193, 2.507496743295039, 3.520164411487788, 3.9103312380372475, 2.354787959734796, 2.649559279445354, 2.6380948036116503, 2.3616627006247795, 2.2996734711693794, 2.3934183166258785, 2.3796858989043495, 3.0193863449446483, 2.113124589664032, 2.505263258730831, 2.1544543796957942, 2.4759727323877385, 2.167015456206651, 2.250596775066252, 2.407016617951715, 2.2286967338327823, 2.365798055708179, 2.08776540138715, 2.9857520343694577, 2.323223403798393, 3.3911681620634466, 3.975199223517965, 2.6359257588765943, 2.865964662826908, 3.4796659620408326, 2.219758117404673, 2.1783381198440948, 2.0623624717948696, 2.0888240939491407, 3.3606189801462167, 2.5936233494614696, 2.0561846609848793, 2.2370083540226138, 2.5884197155801485, 3.5061854265029364, 2.292715939827936, 2.137635995862042, 2.3814058189203604, 2.156713125361473, 2.228626812079574, 2.1168072460490204, 2.227987351094339, 2.0641017772680104, 2.5591121456785912, 3.088692370524585, 2.4050011402935647, 2.4179049493080633, 2.376580258893674, 2.5661390192994826, 2.5914332406071363, 2.126627249275897, 2.443980097643294, 2.4278386921803006, 2.6271532085310203, 2.296320013673615, 2.0987106060733938, 2.2091805316211186, 2.3422689983273344, 2.133974623560294, 2.5734254689988845, 2.5787703483282645, 3.360754587601577, 2.644150858216073, 2.467182454232387, 2.7397174608584725, 2.469238357218561, 2.394604387726609, 2.5657378223840945, 2.504389096438088, 2.209633199409736, 2.1276883563860864, 2.3885321412308693, 2.128594851268461, 2.438655815034485, 2.0656094562349505, 2.318055269776337, 2.2639047321871186, 2.471821546723637, 3.122044303164872, 2.6662705379769354, 2.309880523289887, 2.4376406482053348, 2.2515009245517312, 2.334099538619296, 2.3045969929002044, 2.1014846633776294, 2.4209460712404223, 2.355489681887902, 2.074023061464872, 2.4054076053753093, 2.354950852751492, 2.1806244065223885, 2.334818928737007, 2.565212118247751, 2.087241747001649, 4.196569771083109, 2.1511036105708596, 2.6081989846695226, 2.375825961690915, 3.522837991059537, 2.907656558492451, 2.4290790327815626, 2.02218251869958, 2.324567407514444, 2.418938974749537, 2.593012236160763, 2.70287684259979, 2.099097965316845, 2.4340459461567057, 2.489405410181465, 3.482116389878411, 3.558656051766505, 2.361120176704237, 2.7861058133858703, 2.6711693047934624, 2.1986507010156684, 3.205539716534837, 2.5937099010428057, 2.085407095049571, 2.3096063533312634, 2.0709095946293403, 2.2827298714309525, 3.2573931613036757, 2.5888624264132476, 2.154994172922112, 2.0938767032997636, 2.7395214922771123, 2.889798619127408, 2.2499595204711462, 2.12605837007626, 2.7085589921319344, 3.54281707461171, 2.2280340594072134, 2.675560018287158, 2.474618858197991, 2.0531119684672707, 2.14438330657131, 2.213533530527541, 2.1031766398382556, 2.4256381224850445, 3.318650478090756, 3.951998335302296, 2.3978900949257156, 2.2781563200406714, 2.05235611951541, 2.09950177954714, 2.392085292570712, 2.2673485759560577, 2.64988080313055, 2.4992142943421225, 2.279447751928962, 2.358219687526919, 2.1122932625720034, 2.1242109185887226, 2.2646102168786255, 2.104944726546015, 3.0152052800757665, 2.954851565797534, 2.363296858308078, 2.2728675577479343, 2.4539897272700495, 2.1404019467225845, 2.64403427096948, 2.03666535748543, 2.3512408863151206, 2.5964828980813457, 2.3516219927971203, 2.2142312868794427, 2.391508421703735, 3.7607356845141506, 2.603205540273061, 2.14576995711934, 2.3061580236364363, 2.168345565903823, 3.3327653410519438, 2.2154814390226187, 2.60592602512095, 2.2674926765096, 2.1570675063808746, 2.4136297377173124, 2.2260638065631992, 2.8258517282587823, 2.1650703114462444, 2.632667964501889, 2.5937983612490534, 2.662043777996879, 2.4140701178687727, 2.391089949325801, 2.2118090633434337, 3.4503508986986486, 2.2306204590014125, 2.1996500970977992, 2.4769715341020424, 2.8072036484342093, 2.407244293771498, 2.53356302065201, 4.109972898632044, 2.5397612536470837, 2.6045111092184796, 2.774104912469059, 2.1702546727536576, 3.7004288196674864, 2.263548252765544, 2.206821267526881, 2.2584333429143015, 2.1623876348197424, 3.548172132714778, 2.579745577196239, 2.6193764516763944, 2.447088521387205, 2.1984560427526842, 3.8650823872498163, 2.5909916388761483, 2.101942294056858, 2.3570758297941143, 2.4736306761805893, 2.233272744483884, 2.5190722258135807, 2.5751210445639523, 2.186392462318736, 2.3211100494243238, 2.136237893768756, 2.272999435929352, 2.4401665276619298, 2.3671715556411446, 2.5053998243981086, 3.9841128838891002, 2.257275237277453, 2.305339043512877, 2.217151235064364, 2.0511398477281295, 2.5444604188239714, 2.904699984559917, 2.1252033164273696, 2.3718676490430046, 2.805241886153941, 2.1876841815152006, 2.2036907534263848, 2.83663316730828, 2.218826676695372, 3.532373236077726, 3.713158805429229, 2.58604829935729, 2.294627488470212, 2.5258846536298307, 2.5326059194098245, 2.986931111209542, 2.3315019684957123, 2.69654874807084, 2.947203163885035, 2.306089720890501, 2.113735416330509, 2.053904315089934, 2.1744220957438283, 2.234562973889309, 2.0807657330338136, 2.1041260132369315, 2.1485920006629193, 2.5597874461953705, 2.2312576472392855, 2.1404965521081327, 2.046121389750474, 2.0969383223762033, 2.337514402589504, 2.154246740763765, 2.1447792569534636, 3.1510850535745707, 2.1658619847297857, 2.506927849476711, 2.469360552989223, 2.9995515062875664, 2.330287836533059, 2.599680699416613, 2.2160399946969624, 2.1805007810183823, 2.5814817801633687, 2.26283935382117, 2.650087505216913, 2.170115745402635, 2.0624894195900403, 2.3523019470844053, 2.2317020546539172, 2.418311414389808, 2.5510296540762973, 2.3999787325304314, 2.1955791816469774, 2.2646728326243313, 2.494097521491018, 2.29503637018986, 2.546391690297681, 2.618677266272329, 2.518094385744191, 2.4617109273728177, 3.7064952148123576, 2.295208938822641, 2.8438571137403543, 2.129369259405544, 2.434294595709909, 2.1235431729672993, 3.7413517544249095, 3.645278577736022, 2.1691762415652267, 2.0729181851138607, 2.13987322114123, 2.5132105962119744, 2.763748697916775, 2.1202887567346056, 2.8731624902831387, 3.370785909423554, 2.880511632800135, 2.143220055692039, 2.4091513891120004, 2.8069274452428408, 2.654221925544351, 3.8780057903746488, 2.41858075574813, 2.1492983793806024, 2.424174758689868, 2.470821918044755, 2.261961418298555, 2.3061256661120266, 2.462223772810672, 2.6024425224390275, 2.40245920350912, 2.7205559526427803, 2.1367099429907173, 2.581910912032376, 2.6013963982242694, 2.8279225028320494, 3.1528130209563217, 2.6096353787782656, 2.5656231610078546, 2.9513872246637938, 2.5376853554278185, 2.8806206530209546, 2.197799438326698, 2.3181826306091753, 2.2643405984872675, 2.4270724494186937, 2.9205208108727176, 2.3000554488671563, 2.4262528842217432, 2.532672082331132, 2.4012150929440073, 2.100006254047778, 2.4274939011033303, 2.2070652297845235, 2.1600147350981462, 2.307383959412717, 2.1517333375033623, 2.484446203058619, 2.228180918360645, 2.2195106410003875, 2.1177158143987906, 2.286978750367923, 2.54005598991258, 2.1549087944896934, 3.0801629301272397, 2.082336816584065, 2.14753185582927, 3.076674815831846, 2.8236651886798083, 2.1864865110514504, 2.924368285428901, 2.2635577658600985, 2.657118790001269, 2.4787968183851175, 2.1981088406142564, 2.17732420673398, 2.5510011945988245, 2.9066841751484533, 2.2116568940853374, 3.893027582398118, 2.264149845464461, 2.6740458862803322, 2.3857591821280426, 2.1194046205991373, 2.12384002573944, 2.3313468773690946, 2.765833125541652, 2.166980994483863, 2.1377363457825664, 2.3801861430997335, 2.983222507884434, 2.9101818978152716, 2.2475231859366653, 2.4872537589081625, 3.1403501717982913, 2.446387459087678, 2.5866396728123693, 2.4605222294492615, 2.5796442962262542, 2.332484834147395, 2.4925532239634305, 2.931776426206353, 2.5715403668743146, 2.4981195874073028, 2.5754774657349255, 2.356517822181367, 2.399904473481518, 2.5006773526827444, 2.345910221770535, 2.6359572964213966, 2.33284484699736, 2.2041302025283844, 2.0549474154641785, 2.0866147444710696, 2.2318210056782126, 2.3866505383703642, 3.0161301926073745, 2.776678451966772, 2.8489368231709227, 2.446158489229133, 3.0092799157958248, 2.207534766193755, 2.5352424401727296, 2.1177829747267913, 2.8482013346782913, 2.906175761638885, 2.1689404285707674, 2.2894840856049528, 2.6198863077227075, 2.6962637861892915, 2.3077499605263587, 2.6361344843642223, 2.9243619125049474, 2.759617554936632, 2.424557849702879, 2.21094129723701, 2.293176914211693, 3.660890264611099, 2.6536386473149767, 2.180922550748451, 3.4373761095656143, 2.1277752183172427, 2.2125047746494597, 2.2638535051276674, 2.0916358903234595, 2.7389476515419893, 2.663275255266052, 2.168474064951999, 2.314323240729993, 2.5954913967571493, 2.088530219581801, 2.1638015716963275, 2.431436953821813, 2.0864889332976277, 2.0771272487077925, 2.156790335888232, 2.606148986356802, 3.7653463789784047, 2.189113814860988, 2.8579674539773414, 2.4062753628799673, 3.227755081723825, 2.4080335120409435, 3.5008692038075786, 2.4903025106948755, 2.1143216138121823, 3.27947912993157, 2.2153168934621057, 2.0630568830452076, 2.515189924473367, 2.4029696802550737, 2.354098755188848, 2.6816698732282225, 2.4089398579292403, 2.099836428232402, 3.444769206890861, 2.180271539732708, 2.622403246040745, 2.795444834675184, 2.156770044316419, 2.648652653036319, 2.049068173105485, 2.331669099243113, 2.4130748989563195, 2.145435686538166, 2.440515216785837, 2.2699920300137384, 2.129987882165894, 2.600474293234763, 2.5427822723459452, 2.533392606265012, 2.56527741185694, 2.5061096322699625, 2.506482580163922, 2.588039600882233, 2.3681736395980097, 2.224376274802581, 2.6638828660472003, 2.3392563959373796, 2.429021903370572, 2.7604431694009834, 2.263097662468108, 2.6585324842823015, 2.5274915620078584, 2.227605373396562, 2.05229350866497, 3.828357777709034, 2.595980831836605, 2.203803660286815, 2.8459911494246457, 2.5318120210380597, 2.46994173771169, 2.308235875841776, 2.3277132318743847, 2.2132809766351, 2.363832206834388, 2.3772037486746465, 3.018657750181835, 2.1081687425368165, 2.266696770115244, 2.2455324666795535, 2.2511499957209105, 2.139752760286383, 3.2495546295961617, 2.1861655820398784, 2.0284572811929538, 2.5573910364013703, 2.4335014928790693, 2.3409127375263, 2.32361686096685, 2.3863984682719925, 2.3957526806033176, 2.4996456360994888, 2.8234396131616055, 2.2233342188571155, 2.363424184207337, 2.1110720944301535, 2.568524746978057, 2.292742225955727, 2.1010965484220976, 2.594807263724341, 2.6103715626541595, 2.2824737130920503, 2.315565243390228, 2.2998136643583655, 2.2973700794706544, 2.1893894739294697, 2.352624055757916, 2.5402276778268784, 2.509098943466514, 2.587592467668643, 2.045387445581494, 2.4049735378189836, 2.649418276096752, 2.8564006712806838, 3.0329057433647897, 2.1873199309345313, 2.1665355431365487, 2.223101600561617, 2.3243211725094395, 2.0499676276060677, 2.304585266631376, 2.7027001526409418, 2.4144287859504283, 2.5342878600696634, 2.5296778705774154, 2.2198763750797945, 2.4185900353407406, 2.1492658926399586, 2.095586376146514, 2.0917245461031744, 2.242408589921984, 3.088255132297923, 2.641445051018291, 2.3316306868339076, 2.2860916774698667, 2.1252151125401717, 2.1918369156310002, 2.759572134549029, 2.666264154636887, 4.031857922749512, 3.7195808825543812, 2.0548961884047277, 2.57425550205215, 2.757123884010369, 2.136450287750613, 3.6453291519678137, 3.3780386778157787, 2.1233763141493984, 2.1545378287711188, 2.2709315352481823, 2.4884529344974973, 2.3802213503078438, 2.523465598044637, 2.675161322274803, 2.4794468928378066, 2.215380975722777, 2.831577775126323, 2.367618564533766, 2.14047952906113, 2.4639872222775123, 2.162141399814738, 2.032871277738748, 2.309048992022627, 2.3031914478823547, 2.774602504668356, 2.2656188783447333, 2.6398450076846753, 2.0968508511527317, 2.268742222657865, 2.270249959159552, 2.287228883419864, 2.172914197897888, 2.6148662370300797, 2.070512955793278, 2.3240003913146685, 2.62293240865797, 3.3752446458245884, 2.1831238308061134, 2.584726795913607, 2.162094381152044, 2.2592103876942, 2.3859092756092797, 2.481481035855767, 2.2953198667631804, 2.596502902829592, 2.6419921293106983, 2.481361585893155, 2.32264714594172, 2.1906611476364146, 2.0832894787373624, 3.751270942119966, 2.2644883859043587, 2.0831261284549845, 2.7175658119188264, 2.5023985987804593, 4.125159250208194, 2.052365709457841, 2.255696268968069, 2.206067286470147, 2.2574023934504517, 2.6611209880748787, 2.8834676984630265, 2.426072196333671, 2.5314807732989326, 2.1146500176565772, 3.0161674637360463, 2.8094772656942184, 2.1830233453770536, 2.270099865678315, 3.368643554757056, 2.4871345394525965, 2.2232268222624976, 2.067925557891446, 2.4684486253250033, 2.5011495094878184, 2.5813162300029213, 2.0958119477679182, 2.329176669716131, 2.0956946292479275, 2.647729887333242, 2.373078265461979, 2.3176887378465407, 2.6405415231333915, 2.1190365397257995, 2.135363144312915, 3.23518151043818, 2.645279660858099, 3.3131462971555328, 2.3265425644023643, 2.3806841155452614, 2.2391787907855876, 2.169296422801237, 2.2150835136583216, 2.156199303513956, 2.1452304679505407, 2.4351467779991047, 2.39139415866767, 2.5259800394415173, 2.120838591557916, 2.066783280745595, 2.195144493391011, 3.593692618518885, 2.1853838066530855, 2.141234142906011, 2.4975093607082837, 2.5473338200517612, 3.60821145376243, 2.1932143429333615, 2.0334934881962146, 2.5219874990646063, 2.330744946394934, 2.224505704900219, 2.2884169755682673, 3.3049315118386424, 2.2320318742427823, 2.594103262531572, 2.5213073776253734, 2.274566209792997, 2.654998059775724, 2.1402567894247615, 2.1035987427327956, 3.1100079520376314, 2.6858984971205686, 2.2080598894593026, 2.1243903713698145, 2.1690717139789295, 2.8350509800882477, 2.7974333354536594, 2.357504371694464, 2.2443511788294503, 3.345281791781582, 2.958277217793868, 2.085879279780068, 2.72645481006471, 2.368055593291362, 2.6111492481385374, 2.3130224496028915, 2.588582372293594, 2.438821813131505, 2.2533323692202463]"
2.25,5000,0.6470233201112707,0.6470233201112707,0.015216588973999023,0.31516835471921,"[2, 3, 3, 1, 3, 2, 1, 2, 3, 5, 3, 4, 3, 2, 2, 3, 2, 2, 3, 2, 3, 4, 2, 3, 2, 1, 3, 2, 2, 4, 3, 2, 2, 4, 3, 1, 2, 3, 3, 2, 3, 3, 2, 1, 3, 3, 5, 3, 3, 3, 4, 2, 3, 2, 3, 4, 2, 2, 3, 1, 1, 1, 3, 1, 1, 4, 3, 4, 4, 1, 2, 2, 2, 1, 2, 2, 3, 2, 1, 3, 3, 4, 1, 1, 3, 2, 2, 2, 3, 3, 2, 4, 3, 3, 2, 4, 2, 1, 1, 2, 2, 3, 1, 3, 2, 2, 2, 2, 2, 2, 3, 3, 3, 1, 3, 4, 1, 2, 3, 3, 2, 4, 4, 3, 2, 1, 2, 4, 3, 2, 2, 5, 3, 3, 4, 3, 2, 2, 3, 3, 3, 2, 3, 4, 4, 3, 4, 2, 3, 1, 2, 3, 3, 2, 3, 3, 3, 2, 3, 2, 3, 3, 2, 3, 2, 5, 2, 3, 2, 4, 3, 4, 3, 2, 2, 3, 3, 2, 4, 3, 2, 3, 4, 1, 2, 5, 2, 1, 4, 2, 2, 3, 2, 4, 2, 1, 2, 1, 4, 2, 5, 2, 4, 1, 2, 2, 5, 2, 3, 5, 3, 2, 4, 2, 2, 4, 2, 3, 3, 2, 2, 2, 3, 4, 2, 5, 2, 3, 1, 3, 3, 3, 2, 3, 1, 2, 3, 3, 2, 1, 1, 1, 5, 1, 1, 2, 2, 2, 3, 1, 3, 4, 3, 2, 4, 3, 2, 3, 3, 2, 2, 3, 2, 2, 2, 3, 2, 5, 2, 3, 2, 2, 3, 2, 3, 3, 2, 2, 4, 3, 3, 3, 2, 4, 2, 1, 2, 3, 3, 2, 2, 3, 2, 4, 2, 1, 3, 2, 1, 2, 3, 3, 2, 2, 3, 3, 2, 5, 2, 2, 3, 2, 3, 2, 2, 4, 1, 3, 2, 2, 5, 3, 2, 3, 1, 2, 2, 3, 2, 3, 4, 3, 3, 3, 2, 3, 2, 2, 1, 4, 3, 2, 3, 3, 2, 2, 2, 2, 2, 3, 2, 1, 3, 3, 3, 2, 2, 3, 3, 3, 2, 3, 2, 1, 4, 4, 2, 2, 2, 3, 3, 1, 3, 4, 2, 2, 2, 2, 3, 3, 2, 5, 2, 3, 2, 4, 2, 3, 2, 3, 2, 3, 3, 2, 2, 3, 4, 2, 3, 3, 5, 2, 3, 3, 2, 2, 2, 2, 4, 2, 3, 2, 2, 2, 2, 2, 2, 5, 1, 3, 2, 2, 3, 3, 1, 2, 3, 1, 2, 3, 3, 3, 2, 3, 3, 3, 3, 3, 3, 2, 2, 4, 4, 3, 1, 3, 2, 3, 3, 2, 2, 3, 1, 2, 2, 3, 2, 2, 3, 2, 4, 1, 2, 2, 2, 3, 1, 3, 2, 1, 3, 3, 2, 3, 2, 1, 2, 1, 2, 3, 3, 2, 4, 2, 2, 4, 3, 2, 1, 3, 2, 2, 3, 3, 3, 4, 2, 3, 3, 2, 3, 1, 3, 3, 3, 2, 3, 2, 3, 2, 2, 3, 4, 2, 2, 2, 2, 3, 3, 2, 4, 2, 3, 2, 3, 2, 4, 4, 2, 2, 3, 3, 4, 2, 3, 4, 3, 2, 2, 1, 2, 1, 3, 2, 3, 2, 2, 1, 2, 3, 3, 3, 4, 2, 3, 3, 3, 3, 3, 2, 2, 2, 3, 3, 2, 1, 1, 3, 1, 3, 2, 2, 4, 2, 3, 3, 2, 4, 3, 4, 3, 3, 2, 2, 2, 5, 4, 2, 2, 2, 1, 2, 2, 2, 3, 4, 3, 3, 2, 2, 2, 2, 2, 1, 2, 2, 2, 2, 3, 3, 3, 2, 2, 3, 3, 3, 2, 4, 3, 3, 3, 3, 2, 1, 2, 4, 2, 2, 2, 3, 2, 2, 2, 2, 4, 1, 2, 2, 1, 2, 2, 1, 2, 3, 1, 1, 2, 4, 2, 3, 1, 1, 2, 2, 3, 3, 4, 2, 5, 3, 3, 2, 3, 3, 1, 3, 2, 2, 4, 4, 4, 3, 3, 3, 3, 3, 3, 3, 3, 3, 3, 2, 2, 4, 3, 3, 2, 2, 3, 4, 2, 2, 2, 2, 2, 3, 2, 3, 1, 1, 2, 5, 1, 3, 4, 2, 2, 3, 3, 4, 3, 4, 3, 3, 3, 3, 5, 2, 2, 4, 1, 2, 2, 1, 2, 2, 3, 3, 3, 3, 3, 3, 2, 3, 3, 2, 3, 1, 4, 2, 4, 2, 1, 3, 1, 4, 3, 2, 2, 3, 4, 4, 2, 3, 4, 1, 2, 2, 3, 4, 2, 2, 3, 2, 2, 3, 2, 2, 3, 2, 2, 2, 4, 3, 2, 3, 3, 4, 1, 3, 3, 3, 3, 2, 2, 4, 3, 1, 2, 4, 2, 1, 2, 3, 1, 3, 2, 2, 1, 2, 4, 1, 4, 2, 2, 3, 2, 3, 3, 2, 3, 2, 3, 4, 2, 2, 2, 3, 2, 1, 4, 4, 1, 3, 2, 2, 2, 3, 3, 3, 3, 2, 2, 4, 3, 2, 2, 3, 2, 1, 3, 3, 2, 2, 3, 3, 2, 4, 2, 2, 2, 3, 2, 3, 2, 2, 2, 3, 2, 2, 4, 2, 3, 2, 1, 3, 5, 2, 3, 3, 2, 4, 3, 4, 2, 2, 2, 3, 2, 2, 3, 1, 2, 2, 3, 2, 1, 3, 2, 1, 2, 2, 3, 1, 2, 3, 3, 2, 3, 2, 2, 2, 2, 2, 2, 4, 3, 3, 3, 2, 3, 3, 2, 2, 3, 5, 2, 2, 3, 2, 2, 2, 2, 3, 2, 5, 3, 3, 2, 4, 4, 2, 2, 2, 3, 2, 2, 3, 2, 3, 2, 1, 3, 1, 2, 4, 2, 3, 2, 3, 2, 2, 3, 3, 2, 2, 2, 3, 1, 1, 2, 3, 3, 1, 3, 3, 3, 2, 2, 3, 3, 3, 3, 3, 1, 3, 2, 3, 4, 3, 1, 4, 3, 2, 1, 2, 4, 3, 2, 2, 4, 3, 2, 2, 3, 2, 3, 3, 2, 2]","[2.447903822763924, 2.4375853309728224, 2.3475786706064126, 2.2138704786220473, 1.9098716040961277, 2.3856087912837247, 2.0684824368698496, 2.0557226314981123, 2.0565835862669624, 2.486656123195586, 2.2665618391114304, 3.3768288757677696, 2.887165379605087, 2.6511563177596495, 2.335026950060951, 2.323446027255615, 2.1745409706119796, 2.67458169321667, 2.1603147797551383, 2.0496120747474715, 2.0507256911374565, 3.5418676394579025, 2.275243899608034, 2.411593886154376, 2.117576231158634, 2.1584224921674817, 3.241235243060375, 2.1115047523294987, 2.9948282074971653, 2.386253340844259, 2.095506412280099, 2.0884177422887924, 2.323367042927946, 3.3910259842887953, 2.8491547670563295, 2.1933180599787994, 2.1444324744539873, 2.875485707840462, 2.4752301147266715, 2.2215105721895836, 3.382997612476132, 2.41625280771743, 1.7880425455417157, 2.403600774266081, 2.3414636105470805, 2.8086227467742764, 2.5817119982845758, 3.1567767683981955, 3.071403754866576, 2.282930705951564, 4.137452284086764, 2.639491023870719, 2.207944058445129, 2.4320641231369717, 2.30804758287517, 4.484235645639881, 2.17878427849422, 2.2500281464840293, 2.2954498553776674, 1.9217611254579925, 2.162768308187969, 2.880115008115678, 2.6751146069885605, 2.1788428618184503, 3.0218066504329055, 3.7082298619374523, 2.1899528818009384, 3.496486290461932, 2.645393576523031, 2.0929747297013037, 1.6890071561294593, 2.1962245853836913, 2.3133754125985777, 2.306136993229831, 2.33132418030194, 2.32253941628456, 2.2752785352299734, 1.993198863021788, 2.1023722093796984, 2.205059327709935, 2.2371624524463813, 2.3112556992223405, 2.3231886035609115, 2.325230640526008, 2.0533106616919334, 2.676667531058086, 2.1513998255724314, 2.1461445060474253, 2.310601645720988, 2.423571313864749, 2.774469747991568, 3.4369941935837396, 2.531263467895842, 2.492778227049516, 2.419965504168779, 2.8139667356395943, 2.4668559903026037, 2.0996016173878664, 2.0192457037045766, 2.4983929272409275, 1.9336477211597387, 2.414754879968216, 2.0004393468931156, 2.3856504416983273, 2.7670197164639063, 2.604086572114063, 2.3475100010350545, 2.1509705200749374, 3.331694740851335, 2.097086508525855, 3.3493213291314046, 2.871345662164167, 2.503275595637408, 2.4219782229271365, 2.352198873453202, 4.273438273694478, 2.2186168756735363, 2.3701268784231284, 2.4192685177407274, 2.2715174821344695, 2.096551697785165, 3.172714490456423, 2.722043381364906, 2.8308548714001796, 2.176973869918519, 2.2397077141280453, 1.9930113569797605, 2.4895650802345792, 2.267529939700622, 1.9562462635734774, 1.943047897989068, 3.1568412454518353, 2.1940588389308426, 2.312099589545399, 2.834033223844771, 1.999623719376923, 2.194015028771408, 3.0611827303155996, 2.022960950115553, 1.8051684288889946, 2.6490620321311518, 2.28614351077665, 2.180930606167904, 2.040121345147074, 2.5482827995493573, 2.361559799812053, 2.2911077251044163, 2.3111916363909675, 2.4119337479137353, 2.361225079837908, 2.2845351677992247, 2.333058584439531, 3.677168679762995, 2.5548812731403476, 3.4072991418482914, 2.234899454295082, 2.5235930896386805, 3.327585135125455, 2.8984026519517005, 2.3175174178384363, 3.869034483643699, 2.321820950042105, 2.2250451354236134, 2.4736825988833893, 2.337242684105779, 2.858693991059469, 3.0586636229478836, 2.094779006755296, 2.196448623852527, 2.2611569581254116, 2.553799578392309, 3.4210877700246183, 2.477524860817709, 2.176195020553708, 2.530151344335487, 2.2331322311627355, 2.5110538159095444, 2.4720685860438816, 2.8591003462743183, 2.1595845126727045, 1.9739786574644094, 3.026915444136618, 3.753204864936173, 2.485789510338803, 2.3017221883177585, 4.337055353645701, 2.372477888668338, 2.430611173064495, 2.9196861571666153, 2.2144435601798187, 2.02939396822813, 3.0930242159332746, 2.6019025912408082, 2.8373831247359167, 2.037255810543753, 3.0881179081538397, 2.162106304386901, 2.623234498899305, 3.356519137070015, 2.7540465235750498, 4.148342139551769, 2.221552223358048, 4.280070193822705, 2.1743015296210086, 2.625848710353799, 2.2265369823794936, 3.1019831066130585, 2.3379533449250705, 2.2162364397791396, 3.3298374943483084, 2.294513827666606, 2.3057925268813095, 2.792890272929353, 2.0443449582698827, 3.4841552731635757, 3.810267765287124, 2.083185103018547, 2.8633645090979982, 2.1415028677361776, 2.829277760649752, 2.6653611762033984, 2.1990806354124066, 2.226065444371139, 3.3717905985039662, 2.6028378222831496, 4.108032519848165, 2.239093640208457, 2.0449290033075163, 2.128424969150209, 2.406891087804595, 2.1010256993036096, 2.1374963555625417, 2.135785049579324, 3.0764027711170328, 2.469810295526707, 2.2557763128430652, 2.210611495889917, 2.583931388667048, 2.0554571666926496, 2.2567470497717195, 3.030663148979866, 2.2419490885646507, 3.779033936193696, 2.2584433091807505, 2.4629492593267606, 2.000514221581836, 1.8995573768575058, 2.044557960083257, 4.275765213230486, 2.328723034984133, 2.296707830134239, 2.572655234180783, 2.2740806986250464, 2.2793103548909968, 3.970773641303203, 3.1625402800274283, 2.3261491437380166, 2.312472775719154, 2.365649234917461, 2.020214410397498, 2.380520130248367, 2.31593506769967, 2.268584057379398, 2.171454828619581, 2.299996696917891, 2.688862214454883, 2.377060340422587, 4.596077251095032, 2.384961694300716, 2.0965728553746557, 2.703390075677825, 2.057648953035187, 3.081960462997219, 2.1521296149200415, 2.708243469241249, 2.264026414451254, 2.222188977532397, 2.13093025804219, 3.409596020765602, 2.020432227673775, 2.3273871895740843, 2.0506431357171335, 2.1954139917902116, 2.0185533759188, 4.11250300665422, 4.281748245276112, 2.2752297579513985, 2.1134069484171967, 2.471569464207905, 2.1055066154744395, 2.4063723182264933, 2.222616164717922, 2.405232133869952, 3.4205330297273733, 2.1143738142654596, 2.1603880239160875, 2.1913541755994204, 2.5247014296262753, 2.0821504709562313, 2.7503636255562975, 2.2073393637286793, 2.090218457533246, 2.140058566661481, 2.1744865162929106, 2.3336187863800824, 2.5430790082632484, 3.291833791037419, 4.8795403426467985, 2.159362566391266, 2.443047720019246, 2.8666096860216395, 2.4220036840115817, 1.8955822115654506, 2.1896758679182895, 2.1738534848337303, 3.2912679591936476, 2.903848821609928, 2.1034707997019018, 2.1319508392589137, 2.367566207427248, 4.255710073921228, 2.249427968496503, 2.1896165473742193, 2.2793964754118736, 2.08831061580094, 2.171870718070659, 2.112171817738097, 2.1805416336292462, 1.9638883480479408, 2.3850902879827207, 3.1839674585208284, 2.490035484396145, 2.506547929009343, 2.2704878940442406, 2.8138065934055407, 3.482053323265002, 1.9265020546119591, 2.3200860462663253, 2.022236928653203, 2.6075671922768326, 2.0038319299775966, 2.033093458529897, 2.1651383826950794, 2.225695342272099, 2.371603837173299, 2.4214813272656297, 1.8410877351673505, 2.8327893195030067, 2.2892929899902024, 2.654853214341775, 2.3167130402453973, 2.978223211273698, 2.1698115905351996, 2.5159770655603104, 2.30930589708444, 2.268982432754731, 2.150615104170928, 2.2039298783240717, 1.970275057523693, 2.704063328988396, 1.8352842095716941, 2.533736389580246, 2.2548612934137338, 2.5721330821004744, 3.1362109248390673, 2.65335379797174, 2.220471124244311, 2.186360047044282, 2.2740719512702805, 2.2059896787668327, 2.0566288462622717, 2.1213337569214983, 2.1966188511200753, 2.1931997205754428, 2.092804559954212, 2.16335194693561, 2.1361395642431273, 2.3921651147448832, 2.2830257014422513, 2.5559539446395987, 2.1747996286275586, 4.4691891126643615, 2.67776101871383, 2.306645666477708, 2.6305349558795306, 3.19210301376574, 3.512020696799757, 2.04069259750353, 2.663195998243894, 2.166739787732788, 2.4430126998343993, 3.1546686864464504, 2.6577215341598697, 2.1677103569637306, 2.3709755480014216, 2.7511831307473087, 3.990638740384864, 3.5835201725915513, 2.1507805155555197, 2.8040558000936313, 2.737655578152677, 1.9283860725796726, 2.792305078389788, 2.5891505345444386, 2.171752355833747, 2.510415920762517, 2.094666216987392, 2.1018569888269534, 2.654822548713421, 2.2454958339442745, 2.089338441073372, 2.2157818476869937, 2.3342066619953856, 2.8812452817372667, 2.214105867494526, 2.0616907233960196, 2.3063817658164982, 4.442528751883494, 1.8658671703283494, 2.7483797290438368, 2.7115696482913707, 2.509853620840122, 2.410329605386302, 2.6013793355694044, 1.9405240417722909, 2.247051363179776, 3.9409595823724044, 3.481169658256147, 1.9880489248022806, 2.8459826724320183, 2.195659036226023, 2.032620386632983, 2.396065375512579, 2.1560035395213797, 2.3308163488453877, 2.2598009146066733, 2.1937184994366596, 2.101668339275094, 1.9800223806370887, 2.2875429077702627, 2.119590943151069, 2.4823676108308734, 2.857659482107549, 2.1291004972802474, 2.0986325109869832, 2.2047989144626285, 2.0893533935455006, 2.0531141681426126, 2.65836112668436, 2.160091618519037, 2.865564649125559, 2.6767525919241604, 2.1810503169602207, 2.425308380500097, 2.6758734091470577, 4.163664119008393, 2.9548627423677996, 2.2705076817655376, 2.222696944536267, 2.1263046541014496, 2.7307020397473156, 2.2731352370677547, 2.7471820436750947, 2.5892003058799524, 1.9083006984630622, 2.652880184237515, 2.013687734546403, 2.404392279590189, 1.903515525174852, 2.6225995340075348, 2.598863712390968, 2.720914469561425, 2.7425158745552656, 2.2650409185793103, 2.3019507729375066, 3.9294995645975925, 1.990880622989535, 1.9786349827706688, 2.2613067217610343, 3.4177032411291695, 2.2072032279310063, 2.355417550314981, 3.895314677168787, 2.1456573773128187, 2.699771618544762, 2.480283120567955, 2.2244645236165614, 4.138562200051276, 2.042120883160281, 2.1724762228026204, 2.1350782869412557, 1.9500691017540595, 3.0054453313532807, 2.5076013106084716, 2.528854049190129, 2.053008172624185, 2.181622379332188, 3.1402495240376074, 2.7986711037559444, 2.2476200792909276, 2.294307962466493, 2.7553586317766205, 2.228227787429046, 2.690609817223433, 2.783570233606971, 2.0256147370126416, 2.219653556163236, 2.28035153425818, 2.8348832449356762, 2.32236632087735, 2.2761137058830827, 3.5075176948409554, 3.645271915176875, 2.3273627432442345, 2.1460841566481053, 2.1207098630318804, 2.151436785181968, 2.4692880695105344, 2.759124768206094, 2.2171343369084138, 2.6346544795381726, 3.1796679985681227, 2.1164940822631895, 2.2849684783641817, 2.9506125032265147, 1.9612716150724985, 3.6027423547639517, 3.526795644441948, 2.458883174846261, 2.3115656161648257, 2.360008730091507, 2.8054848860964476, 2.999371598591418, 2.2729385737036223, 2.370946787373381, 3.653033425023798, 2.222737785275569, 2.0690590734450773, 2.194733312801846, 1.8979237472854282, 1.9968118056199502, 2.091774461456281, 2.2546029109583676, 2.054114012960474, 2.2235819856357386, 2.3577453473773002, 2.105152978463424, 2.1094880019590536, 1.9442541626285346, 2.344693301230765, 2.134734863372358, 2.136251543195538, 3.482226947969115, 1.4606929783199132, 2.7676006911872677, 2.961938025780798, 3.0832019205741537, 2.7145073532540653, 2.585580373250461, 2.138591616085457, 3.135660533768758, 2.5432241173877186, 2.4242525209299832, 2.2857432490658756, 2.1252461982745414, 2.095556672141276, 2.335851281171896, 2.088421465003961, 2.179864391548808, 2.3899231088001165, 1.619887846848153, 2.020121657576531, 2.7419470298651567, 2.468914442569888, 2.364195507542477, 2.79724186354734, 2.998577119224718, 2.799699831022444, 2.9907401295289375, 3.449169600120718, 2.9623488573016923, 3.3508385829149683, 2.1046605251014823, 2.415776376185588, 2.332891682540063, 4.159042367981138, 3.829157212223927, 2.217459674342286, 2.5180945814238025, 2.3231273424519583, 2.3226375130653514, 2.980920038959987, 2.0568520305419313, 2.5168489202627433, 3.8082317200876092, 3.2742059131573313, 2.3211261462261636, 2.3409114199153715, 2.420185606347621, 2.3731701360663795, 4.615723361292115, 2.245374242768491, 2.047794661848535, 2.5294173545378844, 2.4808038963743186, 2.306869758789655, 2.177766787344311, 2.6028261182924326, 2.830876720555441, 2.165114905515477, 2.6548874107506677, 2.096126979661444, 2.731054101548726, 3.1496554856971377, 3.6093421107165584, 3.417388959199835, 2.3465920191539524, 2.904014054073518, 2.6655365293384925, 2.2045286169451503, 3.4574454598359594, 2.1412097615489136, 2.744585907518667, 2.6522466750435116, 2.472693952846656, 3.3230518411614076, 2.6758409493451465, 2.522277785244966, 2.3196530147626473, 2.3906063300258866, 1.942419732754889, 2.2471906167628037, 2.36806660991499, 2.2211849760245577, 2.8630509437898595, 2.3609852449547954, 2.217784816779959, 2.1531673310570723, 2.0625556196860537, 2.2482297680113534, 2.4589124665083766, 2.531333183537839, 2.0893894919974993, 3.0205393292323186, 1.99793444821593, 2.8129925158531046, 2.52044226668086, 2.8424578583656404, 2.2987622456043657, 2.88746967432645, 3.158682017616569, 2.236589478751111, 2.952486282990777, 2.216098044096357, 2.3332506800061537, 2.389940125774826, 3.344645940966607, 2.232864146093007, 3.635066848339185, 2.5272782899523127, 2.5378077254262355, 2.1751004662748006, 2.279736635985055, 2.5160189171856104, 2.1990705398821637, 3.776059365677403, 1.9473225620360042, 2.0996575345369948, 2.050730151106188, 2.2439833816719186, 2.5577177812184586, 2.068281289949568, 2.3831075715616943, 3.3538247638513825, 2.183798080916054, 2.4644265519114628, 2.130396873713888, 2.1930153355760624, 2.162005665368705, 2.51478734016073, 3.02294824048538, 2.442139332549794, 2.376610490617744, 2.202652711146696, 2.7354857309764626, 2.5711880177139914, 2.464980118017135, 2.1989276342625392, 2.62652970187031, 2.314693544873007, 1.9700591808122987, 2.014311584676007, 2.0462230029204336, 2.716640847907782, 2.429802483067966, 2.4854386320564523, 2.36195042086013, 3.0379365460846177, 1.7865353193173092, 2.0948030706724157, 1.6605228049689387, 2.489261878097019, 2.3363359182211934, 2.3082754863985744, 3.3392802701058746, 2.219353377708972, 2.16321410587432, 2.3038016626272153, 2.44382774289346, 2.2666945715141615, 2.8080629739973983, 2.3779758951409216, 2.668743667546392, 3.033676724929534, 1.876087565338659, 2.320357840126848, 3.6562365072461294, 2.8116962490315327, 2.028885399551738, 3.296441898309056, 1.9707651463953162, 1.920102209291263, 2.25489192396821, 2.1721722077324674, 2.962043582166021, 2.5960097440802232, 1.9014802949996388, 2.254839292104494, 2.6984016712479333, 2.2639282130989766, 2.1248773972999486, 2.2826365511565077, 2.355047783611364, 2.1808474614391873, 2.3165173776380463, 2.094414064076913, 2.9195357568243105, 1.9908319969471444, 3.093062167816459, 2.4242415541591056, 3.7743712291567784, 2.293962259259943, 3.2584770277329635, 2.291385600144603, 2.0196147802393827, 3.69849400175878, 2.2525109195279467, 2.1892606537353863, 2.154452503137539, 2.209759177532319, 2.104132397212977, 2.440121146234125, 1.9364923576585857, 2.3470668224727773, 4.507414557591045, 2.165875880039056, 2.129644545684658, 2.4980106583169825, 2.0882765818515217, 3.0190660650988486, 2.9942832729514848, 2.2074429284069934, 2.2936159032388455, 2.140003318742308, 2.1423598069344143, 2.3791704452865208, 2.1492401326144295, 2.507000806508637, 2.43151547030733, 2.143568446113573, 2.49350307582261, 2.53919812968072, 2.56117403907034, 1.981941452126355, 2.4103630376631986, 1.9579533050042162, 2.3224439972884907, 2.2029062029495363, 2.3165972668832673, 3.0742730599899573, 2.442791573265239, 2.325643188533809, 2.3140983951563046, 1.9110730025105929, 2.1956964735703832, 3.6045577031603067, 2.489605092909276, 1.8803554225957115, 2.845351938048279, 2.446363547685335, 2.753055109282762, 2.3563030346723774, 2.2098082878915637, 2.0095370993074457, 2.2331609211523293, 2.114907552390887, 3.0593434430864175, 2.0723875936981853, 2.2998953476108106, 1.9512002161445925, 2.2659932264315716, 1.9186538258761034, 3.1193314474895852, 2.332108373626575, 2.1721454044983686, 2.438214781289975, 2.363012538590735, 2.201915815021464, 2.1673081546880737, 2.1297687084797094, 2.427865379509184, 2.64539503935309, 2.5220767701946567, 3.032581353620634, 2.1884553880265343, 2.2421610338042353, 2.4244116503105437, 2.230718746414156, 2.4237795226287226, 2.903140915462028, 2.3993898906982234, 2.7103053305553644, 2.3968700395489093, 2.3163894816246766, 2.0160005802767866, 2.456740646054276, 2.013972479922753, 2.9357760695592177, 2.23519701248508, 2.816917024113174, 2.2447753691964274, 2.3434095118026734, 2.51089093068716, 3.259698673174527, 3.6718298618824807, 1.8902116543472458, 2.127386933692951, 2.0935639947610634, 2.346685040566771, 2.2869862138298624, 2.268586859101818, 2.4517731634925557, 2.6192481710401925, 2.3466955838322665, 2.5824881500783983, 2.1090391407505127, 2.155469684250336, 2.4067712515143342, 2.3046585809327165, 1.947371672395249, 2.330355080693138, 3.2001946884865897, 2.3430062706223924, 2.169662265083195, 2.009947830688062, 2.208837415415591, 3.561162607586572, 3.0381329371795522, 3.105245551361709, 2.9461199747026674, 3.441345195149455, 2.0143422152304833, 2.1584338634975824, 2.400537695951157, 2.235275031083726, 3.906229458429235, 2.7036314363800145, 2.3779409585549827, 2.138066215183526, 2.1666576790714562, 2.2225349172141278, 3.5620075174817645, 2.361455172941784, 2.934037936346826, 2.6125231104400313, 1.8734329172840332, 2.40096846427871, 2.467438404812466, 1.963168768885156, 2.2096589792810146, 2.1300143545880426, 2.3871077639633853, 2.155659803424337, 2.1650592269586295, 2.3017509627860844, 3.0699408593325277, 2.0742659660212905, 2.487207238438153, 1.982271749133424, 2.334066714952532, 2.3239143878410586, 2.2968350636636155, 2.84555853311354, 2.049953877071714, 2.1857723323346088, 2.4036732583399116, 3.949254437113182, 2.2073671925607354, 2.1971221943662256, 2.3098404885990615, 3.0678757518978745, 2.2649097297345846, 2.3544063148345296, 2.3046144514530553, 2.2583719227059156, 2.992561171794846, 2.6028131877030636, 2.7107887567136753, 2.439401838954207, 2.7200636096026782, 3.197649011095207, 2.384577666047644, 1.993318210353936, 3.0614999898267876, 1.9766522402250715, 4.511888105604537, 2.240602806997746, 2.3939790771978484, 2.3645190380647296, 2.5112303207499154, 2.540554392923266, 2.0174913927592515, 2.5690880322238403, 1.9655235992847275, 2.11346170442105, 4.009196789305027, 2.8140327546973958, 2.199138718344586, 2.244257451492748, 2.8280722141136327, 2.5180273721453506, 2.093489120072343, 2.2762485027883947, 1.9009098635417727, 3.0732694719044034, 2.371813644314649, 2.214624693406772, 2.4786302739712696, 2.2921610151386393, 2.6017994907131543, 2.1495273129218906, 2.5180160012353032, 2.163748503566659, 2.0576007774291334, 2.4008986798929666, 3.3169289289954147, 2.3226109081308626, 2.730915528544905, 2.0943532630673407, 2.2680340462911825, 1.8592033230322498, 2.2605846164360424, 2.053408800672493, 2.219322084670502, 2.005277511670336, 2.610087712315891, 2.1717311052823907, 2.527316877938798, 1.9299633072677982, 2.2319820076100956, 1.9304825638638388, 3.725153851291837, 2.863043762328914, 2.2400642702508717, 2.9627964454381344, 2.4370824896789696, 4.553298415206802, 2.9275392093968873, 2.3417862163531193, 2.3173894780650524, 2.2733912252308857, 2.1376739337720383, 2.237814248986108, 3.3606125566903615, 1.9533757388074573, 2.858612358873208, 2.507722615380681, 2.2865363640250194, 2.4135112825558753, 2.400364165428945, 2.2341967900726734, 2.9141825821520895, 2.0395830070737437, 2.094269432267213, 2.203433577543005, 1.9011229385307467, 2.8128396363261814, 2.960778747694248, 1.9859410428555244, 2.4889090342660536, 3.8510179460553404, 2.0744529850453794, 2.0857152882903844, 2.386722888699549, 2.2306356021054925, 2.3090258738629217, 2.218592450236422, 2.6448156618669136, 2.554652209691703, 2.2138418184680932]"
2.5,5000,0.6229117906292598,0.6229117906292598,0.014620542526245117,0.31565870744803487,"[2, 3, 3, 1, 3, 2, 1, 2, 3, 5, 3, 4, 3, 2, 2, 3, 2, 2, 3, 2, 3, 4, 2, 3, 2, 1, 3, 2, 2, 4, 3, 2, 2, 4, 3, 1, 2, 3, 3, 2, 3, 3, 2, 1, 3, 3, 5, 3, 3, 3, 4, 2, 3, 2, 3, 4, 2, 2, 3, 1, 1, 1, 3, 1, 1, 4, 3, 4, 4, 1, 2, 2, 2, 1, 2, 2, 3, 2, 1, 3, 3, 4, 1, 1, 3, 2, 2, 2, 3, 3, 2, 4, 3, 3, 2, 4, 2, 1, 1, 2, 2, 3, 1, 3, 2, 2, 2, 2, 2, 2, 3, 3, 3, 1, 3, 4, 1, 2, 3, 3, 2, 4, 4, 3, 2, 1, 2, 4, 3, 2, 2, 5, 3, 3, 4, 3, 2, 2, 3, 3, 3, 2, 3, 4, 4, 3, 4, 2, 3, 1, 2, 3, 3, 2, 3, 3, 3, 2, 3, 2, 3, 3, 2, 3, 2, 5, 2, 3, 2, 4, 3, 4, 3, 2, 2, 3, 3, 2, 4, 3, 2, 3, 4, 1, 2, 5, 2, 1, 4, 2, 2, 3, 2, 4, 2, 1, 2, 1, 4, 2, 5, 2, 4, 1, 2, 2, 5, 2, 3, 5, 3, 2, 4, 2, 2, 4, 2, 3, 3, 2, 2, 2, 3, 4, 2, 5, 2, 3, 1, 3, 3, 3, 2, 3, 1, 2, 3, 3, 2, 1, 1, 1, 5, 1, 1, 2, 2, 2, 3, 1, 3, 4, 3, 2, 4, 3, 2, 3, 3, 2, 2, 3, 2, 2, 2, 3, 2, 5, 2, 3, 2, 2, 3, 2, 3, 3, 2, 2, 4, 3, 3, 3, 2, 4, 2, 1, 2, 3, 3, 2, 2, 3, 2, 4, 2, 1, 3, 2, 1, 2, 3, 3, 2, 2, 3, 3, 2, 5, 2, 2, 3, 2, 3, 2, 2, 4, 1, 3, 2, 2, 5, 3, 2, 3, 1, 2, 2, 3, 2, 3, 4, 3, 3, 3, 2, 3, 2, 2, 1, 4, 3, 2, 3, 3, 2, 2, 2, 2, 2, 3, 2, 1, 3, 3, 3, 2, 2, 3, 3, 3, 2, 3, 2, 1, 4, 4, 2, 2, 2, 3, 3, 1, 3, 4, 2, 2, 2, 2, 3, 3, 2, 5, 2, 3, 2, 4, 2, 3, 2, 3, 2, 3, 3, 2, 2, 3, 4, 2, 3, 3, 5, 2, 3, 3, 2, 2, 2, 2, 4, 2, 3, 2, 2, 2, 2, 2, 2, 5, 1, 3, 2, 2, 3, 3, 1, 2, 3, 1, 2, 3, 3, 3, 2, 3, 3, 3, 3, 3, 3, 2, 2, 4, 4, 3, 1, 3, 2, 3, 3, 2, 2, 3, 1, 2, 2, 3, 2, 2, 3, 2, 4, 1, 2, 2, 2, 3, 1, 3, 2, 1, 3, 3, 2, 3, 2, 1, 2, 1, 2, 3, 3, 2, 4, 2, 2, 4, 3, 2, 1, 3, 2, 2, 3, 3, 3, 4, 2, 3, 3, 2, 3, 1, 3, 3, 3, 2, 3, 2, 3, 2, 2, 3, 4, 2, 2, 2, 2, 3, 3, 2, 4, 2, 3, 2, 3, 2, 4, 4, 2, 2, 3, 3, 4, 2, 3, 4, 3, 2, 2, 1, 2, 1, 3, 2, 3, 2, 2, 1, 2, 3, 3, 3, 4, 2, 3, 3, 3, 3, 3, 2, 2, 2, 3, 3, 2, 1, 1, 3, 1, 3, 2, 2, 4, 2, 3, 3, 2, 4, 3, 4, 3, 3, 2, 2, 2, 5, 4, 2, 2, 2, 1, 2, 2, 2, 3, 4, 3, 3, 2, 2, 2, 2, 2, 1, 2, 2, 2, 2, 3, 3, 3, 2, 2, 3, 3, 3, 2, 4, 3, 3, 3, 3, 2, 1, 2, 4, 2, 2, 2, 3, 2, 2, 2, 2, 4, 1, 2, 2, 1, 2, 2, 1, 2, 3, 1, 1, 2, 4, 2, 3, 1, 1, 2, 2, 3, 3, 4, 2, 5, 3, 3, 2, 3, 3, 1, 3, 2, 2, 4, 4, 4, 3, 3, 3, 3, 3, 3, 3, 3, 3, 3, 2, 2, 4, 3, 3, 2, 2, 3, 4, 2, 2, 2, 2, 2, 3, 2, 3, 1, 1, 2, 5, 1, 3, 4, 2, 2, 3, 3, 4, 3, 4, 3, 3, 3, 3, 5, 2, 2, 4, 1, 2, 2, 1, 2, 2, 3, 3, 3, 3, 3, 3, 2, 3, 3, 2, 3, 1, 4, 2, 4, 2, 1, 3, 1, 4, 3, 2, 2, 3, 4, 4, 2, 3, 4, 1, 2, 2, 3, 4, 2, 2, 3, 2, 2, 3, 2, 2, 3, 2, 2, 2, 4, 3, 2, 3, 3, 4, 1, 3, 3, 3, 3, 2, 2, 4, 3, 1, 2, 4, 2, 1, 2, 3, 1, 3, 2, 2, 1, 2, 4, 1, 4, 2, 2, 3, 2, 3, 3, 2, 3, 2, 3, 4, 2, 2, 2, 3, 2, 1, 4, 4, 1, 3, 2, 2, 2, 3, 3, 3, 3, 2, 2, 4, 3, 2, 2, 3, 2, 1, 3, 3, 2, 2, 3, 3, 2, 4, 2, 2, 2, 3, 2, 3, 2, 2, 2, 3, 2, 2, 4, 2, 3, 2, 1, 3, 5, 2, 3, 3, 2, 4, 3, 4, 2, 2, 2, 3, 2, 2, 3, 1, 2, 2, 3, 2, 1, 3, 2, 1, 2, 2, 3, 1, 2, 3, 3, 2, 3, 2, 2, 2, 2, 2, 2, 4, 3, 3, 3, 2, 3, 3, 2, 2, 3, 5, 2, 2, 3, 2, 2, 2, 2, 3, 2, 5, 3, 3, 2, 4, 4, 2, 2, 2, 3, 2, 2, 3, 2, 3, 2, 1, 3, 1, 2, 4, 2, 3, 2, 3, 2, 2, 3, 3, 2, 2, 2, 3, 1, 1, 2, 3, 3, 1, 3, 3, 3, 2, 2, 3, 3, 3, 3, 3, 1, 3, 2, 3, 4, 3, 1, 4, 3, 2, 1, 2, 4, 3, 2, 2, 4, 3, 2, 2, 3, 2, 3, 3, 2, 2]","[2.478630665574936, 2.374652323165603, 2.3334348015325186, 2.2724479110920903, 2.0295609168607784, 2.4809353703207373, 2.1066048826771544, 2.1151956759009636, 2.42641734585432, 3.288470321174228, 2.3064229884421548, 3.572076744413783, 2.6777727163309164, 2.597752167470125, 2.3253415264216133, 2.217906332127897, 2.1665816773473, 2.493829694301047, 2.1574087136912303, 2.1028465049785865, 2.0841034741970286, 2.7284295787254074, 2.312021129659053, 2.3543481899309917, 2.5767648900073743, 2.1561885778556382, 2.2789564291470352, 2.1343454170255702, 2.904235094762303, 2.364564848043881, 2.306725738455218, 2.2048299660242603, 2.237316487538987, 2.8173941131756775, 2.4874842392756804, 2.803434612656973, 2.236083817125129, 2.7171760707958392, 2.5559674811911712, 2.2468611502241997, 3.3584813966955798, 2.437432462952005, 2.42314736081128, 2.357603398798165, 2.336591855459049, 3.235831287215092, 2.986595764278625, 2.9215029523385683, 2.641370447948947, 2.308568416789716, 3.923210434667804, 2.7100713756568813, 2.486704712210235, 2.43526142919902, 2.763268249728306, 3.97743081341688, 2.347149576913953, 2.295762161303115, 2.32504981033515, 2.0456363299573197, 2.2527707708162454, 2.6816357986269725, 2.603462479016987, 2.16935551133325, 2.9525752556208333, 2.6906306741051518, 2.265435106335639, 3.85666886447502, 2.5723344094090272, 2.1308064882182953, 2.359289927933775, 2.3035421158866902, 2.41711490330649, 2.3151225733633636, 2.24244720261743, 2.334107878758457, 2.214718422522869, 2.0748807200814285, 2.1174048434508217, 2.339756754182657, 2.181732277863248, 2.318423084688418, 2.228792310791856, 2.2301090041396177, 2.7215677910802976, 2.6694614664903753, 2.1432512839045943, 2.156680925181426, 2.4153263948424475, 2.3408693961706786, 2.6303346004389505, 3.852371764761422, 2.635903360139009, 2.4660054046826847, 2.26687328354742, 3.2029831163385047, 2.4019349911405046, 2.1182612259733773, 2.0868164529044586, 2.308126541224047, 2.0448916164065447, 2.376749623696036, 2.0879584613229003, 2.2823601908187987, 2.6255308642085353, 2.545699897472731, 2.430715563779573, 2.159792710459968, 3.7123776212519517, 2.116639498666718, 3.3614892796970235, 2.4814295534230912, 2.5059249368647354, 2.4703231123598526, 2.4200441131825707, 3.4146553336740126, 2.186592439935067, 2.4041457333084684, 2.308896043128438, 2.731304736902113, 2.13311289606579, 2.9645284409812156, 2.627048438302082, 2.5525481140758335, 2.137637348442618, 2.2001916877285272, 2.1685398538100062, 2.9271799769609013, 2.187618246114343, 2.059463022788435, 2.050952794784072, 3.2055224793814086, 2.276491723288297, 2.2557052323980242, 2.2746747576612245, 2.113086481633562, 2.3361804590667066, 3.596816918783982, 2.191396177650361, 2.4341900290211704, 2.463679960112831, 2.3106400143235266, 2.5676412839881473, 2.1856428585909775, 2.740377895245371, 2.305748855605218, 2.2249249904569313, 2.2210567373737593, 2.3713855709806886, 2.279879098041984, 2.3180120843913663, 2.518722415880563, 3.696318475979942, 2.5391999722515735, 2.632824916105495, 2.383332310110431, 2.4544544373135744, 2.6061479475816625, 2.498875740280927, 2.291947555810789, 3.5029181859740226, 2.253157435986879, 2.2248003959761133, 2.503661787925166, 2.2462634188370245, 3.4025648187114754, 2.419534729148743, 2.115151635183748, 2.1807076024798646, 2.508375533644949, 2.4359113940125394, 3.57060177784673, 2.9583436835885815, 2.1676481989589864, 2.4175201004612146, 2.276458655015646, 2.5193494073544507, 2.4893528460291123, 2.8472366219924297, 2.1653469618986074, 2.05143568136874, 2.732118617147612, 2.613896129740621, 2.4738601970974416, 2.4096009732685992, 3.8993480725353957, 2.864956085641067, 2.4674804674083117, 2.7876578410845814, 2.2179645630123197, 2.0982191096704956, 2.803433887561078, 2.5969186569118556, 2.7562716897786035, 2.1032883790593764, 2.485377377495427, 2.2474797980500023, 2.656695521233385, 3.770449465279328, 2.8303798313597697, 4.080174164845713, 2.273856051162061, 4.309518118261993, 2.361077367174021, 2.769400997062859, 2.139082302004265, 3.606306519713847, 2.3586486568735645, 2.176648428861267, 2.97339912028357, 2.35365020154094, 2.2976606522576057, 2.6431242070346226, 2.1883662193319307, 2.91679206726912, 3.6887765122459055, 2.116085074781035, 2.357256336565446, 2.290366804898845, 2.4626152825185765, 2.726973039404652, 2.20805864005933, 2.1829861128418244, 2.9332362902542544, 2.710350856125489, 3.6065679844318694, 2.191386616400541, 2.0998268882343876, 2.1368463525770265, 2.614092037761877, 2.127588585662642, 2.231611448720567, 2.133182968772047, 2.7219525308441517, 2.480801705977318, 2.4565105692366536, 2.2924554669567403, 2.960451077926713, 2.1150245057657546, 2.2027694303919363, 3.488222153511123, 2.1932277925984933, 2.9207263634486162, 2.241476224851083, 2.37510075498526, 2.088006740078985, 2.0313194842893294, 2.6159562170732302, 3.143224741068839, 2.2576078595023117, 2.329410949240017, 2.6630044788104286, 2.2909078608859015, 2.411968195935324, 3.1801256098213635, 3.2278593654337593, 2.353685222421746, 2.230291928528681, 2.3366774743365473, 2.1896252250976223, 2.35467525972082, 2.2882844219685894, 2.2104018628311253, 2.3508327111191485, 2.3571855231796786, 2.5835444896466337, 2.3608535278200224, 4.1853122380695575, 2.158530166471563, 2.319367498215149, 2.4182231810190693, 2.1164377566256847, 2.337231353732472, 2.1521309678556206, 2.710184688189517, 2.382652117571243, 2.1804865899699912, 2.2747139568439048, 2.9828599828371622, 2.18976567238805, 2.426149614161045, 2.2605533512787965, 2.180040477850332, 2.6270588192692377, 3.593544448815017, 3.872095496534942, 2.2814989632259706, 2.654583360955938, 2.796147542410214, 2.2618659460708024, 2.3713445975034766, 2.6108575370104905, 2.3852113815460667, 3.1513080325034686, 2.1361953711791744, 2.3060888452832473, 2.2371397167114777, 2.528149307895321, 2.1154179501515027, 2.53428431560172, 2.268236686868167, 2.1122110200404145, 2.1660496040129376, 2.1665465655246927, 2.9456341265821426, 2.348492034069883, 3.302817935912514, 4.2844769491997905, 2.3430356920114894, 2.675013675863937, 3.504993851948276, 2.3354064338658946, 2.028756321239021, 2.176340569543123, 2.166138390586887, 3.345979529672221, 2.6885301009821254, 2.137574292025788, 2.153721780919251, 2.443647686943501, 3.660656157811448, 2.283421046524256, 2.167893199907945, 2.3744156702671115, 2.119389975083916, 2.12593774623847, 2.1347755368525054, 2.1536326291424013, 2.0727997137216327, 2.454947110356205, 3.1219570481944716, 2.4681888559371266, 2.4151670426901437, 2.300545365324024, 2.6030817896634546, 2.7703488416915176, 2.0486932530130386, 2.3157077200938274, 2.5152906720893173, 2.5488513411400606, 2.18747101879441, 2.1006045191188565, 2.5879766005101144, 2.3021814418188695, 2.251601046743616, 2.470002716978564, 2.5378573848751995, 3.273517678139618, 2.4015866997585595, 2.401533869060679, 2.6510449161652283, 2.7364862671965007, 2.2524481209488876, 2.51411476948781, 2.4680200407966884, 2.160684600900421, 2.1511544202893647, 2.3222102517051595, 2.068508706087554, 2.4792814354675046, 2.347874346062764, 2.309312077028761, 2.218798317860278, 2.5503238365512426, 3.756341988559708, 2.6712471495951715, 2.28511308841793, 2.37900743290561, 2.299311340742821, 2.27577553809339, 2.1586787419276785, 2.140683101006127, 2.27328328812316, 2.2675286487585793, 2.1306967637726486, 2.2482829809921365, 2.205989825992849, 2.3024718932471635, 2.275473777504163, 2.8310970718614445, 2.166748458504683, 4.048235697799703, 2.4131566327488394, 2.4017236389042744, 2.465428618789838, 3.625493134327286, 2.9188534484397843, 2.2311312156347616, 2.3975723456967106, 2.258876560784165, 2.392758827410715, 2.5499909020304625, 2.6860175636006502, 2.162177338099039, 2.340111849485291, 2.6246408087302586, 3.5476914105163946, 3.8242984484226517, 2.2826491687559227, 2.738332432350222, 2.833084283506952, 2.0414989365471463, 2.9254107172739525, 2.544478348957516, 2.1537316311062633, 2.3468921526285307, 2.131897149208024, 2.2338587563063697, 2.9743241163945586, 2.756998304481979, 2.120052710735622, 2.184764430670592, 2.903114441188206, 2.9792188312297236, 2.189876616630193, 2.110634746130594, 2.7829889569830697, 3.6351352934479797, 2.009596238540183, 2.560894934801186, 2.561485213292099, 2.3239254487175582, 2.2681620727602487, 2.4063783478840013, 2.057734547334332, 2.319496681154063, 3.695844183112234, 3.978180882876636, 2.1688851103814706, 2.6047796037025575, 2.1801984810520634, 2.1002994851599586, 2.35628962175145, 2.260363011587512, 2.4199515956616255, 2.387434500756196, 2.2762722743970034, 2.2253279960925, 2.074793722334201, 2.21421729724143, 2.1568041570088123, 2.1872738726752603, 2.764986857491861, 2.878818633129667, 2.2233705119821616, 2.6161873197096774, 2.208978271881842, 2.105104634069997, 2.652371917632327, 2.1656739407466348, 2.3463138982501897, 2.619115609411976, 2.3158667660671535, 2.337537282600355, 2.4787565060395127, 4.012189730562522, 2.7811405594323904, 2.192181120410846, 2.2865482841669897, 2.1354791859842677, 3.33685460632112, 2.2204364450107947, 2.6689116310627883, 2.1588535418829484, 2.0369571263066604, 2.4714275696685135, 2.1478088074715767, 2.5563088401720293, 2.0338716748950736, 2.625763050128122, 2.5432443895902415, 2.631679846897218, 2.512405892010088, 2.455394325244615, 2.1633884678533337, 3.5175905131180363, 2.0428728846542894, 2.0995530685074897, 2.3202793318866908, 3.0632103255239356, 2.26814890731165, 2.44422342484798, 4.2476317588697, 2.3306536637525745, 2.8060190875199416, 2.5968336851179155, 2.2620390773525068, 3.7076723024466753, 2.1917962655000047, 2.0931722802898576, 2.2349164090206037, 2.0554800254114576, 3.56087777385684, 2.5087141322730764, 2.5140086522106992, 2.651020753213196, 2.1101216318202574, 3.9253289787485257, 2.540710540436985, 2.1747804859736712, 2.296448321170127, 2.393348946262415, 2.2100343109513045, 2.6943724514167915, 2.5172737802107075, 2.0873731636534796, 2.3186489775633365, 2.2095803421683975, 2.2115539064369134, 2.317178027665494, 2.3041728554971064, 2.4975240972451975, 3.931427806893399, 2.3933899122758397, 2.199540756356867, 2.26812390663836, 2.16009335544104, 2.5485910821426616, 2.6687033174211865, 2.1109156039840524, 2.491095951526572, 2.8429932554358617, 2.152164475600357, 2.204148200299593, 2.6811732475302, 2.0542942195891825, 3.7177640382214783, 3.879762160740703, 2.4857100868080653, 2.2173459218359146, 2.44718379039153, 2.65033297790253, 2.950970550946342, 2.3131825137632367, 2.6844159364051396, 3.0935449576762943, 2.286574618033945, 2.115385814627099, 2.179601580067745, 2.0302661296111206, 2.0688012039833077, 2.451751057711756, 2.201386902376787, 2.139812380294911, 2.3640807497447383, 2.269226267049306, 2.463020290126189, 2.1414541484238576, 2.060139707182909, 2.3740465047425188, 2.140914935021608, 2.130840917255435, 3.5159594548933377, 2.1652039781483188, 2.61221066549362, 2.4292446965304113, 2.9586047193238847, 2.579290507872969, 2.542176330087847, 2.1239406623038763, 2.4187075410949075, 2.50117045924734, 2.371821682430696, 2.399297847822368, 2.1347966999323447, 2.1214193454818706, 2.368345222546713, 2.1110523298943846, 2.1952611677451532, 2.458063284612573, 2.3877124274871284, 2.0838312585480017, 2.528857344520031, 2.500587308958144, 2.352558359729127, 2.645017925755401, 2.4405082915251475, 2.702774789478293, 2.3841471827480376, 3.86863151492665, 2.30257867069553, 2.8635545737784707, 2.129932299821657, 2.3605900382115133, 2.235048798682635, 3.7124686734010623, 3.7496313377156585, 2.2004482515330928, 2.2545182675907998, 2.2287528099914233, 2.431496170962245, 2.8271410856061134, 2.0854108577426276, 2.637655908324601, 3.535790983831723, 2.8300483609743563, 2.2274624505106173, 2.3291357977520786, 3.0235608283258943, 2.4388519468594474, 4.028576833762417, 2.2843522316354745, 2.101674647899079, 2.5192359847984673, 2.432630495037212, 2.277987000588609, 2.2659867048620757, 2.4962321454631238, 2.5190043592119227, 2.249419726249037, 2.7660210513142514, 2.1133779562955857, 2.610749568700293, 2.546758419861709, 2.924521578067463, 3.436323505201422, 2.408019726619308, 2.644428786142402, 2.7264584113958317, 2.6496691336583234, 2.795634896148555, 2.1035248991241513, 2.2594718298596277, 2.4878373268891107, 2.4459551751043787, 3.02519575211893, 2.4946416551988335, 2.4805693805746176, 2.3640935243148196, 2.3527696615351017, 2.058956877658837, 2.618293878127138, 2.2648293921008964, 2.179839215740675, 2.6498431754848824, 2.244754241335258, 2.3346888374762433, 2.246580117592855, 2.1709094104487567, 2.220288625794941, 2.3968130540177137, 2.5240163034629743, 2.120085628069316, 2.9743722321866732, 2.0863433174829797, 2.452114653070181, 2.827532949854238, 3.0375596967181826, 2.0941135802822872, 2.9602161936988436, 2.2425448382332793, 2.3760129077765013, 2.6931639493776673, 2.278748348758284, 2.193715266208633, 2.4580742570571377, 3.1286631144054526, 2.19091987969695, 3.7554445403309025, 2.4249888532523083, 2.6706411073965706, 2.2558583567195893, 2.199039055852123, 2.2005629157227067, 2.3615491513456575, 2.7728083161104364, 2.0537090728587186, 2.126706401119642, 2.5336629332684115, 2.6059485813129233, 2.6702057567853634, 2.0879212606846003, 2.4620777866436216, 3.2546969506604846, 2.2530574070573937, 2.523347475731748, 2.2270337448481836, 2.3647347983825937, 2.2558240267062724, 2.521756761691941, 2.8860874013464834, 2.6332798946271807, 2.4578885073088284, 2.703719380396183, 2.3973532576581893, 2.4355711844497305, 2.4980504797747907, 2.2712219735990495, 2.6623602513070734, 2.343655876243121, 2.0599603899623813, 2.0969031981320247, 2.143133423829472, 2.520949188287102, 2.425805969749473, 2.801417809978174, 2.560367790015109, 2.8616937206350963, 2.4053572700644463, 2.833692767201936, 2.252007467030851, 2.505298094844926, 2.2372696214625254, 2.843922000352382, 2.927782951495716, 2.2246803885207664, 2.2676601866922637, 2.410941805994403, 2.5016563655070057, 2.3065085735097592, 2.628592275725293, 3.0313094682210213, 2.6847154498659895, 2.467092265002517, 2.0161862887457276, 2.3327012113652654, 3.9685105505617413, 2.497394260784426, 2.0894820674988104, 3.7064650372501706, 2.068824712491017, 2.036157550533062, 2.2188180682604948, 2.165054313063897, 2.7862809323263633, 2.586514183097586, 2.032559370525138, 2.1891782439587666, 2.9694002718958643, 2.2073998019982297, 2.123506935308405, 2.299969627419545, 2.249334921505844, 2.170648065302969, 2.2705129203377536, 2.650745981656504, 3.619627068900243, 2.141480683255961, 2.8906385951414006, 2.3439444069842112, 3.3604609188838634, 2.43157046221857, 3.6819855134263775, 2.419754242598418, 2.08086158320229, 3.3199448518936285, 2.3168291234662024, 2.176072841895745, 2.302261656619088, 2.2697969684852644, 2.226916806065465, 2.4661104821057043, 2.1440508611630715, 2.2441888450050107, 3.788405077429732, 2.1755964464033903, 2.6650532675595526, 2.6560271572694907, 2.1193680301947864, 2.611168418852352, 2.5106266080272435, 2.2767125848592134, 2.3070490486526745, 2.144312003858832, 2.2347473733771515, 2.3622141109460424, 2.1502678467685388, 2.5764530351934223, 2.4543687451401253, 2.295243681075521, 2.3687407908840834, 2.495931682365653, 2.535760551526799, 2.2503179645667952, 2.3655086696746914, 2.0521545928990705, 2.4145531529358046, 2.2737873311382706, 2.2803022839829534, 2.8409154339620493, 2.3634123099745272, 2.4166159725139638, 2.4259901982796905, 2.0303355714470444, 2.1802226204301056, 3.807850484002641, 2.475006349747702, 2.0189381778425486, 2.6376170573141318, 2.4860466254210345, 2.633344808357165, 2.34746933994003, 2.2782377546537034, 2.077006398028773, 2.2848862742506078, 2.2475643708834023, 3.075015958465776, 2.1175320247839498, 2.0974870415879794, 2.081863293380318, 2.27199829890974, 2.0436327615798096, 3.464907767548878, 2.204030677755229, 2.506216609888408, 2.8135628083756234, 2.31287342027525, 2.2731487348646064, 2.2592430404326254, 2.235037827722949, 2.4705791133732635, 2.580744472732685, 2.652083759716769, 2.5671677639190364, 2.2644695312139476, 2.171260525757323, 2.4718921719326015, 2.2917206945347783, 2.2436786079690543, 2.6880736472882347, 2.455758289444701, 2.565534105333621, 2.365217584458561, 2.330142437292783, 2.140890996608715, 2.2370615411110872, 2.496266996689683, 2.7091166014743715, 2.3919332939695144, 2.684265445320243, 2.203459281719888, 2.330746552614173, 2.5024261397282266, 2.9330381401940198, 3.165161030556164, 2.0252934177344093, 2.136177033458581, 2.11436820264183, 2.341267714272075, 2.2222674643833664, 2.3077287093453513, 2.5749056300877324, 2.361326135126885, 2.4164956246103544, 2.5485916029896467, 2.215483677850051, 2.2432005446697785, 2.3008378798401394, 2.2252533819845817, 2.0621498590271576, 2.361256301545798, 3.0079014421140218, 2.760582044359916, 2.593531416172533, 2.1914145153709548, 2.2484128062572264, 2.434788979465571, 2.848125544673019, 2.7016230159796333, 4.058454794401905, 3.863586384915812, 2.096922948532241, 2.6836164492740724, 2.5622325475573313, 2.1889243998402272, 3.8369351215290273, 3.3193996415076326, 2.2556871850995015, 2.1890851474826225, 2.212806441835561, 2.6705221334108575, 2.554767740984534, 2.448116448179527, 2.6284208446277795, 2.567957967646301, 2.014474587393638, 2.5541011843256163, 2.462027512878894, 2.0639266132373457, 2.351558274195396, 2.137871178899367, 2.2700070070656944, 2.27384118112689, 2.3139649259889286, 2.675460509388476, 2.3551351165417507, 2.637754607291927, 2.1903944359094543, 2.0934889138317594, 2.3415406127065688, 2.3349944522792825, 2.2127068646483945, 2.694324200687848, 2.111476017193538, 2.250785389220372, 2.526646283955109, 3.563871178764431, 2.1709295907541577, 2.7001533359126633, 2.220185525275324, 2.3197404952870877, 2.296948597995723, 2.3975542104261445, 2.37872194838178, 2.446230079547041, 2.5463153597943164, 2.651932099989961, 2.3898379149406757, 2.34662466118882, 2.2984932452031113, 3.7484981284344556, 2.3011295554673117, 2.0723148306956967, 2.510279521603786, 2.608450335096836, 4.075767755701389, 2.200768838312629, 2.3182434936661815, 2.251489974832275, 2.3244111854161105, 2.4910399166159403, 2.7068808585953117, 2.5253543189115537, 2.547755517811495, 2.135607248150508, 2.914744446556635, 2.79343553475644, 2.143519991408908, 2.300450371430435, 3.2704761165062894, 2.523845915137055, 2.1143199238857453, 2.2153438518630555, 2.121107479578333, 2.717284353457097, 2.4463864091068444, 2.184018304440194, 2.401117859455603, 2.184039133721168, 2.5442252009232385, 2.315904163320474, 2.38494853134623, 2.6786341776324196, 2.0858936453034733, 2.2408843003381294, 3.2685247919364144, 2.516854933435542, 3.1565271972986624, 2.2086571546884195, 2.298963138817798, 2.0052994292486552, 2.1968347505620693, 2.096885491281764, 2.167586070483957, 2.082668961233436, 2.678731599040146, 2.253685812695783, 2.4882707215705957, 2.050925048237494, 2.1952101978961642, 2.0428507417175146, 3.707797946507329, 2.2933805811550854, 2.2490866133773206, 2.696938293075601, 2.4800622541554596, 3.9078187982544472, 2.262888803767919, 2.249193061535793, 2.4281122690584986, 2.3134743807886573, 2.1344009101187265, 2.0548146728294414, 3.521354656064343, 2.0492030053111723, 2.6677710176750473, 2.5870732583560243, 2.3193024438721723, 2.4454025952883818, 2.2285805242480596, 2.1329693367259397, 3.198156483389166, 2.2826207813680472, 2.0927191366930353, 2.2108653913789738, 2.0323289491892798, 2.824076425933713, 2.8141541002193624, 2.155571837014181, 2.3396244396042016, 3.1754911154163215, 2.794917220341729, 2.126125643367004, 2.5073076658450333, 2.2832579634772094, 2.4143103464757587, 2.2839017305379894, 2.629035913930421, 2.6292923073072285, 2.212717447647066]"
2.75,5000,0.6204665932801233,0.6204665932801233,0.014307498931884766,0.31006484835333187,"[2, 3, 3, 1, 3, 2, 1, 2, 3, 5, 3, 4, 3, 2, 2, 3, 2, 2, 3, 2, 3, 4, 2, 3, 2, 1, 3, 2, 2, 4, 3, 2, 2, 4, 3, 1, 2, 3, 3, 2, 3, 3, 2, 1, 3, 3, 5, 3, 3, 3, 4, 2, 3, 2, 3, 4, 2, 2, 3, 1, 1, 1, 3, 1, 1, 4, 3, 4, 4, 1, 2, 2, 2, 1, 2, 2, 3, 2, 1, 3, 3, 4, 1, 1, 3, 2, 2, 2, 3, 3, 2, 4, 3, 3, 2, 4, 2, 1, 1, 2, 2, 3, 1, 3, 2, 2, 2, 2, 2, 2, 3, 3, 3, 1, 3, 4, 1, 2, 3, 3, 2, 4, 4, 3, 2, 1, 2, 4, 3, 2, 2, 5, 3, 3, 4, 3, 2, 2, 3, 3, 3, 2, 3, 4, 4, 3, 4, 2, 3, 1, 2, 3, 3, 2, 3, 3, 3, 2, 3, 2, 3, 3, 2, 3, 2, 5, 2, 3, 2, 4, 3, 4, 3, 2, 2, 3, 3, 2, 4, 3, 2, 3, 4, 1, 2, 5, 2, 1, 4, 2, 2, 3, 2, 4, 2, 1, 2, 1, 4, 2, 5, 2, 4, 1, 2, 2, 5, 2, 3, 5, 3, 2, 4, 2, 2, 4, 2, 3, 3, 2, 2, 2, 3, 4, 2, 5, 2, 3, 1, 3, 3, 3, 2, 3, 1, 2, 3, 3, 2, 1, 1, 1, 5, 1, 1, 2, 2, 2, 3, 1, 3, 4, 3, 2, 4, 3, 2, 3, 3, 2, 2, 3, 2, 2, 2, 3, 2, 5, 2, 3, 2, 2, 3, 2, 3, 3, 2, 2, 4, 3, 3, 3, 2, 4, 2, 1, 2, 3, 3, 2, 2, 3, 2, 4, 2, 1, 3, 2, 1, 2, 3, 3, 2, 2, 3, 3, 2, 5, 2, 2, 3, 2, 3, 2, 2, 4, 1, 3, 2, 2, 5, 3, 2, 3, 1, 2, 2, 3, 2, 3, 4, 3, 3, 3, 2, 3, 2, 2, 1, 4, 3, 2, 3, 3, 2, 2, 2, 2, 2, 3, 2, 1, 3, 3, 3, 2, 2, 3, 3, 3, 2, 3, 2, 1, 4, 4, 2, 2, 2, 3, 3, 1, 3, 4, 2, 2, 2, 2, 3, 3, 2, 5, 2, 3, 2, 4, 2, 3, 2, 3, 2, 3, 3, 2, 2, 3, 4, 2, 3, 3, 5, 2, 3, 3, 2, 2, 2, 2, 4, 2, 3, 2, 2, 2, 2, 2, 2, 5, 1, 3, 2, 2, 3, 3, 1, 2, 3, 1, 2, 3, 3, 3, 2, 3, 3, 3, 3, 3, 3, 2, 2, 4, 4, 3, 1, 3, 2, 3, 3, 2, 2, 3, 1, 2, 2, 3, 2, 2, 3, 2, 4, 1, 2, 2, 2, 3, 1, 3, 2, 1, 3, 3, 2, 3, 2, 1, 2, 1, 2, 3, 3, 2, 4, 2, 2, 4, 3, 2, 1, 3, 2, 2, 3, 3, 3, 4, 2, 3, 3, 2, 3, 1, 3, 3, 3, 2, 3, 2, 3, 2, 2, 3, 4, 2, 2, 2, 2, 3, 3, 2, 4, 2, 3, 2, 3, 2, 4, 4, 2, 2, 3, 3, 4, 2, 3, 4, 3, 2, 2, 1, 2, 1, 3, 2, 3, 2, 2, 1, 2, 3, 3, 3, 4, 2, 3, 3, 3, 3, 3, 2, 2, 2, 3, 3, 2, 1, 1, 3, 1, 3, 2, 2, 4, 2, 3, 3, 2, 4, 3, 4, 3, 3, 2, 2, 2, 5, 4, 2, 2, 2, 1, 2, 2, 2, 3, 4, 3, 3, 2, 2, 2, 2, 2, 1, 2, 2, 2, 2, 3, 3, 3, 2, 2, 3, 3, 3, 2, 4, 3, 3, 3, 3, 2, 1, 2, 4, 2, 2, 2, 3, 2, 2, 2, 2, 4, 1, 2, 2, 1, 2, 2, 1, 2, 3, 1, 1, 2, 4, 2, 3, 1, 1, 2, 2, 3, 3, 4, 2, 5, 3, 3, 2, 3, 3, 1, 3, 2, 2, 4, 4, 4, 3, 3, 3, 3, 3, 3, 3, 3, 3, 3, 2, 2, 4, 3, 3, 2, 2, 3, 4, 2, 2, 2, 2, 2, 3, 2, 3, 1, 1, 2, 5, 1, 3, 4, 2, 2, 3, 3, 4, 3, 4, 3, 3, 3, 3, 5, 2, 2, 4, 1, 2, 2, 1, 2, 2, 3, 3, 3, 3, 3, 3, 2, 3, 3, 2, 3, 1, 4, 2, 4, 2, 1, 3, 1, 4, 3, 2, 2, 3, 4, 4, 2, 3, 4, 1, 2, 2, 3, 4, 2, 2, 3, 2, 2, 3, 2, 2, 3, 2, 2, 2, 4, 3, 2, 3, 3, 4, 1, 3, 3, 3, 3, 2, 2, 4, 3, 1, 2, 4, 2, 1, 2, 3, 1, 3, 2, 2, 1, 2, 4, 1, 4, 2, 2, 3, 2, 3, 3, 2, 3, 2, 3, 4, 2, 2, 2, 3, 2, 1, 4, 4, 1, 3, 2, 2, 2, 3, 3, 3, 3, 2, 2, 4, 3, 2, 2, 3, 2, 1, 3, 3, 2, 2, 3, 3, 2, 4, 2, 2, 2, 3, 2, 3, 2, 2, 2, 3, 2, 2, 4, 2, 3, 2, 1, 3, 5, 2, 3, 3, 2, 4, 3, 4, 2, 2, 2, 3, 2, 2, 3, 1, 2, 2, 3, 2, 1, 3, 2, 1, 2, 2, 3, 1, 2, 3, 3, 2, 3, 2, 2, 2, 2, 2, 2, 4, 3, 3, 3, 2, 3, 3, 2, 2, 3, 5, 2, 2, 3, 2, 2, 2, 2, 3, 2, 5, 3, 3, 2, 4, 4, 2, 2, 2, 3, 2, 2, 3, 2, 3, 2, 1, 3, 1, 2, 4, 2, 3, 2, 3, 2, 2, 3, 3, 2, 2, 2, 3, 1, 1, 2, 3, 3, 1, 3, 3, 3, 2, 2, 3, 3, 3, 3, 3, 1, 3, 2, 3, 4, 3, 1, 4, 3, 2, 1, 2, 4, 3, 2, 2, 4, 3, 2, 2, 3, 2, 3, 3, 2, 2]","[2.5354811651834246, 2.3436851761311903, 2.3096507202912444, 2.2612572084265823, 1.9190451433163964, 2.5287277199779012, 2.0182879199068027, 2.141985562123467, 2.0004238953337765, 2.571505464319375, 2.3688488875961835, 3.135158586902753, 2.6836583749753404, 2.7111759050249944, 2.2840210785926596, 2.1941404325112503, 2.159975147081592, 2.528109047398774, 2.1309263666314604, 2.0546321897586797, 2.0116470605718475, 3.3205480223559536, 2.3865769830335726, 2.1817264362896376, 2.1615824119861866, 2.127062461863453, 3.055186935437988, 2.106136157626925, 3.090492070555055, 2.314058365045696, 2.2311593308074515, 2.045958387843058, 2.239238200276274, 3.255730486607492, 3.0502992595826424, 2.5079420412616784, 2.194346267769356, 2.8656547580401286, 2.607547445825605, 2.261215681271227, 3.341218916896294, 2.466146099902, 2.012832755434142, 2.2402812090885527, 2.357024423812366, 3.044699913060702, 2.7020036887965455, 2.951886865082455, 2.9282297100614434, 2.3273967580240082, 3.976479403132439, 2.521529048398663, 2.309522205834855, 2.5919888473198376, 2.4217322409476085, 4.456621971245558, 2.3603403314536484, 2.335088367159165, 2.4278359805293688, 2.0181987140554236, 2.197776487774534, 2.7441381506892526, 2.725773693376698, 2.1687592759067034, 2.8283335833034613, 3.601445766214402, 2.2872954157407692, 3.45240922895326, 2.6392356002153323, 2.1431753743795228, 1.810610156793383, 2.3456738471266267, 2.4854128312880253, 2.299906111687315, 2.2554860588151273, 2.4082746783299003, 2.2159212787012663, 2.0143168669920404, 2.117105252756236, 2.30039958364141, 2.063215099792691, 2.310358113074156, 2.163997752391051, 2.168167433795376, 2.2969338607399847, 2.615182623386758, 2.0378466318047335, 2.1768678531822925, 2.4797490140471505, 2.478796849152315, 2.6781708847611836, 3.376503070712829, 2.7229023669204335, 2.5621301288071208, 2.2714036469600276, 2.8372133804282496, 2.478329685090031, 2.0069547890118686, 2.0225565022054, 2.2222470643637577, 1.9675941338007548, 2.4468193395555247, 2.1039774630672206, 2.2768371353639583, 2.6629584971044045, 2.5548898948748433, 2.4802369299334783, 2.186722200234514, 3.2153915776289574, 2.001819131415542, 3.243252282989201, 2.8369729509514507, 2.573669950433858, 2.5574191857833584, 2.623921414673562, 4.091369468478925, 2.175098644697101, 2.263074301413802, 2.39042864131597, 2.2722645145963924, 2.1504792663060988, 3.09394278238348, 2.5078061791462147, 2.472826337256539, 2.149300932345208, 2.2181645041347715, 2.07577420018552, 2.5138468154263767, 2.2593333281921626, 2.013738608008619, 1.9867885671986645, 3.112002141092189, 2.3705555508603107, 2.186926942371138, 2.6030932952420107, 2.0730080244832223, 2.3867342017465205, 3.1871596125999218, 2.2458151724824567, 2.047802483478415, 2.6101100452308756, 2.3339570567668133, 2.2300460869266443, 2.131103193692113, 2.609435656824212, 2.3181640048353156, 2.248243259053793, 2.139500874140641, 2.332172584715047, 2.3467845228948776, 2.4055490334232514, 2.6214546835512493, 3.5867003039933847, 2.67904474899016, 3.2248257348268954, 2.4749231764445017, 2.4749864652203146, 3.032853633659294, 2.892221229558758, 2.3075020509708817, 3.8517741158645493, 2.330264564664114, 2.2337967516572896, 2.6629955189408694, 2.267571185418663, 2.9024712085740467, 3.0062023704482073, 1.9971073914286546, 2.2047088790809926, 2.222720888947298, 2.659527032560912, 3.5426764820027232, 2.500823584547791, 2.1633525890190954, 2.3829456326645575, 2.2257121275105343, 2.6644285626121773, 2.539877744035798, 2.750032161519652, 2.2043113062917588, 2.0046877359839854, 2.869924239165822, 3.447678724625436, 2.5332585751604357, 2.4616178494073435, 4.305843385553517, 2.315629789662571, 2.5001709131577985, 2.845913624333755, 2.2121491556998354, 2.0882244698837025, 2.909621059175239, 2.348926039688515, 2.793599247320467, 2.104277743290354, 2.8433844478924772, 2.23043486032379, 2.5428624218571523, 3.5848927049061854, 2.7308446632044094, 4.125849997634113, 2.1680565149423496, 4.307408953644068, 2.5009390822958437, 2.584816696628916, 2.2348629644206466, 3.120718645533648, 2.4400617779169305, 2.095361890364214, 3.154470421803657, 2.4265507854591526, 2.3244266867322354, 2.7712512612942684, 2.1397274847300585, 3.2824791245813176, 3.70061813163454, 2.0483096260179434, 2.5897763933267104, 2.095746123903951, 2.3737556601116645, 2.6970814889390766, 2.1807792526012966, 2.115431956857032, 3.204458307041437, 2.73525453814726, 3.8905330733836827, 2.142034524216626, 2.045069720404761, 2.0658098420339175, 2.6047207376465833, 2.08473874255373, 2.180183249932665, 2.0059624679996615, 2.8100741584009197, 2.3964501766524755, 2.533820213318022, 2.1164124060619063, 2.559591059285959, 2.1414435035409047, 2.1780814199570164, 3.0289906510177462, 2.147865128713674, 3.506884139340812, 2.25704723992622, 2.301191267914292, 2.104130351385379, 1.9728603782523955, 2.212828223403566, 3.985476369341068, 2.3443580878107326, 2.4603347589910705, 2.530101574045406, 2.1255634180749166, 2.5656067975195644, 3.77129082045034, 3.328756676059514, 2.2325092533229642, 2.2169929499841996, 2.271673325222673, 2.240206950993639, 2.376914630812015, 2.4087641438550293, 2.2022516731640875, 2.4202502507089694, 2.437746380029765, 2.5782430168507102, 2.444726096328532, 4.5578829179418605, 2.332371774460621, 2.4170992351370577, 2.6445006432876785, 2.145918961581547, 2.883046286780171, 2.1142128936691242, 2.938296643393829, 2.489139126656002, 2.1075165116578214, 2.253213840714519, 3.450713507587469, 2.240651717010101, 2.5140237951907025, 2.243732071873546, 2.2025962405028015, 2.2798640117685234, 3.8053763749315315, 4.26778664021422, 2.3709061000810054, 2.174043309950046, 2.36560881471419, 2.310186952264174, 2.4297027973907706, 2.0765614709062836, 2.427687679726738, 3.4511560299788235, 2.1119945600000016, 2.2431943724584533, 2.2105745179605054, 2.692295933331083, 2.046196987439752, 2.6079737982854367, 2.247921177401749, 1.9877951029589953, 2.149737980881014, 2.1598639555774763, 2.4818850270574906, 2.6166622076905157, 3.517887928146515, 4.776287198936133, 2.3955587873263577, 2.8330081014182404, 3.089360872507192, 2.2322864280049566, 1.9647433984519762, 2.190879435756648, 2.158571354342136, 3.30761262106132, 2.7177246720486763, 2.1646075367977535, 2.0733224463787683, 2.5211901507929575, 3.873165854795312, 2.150100540083546, 2.1158822192866773, 2.4113243292056703, 2.0587755263427994, 2.0640046028065546, 2.107498253552338, 2.0224758594166117, 2.10421924142665, 2.556972966711074, 3.2088701564766113, 2.467052436984584, 2.5739786864269822, 2.3019894993336543, 2.8020857528902705, 3.2749548802595307, 2.027879324382465, 2.2535129096510143, 1.966906936687256, 2.696420272570751, 2.2816312826897858, 2.095778542694538, 2.1344854657052674, 2.147212452701854, 2.187981822990751, 2.5564045633083063, 2.1421211768781823, 3.0348121020605796, 2.4362383885930186, 2.4667490501247937, 2.339527996781301, 2.869591418263203, 2.2461684581561094, 2.5996053687687604, 2.488978211277705, 2.142164070409203, 2.1111203799609166, 2.1483411584063283, 2.0423843192563322, 2.7965667030359427, 1.8636940602039762, 2.6864364261616895, 2.0700507726079063, 2.7142716073877, 2.9685551160116836, 2.717329962212069, 2.3496113043284073, 2.203609119402263, 2.2004216451647425, 2.3200413137027356, 2.0103519133379995, 2.126206224119743, 2.3308369004549245, 2.293925209173646, 2.1428279009291624, 2.232978365980428, 2.3411399981915983, 2.3054685496669105, 2.4164418540521715, 2.492656343726727, 2.16050330672614, 4.446872366262379, 2.364187606882511, 2.5012882515364256, 2.438169019507482, 3.214218424271142, 3.2450930760847174, 2.069268573910777, 2.4090100005751243, 2.3147721631394482, 2.276124363546603, 3.03944921863989, 2.9100108514786673, 2.1460275627841243, 2.2825492442189543, 2.7609645941077767, 3.8005762404427297, 3.2803430838362595, 2.32775666297022, 2.755477521730916, 2.73824157695688, 1.9568502547156106, 2.993980182658321, 2.5992677508990534, 2.1838980524403393, 2.5952257591805257, 2.1466292604761055, 2.332038687510715, 2.910555798304197, 2.3395785100696966, 2.060874265982976, 2.169309737014096, 2.6165694927371224, 2.98774684108573, 2.0913244772190844, 2.0792958552652627, 2.3440807840130016, 4.140367006590018, 1.904067584550039, 2.668489160695695, 2.604574739929264, 2.3205250020078765, 2.1921807553269277, 2.328670309456152, 2.056511136692164, 2.299706015755589, 3.473940270769577, 3.6374323774487727, 2.174527519406512, 2.545208192391533, 2.2030966022713203, 2.094812566502536, 2.333780729740095, 2.3677256639185535, 2.446149784453121, 2.342007720639896, 2.3698606039595895, 2.2567773912184705, 2.0622875984929774, 2.1660880895063976, 2.0184674544689356, 2.4856950174413552, 3.1228426683043713, 2.513844094503769, 2.2505784648640406, 2.189932202178236, 2.1567551368535423, 2.061783193367097, 2.7867886215419824, 2.205346777173833, 2.6088700440802532, 2.808387512527016, 2.1764989537677137, 2.239034362410956, 2.43646154489389, 4.031668913634376, 2.8381592569810277, 2.1609205176009705, 2.3541562570591217, 2.0614803228424265, 2.7908737291446473, 2.2714050125538003, 2.529833391211188, 2.4775438723476744, 1.990713564131914, 2.408920157511965, 2.072421664398739, 2.6922364784454906, 1.980942610707779, 2.6838361262852017, 2.5996923102148513, 2.8832336917413977, 2.4421971212301252, 2.3349653778886394, 2.2986470420313756, 3.806077955491151, 1.9939411935215934, 2.0301506491157677, 2.2539382659299374, 3.2450343522667966, 2.2476431986414607, 2.5712596219340713, 3.8994823613422134, 2.2586876306008272, 2.686422463305674, 2.772323612340384, 2.3081133768606708, 4.0293136581421045, 2.10117596246269, 2.1540921191857985, 2.141235607931886, 2.0011253217605356, 3.073348158668869, 2.58250272554202, 2.551023083995189, 1.9533894289145335, 2.1431508219325166, 3.238570526815259, 2.7358161994545185, 2.218678934499993, 2.226413057258449, 2.614839268902176, 2.090543303654341, 2.5010683883235107, 2.918047692022153, 2.0056314837888527, 2.3935139917722497, 2.151403861494166, 2.678038088313236, 2.258169053885844, 2.3134769716025696, 3.32038498501029, 3.8943064486556596, 2.3255054248629166, 2.0432605551987777, 2.232344585285872, 2.187674277488502, 2.4865280279055173, 2.812130087667404, 2.2748975719740394, 2.521769906956435, 3.1116631846338967, 2.116637033644875, 2.0859552154401, 3.110948151107177, 1.9491238982354178, 3.540887611924667, 3.5442286748604928, 2.5579001522006792, 2.229741735534161, 2.5806344556247955, 2.741501395823874, 3.1007084750398266, 2.1984204264387253, 2.3831063908601835, 3.5317876795058973, 2.3542396506872083, 2.094341455665869, 2.2012063467013596, 1.9695246331289356, 1.9468181275808478, 1.9677878088958125, 2.173703254482475, 2.1093968972607886, 2.268051471465183, 2.264803090072663, 1.8906125755906498, 2.1768941980024983, 2.064127754724064, 2.4242072060755517, 2.078694157573282, 2.111408141226148, 3.4745748007736603, 1.622940383465499, 2.7982549727527877, 2.8103631614717606, 3.161956409821224, 2.6259022623056403, 2.5919777579104917, 2.0413103004062596, 2.769736381431794, 2.639599732563933, 2.495829828030295, 2.4289900924184997, 2.0593190379811848, 2.1780645418316453, 2.406152485594824, 1.9841257833231891, 2.3399046154228262, 2.56684121270131, 1.7266079412004771, 1.9944150408112185, 2.5907877614306103, 2.6532593128617705, 2.418457103481284, 2.7246697818884154, 2.899778489109246, 2.637070647461422, 2.9423839434991885, 3.4762403968484614, 2.75925683402425, 3.25429402688326, 2.0921607754534284, 2.2991529787329985, 2.1838106885306026, 3.996256487130637, 3.6271618083435735, 2.1730487796880325, 2.44017856223841, 2.1638726619489215, 2.5792014119534876, 2.9709484707114493, 2.1286497007573217, 2.742808065834715, 3.729286552259188, 3.1921011339755703, 2.1597863741726826, 2.296036710506123, 2.520457560200067, 2.457756850750982, 4.425605353820672, 2.250709367529463, 2.0509211733088306, 2.5181631768447246, 2.5669834628620296, 2.1469440424847903, 2.337288442722804, 2.3485187366742855, 2.681129389167312, 2.2365781909261617, 2.703345556618728, 2.1043529771280083, 2.6643955841330733, 3.029212650792272, 3.4809668925989756, 3.0649947350616356, 2.537596563721842, 2.836530227401642, 2.773075399547058, 2.433315818968468, 3.48805206940999, 2.105890432493113, 2.5408969862969784, 2.5573787578013127, 2.461259412868508, 3.0479965295530853, 2.530680350931441, 2.458012630862029, 2.298513841546054, 2.3226337814525326, 2.060381990929179, 2.0518645111104883, 2.3154953500471773, 2.1054664183006953, 2.704588509572724, 2.16629947968826, 2.285518091768176, 2.178172035705199, 2.0973300143763973, 2.2358789289822045, 2.4621096244272067, 2.630961372929285, 2.060978508018084, 2.941386135410304, 2.0988626538779154, 2.340502450912172, 2.8738258130840797, 3.0033234491599634, 2.33541534046201, 3.004223560054151, 3.0363718167238285, 2.4034979870442363, 2.7171858892554144, 2.2317955916206427, 2.1985187676444795, 2.566875960046346, 3.1123044957097465, 2.1592444708624687, 3.7010750918722453, 2.507422257116387, 2.672951110793366, 2.2569679329933114, 2.3141885484500535, 2.4795322914877844, 2.258866952166455, 3.442110980687107, 1.9955171002717185, 2.0819450560128323, 2.0250878912156054, 2.6967344962137267, 2.6727399479943488, 2.1070413665847214, 2.6278005017767194, 3.2542349159781745, 2.1998517002788884, 2.614791397218994, 2.1656866575836284, 2.464275136869635, 2.3051054517504213, 2.672052130113085, 2.952899776415733, 2.4888525730162714, 2.6145339654419586, 2.281400160229225, 2.7240125208937744, 2.391863254456629, 2.6452257266894375, 2.305621165512778, 2.7374333229940997, 2.3136109366172, 1.96706742721203, 2.1323034987406024, 2.1681601541299202, 2.613990585389856, 2.2351750894615066, 2.6934648793114384, 2.6766825857992047, 2.858976507813439, 1.8600029391392598, 2.3686222653678985, 1.656596977677518, 2.619931112559022, 2.1908435511658975, 2.443171852868781, 3.272811004439498, 2.252104714406271, 2.198999822667861, 2.465863974970748, 2.4978541352905204, 2.3691199168874646, 2.63307156737294, 2.6932200465842415, 2.8576411060961675, 2.88197194317786, 1.9249368399786861, 2.40382006869628, 3.5995506376666535, 3.019383963694878, 2.0123099235047803, 3.293160179176981, 2.0433850427933704, 1.9399352471520652, 2.0701133178289712, 2.155138316652575, 3.0276963815840716, 2.688775915352192, 1.9767868282414685, 2.1887870616188585, 2.6010134663066182, 2.192744799562226, 2.0881830158040575, 2.2519200281925404, 2.2290517317675294, 2.172852513151949, 2.300753903568377, 2.2101373989176634, 3.21840606253598, 2.100628106043175, 3.244465243202888, 2.375672298574236, 3.582037737134291, 2.2735723300094763, 3.215638852401571, 2.59026351355714, 2.097873165901644, 3.5019784011154265, 2.3064609149821487, 2.1900316005377682, 2.231074498509882, 2.2528622498658746, 2.2618088067796895, 2.5791366744376316, 2.144129088913159, 2.2127552269456254, 4.032155480845978, 2.142594753442622, 2.2071992265834375, 2.6410276698518866, 2.058706031652727, 2.930246420702094, 2.574906999862576, 2.3230087369688133, 2.274339015209795, 2.0894519355964407, 2.190114041143966, 2.4490347671130013, 2.1083127944820044, 2.672420739007896, 2.6361275883618664, 2.208850096624829, 2.5912472315195068, 2.7358721067009046, 2.672485091953713, 2.149020650499608, 2.3629754490393777, 1.9423481659533897, 2.429054090695388, 2.3137450947822047, 2.3352402148145868, 3.051641019775016, 2.2750467391543685, 2.435586591562164, 2.5617651942144013, 1.9214983058759412, 2.2031730464303996, 3.6404447519000467, 2.604989923852212, 1.9336514741137254, 3.0651754004076976, 2.607212131220007, 2.784196027292517, 2.4023412848535677, 2.3278386179288235, 1.9728021921988002, 2.30064679875944, 2.070744539103893, 3.1311743262724145, 2.101138036354919, 2.233235917668911, 1.9741309794486603, 2.2431595961619397, 2.0118538488518425, 3.1335013913572825, 2.166569225582406, 2.027405923528541, 2.388019229547926, 2.3255234771623963, 2.3117227993011067, 2.3159327244636523, 2.239280081314143, 2.3815979520278594, 2.7141146757121803, 2.6449097596496682, 2.5492416875349595, 2.2842376493775975, 2.2075319862124307, 2.5623880561235124, 2.3705361555091122, 2.3084955677393766, 2.7162791824951773, 2.511295559982516, 2.567982967921928, 2.4102998799226443, 2.395716987833875, 2.002268227826793, 2.255664494025153, 2.0841417423859045, 2.782917640805299, 2.5504068557449764, 2.8699641670983524, 2.228512263486505, 2.301137620757414, 2.514343786575143, 2.977242245497444, 3.4637090641993913, 1.9537771363586012, 2.0636902539867186, 1.994626430993081, 2.3827020854391963, 2.2398274520860633, 2.3729838216554726, 2.605222265433497, 2.577182516994963, 2.612684123288906, 2.660539766079787, 2.192558816530233, 2.216883395759733, 2.3649101911215005, 2.201036969143649, 2.070493468334667, 2.2860434481146803, 3.1207512291254127, 2.268486909568117, 2.1181858841478163, 2.2941194784957393, 2.246273940250535, 3.2591973164795314, 2.9934876934640076, 2.857406917768093, 3.1659855650769986, 3.4602635676008893, 2.1323660439616674, 2.2659847849154136, 2.7592418055571715, 2.134237219990538, 3.938995688519891, 2.735597652661311, 2.200921734282173, 2.235874798162793, 2.085270095347353, 2.0926636776334147, 3.2934587727599265, 2.5835879799528594, 2.7582925367034226, 2.7218688300684017, 1.9195162541530635, 2.685245312624239, 2.4957870382735674, 2.027873827969281, 2.130735548723192, 2.0690552440602836, 2.294515729815433, 2.153957480996207, 2.218722474399689, 2.354548691031185, 2.829199196224442, 2.1689965423949893, 2.4955771623696057, 1.9627005559876256, 2.431812529857315, 2.4110822638088125, 2.2446090847697695, 2.853571822766171, 2.1302062121562484, 2.094996747269567, 2.611186061473736, 3.8750258288256627, 2.077251574131429, 2.2701072730925116, 2.1367419349447796, 2.7794103085314945, 2.2905993196308394, 2.339860349103008, 2.279055174018735, 2.355357937640172, 3.0436196826210002, 2.65499590394621, 2.748459299805311, 2.267812113569806, 2.5966714038275756, 3.33703526735496, 2.319905658178877, 2.119053694379792, 3.107844351125749, 2.2691812248486207, 4.534060404426816, 2.2199922144836672, 2.3094855711011357, 2.3378685238173174, 2.442743431687557, 2.5592722733654334, 2.2986697749359637, 2.553908582040557, 2.0766701255328197, 2.1101321023060695, 3.7877146529144765, 2.7427787092145386, 2.1196837484923083, 2.3981811432197873, 3.0251801380165886, 2.6786680246079477, 1.9944735426749225, 2.2179018773683206, 2.071472390442795, 2.987125463522248, 2.5298630881139537, 2.166946917551645, 2.4274957723581245, 2.264369029845141, 2.5502198517019994, 2.37076981838114, 2.521893412577661, 2.201960780007825, 2.130178583938908, 2.366580838029796, 3.1754425367701735, 2.4871550740579975, 2.806445557676885, 2.05807826179163, 2.296978932179457, 1.890460524233925, 2.1110413455002996, 1.9875087216738765, 2.1312795792294033, 2.0389805324986234, 2.531659708158844, 2.250087958676175, 2.71161151039674, 2.0349469343627957, 2.202389209488408, 1.9611311276240508, 3.6394232619738274, 2.662330569059456, 2.2647777128394835, 2.8779162404430614, 2.5882609292373497, 4.277164195792765, 2.792358306537638, 2.276848726543286, 2.5684853307443722, 2.1993447058166837, 2.009819423298662, 2.210964249480921, 3.288949318861226, 1.9330011301386942, 2.7002314055017096, 2.351942094851304, 2.40963532119949, 2.4948713013412345, 2.2606832209697822, 2.280120739631524, 3.0935985393735215, 2.300730376611352, 2.055300961497883, 2.189667623461516, 1.9760571339957114, 3.048319941780016, 2.9298215131267895, 1.9864610775607001, 2.2783838786442816, 3.782256469804416, 2.3563729561960676, 2.1283521569871473, 2.50169863032099, 2.295490292756091, 2.476531409896813, 2.3457751974364283, 2.75881678043991, 2.5525748734175835, 2.165974448586753]"
3.0,5000,0.6239736437034039,0.6239736437034039,0.010768890380859375,0.31228812517299037,"[2, 3, 3, 1, 3, 2, 1, 2, 3, 5, 3, 4, 3, 2, 2, 3, 2, 2, 3, 2, 3, 4, 2, 3, 2, 1, 3, 2, 2, 4, 3, 2, 2, 4, 3, 1, 2, 3, 3, 2, 3, 3, 2, 1, 3, 3, 5, 3, 3, 3, 4, 2, 3, 2, 3, 4, 2, 2, 3, 1, 1, 1, 3, 1, 1, 4, 3, 4, 4, 1, 2, 2, 2, 1, 2, 2, 3, 2, 1, 3, 3, 4, 1, 1, 3, 2, 2, 2, 3, 3, 2, 4, 3, 3, 2, 4, 2, 1, 1, 2, 2, 3, 1, 3, 2, 2, 2, 2, 2, 2, 3, 3, 3, 1, 3, 4, 1, 2, 3, 3, 2, 4, 4, 3, 2, 1, 2, 4, 3, 2, 2, 5, 3, 3, 4, 3, 2, 2, 3, 3, 3, 2, 3, 4, 4, 3, 4, 2, 3, 1, 2, 3, 3, 2, 3, 3, 3, 2, 3, 2, 3, 3, 2, 3, 2, 5, 2, 3, 2, 4, 3, 4, 3, 2, 2, 3, 3, 2, 4, 3, 2, 3, 4, 1, 2, 5, 2, 1, 4, 2, 2, 3, 2, 4, 2, 1, 2, 1, 4, 2, 5, 2, 4, 1, 2, 2, 5, 2, 3, 5, 3, 2, 4, 2, 2, 4, 2, 3, 3, 2, 2, 2, 3, 4, 2, 5, 2, 3, 1, 3, 3, 3, 2, 3, 1, 2, 3, 3, 2, 1, 1, 1, 5, 1, 1, 2, 2, 2, 3, 1, 3, 4, 3, 2, 4, 3, 2, 3, 3, 2, 2, 3, 2, 2, 2, 3, 2, 5, 2, 3, 2, 2, 3, 2, 3, 3, 2, 2, 4, 3, 3, 3, 2, 4, 2, 1, 2, 3, 3, 2, 2, 3, 2, 4, 2, 1, 3, 2, 1, 2, 3, 3, 2, 2, 3, 3, 2, 5, 2, 2, 3, 2, 3, 2, 2, 4, 1, 3, 2, 2, 5, 3, 2, 3, 1, 2, 2, 3, 2, 3, 4, 3, 3, 3, 2, 3, 2, 2, 1, 4, 3, 2, 3, 3, 2, 2, 2, 2, 2, 3, 2, 1, 3, 3, 3, 2, 2, 3, 3, 3, 2, 3, 2, 1, 4, 4, 2, 2, 2, 3, 3, 1, 3, 4, 2, 2, 2, 2, 3, 3, 2, 5, 2, 3, 2, 4, 2, 3, 2, 3, 2, 3, 3, 2, 2, 3, 4, 2, 3, 3, 5, 2, 3, 3, 2, 2, 2, 2, 4, 2, 3, 2, 2, 2, 2, 2, 2, 5, 1, 3, 2, 2, 3, 3, 1, 2, 3, 1, 2, 3, 3, 3, 2, 3, 3, 3, 3, 3, 3, 2, 2, 4, 4, 3, 1, 3, 2, 3, 3, 2, 2, 3, 1, 2, 2, 3, 2, 2, 3, 2, 4, 1, 2, 2, 2, 3, 1, 3, 2, 1, 3, 3, 2, 3, 2, 1, 2, 1, 2, 3, 3, 2, 4, 2, 2, 4, 3, 2, 1, 3, 2, 2, 3, 3, 3, 4, 2, 3, 3, 2, 3, 1, 3, 3, 3, 2, 3, 2, 3, 2, 2, 3, 4, 2, 2, 2, 2, 3, 3, 2, 4, 2, 3, 2, 3, 2, 4, 4, 2, 2, 3, 3, 4, 2, 3, 4, 3, 2, 2, 1, 2, 1, 3, 2, 3, 2, 2, 1, 2, 3, 3, 3, 4, 2, 3, 3, 3, 3, 3, 2, 2, 2, 3, 3, 2, 1, 1, 3, 1, 3, 2, 2, 4, 2, 3, 3, 2, 4, 3, 4, 3, 3, 2, 2, 2, 5, 4, 2, 2, 2, 1, 2, 2, 2, 3, 4, 3, 3, 2, 2, 2, 2, 2, 1, 2, 2, 2, 2, 3, 3, 3, 2, 2, 3, 3, 3, 2, 4, 3, 3, 3, 3, 2, 1, 2, 4, 2, 2, 2, 3, 2, 2, 2, 2, 4, 1, 2, 2, 1, 2, 2, 1, 2, 3, 1, 1, 2, 4, 2, 3, 1, 1, 2, 2, 3, 3, 4, 2, 5, 3, 3, 2, 3, 3, 1, 3, 2, 2, 4, 4, 4, 3, 3, 3, 3, 3, 3, 3, 3, 3, 3, 2, 2, 4, 3, 3, 2, 2, 3, 4, 2, 2, 2, 2, 2, 3, 2, 3, 1, 1, 2, 5, 1, 3, 4, 2, 2, 3, 3, 4, 3, 4, 3, 3, 3, 3, 5, 2, 2, 4, 1, 2, 2, 1, 2, 2, 3, 3, 3, 3, 3, 3, 2, 3, 3, 2, 3, 1, 4, 2, 4, 2, 1, 3, 1, 4, 3, 2, 2, 3, 4, 4, 2, 3, 4, 1, 2, 2, 3, 4, 2, 2, 3, 2, 2, 3, 2, 2, 3, 2, 2, 2, 4, 3, 2, 3, 3, 4, 1, 3, 3, 3, 3, 2, 2, 4, 3, 1, 2, 4, 2, 1, 2, 3, 1, 3, 2, 2, 1, 2, 4, 1, 4, 2, 2, 3, 2, 3, 3, 2, 3, 2, 3, 4, 2, 2, 2, 3, 2, 1, 4, 4, 1, 3, 2, 2, 2, 3, 3, 3, 3, 2, 2, 4, 3, 2, 2, 3, 2, 1, 3, 3, 2, 2, 3, 3, 2, 4, 2, 2, 2, 3, 2, 3, 2, 2, 2, 3, 2, 2, 4, 2, 3, 2, 1, 3, 5, 2, 3, 3, 2, 4, 3, 4, 2, 2, 2, 3, 2, 2, 3, 1, 2, 2, 3, 2, 1, 3, 2, 1, 2, 2, 3, 1, 2, 3, 3, 2, 3, 2, 2, 2, 2, 2, 2, 4, 3, 3, 3, 2, 3, 3, 2, 2, 3, 5, 2, 2, 3, 2, 2, 2, 2, 3, 2, 5, 3, 3, 2, 4, 4, 2, 2, 2, 3, 2, 2, 3, 2, 3, 2, 1, 3, 1, 2, 4, 2, 3, 2, 3, 2, 2, 3, 3, 2, 2, 2, 3, 1, 1, 2, 3, 3, 1, 3, 3, 3, 2, 2, 3, 3, 3, 3, 3, 1, 3, 2, 3, 4, 3, 1, 4, 3, 2, 1, 2, 4, 3, 2, 2, 4, 3, 2, 2, 3, 2, 3, 3, 2, 2]","[2.4881945524999156, 2.3280365790568793, 2.317644152939525, 2.301585550692616, 2.118791954502073, 2.5222248087841996, 2.1258604396519547, 2.0875810806726043, 2.0048361877231775, 3.02258122954961, 2.2825634114420796, 3.557334613722007, 2.5440453971241457, 2.6989935052880365, 2.3221754570059234, 2.1480549559448785, 2.109015077521057, 2.3282499497341833, 2.1141508831060745, 2.11122994831946, 2.139295426293215, 2.9132009709161197, 2.2794290956412713, 2.2939315456590252, 2.154093920385486, 2.1148340189685793, 2.5565094132474897, 2.1103289280729576, 2.7564718901241885, 2.3865765665773493, 2.4218252864901477, 2.260501313166685, 2.119615964837667, 3.0356327103196934, 2.663136831118654, 2.497402218334931, 2.3052105137577747, 2.7073247755231886, 2.56574032763122, 2.334319514626029, 3.5913329340927738, 2.3802629180104518, 2.122958827805302, 2.2753742517787514, 2.4568039557023353, 3.3747863382015764, 2.5287310281748927, 2.804249715642651, 2.690551467517961, 2.2980969690676334, 4.1447346622158, 2.69056147694733, 2.5340104888711603, 2.5149866918916346, 2.3349863709366794, 4.2398885725728075, 2.4781350988508963, 2.2885322496076337, 2.272134531584274, 2.0930568194190067, 2.2336599713460403, 2.525147763974243, 2.563961709583971, 2.1074620492293197, 2.85498369796471, 2.9301144452734, 2.2887771645473416, 3.795238979306111, 2.5026702272994408, 2.0955755705781423, 2.1587116523790884, 2.319496995142009, 2.4724320577042, 2.3111621454921587, 2.1167433539626024, 2.2837978050967163, 2.11553353354043, 2.1101528233525944, 2.1206504861610043, 2.305803321320091, 2.150736735091952, 2.309314238410851, 2.1411232752752682, 2.140386078301342, 2.526503480157348, 2.6546606203188294, 2.138812167930455, 2.0978236100719267, 2.4734334169271164, 2.332726735785364, 2.5204010380155384, 3.8497002384460646, 2.729866155539056, 2.539499029596217, 2.2245722869591713, 3.1629776864429435, 2.29602666906408, 2.1360689778025166, 2.1906686305655017, 2.163644226383572, 2.110208524402328, 2.293392829820607, 2.086096040046833, 2.33842047065438, 2.523090578308745, 2.5175824934203397, 2.481552001656598, 2.096081367890215, 3.6595027221456133, 2.1369769587420686, 3.272651015891919, 2.6545232465257813, 2.4896476479234835, 2.476111076712335, 2.47246560381257, 3.60680000699696, 2.1145461008720585, 2.3534266467755076, 2.236364996524979, 2.3696170161717856, 2.0942842472121486, 2.9648872240570436, 2.5288232734113993, 2.379048136823975, 2.143628893737981, 2.1069320847930264, 2.2306153530121713, 2.561997041623302, 2.1323800853008046, 2.102050211224214, 2.106814960999022, 3.1548413509334763, 2.2658519785965567, 2.1781105088099295, 2.362272643774552, 2.140817364174217, 2.3532786505017156, 3.607060179695722, 2.2632914529422323, 2.11677620251731, 2.3300691524577664, 2.2969371124953235, 2.1951819438714972, 2.299982152442772, 2.49004818210309, 2.29018243697437, 2.1098190283308806, 2.145454307497083, 2.25092306809194, 2.2358764004756306, 2.276074849409908, 2.6506521743933567, 3.847556477154165, 2.4710174517307513, 2.8644689660936398, 2.4578769260074105, 2.50980883437365, 2.562407153669946, 2.644755386621262, 2.342545810301664, 3.7549704022502945, 2.3835089215787972, 2.1452094130320583, 2.4574452493325296, 2.1146067113998406, 3.430506133336084, 2.587399275088406, 2.137809991322605, 2.1011061826524546, 2.3261511226141263, 2.584908924250841, 3.818371659746409, 2.5343965581649597, 2.108417947972177, 2.3375050516335794, 2.3160747459384416, 2.4653967360812548, 2.569389809590458, 2.7949668474097358, 2.0929716253218706, 2.1241161344918353, 2.8814339308646755, 2.7714378264712654, 2.37660232375822, 2.476638995102071, 4.250136433063757, 2.517892753827521, 2.4944373822074453, 2.7176310021705543, 2.149036693988357, 2.0970860069897563, 2.6639844404935547, 2.518805349057881, 2.639526372552374, 2.0942477986401413, 2.5630857913310923, 2.2988300739484453, 2.591121495180413, 3.849546977192154, 2.8229905882948363, 4.255145021984292, 2.2553241391947227, 4.295222647897926, 2.436867634803899, 2.7614544606656417, 2.161228203796694, 3.635216595561446, 2.3396847008959867, 2.1368483553798763, 2.985570569596779, 2.3953754221122328, 2.2604046159745494, 2.5927967358421005, 2.2984573833683686, 3.0638325897888588, 3.747891248501857, 2.1205526214396877, 2.295117780430909, 2.350190768505107, 2.1942915402993415, 2.5686762825158223, 2.154582872555527, 2.133299980612046, 2.9835027930279807, 2.7728722080209844, 3.797346931297916, 2.1285966639183984, 2.1129205867129968, 2.1256634425155516, 2.6893633862623822, 2.114111977210821, 2.3077145261458765, 2.1444492674577424, 2.6145865958780603, 2.4582407554501984, 2.537751014914698, 2.3137007316511564, 3.006872495509631, 2.087676916279215, 2.122223596078808, 3.4327521216148664, 2.1275658168165252, 3.2206104299662046, 2.2230713111388325, 2.4408114185768572, 2.0860690094911223, 2.1010726078488284, 2.3513619612874157, 3.2233325512642126, 2.3810171958069275, 2.3401564900274483, 2.552446134913846, 2.279246587106865, 2.441844120486144, 3.3230361408855504, 3.574210144803164, 2.3833523015149525, 2.1235489106935623, 2.332563379753474, 2.2642829828721625, 2.305751937088476, 2.3286987768762373, 2.117950310953284, 2.4593382159540966, 2.3933960482372414, 2.5298633724525676, 2.285558065926087, 4.37115834375863, 2.3078242184730304, 2.4434856175831974, 2.40990789584605, 2.0868856581938675, 2.415105810792925, 2.117105814309894, 2.6438638085882316, 2.475829290160525, 2.134699426200882, 2.256694934764219, 3.2117465440483635, 2.2642043485282772, 2.4673736578014447, 2.3621516386362935, 2.10147969578591, 2.310839494392624, 3.9176645245227797, 4.248659993069348, 2.3149263195652834, 2.3623679177632915, 2.418659818046553, 2.3093613593039057, 2.296419023398573, 2.2019449595178866, 2.3582821293331366, 3.1026623522401406, 2.1092931663245915, 2.3868612473722237, 2.190356188406457, 2.460469802972183, 2.1209261345731436, 2.3223347614033614, 2.303943352347556, 2.1394563978977064, 2.3198672792041104, 2.109034736107028, 2.674361467692747, 2.382010321474579, 3.5489767097706117, 4.418556356896313, 2.4637036507013614, 2.7527826613579514, 3.5915315418851064, 2.235746624415812, 2.1025076846247375, 2.103551219282642, 2.109263267168945, 3.379466790543836, 2.5380224978471704, 2.0917863781321624, 2.1858420533646945, 2.474311498711022, 3.9302939321793096, 2.266703591872204, 2.1250155265634305, 2.365340827765012, 2.1187022570351335, 2.1669140775443667, 2.1100881103948086, 2.149734558484102, 2.077848445846914, 2.4679851200131138, 3.0125964616572722, 2.3965123740856478, 2.4471171653646526, 2.302588955962089, 2.555741365496323, 2.835342830064451, 2.0913452937778754, 2.327569281531815, 2.1885124184364666, 2.5703837747433393, 2.2487543398931016, 2.095750451805327, 2.190378865555126, 2.30825530333709, 2.145087755056677, 2.4762904613093237, 2.3105777946353254, 3.352012722770837, 2.4811260673500337, 2.513869584574889, 2.733894122101066, 2.511172555395164, 2.296048384033498, 2.485062282745664, 2.5034055530150883, 2.1817661171454326, 2.1176525687322227, 2.349096848383761, 2.0969856680133425, 2.5511335223122544, 1.9634639203621098, 2.4064569458275904, 2.1987741399890743, 2.4647893659627, 3.209717242902135, 2.620191341033053, 2.277759755772018, 2.4214077076152574, 2.2578068530585407, 2.2829877109787766, 2.217550567389652, 2.1067805533051276, 2.354846779671236, 2.2876050213587993, 2.0956370036593026, 2.298380383794351, 2.3078352902976436, 2.2391249987392485, 2.319136514739484, 2.4166636320852306, 2.108921699237693, 4.452089372498392, 2.2246706085842844, 2.4818861806862604, 2.3441512884617666, 3.6596173650895594, 3.1757043630157775, 2.3507231733327956, 2.1470343560076413, 2.275714445446063, 2.412516609088102, 2.7374639440675352, 2.6406598703515893, 2.111481001398839, 2.3306405243131505, 2.5864105640013446, 3.7968415452625317, 3.697248425535356, 2.3144598937635377, 2.720033990410608, 2.7425338890531425, 2.1121080352718105, 3.0770301223326006, 2.5015316692514147, 2.1170464103434403, 2.36533453674798, 2.0949649257514067, 2.256252039226173, 3.100203606608044, 2.390552196875898, 2.1183312012249242, 2.1155695760041926, 2.5438525985231104, 3.026421426948401, 2.199069001846794, 2.1068694282186877, 2.479933615085199, 3.8607767069881005, 2.1132351292569833, 2.579361156540911, 2.499251368085502, 2.1380639026650305, 2.152550234479365, 2.263786295327035, 2.0862832078902502, 2.344033773865756, 3.5895329501304643, 3.9976354860614083, 2.27589506387312, 2.4101158108713103, 2.101391232149039, 2.0959212357709536, 2.3215828308268467, 2.2581474528340966, 2.487578586918443, 2.4268419067292686, 2.265974844758878, 2.2777630356486434, 2.0934667811244694, 2.132548857083575, 2.1832794934272184, 2.2396756688505186, 2.96364824237335, 2.6809888720311745, 2.2788590018165467, 2.165491391710626, 2.3036517534346106, 2.109965655509177, 2.632432869029637, 2.0927885547400127, 2.4597432131727626, 2.5998339866045415, 2.3359137204434077, 2.2345535939796752, 2.4497151129151256, 4.057263061547448, 2.6070167880809336, 2.1457233674607155, 2.2769562110704387, 2.1264288987068114, 3.4338267995953755, 2.2532594881889545, 2.5741748240001847, 2.3434454607823065, 2.097916176138802, 2.357527316276964, 2.1901669796849275, 2.6463428468040697, 2.099643674381035, 2.5768670821225643, 2.5985137035433414, 2.6808346869500768, 2.3680536665112477, 2.4474299535477035, 2.252389524489486, 3.876516245821679, 2.1464818511955195, 2.148394520404553, 2.3603303303593233, 2.932776264273068, 2.3039924988124842, 2.4572544006726877, 4.170891303866308, 2.4251631488437195, 2.766780001530327, 2.640388341301305, 2.24687910271801, 4.07213993795847, 2.2343291858224457, 2.187769323972735, 2.2436563623124766, 2.10428023207034, 3.6271819710990316, 2.4880860190003835, 2.5018564471966314, 2.308737165094831, 2.1774428512381956, 3.8233765752728113, 2.6357346632860366, 2.1395677557965826, 2.3474450446152417, 2.4765492124948922, 2.1869462258191215, 2.602659462139139, 2.6088046917515197, 2.1198932414247134, 2.3110388885278317, 2.135145019093418, 2.4185317358435685, 2.3267460782442644, 2.300557978298923, 2.752919037546446, 4.115853426301068, 2.325979168666376, 2.2281420366899662, 2.2603846056187185, 2.0959130412478353, 2.524397248611036, 2.8328291228926394, 2.1786718851059486, 2.382672692155277, 2.9670895188486535, 2.16997921442412, 2.154921145303916, 2.898643883481458, 2.1216788980399266, 3.781998039603911, 3.852773082133566, 2.4842308901034404, 2.289296111497406, 2.4555969361429772, 2.509204244643226, 2.9391861397295678, 2.3196675016698576, 2.46866584500681, 2.995997804126954, 2.2769414671309605, 2.1042093758044382, 2.1017254281105524, 2.101662365427969, 2.1302914047419392, 2.006550187619406, 2.1229976529014305, 2.1425886829581966, 2.439917323723469, 2.258575512687745, 2.0161386798587873, 2.0896141043823273, 2.084936594751212, 2.3302268919290565, 2.1233855038661202, 2.129862579735143, 3.2968483981187178, 1.9485950790116024, 2.515487175043931, 2.544309389573643, 3.0663461105019416, 2.4012472195363648, 2.5028205352941617, 2.1504606805715687, 2.3820393416318635, 2.5107179270677644, 2.2969886941832027, 2.4824075614230416, 2.12681101247163, 2.1016680753591, 2.333418954826156, 2.1401051312347614, 2.3489851750733552, 2.466240420508156, 2.1847013069698438, 2.121876301284574, 2.3253732415975596, 2.4591666042666467, 2.2902024068618205, 2.512180063094641, 2.6965019953502347, 2.5552153464924316, 2.5904774837312363, 3.8238618957866484, 2.469827957473688, 2.9471440568907123, 2.1127997665972327, 2.3359098427384084, 2.1376203609874964, 4.086189272343186, 3.8854831881473584, 2.176415350114738, 2.198679400641409, 2.141145391184486, 2.447645449394252, 2.695524922245761, 2.122665474291218, 2.703057466192545, 3.6989119933025503, 2.852877776062769, 2.1418678442189334, 2.320051101059393, 2.6540485824299074, 2.4937313130507888, 4.278191682231244, 2.311655250079755, 2.1118860536262543, 2.4367219757812992, 2.4893950158488556, 2.234425407062617, 2.271733581786863, 2.473577822022804, 2.6125670044125515, 2.2977439370735278, 2.76502040894074, 2.122905080239595, 2.514631654309634, 2.7392737626385233, 3.017601963617343, 3.3563291919554272, 2.4959326295391904, 2.566061300577908, 2.868623808538089, 2.3860379889382877, 2.964186951995119, 2.1635647290276454, 2.4061051624888052, 2.3148702359341167, 2.409797464008877, 3.0319428979632086, 2.3277953449335955, 2.4063154539005507, 2.422161079814994, 2.3235536040704754, 2.0855988433661223, 2.214516213969881, 2.2618740409375238, 2.135061881379729, 2.4119500857677014, 2.1489211793210923, 2.3875832891299815, 2.2371260257851158, 2.1939680474704497, 2.1653070203792972, 2.298894365292652, 2.4795185615017408, 2.118312771300576, 3.1328906053982317, 2.087000335001515, 2.200170686166401, 2.9425499060590363, 2.842844838235272, 2.2416304746614903, 2.9591778795525014, 2.543426218175306, 2.478709701213869, 2.58684992410441, 2.2358502637435342, 2.18000749108593, 2.46623427720004, 2.909462319055071, 2.1993216779326348, 4.033663355870855, 2.3961450652033722, 2.716999370989558, 2.29413904387103, 2.1964494393021132, 2.2489700827534125, 2.3623922111147544, 2.913389993085965, 2.1052717620002706, 2.1146058991833514, 2.1782260633269526, 2.7933023022277865, 2.796185634112853, 2.2084583831758122, 2.4472580097062515, 3.222586115832965, 2.312442004795299, 2.5152136542854744, 2.3102775142918928, 2.4515546445710616, 2.277423513763948, 2.4640488942805936, 2.817673549522537, 2.6581380566459427, 2.4496035247449592, 2.351592144051051, 2.4408377563080506, 2.3441332698141077, 2.4605869371030775, 2.285537183846937, 2.608432231914, 2.3730696154584576, 2.1185064937287987, 2.081088015270629, 2.1239945292292264, 2.313066149394555, 2.374768905278909, 2.911698368639442, 2.705218391160976, 2.8042665107971314, 2.1663887363091487, 2.6533620109506666, 1.983668854647553, 2.4732638564546683, 2.136376955424808, 2.5416729374972973, 3.1107486753072138, 2.215740298509828, 2.2949505209641883, 2.4758882828502897, 2.5440929344623346, 2.2825154936387744, 2.7306936082951627, 2.73134065898129, 2.658123655387206, 2.539853851251194, 2.109545458402484, 2.284585377197194, 3.834880116778461, 2.709643734909946, 2.1187124976048084, 3.6293435878340574, 2.0968087407396006, 2.115098597662704, 2.1987630820344655, 2.109870226010811, 2.895923046609974, 2.600515504629029, 2.1003784140317148, 2.288332023399876, 2.5889991148278164, 2.1196311200538354, 2.133968766879911, 2.3196460540004233, 2.1296217738204, 2.1067383675332487, 2.2235488492335715, 2.3477816582492324, 3.7791935118719415, 2.1769752511132117, 2.888936233155203, 2.346903050525811, 3.5033302952175083, 2.425447953140616, 3.6430493082409643, 2.437484829046995, 2.107641010786213, 3.5092798860737804, 2.2841563173275996, 2.103701116000674, 2.389004033243102, 2.3030697739334536, 2.2768734846334393, 2.56650489516731, 2.2730646387699336, 2.132502985326827, 3.846151812789726, 2.1735947543045375, 2.356505973158957, 2.699354040028947, 2.1187145436513655, 2.752934148173992, 2.2201253184565117, 2.282463072465666, 2.315682391603948, 2.1214835356733914, 2.3059587686863097, 2.2847962957196963, 2.118148948028, 2.554270771378555, 2.4867172560884265, 2.3929332931141274, 2.5628193281790494, 2.4977530726878023, 2.569234290954004, 2.4199376561286527, 2.3164212233477417, 2.1228768431225564, 2.4906010945115393, 2.284100878409405, 2.349902607892905, 2.819247097796393, 2.289693463512034, 2.489446152585722, 2.450728161406886, 2.1183582369490797, 2.101377716871184, 3.9666686298149196, 2.5086320709082433, 2.108004716726979, 2.793269684194763, 2.467307716182036, 2.485246165544011, 2.293051673166044, 2.281609152637535, 2.125697438932757, 2.2946214966122622, 2.3053650850910556, 3.0843612789383106, 2.103007744736939, 2.255639691421181, 2.158298761749248, 2.2747725849963665, 2.0941785874809975, 3.500193669224961, 2.173395262438354, 1.9919537044675228, 2.3737662013049206, 2.3475644817557875, 2.284458418941759, 2.275509258954987, 2.2890613966589926, 2.4554854109193274, 2.481226807266247, 2.7191334240157743, 2.3436205588723262, 2.289317775661554, 2.1415385290402114, 2.47523258365174, 2.274060255624533, 2.1687685119417393, 2.5382780594647985, 2.4842657039055793, 2.4347766879618344, 2.2998494466505752, 2.2860179966498566, 2.2107749098143383, 2.2067795944786894, 2.184102306730375, 2.526496423159838, 2.4363266124129974, 2.6135618177522213, 2.1051026076360673, 2.319149263427957, 2.5083413232439336, 2.9459603147420106, 3.1891687427195112, 2.1044465126661627, 2.1260381843106306, 2.138248623522091, 2.2965238709132354, 2.111306937556588, 2.2818323577762696, 2.607192517504626, 2.42586573607645, 2.4744523496573003, 2.482493968676466, 2.2386384913114363, 2.301225964113705, 2.240876642005406, 2.1263699177804525, 2.0838111407043516, 2.2919149211333316, 3.0093934554490605, 2.386694590181025, 2.1781760943086454, 2.246546434956193, 2.1840445536480275, 2.5696695975568016, 2.7968019462957403, 2.636121176902615, 3.858438971986148, 3.8266865888584083, 2.08107695731602, 2.346112724488224, 2.6262915003899727, 2.12997522225964, 3.9341314932086977, 3.4435995741463876, 2.1427999871142602, 2.20220004131381, 2.220714777177662, 2.2893851467009005, 2.7441862880823598, 2.455074754953113, 2.7056213526602564, 2.471651029851638, 2.1105038144685877, 2.647578880397019, 2.383227267230568, 2.099551113482605, 2.4014554562097126, 2.1250896575375124, 2.118047781329762, 2.29065309081474, 2.3202437813776773, 2.7722795725629403, 2.473871888983916, 2.355055335058635, 2.237928512022314, 2.168524501162535, 2.279636328178904, 2.283301425800939, 2.2046950043873257, 2.62466482156448, 2.0896636621239453, 2.268241058839529, 2.5486873268544445, 3.56089413111389, 2.1400502475699614, 2.353588719188767, 2.1459420861614973, 2.4416334326229614, 2.30460273236253, 2.402590157027423, 2.334191542955912, 2.5147686439150743, 2.6971371677726084, 2.5520630325186477, 2.428310733674491, 2.2294657061979626, 2.2610793552666353, 3.8074490328840107, 2.310340248741146, 2.0956914591155624, 2.7717012668124514, 2.304523356264391, 4.4366745837736, 2.1066089467861224, 2.299921626384866, 2.2701793653018827, 2.350019814730269, 2.533124617813555, 2.517991723708439, 2.4508679462257095, 2.3290123171600436, 2.109622447639612, 3.156888390374988, 2.8358555538178423, 2.1570700406192085, 2.2691726396874037, 3.3537156477806063, 2.462879208415298, 2.138275654077802, 2.115183364977815, 2.2859102960405933, 2.576311591123363, 2.4727781290052557, 2.115987320956084, 2.3132189198809674, 2.151955511458179, 2.518408154031137, 2.3478962952071223, 2.3415169871460524, 2.365636975065964, 2.1223951687341116, 2.2240619472451484, 3.362353866068021, 2.6144806643585627, 3.304924372830584, 2.258358527295807, 2.3034748209924234, 2.1156408487152287, 2.142281085801021, 2.1313021819811517, 2.142759018240599, 2.105792303251822, 2.5603755057533535, 2.2953554188780076, 2.502042330414428, 2.0900957449070705, 2.109721146677713, 2.1113511797119133, 3.858700827253073, 2.35179953209831, 2.201238833579621, 2.631279602342068, 2.470658276428529, 4.093958906834787, 2.4065248431848714, 2.112966448132855, 2.449540045617242, 2.3195040896739707, 2.1437673602568608, 2.263633347009934, 3.397334754669092, 2.1245293930057736, 2.5329104481096834, 2.5429035160568256, 2.2753523963754603, 2.5076352371554265, 2.1772217039094235, 2.165487545435823, 3.1692500728152275, 2.464059556463848, 2.1520431798104123, 2.153011414339441, 2.100507423502152, 2.8048762248747043, 2.7027961417319175, 2.254610703236772, 2.268528094875841, 3.5547711020996084, 2.606281733458025, 2.0981963058204487, 2.576249481771224, 2.295533163536684, 2.4740022872586622, 2.27843797698803, 2.5758714379992242, 2.572994644144952, 2.2391729217109986]"
-1.0,5000,0.6102741653183658,0.6102741653183658,0.003449678421020508,0.3124863025558063,"[2, 3, 3, 1, 3, 2, 1, 2, 3, 5, 3, 4, 3, 2, 2, 3, 2, 2, 3, 2, 3, 4, 2, 3, 2, 1, 3, 2, 2, 4, 3, 2, 2, 4, 3, 1, 2, 3, 3, 2, 3, 3, 2, 1, 3, 3, 5, 3, 3, 3, 4, 2, 3, 2, 3, 4, 2, 2, 3, 1, 1, 1, 3, 1, 1, 4, 3, 4, 4, 1, 2, 2, 2, 1, 2, 2, 3, 2, 1, 3, 3, 4, 1, 1, 3, 2, 2, 2, 3, 3, 2, 4, 3, 3, 2, 4, 2, 1, 1, 2, 2, 3, 1, 3, 2, 2, 2, 2, 2, 2, 3, 3, 3, 1, 3, 4, 1, 2, 3, 3, 2, 4, 4, 3, 2, 1, 2, 4, 3, 2, 2, 5, 3, 3, 4, 3, 2, 2, 3, 3, 3, 2, 3, 4, 4, 3, 4, 2, 3, 1, 2, 3, 3, 2, 3, 3, 3, 2, 3, 2, 3, 3, 2, 3, 2, 5, 2, 3, 2, 4, 3, 4, 3, 2, 2, 3, 3, 2, 4, 3, 2, 3, 4, 1, 2, 5, 2, 1, 4, 2, 2, 3, 2, 4, 2, 1, 2, 1, 4, 2, 5, 2, 4, 1, 2, 2, 5, 2, 3, 5, 3, 2, 4, 2, 2, 4, 2, 3, 3, 2, 2, 2, 3, 4, 2, 5, 2, 3, 1, 3, 3, 3, 2, 3, 1, 2, 3, 3, 2, 1, 1, 1, 5, 1, 1, 2, 2, 2, 3, 1, 3, 4, 3, 2, 4, 3, 2, 3, 3, 2, 2, 3, 2, 2, 2, 3, 2, 5, 2, 3, 2, 2, 3, 2, 3, 3, 2, 2, 4, 3, 3, 3, 2, 4, 2, 1, 2, 3, 3, 2, 2, 3, 2, 4, 2, 1, 3, 2, 1, 2, 3, 3, 2, 2, 3, 3, 2, 5, 2, 2, 3, 2, 3, 2, 2, 4, 1, 3, 2, 2, 5, 3, 2, 3, 1, 2, 2, 3, 2, 3, 4, 3, 3, 3, 2, 3, 2, 2, 1, 4, 3, 2, 3, 3, 2, 2, 2, 2, 2, 3, 2, 1, 3, 3, 3, 2, 2, 3, 3, 3, 2, 3, 2, 1, 4, 4, 2, 2, 2, 3, 3, 1, 3, 4, 2, 2, 2, 2, 3, 3, 2, 5, 2, 3, 2, 4, 2, 3, 2, 3, 2, 3, 3, 2, 2, 3, 4, 2, 3, 3, 5, 2, 3, 3, 2, 2, 2, 2, 4, 2, 3, 2, 2, 2, 2, 2, 2, 5, 1, 3, 2, 2, 3, 3, 1, 2, 3, 1, 2, 3, 3, 3, 2, 3, 3, 3, 3, 3, 3, 2, 2, 4, 4, 3, 1, 3, 2, 3, 3, 2, 2, 3, 1, 2, 2, 3, 2, 2, 3, 2, 4, 1, 2, 2, 2, 3, 1, 3, 2, 1, 3, 3, 2, 3, 2, 1, 2, 1, 2, 3, 3, 2, 4, 2, 2, 4, 3, 2, 1, 3, 2, 2, 3, 3, 3, 4, 2, 3, 3, 2, 3, 1, 3, 3, 3, 2, 3, 2, 3, 2, 2, 3, 4, 2, 2, 2, 2, 3, 3, 2, 4, 2, 3, 2, 3, 2, 4, 4, 2, 2, 3, 3, 4, 2, 3, 4, 3, 2, 2, 1, 2, 1, 3, 2, 3, 2, 2, 1, 2, 3, 3, 3, 4, 2, 3, 3, 3, 3, 3, 2, 2, 2, 3, 3, 2, 1, 1, 3, 1, 3, 2, 2, 4, 2, 3, 3, 2, 4, 3, 4, 3, 3, 2, 2, 2, 5, 4, 2, 2, 2, 1, 2, 2, 2, 3, 4, 3, 3, 2, 2, 2, 2, 2, 1, 2, 2, 2, 2, 3, 3, 3, 2, 2, 3, 3, 3, 2, 4, 3, 3, 3, 3, 2, 1, 2, 4, 2, 2, 2, 3, 2, 2, 2, 2, 4, 1, 2, 2, 1, 2, 2, 1, 2, 3, 1, 1, 2, 4, 2, 3, 1, 1, 2, 2, 3, 3, 4, 2, 5, 3, 3, 2, 3, 3, 1, 3, 2, 2, 4, 4, 4, 3, 3, 3, 3, 3, 3, 3, 3, 3, 3, 2, 2, 4, 3, 3, 2, 2, 3, 4, 2, 2, 2, 2, 2, 3, 2, 3, 1, 1, 2, 5, 1, 3, 4, 2, 2, 3, 3, 4, 3, 4, 3, 3, 3, 3, 5, 2, 2, 4, 1, 2, 2, 1, 2, 2, 3, 3, 3, 3, 3, 3, 2, 3, 3, 2, 3, 1, 4, 2, 4, 2, 1, 3, 1, 4, 3, 2, 2, 3, 4, 4, 2, 3, 4, 1, 2, 2, 3, 4, 2, 2, 3, 2, 2, 3, 2, 2, 3, 2, 2, 2, 4, 3, 2, 3, 3, 4, 1, 3, 3, 3, 3, 2, 2, 4, 3, 1, 2, 4, 2, 1, 2, 3, 1, 3, 2, 2, 1, 2, 4, 1, 4, 2, 2, 3, 2, 3, 3, 2, 3, 2, 3, 4, 2, 2, 2, 3, 2, 1, 4, 4, 1, 3, 2, 2, 2, 3, 3, 3, 3, 2, 2, 4, 3, 2, 2, 3, 2, 1, 3, 3, 2, 2, 3, 3, 2, 4, 2, 2, 2, 3, 2, 3, 2, 2, 2, 3, 2, 2, 4, 2, 3, 2, 1, 3, 5, 2, 3, 3, 2, 4, 3, 4, 2, 2, 2, 3, 2, 2, 3, 1, 2, 2, 3, 2, 1, 3, 2, 1, 2, 2, 3, 1, 2, 3, 3, 2, 3, 2, 2, 2, 2, 2, 2, 4, 3, 3, 3, 2, 3, 3, 2, 2, 3, 5, 2, 2, 3, 2, 2, 2, 2, 3, 2, 5, 3, 3, 2, 4, 4, 2, 2, 2, 3, 2, 2, 3, 2, 3, 2, 1, 3, 1, 2, 4, 2, 3, 2, 3, 2, 2, 3, 3, 2, 2, 2, 3, 1, 1, 2, 3, 3, 1, 3, 3, 3, 2, 2, 3, 3, 3, 3, 3, 1, 3, 2, 3, 4, 3, 1, 4, 3, 2, 1, 2, 4, 3, 2, 2, 4, 3, 2, 2, 3, 2, 3, 3, 2, 2]","[2.5024484483967635, 2.411719679645395, 2.361526459433909, 2.286060252740593, 2.047957492809811, 2.4886523382303416, 2.120049723179398, 2.0593905824240193, 2.2158210058181216, 3.0216758428903443, 2.2789212748201386, 3.4524511901803394, 2.754873977507303, 2.6821226926859936, 2.3632270504796806, 2.2338716424690346, 2.1368741659679995, 2.504385676500213, 2.138801625450463, 2.091412443782723, 2.11485180625514, 3.052618528054123, 2.2777449711981856, 2.3811814634544928, 2.34608550284719, 2.139058005228513, 2.668864609656718, 2.114220772146427, 2.8815232560249098, 2.4200284659843447, 2.297776159608985, 2.2066097929990383, 2.2102921011251664, 3.0693096169866805, 2.645968115605762, 2.5824649918993705, 2.264274215686129, 2.7361954500928656, 2.5478554710655663, 2.3010116448420104, 3.4139587719656284, 2.4013313995064323, 2.172375194667631, 2.351070461448738, 2.4122434240190835, 3.116625885090543, 2.779394481648106, 2.9898742857050333, 2.752816097172322, 2.3078974735277256, 4.043473869154175, 2.705577480922429, 2.3778953495423014, 2.481783358057449, 2.5371818063184732, 4.13880987993441, 2.3829407528210393, 2.2811613700751168, 2.2750073331724954, 2.0151526586756945, 2.1965362810722686, 2.724635246727232, 2.5810750429295, 2.1362913169761732, 2.986499583427509, 3.1017862521023067, 2.2581068064569547, 3.6807476330554216, 2.6004670647904415, 2.0855373812788796, 2.1857931715767704, 2.2662147787104305, 2.42709337034825, 2.335947292785487, 2.209214014936171, 2.3025310205476037, 2.185613491502881, 2.0678617207379753, 2.1078543905502634, 2.239915782366815, 2.2219716755824193, 2.335253776263567, 2.2415102395465656, 2.241233570721332, 2.5702401683302845, 2.716684860857161, 2.171203445329155, 2.109527546641041, 2.4274691788358593, 2.3596132713656592, 2.6765608486023296, 3.6977657248255573, 2.6379075394326112, 2.495635884173103, 2.308126690412178, 2.9826865292673594, 2.3765599326938287, 2.147027450739378, 2.1204709104981063, 2.342548235052964, 2.04473614545467, 2.3524249773131283, 2.0356867692959746, 2.346677856851333, 2.677570228699725, 2.6060636140102162, 2.453662550276301, 2.1088736859840713, 3.526323725110311, 2.1473682145091244, 3.2715640640222, 2.671289758281847, 2.526140272542381, 2.474767059791272, 2.4066258690317985, 3.7210649260760276, 2.1620964298318697, 2.3735211379323373, 2.2859848651325736, 2.5733251109437463, 2.0850527497200115, 3.086870542033148, 2.658561917015734, 2.639182552473076, 2.1525310635737633, 2.159238901981911, 2.1259542013737502, 2.79187916238679, 2.1714558838605993, 2.0416743437887472, 2.043462546629176, 3.2119799432594354, 2.226356541661689, 2.251970357929239, 2.4949572716167308, 2.0759489428295583, 2.2754718488180448, 3.3446167656520718, 2.1559561411584074, 2.170054865453335, 2.4614418494103383, 2.3074621812426908, 2.3770785941489763, 2.216019060595407, 2.6781476346265465, 2.3027613327953387, 2.183468846992609, 2.243135668894815, 2.3187474921852376, 2.2626550160333037, 2.276486128043371, 2.5477473118777576, 3.6850041536402443, 2.519148390214009, 2.9683111767204613, 2.3753378935036094, 2.5213008577548828, 2.8321539674419336, 2.6676238963474965, 2.3503919198220173, 3.624161339582159, 2.3581916519783155, 2.170183190808744, 2.4677618051363472, 2.208412136457701, 3.155148658217291, 2.6746008431853463, 2.147680850281639, 2.1339059705879473, 2.428643320032646, 2.55965079508451, 3.524932214799187, 2.7372144832099377, 2.13665006421956, 2.461566141595921, 2.314644503945765, 2.493892464976402, 2.555312634590819, 2.874810568049026, 2.1077066046562924, 2.0628620831384676, 2.8570624139750382, 3.0347599131348564, 2.4231040642343435, 2.4286722271109187, 4.096362925714767, 2.711295282691193, 2.5047913722317867, 2.8737885943555064, 2.1716195631264172, 2.062957765810703, 2.8780569073036606, 2.5873494638755146, 2.7572979618802114, 2.0618925908335517, 2.739822739865649, 2.261879647003729, 2.5871672443704976, 3.577068538945343, 2.8356137426264585, 4.133346141846022, 2.2509597676215822, 4.30557702928221, 2.321160181094045, 2.725341241998297, 2.161802444693127, 3.4014767823222796, 2.3329905856756175, 2.193612909469813, 3.118280006737814, 2.3402300470050377, 2.255532850973764, 2.651096175214682, 2.2154468172418813, 3.143244906391256, 3.7608684435323614, 2.1180577076377136, 2.4978079086281646, 2.27972079889406, 2.5160754806931602, 2.749042324215473, 2.173701034921594, 2.19228121019102, 3.071711572930748, 2.7071595159278634, 3.77894406078663, 2.190516063086027, 2.0920469376219266, 2.1431222702712, 2.58398761328698, 2.115640544334586, 2.265213967462507, 2.1733190396127777, 2.8144803174642776, 2.496614664251835, 2.4216187285454427, 2.2925937574136177, 2.8220526268447546, 2.0594265493712998, 2.1881242610918794, 3.225431013355139, 2.1901291878454083, 3.3080012373926135, 2.2217963727980328, 2.447702192050335, 2.0356766247723828, 2.0181609710354054, 2.4405015739966895, 3.515354466293038, 2.3572565113490245, 2.2997811220144215, 2.5468395760924967, 2.3062307830055295, 2.3693208076694785, 3.474556369306917, 3.312960000844347, 2.3642720963644153, 2.2117681293077895, 2.3902721007871337, 2.1563282607283467, 2.357063330168176, 2.31180862534536, 2.18652050413494, 2.3527398334470835, 2.3394871912092845, 2.65696556752901, 2.3263381233704017, 4.316190140750702, 2.2908371657861415, 2.3004974194700307, 2.5096444115421597, 2.059129591498882, 2.5793176444559176, 2.1399106063249427, 2.6840785280126656, 2.3949818208085243, 2.192806419844256, 2.178613655377482, 3.1830855550650923, 2.1562987493869885, 2.425194961092436, 2.23250890723934, 2.134046149459399, 2.3892406440473297, 3.817757356388422, 4.072662340389684, 2.2937334102795215, 2.5011650967119765, 2.6869831025842568, 2.2161179314730672, 2.3535607028407135, 2.4566298391886283, 2.3862631299119577, 3.2133261952473084, 2.113832052446973, 2.3112218225967767, 2.1837055719720486, 2.492043394994422, 2.1181978865091655, 2.525312195737617, 2.286945131866633, 2.148298743991328, 2.223982475294205, 2.136881543803339, 2.7774929985270673, 2.406588578070388, 3.3266364135164945, 4.442137280091991, 2.354378174007177, 2.6221062865045783, 3.246202973953018, 2.3396194075570182, 2.0186995530151943, 2.134823588858307, 2.1369673111391614, 3.4088358300150734, 2.7526135932051417, 2.084115303517177, 2.1751925090767847, 2.4509452012977944, 3.8919365919296913, 2.2783769374989755, 2.166025588264901, 2.3262917239186858, 2.1173632688863764, 2.1844164349786857, 2.114130393663517, 2.1984490805349033, 2.0094449808111174, 2.448570921662578, 3.205432555770674, 2.4537227535344024, 2.4446609013964657, 2.309583308902818, 2.672010313587362, 3.0051592828327633, 2.014510325886443, 2.365251344050976, 2.3590027091826564, 2.5917385821311325, 2.127353906479595, 2.0624565341223207, 2.354116223837683, 2.290550097024556, 2.2661445821568136, 2.4748343825387455, 2.3197029891640697, 3.1285590753779435, 2.430356218027176, 2.539652974109816, 2.5549592301514266, 2.742536853475411, 2.2608356833031795, 2.5244193924494254, 2.4038967141673893, 2.2260432953186893, 2.140115802370324, 2.302456732248494, 2.0397736289593897, 2.5448091119629153, 2.105041753304171, 2.385043219752121, 2.2597253851005474, 2.516810999755491, 3.3811140978324774, 2.6574556368135327, 2.2539719908638327, 2.322752619698229, 2.27503800589311, 2.2559340339494507, 2.170765098375024, 2.1128890728676337, 2.2821478840267195, 2.2576669030248326, 2.0855604370143155, 2.2617108790203364, 2.211392673581029, 2.297260735032514, 2.2850734441221685, 2.69914037147834, 2.1368391212501363, 4.295363196408276, 2.44437608045787, 2.4204014417677278, 2.51035342306051, 3.436447219914333, 3.178888499485284, 2.223387604408394, 2.3826075373108377, 2.2300579094286106, 2.4344168073915347, 2.8132423979486942, 2.6597296154071173, 2.137799623188407, 2.389550456267982, 2.6255529755135405, 3.7324614306362403, 3.679368504977604, 2.241177882959467, 2.786757598392184, 2.741386862043865, 2.045449028794356, 2.9634877555258634, 2.576893286010257, 2.129648266554776, 2.3874237489478367, 2.085308207268644, 2.1764607404373293, 2.9368632089212077, 2.554614440211752, 2.1172240122443418, 2.1624805383842363, 2.665916053218933, 2.9082623476841065, 2.2264495209212956, 2.0897759476814644, 2.6336973591552284, 3.961301676047776, 2.0227255455370576, 2.680874782747859, 2.5970181427772734, 2.3098015013721467, 2.292091718342797, 2.432488524070854, 2.012610533286503, 2.3217163514487393, 3.780801420712954, 3.7839073244545465, 2.160686255840491, 2.605781195860639, 2.1340129492003714, 2.062520629066833, 2.3861511186352735, 2.200318565878087, 2.4559243179225887, 2.3690983284150042, 2.226402653132561, 2.207680262202855, 2.0384529964336062, 2.215145794549188, 2.184470830058536, 2.2686822561608277, 2.8731799678549224, 2.650586677852342, 2.208091576523036, 2.3966559148904123, 2.2405427356755614, 2.090937956747447, 2.641569771242956, 2.107637898564693, 2.5709885169620974, 2.6225165483356947, 2.274362645978695, 2.339171665174848, 2.5436296532399525, 4.015553187896963, 2.7948112575012303, 2.20985012130668, 2.253670421844328, 2.1434095447347348, 3.1101019392698657, 2.2357923352229756, 2.6953076297805936, 2.372159061479557, 2.016976367348695, 2.5385199043395783, 2.114195122856603, 2.5692765080394624, 2.01762469462916, 2.621470763318067, 2.5838023045040694, 2.6650676721416238, 2.5887633860543153, 2.3522440758654537, 2.231313312585396, 3.686582075337872, 2.0841623344771167, 2.078792637238255, 2.3509789023904433, 3.1291865264964165, 2.286963576454982, 2.4213972203513907, 4.152997815508819, 2.3221753337177837, 2.698606469113182, 2.5901882716061873, 2.2041637882550336, 3.906353469611945, 2.150494476583418, 2.16152323836682, 2.2002879103424413, 2.04251126698508, 3.3521684412368336, 2.5255541957475933, 2.553868694848162, 2.4189926472099517, 2.1678877755041484, 3.6777181805344803, 2.665724571548243, 2.1741534049066304, 2.320830766101364, 2.5733740920011705, 2.2321399083544704, 2.648030429754662, 2.630484620272235, 2.0946637635939314, 2.263040465055579, 2.2161201299287203, 2.4880174693683386, 2.364942397196131, 2.3088210862892984, 2.912077442789572, 3.8416062685418315, 2.316927184449063, 2.2210330191693233, 2.1799983828477782, 2.1088105132689763, 2.514600828125575, 2.7873745043928135, 2.147868938799285, 2.511149267450231, 2.972965778641413, 2.1460927316272604, 2.2466885577255287, 2.832980277270878, 2.0721874378205083, 3.631920921503766, 3.7015853467436854, 2.5009608923464217, 2.2853697353707867, 2.420775176609323, 2.672358710261734, 2.9785515288202298, 2.3077395107349368, 2.631403575578067, 3.3419519697895073, 2.253664888467823, 2.0887776343370783, 2.134138372401144, 2.0183823060955928, 2.098566177373857, 2.249850792546136, 2.188414763358375, 2.099760195684735, 2.3740055111452376, 2.294320435722165, 2.286835863442359, 2.083300052712154, 2.012105151565742, 2.3396811309120134, 2.1422673636012273, 2.134458154081469, 3.45217598930762, 1.9374361427533993, 2.6310901129086517, 2.6633365474366375, 3.0225991462665127, 2.548085652517322, 2.5773769953397077, 2.165335067618413, 2.6412545599512756, 2.5367143027138876, 2.3435344538014133, 2.4308371606683745, 2.143552951409148, 2.0775838428552906, 2.3408791069252763, 2.148542212557534, 2.2526490268823993, 2.4479161387761907, 2.1478196538415695, 2.095408002733811, 2.5264525324122893, 2.4684078268432685, 2.328081136969376, 2.673475530086262, 2.731851136032999, 2.688192168710284, 2.6526096100855003, 3.6649221570559085, 2.5732871670991058, 3.059500631633928, 2.1151480738256696, 2.414674502698894, 2.2401956015119957, 3.934772641751394, 3.781583860215176, 2.1948011624766575, 2.2942566056167397, 2.241518539611323, 2.394644516769268, 2.8654922185161564, 2.075224086963224, 2.6565797216356994, 3.6080299780828753, 3.0304643512011964, 2.241789675060052, 2.362429783148298, 2.7718563026927576, 2.4813799058290726, 4.24577089387436, 2.3129858743384872, 2.0916586790371814, 2.4885387012432547, 2.4571065797149014, 2.2928305972400365, 2.228563897772347, 2.5464977702724325, 2.6835973968544873, 2.2614720216012176, 2.7061994454694256, 2.1087005360407707, 2.651249128484967, 2.8139216199146437, 3.173622020414949, 3.370973353546383, 2.4385794854136114, 2.7221763280310336, 2.7783931083719224, 2.481994687929407, 3.0855704472813303, 2.14977290457336, 2.4848399345965038, 2.476217811877018, 2.44846858061568, 3.134249032910728, 2.504215064057985, 2.4805483132405035, 2.406815665924458, 2.3868907466280658, 2.012353692393744, 2.4844942903334832, 2.285318322450939, 2.192942448683329, 2.621541860195313, 2.2675832600480303, 2.334639283490704, 2.197837085665577, 2.138768137210591, 2.19063222439509, 2.377636174423989, 2.522338842883666, 2.117217095523711, 3.0461387537272464, 2.0360261497215952, 2.5182819145744015, 2.772227023156878, 2.9437218248025183, 2.199976452212104, 2.915180523631844, 2.6176615482331282, 2.4063028799499193, 2.806578070076968, 2.22050477404312, 2.248529765615704, 2.447913833202647, 3.2252695269673386, 2.216304304287145, 3.7752314587757008, 2.4077925024842095, 2.6119188732879666, 2.260119111045823, 2.1947462666845627, 2.2953169143775174, 2.280878850257658, 3.1930027797835914, 2.0428833865550198, 2.1158259124474927, 2.355142256841225, 2.564452672224529, 2.7056689612617406, 2.1298137643973223, 2.417645591081218, 3.2705367861393553, 2.290134662306872, 2.5091675431475644, 2.266175852744904, 2.3498186717673213, 2.2306993199884446, 2.4933866221409327, 2.96369153308199, 2.536036751090042, 2.418525859060171, 2.5202674461616708, 2.5136786809870233, 2.487200180894681, 2.4689408754465525, 2.2568908469700513, 2.629895982491144, 2.327026495657764, 2.070996839642585, 2.0338072657432185, 2.0696353602377187, 2.49868722092981, 2.4278238124279654, 2.742909838714675, 2.5360713543654128, 2.943587629305851, 2.234967328281978, 2.6538795375848707, 2.0663316726840213, 2.4968449824563574, 2.2397289534267677, 2.691665639979589, 3.0948107827402347, 2.195898575885883, 2.2290238286892476, 2.4283904860238885, 2.5431523698213034, 2.2789032913464986, 2.7196534255140854, 2.7817948903772054, 2.6894302253221083, 2.6848108709480045, 2.0213408180667614, 2.3028265950758953, 3.7616431966592394, 2.660000950751624, 2.0942206323588484, 3.468712091464884, 2.0397072284413333, 2.046571381995389, 2.2597212350681692, 2.137195101805271, 2.838098375259872, 2.6098658867032776, 2.0179004412249766, 2.261861434879241, 2.8071666411551366, 2.187151309056473, 2.135999199438022, 2.339131289849221, 2.2371937447582066, 2.136019720412735, 2.245122071864924, 2.4725444174448157, 3.3935469074642617, 2.086097808783843, 2.9487213785836452, 2.3983201445842544, 3.5054411763280253, 2.370561876865616, 3.4738558260406927, 2.3676847726829284, 2.0566789960091967, 3.484527568302466, 2.248119261418311, 2.134879844852771, 2.3120260066487903, 2.286617279308731, 2.207346415153739, 2.5208434055453908, 2.1364775221063947, 2.2382750587501627, 4.005578771597444, 2.1705961176602306, 2.498965118436658, 2.6340300489887136, 2.1173678800334637, 2.793966868384491, 2.5644901583313437, 2.2557371379688256, 2.33764373379888, 2.1415535580321237, 2.2645550345437417, 2.3260522322509933, 2.1403020927126484, 2.543550965259634, 2.4582674505433846, 2.313500651487287, 2.47975533650728, 2.4984620885980937, 2.5265208289900887, 2.2507747754112817, 2.384213975743927, 2.072637024661514, 2.457058660106048, 2.2563518038755537, 2.3429128684337046, 2.9082496370074318, 2.3693508725599584, 2.456625212279848, 2.395801453573455, 2.047794719317632, 2.1340078769385755, 3.754995715254071, 2.512785004493278, 2.0207625802220224, 2.7766287333113806, 2.4714631729032694, 2.617074322551234, 2.329150461978905, 2.255416663246263, 2.0968420694779404, 2.2834466545715495, 2.2431724432245344, 3.05057169726918, 2.0883266641519467, 2.2386206138303133, 2.0825096829052736, 2.2609251263775745, 2.015573656404759, 3.2689809280759423, 2.256288252517503, 2.277759281515849, 2.644321732765407, 2.3754218988523497, 2.2564859882557924, 2.2299809032722537, 2.235066998509472, 2.43079423418649, 2.5692729043338955, 2.6543596538655, 2.663194854617938, 2.258309696928793, 2.1748930328994227, 2.4744373627745344, 2.252583574475867, 2.2674582748202097, 2.752709505064556, 2.4778274781130682, 2.53193576777095, 2.3548481351074693, 2.3033642548262665, 2.145075725311217, 2.3177766863049394, 2.313721030519555, 2.748287876122608, 2.3441036160674042, 2.6971080204265623, 2.158552302180622, 2.362091324952095, 2.556302458280804, 3.0625292100919244, 3.341544769724321, 2.0194271920255598, 2.143262910257361, 2.1478454682326533, 2.3304535721457573, 2.184027256904873, 2.2786469115684485, 2.55999128029974, 2.482246837669712, 2.407371491515804, 2.5466019881533914, 2.1650181861626696, 2.2627788206857393, 2.2876780783430055, 2.2128268486790184, 2.011682770492552, 2.307564057958442, 3.1232990078784058, 2.626027256285396, 2.4014164631432715, 2.1265252833480193, 2.181336825713337, 2.812682484202458, 2.8971596194768634, 2.8668684733241627, 3.685020359613933, 3.6659822597712637, 2.0338031157108403, 2.4950645491155674, 2.5386047905479003, 2.191033433789215, 3.8141590124045033, 3.1137696456630506, 2.265285986569171, 2.144523979790648, 2.2182455807550907, 2.50575021860678, 2.9107867530849796, 2.4205792028581157, 2.7811177213819, 2.542532650848908, 2.0217004875395657, 2.569740389436438, 2.4255903947437796, 2.040736436471204, 2.3418321821972023, 2.1429069297022263, 2.232850044202033, 2.2376510557022815, 2.2453352635384403, 2.565944097072627, 2.621097807610618, 2.4752742165204578, 2.268026551045023, 2.1094938660711753, 2.300969225029158, 2.302344730205279, 2.2312273392041506, 2.724421439494493, 2.060172171855305, 2.2558074665543906, 2.495162548018091, 3.666834198310583, 2.1948145744007457, 2.521016757563346, 2.2433187314341785, 2.6124198975771606, 2.310339075910415, 2.4097107759933523, 2.3200092751621693, 2.4184013092578107, 2.7513143058357623, 2.567855581218269, 2.4858308299716825, 2.3372621891660246, 2.392447423842194, 3.543030037321376, 2.323232961002412, 2.029047868906956, 2.7975373025230343, 2.3637237278845853, 4.289578051272634, 2.159117628813517, 2.329562914536586, 2.2781952516177606, 2.376843940293199, 2.5682699771020725, 2.543899240183052, 2.506754095180545, 2.370748565365359, 2.1139556311889107, 3.402687725036944, 2.8177960224344134, 2.1807219839323944, 2.2507492601645653, 3.129198180364234, 2.4929476409382283, 2.147855612756245, 2.1854820738108947, 2.1412984763860967, 2.7852226392320665, 2.4503697301413077, 2.162637317385202, 2.406158636258192, 2.1917089436957378, 2.6063734830944782, 2.25030537983393, 2.40920519799697, 2.525538448397087, 2.075122641727305, 2.2643085898345645, 3.3003221295904543, 2.474793676418302, 3.0529428008952015, 2.2058056089470246, 2.3099157726078072, 2.0236284081367377, 2.218798284156985, 2.1220920002243338, 2.185591126069333, 2.066225224636716, 2.5729619358677946, 2.2605756146074594, 2.500071840046247, 2.0140413722276715, 2.160285632370713, 2.0451649821337825, 3.7020930443441236, 2.4910267298395734, 2.2006962452429697, 2.737644560488518, 2.472720632713958, 4.099713931515162, 2.506657781879892, 2.207796548321556, 2.395355555650119, 2.3076781824786763, 2.173063120949436, 2.2082340944159213, 3.400179637994631, 2.0732572239447467, 2.727548569456946, 2.546679376958576, 2.2762149925946416, 2.4995044601687444, 2.270630744016226, 2.1531609231241227, 3.0505065911303775, 2.3082187852676026, 2.1325424516539027, 2.173111269209137, 2.017948858269393, 2.806348663417151, 2.8682210953623812, 2.158106097080314, 2.3777351085772738, 3.5197878545234547, 2.6164850364248378, 2.0865209389525865, 2.528653059724079, 2.283788801685422, 2.427682674945998, 2.2542265261830483, 2.6108570541398533, 2.5340713070675984, 2.227839281055852]"
0.1,6000,5046317.0515458565,5046317.0515458565,0.03187894821166992,688.8027111689461,"[3, 4, 3, 2, 2, 2, 5, 3, 3, 3, 5, 4, 4, 1, 3, 3, 3, 3, 5, 3, 3, 2, 2, 3, 3, 2, 3, 3, 2, 3, 2, 1, 1, 3, 1, 2, 4, 4, 4, 1, 3, 2, 4, 3, 5, 2, 1, 2, 5, 3, 2, 3, 5, 3, 3, 3, 3, 3, 1, 2, 3, 3, 4, 3, 2, 5, 3, 2, 3, 2, 3, 4, 2, 4, 2, 1, 3, 2, 3, 2, 2, 3, 1, 3, 3, 3, 3, 3, 2, 1, 2, 3, 5, 3, 3, 3, 3, 3, 4, 2, 2, 3, 1, 3, 1, 2, 4, 4, 3, 2, 2, 2, 2, 2, 1, 3, 2, 2, 3, 2, 2, 3, 2, 3, 2, 3, 2, 2, 2, 2, 2, 1, 3, 1, 3, 2, 4, 2, 2, 2, 1, 3, 3, 3, 1, 3, 4, 1, 2, 3, 3, 2, 4, 3, 2, 2, 1, 2, 3, 3, 2, 2, 4, 4, 2, 3, 3, 4, 3, 2, 4, 2, 3, 3, 3, 1, 3, 2, 3, 3, 4, 4, 3, 4, 2, 3, 1, 3, 2, 3, 3, 3, 2, 3, 3, 3, 2, 3, 3, 3, 4, 2, 3, 4, 2, 5, 2, 2, 2, 4, 3, 4, 3, 2, 2, 2, 3, 2, 1, 2, 3, 2, 3, 4, 1, 3, 2, 5, 3, 1, 4, 4, 2, 2, 3, 3, 4, 2, 2, 2, 2, 1, 4, 4, 2, 5, 2, 4, 1, 2, 2, 5, 2, 3, 4, 5, 3, 2, 4, 4, 2, 3, 2, 1, 4, 3, 3, 2, 3, 2, 3, 2, 3, 3, 4, 2, 5, 2, 3, 1, 3, 3, 3, 2, 3, 1, 2, 2, 3, 2, 1, 1, 1, 3, 1, 5, 2, 2, 2, 3, 3, 3, 4, 2, 4, 2, 4, 4, 2, 3, 3, 3, 3, 4, 2, 2, 2, 3, 2, 2, 2, 3, 2, 5, 2, 3, 3, 2, 2, 3, 2, 3, 3, 2, 2, 2, 4, 3, 3, 3, 4, 2, 4, 3, 1, 2, 2, 4, 2, 2, 2, 3, 3, 2, 4, 2, 1, 3, 2, 1, 2, 4, 3, 1, 3, 2, 2, 3, 3, 2, 3, 5, 2, 2, 2, 3, 2, 3, 2, 2, 4, 1, 3, 3, 2, 2, 3, 3, 2, 3, 1, 5, 2, 2, 2, 3, 4, 3, 3, 3, 2, 3, 2, 3, 2, 4, 3, 2, 3, 3, 3, 2, 2, 2, 2, 2, 2, 3, 2, 1, 3, 3, 3, 3, 3, 2, 2, 3, 3, 2, 5, 3, 3, 3, 2, 3, 4, 1, 2, 4, 4, 3, 2, 2, 3, 2, 3, 2, 1, 3, 4, 2, 2, 2, 2, 3, 3, 1, 2, 2, 2, 3, 2, 3, 4, 2, 4, 2, 3, 2, 3, 2, 3, 2, 2, 4, 3, 4, 2, 3, 3, 5, 2, 2, 3, 3, 2, 2, 2, 2, 4, 4, 2, 3, 4, 4, 2, 2, 2, 2, 2, 2, 2, 5, 2, 1, 3, 1, 2, 2, 3, 3, 1, 1, 2, 2, 3, 1, 2, 2, 3, 2, 3, 3, 2, 3, 2, 3, 3, 3, 3, 3, 2, 3, 5, 4, 4, 3, 1, 1, 3, 2, 3, 3, 2, 4, 2, 3, 1, 2, 2, 2, 3, 2, 2, 3, 2, 4, 1, 2, 2, 2, 3, 1, 3, 2, 1, 3, 3, 2, 3, 2, 1, 2, 2, 1, 1, 3, 3, 2, 4, 2, 2, 4, 3, 2, 1, 2, 3, 2, 2, 3, 3, 4, 2, 3, 4, 4, 2, 3, 2, 3, 3, 3, 2, 3, 2, 3, 1, 4, 3, 3, 3, 2, 2, 3, 2, 4, 3, 3, 2, 3, 4, 2, 1, 3, 2, 2, 3, 2, 2, 4, 2, 3, 2, 2, 2, 3, 3, 2, 4, 1, 3, 3, 4, 2, 2, 3, 3, 4, 2, 2, 2, 4, 3, 2, 2, 3, 1, 2, 1, 2, 1, 3, 2, 5, 2, 1, 2, 2, 1, 2, 3, 3, 3, 4, 2, 3, 3, 3, 3, 3, 2, 2, 2, 3, 3, 2, 2, 1, 1, 1, 2, 1, 3, 2, 2, 3, 4, 2, 3, 3, 1, 4, 3, 4, 3, 2, 3, 2, 3, 3, 2, 5, 4, 2, 2, 2, 1, 2, 1, 2, 2, 3, 4, 3, 3, 2, 2, 2, 2, 2, 2, 1, 1, 4, 2, 2, 2, 3, 2, 3, 3, 3, 2, 2, 2, 3, 3, 3, 2, 4, 3, 3, 2, 3, 3, 3, 3, 2, 1, 2, 4, 2, 2, 2, 3, 2, 3, 2, 2, 2, 4, 1, 2, 3, 2, 1, 2, 4, 2, 1, 2, 2, 1, 1, 1, 2, 4, 2, 3, 1, 1, 2, 3, 4, 2, 3, 3, 4, 2, 5, 3, 3, 2, 2, 3, 3, 1, 3, 3, 2, 2, 4, 4, 4, 3, 3, 3, 3, 5, 4, 3, 2, 3, 3, 2, 3, 3, 2, 2, 2, 3, 4, 3, 1, 3, 3, 2, 2, 3, 4, 2, 3, 2, 2, 2, 1, 2, 2, 3, 2, 2, 1, 3, 2, 5, 1, 1, 3, 4, 2, 2, 3, 3, 4, 3, 4, 3, 3, 3, 3, 5, 2, 2, 2, 4, 1, 2, 2, 2, 1, 2, 2, 3, 3, 3, 3, 3, 3, 3, 2, 3, 3, 2, 3, 1, 4, 2, 4, 2, 1, 3, 2, 3, 1, 4, 4, 3, 2, 2, 3, 4, 4, 4, 2, 3, 4, 1, 2, 4, 2, 2, 3, 4, 2, 2, 3, 2, 2, 3, 2, 2, 3, 1, 2, 2, 4, 3, 2, 1, 4, 3, 2, 3, 4, 1, 3, 3, 3, 4, 3, 2, 2, 4, 2, 3, 1, 2, 4, 2, 1, 2, 3, 1, 3, 2, 2, 2, 1, 2, 4, 1, 4, 2, 2, 3, 2, 3, 3, 2, 3, 2, 3, 4, 2, 2, 3, 2, 3, 2, 1, 4, 4, 1, 3, 2, 2, 2, 3, 3, 3, 3, 2, 2, 2, 4, 4, 3, 2, 2, 3, 1, 4, 3, 2, 1, 3, 3, 2, 2, 3, 3, 2, 2, 4, 2, 2, 2, 2, 2, 1, 2, 3, 3, 2, 2, 2, 3, 2, 2, 4, 2, 3, 3, 3, 2, 1, 3, 5, 2, 3, 3, 2, 4, 3, 3, 4, 2, 2, 2, 3, 3, 2, 2, 3, 1, 2, 2, 3, 2, 1, 3, 2, 2, 1, 2, 2, 3, 2, 1, 2, 3, 2, 3, 2, 3, 2, 2, 2, 2, 2, 2, 4, 3, 3, 2, 3, 2, 3, 3, 2, 2, 3, 5, 2, 2, 3, 2, 2, 2, 2, 3, 2, 3, 3, 3, 2, 4, 4, 2, 2, 2, 2, 3, 2, 2, 3, 2, 3, 2, 1, 3, 1, 2, 4, 2, 3, 2, 3, 2, 2, 3, 3, 2, 2, 2, 2, 2, 3, 1, 1, 2, 3, 3, 1, 3, 3, 3, 3, 1, 2, 4, 2, 3, 3, 3, 3, 3, 3, 1, 3, 3, 2, 3, 4, 2, 3, 1, 4, 3, 2, 1, 2, 4, 2, 3, 2, 2, 4, 3, 2, 2, 3, 4, 2, 3, 3, 2, 2]","[1150.9766841480002, 9.645527478820838, -1528.9603166566994, 891.4442159178319, -827.3172390614588, -2022.0163785817072, 2329.531160643232, -227.562244250785, 1.5641049037458856, 814.4000211735001, 2751.7288958214363, 6180.835790720241, 301.57278705022725, 2813.7656958377793, 763.7239889077107, 1220.792847011492, 583.7758519700545, 5023.980328049776, 4487.379362569653, 816.9069306907143, -362.4804811341325, -944.9486519238762, -260.48072187870497, 442.4516401917253, -1998.4737949390778, -1940.1365995614833, -1628.9704366286676, 4458.992473988075, 2662.808494729501, 35.65404258608004, -1238.2738488673685, -826.0450043313615, -1476.6985218298646, 3961.226002473425, -57.0312637600685, 181.92211678757826, 1503.1347341955636, 2512.762158631212, 1293.4515531627508, 1067.9059219576625, 1090.5615424128825, -894.8875162180825, 2093.402886358006, 2146.0217362852745, 1314.6048076709867, -930.9972369782809, -1701.7381920248836, -1238.828945729031, 5045.3507749306955, -1485.4011472292373, -1433.924604515218, -836.1826338904721, 5911.639047188081, -1421.6534751573295, 5012.054294794003, 4414.630268219169, -67.80514970387583, -312.3634659454072, -684.5819461660324, -2069.5308157735944, -843.529907652528, 1876.3669948032339, 2127.070919816369, 1727.6134551570067, 5670.078435508754, 4298.764622248884, -1052.2988669664815, -1635.7648829250347, -1576.9606881856594, -1735.9715622716549, 45.906615058034674, 3189.3408229650663, -938.269994906499, 9646.323684867759, 2801.8930979240413, -1569.1388862059723, 1868.6563674931458, 490.2615051562263, -846.4581153116333, -1397.2548618119895, -1326.0364106068746, 1297.5701355742617, 4099.714880275665, 3551.1871524690364, 782.132507448697, 353.4839063340615, 104.37577721802819, -516.4845289344114, 2005.917862913927, -767.3140232002258, -795.2586937840974, 1474.4342242897128, 4960.691455492343, 2331.8731464117786, 936.7838570333831, 1234.220305910244, -1230.9303585195328, 1320.7193039050828, 6012.089305137512, 148.09908756491285, -834.0402631304155, -1021.7916466212528, -2132.4010518574632, -594.5186794862525, -1653.546821238568, -1743.9344366168202, 4015.637614156884, 803.5704769555641, 674.3892350754184, -1034.221796458335, 17.864874041082032, -1358.9273692912427, -658.2587176840032, 410.62105335711084, -1025.438455735164, 1074.5962865798194, 908.6654021126852, -1826.6887942110588, 29.330285216343043, 1194.9354904394165, -406.19872710300257, 601.2263711438222, -709.1127733781116, -146.72040808446746, -497.0970695219508, -759.0020013601948, -1148.2736919019846, -508.0029610486652, -1873.2333250975848, -151.42482982021437, -1413.1743204863717, -62.83231176841724, -590.0374362243033, -2149.317612600034, -556.0005591343859, 1225.730318737142, 10375.902828002241, 185.07015558294682, -1846.6372028570954, 2365.3667518514526, -1700.9707976852287, 2030.899344484088, 1290.762603628131, 466.1139979791963, 185.55569744626285, -211.0868215492224, 5514.586183197243, -1509.6521977548718, -857.5056721158621, -1128.8112097474686, 4204.230002148318, -1929.9972689332485, 6161.853490208744, 2705.6125530224194, 228.58647640537703, -1405.9944253492322, -1596.8315266543711, -1844.8463859744934, 635.9216844969102, -1472.0082683024298, -1966.6447732003244, -1912.0891111909232, 783.4555124192814, 2049.23541485858, 831.2141109415816, -1219.292539082112, -1085.4393147208214, 674.0769009140959, -1951.923311461498, -1139.366832697259, -1284.8388930270173, 1325.424448618792, -1436.9600902580542, 5026.751684670803, 1935.1277413999233, -902.4671045295399, -85.51836516988737, -675.0225512867123, 3053.9076567106176, 423.9618765863175, 3777.608253705713, 4875.952761740166, -1004.5495465569693, -1500.9931541825658, -967.4080004002544, -1110.059673631546, -1197.1888673553358, 387.60105122515745, -976.6756053463303, 741.9550993525925, 3818.1193946671983, 3541.036230653516, 252.80107816265456, 2934.956705216599, -274.35578951552196, 330.10164185855734, 2214.133366323031, 1178.9220897099415, -456.2068186790165, 3867.642100859401, 3914.084590107488, -1650.5017905125837, -28.165194056269854, 4073.2534015920573, -1383.3916024615235, 432.0605548833609, 1613.033346268037, -1728.460533694165, -1726.320529225838, 3309.700573040955, 942.5158026742727, 2715.5067607225064, 4437.087833437269, -1642.6019256626748, 166.17403868023692, -657.3422888157211, 125.66142978292856, 1223.6928752780107, 190.2031982510701, 1557.2884257891212, -1882.243283451679, -1765.8778893956105, 1280.1662565422967, 3640.884088440701, -495.6144707607236, 281.8183695730502, 66.03366896635015, 6003.8591389980775, 1547.3065062018607, 458.1724218546678, 4295.85535593484, -813.276306632539, -1606.6800042414945, -1960.700851538234, 2013.326700382674, -399.2477595460496, 1208.6495168560089, 2036.585063504453, -1993.1979065257833, -1494.2131683491284, -778.9150437964229, -385.48768940850806, 3632.648580315595, 2588.71877680924, -118.43623520801822, 5910.57105644777, -1248.0179981583733, 10441.601527782186, -640.4756001931635, 477.6316447052481, -1371.037481828661, 1773.3777523105352, -729.3936042738455, -1191.5114603855532, 1916.8339138382744, 2998.114249367077, -698.3510572394564, -1356.399796312322, 495.66943136888506, 6874.8269472853435, 3027.690165074932, -996.2899746443313, -1566.4450625163936, 519.0586789915135, 285.7901172510851, 415.72008105675565, -879.8415814677373, 282.38728226012614, -884.235244016608, 5454.026326227858, 898.5653776668323, -1543.1771011186383, -1232.139813114576, 3128.0198700247774, 2430.1324355838838, 841.9337930873246, 4729.54677088768, -1285.9920756653723, -1716.6140091708462, -1445.1436296430888, 293.1295772857939, -1640.189461756538, 367.5460431342469, 224.54896351298459, 1561.9151396182453, 72.75993507753594, -280.9060125715634, 1271.9693970999797, -64.131439665708, -2068.4335126181704, -1358.9627355010514, 646.1267008312454, -1297.7951185807635, 6016.219969339783, -1354.7039146873087, 3011.632468589153, -2149.6271083618203, -2040.6214904986873, 3566.627961809674, 5300.267549712681, 4712.907977338307, -901.4428939926927, -724.5455171046424, -541.761491066017, 6199.209040976497, -457.9289802222459, 4733.522013599622, 8099.1580597876855, -744.1972591381625, -116.96593410265535, 3154.549679586148, -1281.0047772669845, -746.2282671919286, 5258.524465025635, -835.7408615529653, -1425.60722299617, -448.5275331421564, -592.576696222914, -1407.8912018416127, -320.4075483072675, -721.0145877957084, 858.9990415174743, -742.5276010921523, 6834.727988361599, -495.7827586750496, 592.0638198703475, -627.4840084296084, 443.63357073494933, -2077.4932976450027, 1019.5856986401052, -1543.1271742267606, 1040.929182659318, -120.68853345899669, -1216.116373447555, -1098.0727614711236, -1912.6123825093923, 3216.429507726154, -1426.5075743031844, -40.0530373804508, -1163.3390787202734, 7113.693867937689, -1722.0438605175195, 3091.753146744313, 4995.597926412311, 5924.170818095842, -698.3846531159575, -972.2124149394049, 1391.2261433577182, -1438.8696989460896, -1275.8399029628977, -555.3879788934228, 3600.91346387928, 672.6228392220539, -390.88925634103504, 3188.846810768882, -1695.3641152895116, -692.067886738897, -1625.5179269095893, 69.24879320281036, -1562.1683938080755, 180.82643811361407, 3054.333704559186, -657.5854749447738, -124.93564620552814, 306.63076485240305, -1635.539795098281, -1167.2654772843189, -120.72474271156756, -126.92265106539645, 2731.6045767412847, -78.75727551123367, 7410.124199194735, -270.4239827787986, 561.0806995407072, 3186.592139179691, 896.49067381397, -729.1044794421503, -2024.1900791456756, -1698.32523077336, -1632.9231491122705, 304.7034503358254, 1585.0484528869522, -1958.5974909201268, -805.9356206828984, -1299.9321202456492, 102.16749539176561, -153.92498887389007, -1054.941684529018, -1389.7788620194135, -875.6901191708446, -1587.6314542095752, 2750.379948605679, -1686.2621262951634, -1666.0821845384226, -2306.5346218297086, 29.731419144626273, 7495.426002513238, -204.86410830948245, -136.00310260032023, -610.3098010950555, 1203.6885983179786, 2682.8664856056535, -2151.9977607741976, 73.84937628895005, 4409.245615797901, 742.936766740994, -1666.191136059705, -1975.9927557683059, 2473.223364826629, -1071.120757243586, 2932.648779153225, -908.8216632561682, -687.9232898312846, 187.60962386538932, 2900.406803309369, 1443.015576282803, 117.40996542285683, 1010.1197518326303, -740.3196661069383, 1277.6206855090659, 1632.8058194015498, -810.7649712820557, 413.6122623889217, -688.3192061465841, -759.790839309903, -895.6469793495439, -1536.8669190451765, 243.01339553824334, -1095.4311276996275, 1243.2578395471028, 4056.5402889857914, 1969.080084224698, -2024.6330245677177, 303.60558953120756, 1621.7950564091252, -191.01620144964915, 4148.176478626691, 181.49044104928316, -1613.9436063369383, 5520.285608121089, 736.1331115960231, -455.8995519420935, -1020.1669901087539, -1251.3624900164841, 1652.9040749698675, -1156.807994124189, -960.3076961814713, -208.5039246746822, -1724.1331531464548, -796.0246133684452, -907.440192872722, -1914.5084128547674, -784.0639278334113, -1082.5936800129912, -982.541706423372, -764.8464538667347, 4775.6027680782345, 9496.551449354703, -1636.8340501021141, -935.5059733370936, -164.73467738118978, 11.44525107682449, 367.8390559360377, -587.0907812033843, 1948.9936818052197, 2905.9857939386948, 5161.8383931671215, -572.6168428423603, -1106.3687899976708, -1587.871002499258, 2106.564671851177, 3440.39731495187, 941.4612689811115, -1607.5304286566313, 525.4754493409133, 3928.279614610849, 359.7654257349411, 4598.193563514033, 3174.24917069009, -1154.6791499813137, 1471.957175451442, 323.77727736146255, -1851.4842138375193, -1419.8003433864305, 2108.6937057546766, 727.7508530756563, -1658.475237350583, -265.9732663721106, -1922.2036029319056, -1454.7770023076396, 5111.636758713145, 1660.4685213218395, 3889.211473208552, -1591.8799869395493, 5986.169672292215, 3391.9626080749167, -1497.9335627745131, 4327.974742131544, 803.2396524806165, 35.60863870022621, -1022.9189529840846, -1785.8988558434353, 4379.689413428802, 6402.3646897112085, -1885.451569930432, 5172.15423544949, 2678.825806796265, -1442.8509398817937, 512.2380722875567, -863.6770935291445, -760.5940991074654, -271.58917054140267, -2209.9578761632465, -93.87071866895229, -1503.9763528345652, -627.7127888675961, 2134.6239948781595, 3666.7127617275655, -1504.3843245205562, -1292.6506573306594, 190.07393213890998, 184.39451079786477, -1723.0567557379109, -1974.037305273384, -204.48289474228517, -1370.2914970977185, -1076.5992966422345, 254.07364247209392, -600.6686537806647, -1217.885740164902, -1145.696049965153, -2064.92374555661, -1177.9567565813572, -246.3214870138657, 5958.655489869784, -784.133447568915, 2090.2404611951615, 4182.110162519719, -1133.1474036236405, 2293.964351304826, 3057.95902930835, 1300.4381789986967, -1750.4475231297452, 646.9609564196974, -1884.339413838322, 2878.655337955832, 931.7870166982323, 650.9806665877916, -1309.1592494336248, -742.7644969282587, 173.90962839024257, 2502.3584314098885, 5076.0236000587165, 1453.9261857119714, -1141.778508332498, -1029.3674550273067, -1436.379272388871, 344.51506579162987, -1175.6063541094081, 855.7908497160115, 144.59197726481534, -2076.7621546818104, 398.62597711947626, -1816.03425898338, 755.3972592434118, -2056.982561905839, 669.2334780178801, 372.77792324537586, 868.0494551042189, 212.57710472752802, -1382.5682799598435, -974.8478249416007, 3919.487674381645, 59.032877783044285, -1561.678416232905, -1865.1660222371615, -608.8000905417862, 2737.6311535726545, -657.0227553778898, -155.91699620186063, 9599.655706734178, -745.4567908136678, -268.3018774680948, 750.0023816327903, -1636.8314849427068, 5093.979425974601, -1739.5402567898655, -524.5585693334028, -1181.8135793765334, -1507.178887160544, -1941.111372852964, 1555.8159072902622, 448.2335837414582, 6924.531219404111, 1027.661039788911, 668.6862042997191, 2696.5920331174284, 5629.787286783262, -1185.3822287244664, 7016.530609315195, -198.722249413189, -1262.133158503249, -225.3107489484567, 52.08506146533506, -714.8509831561585, 1031.469181087314, -1389.7105316456486, -840.8412417279035, 1051.0127662402183, 2393.513601312871, -1047.055002501627, -13.145207615018478, 1123.2482527995783, -1636.7781706191827, 943.1219302481645, -1131.0658339190666, -1148.2310954607115, 2800.3935176474038, 807.6787927932589, -373.28753650819164, -633.5641871965356, 3114.930230073617, 4187.527808996549, -1297.3417460553042, 688.1209351040955, -868.8126945244749, -1870.3662110255782, -1848.564517373673, -153.63798500236595, 1236.6352746332248, -1400.6457708503183, 202.29552227951103, 1991.0697085751506, -1544.3425263639951, -859.0141438292292, -1517.7207782557064, -1681.8469405021892, 1848.307365029315, 1338.3579631661466, -1679.1159802694942, 3060.7237332524287, -1641.1746134723423, 1245.6857734247178, -906.0498218666448, 3220.794106975344, 341.3096358020388, -752.0937675113814, -174.89471359502267, 1066.7339051140755, 2246.455123603372, 829.8675790313448, -992.3374075501454, -471.5503861329326, 8754.287453574489, -1029.536270897372, -1816.3560524010304, -1719.2302626830997, 2744.882151542295, 2732.394018800815, 4114.166342994781, -2033.8688556960797, 1540.4243987592959, 2377.158224535316, -1350.0999023226289, -1571.0393423846167, 5609.283424064649, -1868.858673157959, -1817.1796184782343, -874.5041694834295, 2664.396209595313, -1983.469695776398, -2225.376392295868, -723.0161852771046, -1471.2256815681612, -1511.732042296415, 7283.065176861604, 1012.0659300484331, 846.5534045356965, 1567.4335644180624, 2133.2458083549873, 100.48238161844716, 742.5081737171886, -1213.1036059087983, 1277.1024341974037, 540.813010910948, -663.5332315611302, 132.0828781293564, -1432.0041277563482, 105.48714836262405, -1960.121453652493, -686.4675494079904, 1303.4302490744055, -307.25944137589687, -715.2029221242487, 9.75487452024521, 1632.4469361368426, -1614.0724360954146, -1431.755076330411, 215.61657533621567, -8.4559412261587, -689.3506020216171, 1100.8065748889, -1805.5735274112521, 638.7077088013472, 1585.495061226774, 2993.534589229883, 1091.4228039438976, 649.7974665267072, 2968.6767548326247, -1655.2140741923404, 5703.144252796646, -379.3059382499967, -1057.1054993615594, 5317.625480074928, 4111.756648422147, -1345.0831352566236, -794.8629116892787, -1016.7444384268065, -328.7213374342211, 2071.924244778524, 1425.2853684742634, -1834.3723183448778, 1101.1811026430084, 3673.5546932979173, 3291.9613428158727, -1008.4724607936123, -284.8042751572646, 4331.265763384777, -1706.175953678906, 387.304730163339, 6701.787327236367, -506.50210899413474, -1728.459256053754, -1487.7278253407906, -173.62682728261137, -891.2905337769091, -143.86799371417754, -869.7988316260726, -1151.9490749152726, -1326.3466913161747, -425.24259913789405, 5264.680669487966, -791.3511462245588, 289.12541798472927, 2066.6905940749853, -1654.1776628953853, 1066.0936153698665, 2127.28681990168, 3578.7694551497702, 2222.505353961695, 120.3903695552462, 1447.4169031983563, 1290.681457521348, 3693.341551370046, 931.7676394940208, 3733.6720869701408, 218.74538099433693, 771.8889728662396, -1292.4000326863104, 621.2294181855723, -30.207859930804773, -167.41974103513434, 2574.2240418709457, 180.56598407705172, -29.83702478793043, 4784.756005484798, -181.91784011023793, -2217.793746132106, 3889.0517550760133, -951.4044181999043, 1723.01322269773, -1211.9663166417859, 411.3784970378914, -864.9295370392183, -621.0173111883307, 504.5377067213267, -1581.9502496102518, -1709.7293025675326, -1472.2718253615733, 4810.6736675712245, -464.262382794271, 350.13749524440965, -1592.0910067771306, -108.9214915123444, -2138.963572569369, 349.70261044862133, -671.1823827164865, 1017.2606287052699, 5463.55217390977, -950.1011385373924, 1332.1612588518094, 1593.2891549647168, 26.95963280396569, 5442.139300067647, -1287.216383197102, 3851.4761559973363, -1533.774224453519, -852.9996739374465, 9.684534574384713, 7453.035458526469, -1134.6937468581937, 4177.977480899799, -753.3758250784899, -71.78613367665417, -832.6266264554981, 2846.1279149186894, -1396.9162368405132, -614.9305115646123, -1497.9244133115071, -1238.7717335568261, 851.2706024048836, -1929.75850559108, -1634.5341301093545, 3078.202473253244, 344.73465418028826, 994.2010879843474, -1447.7655724137016, -270.37415610606064, 2852.5654413176653, 3127.4986625281963, 8954.754227735257, 31.77571024005016, 204.11772022907252, 48.54676595167342, -409.52825971251656, -1086.8002170592806, -1483.2682727732351, 110.22884566113561, 2560.3097893472573, -790.3878788092277, -243.51836477652301, 2969.8957069932235, -415.4327878980567, 3872.2813371697057, 516.5553971292363, -1840.1948487637887, 1298.0652635601148, 304.84943818108445, 7.806654256788136, -931.1166186493654, 538.7097893124889, -1039.383658080395, -1481.8190616046772, -204.53232894126603, -1715.4395283118547, -2206.6587364655106, -2144.5422192058813, 17.10481015203146, 11.91892988192518, -487.57343637258185, 630.2652969093986, 67.87998070367911, 1081.507073956673, 2628.7503400040364, 336.29402840431743, 1727.571874520383, 215.7387644518804, -1071.342304403724, -155.47725069815573, 4857.7411257834065, 2507.3104724622294, -1501.426203994597, -1463.6930074665545, 57.43812758219741, 597.5644036366384, -902.9312061061858, 734.7318047934269, 4580.607153820929, 1204.2022649907026, 1579.201633597402, -1943.6086371678907, -816.4480464338267, 3370.8247757839285, 2445.2143084085537, 1338.1272631907702, -1650.2975082135702, 1894.482625809188, -2026.6588150085, -1817.2427281926298, -1666.2932043760043, -1320.2411840154837, -1625.9735624612536, 1143.5282472077522, 710.6685343153245, -2048.5699043809236, -825.9157369288512, 4602.553478506064, -1388.646192654181, -1464.7168224832592, -352.2253095014292, 1270.8797376972987, -1148.688108871926, -1661.8328668609347, -1286.4528689819904, 3703.0852389231104, 1791.4719938304356, -2029.860856641582, 2259.092766826741, -81.12270726424202, 3768.3066337315186, -1079.5356777947059, 2051.4110450239555, -507.84220580485413, -323.50024594531016, 2724.478940479921, -1954.51555620429, 7646.327365661558, 3773.645239385452, -1524.5016944260751, -1696.6089360943643, -667.5333136227557, -667.5878152461364, 1841.8515285046, -1155.881274125753, 510.1742631833892, -1387.8419023005483, -1115.698674263353, 5853.4050220056715, -1440.1618363131352, -720.0573845449399, 2329.753476288247, 3865.760627951559, 533.0876610680489, -1587.4907743178542, 1684.8059949528392, 422.52635339246086, -966.3147275579577, -397.6086425706216, -1493.0029288065707, -697.2925706199026, -751.249754378854, -1531.1834514196485, 222.1592274125145, 77.65904868187289, 4588.964837350377, 249.05637280575684, 214.91619160602295, -88.03352254966609, 424.4594251412307, -263.58251725427436, 3199.093703889912, 3117.2492459092196, -1665.3996908266972, 415.6207849221944, 288.6808958354582, -947.5620979915493, -287.0127411734525, 1919.3526958266054, -655.2458111255983, 275.4569860136848, 2794.6799698901646, -293.424752601424, -1779.9203529190504, -1723.2115036188038, 3858.6709017174608, 570.5193833830529, 454.1469673793517, -1961.249895589703, 1981.6246649902414, 84.75855502817132, 666.8509204233957, -656.7269351315188, -976.0919800325669, -1570.3209897701856, -764.3193087934912, -1229.779931600279, 1866.1932008559822, 957.1575525050798, -1830.1145458113433, -612.2465284361829, -1751.763961520869, -1191.8887309337929, -2119.5569777433366, 1033.3326259896003, -814.0407920181233, 2387.4819107317103, 4440.0874633237845, -136.3327270070243, -943.4683131424686, -1108.7181441894113, -953.548223621156, -776.5972160610579, 495.2632640175432, 707.6740170234857, 926.3304140938149, -887.8294159668158, -1367.1454770136015, 2825.119366307415, 175.49708518821188, -1062.5257055059449, -918.900972977267, 1587.9745946347489, 278.92494158148594, -322.5204491093562, -516.1101531249215, -800.0447710591588, -1517.2932786823865, -472.781127779677, 2853.3654682589, 1453.0766464634885, -583.8869175115153, 996.5121713489443, -1617.778762531627, -802.7052799579178, -295.1301792095856, 742.937051150059, 2448.0496248459376, 563.1175495368809, 3845.1731265043236, -2001.9907922321026, -1440.8528929455988, 843.9330676944865, -1679.699998057015, 6522.438171120643, -1301.0452165532756, -616.9707977311662, -1483.9568192951538, -910.7530080858728, 336.1653264965534, 448.8972165412418, -188.33888305793784, 446.98876293660595, -1742.0839525003303, -492.85881499716, -751.4824649108291, -1077.15355350752, -1248.7046741278446, -2238.2626703775104, -1023.4833977139992, -1195.4323473259628, -1475.053452263383, 4833.030506565736, 4525.332247475242, 587.3352051752145, 3203.1969495211038, -1691.4713126019674, -1697.7851872866636, 2396.0383229980753, 1828.9116030112746, 2396.9559059652543, 6808.682479318537, 3025.876896336539, -2206.7853483680597, 1356.2028868521807, 44.967541064521356, 3746.759507544771, 463.0290780373795, -1270.2077918142768, 4210.582404850083, 456.41185166650774, -935.016259094617, -1782.026708495047, -1215.1333845388158, 3680.9939181450263, 2552.0351067346264, -180.87360899316485, -1220.2246187595651, 1590.854534318359, 322.8387584928296, -1932.6356056136533, 769.5496563505437, 4832.965623471647, -419.7598731447641, -1995.2590631763742, -925.0895697390383, -1451.7133805864594, -1281.2085668731015, -1398.2300339469962, -1551.360981251951, -792.7519469180065, 1263.291820133192, 3786.367734821938, -804.1381281716403, 345.72659192832083, -1571.8974897241146, -873.1139068190425, -831.1490951186704, -1125.0545639456213, 1186.4231874145776, -176.21435190448398, -2045.685574126886, -1100.1212279920933, 32.663020790579765, 1103.6169728049824, 4816.537768983605, -1154.8502806030624, 3895.141819574367, -961.8230086989311, 1386.106250772273, -587.2523668419847, -260.8410296990227, -1203.3113064289923, -515.0172758027672, 1938.0020595924248, -203.24220751608487, 310.3395816131401, -236.20861541760706, -801.0200400899218, -225.14795062574245, 2491.6932643037776, -825.6302499365258, -2154.1194168095, 2406.760117981439, 2956.651016493179, 7011.539512745987, -1600.5314078066333, -830.2539984723664, -970.9776110400746, -526.959008823804, 860.1495273598948, 4209.89497899779, -63.542201681249765, 2984.858917880235, -1691.5938941913892, -620.5167047811133, 1070.0899243582887, -1189.312025889094, -1118.488166432556, 1462.5138092753327, 96.8361199692971, -1300.7357207914897, -1488.0935930592652, -1439.5723134571804, -1240.76107550625, 1638.4631989589063, 84.61064490498569, -1493.1504464559994, -237.46509911939353, -1299.757198549561, 983.7673502609841, -1263.7772911775978, -194.6769055317431, 4033.092521395973, -1837.4672759627397, -1007.0751860890275, 2610.210499545166, -460.97867906667244, 1069.9319688989387, -1338.8413287272037, -600.1667809019718, -1873.817342885106, -1066.5242143491587, -1443.3642252496968, -1238.5031641221453, -1411.5292509198898, 1128.1907536404003, -1861.0150802647386, -570.9721170705418, -818.6993171751196, 264.0275418058216, -2166.304905762223, -1564.8971912337056, -1860.1500951675325, 3616.75275870744, 554.1613612111214, -1552.7978805493237, 958.0898485889154, 123.12196150048607, 5846.069764999231, 157.25734851594945, -1501.4722507619317, 732.9850005208764, 6659.916176199558, -1402.172368006276, -307.02849813084396, -994.2084501100344, -1175.0732112748337, -698.1715884434379, -1049.7220130235494, 2652.5623419218073, -1646.478245390224, 1463.7329520244753, 6238.757616525449, -341.86719047854314, -984.9475829795247, 494.617961897797, -233.80097665069724, -822.1132074732238, -1436.9365630125544, 1255.3871151296657, -391.9155297428055, -1372.4354334160678, -1561.1700592697532, -2047.092765517853, 1430.4747604679126, 170.5138171029511, 2155.178604699008, -1507.3199595260219, -457.53079580457637, 4908.536524934831, 4362.489079688, -1885.2047914092846, 411.02881980565525, -753.8808608277934, -1231.8588458048914, 35.843764203025046, -1012.4014600857549, 543.1656071449181, -718.6039974884045, -1170.3429165869472]"
0.25,6000,5989542.019886346,5989542.019886346,0.028283357620239258,779.2707372614159,"[3, 4, 3, 2, 2, 2, 5, 3, 3, 3, 5, 4, 4, 1, 3, 3, 3, 3, 5, 3, 3, 2, 2, 3, 3, 2, 3, 3, 2, 3, 2, 1, 1, 3, 1, 2, 4, 4, 4, 1, 3, 2, 4, 3, 5, 2, 1, 2, 5, 3, 2, 3, 5, 3, 3, 3, 3, 3, 1, 2, 3, 3, 4, 3, 2, 5, 3, 2, 3, 2, 3, 4, 2, 4, 2, 1, 3, 2, 3, 2, 2, 3, 1, 3, 3, 3, 3, 3, 2, 1, 2, 3, 5, 3, 3, 3, 3, 3, 4, 2, 2, 3, 1, 3, 1, 2, 4, 4, 3, 2, 2, 2, 2, 2, 1, 3, 2, 2, 3, 2, 2, 3, 2, 3, 2, 3, 2, 2, 2, 2, 2, 1, 3, 1, 3, 2, 4, 2, 2, 2, 1, 3, 3, 3, 1, 3, 4, 1, 2, 3, 3, 2, 4, 3, 2, 2, 1, 2, 3, 3, 2, 2, 4, 4, 2, 3, 3, 4, 3, 2, 4, 2, 3, 3, 3, 1, 3, 2, 3, 3, 4, 4, 3, 4, 2, 3, 1, 3, 2, 3, 3, 3, 2, 3, 3, 3, 2, 3, 3, 3, 4, 2, 3, 4, 2, 5, 2, 2, 2, 4, 3, 4, 3, 2, 2, 2, 3, 2, 1, 2, 3, 2, 3, 4, 1, 3, 2, 5, 3, 1, 4, 4, 2, 2, 3, 3, 4, 2, 2, 2, 2, 1, 4, 4, 2, 5, 2, 4, 1, 2, 2, 5, 2, 3, 4, 5, 3, 2, 4, 4, 2, 3, 2, 1, 4, 3, 3, 2, 3, 2, 3, 2, 3, 3, 4, 2, 5, 2, 3, 1, 3, 3, 3, 2, 3, 1, 2, 2, 3, 2, 1, 1, 1, 3, 1, 5, 2, 2, 2, 3, 3, 3, 4, 2, 4, 2, 4, 4, 2, 3, 3, 3, 3, 4, 2, 2, 2, 3, 2, 2, 2, 3, 2, 5, 2, 3, 3, 2, 2, 3, 2, 3, 3, 2, 2, 2, 4, 3, 3, 3, 4, 2, 4, 3, 1, 2, 2, 4, 2, 2, 2, 3, 3, 2, 4, 2, 1, 3, 2, 1, 2, 4, 3, 1, 3, 2, 2, 3, 3, 2, 3, 5, 2, 2, 2, 3, 2, 3, 2, 2, 4, 1, 3, 3, 2, 2, 3, 3, 2, 3, 1, 5, 2, 2, 2, 3, 4, 3, 3, 3, 2, 3, 2, 3, 2, 4, 3, 2, 3, 3, 3, 2, 2, 2, 2, 2, 2, 3, 2, 1, 3, 3, 3, 3, 3, 2, 2, 3, 3, 2, 5, 3, 3, 3, 2, 3, 4, 1, 2, 4, 4, 3, 2, 2, 3, 2, 3, 2, 1, 3, 4, 2, 2, 2, 2, 3, 3, 1, 2, 2, 2, 3, 2, 3, 4, 2, 4, 2, 3, 2, 3, 2, 3, 2, 2, 4, 3, 4, 2, 3, 3, 5, 2, 2, 3, 3, 2, 2, 2, 2, 4, 4, 2, 3, 4, 4, 2, 2, 2, 2, 2, 2, 2, 5, 2, 1, 3, 1, 2, 2, 3, 3, 1, 1, 2, 2, 3, 1, 2, 2, 3, 2, 3, 3, 2, 3, 2, 3, 3, 3, 3, 3, 2, 3, 5, 4, 4, 3, 1, 1, 3, 2, 3, 3, 2, 4, 2, 3, 1, 2, 2, 2, 3, 2, 2, 3, 2, 4, 1, 2, 2, 2, 3, 1, 3, 2, 1, 3, 3, 2, 3, 2, 1, 2, 2, 1, 1, 3, 3, 2, 4, 2, 2, 4, 3, 2, 1, 2, 3, 2, 2, 3, 3, 4, 2, 3, 4, 4, 2, 3, 2, 3, 3, 3, 2, 3, 2, 3, 1, 4, 3, 3, 3, 2, 2, 3, 2, 4, 3, 3, 2, 3, 4, 2, 1, 3, 2, 2, 3, 2, 2, 4, 2, 3, 2, 2, 2, 3, 3, 2, 4, 1, 3, 3, 4, 2, 2, 3, 3, 4, 2, 2, 2, 4, 3, 2, 2, 3, 1, 2, 1, 2, 1, 3, 2, 5, 2, 1, 2, 2, 1, 2, 3, 3, 3, 4, 2, 3, 3, 3, 3, 3, 2, 2, 2, 3, 3, 2, 2, 1, 1, 1, 2, 1, 3, 2, 2, 3, 4, 2, 3, 3, 1, 4, 3, 4, 3, 2, 3, 2, 3, 3, 2, 5, 4, 2, 2, 2, 1, 2, 1, 2, 2, 3, 4, 3, 3, 2, 2, 2, 2, 2, 2, 1, 1, 4, 2, 2, 2, 3, 2, 3, 3, 3, 2, 2, 2, 3, 3, 3, 2, 4, 3, 3, 2, 3, 3, 3, 3, 2, 1, 2, 4, 2, 2, 2, 3, 2, 3, 2, 2, 2, 4, 1, 2, 3, 2, 1, 2, 4, 2, 1, 2, 2, 1, 1, 1, 2, 4, 2, 3, 1, 1, 2, 3, 4, 2, 3, 3, 4, 2, 5, 3, 3, 2, 2, 3, 3, 1, 3, 3, 2, 2, 4, 4, 4, 3, 3, 3, 3, 5, 4, 3, 2, 3, 3, 2, 3, 3, 2, 2, 2, 3, 4, 3, 1, 3, 3, 2, 2, 3, 4, 2, 3, 2, 2, 2, 1, 2, 2, 3, 2, 2, 1, 3, 2, 5, 1, 1, 3, 4, 2, 2, 3, 3, 4, 3, 4, 3, 3, 3, 3, 5, 2, 2, 2, 4, 1, 2, 2, 2, 1, 2, 2, 3, 3, 3, 3, 3, 3, 3, 2, 3, 3, 2, 3, 1, 4, 2, 4, 2, 1, 3, 2, 3, 1, 4, 4, 3, 2, 2, 3, 4, 4, 4, 2, 3, 4, 1, 2, 4, 2, 2, 3, 4, 2, 2, 3, 2, 2, 3, 2, 2, 3, 1, 2, 2, 4, 3, 2, 1, 4, 3, 2, 3, 4, 1, 3, 3, 3, 4, 3, 2, 2, 4, 2, 3, 1, 2, 4, 2, 1, 2, 3, 1, 3, 2, 2, 2, 1, 2, 4, 1, 4, 2, 2, 3, 2, 3, 3, 2, 3, 2, 3, 4, 2, 2, 3, 2, 3, 2, 1, 4, 4, 1, 3, 2, 2, 2, 3, 3, 3, 3, 2, 2, 2, 4, 4, 3, 2, 2, 3, 1, 4, 3, 2, 1, 3, 3, 2, 2, 3, 3, 2, 2, 4, 2, 2, 2, 2, 2, 1, 2, 3, 3, 2, 2, 2, 3, 2, 2, 4, 2, 3, 3, 3, 2, 1, 3, 5, 2, 3, 3, 2, 4, 3, 3, 4, 2, 2, 2, 3, 3, 2, 2, 3, 1, 2, 2, 3, 2, 1, 3, 2, 2, 1, 2, 2, 3, 2, 1, 2, 3, 2, 3, 2, 3, 2, 2, 2, 2, 2, 2, 4, 3, 3, 2, 3, 2, 3, 3, 2, 2, 3, 5, 2, 2, 3, 2, 2, 2, 2, 3, 2, 3, 3, 3, 2, 4, 4, 2, 2, 2, 2, 3, 2, 2, 3, 2, 3, 2, 1, 3, 1, 2, 4, 2, 3, 2, 3, 2, 2, 3, 3, 2, 2, 2, 2, 2, 3, 1, 1, 2, 3, 3, 1, 3, 3, 3, 3, 1, 2, 4, 2, 3, 3, 3, 3, 3, 3, 1, 3, 3, 2, 3, 4, 2, 3, 1, 4, 3, 2, 1, 2, 4, 2, 3, 2, 2, 4, 3, 2, 2, 3, 4, 2, 3, 3, 2, 2]","[458.60915224534824, -2670.6010734961465, -3021.914974819163, 1926.7261449537464, 722.9253190022225, -1693.8798283389349, 4804.841426162646, 240.27280941560682, 900.3035691469104, 498.365617528082, 3301.033947580292, 5714.426612049156, -3230.852008310602, 1058.1030275247956, 1601.4091568052836, -1698.9936722326938, 1302.4405861360747, 5684.577668125559, 7534.948878225094, -530.7038482813637, -1360.6335038067036, 1176.1626854605452, 482.65002805797735, -993.2779820539022, -541.5295949852307, -2100.524660131994, -122.56466348557413, 2005.0726452131796, 567.2425685401572, -1740.6747181712026, 1428.0609082440044, 2337.6738818065132, 1218.418306405552, 661.8441413025741, 1199.5515751373878, 3327.171299732293, 2067.9617750947896, 2178.721189288874, 1807.4806603550687, 7136.897976585808, 559.7269403080871, 672.0037767992253, -798.2606328100699, 192.40582689645086, 3860.1816710457356, -697.1431328711906, 608.4653346049445, -1411.8948016999893, 4683.260252711327, 1050.4301761567065, 650.0844921267521, 732.246261108299, 5225.316384569941, -2220.1671306406165, 6965.593650746738, -1264.758897863669, 289.40306798900735, 25.74452242618949, -417.13113645604165, -3057.3382454227276, 1098.333843348328, 2092.928305045594, 5939.436243222734, 1819.300769662627, 8035.372687760225, 7818.180053477714, -740.1904797470443, -2072.444802609078, -1554.5855256186026, -1064.8703239615447, 1212.953491156489, 2108.208268169631, -2651.2355244869614, 8994.101156078463, -2826.5426976617237, -1485.7028083921184, 605.0740174241092, 372.78212039276127, 382.8393863463639, 1373.9028222401187, -2179.8875428636156, -2357.1392001200384, -2949.789470466143, 1988.1964489813902, -759.6848876793229, -923.098559550172, 754.568228921697, -1863.1965304721043, -3221.143533579221, 240.9237547641525, 1898.3697240358968, 2404.3808920565243, -2927.7765977162144, 1636.8682550410879, -17.415350031936015, 1483.6869182587961, 1492.7313729782215, 446.7441516194798, 4326.011135673652, 1139.6176626265767, -1733.3361505103028, -3386.7691435042943, -1720.960292819998, 376.01122988200245, -2229.041483498064, 755.0494367976032, 399.772702854787, -648.151358948103, 1749.5707937374596, -2124.3758824922093, -952.3126560610431, -2469.541846596566, 813.9293421755385, 2687.5588731848893, -477.69337403130396, 4467.2273742577245, 1144.5372623577175, -2808.7942529203974, -851.3424860258187, -36.66171059600666, 2293.367150000746, -373.76274977215814, -178.0532767951063, 888.442570596565, -2546.1348008215027, 817.5333074363577, 1275.6250826869814, 299.0138425923767, -383.6215236855212, 1325.7517221082453, 832.8219164236302, 1278.2187928194037, -2419.5919391140033, -2814.958440177885, 1027.0796884076003, 234.53301603847916, 8749.76216524657, -424.84137345449426, -2984.469959803769, 5226.55179725023, 1133.408822426529, 1663.029421885744, 859.5902051354292, -784.8953734658689, -1365.5878639613727, -3020.4779570124665, 2992.4180782169233, -1906.8555649999407, 300.3247664788465, -2502.269123169209, -33.207821623213334, -2773.5581584717447, 8739.485346837688, 6958.2330367313725, 1954.5541928452062, -1045.8948166963855, -2674.6005266051984, -743.165745970935, 1580.0071563606768, -2572.2682934075647, -1206.2496574694346, -725.805093792625, 2024.549122166295, 4041.538937461548, 1331.9530332405798, -3236.016377695548, -579.2540892197487, 869.5162395499757, -1594.7904984090787, -2623.4988990831507, 1017.9857391438909, 2683.454410718182, -2317.8389224587927, 824.5387602089432, -3844.5569024347406, 1407.0264271577253, -2753.557317286408, -1277.9687193890309, -2575.073231110626, 978.0768132613881, 3158.4328300952575, -992.345018652768, -981.1215106013738, -2775.622093800727, 33.351965104033724, -1832.4441925043943, -2159.414707005879, 2229.5179445926296, -2989.454621660166, -351.8690625022235, 268.74538845936195, 5766.5519721526425, -2663.4360952377774, 2276.204206702602, -1635.7097735003515, 1190.1881205284878, 150.5666694697414, -125.3335393799488, 1570.4249458422469, 3388.0959813118375, 3621.0239745770505, -2720.4108411606967, -3247.721389329627, 4863.916325004692, -2684.9861725981054, 3427.369112790193, -547.6641276699282, 1318.1573869330584, -2869.923311218574, 312.4598807172826, 393.81514884377987, 4140.7084499168695, -1000.3089189875795, -2132.6552352926597, 459.8964996052134, 1818.923955327395, -2838.0692867273715, 1055.488527329972, 2714.3458506817833, 3033.1466037264727, -3298.034990919294, -409.1688789819534, 2823.8856664315535, 985.7187302236327, -2624.426730940897, 1386.9701275666107, -528.1140521339166, 6143.576990628297, 3003.4176732257138, 90.18953407331762, 6741.413022682303, 2579.8756080118374, -2334.494179001527, -2098.9269136527955, 386.1445246489586, 1150.6426219612777, -525.4229725706703, 654.0461348278809, -2385.112303568584, 1064.1755313210679, -302.85336288779047, -75.72141222333019, 7728.286239937494, 2232.5115268153986, 1733.5651284820997, 6524.245186774455, -212.3072484092576, 5390.222434250758, -2969.8999009949157, 1800.9840137407123, -1734.9704929282157, 4738.31138372796, -2300.9237831557566, -50.17084152477699, 1733.6422995744051, 2506.0057249527845, -1626.6613647161196, -2163.6958847501674, -1249.127693992764, 3052.1634865089954, 2948.570477211195, 1669.0476242160912, -516.9572277895827, 626.3844983830732, 1757.4358813955398, -330.9271156858524, 1593.8232595667748, 644.4304361736966, 1954.9755618061056, 188.61733954939305, 3488.138914231446, -1775.255715763487, -407.96452380910546, 2292.6974672983215, 1596.0207748387452, 308.77070657971854, 5308.326955265407, -882.2145985266989, -894.3979878039145, -393.73829466148413, -174.09813315282796, -1166.3874502738106, 1182.132952345376, 1918.997826219305, 1072.822869328407, 917.7559449193959, -1784.742767533995, 1534.8583184899526, 3294.4850269619537, -3047.674842646351, -1524.8308831557888, 2477.4758740822513, -986.1581232623469, 2107.0371160978802, -1630.5756715024174, 7031.6785081388425, -2817.68401531994, -912.7033734214663, -949.0904165139275, 1043.577306604407, 1611.3986953469632, -2897.004667054578, -1119.6884598407082, 1762.009941621516, 6698.393835197509, -3252.347502076599, 2614.7456255547504, 7462.036463728558, 1246.273903302848, 801.4909225181236, 3927.74313023534, -1783.3163596945935, 930.0252269357243, 6781.438730707437, 1140.9772637635783, -2217.859870657043, -1173.3846502988852, -1574.7840183474475, -1955.719535158869, -1096.2422777714996, -1826.2477989820663, 5129.5916664541455, -2817.4745126937487, 4979.053696125475, 573.9597505451536, 751.1190126040847, -1910.4670020294543, -1058.400978308997, -3127.459860441055, -942.6259747222575, -1256.6306066803027, -3389.0876026093897, -1253.4119757219883, -266.8540653181602, 1199.5342648502033, -2803.1549950466015, 1669.5125324663586, -2225.7888165248396, -1462.3668769629062, -944.5657070357636, 8021.671221049974, -2832.260818346539, -3215.080909629637, 1495.2055320939949, 6386.8240243274295, -1535.6087873407398, 936.0642934013244, 1691.97237836287, 1551.5579226321997, -2362.1414642055033, -2114.4514129830127, 429.9423391153913, 981.8235504542811, -1209.9292922000209, -593.6421021988062, -1652.2831642347303, 370.61788708329493, -2073.5534002966383, -3334.8673012565114, -479.2947349175481, -2246.1343590405254, 6856.818599205272, -179.3866502013233, 1676.328050498942, 1072.5194015099503, -2070.4625661421287, 1108.3738807881439, 2048.899930574005, -2302.9160011326867, 1798.0246992491177, 1137.9755627827483, 4298.294765231684, -656.0618923295954, -2554.2737501544602, 1863.4918750435186, 2686.137794943085, 150.57920199607875, -768.0001113341755, -2623.382650641768, -2047.4190672138448, 1055.5465017616978, 563.801747408685, -3025.4260795534765, 1455.3588505817079, 340.93093885979874, -1154.9238421877174, 1678.669389719588, 542.9973381172633, -851.1907565703134, -2191.474143608836, -703.5352352411751, 5719.829713035109, -1572.1264771024726, 1440.6554748036535, -3254.467979563564, -1792.832315207803, 1682.2520441308088, -1008.9554075376125, -1477.3073779146325, -708.0757351411394, -1008.4031901747792, 612.7622532373509, -1893.5387552237617, 1911.8193029021213, 721.1160839256893, -833.1377761792537, -3391.540241489027, -2233.595103626156, -2095.3090193111243, 827.3532850879889, 3607.5191505782254, -395.72973737158566, 498.4657288764188, -1347.4999562004614, -2065.105677539011, 2179.5941598644745, -75.66857855276433, 1972.597620374997, 2338.789245601933, -2143.5615971063535, 3544.8065387019356, -583.3398229611007, -1247.252029381767, 1738.3641062229842, -1806.2915668414325, 587.4630667438605, -1201.4996549432785, 1136.5824735099925, 1040.100939690175, 3558.8524685439975, 2383.6238180687396, 2587.862293706135, -1716.923327267219, -2033.921666190222, -2717.708099147135, -2945.208497075879, 8122.5617296750825, -3291.4333859231174, 928.8407362087487, 1634.5430635536, -906.5501242588036, 651.7384811860038, -2427.4391861197673, 520.5650132765217, 2922.942883324039, -354.08855295642866, -1900.288175690468, 834.2596586389457, -1905.6377626666736, -1023.6159188481063, -1434.710385515777, -2637.155511589804, -348.1970220692532, -2110.03005534088, -1188.1955717369237, -2146.8556214603527, -749.3992293637197, 7569.007463377036, -2081.8604258270866, 2061.091968632077, -57.196731306043745, -1034.79791262196, 345.8151084350269, 441.42503329132546, 4342.926976781859, 4932.358002449396, 1767.1267390442538, -2160.0532889786996, -2241.553120182977, 1184.4000142901666, 1299.0419332176812, 906.4013343997265, -3320.029598443417, -1823.7980157861393, 2069.5289202943304, 3784.438211546242, -1500.9442179141904, 6041.609462798848, 6679.842193458082, -2240.161428869248, 1223.3094399501495, -498.9572441973878, -192.08792506655598, 774.4698304278138, 1764.8963891794178, -370.83463597328125, -2298.3944234654427, -2556.4923183385367, -2704.923220803629, -3419.7660156844768, 2698.165104784269, 1610.144818661956, -1435.5598210867586, -740.949948554841, 7739.823538310986, 4664.016032704619, -1803.6553789393984, -3347.8487289444042, 31.77472383499591, 1200.116834772975, 890.403205000853, -1504.5551502867115, 423.70336992505463, 6329.669578254812, 453.8008909816306, 2119.8023746502963, 3206.5108657742626, 1516.497115123036, -14.943399675005395, -1888.2088117465637, -35.38576688469041, 373.64833182085727, -2403.9646454631775, 898.7548364336742, 978.1960245671471, -434.49819895944995, 1944.263198996135, 4189.318726242746, 974.6032209708017, -1046.977567585994, 23.711149825631736, 1461.5742171949664, -2841.1808824478103, -2216.3744243195347, 30.772606212442355, -3620.7666346817546, 909.9017301262377, 182.8379934446161, -287.68240030092716, -3223.6273997771154, -1642.8663100040178, -2071.743654851124, -875.8237271694181, 1552.3657786957372, 8686.682352390793, -2392.2382464286393, -260.6650972000324, -1487.8005219047727, -1532.3566269716007, 3141.167531190263, -2461.5423127261292, 1837.4703762855709, -1192.3529067422144, -1743.7465792347812, -3316.4945680177584, 1856.9588105485072, 2102.670114715534, -2161.1348126736284, 102.92615732106597, 30.282226408099888, 1693.552507340907, 5085.780996551177, 4977.0105643131865, -682.2752413021501, -583.1707323602013, -2508.4631017063157, -316.5549622296501, 4546.444392703619, -1050.276670211661, 2052.036570052711, 931.7181149436587, -1230.9762161459953, 1910.9471091219452, -916.2686712341372, -1178.5130663803393, -1056.7871866128353, -977.5164743138187, 503.69520360878425, -1790.578364583693, 1813.567624133445, -1153.0845071421177, -732.008119262609, 5955.229079568717, 1208.9298566760167, 418.1410056265029, -830.7622301793508, 1143.3627022825124, 289.91323555524787, -174.43105903395033, -2482.723098325001, 6740.334678927463, 327.2853681114825, -197.39441551660119, -2171.045484586265, -2743.273367233013, 6742.045091937912, -760.8094917754131, 992.1151017656471, -94.52059037273514, -604.5633847654042, -981.3897082498861, 4712.3973244198605, -942.359282809145, 5845.8590895537145, 2598.000428803417, 54.03481401007096, 1230.1511356550827, 7833.93275986231, -99.99707703268817, 6093.185577686974, 1026.5261586771608, 1217.9438427473904, 792.3744760187878, 294.06991969356363, 1037.1484156036076, 1022.7580605052794, -1847.5130851792678, 887.4130427993064, 1377.5655674389873, 6175.309399011192, 703.7998611734176, 1339.2195149235706, -1872.5062715095678, -191.3234909328742, 2867.7854481761547, -2977.233122397097, -614.0446237529409, 4881.635628008848, 971.3050329792161, 1636.8974386758946, -912.8655401328274, 1079.0169401925812, 3791.2572436804203, -1683.0478039415766, 1170.2092318419527, 1846.654170406108, -2431.1139881560757, -3001.4428595520217, -222.3438854285379, 2988.6206107961148, -2047.6176228377644, -711.1582474470838, 1509.5035180509346, -866.4474519103214, 987.9227137192522, 857.155710304062, 1210.4746754042776, -97.99765400271511, 1575.3731192414662, 380.85090650063944, 4475.54942925034, 714.9816409607622, 1277.4406937207696, 1401.426050718588, 4096.64721599155, -938.9628616108641, 763.3922391020808, -2649.8504104446542, -1165.6692683027538, -166.51233067038427, 1579.6031176299844, 550.1857882681942, 1458.9317897321812, 1351.3378904516135, -2509.949779056528, -1772.7765222207736, -2807.4828625096743, 3654.079123195887, 3222.1097479147793, 1063.691187816218, -853.2362794129906, 2060.8647436134834, -1761.6859402093176, -1446.7803222696646, 814.4426402281715, 8445.003694903904, -1808.303985103973, 1055.0379893631562, -262.7135848541785, -151.19554434924933, -3244.4632091513618, -2539.747843449197, -2218.8101959323926, -623.4299452692213, -1006.1001367937563, 833.3373026532763, -1472.1321484433622, -2211.568604044014, 1070.5602804771095, 895.1628436902722, -2100.0105018968043, -240.8742576089251, 678.7494629527498, 509.92749695361033, -1123.982423501983, -3092.7836628257783, 53.548461136485884, -278.0252409033253, 764.3555214772587, -3064.7976929582487, -1896.9445496115181, 1760.0167200195554, 1351.2040913681944, -816.5489924462731, -1968.7558016495432, 455.3050616372209, 8.634612670625273, 1470.9627594599888, -1939.7549351176913, -3074.151808692389, -2349.171147377003, -865.6082231183204, 1157.247057190224, 140.2933874594032, 154.84231746549463, 4037.2322435519964, 1061.8670636039303, 2463.4887453330757, 1263.3362243486397, -1298.7017344426688, 1642.7383507587974, 2234.156783909426, -756.5692669752179, 7766.56216863197, 6986.562155073679, -1001.7139953210276, -2382.923968714002, -401.12949049539156, -3059.5025130469103, -924.7841156385716, 276.8409597603195, -1983.338474082439, -541.5971095527552, 3698.663770168332, 1054.7653450426212, -328.2823003350089, 268.44459984828063, -651.7202589139716, 1087.5696041283293, 411.1154593210217, 6619.748698409383, 206.10694545998942, -998.7131818771154, 1121.2887195250414, -1252.0496477148597, 597.5564567653023, -1119.7325714459712, 801.5988961511268, -2642.956004740188, 1597.46963354928, 2110.8815321929933, 4145.469766542559, -412.3719276867332, 89.0018279442206, 1174.3146503042556, -1315.525408035894, -226.285565366903, 1481.5315779561909, 836.2303441968475, 5590.7172830448435, -1046.3457228705633, -752.054141583836, 1774.585295277961, -2772.0574734096163, 374.69309525353424, -39.928365873160175, 1579.0675300435719, 962.8902341062737, -71.47636703583228, 1775.9741649654977, -2214.563560807099, -705.1523326018065, 3848.391975795133, -1303.4056320666978, -412.60140770457974, 1192.9819511370517, 229.4918120240986, -2472.971252468846, 2357.8989996893415, -965.8866351285601, 1778.7888118693534, -230.30658045878457, -2197.1703904790425, -9.19362631649389, 51.30252896498686, 1549.6520927691058, -1263.0375611300876, -925.1162427165286, -2121.801488926503, 6723.653465434534, -2256.9760562052898, -1806.2427130614383, -742.8082952426058, 2074.992793330241, -2723.7755626982225, 1237.2430295706883, 645.8945661057646, -609.6658599685338, -1464.7464232680263, -1018.7658526894922, -307.7997736377756, 70.09685544762098, 72.8027740703603, 2170.859145121252, 997.0483664617402, 2026.9893994880113, -1783.7977002021066, 18.01424445240181, -1969.375250545465, 2786.9231789853934, -119.8926078714687, 6518.589499190037, -1747.4769032605473, -707.0871587593772, -775.8645398135407, 2889.422669944654, -2481.0572365938197, -1847.1746151779166, -1132.5977067414985, 1824.5624417523863, 1906.104847429433, -881.4106564481363, -1116.5837590417123, -393.2235447024111, -1197.6214626416804, 1623.7621592179794, -93.79477978934656, -3490.690341768663, 2425.8472241954564, 4492.828631962031, 8573.927628488691, 2303.6230024934553, -1720.3067951836958, 1207.9323281174431, -1881.084028904194, -2069.222437337582, 1160.561779526472, -2973.976374492575, 1368.840208560341, 47.265357914650366, -3254.184753305788, 2636.837325358003, 2303.3958117895772, -1066.4696754790536, -1439.0896577752014, 852.3543106176016, 2152.06183970237, 736.1193100259526, -2930.93522395531, -1643.2168838829948, -1700.1366525532808, -434.21421779636364, 1095.4717648030462, 975.359679874035, 60.967496646714125, -3319.933180133191, -3291.089355000847, 931.0386716404787, -2788.5963049283773, 1668.0890241323627, 1148.983638608045, -1290.5893066533097, 2083.084809989811, 373.7872844708927, 1776.402758069559, 103.8605263172744, -2044.8030306101427, -881.9457235097541, 1407.3633398897737, -54.3192502321489, 2080.537567277923, -1977.66343561659, -765.7411445259702, -603.8107072155387, 799.5599162651556, -2340.024399175939, 2966.730585649103, -2276.7109382510007, -1951.222825396122, 229.1733928760592, -58.35945616636607, -2523.432669529043, 3579.749479941439, 2414.945914945292, -1573.135773698933, -310.3815687290098, 2969.7544841700037, -1734.763455469762, 109.45979746808914, 1438.7971281158887, 1651.2377977152764, -1986.2175162967883, -206.3853293760292, -664.5202193425299, -982.7010986606094, 1058.3013107210768, -228.20087060751555, -1786.2383172347131, -592.0604947597445, 619.7235209961441, 2664.8439174242094, -1563.0917294651688, -2302.012563437631, -1974.5450956784061, -666.4506739514466, 3846.5117932547455, -1854.3106820575367, -1957.7186172596803, 120.22030237490625, 4288.9568435887395, 143.71340045638308, 4351.744970971141, -3691.9084386225813, 1726.3648361559312, 3254.3366523947207, -2070.4069280645576, 9267.708235291673, 5280.993702677928, -2246.27540293895, -2608.2680975812805, 586.6816619807562, -267.4722832013779, 3313.618845190559, -1732.5625101334685, -47.894054007278186, -940.2570705479866, -1272.5701972779284, 6700.385498854475, -894.0023800495455, 1266.6233197236775, 7594.606485225337, -178.87190024225046, 49.0484546167161, -702.2963374493318, 1403.3185545987988, -1034.3542541272811, -1953.1891114021746, 220.0550933475141, -815.2113234465553, 415.95513593965893, -2894.286175788029, -1151.4481841528113, -2079.609648235839, -2367.6816150316863, 3558.7353879552634, 320.757778688773, -3074.9219325605745, -1664.3970275754664, 2164.40026095723, -489.6883561409039, 2526.816201769212, 2298.2873889675793, 501.64344120535566, 1711.6274313233218, 487.606850238054, -1788.04403574947, 171.1432425369304, -209.7525434356542, 256.87947549446903, 371.1504578047891, 7117.254812840778, -2748.6630570734405, 438.1393816441016, -2842.5436700188375, 5726.414363526862, 1079.5733106393313, -942.1847202782749, -213.71723926350867, -1034.4934786355188, -2253.258131817056, -2797.1948658396964, -2061.8707494485548, -2039.29250793528, 393.9318259338738, -1119.3384048727917, 1320.1657312246548, 471.81399098392876, 1649.435993185495, -1893.9407262630425, 1037.479968675775, 167.91327982548725, -714.9288069686795, -1607.8489244247098, 2922.584341089829, 387.0565602666609, -2589.841957813488, -791.1957923746374, 579.0355518547631, -1751.9921100068316, -2262.2427133067595, -895.7384489036624, -75.42724787072919, -2418.2371267734243, 615.5703540421697, 1395.0532680576507, -1262.0080333328292, -1648.7938793676117, 3025.954885786614, -1454.1690560781644, -2800.471311243768, -1507.3681140253027, 589.5708214790244, -543.3313995150124, -1254.4990499779537, -1768.551149500379, -2378.977187000121, 769.5720467458432, 505.39167043764814, -1480.1303973536824, -598.4082711194612, -3416.573952114709, -1953.2780649040606, -2859.072407810657, 1806.840513594524, 177.50950192698676, 707.9250685449347, 3773.6075360030068, 6471.567671448834, 2611.186745703226, -572.5020397813117, -355.95191201026523, 973.0371398376417, 1320.7301685532282, 8926.523758648493, 875.2647135235495, -1711.7582334736546, -2625.59157120851, -2408.9071164024235, -648.7776846933768, -92.97508536859542, -2820.148184071414, -1898.344216155695, -1754.1838020597866, 1606.7676103668794, -61.26829347835829, -2047.3458540043698, -1498.8654266873848, -2653.2308811820376, 1429.5686810527923, -1212.4194365630303, 1659.7426036028164, 673.089040519323, 904.5350124815133, 1563.1504328635488, -1182.5042324271649, -3614.1701746832573, -2709.975195966512, -420.67006784636806, -9.29815630679903, 1888.0271221823436, 5361.177122702902, 4322.054845896758, -3321.04818814585, 3608.480872836607, 2044.861567062199, -1226.8555423624496, -2808.2317143898213, -743.210266281887, 3116.9836127180993, 5531.863696335734, -626.4125062127974, -2558.7275954496463, 595.4766052901393, 1043.8226052988166, 770.4190898819229, -2702.503566597992, 1587.0114949374927, 2595.7337916893134, -2991.6715174573574, 38.27457159740695, -1053.8799485209092, 2821.4783033582553, -1956.4130415790205, -1458.24146833035, 2022.0288360875265, -451.59482154056354, -2730.133449381504, -163.2904847284441, -1085.0015381171152, 2303.881231614655, 685.3871201213447, 66.97681881975322, -2568.4095124287487, 989.9799048304887, 806.8853636979279, -3022.4607000835013, -2652.8974887766617, -1005.9783693822171, -1225.8486786940125, 1651.5789984047783, -2847.345069705298, 1090.1460001555436, -1858.363598071212, 2100.332955000275, 1879.2543430688443, 272.6859230295722, -865.1487843045268, 82.53620744021029, 1340.1156993677973, -505.02038705803193, 388.12853686543633, -854.9685198735531, 375.2582184394904, -497.26364408781046, -2122.391429577242, -2310.107298059881, 2884.8098210929925, -482.74534919418693, -2194.6432548727944, 4342.877535042876, -376.4415591871481, -2883.196372132605, 666.0338728512962, -3459.8357161375584, 6406.3906342081045, -2707.1835385306754, -391.2097792859256, -1164.2088352268204, -659.1123278599757, 743.2329312038485, -89.44334411704054, -1253.5623858495328, -12.5953124717187, -1619.0807034133313, 2039.4252179996797, 2163.602983270107, -82.70318069856856, -3293.30485283901, 2351.305393813948, -3091.9194442760518, 877.9902886656046, 1118.067585266249, -2234.719317881967, 355.01057082412353, -1930.6225762901986, -1309.5382866097539, -1761.5328540167282, -1204.7076689739433, -2026.3120973267087, 938.7528226239065, -2774.097473410984, -1850.7682554529702, 349.7143903769572, -2010.5942255029904, -1908.9392016464953, 4744.935456433601, -237.12327415214443, 4527.041055294251, 877.9017129542201, -618.7512043492416, 556.2577383670668, 105.50721374961446, 566.9544502940705, -489.95422125328514, 1274.146213620895, 2363.409528182448, -1221.0439383526734, -712.2663732637702, -653.2136584210596, -2642.4227134280986, -2019.5346606542194, -2393.370727856782, -268.40402904409984, 5462.376503470665, -186.52023821720442, -2404.117391944877, -1008.8125484855211, -1915.4107039814035, 5805.151073801171, 1220.269908875572, 1000.2484052619566, -631.5084374886912, 8034.930987829199, -2850.3790278091783, -2868.4644735446823, 533.708447636679, 1039.6150533408438, 1199.8523129433868, 2361.709947785509, 2436.223972687786, 668.2751942082718, 440.45892450140207, 6534.768232732578, 1823.5321204985821, -3062.301811820549, 385.1964346870368, 1662.6276821697863, -655.0064332371519, -2341.2617358804555, -235.0818542485063, 164.06735041205545, 194.66493943655766, -1933.7107433402375, -969.6926718462555, -2510.0339341788513, 1443.137184372315, -191.60440242574063, 1284.239093220228, 600.2469788662532, 4788.582701033435, 218.00610098324645, -2379.093101548857, 528.6932700920438, -1027.4121887180231, 1484.5546475520562, -793.9815182634766, -2359.0520280100204, -2113.6843028374137, -1119.2661177514692, -7.000115291847834]"
0.5,6000,755284.4622425272,755284.4622425272,0.025191783905029297,251.47414750020684,"[3, 4, 3, 2, 2, 2, 5, 3, 3, 3, 5, 4, 4, 1, 3, 3, 3, 3, 5, 3, 3, 2, 2, 3, 3, 2, 3, 3, 2, 3, 2, 1, 1, 3, 1, 2, 4, 4, 4, 1, 3, 2, 4, 3, 5, 2, 1, 2, 5, 3, 2, 3, 5, 3, 3, 3, 3, 3, 1, 2, 3, 3, 4, 3, 2, 5, 3, 2, 3, 2, 3, 4, 2, 4, 2, 1, 3, 2, 3, 2, 2, 3, 1, 3, 3, 3, 3, 3, 2, 1, 2, 3, 5, 3, 3, 3, 3, 3, 4, 2, 2, 3, 1, 3, 1, 2, 4, 4, 3, 2, 2, 2, 2, 2, 1, 3, 2, 2, 3, 2, 2, 3, 2, 3, 2, 3, 2, 2, 2, 2, 2, 1, 3, 1, 3, 2, 4, 2, 2, 2, 1, 3, 3, 3, 1, 3, 4, 1, 2, 3, 3, 2, 4, 3, 2, 2, 1, 2, 3, 3, 2, 2, 4, 4, 2, 3, 3, 4, 3, 2, 4, 2, 3, 3, 3, 1, 3, 2, 3, 3, 4, 4, 3, 4, 2, 3, 1, 3, 2, 3, 3, 3, 2, 3, 3, 3, 2, 3, 3, 3, 4, 2, 3, 4, 2, 5, 2, 2, 2, 4, 3, 4, 3, 2, 2, 2, 3, 2, 1, 2, 3, 2, 3, 4, 1, 3, 2, 5, 3, 1, 4, 4, 2, 2, 3, 3, 4, 2, 2, 2, 2, 1, 4, 4, 2, 5, 2, 4, 1, 2, 2, 5, 2, 3, 4, 5, 3, 2, 4, 4, 2, 3, 2, 1, 4, 3, 3, 2, 3, 2, 3, 2, 3, 3, 4, 2, 5, 2, 3, 1, 3, 3, 3, 2, 3, 1, 2, 2, 3, 2, 1, 1, 1, 3, 1, 5, 2, 2, 2, 3, 3, 3, 4, 2, 4, 2, 4, 4, 2, 3, 3, 3, 3, 4, 2, 2, 2, 3, 2, 2, 2, 3, 2, 5, 2, 3, 3, 2, 2, 3, 2, 3, 3, 2, 2, 2, 4, 3, 3, 3, 4, 2, 4, 3, 1, 2, 2, 4, 2, 2, 2, 3, 3, 2, 4, 2, 1, 3, 2, 1, 2, 4, 3, 1, 3, 2, 2, 3, 3, 2, 3, 5, 2, 2, 2, 3, 2, 3, 2, 2, 4, 1, 3, 3, 2, 2, 3, 3, 2, 3, 1, 5, 2, 2, 2, 3, 4, 3, 3, 3, 2, 3, 2, 3, 2, 4, 3, 2, 3, 3, 3, 2, 2, 2, 2, 2, 2, 3, 2, 1, 3, 3, 3, 3, 3, 2, 2, 3, 3, 2, 5, 3, 3, 3, 2, 3, 4, 1, 2, 4, 4, 3, 2, 2, 3, 2, 3, 2, 1, 3, 4, 2, 2, 2, 2, 3, 3, 1, 2, 2, 2, 3, 2, 3, 4, 2, 4, 2, 3, 2, 3, 2, 3, 2, 2, 4, 3, 4, 2, 3, 3, 5, 2, 2, 3, 3, 2, 2, 2, 2, 4, 4, 2, 3, 4, 4, 2, 2, 2, 2, 2, 2, 2, 5, 2, 1, 3, 1, 2, 2, 3, 3, 1, 1, 2, 2, 3, 1, 2, 2, 3, 2, 3, 3, 2, 3, 2, 3, 3, 3, 3, 3, 2, 3, 5, 4, 4, 3, 1, 1, 3, 2, 3, 3, 2, 4, 2, 3, 1, 2, 2, 2, 3, 2, 2, 3, 2, 4, 1, 2, 2, 2, 3, 1, 3, 2, 1, 3, 3, 2, 3, 2, 1, 2, 2, 1, 1, 3, 3, 2, 4, 2, 2, 4, 3, 2, 1, 2, 3, 2, 2, 3, 3, 4, 2, 3, 4, 4, 2, 3, 2, 3, 3, 3, 2, 3, 2, 3, 1, 4, 3, 3, 3, 2, 2, 3, 2, 4, 3, 3, 2, 3, 4, 2, 1, 3, 2, 2, 3, 2, 2, 4, 2, 3, 2, 2, 2, 3, 3, 2, 4, 1, 3, 3, 4, 2, 2, 3, 3, 4, 2, 2, 2, 4, 3, 2, 2, 3, 1, 2, 1, 2, 1, 3, 2, 5, 2, 1, 2, 2, 1, 2, 3, 3, 3, 4, 2, 3, 3, 3, 3, 3, 2, 2, 2, 3, 3, 2, 2, 1, 1, 1, 2, 1, 3, 2, 2, 3, 4, 2, 3, 3, 1, 4, 3, 4, 3, 2, 3, 2, 3, 3, 2, 5, 4, 2, 2, 2, 1, 2, 1, 2, 2, 3, 4, 3, 3, 2, 2, 2, 2, 2, 2, 1, 1, 4, 2, 2, 2, 3, 2, 3, 3, 3, 2, 2, 2, 3, 3, 3, 2, 4, 3, 3, 2, 3, 3, 3, 3, 2, 1, 2, 4, 2, 2, 2, 3, 2, 3, 2, 2, 2, 4, 1, 2, 3, 2, 1, 2, 4, 2, 1, 2, 2, 1, 1, 1, 2, 4, 2, 3, 1, 1, 2, 3, 4, 2, 3, 3, 4, 2, 5, 3, 3, 2, 2, 3, 3, 1, 3, 3, 2, 2, 4, 4, 4, 3, 3, 3, 3, 5, 4, 3, 2, 3, 3, 2, 3, 3, 2, 2, 2, 3, 4, 3, 1, 3, 3, 2, 2, 3, 4, 2, 3, 2, 2, 2, 1, 2, 2, 3, 2, 2, 1, 3, 2, 5, 1, 1, 3, 4, 2, 2, 3, 3, 4, 3, 4, 3, 3, 3, 3, 5, 2, 2, 2, 4, 1, 2, 2, 2, 1, 2, 2, 3, 3, 3, 3, 3, 3, 3, 2, 3, 3, 2, 3, 1, 4, 2, 4, 2, 1, 3, 2, 3, 1, 4, 4, 3, 2, 2, 3, 4, 4, 4, 2, 3, 4, 1, 2, 4, 2, 2, 3, 4, 2, 2, 3, 2, 2, 3, 2, 2, 3, 1, 2, 2, 4, 3, 2, 1, 4, 3, 2, 3, 4, 1, 3, 3, 3, 4, 3, 2, 2, 4, 2, 3, 1, 2, 4, 2, 1, 2, 3, 1, 3, 2, 2, 2, 1, 2, 4, 1, 4, 2, 2, 3, 2, 3, 3, 2, 3, 2, 3, 4, 2, 2, 3, 2, 3, 2, 1, 4, 4, 1, 3, 2, 2, 2, 3, 3, 3, 3, 2, 2, 2, 4, 4, 3, 2, 2, 3, 1, 4, 3, 2, 1, 3, 3, 2, 2, 3, 3, 2, 2, 4, 2, 2, 2, 2, 2, 1, 2, 3, 3, 2, 2, 2, 3, 2, 2, 4, 2, 3, 3, 3, 2, 1, 3, 5, 2, 3, 3, 2, 4, 3, 3, 4, 2, 2, 2, 3, 3, 2, 2, 3, 1, 2, 2, 3, 2, 1, 3, 2, 2, 1, 2, 2, 3, 2, 1, 2, 3, 2, 3, 2, 3, 2, 2, 2, 2, 2, 2, 4, 3, 3, 2, 3, 2, 3, 3, 2, 2, 3, 5, 2, 2, 3, 2, 2, 2, 2, 3, 2, 3, 3, 3, 2, 4, 4, 2, 2, 2, 2, 3, 2, 2, 3, 2, 3, 2, 1, 3, 1, 2, 4, 2, 3, 2, 3, 2, 2, 3, 3, 2, 2, 2, 2, 2, 3, 1, 1, 2, 3, 3, 1, 3, 3, 3, 3, 1, 2, 4, 2, 3, 3, 3, 3, 3, 3, 1, 3, 3, 2, 3, 4, 2, 3, 1, 4, 3, 2, 1, 2, 4, 2, 3, 2, 2, 4, 3, 2, 2, 3, 4, 2, 3, 3, 2, 2]","[-683.1432505987644, 317.2055569110585, -478.5605318599892, 419.82912314301456, -68.75330845626169, -494.21073048072407, 1944.1240596674802, -140.2261329433461, 331.69127293401283, 493.003403823725, 1157.1129017809455, -684.3877487834394, 120.7143433575196, -2447.2164006942726, 678.160296051373, 574.0702887313464, 499.54909629943387, 1389.8758809003616, 2178.9048267173753, 567.348384587776, 74.38535730855716, -22.491502243301575, 238.19893773717763, 443.9277124276217, -401.291361278063, -423.6719219077426, -282.3452744418351, -2709.2407392833475, -2364.135605143924, 291.28240487057286, -72.60270405378625, -104.65017168004371, -144.75177573109735, -2054.74902913209, 39.7192489115585, 714.1497928133143, 987.8134100394807, 1246.7231744019978, 1267.3003633336039, 1519.7094775784276, -298.66295489848966, -48.902262313056134, -404.29930058152513, 840.0576240954092, 975.3097801067513, -9.451419941556537, -223.57967619896678, -288.0428869501855, 1220.5835449610445, -118.51644318305122, -177.74729488549366, 174.6389940739059, 1167.951048797, -471.7670776794759, 784.0928747541506, -2021.37185111881, 269.0089427286684, 191.31748695694844, 69.91800532663586, -608.791160456029, -64.62956958078632, 1057.256318924252, 1377.995718585237, 960.3891772333059, 1020.4550740020702, 1883.7697922896662, -253.2740190326847, -431.7771595297558, -378.64145880812947, -379.03191073099543, 185.3566081574526, -226.20009447321866, -159.31550929372014, -1423.0801739287426, -2744.5293202748894, -371.57364789874566, -1206.935449833523, 558.7750920955472, 153.91014918813067, -153.8739866089793, -366.84389383376487, -360.21330424093713, -2144.1150027371027, -2354.482600061517, 112.43025428082558, 469.2813769474962, 496.6720302878236, 40.97195378152286, -2962.252271928863, 10.052936550720055, -92.4073700646614, 1234.9223284285945, -1939.3027838403557, 1011.1914268555972, -407.39962445866763, 1031.8396019173465, -65.96709740864537, 932.6089796017479, 971.6999726747622, 536.1805847956739, -65.13311535914369, -234.7860009646043, -522.3085552660733, 151.29952590554785, -447.8449886474917, -242.93479838398042, -412.38690110381384, 555.2975127494742, -5.815672334541837, -121.49910597650748, 346.854240886598, -396.5642929455262, -102.64443690827761, 526.7914120352893, -166.8686026711166, 1162.9762066407002, 535.5051665556472, -532.6505552795335, 357.21443133830263, 693.9978768396272, 332.910052210678, 450.41899880733564, -229.50417412197373, 135.8169025371016, -47.254719295567874, 145.96414872413817, -62.92440805925916, 14.10334369352767, -359.7697805209345, 308.707084406507, -158.99725695142695, 345.1486169666054, -59.58980032617624, -609.2406242199578, -181.32080569514088, 721.8242043227947, -997.3585779814991, 426.29538988597807, -550.6760154764871, 1832.779314359724, -204.11268594286875, 977.7405439362622, -208.18025985570927, 465.30911161752016, 355.08792901646, 15.704104769065161, 445.52675668186674, -389.46744158489025, 34.300666629737684, -484.2264982465762, -2050.108258297983, -554.354299332113, 1943.3085076977409, 1368.8441774103042, 465.1833787440042, -420.07035948198956, -468.2430246882201, -318.79374190317384, 111.72856997888925, -551.3669249713946, -444.1767309495467, -394.8800210456072, 642.4332802421233, 656.4349732438415, -41.49955591631028, -269.9561842688984, -168.21298521882383, -566.2402997185245, -449.64793017824985, -163.635943934669, -114.67906036684445, 1394.6067641616248, -251.7028409882571, -1577.700219153112, -3026.2185030368114, -74.27443775782513, -86.20387045653521, 6.909713587608003, -2846.503105186932, 691.5834329762781, 41.43104611036227, -2566.0027656892094, -319.070543939771, -453.2892942919047, -114.43205590635372, -228.00717742580207, -474.3666191192995, 213.1585908523721, -194.01896933439957, 714.9937404823743, -2298.817252797605, 1308.7774671641089, 272.5587216553143, -293.99661325280823, 226.0949013720861, 252.055196533424, -105.6062947590932, -309.2397863477977, -178.11847851969168, 441.1213932608291, -130.59413022956863, -463.86705667977134, 161.96889424063522, 1149.8394383233247, -418.67026987253774, 1088.4495098757707, -601.2028533485693, -176.07989041218397, -513.6035962630356, -3178.4574255389407, 245.90934849888998, 930.5687511108464, -1986.437487063391, -437.95513813040424, 337.1410571265456, 94.09833731027888, 229.321035731339, 935.3552867341847, 657.3161021676121, 1278.8883910498962, -582.8498093823332, -396.5434302257574, -28.919825222185416, -608.1567872784271, -11.815978297173054, 475.7367864876193, 390.37975267388236, 1107.5555591094062, 716.3721094250585, 529.7792707208989, 1953.2206953556724, 217.55889133972724, -424.2695189410474, -510.4519784506458, 779.6723195477832, 256.1008957038859, 721.7154140572308, 1096.7182651843962, -539.816444638913, -160.57807893646216, 56.32444717367316, 99.38923232609665, 1568.0159918981535, 1509.4247952009896, 366.5508923271923, 2108.511616307567, -137.72826469809493, -1205.120330294979, 38.56000303204711, 717.4244663617417, -584.397813882329, 1656.086727357573, -123.12799615728588, -173.64042343662763, 1252.873800614807, 854.1378594585417, -104.33944393068785, -431.57716757992984, 87.0429215187456, -1392.5674091236492, 202.76609895202526, 2.7624758250970203, -297.4932998610248, 584.7963311809943, 566.2973608726285, -417.37511804996467, -336.4659596455716, 226.77967496795924, 153.44011755028143, -2640.909239673177, 643.8182218415056, -366.88804691774084, -210.35236211702403, 123.36264772377785, 260.066605113157, 639.6376436327312, 790.0646390634589, -259.013477514724, -361.540349919283, -259.5310483388379, 573.3628548157218, -364.1290278951792, 591.181316694642, 461.53506627818916, 433.97645930233534, 411.3495932015125, 254.2751531092253, 710.9837279601843, 756.1779787033515, -607.7996330262953, -324.95005159201486, 1066.9419227231829, -269.6787533294236, -2170.022471806796, -411.27119257559553, 2273.8886799428033, -609.5202858027033, -439.37618409193686, -2330.1512111980483, 62.598735435232065, -1805.4034424571978, -269.0804534729361, 60.57613492271485, -183.7798172347848, 1545.7546944755675, 60.2174471336884, 430.8779733316473, -1886.5067737816667, 12.418105358245008, 296.2332637664096, 52.600180736681544, -326.1531335443089, 157.5065449574484, 1075.7675397949315, -119.72560056499415, -241.44434565755074, 68.27910243909639, -176.64081786477914, -369.1620054460379, 256.12855012740613, -124.81829892172613, 1285.3974634854362, -125.73431225502492, 1667.9132642473992, -543.324240416549, 631.9904927393002, 121.94545464111496, -133.66992127063983, -615.9860902666608, -922.9394063792975, -348.0693630580071, 555.2707029414926, 231.16879395807513, -195.87351926488708, -36.33622039323948, -470.4471299574124, 302.09903903041277, -242.25790662553737, 294.5193892428335, -42.00496254966618, 1450.2652929438877, -509.739181665099, -2553.8233139795043, -1534.2046787556378, 1107.195078576351, -138.4688602462292, -47.12714530514652, 871.366879750836, -110.56950318553436, -196.53377671214614, -28.280414948816038, -2309.1161811724287, 527.6428224227678, 39.453461867788384, 936.2479701135621, -413.9850609646095, 168.89893744929975, -388.4189109836162, 178.34635633092714, -293.62888526308836, 135.44242745504542, 661.2662146192681, 94.31212247610978, 360.6779990895389, 589.0106612888234, -431.57376928775915, -80.085459727727, 451.45467560666947, -362.6419647464949, 703.4068366815895, 330.75875734534196, 1571.5636133186345, 301.29389574078857, 566.8804134938689, 104.64258117952181, 1293.6053185720407, -8.293398704873972, -424.52869642618094, -488.3069349147014, -429.20935772454806, 587.269132341727, 831.5668827086739, -580.1975719558129, 31.475018945997327, -209.22517288332185, 351.3842213805847, 235.05207246226132, -34.90994975922428, -281.1494258315462, -68.66902948335806, -316.6374063889601, 552.5599861812943, -405.7604680538697, -172.58719843338707, -679.6563312307363, 285.9306991280359, -2113.0250421002174, 179.2609897781215, -140.83335187137305, 65.38440816164658, 381.72404680024283, -158.242476777951, -540.0162182099072, 325.612668893156, -1792.775619187566, 366.9785526962499, -387.19071354784063, -524.2698030162936, -3016.86232367013, 3.3432054317924482, 1839.7399981450988, -133.13941056048495, 138.54495250082132, 356.9438649746795, -2511.786024275379, 1330.8008021164958, 436.8035754096191, 723.4130168941489, 401.1054635885762, 553.7739478116163, 582.0578423211289, 27.54472793114634, 417.8683376718002, 62.909732933914846, -10.750740512614733, -235.99124682969628, -342.41257195247516, 406.573400988154, 34.248888130679966, 429.67386771114155, -3306.042444335051, -279.477626180234, -496.57514204393516, -359.6307966528927, -3166.4882769265873, -606.9598786049442, 1269.6477170885037, 208.12215061274873, -259.2550168780147, -1293.1408900955062, 581.3325328610442, 204.91011417135257, -161.6717565763676, -0.9060443434507377, 836.377590326488, -126.95674615283588, -107.58266409538194, 428.8913012038794, -439.9808762698071, -102.17788374399137, -59.81138100641738, -540.3585083047179, 51.67189538799965, -332.8372903762058, -289.9225585057822, -260.65824730908395, -2150.0935098024383, -1414.6890267416684, -432.74326317923993, -32.48229063707348, 28.435501034443682, 278.9192008763512, 376.0739599077778, 158.01140389143748, 1547.213085291133, -25.594249453208654, -1794.3417425393795, -187.57440980728404, -167.91784223720109, -173.56146636343482, -283.2129218023658, -2310.8668053386473, 537.0373048929812, -406.26439604930033, 605.486510125879, 227.00282622809806, 35.8857280470255, 814.6657631259322, 2133.8114462820163, -158.698644091207, 816.5991889970251, 506.75485893314163, -340.1171983880076, -164.98455720020348, 1121.3813767856345, 558.4328020007364, -514.4325683045106, -354.5082034928261, -547.3119122029786, -339.4484709101282, -1604.3103863615856, 1285.5841710433724, -2210.2414080040157, -320.47639720664694, 970.0670120194816, 1274.770816619347, -378.8784371109394, -2099.9244639192502, 401.6794309661574, 362.454047036007, -102.207386593709, -424.14640878387866, -2053.378073486743, 1010.5666474628579, -299.1640360154922, -1555.9407716337041, 276.744475354409, -114.16696809085025, 263.83003691090266, -235.63899730767733, -70.84660133944797, 56.400189504943334, -592.3892055240461, 460.82811680691555, -169.4001306830671, 102.53162891180648, 1238.179256298591, 2364.731939294947, -169.76877549668603, -121.30427208815107, 140.16722964750642, 176.71437129879217, -510.654437754084, -522.5028502889477, 217.15259530008484, -334.7532358445192, -194.07382923389414, 488.6472109480779, 161.06787426694655, -268.6849952564193, -131.807910002231, -532.9819953613367, -233.03853838021485, 322.63947622660305, 1137.922033974261, -856.7516811389164, 520.4109767040006, -1991.9522301851998, -120.46890401091744, 995.9608007903728, -2656.4395383810906, 860.9767179093207, -392.11244566940536, 376.4877370234348, -584.743881010927, -269.34294125708146, -370.9195690110722, 265.1130906512566, -87.23048151138391, -20.63664401604604, 82.45076760186691, 1783.3060264751073, 1702.6967735652734, 747.1833473907889, -262.48197509259455, -169.98533271798095, -251.61154079109303, 1152.635459786843, -445.3526207573264, 723.1212636097309, -686.453958896229, -472.0330298225249, 342.0092389093312, -345.63161976212825, 655.4939304177888, -454.16011230706874, 539.6553316168976, 190.93626857010383, 184.43479950375996, 450.71724778199206, -138.23767983661094, -574.8679850947477, 297.9352563012559, 561.4452660846748, -345.8084283115191, -371.2537037786638, 85.77249822608655, 805.167044357813, 94.82059808110142, 189.82426217505483, -699.7476512560764, 173.5291432602443, 139.69646699896128, 578.9728994761081, -541.683943169867, 786.4745458170474, -295.28490945287416, 214.51575549613347, -475.5485979271073, -228.61466241934798, -421.104650373051, 1602.7893887353268, 449.15229926891084, -1305.7427651924447, -150.7573241952465, 576.7079523906248, -2470.004903315218, 1749.116195603314, -416.63899990546224, -908.390535424503, 294.0041353850101, -94.16206970543178, 269.9786630491551, 449.42193469397546, 33.555510021122636, 64.35743103290167, -477.0023677413674, -118.2704497230518, 13.818973235777612, 1808.7883696182066, -61.88257193450827, 354.6812042146353, -63.7676258331149, -289.4003734610941, 1100.9297015103093, -209.00775759556868, -206.17831454653145, 1159.9080356144766, -827.8345230137309, 180.12761190404203, 44.371653785367066, -725.1797620348088, 1855.769028692734, -219.84453596420616, 665.9154496768468, 46.305247112067285, -432.27332391266503, -552.4175444235835, 312.52080309230365, -272.8489446997898, -735.4204669315734, 217.2265595305464, 149.91259863372335, -358.42917488755484, -16.486942494839106, -181.81964733498793, -152.733234727986, 43.56716508795832, 690.0648830464963, -256.01078571282926, 1338.2407823781462, -221.7268180462679, 625.0994990937327, -15.377551626304815, 1980.3884766424571, 424.18159945426015, -268.0916288214823, 172.67592239671177, 578.1544221324069, 1006.0870943397044, 578.626148094756, -59.248293116481, 262.4141574863459, -2524.8078377628053, -170.13787539947845, -451.6676509040512, -507.1968036401408, 1424.3005751098917, 1105.5427722141908, -1988.1977367192485, -433.2744768320371, 934.5368093904835, -2975.9505931523413, -316.9415608133965, -177.12588207341943, 1037.166661906609, -446.2365960152448, -237.47323323988144, -254.4336604607294, -2725.9131794949026, -602.6721936964434, -606.3214371008171, -55.23109181741345, -283.09889263020034, -381.8348424128157, -2153.62692012504, -3215.9185152184523, 326.5761705865046, -188.44338029890952, 589.488226209399, 168.58848062141672, 571.7675747416422, -183.6392158676382, -451.2212559922985, 336.8927468197153, -188.13513245142653, 450.0620768097761, -247.65814296228305, 497.67626960768206, -643.7088742026325, -22.205601273206447, 615.1433899426576, 354.54738957582657, -268.4224462614949, 267.87981515083266, -2820.853854905603, -268.88338279968144, -194.3101304737825, 166.87893173365356, 179.77825230546742, -77.68336758331498, 608.9426200146506, -226.98592388692887, 526.9640870940812, -554.4403571890243, 2042.5967700607894, -733.5082895437025, 767.2489200398811, 411.1215489718408, -377.705326548456, -1598.1146552219345, 111.87124788760906, -195.48306734202112, 916.9157979970889, 1475.7636352081192, -321.6700053176619, -617.9098927408884, -159.01265457399575, 105.32378090600798, 985.3584910202245, -2985.8242087406134, -592.2157064904678, 805.8795993381455, 719.7068660433199, 821.6305709752048, -151.53806318061862, 216.22007971141397, -1923.44083807849, -208.81608528904138, 537.3891452960877, 1308.3290136174724, 159.18544539247935, -372.24376140435703, -154.71789758893348, 188.71354955592295, 98.07391101448937, -95.06746961660485, 7.867030314737967, -209.10436624152393, -80.53947110121689, 425.328801792143, 1063.321876354215, 45.087136303357916, 422.821014352983, -2826.6131698434137, -438.9030647925636, 649.2220522105522, -264.4883076485487, 221.85529475425125, 1271.5137021529483, 243.5819947556297, 458.66550105460016, 696.6590939265318, -2679.127884698707, 814.8628969122935, 241.18870220129207, 668.214970182833, 669.9623783460914, -379.56026483764435, -489.47466505895216, 88.04340585070236, 150.96162317697303, 806.6848201169046, 206.8532785665601, 265.76994968688535, -1668.4015552680523, 237.54246706024963, -599.4697283235547, -2033.4278032905272, -386.055269996179, 956.2323891624992, -192.12351167807373, 234.57683319776532, -93.47831337113703, 161.45431744573335, 499.59539625037195, -296.17835843261213, -321.22024311296843, -436.59820393589723, 813.9466725319045, -17.58516774430567, 360.5122894287432, -320.66707555851883, 275.7174089714677, -599.8846730881116, 287.6060692150841, 153.6721017493226, 903.9921055932786, -2620.4242376660636, -791.7821416496681, 730.4419844293855, -1312.4659449785354, 426.71849893109874, -3296.081547030238, -116.82736979793413, -2067.381261813844, -324.29251177908867, -269.10117299521573, 267.8162557002087, -2170.5364025335243, -265.3417717485155, 1607.6807663473487, -397.21700863455254, 196.6316454351341, 7.790450677221131, 204.65331459973336, -626.555528011179, -775.505443741816, -204.92679437130312, -82.31420948696965, 862.7626763352721, -410.8461550423447, -359.01884806501323, -2494.8550863338696, 639.200503280767, 715.0927242301268, -457.5645916307661, 86.40032411975531, 1197.9723644747353, 1754.5604464682172, -1618.107854100403, 427.4390557342506, 353.0870757918247, 517.8709154064138, 175.59872618685517, -150.2356030736168, -150.68822841937475, 215.37609226444332, 1255.3380008567715, 54.20368760494727, 110.66732236798131, -641.2949300398717, 290.4670597535233, -2206.7659755249047, -325.8264023375105, -258.26988548403955, 945.8042298480491, 390.8024929528495, 194.4731972897258, -81.20549208644064, 474.5862438736131, -244.80152621970083, -335.7814461864227, 288.75412476347145, -288.8328860150396, -661.054288368606, -623.6991297668883, 489.45984097750596, 54.463139750565595, 225.28048719359504, 855.7783615136764, 255.06990471155274, 769.1453110881039, -2542.750802591638, 55.92244139249819, -2927.6155329206367, 310.71526820037576, -208.34750014830962, 333.0804856286176, -1745.744311458283, 115.3670663098087, -472.2038295532799, -270.2284644561957, 382.61278780763513, 636.9608417780935, -127.38324130024517, 113.02661833989089, -1937.2271511248978, 702.8048997298167, -249.45590528834524, -351.7149897913781, -120.88291783691588, 2096.932867002266, 333.8969632561409, -270.69309617663833, -301.6164998710182, 1550.5789702603663, -498.4056542219051, -309.1764578242663, -172.77787678525894, -75.02251078705763, -422.9296840029013, 0.350735098406453, 452.8277236978478, -446.55840201244376, -263.15125117249966, -2400.262223538411, -351.77213975532385, -339.35170561576416, 226.94436736717643, 386.1846652139197, -278.2374720544105, -455.33229193099356, -421.2454787139954, -2216.3598358981194, 1744.5164823798923, -467.19997263506565, 591.5780883057095, 132.706658443932, 684.2543440188022, 11.0649394830998, 1692.3801046024098, 15.115660970929916, 358.6457046710524, 626.1541720940473, -566.99716490908, 1731.9419020131245, 760.7245273999836, -396.82163059942815, -486.7560843194769, 191.06847382693527, 85.2739685973834, 1305.7566409667038, -141.0113184525797, 371.5920378729905, -135.67325553872604, -248.4280897117756, 1160.7715716982896, -335.9372936472385, 37.4287311339606, 1250.4692528266403, -2141.011915518922, 646.8975225166351, -316.51028748771216, -32.96064410655412, -47.931437240306714, -113.0106411786677, 185.9358098246007, -302.77689854337683, 130.07883367771052, -133.61568413239533, -337.27696834205955, 350.6158826325722, 133.3236074227537, -37.618573115728346, -193.98308737529976, 51.923059099350716, -82.16236219990333, 427.48668729178956, 163.74994488583786, 1374.8836133338941, 1257.5679666638775, -243.61669284115803, 490.89591579545385, 519.9184606550637, -96.0656916423213, 27.82177051192037, 533.191754320754, -22.462229962297904, 507.96928393776017, 2077.416023140324, 137.2179132291086, -275.45181332319584, -510.79426854545665, 1773.1177051290751, 631.2964252574798, 330.2271687847637, -367.655700007866, 354.06719987003055, 264.00723627233253, 360.1109874928695, -48.20449438392465, -121.84540481539744, -229.34940451158144, -2.1329879006795025, 3.2705507620462626, 836.2411174498907, 765.7255942657032, -464.09987944609674, -496.0073473232311, -268.7831574827236, -282.92432446062395, -510.7025995821391, 891.2129005499371, -171.7635311263274, -2976.1340247112885, -2051.9251276472696, 154.46486672801305, -92.36653161600714, -170.04072788804118, -29.828579811596505, -54.40576208774264, 348.3561057984404, 670.8739957181883, 235.98030417301152, -42.091006172458734, -456.6124959812026, 1606.179763670279, 345.9989275772345, -199.94725774211332, -400.29604336362246, 834.2109558546304, 439.4567437746979, -117.3380809267864, 7.211182279600429, -106.06085395140954, -147.33429809595242, -202.60704399723912, -2750.640973511078, 712.3166414480096, 18.04755998019558, 362.39811671484057, -487.1710290840338, -161.2703780540179, 206.8895523598174, 643.8013084692716, 730.2202620762481, 1350.1655204359704, 822.674461715103, -404.4693338092607, -255.65392185077658, 860.0140608315105, -184.89230807418474, 1289.127281276206, -129.32315779060366, -12.280692891265296, -437.8951953507828, -134.45105220962898, 506.5048690384047, -119.40171545342432, 36.25923110085221, 376.38127591404344, -431.36384481256437, 330.13146531710566, 81.11263291701559, -437.54843770834367, -296.96663381778876, -617.9655284551255, -21.80960778612397, -180.6314327347465, -90.39265575197044, -1696.4267253836551, -1903.2514083572753, 733.4629553264232, -2525.2019847327483, -410.0339801020901, -453.71989055466753, -1160.2682393082982, 647.3835140689177, 762.5269861079938, -259.488360075759, 2071.821405457684, -661.1686953797291, 460.08525649920267, 510.75510417333754, -2248.5417940845286, 462.9550949781432, -244.75073679470844, 1316.4588508060292, 1253.7458338394306, -156.8089499728458, -582.4631478247145, -89.24002928709899, -2202.6561100468266, -951.1108165340323, 167.2733690936756, -56.29334902367939, 336.108062584199, 264.1988455627629, -341.79971549404115, 668.2820918833286, -1541.7490775819547, 56.726533255699984, -470.0327154633716, 169.39661746241478, -265.46750102711525, -397.9834770299417, -148.94162159220113, -234.43871676602473, 406.60007792800656, -721.4991700467776, -2141.1054463593564, -874.8279888963691, 571.4651751110912, -177.90130737103166, -172.08641125957402, -134.16684301732246, -390.41221026013665, 462.35625637563334, 367.21498841920203, -587.2445066945082, -4.088163816167203, 322.67876480928413, 682.6947758754173, 1310.8722898473648, -140.5132377714223, -2186.1091540721195, -109.3854355268117, -663.3961980918787, 86.21919607617903, 271.9724211292248, -134.87826237010313, 272.56185388196593, -68.10130251524512, 177.2784651891703, -440.5176226529359, 256.50003858291547, -73.27658102280554, -709.8811883695253, 1947.3619749782993, -291.1788085797821, -675.7137968658537, -170.13949763507742, -2604.2559297141115, 1517.0096325493118, -471.58625179104007, -233.22260231749624, -465.87592727310533, -422.6396309717783, 553.800275628585, -1901.263437122093, 154.40600653530947, -2606.9855332581806, -410.5782744111655, -121.16289490626178, 583.8698789515498, -295.92149291371965, -250.5151566585319, 1348.4194818294561, 203.27437286564228, -129.04349620785825, -155.04840673217805, -397.78918200706727, -2.7704442840361665, 354.2228435445122, 335.5197825048455, -374.5563944685104, 115.70354782368901, -529.5006255305568, 718.1241133579219, -204.40752317443486, -103.68180189048394, -2061.4563595084187, -595.0123223179219, -551.3664661678455, 1047.244758440923, 159.5757150261348, 1189.662829332987, -76.50418518609891, 74.54968094162089, -288.65130288229, -132.34765670174536, -186.2769731592284, -278.23655456677164, -104.6381369723, 1003.7954719293032, -420.3755250263768, 127.6994623911724, 20.375221900764224, 96.30026752499606, -552.9442104668196, -439.3870341049445, -347.94772270487886, 1243.414776568631, -674.596451142243, -456.48923417567454, 94.03454126877295, 298.67256064263756, 892.8967351479122, 544.4560252669129, -167.13741424085433, -966.974324710132, 1557.5124002193397, -435.6406431891337, 124.92551547843567, -60.93897450307822, -87.14055874698599, -564.137613294911, 85.06377805666955, 1635.6438153437816, -226.51920062331413, 793.591919296362, 884.9523054542003, 353.4931412627532, -201.49356072777667, 500.5773599208904, 333.9530584376671, -312.8382393050604, -706.078725340192, 1021.4146733178138, 334.8060547807402, -318.1001245104773, -383.1465543873485, -445.22365354934067, 655.0302183486816, 412.70869630886693, 1060.5874567787375, -85.44973916294919, -30.459238230114615, 418.1948699019309, -1800.9259494270793, -513.8796411747783, 592.925384581777, 7.299234571915413, -66.80608215688156, 363.1000364660809, -154.65479322748297, 363.60566609530343, -58.3235717811827, -244.68187249020954]"
0.75,6000,1.5579402664564164,1.5579402664564164,0.011544227600097656,0.43169040592656255,"[3, 4, 3, 2, 2, 2, 5, 3, 3, 3, 5, 4, 4, 1, 3, 3, 3, 3, 5, 3, 3, 2, 2, 3, 3, 2, 3, 3, 2, 3, 2, 1, 1, 3, 1, 2, 4, 4, 4, 1, 3, 2, 4, 3, 5, 2, 1, 2, 5, 3, 2, 3, 5, 3, 3, 3, 3, 3, 1, 2, 3, 3, 4, 3, 2, 5, 3, 2, 3, 2, 3, 4, 2, 4, 2, 1, 3, 2, 3, 2, 2, 3, 1, 3, 3, 3, 3, 3, 2, 1, 2, 3, 5, 3, 3, 3, 3, 3, 4, 2, 2, 3, 1, 3, 1, 2, 4, 4, 3, 2, 2, 2, 2, 2, 1, 3, 2, 2, 3, 2, 2, 3, 2, 3, 2, 3, 2, 2, 2, 2, 2, 1, 3, 1, 3, 2, 4, 2, 2, 2, 1, 3, 3, 3, 1, 3, 4, 1, 2, 3, 3, 2, 4, 3, 2, 2, 1, 2, 3, 3, 2, 2, 4, 4, 2, 3, 3, 4, 3, 2, 4, 2, 3, 3, 3, 1, 3, 2, 3, 3, 4, 4, 3, 4, 2, 3, 1, 3, 2, 3, 3, 3, 2, 3, 3, 3, 2, 3, 3, 3, 4, 2, 3, 4, 2, 5, 2, 2, 2, 4, 3, 4, 3, 2, 2, 2, 3, 2, 1, 2, 3, 2, 3, 4, 1, 3, 2, 5, 3, 1, 4, 4, 2, 2, 3, 3, 4, 2, 2, 2, 2, 1, 4, 4, 2, 5, 2, 4, 1, 2, 2, 5, 2, 3, 4, 5, 3, 2, 4, 4, 2, 3, 2, 1, 4, 3, 3, 2, 3, 2, 3, 2, 3, 3, 4, 2, 5, 2, 3, 1, 3, 3, 3, 2, 3, 1, 2, 2, 3, 2, 1, 1, 1, 3, 1, 5, 2, 2, 2, 3, 3, 3, 4, 2, 4, 2, 4, 4, 2, 3, 3, 3, 3, 4, 2, 2, 2, 3, 2, 2, 2, 3, 2, 5, 2, 3, 3, 2, 2, 3, 2, 3, 3, 2, 2, 2, 4, 3, 3, 3, 4, 2, 4, 3, 1, 2, 2, 4, 2, 2, 2, 3, 3, 2, 4, 2, 1, 3, 2, 1, 2, 4, 3, 1, 3, 2, 2, 3, 3, 2, 3, 5, 2, 2, 2, 3, 2, 3, 2, 2, 4, 1, 3, 3, 2, 2, 3, 3, 2, 3, 1, 5, 2, 2, 2, 3, 4, 3, 3, 3, 2, 3, 2, 3, 2, 4, 3, 2, 3, 3, 3, 2, 2, 2, 2, 2, 2, 3, 2, 1, 3, 3, 3, 3, 3, 2, 2, 3, 3, 2, 5, 3, 3, 3, 2, 3, 4, 1, 2, 4, 4, 3, 2, 2, 3, 2, 3, 2, 1, 3, 4, 2, 2, 2, 2, 3, 3, 1, 2, 2, 2, 3, 2, 3, 4, 2, 4, 2, 3, 2, 3, 2, 3, 2, 2, 4, 3, 4, 2, 3, 3, 5, 2, 2, 3, 3, 2, 2, 2, 2, 4, 4, 2, 3, 4, 4, 2, 2, 2, 2, 2, 2, 2, 5, 2, 1, 3, 1, 2, 2, 3, 3, 1, 1, 2, 2, 3, 1, 2, 2, 3, 2, 3, 3, 2, 3, 2, 3, 3, 3, 3, 3, 2, 3, 5, 4, 4, 3, 1, 1, 3, 2, 3, 3, 2, 4, 2, 3, 1, 2, 2, 2, 3, 2, 2, 3, 2, 4, 1, 2, 2, 2, 3, 1, 3, 2, 1, 3, 3, 2, 3, 2, 1, 2, 2, 1, 1, 3, 3, 2, 4, 2, 2, 4, 3, 2, 1, 2, 3, 2, 2, 3, 3, 4, 2, 3, 4, 4, 2, 3, 2, 3, 3, 3, 2, 3, 2, 3, 1, 4, 3, 3, 3, 2, 2, 3, 2, 4, 3, 3, 2, 3, 4, 2, 1, 3, 2, 2, 3, 2, 2, 4, 2, 3, 2, 2, 2, 3, 3, 2, 4, 1, 3, 3, 4, 2, 2, 3, 3, 4, 2, 2, 2, 4, 3, 2, 2, 3, 1, 2, 1, 2, 1, 3, 2, 5, 2, 1, 2, 2, 1, 2, 3, 3, 3, 4, 2, 3, 3, 3, 3, 3, 2, 2, 2, 3, 3, 2, 2, 1, 1, 1, 2, 1, 3, 2, 2, 3, 4, 2, 3, 3, 1, 4, 3, 4, 3, 2, 3, 2, 3, 3, 2, 5, 4, 2, 2, 2, 1, 2, 1, 2, 2, 3, 4, 3, 3, 2, 2, 2, 2, 2, 2, 1, 1, 4, 2, 2, 2, 3, 2, 3, 3, 3, 2, 2, 2, 3, 3, 3, 2, 4, 3, 3, 2, 3, 3, 3, 3, 2, 1, 2, 4, 2, 2, 2, 3, 2, 3, 2, 2, 2, 4, 1, 2, 3, 2, 1, 2, 4, 2, 1, 2, 2, 1, 1, 1, 2, 4, 2, 3, 1, 1, 2, 3, 4, 2, 3, 3, 4, 2, 5, 3, 3, 2, 2, 3, 3, 1, 3, 3, 2, 2, 4, 4, 4, 3, 3, 3, 3, 5, 4, 3, 2, 3, 3, 2, 3, 3, 2, 2, 2, 3, 4, 3, 1, 3, 3, 2, 2, 3, 4, 2, 3, 2, 2, 2, 1, 2, 2, 3, 2, 2, 1, 3, 2, 5, 1, 1, 3, 4, 2, 2, 3, 3, 4, 3, 4, 3, 3, 3, 3, 5, 2, 2, 2, 4, 1, 2, 2, 2, 1, 2, 2, 3, 3, 3, 3, 3, 3, 3, 2, 3, 3, 2, 3, 1, 4, 2, 4, 2, 1, 3, 2, 3, 1, 4, 4, 3, 2, 2, 3, 4, 4, 4, 2, 3, 4, 1, 2, 4, 2, 2, 3, 4, 2, 2, 3, 2, 2, 3, 2, 2, 3, 1, 2, 2, 4, 3, 2, 1, 4, 3, 2, 3, 4, 1, 3, 3, 3, 4, 3, 2, 2, 4, 2, 3, 1, 2, 4, 2, 1, 2, 3, 1, 3, 2, 2, 2, 1, 2, 4, 1, 4, 2, 2, 3, 2, 3, 3, 2, 3, 2, 3, 4, 2, 2, 3, 2, 3, 2, 1, 4, 4, 1, 3, 2, 2, 2, 3, 3, 3, 3, 2, 2, 2, 4, 4, 3, 2, 2, 3, 1, 4, 3, 2, 1, 3, 3, 2, 2, 3, 3, 2, 2, 4, 2, 2, 2, 2, 2, 1, 2, 3, 3, 2, 2, 2, 3, 2, 2, 4, 2, 3, 3, 3, 2, 1, 3, 5, 2, 3, 3, 2, 4, 3, 3, 4, 2, 2, 2, 3, 3, 2, 2, 3, 1, 2, 2, 3, 2, 1, 3, 2, 2, 1, 2, 2, 3, 2, 1, 2, 3, 2, 3, 2, 3, 2, 2, 2, 2, 2, 2, 4, 3, 3, 2, 3, 2, 3, 3, 2, 2, 3, 5, 2, 2, 3, 2, 2, 2, 2, 3, 2, 3, 3, 3, 2, 4, 4, 2, 2, 2, 2, 3, 2, 2, 3, 2, 3, 2, 1, 3, 1, 2, 4, 2, 3, 2, 3, 2, 2, 3, 3, 2, 2, 2, 2, 2, 3, 1, 1, 2, 3, 3, 1, 3, 3, 3, 3, 1, 2, 4, 2, 3, 3, 3, 3, 3, 3, 1, 3, 3, 2, 3, 4, 2, 3, 1, 4, 3, 2, 1, 2, 4, 2, 3, 2, 2, 4, 3, 2, 2, 3, 4, 2, 3, 3, 2, 2]","[4.35333140574912, 3.1120418505891734, 1.8758957302387393, 1.734010735072376, 1.5606621633029036, 2.6493326238879185, 1.8888569562795885, 2.8484605813637534, 1.6376607212062735, 0.5070470764132717, 1.3834997207733168, -0.5182488600564685, 2.966545110834776, 2.0861285786320187, 2.941793020455407, 1.2929506285823438, 0.8835982418007251, 4.8649216929950985, 1.4164045531913558, 1.933010047840048, 1.9467644335457392, 1.4261678581902413, 1.9579276775530978, 2.4015119300901993, 2.710653257169853, 2.71494403789305, 2.2453171272999515, 3.2731894888909636, 1.5219856915429746, 2.8906901325738548, 1.8428035643696592, 3.0096019763226036, 2.1479702416072826, 2.016413754015497, 3.129844751813907, 0.8617092139261691, 1.3727535994651696, 2.468073315361961, 2.523626384864068, 0.7567340244955167, 4.409978162285844, 1.3177926327109633, 4.491065466330136, 2.1074005649601792, 2.537261778796862, 2.768443076534855, 2.4549763196802967, 1.6140444696203824, 2.2528348763360855, 2.25069789029621, 2.0442537085512122, 1.7660832716246562, 6.9290003602559995, 2.4558001056496424, 5.259940963698998, 3.4207683142708945, 1.6820082353739148, 1.9910961286279834, 2.4581680261381926, 2.6033371100830998, 1.5606304790255527, 0.8182658889469168, 0.6178820212866849, 0.8925707204839264, 4.457411894585597, 0.73713212884347, 1.6940957214201577, 2.096918148187689, 2.0593248386722274, 2.3137225608345444, 2.4363244549396597, 4.634189944292844, 2.6203498803229572, 3.397997620797594, 1.7882333994120665, 2.0543243888897877, 5.911903352803318, 2.447318577985969, 2.898329319630488, 2.383249161378398, 1.6697958872486947, 5.302554565357031, 3.04995865555067, -0.34746718180869474, 2.7592583024421153, 2.6319240950549827, 2.9994992197035666, 2.2187540793454454, 2.8316967494570076, 1.2674245133680742, 2.167879733356489, 2.882894654507151, 1.8885688611974025, 1.1561493785418953, 3.3722143270595955, 3.2013492189575903, 1.8381088974875848, 2.896143985865379, 5.208103276995075, 2.971547065164319, 2.5537161888875377, 2.673744970895516, 2.796272469272053, 2.400590904722407, 2.108286077189493, 2.471555841784539, 6.019793450950612, 1.9415359945914015, 3.679539326195786, 2.844830549756289, 2.978434005893212, 1.6908229584561467, 1.565115211832271, 2.4286811682921465, 1.4012533772811744, 1.2603635354830853, 2.777732250681269, 2.2953464378244584, 2.9711042098991687, 1.4622237874518755, 1.1545216688630635, 3.331744126122911, 1.8836929911086981, 2.7226092447055867, 2.032824332769053, 2.6584871430094883, 1.7088954667099039, 0.7649734443484859, 2.554216154644971, 2.2610433110941797, 2.0309881268442016, 1.7552004400817849, 2.168612095904581, 2.730715843458591, 2.4343141570022944, 1.4425367648371998, 3.349576844089054, 2.7951689506686597, 2.308099383492622, 0.36201044043247643, 2.4440893424399888, 1.391995367486454, 4.216015408981717, 2.3863846701368487, 2.7184872234507416, 3.6761431590813674, 4.988352845323497, 1.939923441550376, 1.498619122813203, 2.31514371601555, 1.6319482076774199, 2.437762495006134, 2.584767738454452, 0.2127824245930845, 1.416154816206663, 2.424996561993542, 1.9956568719492553, 2.6436289633717887, 2.779955660331513, 2.3908276515410756, 2.613933756363312, 2.5790565184922687, 0.7767365249895601, 2.4255482704003204, 3.329375013135204, 2.952749222922499, 1.5263794167959952, 3.380619535668856, 2.614918763800624, 2.9988170988967355, 1.8725724290816634, 1.561441056893, 3.3210172691559476, 2.259382559753896, 2.8769526187110275, 2.047514810215318, 2.0155594242541155, 2.375685417428057, 2.301390497678355, 2.847170903570069, 5.175468471704027, 3.424624818415099, 2.3224713899721134, 1.8580164241821036, 1.3641547165751269, 1.5629118930265808, 2.4352286278558637, 1.0311996025218186, 2.6449024484993235, 3.5612347569169094, 3.0112843545506482, 2.7060840864186644, 2.5227548500849206, 4.939163052188217, 3.317992265807181, 2.4851280122840747, 2.75443411511491, 4.287514645978827, 2.1865845802748214, 4.866710013327909, 6.57413301955844, 2.116735784841598, 2.855118218225596, 2.920302820359286, 1.7064628544483447, 1.3159703174775865, 4.8989247000802445, 2.5484311383447062, 2.154810046118556, 3.3856607843736555, 3.782402810320659, 3.967740610310627, 1.448297253523423, 2.101289044939965, 1.3796835403867425, 1.089559503903323, 2.6804060905965468, 3.0241475688378325, 1.8953244113723349, 1.900325120249883, 2.3308622223403814, 2.68488347006987, 3.347019381415076, 5.060920364263478, 2.1290406044031487, 1.402916628595487, 2.9476398691035133, 5.366107436624685, 0.6571931489803737, 2.4678330131545736, 2.166557641936144, 1.623086093164546, 2.088720674999334, 2.5337625066353464, 1.3286058176628681, 2.1993835881382022, 1.5610169363281252, 1.8934979495859638, 2.554537756630733, 2.1591672919294718, 2.5948461571306662, 1.6474401698799697, 0.11726869157259134, 2.7196555389923813, 1.8671191497594102, 3.1466663227214373, 1.8802221182756742, 5.057368726160764, 3.7047939838275425, 1.5900189529841313, 2.8776185523951154, 1.1223234820660744, 2.696511600383638, 1.6601658940312336, 2.403892961796047, 2.3752253878986203, 3.0391044990974705, 2.424480049024864, 2.446630505467726, 2.3216413216737584, 3.7930182601336444, 1.5353615026087315, 2.12897355918175, 2.4289086486610527, 1.5843093031731887, 2.243804539647005, 3.0385686239220644, -0.2749194406539588, 1.6684498857951653, 4.127932087049157, 2.546527793023197, 2.048123498168523, 1.6861394533328251, 4.594251690992088, 3.102167147882102, 2.8362152224046815, 3.857469535423734, 1.720567010468037, 2.3013473469844787, 1.9750546687775206, 2.9308115204346126, 2.1761180875262593, 2.678512774179413, 1.4187359836303322, 1.4192870903836414, 1.6997059603504239, 3.419343891444466, 2.0406887712564346, 1.4528488990620445, 2.602635608135204, 1.7672168900031324, 0.9500046366115922, 1.7281126532152795, 5.140510796748972, 2.4129994932132592, 1.1473067630888916, 2.7309137029823565, 2.73759812686084, 2.697092081867252, 4.6499419008359215, 1.07763824741602, 3.1585439927156678, 1.4656000995103544, 2.3176506956841254, 5.009337787798854, 3.4353499442443236, 4.3628348140516096, 4.547485158529881, 1.9775226235607692, 1.7898078695113293, 1.9268845883481718, 1.641007326540802, 2.6503209408468, 4.513023099568297, 1.831321550117507, 3.313759422079637, 2.0781453254701248, 3.0736184981912897, 1.7984966819875285, 3.4238043110922227, 3.053593212405941, 1.9188003175059307, 2.3424698301355518, 4.2731781316159445, 3.600634621513646, 2.3926331103274183, 3.7728598281469403, 2.826513435575406, 2.6084274960127054, 4.156233298480483, 2.037695195278762, 2.911873771898186, 3.419052601584975, 1.6758957261705976, 1.6871985778319065, 2.620976583189793, 4.9471808649214495, 3.3143350134215006, 3.0154607176815267, 3.1668851133942404, 3.8616917240066657, 2.152075987244704, 2.8777499016168235, 2.35567036705404, 5.4934232146971596, 2.9419618851475624, 1.4435974835110463, 1.3367358813109105, 2.123786411634298, 3.1520387775345844, 2.146460822857552, 0.9719372743115606, 2.8057054733868236, 2.327364348051997, 2.824029930701072, 2.2113910444448335, 2.636489174664327, 2.187531397853332, 2.7164704856101833, 2.126239500307898, 1.1412023481288023, 3.344449826585245, 2.4409092794970038, 1.8712741997584876, 2.804223398650814, 2.096774250352223, 1.7210368465773376, 2.0525139828860066, 3.4967532576780425, 4.746451861774624, 1.765381211940996, 4.274113218350568, 3.391849998004081, 3.784427584553413, 4.480435328609257, 2.1411421596434472, 1.156229583049294, 2.7270935848718305, 2.136912752832487, 2.095101438014932, 2.8054555238669905, 0.9837120120221288, 2.456046513725018, 1.2609260068577903, 2.1682884397484488, 2.8481683221936867, 2.9007505209373887, 1.680417805587262, 1.8632888505500778, 2.6775068832427835, 2.142517942944976, 4.914350071614915, 2.205572175723182, 2.4217851779427773, 2.907595432234345, 2.8944764443695505, 4.601178200787489, 1.866793624737261, 3.1247526109919503, 2.3343147897316157, 2.4829389557457118, 3.8087382260483658, 2.808800574572301, 2.2295578752159435, 2.9284480952584864, 2.8940783540886343, 3.543935171666067, 2.5435385658323098, 1.8212390342068565, 1.777528735259819, 1.7057073877006605, 1.2503293605775787, 2.5366754571435837, 2.7171741557021156, 3.2291908947154804, 2.3516393224941536, 2.914795188158426, 2.53436636249412, 1.9754979276218587, 1.1802494744243726, 3.1048159728926463, 2.6152077008490884, 2.4199488402592655, 1.9417999859063644, 2.9866439484624836, 2.145289895225825, 2.033693036729867, 1.3305604168045773, 1.879837974238581, 3.475406080508777, 4.8184845866182275, 4.67130530521737, 2.6510054362252093, 3.9269763577125696, 1.8788134101711411, 4.364739773647116, 3.742851031395987, 2.5683434830834555, 2.5877524311304, -0.3214788495332046, 2.1685802574706536, 2.2356008746020213, 2.749077655905941, 2.1530597452544638, 0.3348071937489867, 1.7455405697502897, 2.710809825286733, 3.428636050339083, 2.2297829865403163, 3.167521788346888, 2.6770118211816842, 2.427860525203138, 2.598137820116948, 3.6923698760412904, 1.9459635701619165, 3.260121254713824, 1.6354554682209952, 4.9976834222345925, 2.097601662906152, 2.1450077618874888, 0.6024762680009301, 3.25820862784895, 1.0980171784036408, 2.395842276152033, 1.4086513682133526, 4.255449230938372, 3.9242096870646037, 0.6535382217215213, 2.8805574775922094, 2.2954137294155474, 4.5382297367964295, 1.2272973132485558, 3.0518345722622255, 2.078867963451437, 1.1811725994317286, 5.283869382493345, 2.6098847679478046, 4.094185811053181, -0.6133331036047669, 2.9982098232775214, 1.954422845398009, 1.612006172822225, 2.5403120262930803, 2.0352241193757283, 3.4151091641633404, 2.066378528616806, 2.38710737598527, 3.3863485562096827, 2.432780032453128, 3.256036234684349, 1.982821930928842, 3.001624966519203, 1.9964774454779204, 2.1452340145893944, 3.7451260510728464, 2.435724597921439, 1.9324317604914336, 2.7616866901840553, 2.935121689371862, 1.615896173592059, 1.838452277343143, 2.3456408994638203, 2.0919115690834746, 4.3200385293801435, 2.638398556536548, 0.7596543736731072, 2.4781506842721033, 2.126331604599101, 1.8639043031798415, 1.0687259559315638, 1.079196691605743, 0.8339269888396401, 2.8458542672047655, 3.2789801333105304, 2.1654088605428043, 2.4322081638845185, 1.917589721374303, 1.545111348574373, 2.1656696753695863, 3.2287607693928844, 0.6165332015135356, 2.547088900996684, 2.1527235275043006, 2.5422884533867, 1.845757146663407, 3.125653633993508, 2.1380441227011056, 2.75105527048365, 2.5120830375785204, 2.951849861450837, 2.9820705750427083, 2.676763148773602, 1.5751290987415782, 2.0252470518510166, 4.120182980883232, 3.6982084696117097, 4.733858910318084, 3.543653734476636, 2.9740482707154854, 1.8844681388987725, 1.4717887293198044, 1.4711476213947967, 2.3229769903779443, 2.776928854834497, 2.3322022709331574, 6.2847650814746086, 3.2366591581516437, 2.963261941922058, 2.0928449133309877, 1.1649623829391298, 1.6066213671634826, 1.9722430537364644, 2.358809900807661, 1.1647020959750622, 1.827671055335398, 2.754959479930609, 1.969451646809068, 1.5246804768794866, 2.773472907228369, 0.8380532813416641, 4.100973947116522, 2.7607027230678303, 2.068485980175129, 2.5384417676837088, 3.4762699105449872, 2.748057700776266, 2.2009525670172763, 2.754308569355322, 3.585527451892871, 1.4263895497541739, 2.24733551814725, 3.309001415476401, 5.141819808670888, 3.202022185432119, 2.7536387417855734, 2.559455141843243, 3.0374334416525306, 1.7147395506713465, 2.440549534908339, 3.0895321284875887, 3.5262577485145457, 2.7573882152623375, 1.9661511445913515, 3.4033475142786154, 2.7565016598063075, 5.131195200886581, 2.499935812900353, 2.355865658736668, 3.0323189744868526, 2.198645383605592, 2.597610345652651, 1.414152628678954, 2.3978155544416695, 0.7425954246648567, 2.2615877937892837, 2.1805096675147198, 1.1117316306615788, 3.2304010306924233, 2.7589298189799134, 2.6735379567082034, 1.9184457089471467, 1.8580567349290427, 1.9354436407615538, 3.0329284856052343, 3.554437388528248, 3.2429382085971623, 2.3382150054488626, 2.3045809682632816, 3.036115881782382, 0.13929169298023192, 1.5782117865518983, 0.9809897405099031, 4.18838765933566, 2.250308583467674, 2.6644197702459755, 2.9067425934654842, 1.5561255908453653, 0.8544241161985928, 4.597189906997672, 3.1937308502339956, 2.3491812348581846, 5.779017378417274, 3.5870053593975975, 1.9325473819486403, 2.244456436293907, 1.377494415343907, 2.593968758195791, 2.309331508708799, 2.017976747481844, 2.7918640310428113, 3.4478881850487992, 1.566286849167487, 3.688343653228514, 2.4009104525377984, 1.2948589151835885, 2.1741956221209398, 2.5290276212194467, 5.002452165814791, 2.284313765484571, 2.353746314467529, 2.139577778446238, 2.329490535576811, 2.333162377192037, 1.774134648323095, 1.183075032413812, 2.542542970605516, 2.625650774809168, 3.101664514740306, 1.5441825983644115, 2.6383224419475315, 0.5735300445425449, 1.9264620821741683, 2.321977718484453, 5.442314370995405, 2.7550674033072085, 2.3651120753252974, 2.1502772643013808, 0.744796877747933, 1.2986963462146082, 1.8422682241135944, 2.733281191796863, 1.1649826529236287, 1.2133551101608713, 1.7615509127316635, 2.295049694645367, 4.572649248093654, 2.485444518196161, 2.594752544316803, 2.152566142783254, 0.6776830005291772, 2.4719472245439977, 2.8557112689341784, 2.41676395927205, 1.9917288304621297, 2.293294980876232, 3.881962245963082, 2.8032102949827826, 2.31265568028695, 3.7024662194018223, 3.57029239243579, 1.3661014272722989, 2.0569442267790743, 2.026011576969038, 2.5368795557798776, 2.8135996989639773, 2.4912682728291515, 2.905414848008994, 1.9666546326321999, 2.9987887241409537, 2.7326913577593728, 2.3933985482382774, 2.571917122425282, 2.2481362647311918, 3.856096806371638, 2.9072473772671477, 2.382213558275732, 2.235792889315053, 2.767743311056951, 1.118961138934607, 2.8425181640076147, 2.308473966506737, 1.522400063520764, 2.5873328121755934, 0.97683375003379, 4.992901148398218, 0.9297627058912368, 4.273447125188717, 1.306418550585272, 3.598862158998976, 2.1857232680436067, 2.0881905632129696, 1.407574476092966, 1.4214980040082805, 4.911847763418958, 2.3114098745843887, 2.120781998671238, 2.6023854566753637, 1.3956953233863048, 3.276376642369355, 1.7181630943974318, 2.3862979548911856, 2.9279709694524882, 3.112865287835749, 3.7651791359833853, 3.0075616829198353, 1.3904070779329336, 1.9734776373981295, 1.7762520416671608, 2.447416979885137, 2.589509794799729, 4.461696531857404, 2.2679509067376946, 2.3089199705758707, 2.155021235545111, 1.8572201284972638, 2.8194300465073963, 3.216548314366986, 1.3989176188505752, 2.9096967892740504, 1.9754795368132378, 2.573469207559193, 3.735805288099069, 2.602796512540156, 2.261871463862011, 1.870063878403071, 2.4607312741995377, 1.6209632553442122, 4.524982142318851, 4.128957065517623, 0.19940391962446968, 3.387859664810871, 2.1743816857599234, 3.2339979409046844, 3.489652895741861, 3.3635169628427524, 5.100026789294601, 3.1207113280308643, 2.114532509953613, 2.6280466568018155, 3.5775437696104717, 1.428858457513171, 2.118526156006585, 1.8052324168413132, 1.2177401775112537, 1.6785281197302688, 2.4592716919045885, 1.8313313886579525, 2.8508637106019212, 0.8952919809107511, 2.477398774469246, 0.8955116324962602, 1.6732426098291957, 0.9382326963118255, 1.2222692826617316, 2.5146954760278555, 1.0106262242022677, 2.2464464458244144, 2.3941100705673937, 2.2020932693241777, 3.6008808349487076, 2.0118332360204674, 2.460528029860644, 2.145368918810144, 2.871979947458929, 2.7240965430271604, -0.31795388707297345, 2.525973055630809, 3.534378941090665, 4.347359584766805, 4.033424981761589, 2.610956725634738, 6.240687262286778, 3.0489910814891132, 4.318201852504613, 1.8740923499687716, 0.9193139258188365, 2.139276364717163, 2.0416543047022047, 2.9072923453407307, 3.2874803998307702, 2.18558007991163, 3.6966407649596045, 2.5812882219529434, 2.910617756036573, 2.629183778118712, 5.284674057128742, 2.904559131904586, 3.5136663210973973, 2.300289508347009, 2.205560147278148, 2.3448800108295855, 2.5903524985763404, 2.172502654410179, 1.6115898127629809, 4.238618503751947, 3.0145418703569735, 3.166180894828383, 3.1627041778219893, 1.82022319901036, 3.164218029275169, 4.298343411712963, 2.527154923509581, 2.7170169740704173, 3.111561827216658, 3.4807788603219953, 2.8680473595213947, 2.1521702596799432, 2.690272085940676, 1.6260320056992486, 2.308940779873775, 3.1455353673279665, 6.100851391868826, 1.0632608789378235, 1.9969044355511167, 3.530535193501789, 2.609466097993189, 1.656596416209693, 1.2146575358074905, 2.8321215453952044, 2.6921480747497517, 2.371163597106501, 2.5182761255073522, 2.978255524684296, 1.9221600718251097, 2.3769678276658355, 2.767373817043524, 2.7380593365005517, 3.131662556108298, 1.3255556307340652, 1.1093801352046384, 2.843635117452329, 3.9781958373000936, 2.4991250898528965, 2.280779550087809, 3.2006205059039754, 1.9639333161372825, 2.622819975566044, 1.4305995421014974, 1.8907993373082643, 2.2598699237343878, 4.252673919691204, 2.5831698454104166, 2.4569119825923815, 2.953134967695367, 2.389116606973221, 2.597757920154814, 2.6020532761619597, 2.993807142403843, 2.807493879497123, 3.618571613181177, 2.675578159775045, 2.4660982261742133, 0.3830771627654923, 4.294573652871424, 5.36339424687747, 2.2589514472103436, 0.815787607247489, 2.6523005167444023, 2.5184215680728332, 2.4219200821635263, 1.9715763080262259, 2.090658592344923, 3.8613900431868586, 2.7258044453520416, 2.7426795191757285, 2.7492162155448137, 1.875833249572921, 1.7861934170551956, 2.263238320493296, 2.0929509834377136, 2.5489391281054545, 1.4800464358134608, 2.1135833162575812, 2.2929955239053945, 2.2578135347682653, 2.5383215283868386, 2.7515116620791322, 3.483018827082687, 2.2418632621857557, 3.4235086721451204, 1.890468840085308, 0.7154638350836198, 3.467259289258883, 2.248122567683274, 3.9687234471883457, 2.8054788498049947, 3.3996275611078177, 3.496467042870359, 2.4194154346947667, 2.1358155318370597, 2.6208043105985457, 2.447303739560519, 1.381730512813966, 2.9885819520975394, 3.271996548913014, 3.3659875108830715, 1.4589564093029925, 2.4516491121581976, 2.2579367912436927, 1.1296530383100039, 1.866660695059744, 2.0774444234824636, 2.624664539192878, 2.1424280067978096, 3.832155016225375, 0.23338793113603673, 2.7146500987707287, 2.121964384513522, 2.0056509460434535, 2.5426652045448512, 2.3480458712598544, 2.030059616384354, 2.7158794884346076, 3.3388063220024025, 5.500524781769191, 4.190963441306837, 3.3739862618369365, 3.201646308033236, 1.7763001699104588, 1.8835393220879175, 1.846746682766133, 2.1643437447867635, 2.344977540118827, 1.1438418135288437, 2.728930978280771, 2.7026616103534775, 2.801901242228803, 2.6752971788627864, 1.395078967862906, 2.7373849761143916, -0.06519059489493051, 3.2538116630453615, 2.4945615082296464, 2.1528224572661836, 2.6751620522076935, 2.396010006027666, 2.9453763099358943, 2.6868561526296832, 4.60896841357169, 2.7829264728953067, 1.9525689917046547, 2.287617773978901, 2.7209006609987783, 2.2078227475463725, 2.509143834351981, 2.0317016170542206, 2.6125719958057023, 1.9197196534329235, 2.3739078305181494, 3.465393846379504, 2.486957613612589, 2.319308718528738, 2.788061299035781, 1.8517042204235539, 1.7410774519069303, 0.8547133126110773, 1.2520514176153847, 2.353530150651316, 2.700044468470942, 2.8820594112498847, 2.782859840925593, 2.0190285687296443, 2.215007005423628, 2.7123513698870614, 0.13139984070844113, 2.6644747222667196, 2.323789247443408, 1.3857941866476886, 2.724917657973123, 2.7761574298176765, 2.007413445332005, 0.9818413401610724, 2.658796602576551, 1.5357851930595623, 2.121350650568756, 2.455611671414637, 2.271086414858782, 1.8451385740632005, 2.3830397811567194, 1.068081111678718, 3.5922457211197534, 2.513250931529272, 2.009048364262299, 2.44831088918654, 1.9800789506001268, 2.133041369040412, 1.865102496758151, 1.384928697797966, 2.785017827037961, 2.712901660849008, 1.9723116162889522, 3.5828083165845954, 2.430490996988463, 3.377902136756452, 1.8829330732352068, 2.2622018187897397, 1.8471251567602796, 2.6027583699372534, 2.7297635075195856, 3.1751903080191877, 3.6616004840845964, 2.3222400418338958, 2.7008612464914687, 2.519531918707916, 2.577308608433262, 2.28211916277613, 1.620357987151448, 2.8639494200146, 1.5527461598559533, 1.7806293641930158, 2.2336862614338853, 2.352038655494321, 1.273926056750235, 2.5691915103690954, 1.3789386509854447, 3.560096697311829, 2.233731596652597, 5.1165220392455915, 2.258146004903552, 1.6604580554611414, 1.630016988407497, 0.9090863856577329, 2.7674547595759735, 3.326829397246218, 1.880612566481743, 2.153521410370332, 3.739551155903286, 1.7104761747559922, 3.273147174826366, 1.4531452654235104, 1.2670754711799206, 2.9152993795684594, 1.8488027186373281, 1.0179062205239144, 5.2111220416264175, 3.1054868009948686, 1.8312647566882387, 2.666607589327967, 2.401608691708046, 2.668563140296083, 3.46722233414007, 1.3791458093255922, 2.080547033851147, 2.6322267686969116, 1.7813356156806694, 1.979254686850181, 1.5647662864439984, 2.139391159671, 2.324054928609829, 2.0957854024191396, 4.010829239175411, 2.2045713356458894, 3.71099738973874, 2.6924618706048866, 2.2955983051430806, 2.502324506252749, 2.4754965535530786, 2.378717043158155, 2.3154701821520987, 1.9908241981490056, 2.5880929331384332, 1.7856722467598736, 2.9897663736878353, 0.24578040075149454, 2.9096769572237786, 1.6367285340797282, 1.9822898116366132, 1.3605842515326296, 3.8455467099508933, 2.3195742552110796, 2.055322112715071, 1.8724340611827683, 2.5544905123630937, 4.587643458956956, 1.9837136107006956, 3.738739542335522, 1.423653350420484, 1.202204941480643, 2.9589944481032964, 1.632444664420749, 2.407388187333579, 3.009456199721918, 5.437207058256686, 3.040491528058055, 5.5384960628528646, 1.9980221926197257, 2.1346735529303857, 2.7655824261850213, 2.814346514882011, 2.5330776941939224, 3.13226356011051, 1.9861426826671391, 2.7585788719732434, 2.20898075570078, 2.1686993615403427, 2.207758803060254, 2.2101009638106452, 2.811934029160381, 2.339174172496922, 2.698834007150896, 1.8827352137114413, 2.155255069527743, 1.8187503023293512, 3.271959269020835, 2.0988030922152756, 2.8593923533600254, 1.9293739314877838, 1.7904712288563225, 2.480007422278218, 1.826336783686247, 3.1547235781533374, 2.5137573095057006, 1.8940984257254614, 2.929949564690144, 2.701891768799415, 2.2472540930458385, 3.092077762388275, 2.192946559145393, 2.091027789906546, 2.3278303935209346, 2.630960837165905, 1.5038906765712503, 2.050288424026063, 1.9658781008296966, 2.1167041466708043, 2.1122674049066372, 2.470033752753394, 1.2910498569462043, 2.6202800995492606, 3.3425895528612246, 2.817947080739101, 1.9752413665425332, 2.5458520929585164, 2.856978041341236, 3.4572811075133045, 2.3403409927105434, 2.396862673366933, 2.7584008855630904, 4.039415984439934, 2.9656922219838013, 2.1638079971232465, 4.568570056825358, 6.145144203438334, 1.7184693300950291, 3.262508488476331, 1.9276582329314784, 1.7260283027450602, 3.8723673294164014, 2.202658204372087, 0.7382958969693112, 2.332881128324976, 1.137639896041075, 4.296278694832949, 1.1341875192404762, 2.6501906939526947, 2.7202040910687777, 2.017242734753227, 1.9455373760816763, 3.195418177372712, 2.2008900152934476, 3.622261749717179, 2.479913741597245, 2.0596263313910765, 2.741735189630484, 3.1689976822748127, 1.4532804577568603, 1.6649388825044888, 2.351478214773147, 1.3812120232145237, 5.90000107464849, 3.055503471755864, 2.409126825748424, 2.671507161566853, 2.5024705722322507, 1.8387024760588815, 2.966940166285375, 2.744113180582368, 2.557217882137847, 2.013142867775146, 2.295138172351986]"
1.0,6000,0.8305519921730402,0.8305519921730402,0.012758731842041016,0.32813353846928767,"[3, 4, 3, 2, 2, 2, 5, 3, 3, 3, 5, 4, 4, 1, 3, 3, 3, 3, 5, 3, 3, 2, 2, 3, 3, 2, 3, 3, 2, 3, 2, 1, 1, 3, 1, 2, 4, 4, 4, 1, 3, 2, 4, 3, 5, 2, 1, 2, 5, 3, 2, 3, 5, 3, 3, 3, 3, 3, 1, 2, 3, 3, 4, 3, 2, 5, 3, 2, 3, 2, 3, 4, 2, 4, 2, 1, 3, 2, 3, 2, 2, 3, 1, 3, 3, 3, 3, 3, 2, 1, 2, 3, 5, 3, 3, 3, 3, 3, 4, 2, 2, 3, 1, 3, 1, 2, 4, 4, 3, 2, 2, 2, 2, 2, 1, 3, 2, 2, 3, 2, 2, 3, 2, 3, 2, 3, 2, 2, 2, 2, 2, 1, 3, 1, 3, 2, 4, 2, 2, 2, 1, 3, 3, 3, 1, 3, 4, 1, 2, 3, 3, 2, 4, 3, 2, 2, 1, 2, 3, 3, 2, 2, 4, 4, 2, 3, 3, 4, 3, 2, 4, 2, 3, 3, 3, 1, 3, 2, 3, 3, 4, 4, 3, 4, 2, 3, 1, 3, 2, 3, 3, 3, 2, 3, 3, 3, 2, 3, 3, 3, 4, 2, 3, 4, 2, 5, 2, 2, 2, 4, 3, 4, 3, 2, 2, 2, 3, 2, 1, 2, 3, 2, 3, 4, 1, 3, 2, 5, 3, 1, 4, 4, 2, 2, 3, 3, 4, 2, 2, 2, 2, 1, 4, 4, 2, 5, 2, 4, 1, 2, 2, 5, 2, 3, 4, 5, 3, 2, 4, 4, 2, 3, 2, 1, 4, 3, 3, 2, 3, 2, 3, 2, 3, 3, 4, 2, 5, 2, 3, 1, 3, 3, 3, 2, 3, 1, 2, 2, 3, 2, 1, 1, 1, 3, 1, 5, 2, 2, 2, 3, 3, 3, 4, 2, 4, 2, 4, 4, 2, 3, 3, 3, 3, 4, 2, 2, 2, 3, 2, 2, 2, 3, 2, 5, 2, 3, 3, 2, 2, 3, 2, 3, 3, 2, 2, 2, 4, 3, 3, 3, 4, 2, 4, 3, 1, 2, 2, 4, 2, 2, 2, 3, 3, 2, 4, 2, 1, 3, 2, 1, 2, 4, 3, 1, 3, 2, 2, 3, 3, 2, 3, 5, 2, 2, 2, 3, 2, 3, 2, 2, 4, 1, 3, 3, 2, 2, 3, 3, 2, 3, 1, 5, 2, 2, 2, 3, 4, 3, 3, 3, 2, 3, 2, 3, 2, 4, 3, 2, 3, 3, 3, 2, 2, 2, 2, 2, 2, 3, 2, 1, 3, 3, 3, 3, 3, 2, 2, 3, 3, 2, 5, 3, 3, 3, 2, 3, 4, 1, 2, 4, 4, 3, 2, 2, 3, 2, 3, 2, 1, 3, 4, 2, 2, 2, 2, 3, 3, 1, 2, 2, 2, 3, 2, 3, 4, 2, 4, 2, 3, 2, 3, 2, 3, 2, 2, 4, 3, 4, 2, 3, 3, 5, 2, 2, 3, 3, 2, 2, 2, 2, 4, 4, 2, 3, 4, 4, 2, 2, 2, 2, 2, 2, 2, 5, 2, 1, 3, 1, 2, 2, 3, 3, 1, 1, 2, 2, 3, 1, 2, 2, 3, 2, 3, 3, 2, 3, 2, 3, 3, 3, 3, 3, 2, 3, 5, 4, 4, 3, 1, 1, 3, 2, 3, 3, 2, 4, 2, 3, 1, 2, 2, 2, 3, 2, 2, 3, 2, 4, 1, 2, 2, 2, 3, 1, 3, 2, 1, 3, 3, 2, 3, 2, 1, 2, 2, 1, 1, 3, 3, 2, 4, 2, 2, 4, 3, 2, 1, 2, 3, 2, 2, 3, 3, 4, 2, 3, 4, 4, 2, 3, 2, 3, 3, 3, 2, 3, 2, 3, 1, 4, 3, 3, 3, 2, 2, 3, 2, 4, 3, 3, 2, 3, 4, 2, 1, 3, 2, 2, 3, 2, 2, 4, 2, 3, 2, 2, 2, 3, 3, 2, 4, 1, 3, 3, 4, 2, 2, 3, 3, 4, 2, 2, 2, 4, 3, 2, 2, 3, 1, 2, 1, 2, 1, 3, 2, 5, 2, 1, 2, 2, 1, 2, 3, 3, 3, 4, 2, 3, 3, 3, 3, 3, 2, 2, 2, 3, 3, 2, 2, 1, 1, 1, 2, 1, 3, 2, 2, 3, 4, 2, 3, 3, 1, 4, 3, 4, 3, 2, 3, 2, 3, 3, 2, 5, 4, 2, 2, 2, 1, 2, 1, 2, 2, 3, 4, 3, 3, 2, 2, 2, 2, 2, 2, 1, 1, 4, 2, 2, 2, 3, 2, 3, 3, 3, 2, 2, 2, 3, 3, 3, 2, 4, 3, 3, 2, 3, 3, 3, 3, 2, 1, 2, 4, 2, 2, 2, 3, 2, 3, 2, 2, 2, 4, 1, 2, 3, 2, 1, 2, 4, 2, 1, 2, 2, 1, 1, 1, 2, 4, 2, 3, 1, 1, 2, 3, 4, 2, 3, 3, 4, 2, 5, 3, 3, 2, 2, 3, 3, 1, 3, 3, 2, 2, 4, 4, 4, 3, 3, 3, 3, 5, 4, 3, 2, 3, 3, 2, 3, 3, 2, 2, 2, 3, 4, 3, 1, 3, 3, 2, 2, 3, 4, 2, 3, 2, 2, 2, 1, 2, 2, 3, 2, 2, 1, 3, 2, 5, 1, 1, 3, 4, 2, 2, 3, 3, 4, 3, 4, 3, 3, 3, 3, 5, 2, 2, 2, 4, 1, 2, 2, 2, 1, 2, 2, 3, 3, 3, 3, 3, 3, 3, 2, 3, 3, 2, 3, 1, 4, 2, 4, 2, 1, 3, 2, 3, 1, 4, 4, 3, 2, 2, 3, 4, 4, 4, 2, 3, 4, 1, 2, 4, 2, 2, 3, 4, 2, 2, 3, 2, 2, 3, 2, 2, 3, 1, 2, 2, 4, 3, 2, 1, 4, 3, 2, 3, 4, 1, 3, 3, 3, 4, 3, 2, 2, 4, 2, 3, 1, 2, 4, 2, 1, 2, 3, 1, 3, 2, 2, 2, 1, 2, 4, 1, 4, 2, 2, 3, 2, 3, 3, 2, 3, 2, 3, 4, 2, 2, 3, 2, 3, 2, 1, 4, 4, 1, 3, 2, 2, 2, 3, 3, 3, 3, 2, 2, 2, 4, 4, 3, 2, 2, 3, 1, 4, 3, 2, 1, 3, 3, 2, 2, 3, 3, 2, 2, 4, 2, 2, 2, 2, 2, 1, 2, 3, 3, 2, 2, 2, 3, 2, 2, 4, 2, 3, 3, 3, 2, 1, 3, 5, 2, 3, 3, 2, 4, 3, 3, 4, 2, 2, 2, 3, 3, 2, 2, 3, 1, 2, 2, 3, 2, 1, 3, 2, 2, 1, 2, 2, 3, 2, 1, 2, 3, 2, 3, 2, 3, 2, 2, 2, 2, 2, 2, 4, 3, 3, 2, 3, 2, 3, 3, 2, 2, 3, 5, 2, 2, 3, 2, 2, 2, 2, 3, 2, 3, 3, 3, 2, 4, 4, 2, 2, 2, 2, 3, 2, 2, 3, 2, 3, 2, 1, 3, 1, 2, 4, 2, 3, 2, 3, 2, 2, 3, 3, 2, 2, 2, 2, 2, 3, 1, 1, 2, 3, 3, 1, 3, 3, 3, 3, 1, 2, 4, 2, 3, 3, 3, 3, 3, 3, 1, 3, 3, 2, 3, 4, 2, 3, 1, 4, 3, 2, 1, 2, 4, 2, 3, 2, 2, 4, 3, 2, 2, 3, 4, 2, 3, 3, 2, 2]","[1.7703361679649563, 2.8285187932699705, 1.9274900081638915, 2.37660614133044, 2.085695917116547, 1.9126828629892132, 5.201448892958913, 2.6178020219339655, 2.2927563046645862, 2.347637593924558, 3.0956483344019974, 5.490170613507397, 2.3438903049769215, 2.671906860765054, 2.7924554797958425, 2.5232057587334102, 2.34382949522605, 3.9416415134312324, 5.078320650984845, 2.512447673890496, 2.2265648610388227, 2.0434106244794026, 2.2657346372177374, 2.476122879004985, 1.9341153920403, 2.2430577222242536, 1.969320676258966, 2.312671470242879, 3.7114932631399196, 2.432486280076641, 2.0254273580475735, 2.2776313922016294, 2.003745629264455, 2.934461609459278, 2.084936487299784, 3.407244967593062, 2.8571820188914856, 3.1583735873765177, 4.243942484022858, 4.781061172501262, 1.9097887893519465, 2.0386180948855146, 2.002647851065664, 3.244968567642693, 3.889908549388265, 2.1946978999068785, 2.059028351537698, 1.9769714829157787, 4.389590739818668, 2.1657651648390166, 1.9973056379506073, 2.8718247628301903, 4.4120074064431805, 2.0314632585085244, 4.009027670392326, 3.2003717100727105, 2.2770736140446615, 2.25400521864011, 2.218186111811497, 1.8858308845736258, 2.0080922000259926, 2.8031817600117446, 4.63261809099814, 2.621675366443866, 4.077240187611825, 4.8032730863548405, 1.96089464804877, 1.9355643640370328, 1.9488585532058191, 1.945130340656624, 2.1763712814457006, 1.9269587394011811, 2.160833453131898, 4.558451253278388, 2.604782248540946, 1.9506268711909496, 0.9965367556417646, 2.503041646409219, 2.467845668996222, 2.0535077327534914, 1.9572560095527864, 1.8924042001100343, 3.065573375804923, 2.5616055845309402, 2.6112859348258017, 2.636106565191285, 2.4802428364902003, 2.3718454284386876, 2.5376026195343746, 2.2892746278380542, 2.024780510354285, 4.1844749229117, 3.131338089786327, 2.9532356799799073, 2.202741047919576, 3.008960758869566, 2.0270875414796565, 2.8323088248223325, 4.222143040796149, 2.4901276068099585, 2.18439724441217, 2.141951251912978, 1.9038377171869874, 2.238547212064744, 1.9315443030060888, 1.9755503838742374, 1.5204210373412648, 2.509432628117288, 2.1069360179821235, 2.245299783015855, 2.4445747115732077, 1.9498201688167525, 1.9756206341087001, 2.808613550336843, 2.0091037227595963, 3.676639315187387, 2.422892366090982, 1.9085112677584188, 2.447166760418318, 2.549580297495833, 2.6827778030566454, 2.7875205820110063, 1.995925613176373, 2.2389817099019305, 2.196131345212, 2.2335818130115634, 2.0296640636331555, 2.0616427151947208, 1.9463190698430612, 2.412239898238201, 2.0019967692960523, 2.2943079780950786, 2.191229930167979, 1.883903169738412, 2.110254337189324, 2.5565422544552767, 4.87524699348352, 2.4662656061918757, 1.9040014208107299, 5.029196986849422, 1.9852634110803316, 3.906854068545276, 2.012877651701926, 2.4814723589528076, 2.4502652482174128, 2.3085411505997833, 2.9200426830032287, 1.9479652283777042, 2.4489816167856744, 2.007200752787296, 2.941068484824899, 1.9012658772556903, 4.7256973703387235, 4.1966759704492755, 2.327970379270259, 1.8871265273367244, 1.9282561158707738, 2.1906620777059, 2.0606622395922543, 1.8560922860606217, 1.925201027718482, 1.9375347276219637, 2.536849038265461, 2.9126017628363803, 1.94618304366091, 2.129521388271486, 2.0855875537347632, 1.5357318716363184, 2.0024676194377706, 2.311577620440152, 2.014900141265592, 4.90686237493254, 2.128642463789354, 3.448638614881779, 2.521598705683338, 2.1327284624580627, 2.140465521943289, 2.2042371299169066, 2.5031265384298282, 2.92218557920536, 1.757842026125591, 2.558791738747348, 2.125341830110014, 1.933812699089142, 2.0222229883866882, 2.2278983522509375, 2.0078523650850695, 2.326883699122258, 2.152150884607786, 2.691966482601845, 2.7918090556853885, 4.543973505708981, 2.4332475287216333, 1.8277305412320626, 2.410731026000271, 2.4041893895377293, 1.822602494420257, 1.9875932488569852, 1.8787797165876856, 3.6557354099128294, 1.8159384354051555, 2.006171139459805, 2.4019481855733447, 3.467893422303476, 1.9442894044711736, 4.669532351847758, 1.556576161869427, 2.0690972112347006, 1.9150919488027078, 2.3454563610448336, 2.2458886134335914, 4.4118656672821555, 3.273355532203542, 1.934018676014059, 2.2977503275700437, 2.0762111296582333, 2.420614493134712, 2.7525452216503146, 2.9174125018051607, 3.70546990110972, 1.8959517574647495, 1.912342786018653, 2.6083453763468567, 1.319785489690653, 2.360453510680869, 2.4878816665089367, 2.4554644971507016, 4.252502655881177, 2.4864665102332046, 2.495787090070941, 4.966858701528917, 2.4912010479975932, 2.016078172775779, 1.9104346758199733, 2.6594048365091196, 2.2665830606048782, 2.790606118922537, 2.80743923262241, 1.9030878870688017, 1.9997859963660964, 2.2129698343924256, 2.8088920369596204, 4.568987859241172, 4.968811267932926, 2.2978474190448277, 5.0177883911283665, 2.2450397329913754, 4.921739622953275, 2.3601805519814887, 3.171988072988744, 1.794646123265757, 4.975913398806545, 2.223747001976877, 2.0037789353389344, 3.2306092118570136, 2.8923366853510246, 2.278676925567437, 2.1201539477144835, 2.4990300989918532, 3.5417340902045287, 2.5513392311040204, 2.0479137351224868, 1.9673460059003758, 2.5095519825882873, 2.7428151242658303, 1.7041168109500198, 1.8053101806619936, 2.127559714273061, 2.475158969010187, 2.4143565488512753, 3.0242476674715744, 2.0304346249068557, 1.9945938591859549, 1.902219592868566, 2.6913695281774213, 2.941903534261698, 3.7539301976273185, 1.9824191806840135, 1.9495066096270186, 1.9786591638545103, 2.8926075985188255, 1.950674202162869, 2.507518938179514, 2.3270575964254165, 2.4951261171997676, 2.5467773550251804, 2.5732371670635468, 2.4988327191480706, 3.801861063967052, 1.886078957960029, 1.9659223004882014, 4.669597086754003, 1.9797508015661638, 2.8374648326375453, 2.04659891550715, 5.29121479549467, 1.8838332003217344, 1.9245868296599926, 2.8353363115061256, 2.1255939841807927, 3.00773774355237, 2.1588244025156, 2.848732801244106, 1.8755480262598399, 4.253570253287641, 2.3692296206262293, 2.6488945177034964, 4.084357282781985, 2.39032468937383, 2.2820696910325213, 1.9816430772040636, 1.9674365596794097, 2.2364696416635392, 3.587519653157405, 1.9677165195550512, 2.1312090692102177, 2.223221855729898, 2.0803562132779443, 1.9548607717970437, 2.41642997758294, 2.2735532560098015, 4.168189394774653, 2.1728657632695385, 4.686387044797089, 1.7330880289640587, 2.599995087639223, 2.379227760009468, 2.0010804763116, 1.8840307623081873, 1.322609353007382, 1.9565074826199176, 2.6628964426634667, 2.38722471125329, 1.9982163667130475, 2.1149516948461473, 2.2331701469250076, 2.7260316518587713, 2.1310055218162463, 2.4314808893703623, 2.3383783365587036, 4.120492564675407, 1.916058798924074, 2.8023355859811607, 3.4577056397490757, 4.250597204042179, 2.114682344185742, 2.0372469549556924, 2.593956809809727, 2.0122978002393035, 2.222896097069743, 2.1990633244078643, 2.7209806884407666, 2.44388576724508, 2.268054295771179, 3.1195326561750876, 1.9382005634260315, 2.39659083715225, 2.101867936169096, 2.407860976731164, 1.968312856021742, 2.2527324951395546, 3.6794071953784275, 2.224289353202622, 2.296378061294593, 2.583796041332678, 1.9356152508855258, 2.0253704857915618, 2.5513655863280107, 1.9365321876321366, 3.7275931334706995, 2.2907077335642017, 4.5933995028641, 2.427730038376408, 2.8890006235063828, 1.899351222233318, 4.874331455239243, 2.207864313843163, 1.928301569599979, 1.92142100058402, 1.9362068104992565, 2.583360322692457, 2.589444908779636, 1.8948000670690535, 2.058727941324327, 2.043289768387584, 2.4475233438063113, 2.4174500438032998, 2.272579434758703, 1.9750656556282378, 2.3389682175385746, 1.9625562812859756, 3.4052418719819517, 1.9402583003619656, 1.9931508725967406, 1.8644703790216193, 2.43114731987567, 2.899639353365391, 2.4100749242661115, 2.1988496193773974, 2.2188670988586336, 2.366902661231477, 2.0714706350185357, 1.8994073809400687, 2.3148736056414716, 3.151660826294349, 2.459363607459069, 2.092929061982844, 1.9069775505504825, 2.616129311370505, 2.358970299049844, 4.16742413147316, 2.0193577981794713, 2.2335408428957058, 2.4507295907099107, 2.807407242344674, 4.26164512189089, 2.4670794203192203, 2.6519522907467974, 3.2375811330109077, 2.519943015022342, 3.120823147759137, 2.2057693453306717, 2.469603001541824, 2.402957349512208, 2.560959030581073, 1.9120366193998515, 1.9579227730936282, 2.315121825474329, 2.4435228759391756, 2.8431608494999026, 2.1867037174334216, 1.637069614901201, 1.9120913033754825, 2.097049340373122, 2.334848906815243, 1.7956324251517664, 4.380083115480093, 2.4171259390334567, 1.9466914087514025, 4.791047123556349, 2.7482222331897894, 2.2537754769248055, 2.1584286740920624, 2.58836772469882, 2.7003529882025674, 2.2495499553876073, 2.1719613953631596, 2.4578387750955453, 1.9316965881030248, 2.198767022706002, 2.183913443902944, 1.9047675285176124, 2.2118057977331493, 2.034015875074869, 2.0824053006236394, 2.0575203645681848, 2.8471713404750982, 4.704944872766347, 1.9353226515066912, 2.141369309969231, 2.122718727534977, 2.400986798791148, 2.3111215979086555, 2.2402264780650114, 4.899122421660108, 2.5991413399218994, 3.390345840615253, 2.0148148437661577, 2.155050684074799, 1.9947223794925037, 1.8738566766599205, 2.7169121700922747, 2.6565193090131496, 1.9419474830948689, 2.600794871046088, 2.193817534957865, 2.4844156567417377, 3.7564547065866964, 5.115404741315789, 2.2341774507435694, 2.839798779174252, 3.121095239088263, 1.9512360115786938, 2.0004987876935405, 3.3272529309383465, 2.5084017939867627, 1.8882935155952951, 1.9633429671031297, 1.9030278343847593, 2.1085043689468073, 3.759185459146676, 3.6228940544844197, 2.9760091894130807, 1.9615957920206708, 3.682347769447698, 3.6212139772205463, 1.9506145249273692, 3.158895519120827, 3.3302524086740397, 2.300452940499147, 2.073695411259215, 1.9338430015752788, 3.0443392360232657, 3.458219567971727, 1.9596669508398286, 3.4651441028018715, 2.07553494070407, 2.011397739106584, 2.439172190414045, 1.997343626247289, 2.036758295384576, 2.2047202256950564, 1.886304017453131, 2.467644410163076, 1.9975787793127142, 2.3049812659110933, 2.9196519920956976, 5.474674728593591, 1.9974865468998206, 2.1612672945294045, 2.440439267912703, 2.149433284853475, 1.9158298081058558, 1.9074196300467652, 2.2622842482528513, 2.1114943467443115, 1.9454845767226026, 2.4818656056829993, 2.475082269111944, 2.129839431074567, 2.1622698802561953, 1.9029825574952421, 1.9907331950050942, 2.285045820772274, 4.1102601423247815, 1.5778504390899712, 2.710067318511637, 3.386148438760145, 2.1651068220596783, 2.8926124971479363, 2.630452234074701, 2.58954200025442, 1.9418576802129204, 2.643789405130495, 1.8954778736881588, 1.6673816639334889, 1.7418706803028212, 2.5125130134207243, 2.4113143058226183, 2.2047761182252463, 2.342595389216355, 4.722115066440078, 4.787561536801817, 2.723788359630088, 1.9567756183003278, 2.1563486741599127, 1.980640570517705, 4.681960713695078, 1.9867051770398634, 2.7911277032965507, 1.4965789253343311, 1.9164163100488414, 2.297830671550182, 2.107127237786427, 2.6788952988437584, 1.9208879918601605, 2.6591594339042257, 2.5195777181532892, 2.493005476607646, 2.324351052171197, 2.632643736454515, 1.7995233036134426, 3.7266627863912714, 2.6500890300000433, 1.9002605687583416, 2.0220813191037768, 2.167155475368993, 2.959857612304543, 2.2244165703238545, 2.4052868841086097, 5.297753355341076, 2.4745694693018976, 3.105112132951984, 2.661565521952417, 2.088975460831366, 4.011438810288223, 2.1983590889890037, 2.254363480661963, 1.795288423108174, 2.2186700532908428, 1.9309735045944023, 4.958948244793119, 2.4774300349256477, 4.304230195463367, 1.7999066731782198, 2.5111588496409323, 3.063182949595424, 4.6698507327515575, 1.8366182319883584, 5.325317392860933, 2.279696716272994, 2.0200333521073195, 2.2736857072947627, 2.4684211854996794, 2.2811404843258796, 2.287209531819676, 1.874697790040861, 2.252400827631124, 1.9636538857312358, 4.633647898716777, 2.1103754343583545, 2.9029858977680307, 2.0958975090073064, 1.9675555387018664, 3.5732340944912253, 2.223405716451758, 1.9974534394341958, 3.4401432140875676, 1.3391428965453922, 2.4000777950019287, 2.2136098513237044, 1.2814308308243991, 5.090501696512591, 2.381765699885447, 2.5316626937070223, 2.060623100982147, 2.2427209723015302, 1.903565702170509, 2.6756914397784963, 1.614582169721792, 1.7036792274889123, 2.3216082201966746, 2.6565487003019403, 2.00414468473583, 2.0467281863640805, 1.9944715011266125, 2.153573833299836, 2.386604555799435, 2.545643385424515, 1.9740941232846692, 4.652263359863632, 1.9826717376837641, 2.4507540419865075, 2.174055090910216, 5.173677300763121, 2.4693672744190014, 2.008094159824341, 2.400996486695047, 2.5205970568510603, 3.0981680847532815, 2.36724455728596, 2.31853456589486, 2.2663473334820554, 2.241575687036851, 2.156310509023543, 1.9269573748885747, 1.9166948845302363, 3.4745457753751974, 2.9272902057620307, 2.9529275500547043, 1.9261134351147815, 2.611576756548958, 2.3668206754523973, 1.9679259701476117, 2.072466035416414, 4.079606050618205, 2.0051363740041634, 1.9751015680733501, 2.064693350300251, 2.4577846196299475, 1.889177070310581, 1.882818268331363, 2.267325373474844, 1.972762650285388, 1.9214685603846757, 3.5973699267625348, 2.309774964508567, 2.402656575496372, 1.7891703872486118, 3.0475074043742394, 2.4146657837087417, 2.5117380629910824, 1.9728710136671723, 1.5754004227278395, 2.397976664068879, 2.1324777365350167, 2.4703966067553553, 1.981629683635287, 2.4804940903046346, 1.8523189432417158, 2.2755881254988886, 2.421672061452973, 2.5253047835950095, 2.000580492844435, 2.4266311120719197, 2.8036099464229673, 1.9726887495435939, 2.0936200421485065, 2.260597693659748, 2.4064039652445097, 2.1848877812260006, 2.5283000535416824, 1.9777254211987687, 2.7420505183531194, 1.566460556740642, 5.238792926608455, 1.4450086480148117, 3.0308134381766547, 2.4949015092854063, 1.9472775050259636, 3.140558461685312, 2.1865618891017267, 2.0019445792622426, 4.045889582166501, 4.5664223219248035, 2.016972101881173, 1.7439711424744724, 2.011069227282637, 2.382330179133679, 2.7832083023527527, 2.370973511574501, 1.8386111518091177, 2.7987867379290505, 3.854760217426813, 2.492671753721006, 2.0129393189647535, 2.2602356771524668, 3.519577422135504, 1.9840866527089318, 2.495875766607261, 4.313626374468543, 2.2423354772979813, 1.9468286892250766, 2.0012521736882998, 2.4910753384935713, 2.219784740765366, 2.287120116634746, 2.208277018590082, 2.1447460972549743, 2.0216263711022124, 2.69483891970929, 2.85764698724798, 2.2101583360131896, 3.045098242603899, 2.393292305689604, 1.9053752191002336, 2.536562430117184, 1.8785414471493038, 2.325484808104406, 4.220060824653807, 2.3673699033342213, 2.389783411382211, 2.95866279373249, 2.647106398797061, 2.718768325066025, 2.0906151748227613, 2.834072977003923, 2.5344904696749557, 1.8706708460855062, 1.629943033006678, 2.2372430597324238, 2.376403586084118, 3.1147251926941415, 2.268783739962511, 2.43353413686991, 3.188224153282171, 2.267385654814271, 1.8845325190399698, 3.024047119464484, 2.0051714930838327, 2.6206353664777913, 1.9991545929821366, 2.436621404751053, 2.029280733635599, 2.396543506180331, 2.342025817084038, 2.2017660783070867, 2.115050059459718, 1.9882178520546183, 3.3703586014587037, 2.203554464235911, 2.455252910266809, 1.9615480856002088, 2.4276242330738613, 1.8862439647690883, 2.1427780624004873, 2.23732555225237, 3.2878854584016475, 2.966299370820523, 1.5886595876210663, 3.2580187093809503, 0.9665032228497388, 2.4627409410366523, 2.079839122474164, 2.014362648928385, 3.0155521961941902, 2.1965473713570702, 1.9055680042337264, 2.4266152099317653, 2.815861116458678, 2.006289272954418, 4.74563656044228, 2.2135094794871493, 2.879650205785476, 2.200826960170793, 2.304843631575593, 1.8627339996881278, 1.5999929544890144, 2.4586876790317795, 2.073226761993057, 2.970459242202625, 1.933540110015266, 1.9519527342312546, 2.6672490354940885, 2.978469015785719, 2.9341908496671767, 1.8995685907953423, 2.3794109216499386, 3.6260976771192235, 4.402704357178189, 4.498765088160948, 2.6494458789800954, 2.5284000967891127, 2.4837313905914566, 2.396281966007758, 2.159474659465656, 2.0022603693740666, 2.417125563584914, 2.9832504593129294, 2.94578150886858, 2.385482358760755, 1.2969724562653397, 2.5167032217428007, 2.8982432704929546, 1.8750464098957793, 1.9698983878149448, 2.843041084969418, 2.312991314142229, 2.4100805400481264, 2.178560783527091, 2.7196997791609414, 2.297563803358872, 1.8761782210892408, 2.2783831994962696, 1.9658822581091173, 1.87093974508483, 1.9589211988399182, 2.4766231339425957, 2.2306567687291587, 2.5003939868008063, 3.3546280079439468, 2.7313845254730356, 2.7420296465741893, 2.6461895442593804, 2.0412541414026224, 2.3909827106619566, 2.44097877381599, 1.9987259860950628, 2.2894733520397046, 3.172504048422962, 2.7042582069080696, 2.0295387241013416, 2.2603029827331285, 2.4535212556238766, 2.6012386349992696, 2.168822688345293, 2.612282611704317, 3.4857367761938307, 2.6998084903890494, 1.7757207325548583, 1.9465190613604595, 2.1722642869231725, 5.259648495000649, 2.3092332386105143, 1.991621730649432, 1.9644991473642577, 4.954961865285197, 1.9116333217390458, 1.9589771734056858, 1.9931031661762786, 2.023006676867584, 1.9377779419464767, 2.688010861978907, 2.5842536996829724, 1.922789887822585, 2.0075149464741906, 3.073379072150622, 1.9592115973431918, 1.9320975508636433, 2.2611035585563353, 2.499546014819054, 1.9812399927816686, 1.9296710308959415, 2.0459186793570994, 2.892212428049453, 5.144247393030621, 2.0748964046736544, 2.7362715335722854, 2.189789653927495, 3.458158783064511, 2.594993307184083, 4.990439539968884, 2.357945461972915, 2.4476947056483933, 2.8003070047168923, 1.8696964265535196, 4.430502996436012, 3.4754758382437294, 2.2304454998284253, 1.9218090128037788, 2.402137503637983, 2.222028068872716, 3.4835468567816905, 2.159967250361889, 2.4550720836998776, 2.1558570110004536, 1.9886980965139185, 3.8630158972649307, 2.0115872617764685, 2.0620327814968817, 4.467756690494032, 2.9128792248422, 2.9146359939573023, 1.9625880855662836, 2.217617822931958, 1.984501567505399, 2.1706033525940036, 2.2508434977289418, 1.9678393476936942, 2.231422677827186, 2.170893897890436, 1.9592076660180755, 2.6064172695236727, 2.3415992704491093, 1.6178160358258498, 2.1330474789082334, 2.2982729036626623, 2.4476197830591238, 2.3458075750147596, 2.248923270095418, 3.1747389956664867, 3.0401609442121926, 1.977195040614709, 2.338034004456828, 2.4896894586387925, 2.174842863159074, 2.1333266175796304, 2.7236487843435038, 2.2563637874039673, 2.486699856289831, 5.094033943582604, 2.390309873062982, 1.967414848971425, 1.9157948233975168, 4.916352378054023, 2.5211859883249907, 2.394493719926599, 1.9425308046098235, 2.357537973062516, 2.4274774813766578, 2.4624135555583337, 2.1922631938294495, 2.1683929551125907, 1.9825798807194135, 2.2001594457328655, 2.3553215972014185, 3.394023552218044, 2.560265033885184, 1.9238469162744425, 1.6910667118534717, 2.0477187494601377, 2.1573458731067774, 1.906741447979117, 4.49812152229144, 1.9565122470510499, 2.3951810742714805, 2.9460597027508686, 2.1934181468621063, 2.1757683677160395, 2.154519552593654, 2.1895996737734897, 2.530876711188966, 2.455842040349594, 2.8958589756921356, 2.1880294735873433, 2.188346960577894, 1.8797991966022805, 3.487166418359176, 2.4479912421753833, 2.148852405291293, 1.8745592063818703, 2.5901064378100447, 2.4713737490578995, 2.4207965691192292, 2.2079430794698864, 2.175972666007097, 2.15855513449317, 1.90105913701186, 2.548255832461202, 2.559609313422606, 2.3568637409938966, 2.54229884827489, 1.9235204585328975, 1.9809604263259761, 2.257901242977852, 2.5279451487875484, 2.9383233861157136, 4.731381384865837, 2.9983075254901435, 1.9333202850325972, 1.9796291944039073, 2.8050697619237597, 1.9900722182629165, 4.157166972165884, 2.0112362881740986, 2.201251083444519, 1.937664197434453, 2.1670543703601624, 2.72223981481193, 1.9762439917506542, 2.3136839027256033, 2.461038484303395, 2.1395373013879064, 2.515565562067583, 2.2191716690525056, 2.018879284516431, 1.97473882243815, 1.8799049962551408, 2.041765967738931, 2.314756364014064, 2.094166095870632, 3.1830277093283703, 2.9814415891450885, 2.7790231768740146, 2.6632869730647846, 2.087213832811478, 2.085530077374824, 1.0191041452116198, 2.8035855802609557, 2.423516990528628, 5.896157532681228, 5.246104730651288, 1.8709111212325527, 2.852584833203736, 2.646652858718413, 2.885975984129577, 2.628908136034972, 1.9859876209345826, 4.524580241125962, 4.707257838252142, 2.0134358411861024, 1.9983220720818542, 2.178535709728348, 2.903071905317771, 1.3823451722685094, 2.3996448047819525, 2.0295078472111028, 2.439280917169248, 2.4329712069314957, 1.9489997952244913, 2.6820948094427535, 3.616889354042745, 2.377602378622997, 1.9187320371038141, 2.5559713625352862, 1.9771739039641218, 1.951280360731437, 2.317239151960498, 2.3726685493717015, 3.31577603426665, 1.4516437717841675, 2.911040561991849, 1.5733278704301592, 2.5025860943037275, 2.072272029306535, 2.159453522815069, 2.1689407396309757, 1.9502217360280025, 2.5691229537352855, 2.3748337576488625, 1.891221710085849, 2.2784755728792825, 2.5957970694317116, 2.396912340854443, 3.697320603800045, 2.0120671307872255, 2.9034114660430212, 2.02348561831492, 1.389360551966568, 2.224079820401131, 2.4296401666145697, 2.403023680843382, 2.658432935489149, 1.9727496748185316, 2.72230544158538, 1.8445361883476745, 2.4568381071277914, 2.191605965749661, 1.6236727429725673, 5.20588952138701, 2.107544383678337, 1.8406810061798957, 1.8197110516505748, 2.787902428128801, 4.515676837144323, 1.9274196632986709, 2.1486356604562102, 1.958609880092966, 2.000326480389875, 2.4540607074127276, 3.1227026536252795, 2.4577160577071404, 2.7898822327173796, 1.9390529181382887, 1.915990120270885, 3.0146947880126493, 1.9200029873397515, 2.1362006625847303, 4.266053195141593, 2.4140977960995826, 2.0113062575907765, 2.001169482559499, 1.9476984478716592, 2.189108386062574, 2.3425073284300404, 2.4435541696238605, 1.9516958704578447, 2.238717651993091, 1.8367873167423405, 2.550170730763935, 2.2995615878912083, 2.1058711087352746, 2.9345987433131455, 1.8379114576423394, 1.8604005452393353, 3.794918921798967, 2.7342534123535938, 4.17332115598461, 2.256727055107517, 2.221160187468848, 1.9622971648213086, 2.015925365437141, 1.9951715707419337, 1.9510186681160187, 2.092417235902229, 3.1648308426036733, 1.932971188846294, 2.867341861100919, 2.2039755839212947, 2.3093757779182207, 1.8961728856327347, 1.9354756875007129, 1.9492768679117147, 4.50284443924328, 1.5086219031016928, 2.060061438532833, 2.4548583426264896, 2.4361505086166773, 4.052587011311156, 2.492198065458016, 1.9981448955021983, 1.3061463311742798, 4.516734042435869, 1.940043533050042, 2.3872343991571885, 2.318111568966762, 2.023605348234462, 1.6456146927968145, 2.4278301219668093, 4.3578826431811155, 1.9814727163161487, 2.5781285703974706, 3.0354297383066493, 2.845198448011632, 2.1502807929256695, 2.46188994149876, 2.287876401719695, 1.8964405512338443, 1.7376113607694321, 3.8751428196651982, 2.432484027385384, 1.9108235211457478, 2.0263668574554496, 1.92312383276582, 2.8723951386782223, 2.3148415723590747, 2.802030075439087, 2.2508584144935866, 2.1527670362948808, 2.8218621488415634, 3.3050773040455694, 1.9113923601057898, 2.66522618879284, 2.2025193233317264, 2.0268776332296228, 2.448639298596583, 2.16018427036507, 2.588521980720126, 2.765802847101119, 2.088278424850917]"
1.25,6000,0.6401136869272173,0.6401136869272173,0.01261281967163086,0.30680871137943827,"[3, 4, 3, 2, 2, 2, 5, 3, 3, 3, 5, 4, 4, 1, 3, 3, 3, 3, 5, 3, 3, 2, 2, 3, 3, 2, 3, 3, 2, 3, 2, 1, 1, 3, 1, 2, 4, 4, 4, 1, 3, 2, 4, 3, 5, 2, 1, 2, 5, 3, 2, 3, 5, 3, 3, 3, 3, 3, 1, 2, 3, 3, 4, 3, 2, 5, 3, 2, 3, 2, 3, 4, 2, 4, 2, 1, 3, 2, 3, 2, 2, 3, 1, 3, 3, 3, 3, 3, 2, 1, 2, 3, 5, 3, 3, 3, 3, 3, 4, 2, 2, 3, 1, 3, 1, 2, 4, 4, 3, 2, 2, 2, 2, 2, 1, 3, 2, 2, 3, 2, 2, 3, 2, 3, 2, 3, 2, 2, 2, 2, 2, 1, 3, 1, 3, 2, 4, 2, 2, 2, 1, 3, 3, 3, 1, 3, 4, 1, 2, 3, 3, 2, 4, 3, 2, 2, 1, 2, 3, 3, 2, 2, 4, 4, 2, 3, 3, 4, 3, 2, 4, 2, 3, 3, 3, 1, 3, 2, 3, 3, 4, 4, 3, 4, 2, 3, 1, 3, 2, 3, 3, 3, 2, 3, 3, 3, 2, 3, 3, 3, 4, 2, 3, 4, 2, 5, 2, 2, 2, 4, 3, 4, 3, 2, 2, 2, 3, 2, 1, 2, 3, 2, 3, 4, 1, 3, 2, 5, 3, 1, 4, 4, 2, 2, 3, 3, 4, 2, 2, 2, 2, 1, 4, 4, 2, 5, 2, 4, 1, 2, 2, 5, 2, 3, 4, 5, 3, 2, 4, 4, 2, 3, 2, 1, 4, 3, 3, 2, 3, 2, 3, 2, 3, 3, 4, 2, 5, 2, 3, 1, 3, 3, 3, 2, 3, 1, 2, 2, 3, 2, 1, 1, 1, 3, 1, 5, 2, 2, 2, 3, 3, 3, 4, 2, 4, 2, 4, 4, 2, 3, 3, 3, 3, 4, 2, 2, 2, 3, 2, 2, 2, 3, 2, 5, 2, 3, 3, 2, 2, 3, 2, 3, 3, 2, 2, 2, 4, 3, 3, 3, 4, 2, 4, 3, 1, 2, 2, 4, 2, 2, 2, 3, 3, 2, 4, 2, 1, 3, 2, 1, 2, 4, 3, 1, 3, 2, 2, 3, 3, 2, 3, 5, 2, 2, 2, 3, 2, 3, 2, 2, 4, 1, 3, 3, 2, 2, 3, 3, 2, 3, 1, 5, 2, 2, 2, 3, 4, 3, 3, 3, 2, 3, 2, 3, 2, 4, 3, 2, 3, 3, 3, 2, 2, 2, 2, 2, 2, 3, 2, 1, 3, 3, 3, 3, 3, 2, 2, 3, 3, 2, 5, 3, 3, 3, 2, 3, 4, 1, 2, 4, 4, 3, 2, 2, 3, 2, 3, 2, 1, 3, 4, 2, 2, 2, 2, 3, 3, 1, 2, 2, 2, 3, 2, 3, 4, 2, 4, 2, 3, 2, 3, 2, 3, 2, 2, 4, 3, 4, 2, 3, 3, 5, 2, 2, 3, 3, 2, 2, 2, 2, 4, 4, 2, 3, 4, 4, 2, 2, 2, 2, 2, 2, 2, 5, 2, 1, 3, 1, 2, 2, 3, 3, 1, 1, 2, 2, 3, 1, 2, 2, 3, 2, 3, 3, 2, 3, 2, 3, 3, 3, 3, 3, 2, 3, 5, 4, 4, 3, 1, 1, 3, 2, 3, 3, 2, 4, 2, 3, 1, 2, 2, 2, 3, 2, 2, 3, 2, 4, 1, 2, 2, 2, 3, 1, 3, 2, 1, 3, 3, 2, 3, 2, 1, 2, 2, 1, 1, 3, 3, 2, 4, 2, 2, 4, 3, 2, 1, 2, 3, 2, 2, 3, 3, 4, 2, 3, 4, 4, 2, 3, 2, 3, 3, 3, 2, 3, 2, 3, 1, 4, 3, 3, 3, 2, 2, 3, 2, 4, 3, 3, 2, 3, 4, 2, 1, 3, 2, 2, 3, 2, 2, 4, 2, 3, 2, 2, 2, 3, 3, 2, 4, 1, 3, 3, 4, 2, 2, 3, 3, 4, 2, 2, 2, 4, 3, 2, 2, 3, 1, 2, 1, 2, 1, 3, 2, 5, 2, 1, 2, 2, 1, 2, 3, 3, 3, 4, 2, 3, 3, 3, 3, 3, 2, 2, 2, 3, 3, 2, 2, 1, 1, 1, 2, 1, 3, 2, 2, 3, 4, 2, 3, 3, 1, 4, 3, 4, 3, 2, 3, 2, 3, 3, 2, 5, 4, 2, 2, 2, 1, 2, 1, 2, 2, 3, 4, 3, 3, 2, 2, 2, 2, 2, 2, 1, 1, 4, 2, 2, 2, 3, 2, 3, 3, 3, 2, 2, 2, 3, 3, 3, 2, 4, 3, 3, 2, 3, 3, 3, 3, 2, 1, 2, 4, 2, 2, 2, 3, 2, 3, 2, 2, 2, 4, 1, 2, 3, 2, 1, 2, 4, 2, 1, 2, 2, 1, 1, 1, 2, 4, 2, 3, 1, 1, 2, 3, 4, 2, 3, 3, 4, 2, 5, 3, 3, 2, 2, 3, 3, 1, 3, 3, 2, 2, 4, 4, 4, 3, 3, 3, 3, 5, 4, 3, 2, 3, 3, 2, 3, 3, 2, 2, 2, 3, 4, 3, 1, 3, 3, 2, 2, 3, 4, 2, 3, 2, 2, 2, 1, 2, 2, 3, 2, 2, 1, 3, 2, 5, 1, 1, 3, 4, 2, 2, 3, 3, 4, 3, 4, 3, 3, 3, 3, 5, 2, 2, 2, 4, 1, 2, 2, 2, 1, 2, 2, 3, 3, 3, 3, 3, 3, 3, 2, 3, 3, 2, 3, 1, 4, 2, 4, 2, 1, 3, 2, 3, 1, 4, 4, 3, 2, 2, 3, 4, 4, 4, 2, 3, 4, 1, 2, 4, 2, 2, 3, 4, 2, 2, 3, 2, 2, 3, 2, 2, 3, 1, 2, 2, 4, 3, 2, 1, 4, 3, 2, 3, 4, 1, 3, 3, 3, 4, 3, 2, 2, 4, 2, 3, 1, 2, 4, 2, 1, 2, 3, 1, 3, 2, 2, 2, 1, 2, 4, 1, 4, 2, 2, 3, 2, 3, 3, 2, 3, 2, 3, 4, 2, 2, 3, 2, 3, 2, 1, 4, 4, 1, 3, 2, 2, 2, 3, 3, 3, 3, 2, 2, 2, 4, 4, 3, 2, 2, 3, 1, 4, 3, 2, 1, 3, 3, 2, 2, 3, 3, 2, 2, 4, 2, 2, 2, 2, 2, 1, 2, 3, 3, 2, 2, 2, 3, 2, 2, 4, 2, 3, 3, 3, 2, 1, 3, 5, 2, 3, 3, 2, 4, 3, 3, 4, 2, 2, 2, 3, 3, 2, 2, 3, 1, 2, 2, 3, 2, 1, 3, 2, 2, 1, 2, 2, 3, 2, 1, 2, 3, 2, 3, 2, 3, 2, 2, 2, 2, 2, 2, 4, 3, 3, 2, 3, 2, 3, 3, 2, 2, 3, 5, 2, 2, 3, 2, 2, 2, 2, 3, 2, 3, 3, 3, 2, 4, 4, 2, 2, 2, 2, 3, 2, 2, 3, 2, 3, 2, 1, 3, 1, 2, 4, 2, 3, 2, 3, 2, 2, 3, 3, 2, 2, 2, 2, 2, 3, 1, 1, 2, 3, 3, 1, 3, 3, 3, 3, 1, 2, 4, 2, 3, 3, 3, 3, 3, 3, 1, 3, 3, 2, 3, 4, 2, 3, 1, 4, 3, 2, 1, 2, 4, 2, 3, 2, 2, 4, 3, 2, 2, 3, 4, 2, 3, 3, 2, 2]","[2.9229083462312104, 2.5591013816946657, 2.0871382539479795, 2.6314290865974783, 2.207807437121925, 2.0109256026323896, 3.064825160614423, 2.4886515582906346, 2.405767914798954, 2.526347973298429, 3.063661219466491, 2.7574637479916295, 2.6078478626759716, 2.052679091640925, 2.691834199668133, 2.6971219494608807, 2.49018202052197, 3.9033280953814717, 3.5400279420439715, 2.634464735948225, 2.3586760367232036, 2.1610675228884495, 2.368444550343951, 2.580750466198058, 2.011121838889838, 2.0538686123360534, 2.0642319412324595, 2.540529267699446, 2.038651301151503, 2.5230902280673595, 2.1172516435908815, 2.3161062986088643, 2.0828100890144836, 2.3272485893389034, 2.4999663161035595, 2.4321626999206227, 2.7502630841148696, 3.080216503318296, 2.8466675545250446, 2.6631636880464793, 2.8926027485685433, 2.169851411279518, 3.169786261897435, 3.0057785794644607, 2.842784894406895, 2.2732566979812674, 2.058908906005625, 2.1252122469122408, 3.7740345561718955, 2.0968868346721994, 2.090704890141039, 2.2527063906568046, 4.316776664110945, 2.156978305036958, 3.9699908853180164, 2.5605061918495955, 2.397304421939275, 2.362114523642168, 2.3086731590562044, 2.007804646879323, 2.1969220722336007, 2.7975969303592265, 2.9258493198226354, 2.761633415659299, 4.063654588084392, 3.4481381321133684, 2.1714509235745805, 2.0687551944425917, 2.0759296824071947, 2.0511771193523716, 2.4735920971530914, 3.4262539892068355, 2.2777215941122617, 3.879347633986021, 2.0619349969922136, 2.0768839922895674, 3.198065308545755, 2.5839074660294155, 2.30494073934012, 2.122214743527256, 2.114572378277654, 3.021235941565852, 2.4626604603323266, 2.0535710903783597, 2.7223669396855734, 2.5823582455556133, 2.5261225002209073, 2.3523489697026827, 1.9460881590377634, 2.212138140386929, 2.2506520834667305, 2.9130341161087348, 2.589113987208565, 2.950335982919418, 2.8114455483892455, 2.817236378414678, 2.1181475963941168, 2.8180035070511034, 4.229249663261825, 2.531457023807985, 2.290438288210286, 2.2675314182639728, 1.9947818567312217, 2.319661453780938, 2.0665856842064056, 2.0448533786123666, 3.7238025356304636, 2.6328376032710854, 2.7244229960330335, 2.269569956931918, 2.51824372613342, 2.110559470894582, 2.2456832659724464, 2.575088581985389, 2.1539233614442277, 2.664942220647924, 2.705397859362665, 2.0427851462454067, 2.5196425796480493, 2.6886149674072457, 2.289149669614373, 2.7017204704452022, 2.2691907655741774, 2.4536454644481664, 2.342251951715241, 2.29424121708539, 2.1309083480899664, 2.2277582404003438, 2.029078087013643, 2.4176932926478365, 2.0932365575448166, 2.3952350304184282, 2.3282365228179263, 1.995394037658301, 2.344619365182952, 2.692372133472919, 4.050619109756335, 2.5413199497592367, 2.0403513127684194, 2.9640625379168166, 2.050095217426696, 2.954262396541667, 2.9286119840065536, 2.5836374252307044, 2.544055298536128, 2.531919562813481, 4.048321913401795, 2.0868178584165893, 2.213596594277279, 2.2215399677408665, 2.364924960634226, 2.0275047418385435, 4.031446481853308, 3.012240697598071, 2.4361422060863713, 2.14107417809835, 2.0761814225513637, 2.0565873124255853, 2.6421770747003945, 2.13569617649039, 2.017681292734944, 2.0243374325260275, 2.5323588477654044, 2.9794782078608737, 2.733770331687413, 2.238082826723228, 2.1528340788203844, 2.710811203826019, 2.028384720847133, 2.2629727958682633, 2.1115704102983375, 2.8184501568326676, 2.2034976642375343, 2.610515156773305, 1.9374513113253518, 2.22299847336956, 2.4447810333060294, 2.312515575952036, 2.160448717011117, 2.6096506269208657, 3.5773573623044665, 2.6736592430990895, 2.2429318916625656, 2.090550426692867, 2.1610034482514013, 2.1676448687174967, 2.2105213464957516, 2.4665801768410507, 2.273035863934423, 2.7277788175362123, 2.369526670511946, 3.4255286894426926, 2.557611884319874, 3.3809579646663623, 2.477238716538687, 2.5584684690920416, 3.043984382825117, 2.914966725796364, 2.3354251122930445, 3.6711007391956727, 3.7220777064136517, 2.075864513033757, 2.517979982469562, 3.520257887363962, 2.1075746779351454, 2.5802342662451943, 3.061289307672907, 2.05297249979955, 2.05770682625404, 2.3013655661690686, 2.7954227509283616, 3.3295568594576874, 2.431640477740132, 2.0679210314878556, 2.4312035989566265, 2.20150955830797, 2.539423924264198, 2.7945822368600783, 2.480429861958949, 2.829886679542592, 2.0360071431420055, 2.0656569506939766, 2.8836174412214715, 3.5622409756253433, 2.357571359881658, 2.46045146880552, 2.5241206272795442, 4.222893311212891, 2.704024325637574, 2.5799923925731334, 3.555594086661161, 2.213640640702029, 2.081211051313599, 2.02108259876788, 2.884749331773853, 2.3461618648444063, 2.714334003597398, 2.9151691608982753, 2.0171177501558626, 2.0806731900872277, 2.2944878080755178, 2.3626840133572116, 3.2456762619790274, 3.2138517764999324, 2.385774886463232, 4.022704394842049, 2.142784741831669, 4.216083412070596, 2.4272175382171453, 2.547572137202015, 2.1896246666981702, 2.8784555448408344, 2.3355939793836353, 2.12830917327978, 2.9317147846906497, 3.2057736582818945, 2.366417278897641, 2.1738469869215997, 2.625316462679257, 3.0639411663403884, 3.333664084223847, 2.152127443491453, 2.0745365464504752, 2.5874209054704544, 2.4823057750989945, 2.5725903886583135, 2.293839226872161, 2.3429236736366246, 2.2049831963734507, 2.858915875225031, 2.7083044854356433, 2.0889588117614974, 2.123352254322418, 3.380699355149653, 3.1460302593153755, 2.721867036892971, 3.7923152804499995, 2.1167819337653606, 2.0535388646727766, 2.0920122068637323, 2.593688249391965, 2.0655392579551526, 2.563583175450352, 2.43564960368306, 2.788711525562866, 2.4385000987937397, 2.491578069052523, 2.7369468955756955, 2.4332986220512263, 2.0079385248844046, 2.1078790464274673, 2.614380034252673, 2.1153418870183986, 3.0558087407907006, 2.165146579731586, 3.1587503222561075, 1.9953562771953295, 2.0059795503869795, 2.2945575889094543, 3.9553883764248763, 2.435015256621301, 2.3327314599131963, 2.2743551618053663, 2.3223107853530065, 4.214006382662749, 2.45484161284249, 3.7937625508081023, 3.577676447653507, 2.269030353849881, 2.3886303821677606, 3.2074987132054034, 2.120066525640021, 2.295799694375309, 3.9335088168061363, 2.218677089832091, 2.2048827866747196, 2.345501636319347, 2.387664719718794, 2.1019094605085944, 2.4689439977815684, 2.363652183177312, 2.676025213650472, 2.3069556375679405, 4.349460885852709, 2.4435274307351533, 2.6052353153140664, 2.4261264859641987, 2.621392804200025, 2.006833173150145, 2.8703695561112417, 2.080057587563862, 2.7803122257992516, 2.5194679185873152, 2.125307216473538, 2.1459404983664445, 2.059902852468918, 3.4698546142852855, 2.2047729380551657, 2.5111773704036904, 2.254695809361819, 4.358339397274086, 2.05822860719692, 2.21046290013728, 2.6040380893928647, 4.210494716684632, 2.3512746583533186, 2.157741169377588, 2.7125636828546384, 2.087425447420421, 2.2347387830330407, 2.332463978286064, 2.1701250317137575, 2.6504422333117974, 2.382245894577302, 3.305950184623157, 2.058807597238126, 2.3202222384833724, 2.085143910264977, 2.5325412216952845, 2.0750583273933554, 2.4410196141176357, 3.3332763916174977, 2.311966901258136, 2.384981916740829, 2.562382327822274, 2.06878265659748, 2.128591228771255, 2.406865401573872, 2.5410768566902386, 3.368991410614252, 2.393292082960072, 4.4981336745445395, 2.475042312551481, 2.729756820825316, 3.3905216562724405, 2.755413053901747, 2.2105687431406364, 2.007984287693835, 2.0611224317682884, 2.0691019041480585, 2.5621471831210423, 2.7442395733068388, 2.024015331783032, 2.18070411161449, 2.139440959757968, 2.5312052948368913, 2.4652288715689448, 2.169017396884975, 2.10144317227936, 2.3004952609462075, 2.0719516711216017, 3.3594664144742667, 2.0599180981264267, 2.054351851434403, 1.9735364471556585, 2.522367630116858, 3.392908916456893, 2.3957208737718627, 2.510821987292869, 2.32041094548246, 2.7755778287028816, 3.2524090304178497, 1.9923909328712475, 2.4624277946817434, 2.497749080760208, 2.694085221177734, 2.1728539005552743, 2.0192168886201474, 1.998687110206859, 2.173274652540973, 3.1500760721531424, 2.1708274657588693, 2.305589384189166, 2.544305890699485, 2.1790890933888525, 2.8675914317614803, 2.5303888641328287, 2.7121097565834282, 2.292003219722085, 2.7067314188832827, 2.9420125320375803, 2.2906019131588047, 2.5772318776029777, 2.275847833800934, 2.3594862559411864, 2.232172864347886, 2.0808213787466965, 2.440578492081665, 2.1765398378516263, 2.862411020398569, 2.5785341765000855, 3.1047292875523644, 2.0106063550818116, 2.6880923347447414, 1.7833834868354124, 2.5956711459268744, 3.632460237491008, 2.5489115303742826, 2.084193905243668, 2.6198734097125302, 2.645979540926205, 2.3392499837359244, 2.2650535271891603, 2.1699776261298735, 2.713917831652166, 2.1565890554132787, 2.272356744004803, 2.479920846217407, 2.055297590566448, 2.342917055011312, 2.278806917634223, 2.0293944813718037, 2.2938596112824445, 2.317175074505025, 2.218581078778827, 2.3639705976079877, 2.5131068633074256, 3.9662092571560392, 2.068624749206872, 2.216291410441929, 2.3073795155356187, 2.5382651952045783, 2.4611602403628074, 2.3205677048922566, 2.9468434391743172, 3.34618401956572, 2.7669633459329193, 2.22522715257351, 2.251860246553818, 2.066570225571206, 3.1509013431726203, 2.145188815498118, 2.7655003944101724, 2.0721999784964096, 2.5017626165216784, 3.634924591134511, 2.606059194967613, 3.770937129677092, 3.078808025310237, 2.2521972795994927, 2.7969759463701367, 2.5314770296488445, 2.0317316177297378, 2.0924281403602887, 3.065063670114664, 2.620911014529972, 2.0867890900537, 2.500630978324678, 2.0284556189515555, 2.2039999965450603, 2.6271216585788677, 2.931592596850427, 2.3300457812087165, 2.0714333229480824, 4.073739820591205, 3.317055873826167, 2.088247606855468, 2.504769158521061, 2.762015419238298, 2.409921565725829, 2.1785905575130515, 2.045085670121181, 2.445756170813431, 4.206525367974384, 2.024911273413192, 2.5382589257426047, 3.1184944646803188, 2.0869397105558316, 2.5679139033892455, 2.181687611209507, 2.191588286450655, 2.297897680227867, 1.9853194279874762, 2.4965829402920945, 2.079482019118942, 2.3245188756712523, 2.933361743775472, 3.367894089124815, 2.0794322439632067, 2.22110433829038, 2.4097785119224913, 2.513969320131431, 2.0581050274999217, 2.0194554660907404, 2.3779527530702023, 2.216983878249378, 2.1839386007059622, 2.5497388166172215, 2.3429569548021867, 2.2382544651912806, 2.2443859596739917, 2.0056906293567827, 2.132639043424881, 2.367495958019488, 4.104215054046868, 2.4021155958997875, 3.162715656941629, 2.5211188497438215, 2.2459169748090217, 2.9819680565502087, 2.0985288979579924, 2.6988108608134445, 2.049410959516109, 2.6767093757919818, 2.035751401824607, 3.448946588488559, 2.760068117876627, 2.691773304257487, 2.1477875300873066, 2.2089021336158448, 2.4648682567548557, 3.0936884618795606, 3.7788881104422796, 2.7433803394746086, 2.1578577253086753, 2.2639310116080957, 2.093081514519701, 2.564200937367448, 2.231283145768086, 2.565230058919313, 2.632830107885618, 2.0015701581427057, 2.5308856506104482, 2.0538713702127005, 2.7320949566038695, 2.0039833950035266, 2.628910042033941, 2.6022945837862737, 2.7922546227685654, 2.434188960319932, 2.1628769959509557, 2.3146359866594715, 3.707470987654281, 2.533052788472777, 2.114051406515058, 2.0389696651719427, 2.356852328988088, 3.1115789416961404, 2.312035556645357, 2.4970412261748702, 3.881228607960529, 2.3199396566593764, 2.4307392890944763, 2.7341128565843005, 2.1342803076891483, 3.9826623850104785, 2.0721114434570835, 2.328197034797199, 2.233515897521417, 2.105813236236174, 2.0207965309301006, 2.846559388745658, 2.5814559003017545, 2.999286548376621, 2.7031200435946983, 2.611028639943366, 1.9822190224389624, 3.955826562829444, 2.2122757953270846, 3.191338464771624, 2.375979479091465, 2.114340655172708, 2.3727355120452684, 2.5197426983633884, 2.3771805578289618, 2.7938319937907843, 2.145737026871473, 2.269136558228462, 2.7659393929467933, 2.9283122747609505, 2.154841100915789, 2.3926596932220674, 2.890591816781861, 2.0632793477347673, 2.732666574473742, 2.2577543647911704, 2.1362657642548344, 3.0550438902342183, 2.8338111196468105, 2.433113018234661, 2.317573761605549, 3.484690692239755, 3.6528644461108386, 2.154581560229776, 2.610723691874101, 2.1703565967794614, 2.0650571556645403, 2.040116168067187, 2.4233405162072272, 2.7874752531395117, 2.2276216743012984, 2.467998780351129, 3.0817573594144756, 2.1069452170054195, 2.1742281922148616, 2.077805111286067, 2.067566971982494, 3.132965984951549, 2.7747587451049385, 2.0554377545333082, 3.275680346644965, 2.0600668440166894, 2.7545448294779495, 2.2017566547905467, 3.2392593363765467, 2.565734385031996, 2.3091113140716555, 2.4947258232408394, 2.6729735538136032, 3.04772534131592, 2.525559004749255, 2.2063675389351562, 2.3346643722734246, 3.7563813801177135, 2.2639104149919294, 2.0413696972878403, 2.058571884133025, 3.021781488099524, 3.0461637191404853, 2.348584398898666, 2.0068034150336325, 2.7334429340893807, 1.9124039873895866, 2.1089603687761995, 2.0775311113854737, 4.053561098182081, 2.0411952476987176, 2.0332408882677897, 2.2525670536107527, 1.929320264624181, 2.0209807636678603, 1.9834382703776186, 2.3155673611584358, 2.0888300296660356, 2.104692698656277, 3.3411124476717275, 1.6902598656664591, 2.6850434228365594, 2.9463501027157384, 3.1055672456735426, 2.4436795372843543, 2.6227115020598446, 2.1438033879675764, 2.8004408341892875, 2.6370367005530135, 2.340074269732332, 2.5321790533546182, 2.0936153101553447, 2.526258094610669, 2.0446341027230135, 2.3200265285584445, 2.7823947290769917, 2.3814308653970113, 2.4089607248034515, 2.5199303638705093, 1.8131630049185188, 2.066049592609138, 2.1450414068146864, 2.445264233432579, 2.5203846374069805, 2.3134435716603328, 2.6771306375098396, 2.034656905629224, 2.538744526914101, 3.055253351155362, 3.1645705938808497, 2.8826892390155434, 2.556115056845096, 3.2937432042650974, 2.06370615911635, 2.74746430996, 2.2975319208906506, 2.1500597795283616, 4.01262474397457, 3.5266693740541237, 2.13660835663123, 2.3175877160619507, 2.154984087176793, 2.4732818814462036, 2.9248329862265856, 1.7460274998984047, 2.080781005867723, 2.7885423324137264, 3.5380450939355423, 3.305817345010495, 2.155993321368943, 2.36547692123132, 2.43742312628902, 2.049460155094901, 2.5686699712395655, 4.324101672630995, 2.333076148040069, 2.052093668771773, 2.0814644434249505, 2.40843933749899, 2.2754250602366413, 2.516093626295059, 2.1880509129398593, 2.2462991601889106, 2.1038300837930293, 2.3768224678455665, 3.846337179367928, 2.2929705240179317, 2.566182579838591, 1.8584682928425567, 2.0846373120681876, 2.6702193248052257, 3.1534295778070365, 3.488258594934745, 2.9036607916045565, 2.5750380103538113, 2.8106664603038385, 2.8532907700207213, 2.4012646027621356, 2.753613271343636, 3.5811364709379157, 2.5703533668388348, 2.6236200379597117, 2.175738124879084, 2.70791856930681, 2.409919860514224, 2.421094030276904, 3.072049248478468, 2.4383117274956323, 2.4197514072800526, 2.5515920793614146, 2.3807058340977676, 1.9843634017204228, 2.22932558386695, 2.263989435432471, 2.761072157868767, 2.1258135499542936, 2.4896391810479, 2.1761825859621133, 2.3315669728177872, 2.477838350303488, 2.0966906516591735, 2.069517364556516, 2.1210905227345855, 3.7630289220009976, 2.346257993559591, 2.56948754992444, 2.0714075771778746, 2.4707195861619504, 1.996657296783169, 2.351136574332946, 2.307631881958993, 2.8210429530368337, 2.9170770796433834, 2.3738381471150305, 2.8461402192254233, 3.159116527798293, 2.516677235323967, 2.8863990654140164, 2.1112803412873284, 2.2247411203852625, 2.1052445445030514, 2.2400522180123166, 2.5199217819471067, 3.2861573012764067, 2.1857580217117434, 3.642559642922026, 2.338352951203193, 2.528694230982646, 2.2879346513652656, 3.3747866538012006, 2.195374608622358, 2.4254355461502395, 2.1309881784825997, 2.144226808651146, 2.6698133539157727, 2.022181653367286, 2.0662292445967245, 2.095646508502444, 2.701564096538196, 2.761249325160474, 2.1811423356783535, 2.4830767204141027, 3.1537676173316225, 3.3170568840767958, 3.7789150784435153, 2.484895471954457, 2.5552272996661007, 2.5166348941108225, 2.45807070083043, 2.254247737644431, 2.0820085373686776, 2.5375410502696596, 3.025714592067027, 2.3177176832355926, 2.4863532987692287, 3.458967223859622, 2.2728845334889853, 2.319072880701685, 2.695379955538066, 2.030432882930447, 2.7198910776160012, 2.4507989944503348, 2.5223687780976696, 2.275918242216896, 2.619216523006616, 2.2511443192707885, 2.1445994628318883, 2.375270612218407, 2.0510060492881874, 1.988398053700473, 2.0048839818013575, 2.5127987743498448, 2.417735707945475, 2.264082912847243, 2.6766814324754677, 2.62594436041541, 2.72972678218878, 2.027429925009561, 2.5975922550659507, 1.7909367162374683, 2.550413935373612, 2.148322798231668, 2.3812556455994045, 2.565848950094815, 3.2538038117743033, 2.1445694122006165, 2.1408308115055195, 2.523071916239742, 2.6059064217241525, 2.2820331524297455, 2.6845283584663178, 2.5893497859624395, 2.8002325864014477, 2.950461992006413, 2.0178157391438933, 2.295260760758698, 3.2213068486495557, 3.1986822578799274, 3.032415376638415, 2.0616299020567808, 2.901259442879391, 2.010359195687816, 2.0359092980421405, 2.0543261056641953, 2.104574994744378, 2.0699497981802386, 2.8998811090778505, 2.6755747922737307, 2.0050097930424817, 2.297428451955177, 2.516372317167932, 2.1042574747515554, 2.110428856258598, 2.3545750141444812, 2.790339520664712, 2.138886115258131, 2.0655747336295756, 2.1761497535145757, 2.2930776551381604, 2.988474061716654, 2.0251070477556175, 3.1226997287061735, 2.437289003002454, 3.513097187555044, 2.1962938156286564, 2.9204057139906694, 2.4487518799959807, 2.3705420677393256, 3.2538100939022634, 2.0426419485127907, 4.455398257498736, 3.511072422035891, 2.136087872229355, 2.0613318306993125, 2.3232156133662114, 2.3107465517502814, 2.848587690057553, 2.24314329716529, 2.657658377929835, 2.206814287844181, 2.1429110373339664, 3.9535181631643184, 2.122332037262475, 2.1938579154021802, 3.0546014091117417, 2.3156012028968473, 2.62831688989854, 2.071968834968407, 2.9998546490069757, 2.4304639779890502, 2.2716238477462176, 2.349037957165101, 2.0861730661805797, 2.304446271991935, 2.305891479066014, 2.081514798157629, 2.566335794562894, 2.572500625392124, 3.7991043439114867, 2.673408652629758, 2.615403798216331, 2.5407204201801052, 2.513232792398417, 2.3707422210273084, 3.2008147042451243, 3.2027265453076197, 2.057111229596822, 2.464313807424804, 2.5539611229313177, 2.27391178852536, 2.4276215866775934, 2.9778724462480937, 2.2492919929352393, 2.5523477213316226, 3.0217937162232853, 2.4775882906096456, 2.0404628665995785, 2.058086147268436, 3.4942264576205244, 2.593699440631822, 2.6237867792232135, 2.015663392754513, 3.1191867916580374, 2.531757402300152, 2.6188330522587973, 2.3174238677344747, 2.2704309603932513, 2.0713875489655766, 2.2989446906869775, 2.148564999103163, 2.97874790085048, 2.648900099515325, 2.039691073070285, 2.3969299764301613, 2.0528054420816706, 2.1939183893756824, 1.9963489159445427, 2.7736734837201515, 2.224000746707217, 1.895534948572688, 2.4017294085118412, 2.4278769178183124, 2.2744112564673937, 2.25157361031217, 2.2705053333383827, 2.282891983018662, 2.592546041299583, 2.673098355967112, 2.5332267414393494, 2.2811995578788777, 2.1484901078990384, 3.0764027093247086, 2.5428280834895514, 2.259885492916094, 2.2346879474818016, 2.7445965813203883, 2.555446943660786, 2.3662462995183127, 2.3372561243140955, 2.297262065296193, 2.0929957906014445, 2.3152743459669782, 2.107148254196146, 2.7281381686188153, 2.4367978290999788, 2.7419586871044905, 2.0736257257620587, 2.2705482564562103, 2.3642170948758134, 2.6200877182871873, 3.0388405311907865, 2.590871838918157, 3.455922385334731, 2.0106927427197068, 2.092535704191293, 2.746451988123957, 2.0526903910636527, 4.186380695838395, 2.1095931351463704, 2.322274370841644, 2.092628968540985, 2.2810788425473723, 2.586476474052489, 2.6401635972429474, 2.5346949568418933, 2.583980133762941, 2.0952819100131403, 2.3534343352959923, 2.297834758202545, 2.2278425322877613, 2.124007344866511, 1.981866062010256, 2.148809671903994, 2.1607839528169093, 2.0892420040607096, 2.560157986898056, 2.409453707978081, 2.6171208061386175, 2.1162488533997528, 2.169769557284367, 2.07632684216111, 3.27846593848183, 2.9225525364682747, 2.984182359088805, 3.0603913062738455, 3.168516562261381, 1.9883826062383485, 2.8788671483115933, 2.4386643453905497, 2.30108230488427, 2.693748058475404, 2.118707717376912, 3.6421035688581793, 2.5778530611163597, 2.167631557483728, 2.1049821363519987, 2.137889559478383, 2.195033881090279, 3.327775587369437, 2.4939963597516153, 2.1194537651359977, 2.879016229902836, 2.5688330389572904, 2.0191545191947045, 2.7338216395924793, 2.501309828463727, 2.3668261060790594, 2.0141901662947523, 2.2062299132998047, 2.0912106552179264, 2.1227177715675665, 2.1280130089385327, 2.115561259729601, 2.2918373520563655, 2.909010577668368, 2.30323865244688, 2.399674896884078, 2.5609210628108547, 2.0774264119199617, 2.2883471632655357, 2.2934671387675474, 2.2104148774011367, 2.7678051556046777, 2.3849567926189117, 2.0107139189128165, 2.160829093978049, 2.537863825905369, 2.564310401258456, 3.722034521007168, 2.1327820717572332, 2.3218620058075414, 2.1616848529695707, 2.917763517890765, 2.323224099973844, 2.3835391121172194, 2.1660538754344185, 2.368545492512197, 3.110077171783815, 2.42887190887312, 2.667544197193148, 2.33903654698761, 2.2017945846537823, 2.4836959505152536, 3.0899621938376844, 2.28824200421274, 2.01561289096772, 3.2793205032443082, 2.191303466352426, 4.475056543714326, 2.075730013380385, 2.266873173167368, 2.282406084827336, 2.395124247530024, 2.6786739081140487, 2.470750918139387, 2.445351179807346, 2.165365728104076, 2.0592675883325073, 2.2892213317281844, 2.7372599061692084, 2.17018692664558, 2.2530577146569573, 2.869970340928691, 2.535907052053798, 2.109630895609342, 2.081419817423257, 2.0980441622080477, 2.2247590896790905, 2.8628083634594534, 2.5290632467555936, 2.0888311776468473, 2.37660482269212, 2.1801927227019946, 2.6548227746439554, 2.2451178144406096, 2.4469154780444726, 2.338692873984789, 2.080403401238007, 2.2717707436985, 3.1343178035086687, 2.4345625865137737, 2.7576293232684352, 2.12635149532336, 2.32164845883712, 2.026330723543988, 2.1462345264793354, 2.0895531960204057, 2.1433805889322985, 2.099668472591042, 2.724090124753054, 2.0332449006140942, 2.2957682086757525, 2.2896338721989875, 2.6213956971360504, 1.9906453696511515, 2.08007761577616, 2.030674324766533, 3.458247403976521, 2.696180740809207, 2.117497034861853, 2.73404855850547, 2.536437983323949, 4.095831094459438, 2.532574390235008, 2.0797875355920756, 2.827374108690966, 4.418775699289828, 2.105283304386642, 2.4759285466235763, 2.206139259772646, 2.1276386352735623, 2.4045751639739077, 2.200245236851064, 3.044601080575716, 2.0594197669921304, 2.726762196508901, 4.144703789925181, 2.3148131598464574, 2.272026629742273, 2.6052436857658576, 2.3690235403851574, 2.246496674083827, 2.2023892613400604, 2.817098625425122, 2.454867347439623, 2.1424924802483334, 2.0867635557551036, 2.0051900134339373, 2.898846743096147, 2.429056970125156, 2.9349905507659444, 2.1004438053785424, 2.2906640973799934, 3.9467398952827817, 2.5071830058570983, 2.0329697106613414, 2.5867029835858957, 2.3002182481199287, 2.118034315005202, 2.5204372657551333, 2.2660009715328115, 2.6343336593972175, 2.3166894734961865, 2.187639800969892]"
1.5,6000,0.6729313270905946,0.6729313270905946,0.012236595153808594,0.31037165665829636,"[3, 4, 3, 2, 2, 2, 5, 3, 3, 3, 5, 4, 4, 1, 3, 3, 3, 3, 5, 3, 3, 2, 2, 3, 3, 2, 3, 3, 2, 3, 2, 1, 1, 3, 1, 2, 4, 4, 4, 1, 3, 2, 4, 3, 5, 2, 1, 2, 5, 3, 2, 3, 5, 3, 3, 3, 3, 3, 1, 2, 3, 3, 4, 3, 2, 5, 3, 2, 3, 2, 3, 4, 2, 4, 2, 1, 3, 2, 3, 2, 2, 3, 1, 3, 3, 3, 3, 3, 2, 1, 2, 3, 5, 3, 3, 3, 3, 3, 4, 2, 2, 3, 1, 3, 1, 2, 4, 4, 3, 2, 2, 2, 2, 2, 1, 3, 2, 2, 3, 2, 2, 3, 2, 3, 2, 3, 2, 2, 2, 2, 2, 1, 3, 1, 3, 2, 4, 2, 2, 2, 1, 3, 3, 3, 1, 3, 4, 1, 2, 3, 3, 2, 4, 3, 2, 2, 1, 2, 3, 3, 2, 2, 4, 4, 2, 3, 3, 4, 3, 2, 4, 2, 3, 3, 3, 1, 3, 2, 3, 3, 4, 4, 3, 4, 2, 3, 1, 3, 2, 3, 3, 3, 2, 3, 3, 3, 2, 3, 3, 3, 4, 2, 3, 4, 2, 5, 2, 2, 2, 4, 3, 4, 3, 2, 2, 2, 3, 2, 1, 2, 3, 2, 3, 4, 1, 3, 2, 5, 3, 1, 4, 4, 2, 2, 3, 3, 4, 2, 2, 2, 2, 1, 4, 4, 2, 5, 2, 4, 1, 2, 2, 5, 2, 3, 4, 5, 3, 2, 4, 4, 2, 3, 2, 1, 4, 3, 3, 2, 3, 2, 3, 2, 3, 3, 4, 2, 5, 2, 3, 1, 3, 3, 3, 2, 3, 1, 2, 2, 3, 2, 1, 1, 1, 3, 1, 5, 2, 2, 2, 3, 3, 3, 4, 2, 4, 2, 4, 4, 2, 3, 3, 3, 3, 4, 2, 2, 2, 3, 2, 2, 2, 3, 2, 5, 2, 3, 3, 2, 2, 3, 2, 3, 3, 2, 2, 2, 4, 3, 3, 3, 4, 2, 4, 3, 1, 2, 2, 4, 2, 2, 2, 3, 3, 2, 4, 2, 1, 3, 2, 1, 2, 4, 3, 1, 3, 2, 2, 3, 3, 2, 3, 5, 2, 2, 2, 3, 2, 3, 2, 2, 4, 1, 3, 3, 2, 2, 3, 3, 2, 3, 1, 5, 2, 2, 2, 3, 4, 3, 3, 3, 2, 3, 2, 3, 2, 4, 3, 2, 3, 3, 3, 2, 2, 2, 2, 2, 2, 3, 2, 1, 3, 3, 3, 3, 3, 2, 2, 3, 3, 2, 5, 3, 3, 3, 2, 3, 4, 1, 2, 4, 4, 3, 2, 2, 3, 2, 3, 2, 1, 3, 4, 2, 2, 2, 2, 3, 3, 1, 2, 2, 2, 3, 2, 3, 4, 2, 4, 2, 3, 2, 3, 2, 3, 2, 2, 4, 3, 4, 2, 3, 3, 5, 2, 2, 3, 3, 2, 2, 2, 2, 4, 4, 2, 3, 4, 4, 2, 2, 2, 2, 2, 2, 2, 5, 2, 1, 3, 1, 2, 2, 3, 3, 1, 1, 2, 2, 3, 1, 2, 2, 3, 2, 3, 3, 2, 3, 2, 3, 3, 3, 3, 3, 2, 3, 5, 4, 4, 3, 1, 1, 3, 2, 3, 3, 2, 4, 2, 3, 1, 2, 2, 2, 3, 2, 2, 3, 2, 4, 1, 2, 2, 2, 3, 1, 3, 2, 1, 3, 3, 2, 3, 2, 1, 2, 2, 1, 1, 3, 3, 2, 4, 2, 2, 4, 3, 2, 1, 2, 3, 2, 2, 3, 3, 4, 2, 3, 4, 4, 2, 3, 2, 3, 3, 3, 2, 3, 2, 3, 1, 4, 3, 3, 3, 2, 2, 3, 2, 4, 3, 3, 2, 3, 4, 2, 1, 3, 2, 2, 3, 2, 2, 4, 2, 3, 2, 2, 2, 3, 3, 2, 4, 1, 3, 3, 4, 2, 2, 3, 3, 4, 2, 2, 2, 4, 3, 2, 2, 3, 1, 2, 1, 2, 1, 3, 2, 5, 2, 1, 2, 2, 1, 2, 3, 3, 3, 4, 2, 3, 3, 3, 3, 3, 2, 2, 2, 3, 3, 2, 2, 1, 1, 1, 2, 1, 3, 2, 2, 3, 4, 2, 3, 3, 1, 4, 3, 4, 3, 2, 3, 2, 3, 3, 2, 5, 4, 2, 2, 2, 1, 2, 1, 2, 2, 3, 4, 3, 3, 2, 2, 2, 2, 2, 2, 1, 1, 4, 2, 2, 2, 3, 2, 3, 3, 3, 2, 2, 2, 3, 3, 3, 2, 4, 3, 3, 2, 3, 3, 3, 3, 2, 1, 2, 4, 2, 2, 2, 3, 2, 3, 2, 2, 2, 4, 1, 2, 3, 2, 1, 2, 4, 2, 1, 2, 2, 1, 1, 1, 2, 4, 2, 3, 1, 1, 2, 3, 4, 2, 3, 3, 4, 2, 5, 3, 3, 2, 2, 3, 3, 1, 3, 3, 2, 2, 4, 4, 4, 3, 3, 3, 3, 5, 4, 3, 2, 3, 3, 2, 3, 3, 2, 2, 2, 3, 4, 3, 1, 3, 3, 2, 2, 3, 4, 2, 3, 2, 2, 2, 1, 2, 2, 3, 2, 2, 1, 3, 2, 5, 1, 1, 3, 4, 2, 2, 3, 3, 4, 3, 4, 3, 3, 3, 3, 5, 2, 2, 2, 4, 1, 2, 2, 2, 1, 2, 2, 3, 3, 3, 3, 3, 3, 3, 2, 3, 3, 2, 3, 1, 4, 2, 4, 2, 1, 3, 2, 3, 1, 4, 4, 3, 2, 2, 3, 4, 4, 4, 2, 3, 4, 1, 2, 4, 2, 2, 3, 4, 2, 2, 3, 2, 2, 3, 2, 2, 3, 1, 2, 2, 4, 3, 2, 1, 4, 3, 2, 3, 4, 1, 3, 3, 3, 4, 3, 2, 2, 4, 2, 3, 1, 2, 4, 2, 1, 2, 3, 1, 3, 2, 2, 2, 1, 2, 4, 1, 4, 2, 2, 3, 2, 3, 3, 2, 3, 2, 3, 4, 2, 2, 3, 2, 3, 2, 1, 4, 4, 1, 3, 2, 2, 2, 3, 3, 3, 3, 2, 2, 2, 4, 4, 3, 2, 2, 3, 1, 4, 3, 2, 1, 3, 3, 2, 2, 3, 3, 2, 2, 4, 2, 2, 2, 2, 2, 1, 2, 3, 3, 2, 2, 2, 3, 2, 2, 4, 2, 3, 3, 3, 2, 1, 3, 5, 2, 3, 3, 2, 4, 3, 3, 4, 2, 2, 2, 3, 3, 2, 2, 3, 1, 2, 2, 3, 2, 1, 3, 2, 2, 1, 2, 2, 3, 2, 1, 2, 3, 2, 3, 2, 3, 2, 2, 2, 2, 2, 2, 4, 3, 3, 2, 3, 2, 3, 3, 2, 2, 3, 5, 2, 2, 3, 2, 2, 2, 2, 3, 2, 3, 3, 3, 2, 4, 4, 2, 2, 2, 2, 3, 2, 2, 3, 2, 3, 2, 1, 3, 1, 2, 4, 2, 3, 2, 3, 2, 2, 3, 3, 2, 2, 2, 2, 2, 3, 1, 1, 2, 3, 3, 1, 3, 3, 3, 3, 1, 2, 4, 2, 3, 3, 3, 3, 3, 3, 1, 3, 3, 2, 3, 4, 2, 3, 1, 4, 3, 2, 1, 2, 4, 2, 3, 2, 2, 4, 3, 2, 2, 3, 4, 2, 3, 3, 2, 2]","[2.8128076908787816, 2.8059437239644027, 1.9314491764260735, 2.3914079069035683, 2.0110887496160146, 2.111187078230687, 3.3701552990648063, 2.508394478535282, 2.2563782256660367, 2.0364002758557005, 2.751842918991045, 2.489954356548826, 2.6680797411018347, 2.1426573904498403, 2.890939791191404, 2.38047689230975, 2.128282187240092, 4.18185355392686, 3.4429893852006264, 2.5311437286754637, 2.250658282825894, 1.9650104727362563, 2.3039258276907573, 2.6048208563634057, 2.1545242554630093, 2.205201207241105, 2.0802203590093056, 2.5145755967751247, 2.1143329683027807, 2.6744044005499648, 2.0489562807428037, 2.458867231849374, 2.0994934985564857, 2.378744425588695, 2.5929376018036017, 2.2699885512532387, 2.5697550838250147, 3.1132863314991357, 3.1711425633414203, 2.7059069532047593, 2.963498735009608, 1.9309893585223048, 3.063300826812174, 2.86907763645281, 3.023369614424592, 2.4208450833249757, 2.1625481587542335, 1.9278138831999854, 3.3846538309657603, 2.1603959725672484, 2.0645500371247367, 2.2484395179284657, 4.888602706456368, 2.1284824099010353, 4.108748504805937, 2.912222653557321, 2.247598121166116, 2.297359000394933, 2.371319242383319, 2.0648157703822894, 1.998213408021954, 2.444742481769275, 2.699653315818326, 2.4042680743650013, 3.990248082512637, 3.086494919763113, 1.9717894066472168, 1.9986456231388146, 2.006088502232238, 2.0666771680082103, 2.4441617481054863, 3.2231310785700624, 2.33920980728961, 3.620287094431268, 1.9797251510651743, 2.007078511987248, 3.093548797677425, 2.6512295566665784, 2.544729891069584, 2.1810957102135564, 1.9167759866688536, 3.2606925895480847, 2.729269672342424, 1.4590654188643808, 2.654217186699456, 2.6959215112355888, 2.763817307178649, 2.333527255868198, 2.1614797869820186, 1.9796062911019026, 2.1769511745534817, 3.275139637261292, 2.5153849120674208, 2.5959649583672655, 2.6356207675488816, 3.1512167280839716, 2.0498857503329395, 3.0194462244201237, 4.285818460009913, 2.7693513904854337, 2.352402221453049, 2.3286384261466306, 2.1375730092980834, 2.3827185993106146, 1.9963949534799421, 2.146384061733007, 3.627712860488649, 2.5294557264313093, 2.8089920316865724, 2.418603189631198, 2.7125101952998762, 1.9126129600371733, 2.0016722136827916, 2.6468016799784757, 1.9144654546976714, 2.635256683859095, 2.7652860948117186, 2.014837658797157, 2.7139613786637855, 2.457918871630998, 2.108963412247574, 2.941919362980366, 2.066782572190751, 2.5113188947700396, 2.2336197875998254, 2.4426146143766965, 2.0199902702958927, 1.8185280301192375, 2.1300186306928985, 2.44045675056025, 2.0671764119244496, 2.288584915526831, 2.262213654092065, 2.0950744914085844, 2.269613416749011, 2.46181658989308, 3.843464822518933, 2.693316079700981, 2.0123127778032632, 2.8399074979916605, 2.151821993013226, 2.7508149898661975, 2.959304208554643, 2.6078158139316203, 2.653020155457072, 2.8049790317378, 3.8587128910864004, 1.9742503951399462, 2.0705520343757295, 2.105199165877566, 2.2884294361187085, 2.0421192281860825, 3.818609444548692, 2.5577088914585318, 2.2447551918626525, 2.108817793875909, 1.9632160597949833, 2.2064388464351956, 2.559948136026365, 2.0601050061213275, 2.1181954926114797, 2.1251006325933686, 2.1752023416104405, 2.8274491495276264, 2.686122712852395, 2.3843553892432716, 1.958051787961503, 2.475426062773183, 2.1308820913385778, 2.4564755996867054, 2.04306251763294, 2.9907830886362214, 2.4778772268585345, 2.7580029749114505, 2.152519842580558, 2.153838733277607, 2.245731388949136, 2.332171800678945, 2.1130790792081133, 2.858383970897515, 3.495753807395283, 2.698184985337897, 2.1721077073628474, 1.934988995478161, 1.9218104011714443, 1.97658216619177, 2.1369019478954323, 2.056643538281065, 2.3343487881687857, 3.0967979453823418, 2.583159790178371, 3.4352704760510973, 2.5808166809905733, 3.2608250054652053, 2.756238425158235, 2.53296866323456, 2.599774690301298, 2.945148493532462, 2.1690597201912745, 3.767594224842129, 3.889473401732122, 2.007603659946863, 2.625969385316573, 3.370787972300438, 1.909516508663139, 2.7061424163798744, 3.0290984741406266, 2.199523276895455, 1.9871839454535598, 2.3215499167917404, 2.9721079345492627, 3.6336507256364694, 2.3208381807018754, 1.9977802548997228, 2.1964982359377156, 1.9206982083461648, 2.60508192569427, 3.0366996205571857, 2.517446963903438, 2.92698657607365, 2.0078060967062648, 2.163972976260277, 2.8030908058168027, 3.206926088471102, 2.295811411003803, 2.273139372222825, 2.718606946021379, 4.365491522466103, 2.2119101691272944, 2.6471680238407176, 3.580552844245324, 2.1568649284442105, 2.0131502074052396, 2.078590438484376, 2.5231764746648873, 2.3670767669153987, 2.5324819287861082, 2.8167287931191876, 2.0744772684590633, 2.0972766601662194, 2.399736830160188, 2.2251447036440446, 2.7095449937820817, 3.504792364157337, 2.3219044760654692, 4.078693265347041, 2.080192844224099, 4.34658173395097, 2.790613199543447, 2.5055820662921366, 2.1943323115781412, 2.9667660242238423, 2.3968370109157666, 1.9741602627451988, 3.0574751986306987, 2.9655743537872863, 2.5126704467707657, 2.1475648989878406, 2.5152228097033893, 2.985528334635651, 3.1549557959498444, 1.9988695529795135, 2.0477768502682663, 2.6548744307106547, 2.3868267233722102, 2.1794646338513357, 2.337593243605448, 1.6360664987478262, 2.147883616925735, 2.9135409988798138, 2.781763564490271, 2.021187804588903, 1.9690179099170155, 3.3117035036133773, 2.937133660985824, 2.88212805986787, 3.634541693121359, 1.9622017995893541, 2.069127264092552, 2.022772659434481, 2.8418244552111904, 2.0384429813190494, 2.7164121526006926, 2.2442441616473867, 2.3772194695054503, 2.338216786164623, 2.817413329910934, 2.6294738526597747, 2.4947487920516505, 2.0649546566428842, 1.952965863259788, 2.6121647469349663, 1.960707881991416, 3.460413518694802, 2.1369562523904135, 3.2950597165410422, 2.0950353183607247, 2.1491895985816942, 2.4702383837187294, 3.532389909339594, 2.231740947050468, 2.4761417066415294, 2.1414973502349417, 2.1985883980529035, 4.405836158926399, 2.7330034659979288, 3.5635477693103765, 3.652471436318751, 2.206340919967695, 2.2817331933374785, 2.461040327697187, 1.9224756651325015, 2.4442313928974686, 3.9400174670970656, 2.0599229607387484, 2.479314165477767, 2.280124639929564, 2.4844207047825746, 1.9467729605117197, 2.7907670084012834, 2.509801911311554, 2.915052471455002, 2.283270270057401, 4.338603718314938, 2.478492311537942, 2.6749380265870477, 2.832614931962356, 2.4952527447448536, 2.0638079546964336, 2.620988847032518, 2.0103708286005832, 2.8924949813832623, 2.7960544831599554, 1.9710460054403192, 2.0371675247822285, 2.1683275829057025, 3.5925560306122417, 2.479200207520356, 2.7051794935707796, 2.534156178481283, 4.069920229957266, 1.9877252457512633, 2.430124288819324, 2.7944172062310386, 4.39576270764399, 2.450662224454497, 1.9615596833383964, 2.482763486939738, 2.1042815133608435, 2.4687362128146866, 2.2665992548593143, 1.9194280776671135, 2.755401128708736, 2.358966932305581, 3.201264734368046, 2.0314594952414406, 2.472733092401221, 2.0619465560344676, 2.59794174742522, 2.0483181505659696, 2.077280659519297, 3.270182535314678, 2.3747362005125723, 2.3210818420604067, 2.7598827473140286, 1.9986741126281675, 2.017586469631749, 2.434799463292229, 2.5844666498360227, 3.7393797775009268, 2.286569284155119, 4.351458720871147, 2.7970934556306934, 3.146731838991942, 3.2787596482155794, 3.0979222243095657, 1.9332618191501012, 2.1512693313044498, 1.9907273256918163, 1.9990053029418942, 2.759638806061445, 2.386223544046161, 2.03849928244519, 1.9422480485959208, 2.112699143761828, 2.682823044653722, 2.6127683566496334, 2.0642732393076932, 1.9894228288134053, 2.409134546459793, 2.0450952770829325, 3.6720206177634616, 2.032611538967145, 2.1562378638629123, 2.115532828097511, 2.673654770861369, 3.4482565363444726, 2.292254463873435, 2.5642313039463795, 2.3403625288678795, 2.6615641333057027, 2.9764800388266415, 2.135092643131304, 2.438155464592893, 2.808804526390584, 2.755133026043281, 2.489220707547644, 2.076654933801469, 1.870950236696676, 2.1134061200299015, 3.2135656353104625, 1.8888683263667307, 2.411253706231064, 2.6532801220474163, 2.5269776160957824, 3.1497155840144986, 2.7251096719661594, 2.7794075085265626, 2.42493826587558, 2.3473122433694678, 3.00899821135081, 2.3957055674167647, 2.601170640540076, 2.2134134356995316, 2.5573549359290353, 2.1130642995326836, 2.0111631925232083, 2.2062238353655337, 2.161509817949239, 3.0079377837613555, 2.751261116373534, 3.0741635045175286, 2.1108558879169603, 2.772885038117719, 1.7395071399701607, 2.758525360779753, 3.7553865440555185, 2.571790854644984, 2.1832033815734277, 2.249870332700813, 2.6341047870835133, 2.3599063185639118, 2.3692014393532226, 2.2441348497389595, 2.1861986128002124, 2.0513799647824595, 2.3767778629279874, 2.8452880907976708, 2.0278181823835335, 2.5298419356259387, 2.38346933173973, 2.044079661172173, 2.3990851330912424, 2.5838285052827983, 2.06298888802969, 2.502973806871031, 2.3007751890527355, 4.1361138721126345, 1.9985102980643887, 2.190014365123865, 1.812450530071457, 2.7724213490012746, 2.141308328394102, 2.383658752459257, 3.029726447176632, 3.2046472736978258, 3.2014470769132988, 1.729635056671242, 2.3986482099329627, 2.1257797164111474, 3.0836775102198666, 1.979826219983039, 2.9202626526842708, 2.0022192734595086, 2.274445097806038, 3.6496555993585975, 2.5383787449154105, 3.6986310049015585, 2.7001439109352177, 2.443714216050056, 2.6980795962062145, 2.445751255317618, 2.1327714276016145, 2.0663377525816258, 3.3571236387915926, 2.560216574707448, 2.0564948500483027, 2.546500628049151, 2.043105676754924, 2.4352647510116245, 2.6936844249365195, 3.2809302646981346, 2.340095422947668, 2.044557537971398, 3.7339951696803366, 3.2230824567078225, 1.975733629179377, 2.688269184089269, 2.884538300514427, 2.2606872609306503, 2.0670460927790697, 2.060357843151139, 2.4537313980864512, 3.944481219486545, 2.168829540304292, 2.303627093910888, 2.6802376571984183, 2.1037776055179154, 2.3742259433397677, 1.8138675401644024, 1.8672721906967764, 1.890463952772518, 2.1277565996229537, 2.8194398988418086, 2.0960409285655413, 2.389340497991732, 2.8803183090948656, 3.549540703131264, 2.0959892913660894, 2.496142550719859, 1.9210183402525502, 2.482056546168976, 1.9875970430491756, 2.0769024362402217, 2.2706561237584864, 2.4056007480755692, 2.110152135948803, 2.702049888780704, 2.4547674590303386, 2.3845334485517267, 2.434027916670426, 2.1057562693228062, 1.9355185094768377, 2.3460753493356843, 3.9460586790453798, 2.3908149323144574, 3.5144074356607837, 2.9647874968555756, 2.435616205701846, 2.7933289583040444, 1.9314207969795194, 2.5116297841739144, 2.064844937724207, 2.744265596409536, 2.0075407883366667, 3.6644745019332143, 2.5296911636173043, 2.7543173874102287, 2.174815512217524, 1.9315328632650022, 2.1818582412459984, 3.2979315245590817, 3.6197011942167276, 2.431631297035161, 2.000821299038256, 2.368036931475926, 2.0238819689261565, 2.775776495025366, 2.2407147268369556, 2.257185130148875, 2.6101957640800246, 2.1446152549474826, 2.418914166871355, 2.158904938302914, 3.058141947369304, 2.1471187688243614, 2.6148139686058154, 2.6207405029292725, 2.9344288851005853, 2.242728876932434, 2.2383513564000097, 2.3567578560122175, 3.7988946344723473, 2.860439581206025, 2.210184924621704, 2.1418630088910042, 2.5427157506275706, 2.7504337991967946, 2.374807424235954, 2.6905145289264176, 3.9959957178193664, 2.517156304414792, 2.384351225444639, 3.0171017352160523, 2.1927852658510534, 4.078760433928493, 2.179410121264276, 2.391573488720087, 2.2790061733063904, 2.1281054678311526, 2.12142726905994, 3.0199438615819134, 2.605552680121156, 2.5987996755242477, 2.3084742496821327, 2.5930981093472867, 1.870593088964558, 3.912695052319193, 2.217830798514961, 3.455247470421038, 2.3117426313319362, 2.045936394871405, 2.3083773104021352, 2.7571988426833727, 2.692377869643062, 2.7547622876674414, 2.070521475665951, 2.2440090318572095, 2.6332279897947677, 2.708638824726074, 2.003267490898027, 2.1308338472542507, 3.0157248881221292, 2.0792321298473797, 3.0402147892439215, 2.4063455868371486, 1.939280902664494, 2.622216237675441, 2.7555971922212312, 2.6657182780928816, 2.3374192084991168, 3.3421427186421666, 4.0209105397431255, 2.0955965009978943, 2.63591535339892, 1.9746470425098464, 2.1736747039386093, 2.01206883655068, 2.411922827193827, 2.4255572452187724, 2.3120321520241527, 2.2322597564855857, 3.0429907696382914, 2.122121364512707, 1.9355298708879098, 2.094301289121935, 2.21624648014523, 3.3845161782392084, 2.709423673934382, 2.1142307896647496, 3.2526544435928946, 2.1190330492137837, 2.6868708089257867, 2.092661577893093, 3.241193899587965, 2.6323766370873525, 2.274327876384665, 2.688112508855358, 2.4416923268514843, 3.0795797044085846, 2.0787153926574904, 2.1437440810425565, 2.398282763462675, 3.6065317130501935, 2.368015564358912, 2.0565028591230856, 1.9880813643681736, 2.681989901021465, 2.6873917229627717, 2.3577447886020653, 2.150044283262279, 2.461290212192618, 1.6536932809680394, 1.954087636903055, 2.1387334041009285, 4.0229106042030764, 2.1010382485009833, 2.177470758543618, 2.1373869470669953, 1.5889680814185803, 2.035351193871704, 2.125805069602286, 2.3369205154351147, 2.0194714398557236, 2.0750682165132543, 3.288152283716233, 1.9448350477333765, 2.5756287177829518, 2.8004231994383133, 3.211436404266758, 2.1694728179523097, 2.562084416853142, 2.072508401510235, 2.3096070571105045, 2.6983605070977092, 2.313634939966324, 2.726966830553346, 2.0244357333754515, 2.7639579740323286, 2.099030082540012, 2.341546496268778, 2.7549032476858217, 2.4515470439929508, 2.6710619731641874, 2.6711263286813063, 2.037116107784244, 2.082106007085845, 2.2886333628876327, 2.0816840662173917, 2.628463996228029, 2.2900009119170033, 2.446004923302267, 2.1789397478383727, 2.229708798261168, 3.0659703178829445, 3.1716969194217883, 2.7216193630935464, 2.4250118389219883, 3.1631055288483734, 2.036541307904749, 2.7108138763239777, 2.058626010084585, 1.910457339664347, 4.066710057784817, 3.4068010422248958, 2.0666269755516353, 2.146562142606047, 1.9155658612239237, 2.708999968477661, 2.7404869335369275, 1.9164216989952412, 2.175669908270767, 3.032016533744489, 3.520124790132379, 3.1389281694089237, 1.9166128499576398, 2.3008471822475687, 2.4609862478282083, 2.151163173571942, 2.6785556408826183, 4.211684397751807, 2.353501525238782, 2.0676280047153606, 2.098097513578198, 2.307031478881796, 2.466228162011447, 2.6144165151815573, 1.996168817122159, 2.392879088339017, 2.0781662324422983, 2.5793325803335736, 3.6276851144183526, 2.398162785873445, 2.603170107848144, 1.8565415004170402, 2.0973961759409594, 2.4819686645714634, 3.0863003238334104, 3.301799462840076, 2.4961865098654945, 2.806576901587207, 2.6116981990848966, 3.0512059000658285, 2.608099208996742, 3.08046524287032, 3.6002857311063554, 2.902301070623164, 2.606160540215553, 2.1839191871816124, 2.5602751823258347, 2.1312846920685997, 2.357717506812463, 2.754114319563828, 2.117605073252559, 2.2740503580295504, 2.735260943183983, 2.2735121950661066, 2.126764809274859, 2.0287251641225605, 2.1883773294147923, 2.403685820426353, 1.9715712804002616, 2.0877509707083663, 1.8944237767905299, 2.4413686230694203, 2.1586103513966846, 2.118641615586764, 2.1320026352409975, 2.0505286334742094, 3.5099787334121917, 2.2377756918591674, 2.5931366045425817, 2.0445308290751294, 2.618464473927112, 2.096385007918814, 1.6445866366574027, 2.41337261200168, 3.2477639632011406, 3.071224516554059, 2.4908804495154455, 2.927121149670199, 3.139410178051076, 2.754018703434365, 2.7056096515103705, 2.042761597401651, 2.023969199993725, 2.0843819018994827, 2.078104812763174, 2.6711174257158836, 2.9996456648994485, 2.1136223848702653, 3.909608801124591, 2.2662781119009914, 2.6881044880550204, 2.3929385257633724, 3.572285038234222, 2.2018801186632255, 2.3718736609335687, 2.2021040769784603, 2.16079762690224, 2.7913965314282314, 2.1228642076791724, 2.039158779739039, 2.014697779838841, 3.291601615126595, 2.962124303563004, 2.3165162290750945, 2.6760276235905103, 2.981807370525064, 3.676677571485203, 3.7748990472197814, 2.5971954973459845, 2.6661928560962527, 2.7971083782279345, 2.779486951210653, 2.401125014913573, 2.098661961586, 2.603128615080517, 2.8443150589276014, 2.397329753435902, 2.6794267757889183, 3.4448577583529665, 2.0457906820540086, 2.327129271106295, 2.646296187330242, 2.174557708257293, 2.624514087842167, 2.1736930775633514, 2.6305223618337696, 2.3804725935784306, 2.649474188736793, 2.2700600844243826, 2.281016455710654, 2.3110072463880167, 2.1096332983204387, 2.0878167939959544, 2.1065022108249054, 2.793128752683963, 2.0962593233549613, 2.0366598007164307, 2.97896976350836, 3.0358429367801727, 2.799266336198232, 2.159597275203694, 2.6430962383310344, 1.8336101287835525, 2.61648306321465, 1.9086553794627812, 2.317216174473846, 2.6637839506959815, 3.2518008529626687, 2.158742911520415, 2.205156483564111, 2.7175190036467183, 2.675634238483107, 2.3436826571180025, 2.570219352102813, 2.864619256107921, 2.9131605447225617, 2.7615553108482143, 2.1614685684927584, 2.3142714983999535, 3.0580212265350575, 3.276990907867172, 3.317006602180287, 2.077520979893126, 2.861022195676221, 2.110599482512785, 2.1371053911694116, 2.156211154966644, 2.0789390098409934, 1.9998849159256622, 2.9956901938614435, 2.7415058041288094, 2.148183563488923, 2.3053415688788097, 2.304890814022383, 1.9492088118513853, 2.081018958601824, 2.3326710445951844, 2.674440530251997, 1.8988656786839198, 1.9953461841531417, 2.1052374450347866, 2.3864287874890526, 3.4634823741812886, 2.172198168419607, 3.181355284235742, 2.367359888404037, 3.3569289801202737, 2.185168304263013, 2.880884711534388, 2.7266859217339414, 2.4386681412127214, 3.3460877520665453, 2.140097003589532, 4.0890910698096885, 3.3979620699011868, 2.157102515250813, 1.9909445580481315, 2.475838446740678, 2.373470198829456, 2.769104479677754, 2.4327387672772116, 2.846744287278821, 2.5244515223185706, 1.9030411694671918, 3.4135726308154926, 2.0949501918950233, 1.9127603243752365, 3.0289254023133885, 2.366661320916932, 2.7914813220437247, 2.045113083013778, 2.9501103275704956, 1.714902905680547, 2.376017549680884, 2.326926851304423, 2.0167150817608386, 2.4100678312367534, 2.282166302344979, 2.011882552129367, 2.679299674791305, 2.760810995387557, 3.619564441645789, 2.887052852548351, 2.758192636850822, 2.643130105262372, 2.361460231626637, 2.2631758522102876, 3.018735102231122, 3.0582763980455843, 2.115966867922187, 2.187713467511106, 2.7064301477686996, 2.3783910802625905, 2.482738722170239, 2.867361533944526, 2.0141571353526055, 2.7047563902692215, 2.8135311477422515, 2.7134674765268, 2.1418293046227252, 1.9875774565252455, 3.6462903073692527, 2.6613878402139424, 2.727748518105659, 2.1592357047647313, 3.3766519347878505, 2.640262206006264, 2.471793677833774, 2.2941301072800773, 2.374780037487121, 2.0876436515787984, 2.3612268407800836, 2.1740393006329874, 3.016735694357542, 2.5892527061372217, 2.054761439086395, 2.432561823884201, 2.15621636974557, 2.1683871545185807, 2.1391986907842786, 2.8437199185075634, 2.0223121708663423, 1.5539188871422778, 2.19720990536177, 2.400729305549043, 2.378909232850195, 2.3983508508878426, 2.4179907926104405, 2.2238866302222053, 2.530790493392158, 2.8339451219621723, 1.8206825610918889, 2.385951478499594, 2.0733775469735707, 2.9519396984379247, 2.651747031401618, 2.3638400735756395, 2.0294062697532684, 2.386593907407748, 2.664837951759237, 2.089115491360681, 2.2715706707513807, 2.31634766993654, 2.156359368044571, 2.065880832387851, 2.1480447944593215, 2.369519800319988, 2.7574182805207275, 2.67697936034045, 1.960564756692087, 2.2367323449597074, 2.2995402269235083, 2.602496079647547, 2.7164977640602586, 2.803445130966204, 3.1667311121840553, 2.1540791071918717, 2.023315740325269, 3.160886027421694, 2.154514249757067, 3.815630063678673, 2.041011274399537, 2.2991620633370187, 1.9371452937035523, 2.342692647362992, 2.7449101639179485, 2.5970000357082976, 2.8078582507555185, 2.565037742927847, 2.1994544736551416, 2.508770388839122, 2.4032089866750628, 2.111737503684038, 1.9265639068546305, 2.124174046336837, 1.9954276665470765, 2.0573145545329403, 2.15088239071682, 2.7010136936482936, 2.248356763862933, 2.7767008728495224, 1.9498036399844243, 2.486020981774706, 2.052799649359129, 2.9181555429991164, 2.774824357116825, 2.6111849705767862, 3.396844040999375, 3.1757905029231717, 2.0878007686581936, 2.981875920635347, 2.4262371420008604, 2.351599284014715, 3.0614941262949484, 1.9641996250302205, 3.6903021359431754, 2.789939332419885, 1.8855528620432966, 2.2039419112666128, 2.0735317724951217, 1.9915678746344778, 3.0619080813808175, 2.687355756794424, 2.0512407816702827, 2.7153151544365803, 2.549324008956684, 2.162857431098708, 3.0599332240123625, 2.4841292940006827, 2.305412368915702, 2.114573766277503, 2.193893337377641, 2.021941122463996, 1.882092491827449, 2.152718479038574, 2.1845172860826776, 2.4694825582189, 2.6626581593968535, 2.3969698985495946, 2.3882829289482257, 2.713650452726554, 2.1386247879227707, 2.307099269455382, 2.3124107786265977, 2.135208730872352, 2.66065912198002, 2.36577214303666, 2.0678338756606034, 2.098912219321984, 2.7360297953530552, 2.032649244079116, 3.5353519283809725, 1.978800488323539, 2.3300227348686904, 1.922517296626011, 2.627022174255542, 2.343280920933459, 2.365884193400659, 2.1074979851750335, 2.527612370859185, 3.18032289030788, 2.376110309336489, 2.660552718305677, 2.1495651818383115, 1.9241594273018765, 2.259779134705919, 3.3099654861397734, 2.2151199299513364, 2.155190413314706, 3.42220015999162, 2.4533817178371646, 4.664601294127511, 1.9627477638137465, 2.1538110106785657, 2.2466236285821353, 2.3140218403538633, 2.698421725115149, 2.8239299867912795, 2.341331259507577, 2.338596326068115, 2.0319366941881003, 2.1682539982264175, 2.682401381557681, 2.09588602415538, 2.3567568742852956, 3.152183486029686, 2.6014334904640246, 2.041050447447397, 2.098051218157999, 1.9427630648853107, 2.5430676230175515, 2.5755305835016165, 2.6806008644842025, 1.9763390308281243, 2.2261241685664306, 2.1022732275877396, 2.5522633432513233, 2.481086279448805, 2.373353580764711, 2.347483230655798, 2.175278177792166, 2.1908740639577355, 3.047042405010208, 2.677546033914168, 2.993306281410672, 2.14941204468089, 2.341646336481841, 2.1703020907852157, 1.9496225872995663, 2.063355259165003, 2.028936185990752, 2.118565304084784, 2.807735677423981, 2.0912077210815045, 2.1205778399371167, 2.394701312917078, 2.7644086873089897, 2.1332817799643156, 1.9672580060969143, 2.131674582261531, 3.46522026777132, 2.4602482873204696, 2.091517081427681, 2.5337694744602675, 2.6451178833478344, 3.8510938831790655, 2.7705105565834764, 2.096357874134591, 2.7057857785334813, 4.821883033802332, 1.9071394168952633, 2.711745643014039, 2.1435072621623115, 2.016598240469823, 2.522767310473585, 2.2683763140307676, 2.8588774047759795, 2.1183617656209077, 2.411225954286862, 3.8292995268873127, 2.1387524805514566, 2.3333017994350698, 2.7125046446707426, 2.347660077180935, 2.0416567501749796, 2.2467151177180575, 2.961602027376858, 2.8624309631631633, 2.153422753384432, 2.018910426033762, 2.1483705257628007, 3.0553598622704925, 2.237404903609626, 2.7510244834113005, 2.2088023713109597, 2.008367667532613, 4.05368321587711, 2.864890496107636, 2.047788636567293, 2.743562381953271, 2.3625480408488206, 2.049768231189359, 2.7147857932619326, 2.370184326735895, 2.659581178123107, 2.2636967494056135, 2.160290924763455]"
1.75,6000,0.767781045572997,0.767781045572997,0.013460874557495117,0.3350628047378759,"[3, 4, 3, 2, 2, 2, 5, 3, 3, 3, 5, 4, 4, 1, 3, 3, 3, 3, 5, 3, 3, 2, 2, 3, 3, 2, 3, 3, 2, 3, 2, 1, 1, 3, 1, 2, 4, 4, 4, 1, 3, 2, 4, 3, 5, 2, 1, 2, 5, 3, 2, 3, 5, 3, 3, 3, 3, 3, 1, 2, 3, 3, 4, 3, 2, 5, 3, 2, 3, 2, 3, 4, 2, 4, 2, 1, 3, 2, 3, 2, 2, 3, 1, 3, 3, 3, 3, 3, 2, 1, 2, 3, 5, 3, 3, 3, 3, 3, 4, 2, 2, 3, 1, 3, 1, 2, 4, 4, 3, 2, 2, 2, 2, 2, 1, 3, 2, 2, 3, 2, 2, 3, 2, 3, 2, 3, 2, 2, 2, 2, 2, 1, 3, 1, 3, 2, 4, 2, 2, 2, 1, 3, 3, 3, 1, 3, 4, 1, 2, 3, 3, 2, 4, 3, 2, 2, 1, 2, 3, 3, 2, 2, 4, 4, 2, 3, 3, 4, 3, 2, 4, 2, 3, 3, 3, 1, 3, 2, 3, 3, 4, 4, 3, 4, 2, 3, 1, 3, 2, 3, 3, 3, 2, 3, 3, 3, 2, 3, 3, 3, 4, 2, 3, 4, 2, 5, 2, 2, 2, 4, 3, 4, 3, 2, 2, 2, 3, 2, 1, 2, 3, 2, 3, 4, 1, 3, 2, 5, 3, 1, 4, 4, 2, 2, 3, 3, 4, 2, 2, 2, 2, 1, 4, 4, 2, 5, 2, 4, 1, 2, 2, 5, 2, 3, 4, 5, 3, 2, 4, 4, 2, 3, 2, 1, 4, 3, 3, 2, 3, 2, 3, 2, 3, 3, 4, 2, 5, 2, 3, 1, 3, 3, 3, 2, 3, 1, 2, 2, 3, 2, 1, 1, 1, 3, 1, 5, 2, 2, 2, 3, 3, 3, 4, 2, 4, 2, 4, 4, 2, 3, 3, 3, 3, 4, 2, 2, 2, 3, 2, 2, 2, 3, 2, 5, 2, 3, 3, 2, 2, 3, 2, 3, 3, 2, 2, 2, 4, 3, 3, 3, 4, 2, 4, 3, 1, 2, 2, 4, 2, 2, 2, 3, 3, 2, 4, 2, 1, 3, 2, 1, 2, 4, 3, 1, 3, 2, 2, 3, 3, 2, 3, 5, 2, 2, 2, 3, 2, 3, 2, 2, 4, 1, 3, 3, 2, 2, 3, 3, 2, 3, 1, 5, 2, 2, 2, 3, 4, 3, 3, 3, 2, 3, 2, 3, 2, 4, 3, 2, 3, 3, 3, 2, 2, 2, 2, 2, 2, 3, 2, 1, 3, 3, 3, 3, 3, 2, 2, 3, 3, 2, 5, 3, 3, 3, 2, 3, 4, 1, 2, 4, 4, 3, 2, 2, 3, 2, 3, 2, 1, 3, 4, 2, 2, 2, 2, 3, 3, 1, 2, 2, 2, 3, 2, 3, 4, 2, 4, 2, 3, 2, 3, 2, 3, 2, 2, 4, 3, 4, 2, 3, 3, 5, 2, 2, 3, 3, 2, 2, 2, 2, 4, 4, 2, 3, 4, 4, 2, 2, 2, 2, 2, 2, 2, 5, 2, 1, 3, 1, 2, 2, 3, 3, 1, 1, 2, 2, 3, 1, 2, 2, 3, 2, 3, 3, 2, 3, 2, 3, 3, 3, 3, 3, 2, 3, 5, 4, 4, 3, 1, 1, 3, 2, 3, 3, 2, 4, 2, 3, 1, 2, 2, 2, 3, 2, 2, 3, 2, 4, 1, 2, 2, 2, 3, 1, 3, 2, 1, 3, 3, 2, 3, 2, 1, 2, 2, 1, 1, 3, 3, 2, 4, 2, 2, 4, 3, 2, 1, 2, 3, 2, 2, 3, 3, 4, 2, 3, 4, 4, 2, 3, 2, 3, 3, 3, 2, 3, 2, 3, 1, 4, 3, 3, 3, 2, 2, 3, 2, 4, 3, 3, 2, 3, 4, 2, 1, 3, 2, 2, 3, 2, 2, 4, 2, 3, 2, 2, 2, 3, 3, 2, 4, 1, 3, 3, 4, 2, 2, 3, 3, 4, 2, 2, 2, 4, 3, 2, 2, 3, 1, 2, 1, 2, 1, 3, 2, 5, 2, 1, 2, 2, 1, 2, 3, 3, 3, 4, 2, 3, 3, 3, 3, 3, 2, 2, 2, 3, 3, 2, 2, 1, 1, 1, 2, 1, 3, 2, 2, 3, 4, 2, 3, 3, 1, 4, 3, 4, 3, 2, 3, 2, 3, 3, 2, 5, 4, 2, 2, 2, 1, 2, 1, 2, 2, 3, 4, 3, 3, 2, 2, 2, 2, 2, 2, 1, 1, 4, 2, 2, 2, 3, 2, 3, 3, 3, 2, 2, 2, 3, 3, 3, 2, 4, 3, 3, 2, 3, 3, 3, 3, 2, 1, 2, 4, 2, 2, 2, 3, 2, 3, 2, 2, 2, 4, 1, 2, 3, 2, 1, 2, 4, 2, 1, 2, 2, 1, 1, 1, 2, 4, 2, 3, 1, 1, 2, 3, 4, 2, 3, 3, 4, 2, 5, 3, 3, 2, 2, 3, 3, 1, 3, 3, 2, 2, 4, 4, 4, 3, 3, 3, 3, 5, 4, 3, 2, 3, 3, 2, 3, 3, 2, 2, 2, 3, 4, 3, 1, 3, 3, 2, 2, 3, 4, 2, 3, 2, 2, 2, 1, 2, 2, 3, 2, 2, 1, 3, 2, 5, 1, 1, 3, 4, 2, 2, 3, 3, 4, 3, 4, 3, 3, 3, 3, 5, 2, 2, 2, 4, 1, 2, 2, 2, 1, 2, 2, 3, 3, 3, 3, 3, 3, 3, 2, 3, 3, 2, 3, 1, 4, 2, 4, 2, 1, 3, 2, 3, 1, 4, 4, 3, 2, 2, 3, 4, 4, 4, 2, 3, 4, 1, 2, 4, 2, 2, 3, 4, 2, 2, 3, 2, 2, 3, 2, 2, 3, 1, 2, 2, 4, 3, 2, 1, 4, 3, 2, 3, 4, 1, 3, 3, 3, 4, 3, 2, 2, 4, 2, 3, 1, 2, 4, 2, 1, 2, 3, 1, 3, 2, 2, 2, 1, 2, 4, 1, 4, 2, 2, 3, 2, 3, 3, 2, 3, 2, 3, 4, 2, 2, 3, 2, 3, 2, 1, 4, 4, 1, 3, 2, 2, 2, 3, 3, 3, 3, 2, 2, 2, 4, 4, 3, 2, 2, 3, 1, 4, 3, 2, 1, 3, 3, 2, 2, 3, 3, 2, 2, 4, 2, 2, 2, 2, 2, 1, 2, 3, 3, 2, 2, 2, 3, 2, 2, 4, 2, 3, 3, 3, 2, 1, 3, 5, 2, 3, 3, 2, 4, 3, 3, 4, 2, 2, 2, 3, 3, 2, 2, 3, 1, 2, 2, 3, 2, 1, 3, 2, 2, 1, 2, 2, 3, 2, 1, 2, 3, 2, 3, 2, 3, 2, 2, 2, 2, 2, 2, 4, 3, 3, 2, 3, 2, 3, 3, 2, 2, 3, 5, 2, 2, 3, 2, 2, 2, 2, 3, 2, 3, 3, 3, 2, 4, 4, 2, 2, 2, 2, 3, 2, 2, 3, 2, 3, 2, 1, 3, 1, 2, 4, 2, 3, 2, 3, 2, 2, 3, 3, 2, 2, 2, 2, 2, 3, 1, 1, 2, 3, 3, 1, 3, 3, 3, 3, 1, 2, 4, 2, 3, 3, 3, 3, 3, 3, 1, 3, 3, 2, 3, 4, 2, 3, 1, 4, 3, 2, 1, 2, 4, 2, 3, 2, 2, 4, 3, 2, 2, 3, 4, 2, 3, 3, 2, 2]","[2.47731335115599, 2.193003760613538, 2.436304055391754, 2.834195030896824, 2.576601703905616, 1.9068276540366529, 3.7030629749613513, 2.6590900888839966, 2.5544466228582268, 3.258842309498358, 3.4308417912300184, 5.137331547652598, 2.233610850928502, 2.4403857920883274, 2.207066825796377, 3.0320499208086455, 2.9939431700460974, 3.0465125884318014, 4.458756324888545, 2.5907488093499, 2.469052918737243, 2.5194718075610654, 2.378943089248199, 2.3273051657248267, 1.8175117701880843, 2.062287067490857, 2.081005524780604, 2.5656385066782716, 3.3174815172645298, 2.064188809355886, 2.2552071697619516, 2.0972487271949998, 2.0794646125316336, 2.6514824135285244, 2.0054679811637044, 3.428189611118732, 2.945984062217059, 2.7376289938549663, 3.0110558161370546, 3.983034484144812, 2.086326310888685, 2.608042860211684, 2.6014071654495097, 3.264684879981754, 3.1293382915607117, 1.9403401401928848, 1.9649280158769376, 2.522445722646153, 4.817691401470646, 2.113157852983276, 2.1681094080263916, 2.7754746696021004, 2.9971890774762295, 2.2846257602183044, 3.629807506817282, 2.273621887638301, 2.5551486034845823, 2.37946811552076, 2.1160018365439144, 1.996386120523086, 2.515424357831292, 3.2371763176509365, 4.491676433702079, 3.115998806155165, 4.068536872176836, 4.855457913476443, 2.517536990663398, 2.259229571424429, 2.2586345036860056, 2.08208832028741, 2.2777015292002343, 2.753366411280628, 2.1185690271006106, 4.833472979521658, 2.796816517370215, 2.258555351135153, 2.0440546632601584, 2.237743709663631, 1.9453535874775825, 2.047903303792258, 2.5233282166438773, 1.738868766873198, 2.338323427673717, 3.724535120007925, 2.776634241547046, 2.2727330019551317, 1.8853380908975779, 2.4151388884973883, 2.1813278546397163, 2.7907761125302795, 2.3030020625633654, 2.9141044308174306, 3.0422319559882776, 3.4075276277171103, 2.8567661155664132, 2.0134042686549605, 2.255132857475, 2.1570790599401715, 3.93147364045642, 1.8848956338327405, 2.11751427665229, 2.119414222594156, 1.818867044080379, 2.1150904433234867, 2.259409515352986, 1.904013610021003, 2.289589684868718, 2.590883767296318, 2.105643482314243, 2.002726128635442, 1.9752911812526497, 2.523661055967426, 2.599606010343598, 2.525245387862537, 2.609363967535265, 3.2855539544018786, 2.2244462457303955, 2.1720839764926705, 1.9751751572797274, 2.854156293356419, 2.9434098083911895, 2.177953836426715, 2.5693632464351497, 2.1628369334858903, 2.4704151683039837, 1.9385996382383475, 2.3433740603768323, 2.960438371367826, 1.9053220472420196, 2.3193458848014217, 2.167899425989508, 2.466020635763937, 2.3822780310760243, 1.9081158760378476, 2.4172214248128228, 2.853844665777613, 4.876685339702744, 2.0626767963296193, 2.172285843969485, 4.4598461142260035, 1.903578840434126, 3.9237885717371332, 2.234719435721333, 2.3270657150224276, 2.151749528097511, 1.793410472425137, 3.4617751910102603, 2.34703102211478, 2.7362163341417434, 2.4567964948274787, 2.9162562755621693, 2.0840517591028016, 4.58371307157701, 4.618460781447185, 2.641226920226159, 2.1617844791868976, 2.3479132313910984, 1.9999813704847755, 2.3487239500218906, 2.251530149997739, 1.9062673223097546, 1.9057152475036285, 3.11460533579711, 3.116927906722344, 2.2486066124452964, 1.9432575380788926, 2.5822349095057957, 2.4577709394502154, 1.9674597586185938, 1.9760539061018103, 2.2556783836887893, 3.846826270806447, 1.6782272844191946, 2.7801994644198955, 2.182044213697072, 2.3684495105069114, 2.638363207158026, 2.2049827456583895, 2.696125181439237, 2.1888110955503057, 2.3071041427125394, 2.612014406400804, 2.427802796310481, 2.436021042314245, 2.608776729635505, 2.705166874304996, 2.36841079581213, 3.1846563857450234, 2.1189576718197243, 1.7452838608077177, 2.2875565618451392, 4.049342342242788, 2.329224330361594, 2.5164439454833327, 1.8000930113504972, 2.455828708390594, 3.021205273601148, 2.2358512033099616, 2.410342625237081, 3.438864681682542, 1.9401757066837524, 2.3207201110452917, 2.153912271897064, 3.52167790108187, 2.5239086212298947, 3.8113136167734574, 2.1214059148467608, 1.8761207868200884, 2.2601459472694607, 2.599926059267459, 1.944786181734773, 3.4311316079271865, 3.2483431603763657, 2.2592987587260733, 2.730936146697039, 2.6947166717737927, 2.24143327200256, 2.007641861711926, 2.6256169816546393, 3.024384282082743, 2.1726461589087074, 1.901214521295592, 2.920501613881275, 2.6942171907617354, 2.504005339606674, 2.763371060895111, 1.9748037382056731, 3.753401635043369, 3.365045063258476, 2.2380684344271105, 4.1874192221986295, 2.5576134656673095, 2.3202766574555334, 1.9952848181248934, 3.2267269219413612, 2.2021920487980267, 2.948964098812375, 2.712036978909245, 1.995613671348759, 2.079641851606834, 2.027878793025549, 3.0321045177336736, 5.084878565464427, 3.6853344066202594, 2.3775056732302895, 4.1975053026544416, 2.439330004902258, 4.2909877268249375, 1.6256426622210574, 2.984887875729652, 2.0663107979641238, 4.020448507726698, 2.174775571925684, 2.4328892492095617, 2.5745676210747175, 3.2350874847043416, 2.054626411972739, 2.3453068368820675, 2.751970213848556, 3.366741203351103, 3.07681500561016, 2.4309137097344173, 2.169450445848389, 2.2374522973046473, 2.7691998079257303, 2.8318016813584106, 1.9662202167832614, 3.5759835512974045, 2.5583315330531007, 2.501981233612947, 2.698289585569704, 2.3196340412423173, 2.433300386919745, 2.328783362921811, 3.1870453479716336, 2.418035848249347, 3.964608527766417, 2.4338453436907224, 2.0818924319601204, 2.2573005838991564, 2.190135050087947, 2.170196700653369, 2.060830235651368, 2.641267777747912, 3.300361325727359, 2.6486727424818386, 1.833764470614585, 2.5801015248467665, 3.2919983676754887, 1.996375016388254, 2.434583768657039, 4.0763803147731155, 2.433964784320516, 2.0399844608582387, 2.2839482656328602, 4.052471046765623, 1.908119007973313, 1.8179382828541888, 2.3852214590080596, 3.3572595213202696, 3.1783416557201862, 1.9953401854766966, 3.041577895880099, 2.3221307486400615, 3.504376502083115, 1.8019506761635804, 3.267155473639157, 3.8358435669572146, 2.5508721317716216, 2.4665684397489738, 3.793202916840519, 2.5228725200336632, 1.938470374720049, 3.42986859516886, 2.423246746548005, 1.678112399331896, 2.3808460247648275, 2.0169297112485416, 2.435078899181976, 1.711481385899532, 2.054855755065227, 3.121318273609055, 2.2947435067037456, 4.250040657309571, 2.0115905718687843, 2.298054933221073, 1.5364335488997178, 2.4397474505026095, 1.996466696680968, 2.4391688458356864, 2.2582921261953572, 2.276724270421022, 1.7955168339698855, 2.4331382380790596, 2.4042074629927757, 2.1510861819876363, 2.584992220900047, 1.678121510416886, 1.9758772802667859, 1.7981412023153855, 4.448922909773495, 2.260102669615757, 2.303970443927138, 2.6914370789844826, 3.66513039403321, 2.021021577517642, 2.5197477026034254, 2.852169934467849, 2.0790818046013415, 1.8270158872846989, 2.381927396664604, 3.1450414293720854, 2.1407783729951158, 2.3495053751150583, 3.1055974004670794, 2.170755039330426, 2.060605119582605, 2.292731052009168, 2.242004138421478, 2.169407168194686, 2.998020807661328, 3.684880568455257, 2.1157286463549108, 2.3775714438750626, 2.033710431067592, 2.2592272936531814, 2.3435662473258443, 2.3833977707737315, 2.0892106006844715, 2.7730299931600277, 2.4661817880797012, 4.5023874487479505, 1.710975578321872, 1.842060799507184, 2.417268287347131, 3.4948562757914887, 2.8181256872886524, 1.8177720055531172, 2.259862649470546, 2.2592008145624285, 2.033729934483899, 3.1174414895190843, 2.084341178411944, 2.607142713486791, 2.225073738873386, 2.063515727952234, 2.1074373693105213, 2.526453818646462, 2.3458179665647547, 2.151540925870293, 2.1696648410670654, 2.713181241118198, 2.1706629319556026, 1.903225785890755, 1.820629184861768, 2.0642487432118375, 2.8452139245394514, 2.5901407429901426, 2.2180275997509815, 2.2043278864247178, 2.5747502008548984, 2.9517526824828533, 1.819065352539619, 2.341781317870327, 2.246113493094428, 2.287464742776258, 1.5914693376816291, 1.9954395642090241, 2.9918916575917796, 2.4988813070272347, 3.35585749370379, 2.6972615117001224, 2.0269580039987254, 2.1517287434348775, 2.038673833392179, 3.098619951535551, 1.9742838369184188, 2.3491235453316066, 2.752637290093261, 3.1205524979611345, 2.8597779601837967, 2.028201097657078, 2.3275970051659196, 2.5503066750594163, 2.153215879726019, 2.3317541749674198, 2.258228775682535, 2.7301585725374053, 2.471391079894325, 2.5015404624516586, 2.273230100368672, 2.117802907815239, 1.9068541331274056, 2.1707370289666272, 2.586050172760913, 1.8135628233249879, 3.757838594396254, 2.3299459567649596, 1.8996770257034932, 4.892781392213095, 2.5974351372552236, 2.2027653353488956, 2.030320136720818, 2.4174965530707775, 3.578758080844807, 2.527484652496683, 2.0297143919296716, 1.6212713344755953, 2.171046166968004, 1.90519576233683, 2.0291794004079025, 2.0838950199688293, 2.027930897042837, 1.665577846405888, 2.547415114052518, 1.929595346024642, 3.1686437821616003, 4.077842819590377, 2.2592403908378547, 2.2797062014056966, 3.1934402308216963, 1.8832573542793645, 2.907050692444223, 2.1150152768723176, 4.012629076227403, 3.146939593866066, 2.259844890682011, 3.1392475205008665, 1.942114808716135, 1.9915119747747263, 2.3895135102307354, 2.9685104785687084, 2.188653188559242, 2.2589438534935637, 2.911324433516278, 2.4341311859015646, 2.6642678462074736, 3.7877824632257786, 4.986126517799381, 1.9148674489424962, 2.8234433922313125, 3.0755224467698516, 1.9051019575952248, 2.167966477880608, 2.388255168804666, 2.5025733770928413, 2.1673605981451853, 2.093638865294695, 2.083972891273355, 1.7674852274616533, 3.2441915206218317, 2.4384807280267524, 2.802630217963683, 2.1697078339993627, 4.293097016072477, 3.454600287923144, 2.3469124356492044, 2.5755102572964317, 2.9138624909813484, 2.5541021099570345, 2.400425800695451, 2.082593558422258, 2.852965957175316, 3.9376536756549365, 1.8163680443004062, 3.5694790177063034, 3.1391856484295717, 2.079122092680283, 2.81331730863984, 2.8749599626285742, 2.7848391713654013, 3.0777076619013313, 1.8196518786358644, 1.7091889514995717, 2.079740649934697, 2.1767677601866486, 2.6833086407425872, 4.090395006385556, 2.079744778395083, 1.6767669483281065, 3.432194247247987, 2.2732789590181293, 2.260112919586371, 1.995419776071311, 2.4674540656821633, 1.855707923472099, 2.247528817719301, 2.061978517081541, 2.210099262092039, 1.9432433020085953, 1.853435134849149, 1.9072618541807178, 2.5218297278843926, 2.289722159988513, 4.243771913501058, 2.042244765625249, 1.9467941063130976, 2.2235235439037813, 1.853308149102098, 3.0455583741189467, 2.9723805542790056, 2.7640110160523346, 2.0822348094507683, 2.41413993248298, 2.1726673706534503, 1.6926575603277971, 2.577845867301468, 2.349736700295735, 2.3844762516620843, 2.8182639195312382, 2.977906160549188, 3.566720004563388, 4.52072918279295, 3.1523735528079904, 2.429364832702508, 2.030413240620562, 2.257211893181205, 3.634044241003763, 2.187015956647434, 3.208819924203781, 2.017740824347605, 1.8183040075001242, 2.5136288936837543, 2.027426042192734, 1.8342254783681726, 1.8181038483517455, 2.536770716793708, 2.4859808761329347, 2.2216627619232945, 2.6413889267061412, 2.4801656969515466, 2.025501895153236, 3.5963106803383766, 1.8303244665879665, 1.8961269842699044, 1.9665818201633647, 1.8419597381368262, 3.514019808202798, 2.115722951926792, 1.9770497630164643, 4.418796874067976, 2.033409152022739, 3.095107862369577, 1.9233577169099072, 2.1699893687108247, 3.718056112475668, 2.0879933726548225, 2.1143824835476064, 1.9722971606946054, 2.263797287348121, 1.9060089376338603, 3.844494829573873, 2.3272466554759053, 4.664335480530907, 2.8809082782605824, 2.4140934352921253, 3.1827189477892768, 4.23278672287554, 2.064432063767001, 4.074284590162267, 2.3783181257621515, 2.2554486135141922, 2.3785871874907687, 1.8858672456305252, 1.6954616568066991, 2.491945774976486, 2.250697339885352, 2.398409918382349, 2.424537655246349, 4.3310095241415, 2.4927688351155917, 3.2985906868862402, 2.0229714739100446, 2.0810845349707536, 2.523869690447174, 2.0037061397147022, 2.5215289197190125, 3.987299169695948, 2.085002652255977, 1.9315019133276763, 2.2045632086667304, 2.2541513431226794, 3.609524954060683, 2.5625119550958773, 2.3248191207688245, 2.5187013514365804, 2.1506586727966113, 2.1723053473857923, 2.595491300419478, 2.7193110781158487, 1.8824128379754965, 2.7888908809546105, 2.835177852662815, 2.138469399334327, 2.607679840419105, 2.0798797363415007, 1.9369904914152896, 2.040002642815391, 2.5486723268397484, 1.9924353262942036, 4.155365079083644, 1.9920513794782877, 2.4882687111860777, 2.4605845559400095, 4.311545085806525, 2.2392510247867, 2.268786730654907, 1.9772418076047735, 2.855453626442604, 2.7403238819622286, 3.1696081406932954, 2.4950629156685435, 2.113846068418807, 2.9132083956062083, 2.0304149489489975, 2.0829017693441925, 2.2600741974751624, 3.7130763863634475, 3.3974322756593995, 2.739012382358308, 1.817869949716762, 2.939737771244623, 3.0207733729945554, 2.4344940814141665, 2.0526830569781196, 3.9800744407425848, 2.0556968330600394, 1.8156771678088826, 2.4542230403998517, 3.199043110007607, 2.084592872134799, 1.8198079059663217, 2.266809825981078, 2.257564520642467, 2.165875633652483, 3.6557206734704186, 1.9686767966837666, 2.5844065125046436, 2.404206021451412, 2.715242569477651, 2.943361376780711, 2.5024240407154235, 2.2519313150422873, 2.986134507190183, 2.231189864813758, 2.29092297993451, 1.974135354705219, 2.2571676190025807, 1.885326844402043, 1.9922578099140242, 2.266439972874757, 2.395585577046537, 2.2962077593026455, 1.6558177538036762, 2.064450895410058, 2.3581835591780407, 2.0808547647961566, 1.9284174023544596, 2.9976687496428776, 2.1537128245522, 2.2942053832465112, 2.8551088288200055, 1.8155597202289306, 3.2110166922113437, 2.032606942710684, 4.319887123446431, 2.3216280112661694, 3.0386181183019696, 2.8303638965203444, 2.170348741884143, 2.9365776412302855, 2.719465973533363, 2.609684421477655, 3.8048705764123136, 4.30777874027865, 2.3146082887617196, 2.4107485030176816, 2.609275988620828, 1.8897208074992777, 2.8898346552476686, 2.1426505221796557, 1.898886504136316, 2.070223026678258, 3.7231674055070645, 2.7581994217515513, 2.6091922805274805, 2.3791892309036378, 3.1662053183011865, 1.9036315138942257, 2.149707933256188, 4.280804837481087, 2.2032774067974863, 2.082012299672023, 2.079576223322764, 2.6511660478336925, 1.850860683896601, 2.190370952956298, 2.6413941502547873, 1.9425760573937647, 2.167020775730764, 2.1528515712706864, 3.2264925962997504, 2.0280046398869764, 2.8025978798810947, 2.489449272075579, 2.078239463738283, 2.7663824606424443, 2.3893038129152577, 2.8981619971968122, 4.5403142187995496, 1.879133741573501, 2.7504390881001957, 2.376695085852155, 2.2827769584364077, 1.832440702235011, 2.278129863659491, 1.9513910790961229, 2.413049077175122, 2.068536173056557, 2.34149184779114, 2.822001074142323, 2.4976630353449902, 3.5906086964264077, 2.908945798122188, 2.6774472055162595, 2.5095464596667787, 2.467225719114596, 1.8197311735474198, 3.2370722045951643, 2.362902440548457, 3.116045358105037, 2.433096241671683, 3.207448206061813, 2.696817346306849, 2.148963770064389, 2.905667373493443, 2.264553934484418, 2.1154279367528694, 2.3158953718772906, 3.83523580727452, 2.4700828984232466, 2.3282393366577296, 2.1697099694099076, 2.1069819574217137, 1.9080110985604601, 3.575302355333683, 2.0267885947621886, 2.082810136129905, 2.7531194153038903, 1.7766913363821288, 2.8335747869731174, 1.8686859452358453, 1.8861215018460333, 2.9567239985984624, 2.255702442647592, 3.237452450032803, 2.3531440634692347, 2.4204002517085046, 2.064451607213573, 3.48597479085319, 2.309458113026724, 3.639040488506432, 2.5419015790445205, 2.474654625872864, 2.0284223261894967, 2.103877140157244, 2.1279140872617406, 2.1296101654823967, 2.3586502211469194, 2.13537718250507, 2.451719890014313, 1.9058940525465617, 2.1701394716507743, 2.7940204108031392, 1.5492809375137615, 2.324396192546536, 1.8611957203861995, 1.9782080096958454, 3.588957166144129, 3.0219435222948743, 4.306005430046197, 2.3203397850541285, 2.2129030999344392, 1.796825406135178, 1.7123832409528603, 1.941916784978301, 2.079531094979922, 2.24158944169372, 3.00455412323024, 2.713496489814541, 1.9779362431138716, 1.988386081153536, 2.9098980778358365, 2.7414601322852103, 2.2517907942886737, 1.815910069918945, 2.7699039677599946, 2.818610469279636, 2.153548255579564, 2.0294189934710047, 2.510355312968238, 2.372682828555749, 1.8032200591052914, 2.378376920732479, 1.9928029016292776, 1.908696138263162, 1.969408961363688, 1.7971435823063207, 2.910652418229418, 2.9106281035206774, 2.4043528165515724, 1.8270404425492157, 2.4097425527288743, 2.3531804056613206, 2.0845230898177083, 2.4068244762109763, 2.2405217364214294, 2.609828490509063, 2.377880508961215, 2.686963178764049, 2.8514743601555663, 2.196355373372363, 2.2325998525655417, 1.974890720595189, 2.2979992701862106, 2.1182114170147446, 2.907521676269238, 2.6371429530841195, 2.2750720321023277, 2.4931645799355207, 1.816956563446493, 2.2064138978053682, 4.672379724602001, 2.2675900174678634, 1.710722114538884, 2.08122134360631, 4.286455925251596, 1.9068746330686337, 1.9047554516441907, 1.9032279213012997, 2.166958991185674, 2.25913048837516, 2.5855850290234295, 2.3521538352550713, 1.818018716651368, 2.1804561252316086, 3.454069564006194, 2.4348841497403098, 2.1653998641831507, 2.2907938513604873, 2.7350620554058382, 2.6106111896540036, 2.259493365807036, 2.3723352458945355, 2.565017018035567, 3.3521972719193474, 1.940512210485414, 2.516350950761978, 2.371085789801913, 3.6827344518864837, 2.5939130458689656, 4.2848678916099425, 1.8024557719377254, 2.2350306979497274, 2.5744921993173566, 1.9031234359617453, 4.805712456795704, 3.5936027827875616, 2.3222928499162836, 2.2598452814647834, 2.0603568425166214, 2.115829864814724, 3.193791003458455, 1.8535382039981008, 2.0225872421508493, 1.5886525888126226, 2.610277353805534, 4.754934476017034, 2.226492790360612, 2.6953513157876423, 4.029131441063751, 2.652448473258893, 2.3658620900016403, 2.1696634174600353, 2.531570032424372, 3.5655019820689575, 2.0297751799498407, 2.2912531069882753, 2.257784895010668, 2.027052816226905, 2.2948317703395884, 2.258171261958534, 2.274061939117377, 1.9686438054209234, 2.4619432032040813, 1.9040561029559675, 2.0533113350124736, 2.3124887568952004, 2.6054662628869383, 2.468052122995349, 3.1730507580580927, 3.020438781209293, 1.9922965246088058, 2.817489521104434, 2.0616283097522294, 2.029585413132779, 2.10291520881178, 2.8651516680100073, 2.786620895748356, 2.0617621288130232, 4.633656979077692, 1.8893636244955205, 1.9043777686992056, 2.2601144855541038, 3.924610364948109, 2.2369315418531754, 2.1429892347122728, 1.81713508376802, 1.880682892587037, 2.1527695425343065, 2.681344943000297, 2.293875248776319, 2.0298741206384063, 2.080412023009913, 2.1168087370083604, 2.3223315646110647, 3.0338888374449926, 2.500251901109475, 2.0830409981116995, 1.9544488595858869, 1.9654342505367064, 2.3436420708215118, 1.8187370687585653, 3.8792009776106884, 2.512104798375815, 3.201845338084911, 3.1811024568329245, 2.2825668411685824, 2.029543986168214, 1.9421385829535316, 1.940568344399749, 2.6738828220395656, 2.5049260300701586, 2.3610742222557093, 3.6800654227210714, 2.028980949587959, 2.2504689933177846, 3.2225249374898923, 2.1518513160001365, 2.030748784797467, 2.5101447836337223, 3.117411878492866, 2.1508046801118854, 3.050313473483911, 2.381529925581906, 2.2062479052257027, 2.113480584696914, 2.591686783991519, 2.5230204182578624, 3.118776975273666, 1.7141476595054967, 2.613473037526119, 2.3481252064778237, 2.2109786279213974, 2.3792937236596194, 2.4133420555018383, 3.469202696002366, 3.631832098040279, 3.4845118408730937, 1.8175473603638275, 2.2572571638847503, 1.7165156616442276, 1.903363591051232, 4.6834549532098215, 2.255842383218613, 2.2934729374297196, 2.435848643502946, 2.118290569565597, 2.2451720215528455, 2.2585177497533615, 1.7931802751684311, 2.416336897610263, 2.084997968520013, 2.1199306376326676, 2.0276011896547534, 2.4562737463261652, 2.5225456598596394, 1.819938308370244, 2.4311888929732626, 2.5892169205911926, 2.051711729901741, 2.598135592126675, 3.0911621789411203, 2.242630313561981, 2.970910822381521, 1.59172515986487, 2.2934623589403356, 2.5731837045000074, 2.9611868198453033, 3.0910985400968736, 4.151152384801576, 4.319559836190298, 1.9086974195094886, 2.5894751627599915, 2.53214010641077, 2.6536527024453345, 1.748106446465546, 2.4336856149819877, 3.9614159500690183, 3.6329119039723228, 2.6975265873290564, 2.0210396135295556, 2.3776558199745614, 3.1778362314272712, 2.638815447378458, 1.9773023109035368, 2.2550245209800384, 2.814859432765139, 2.417593230813992, 1.8168455220981747, 1.8340822635009828, 3.250206022943588, 2.5032377306962483, 1.9065568839795999, 2.5310087221068867, 2.2573670663474448, 2.611952227476001, 2.324036191668453, 2.2978495614926593, 2.7254316420055926, 2.4980440769822483, 2.564174242673972, 2.0424472025448757, 2.0610510371016773, 2.052691740981001, 2.2069873267169395, 2.206562664739974, 2.306339424523141, 2.7006288824284916, 2.350354122209751, 1.996144819131548, 2.4378333668319123, 2.097824251362122, 3.34499323019845, 3.7398857169405035, 2.432518257217616, 2.7412287961428805, 2.6087202124364253, 2.524537494472947, 2.2040945572325463, 2.4125519098029793, 2.5615604161572114, 2.2428376893088475, 2.0886985110796736, 2.7464123242548024, 2.164799945441046, 2.812964487604084, 2.8188534352022456, 2.481976350333727, 3.879577269562481, 2.422971081468034, 1.8160656775837205, 1.8906939089221166, 2.216259961725986, 3.787757466004008, 2.3479506722559798, 2.515116661593152, 2.2710017208324507, 2.410885249477794, 2.317035991248787, 2.15905317222375, 2.6470309039108884, 2.4354599220621993, 2.170716886662029, 2.3259488552773466, 2.9637867823351507, 2.2486694116715142, 2.0313150956738903, 3.0984226396012318, 2.2417249690829495, 2.255839251283148, 2.0795799247010414, 2.435399495485069, 1.587164207663049, 2.9236399447560766, 2.063693394109543, 2.3468640330101938, 2.5568654735624263, 2.246765914128501, 2.5890602690519477, 1.8882352297663996, 2.3692137539742566, 2.739832807089536, 1.89891782349097, 2.299103244823922, 3.635587584783126, 2.1807760861493466, 3.174482862349447, 2.262093799176357, 2.2042252443578745, 1.8162503119990483, 2.5207020887561504, 2.168204932058086, 2.341265990503648, 2.1401465433596147, 2.660678067537802, 1.994276050183633, 3.1291014584782486, 2.0282813890935545, 2.052814353798398, 1.8192101333745416, 2.3475900725953514, 1.9051896517882556, 4.045554985517345, 2.4589844220823496, 2.288974018113458, 2.919403761122057, 2.1523813248973016, 4.423066512631233, 1.8848029570151057, 2.0797153097295675, 2.1748361596205523, 3.3459274845337212, 2.5240986727683623, 1.8895012872952948, 2.495081849642039, 2.343645257515994, 1.7741419409133041, 2.289752092124032, 4.066234067168654, 1.9921050494633081, 3.02959149382902, 3.72167988992015, 3.065441626465497, 2.119041379913072, 2.1456008343918693, 2.289595458962868, 2.509165341997274, 1.9748788720430048, 3.1223859499098783, 1.5340497189284497, 2.0723672345178126, 2.3198161205814185, 1.8180037687775559, 2.3616865668529834, 2.641814585208028, 2.8889921646074797, 2.0856434245308617, 2.809335213434384, 2.7830231708247877, 2.2801918192476105, 2.0835984826245384, 2.1830730322874796, 2.1167031053667547, 2.255142253281396, 1.9751092442742513, 2.0302415536127776, 2.445947667599201, 2.857320190395061, 2.2820826286204103]"
2.0,6000,0.630184092928647,0.630184092928647,0.013053178787231445,0.3106747447643412,"[3, 4, 3, 2, 2, 2, 5, 3, 3, 3, 5, 4, 4, 1, 3, 3, 3, 3, 5, 3, 3, 2, 2, 3, 3, 2, 3, 3, 2, 3, 2, 1, 1, 3, 1, 2, 4, 4, 4, 1, 3, 2, 4, 3, 5, 2, 1, 2, 5, 3, 2, 3, 5, 3, 3, 3, 3, 3, 1, 2, 3, 3, 4, 3, 2, 5, 3, 2, 3, 2, 3, 4, 2, 4, 2, 1, 3, 2, 3, 2, 2, 3, 1, 3, 3, 3, 3, 3, 2, 1, 2, 3, 5, 3, 3, 3, 3, 3, 4, 2, 2, 3, 1, 3, 1, 2, 4, 4, 3, 2, 2, 2, 2, 2, 1, 3, 2, 2, 3, 2, 2, 3, 2, 3, 2, 3, 2, 2, 2, 2, 2, 1, 3, 1, 3, 2, 4, 2, 2, 2, 1, 3, 3, 3, 1, 3, 4, 1, 2, 3, 3, 2, 4, 3, 2, 2, 1, 2, 3, 3, 2, 2, 4, 4, 2, 3, 3, 4, 3, 2, 4, 2, 3, 3, 3, 1, 3, 2, 3, 3, 4, 4, 3, 4, 2, 3, 1, 3, 2, 3, 3, 3, 2, 3, 3, 3, 2, 3, 3, 3, 4, 2, 3, 4, 2, 5, 2, 2, 2, 4, 3, 4, 3, 2, 2, 2, 3, 2, 1, 2, 3, 2, 3, 4, 1, 3, 2, 5, 3, 1, 4, 4, 2, 2, 3, 3, 4, 2, 2, 2, 2, 1, 4, 4, 2, 5, 2, 4, 1, 2, 2, 5, 2, 3, 4, 5, 3, 2, 4, 4, 2, 3, 2, 1, 4, 3, 3, 2, 3, 2, 3, 2, 3, 3, 4, 2, 5, 2, 3, 1, 3, 3, 3, 2, 3, 1, 2, 2, 3, 2, 1, 1, 1, 3, 1, 5, 2, 2, 2, 3, 3, 3, 4, 2, 4, 2, 4, 4, 2, 3, 3, 3, 3, 4, 2, 2, 2, 3, 2, 2, 2, 3, 2, 5, 2, 3, 3, 2, 2, 3, 2, 3, 3, 2, 2, 2, 4, 3, 3, 3, 4, 2, 4, 3, 1, 2, 2, 4, 2, 2, 2, 3, 3, 2, 4, 2, 1, 3, 2, 1, 2, 4, 3, 1, 3, 2, 2, 3, 3, 2, 3, 5, 2, 2, 2, 3, 2, 3, 2, 2, 4, 1, 3, 3, 2, 2, 3, 3, 2, 3, 1, 5, 2, 2, 2, 3, 4, 3, 3, 3, 2, 3, 2, 3, 2, 4, 3, 2, 3, 3, 3, 2, 2, 2, 2, 2, 2, 3, 2, 1, 3, 3, 3, 3, 3, 2, 2, 3, 3, 2, 5, 3, 3, 3, 2, 3, 4, 1, 2, 4, 4, 3, 2, 2, 3, 2, 3, 2, 1, 3, 4, 2, 2, 2, 2, 3, 3, 1, 2, 2, 2, 3, 2, 3, 4, 2, 4, 2, 3, 2, 3, 2, 3, 2, 2, 4, 3, 4, 2, 3, 3, 5, 2, 2, 3, 3, 2, 2, 2, 2, 4, 4, 2, 3, 4, 4, 2, 2, 2, 2, 2, 2, 2, 5, 2, 1, 3, 1, 2, 2, 3, 3, 1, 1, 2, 2, 3, 1, 2, 2, 3, 2, 3, 3, 2, 3, 2, 3, 3, 3, 3, 3, 2, 3, 5, 4, 4, 3, 1, 1, 3, 2, 3, 3, 2, 4, 2, 3, 1, 2, 2, 2, 3, 2, 2, 3, 2, 4, 1, 2, 2, 2, 3, 1, 3, 2, 1, 3, 3, 2, 3, 2, 1, 2, 2, 1, 1, 3, 3, 2, 4, 2, 2, 4, 3, 2, 1, 2, 3, 2, 2, 3, 3, 4, 2, 3, 4, 4, 2, 3, 2, 3, 3, 3, 2, 3, 2, 3, 1, 4, 3, 3, 3, 2, 2, 3, 2, 4, 3, 3, 2, 3, 4, 2, 1, 3, 2, 2, 3, 2, 2, 4, 2, 3, 2, 2, 2, 3, 3, 2, 4, 1, 3, 3, 4, 2, 2, 3, 3, 4, 2, 2, 2, 4, 3, 2, 2, 3, 1, 2, 1, 2, 1, 3, 2, 5, 2, 1, 2, 2, 1, 2, 3, 3, 3, 4, 2, 3, 3, 3, 3, 3, 2, 2, 2, 3, 3, 2, 2, 1, 1, 1, 2, 1, 3, 2, 2, 3, 4, 2, 3, 3, 1, 4, 3, 4, 3, 2, 3, 2, 3, 3, 2, 5, 4, 2, 2, 2, 1, 2, 1, 2, 2, 3, 4, 3, 3, 2, 2, 2, 2, 2, 2, 1, 1, 4, 2, 2, 2, 3, 2, 3, 3, 3, 2, 2, 2, 3, 3, 3, 2, 4, 3, 3, 2, 3, 3, 3, 3, 2, 1, 2, 4, 2, 2, 2, 3, 2, 3, 2, 2, 2, 4, 1, 2, 3, 2, 1, 2, 4, 2, 1, 2, 2, 1, 1, 1, 2, 4, 2, 3, 1, 1, 2, 3, 4, 2, 3, 3, 4, 2, 5, 3, 3, 2, 2, 3, 3, 1, 3, 3, 2, 2, 4, 4, 4, 3, 3, 3, 3, 5, 4, 3, 2, 3, 3, 2, 3, 3, 2, 2, 2, 3, 4, 3, 1, 3, 3, 2, 2, 3, 4, 2, 3, 2, 2, 2, 1, 2, 2, 3, 2, 2, 1, 3, 2, 5, 1, 1, 3, 4, 2, 2, 3, 3, 4, 3, 4, 3, 3, 3, 3, 5, 2, 2, 2, 4, 1, 2, 2, 2, 1, 2, 2, 3, 3, 3, 3, 3, 3, 3, 2, 3, 3, 2, 3, 1, 4, 2, 4, 2, 1, 3, 2, 3, 1, 4, 4, 3, 2, 2, 3, 4, 4, 4, 2, 3, 4, 1, 2, 4, 2, 2, 3, 4, 2, 2, 3, 2, 2, 3, 2, 2, 3, 1, 2, 2, 4, 3, 2, 1, 4, 3, 2, 3, 4, 1, 3, 3, 3, 4, 3, 2, 2, 4, 2, 3, 1, 2, 4, 2, 1, 2, 3, 1, 3, 2, 2, 2, 1, 2, 4, 1, 4, 2, 2, 3, 2, 3, 3, 2, 3, 2, 3, 4, 2, 2, 3, 2, 3, 2, 1, 4, 4, 1, 3, 2, 2, 2, 3, 3, 3, 3, 2, 2, 2, 4, 4, 3, 2, 2, 3, 1, 4, 3, 2, 1, 3, 3, 2, 2, 3, 3, 2, 2, 4, 2, 2, 2, 2, 2, 1, 2, 3, 3, 2, 2, 2, 3, 2, 2, 4, 2, 3, 3, 3, 2, 1, 3, 5, 2, 3, 3, 2, 4, 3, 3, 4, 2, 2, 2, 3, 3, 2, 2, 3, 1, 2, 2, 3, 2, 1, 3, 2, 2, 1, 2, 2, 3, 2, 1, 2, 3, 2, 3, 2, 3, 2, 2, 2, 2, 2, 2, 4, 3, 3, 2, 3, 2, 3, 3, 2, 2, 3, 5, 2, 2, 3, 2, 2, 2, 2, 3, 2, 3, 3, 3, 2, 4, 4, 2, 2, 2, 2, 3, 2, 2, 3, 2, 3, 2, 1, 3, 1, 2, 4, 2, 3, 2, 3, 2, 2, 3, 3, 2, 2, 2, 2, 2, 3, 1, 1, 2, 3, 3, 1, 3, 3, 3, 3, 1, 2, 4, 2, 3, 3, 3, 3, 3, 3, 1, 3, 3, 2, 3, 4, 2, 3, 1, 4, 3, 2, 1, 2, 4, 2, 3, 2, 2, 4, 3, 2, 2, 3, 4, 2, 3, 3, 2, 2]","[2.650819739993964, 2.540530419764124, 2.2896319650076222, 2.6955444077587383, 2.3231932368318122, 1.958869225671267, 3.4091464432429164, 2.5436436354702154, 2.467412751546984, 2.8812845313358735, 3.245119003941066, 3.743918097858491, 2.5840495193621127, 2.108644803480271, 2.498703345349937, 2.977476890350108, 2.7131255793438167, 3.518094927057013, 3.9429676365139397, 2.7006197604413833, 2.4615134941992105, 2.2571143473300292, 2.3742203870279304, 2.5575806684045164, 1.8852785303710835, 2.0788948533684874, 2.0291824689165803, 2.3883285369122147, 2.5236720336131495, 2.420190105127135, 2.0999060228634305, 2.1136309176629653, 2.0025884387762263, 2.422806107406557, 2.2391312504072283, 2.824576344961878, 2.872582902725584, 3.0028601865629905, 3.011104919269585, 3.156192746893067, 2.4973266461008437, 2.3178502786155852, 2.9313108772342997, 3.225842244063732, 2.949122400569899, 2.143929836318219, 1.9538843904521825, 2.308440039276813, 4.245370491967572, 2.0365317215469654, 2.0645970703216405, 2.4697144915269473, 3.742943834270862, 2.235699968666923, 3.7046764775639556, 2.475596959102778, 2.4795279735187217, 2.38328161976607, 2.239851872630134, 2.0366465642973153, 2.2750735480806825, 3.0343634144162324, 3.5664445834380847, 2.9584405590158376, 3.937148800147709, 4.019042375690733, 2.3115346906603986, 2.1693271538330987, 2.159057101543125, 2.047870032963839, 2.3582467723494047, 3.057224289837697, 2.28415805754523, 4.069872845332994, 2.3886344253756584, 2.15769103717154, 2.5579612802872647, 2.479751733821987, 2.1430607874665837, 2.0058577309319903, 2.323670674239863, 2.526438713875357, 2.4963084106640023, 2.646435510179272, 2.7984908707820173, 2.536063092202277, 2.2692299249521315, 2.4513543992736575, 2.0412969796006353, 2.448423396687385, 2.180500819728251, 2.98136120411658, 2.9017725064968416, 3.2146790873706075, 2.80168075220322, 2.5308843357339947, 2.098623494802338, 2.6223120956741255, 4.114064381208011, 2.2615937233929837, 2.265954512708767, 2.2987449715274253, 1.9086686973090146, 2.2241224767544376, 2.172432739023177, 1.9103026889210484, 3.0731631996676767, 2.702948949333942, 2.3916513725030564, 2.2129090331894155, 2.3538179298336366, 2.329415024061384, 2.3478670854756194, 2.512250397078762, 2.3406507774794507, 2.905319520092407, 2.513693641269916, 2.133192665987617, 2.3518155153321225, 2.8430347870998642, 2.519681017709081, 2.54422726891311, 2.3738926513896934, 2.303881910514332, 2.485024051702263, 2.1138911618451997, 2.1536666722228532, 2.5281976440135296, 1.9328845192074477, 2.3537901338071454, 2.0609730686164465, 2.409180452625898, 2.431776904957339, 1.9811021690138446, 2.3119608248441725, 2.8376565228743256, 4.246714712257866, 2.3940948358994283, 2.1366766215252206, 3.6525937850300316, 1.902799162678565, 3.449333990810329, 2.582792099199598, 2.5534480779854407, 2.4634890600725123, 2.3261895292395307, 3.784079513938547, 2.216780811750329, 2.4271195751619947, 2.3591854244858332, 2.5888029431270403, 2.0817562916201355, 4.21754337025429, 3.6293859948824156, 2.4972427049005828, 2.131062735009847, 2.232006532812762, 2.011301376471345, 2.4673679159419266, 2.212070963291713, 1.949198669256593, 1.9396706159598183, 2.780154274627057, 2.976020601400054, 2.470796837850464, 2.1942801189924857, 2.3326020055687238, 2.50943146784563, 1.997578794740435, 2.2127446148190058, 2.108038528384917, 3.3478647715068575, 2.0238583157662027, 2.6956936949993677, 2.053660353553542, 2.2145039780113875, 2.623444202441932, 2.307661363854167, 2.3821569236398963, 2.4681707762253624, 2.936375564312009, 2.6197687535949337, 2.318955517432982, 2.284747547794113, 2.33051585745645, 2.4388043165723814, 2.3016484425020827, 2.718273991495816, 2.290865531887725, 2.394524980028617, 2.27689877363727, 3.668754383161038, 2.5907028155148364, 2.9117427918938086, 2.2658957237265427, 2.497138018160887, 3.0329426153445658, 2.6023248541530175, 2.2806364538021406, 3.5409100626912156, 2.8268787336633605, 2.2228521332631623, 2.500815049160858, 3.5007286540749414, 2.3336876606480503, 3.128284009023988, 2.621492533120667, 1.889072378604649, 2.1851425429695968, 2.2782919324532416, 2.4420319025279515, 3.3622503455097914, 2.821418558029761, 2.1705212316830815, 2.577621953903445, 2.345842433138346, 2.543428514970134, 2.518827369012053, 2.513209588421395, 2.9557629501030496, 2.142895162756303, 1.949806886927869, 2.8065563701301834, 3.110403137326849, 2.5171885024495713, 2.5898482528964135, 2.3454053319769685, 3.9765437192210835, 2.9622015056481987, 2.485356037475918, 3.839323530665056, 2.2804369454742752, 2.215198733051854, 2.017639596709938, 3.117459069738137, 2.25949776695456, 2.924014243535638, 2.932689320999708, 2.023315151922818, 2.005647341910441, 2.1868479639657625, 2.670782080892268, 3.968210233273987, 3.54223882533444, 2.3494125597619333, 4.1469522992265135, 2.2544614328975356, 4.1958362490617915, 2.1908798775905574, 2.7548223580539646, 2.126822164060175, 3.40858853769768, 2.334301167345393, 2.230697097955085, 2.8609645571419016, 3.24148923289596, 2.2765446080791856, 2.2752547286422518, 2.7447541513853544, 3.1585537217012165, 3.1618532626904443, 2.196601998522557, 2.0877415422287107, 2.47472235654027, 2.603050158462166, 2.654110081520822, 2.0429002376520944, 2.8765104990610695, 2.2928298028308847, 2.6276892256073956, 2.651228987096096, 2.2041080593588056, 2.23779277044634, 2.8714660102346157, 3.157335666855402, 2.6564255670315684, 3.8072540218862247, 2.2471979762276844, 2.0444892693391967, 2.1360354771514847, 2.4910204140954004, 2.1006208757464244, 2.3622257334464973, 2.4979478496391527, 3.0296099278501862, 2.538353109021793, 2.299463093100065, 2.6924874998596886, 2.7749100809747382, 2.036454922173244, 2.259942177478425, 3.299334791529275, 2.249259357536605, 2.5206575520824894, 2.224007342148266, 3.5679347064147597, 1.9811562219206338, 1.892639553495668, 2.318956723737009, 3.7103441808476307, 2.7084002722694955, 2.2610630472275806, 2.6586543292291953, 2.2260994081451986, 3.884916359154944, 2.297956468303545, 3.5568549864951255, 3.4581508552681024, 2.339716030509809, 2.418634797413415, 3.3430844829480777, 2.3158059763020145, 2.111660250964985, 3.6272811244774266, 2.2399059926515332, 2.0218755568671574, 2.4070624418030695, 2.261319723704459, 2.268487450651757, 2.2044595616030342, 2.28050275502635, 2.831806293710202, 2.388930028868745, 4.376075193666305, 2.1694634687856786, 2.5129233368955566, 2.1191318950218285, 2.5704297301938412, 2.0380371981719865, 2.627448002843546, 2.153148136050927, 2.759183805822503, 2.2747298110310323, 2.2349943040448377, 2.19585036902839, 2.1435668190484303, 3.087621361528087, 2.0220328016869082, 2.363933194254168, 2.077973280227409, 4.3246495985419, 2.1843956300757803, 2.29674196539504, 2.631655622499045, 3.9209821252854526, 2.244127091450091, 2.2618759170281084, 2.8087529594438823, 1.9959816993963844, 2.1161491768222653, 2.425725436347242, 2.5270029745326754, 2.4497672375387385, 2.4141400069371723, 3.3734816895739135, 2.110257034856778, 2.204103640240448, 2.199960924538145, 2.553280885707645, 2.0869946293348947, 2.7835000070332243, 3.337425756776131, 2.235136984987919, 2.3505476708045094, 2.35433666330583, 2.1692878426281608, 2.1569835551394716, 2.3637078082150156, 2.3921603080250597, 3.1560530719854736, 2.4119617203752406, 4.591035731021536, 2.1957300171565564, 2.509488973133031, 2.930715486583465, 3.144861230581337, 2.4602779846261433, 1.8897698355352157, 2.1802532118554705, 2.1688308498707602, 2.354673265498109, 2.9833392934432528, 2.086751271597532, 2.302314981814268, 2.127818526614514, 2.4085736440680448, 2.2680845391184734, 2.2902200073458006, 2.195845138170696, 2.3056519731022616, 2.0914417093934716, 2.95552779997048, 2.1086673880071096, 1.8967059259132215, 1.9390808282289422, 2.421224481207058, 3.098410392194202, 2.535888470905183, 2.424304977886917, 2.296359392434579, 2.7757562477084536, 3.1062781581883145, 1.9120912290889032, 2.3686460090177617, 2.3727703725401637, 2.5935890683622493, 1.9944141036110554, 2.0203103016953925, 2.381251040008716, 2.274517835223765, 3.332024306993511, 2.3897628768549906, 2.1709564093696976, 2.4631303453274556, 2.121723208141354, 3.054462841022369, 2.3364325494499387, 2.5622054080824492, 2.4483399326999518, 3.037031028537224, 2.8542078146368466, 2.192410499464447, 2.562617416537159, 2.3299570238840253, 2.334977737538138, 2.2165612821073974, 2.152054793163597, 2.5642020913178376, 2.2602357803801043, 2.6304300472944497, 2.206267252245455, 2.559309577760153, 1.959326218428668, 2.507359307293634, 2.0801732461653395, 2.3019325018062164, 3.5683121734438528, 2.603157096629161, 1.9232718235949222, 3.6415816811688133, 2.7286223346661793, 2.2693919058473173, 2.2289822048080503, 2.250413287646831, 3.079468689553579, 2.3080107845304183, 2.2185278812449307, 2.1154367614144953, 2.1152814982378776, 2.173172901131309, 2.2092946619851888, 2.07905118933036, 2.1877472077787123, 2.0689842610189064, 2.367446917085436, 2.2219273197497653, 2.804466168270532, 3.8463243440952803, 2.169513882056553, 2.1507951368524187, 2.6938274854330393, 2.3211318942161796, 2.681359549147037, 2.2228252069914936, 3.4492611380461393, 3.1016605099735686, 2.501681145016137, 2.67844039469842, 2.1745581788653037, 1.9525254996312562, 2.7576307632982706, 2.4160787996364106, 2.7070766840207723, 2.164396054563726, 2.6677241864918835, 3.025859040023213, 2.699010530882914, 3.6912365890002192, 3.9281979899381776, 2.164467681248125, 2.8613647901997368, 2.851171784062767, 1.9290860740303426, 2.0621302922118, 2.8450813355203373, 2.6467116940634443, 2.139486266673008, 2.380773449349928, 2.0803951411491677, 2.096449032290783, 2.838416302314455, 2.8130992377309703, 2.5558135489768414, 2.0921837083866706, 4.044062125982184, 3.3718768485592614, 2.2147341721432605, 2.6463524653309727, 2.8888262688628683, 2.461466931800157, 2.218396696005211, 2.056589749609082, 2.592447239975029, 4.022744577114944, 1.8655393915917413, 2.9524287383127694, 3.0536872807142825, 1.99667701633372, 2.707572482824891, 2.520836501232135, 2.433354208887092, 2.6244825975663946, 1.9222138643603608, 2.1648952907835484, 2.007352465424614, 2.2808709749893925, 2.897039169322099, 3.8291312932248003, 2.0074237169835634, 1.9986549195005203, 2.871337393152271, 2.3697319090368802, 2.1845725304980004, 2.0199687856024964, 2.433919485283254, 2.1511728061711795, 2.1430134609677185, 2.382043494635715, 2.3085711470259627, 2.194034423961625, 2.1119475944942816, 1.966362924112516, 2.297808815291474, 2.302268477583587, 4.025707356384732, 2.2383512442381126, 2.7195721705832527, 2.4434787483241616, 2.1097559948190048, 3.014727323668168, 2.48287099377587, 2.7551298993017412, 2.0503982348313947, 2.6765816758057626, 2.1432612483522853, 2.6070229947959835, 2.5663252431058696, 2.6606002480362525, 2.2280840089848732, 2.4626636833758, 2.6337807793145456, 3.3345081062361035, 4.15934362781289, 3.038662957799483, 2.2576831341395573, 2.2305890503098786, 2.134504797109223, 3.004615632876983, 2.1945928583366143, 2.850895619126869, 2.2545099902921413, 1.8989514588384773, 2.486554187636136, 2.024797207216252, 2.4616563529674744, 1.8954969867045768, 2.6893550378769575, 2.5577798739299915, 2.6416981458901354, 2.5000387143517764, 2.324279358681845, 2.14611593106846, 3.51988613145095, 2.2400933458429044, 1.9498156087238452, 1.9824267821872605, 2.0895232539674247, 3.3884037966349654, 2.235038706975575, 2.384168636995849, 4.055641559410572, 2.1949001016846763, 2.7508343583567054, 2.532077582369556, 2.1852735981765457, 3.7598474164005182, 2.0623888638950043, 2.211904062869739, 2.0599673205009315, 2.1607653935652174, 1.9447393044464727, 3.3076272963028135, 2.5565708618276792, 3.6001970839983795, 2.6695304635545036, 2.5875482109753962, 2.388078259902722, 4.032551732041162, 2.0943977908374984, 3.4965405013061353, 2.363434375173149, 2.1040730105868266, 2.3680780112564146, 2.2783624092492207, 2.037182010481652, 2.6396274461346487, 2.1976978039863666, 2.2718363217147997, 2.571367424146263, 3.531880013946134, 2.2564192276929607, 2.7785183599500307, 2.5869617459233583, 2.0305460763378567, 2.6646797609504174, 2.2298226791138607, 2.2926172792893893, 3.4279746632589956, 2.386541089507158, 2.167437787363108, 2.3004207312947047, 2.8548649652459, 3.7474948317356507, 2.3649781486431056, 2.514674945165326, 2.2438173322598525, 2.136188597271686, 2.1370132237174997, 2.5408374803843277, 2.6196186773061236, 2.0643787775931193, 2.657936413493292, 2.956101130152078, 2.101025363842353, 2.3115850553286394, 2.0097529058761223, 1.931882597738881, 2.685009414627879, 2.698036841901839, 1.968461279332876, 3.679431918979466, 1.961834884350565, 2.663270678077984, 2.2489369052982635, 3.81118567562854, 2.5057659236895096, 2.225777942255305, 2.3874830629621586, 2.8654249752621928, 3.049370255904906, 2.8091041255128304, 2.296430269020966, 2.2026462741069106, 3.3093817798411833, 2.230618533713582, 2.0619090470272146, 2.1839042400140594, 3.3616319761189892, 3.216072423135379, 2.4655743610852756, 1.8914602173475368, 2.8521747619046898, 2.331317285089242, 2.258394298784003, 2.0005370825688074, 3.87828752194762, 2.052550720602001, 1.8536158117440755, 2.314771133757159, 2.384437896080187, 2.0910951597431477, 1.9249066818985932, 2.366994573813776, 2.1405906630236404, 2.1138578180039365, 3.4593148924144144, 1.7003082352546788, 2.7667856771919404, 2.6595344698449224, 2.989558455768846, 2.7604763202918092, 2.6441343531897163, 2.131181894286729, 2.8209882266196105, 2.5422666224139556, 2.4108056084113163, 2.3338699502780624, 2.1337406855632466, 2.2690358258777517, 2.0532102172726803, 2.360611416912017, 2.619378492102974, 2.3268067518732485, 2.076163714760446, 2.4247133506452787, 1.9161947924631773, 2.026580558539766, 1.9595481031535786, 2.777423968920041, 2.4973728617785005, 2.379642756702214, 2.8594742416147483, 1.8515888277394754, 2.888808819338971, 2.556823024391033, 3.7795325398629744, 2.5268949321569854, 2.7618095301311065, 3.1146500211542136, 2.103244898676016, 2.8096408031024493, 2.401050865769864, 2.346181372624123, 3.7902670378281824, 3.8131879169679346, 2.2051830975887166, 2.375453974106613, 2.339132382188732, 2.3448695971528823, 3.065475439741951, 1.7670982117574505, 1.997441133505868, 2.5911750447563486, 3.604885109922809, 3.139637132899071, 2.3376876954072716, 2.3784684541115104, 2.7843167433202995, 1.9037082342927492, 2.4282539356967905, 4.271525891213207, 2.2782295561073735, 2.046558021499043, 2.004514687818174, 2.581384136726722, 2.067516105113447, 2.4071507481324956, 2.345891966745052, 2.182518697865188, 2.045808771311729, 2.2408776467237788, 3.5779606310097294, 2.18901990803857, 2.7201302253226163, 1.968665787697487, 2.0692566793949974, 2.7960577775425035, 2.7540116754936936, 3.2559364521817495, 3.5729371969455856, 2.337776626551728, 2.872147561529313, 2.666540167686901, 2.370034633925397, 2.4308535669484783, 3.0718161029952133, 2.314102236952895, 2.569524023511461, 2.077416456309671, 2.430654347744246, 2.681398740695164, 2.495541664225492, 3.264150733582008, 2.7140664716552028, 2.5747993125993904, 2.5156251933038853, 2.4299785369882496, 1.9235823856822543, 2.560054701298468, 2.294394419185819, 2.9592439817667517, 2.2342695037037985, 2.9146159138229595, 2.3820971918921394, 2.261173801665563, 2.6574853629983104, 2.1738240844554593, 2.075710251168, 2.2273963853288254, 3.6772873759401166, 2.479289529681976, 2.57370317632959, 2.0922205626413, 2.260224755081242, 1.9792938535867104, 2.8647539918343887, 2.168032638502456, 2.6336227414030517, 2.843725931728442, 2.0589001486277017, 2.9492428489976192, 2.4670956477104604, 2.2827505225003915, 2.698465991747036, 2.1084537529870713, 2.566617215572755, 2.2348892470823682, 2.2785920262055885, 2.424725635396822, 3.2675129522366584, 2.204110761248906, 3.621395618125767, 2.4483344856375147, 2.5594463501573124, 2.196228600244021, 2.7585798381999194, 2.182293048134654, 2.278279263360082, 2.242523703248819, 2.047657946189118, 2.601979105952796, 1.9427565455474276, 2.099633181722365, 2.340377464364324, 2.3203085516008066, 2.596025131933034, 1.9827367281489188, 2.404158384706669, 3.4114012406507683, 3.244756020044168, 3.773780131801381, 2.3713618479666496, 2.5111984381221046, 2.2095013432931045, 2.2200243418080543, 2.1711405609860326, 2.0037358345703455, 2.546123789458675, 3.11775395631737, 2.4960044993693598, 2.3994680665675396, 2.6717579275762833, 2.488870346581815, 2.5078191646914503, 2.5257514454030594, 1.8576353824489553, 2.769439889456675, 2.62288155519509, 2.4945326272217514, 2.213429709354573, 2.6936229578632735, 2.2879835964432265, 1.9020610968637064, 2.3644490956506035, 1.9748051250296972, 1.9911166984717235, 2.0312193583658713, 2.2149926272328395, 2.7435203919547737, 2.501469587764348, 2.617417230899914, 2.3594592131780647, 2.6006889377232256, 2.071478396505175, 2.311260305213583, 1.9227414588774674, 2.5276966621441286, 2.348667806336433, 2.3558817099244935, 2.641836513020298, 3.041051191209066, 2.1801531164331434, 2.1703146507097784, 2.346906528615527, 2.5119626693248915, 2.2779861983700114, 2.691033125438158, 2.70274922522415, 2.7306684405408195, 2.7269582198705042, 1.8756964241675194, 2.3323610853065855, 3.991555545371388, 2.7567743209050444, 2.5008276611587124, 2.032907205584427, 3.5958748478422367, 1.9596800192731072, 1.9231058569791952, 1.8967427801678507, 2.0447424548777935, 2.1676171164183087, 2.788670296516835, 2.614504052351441, 1.8940277304200304, 2.169191800040985, 2.8889503371018472, 2.265126342629584, 2.1056466900725743, 2.320764399506775, 2.716380428156104, 2.36217611913315, 2.173879882754946, 2.281566436684794, 2.3984109281355956, 3.2252014658612542, 1.992662634473181, 3.018468928182185, 2.4142394385943002, 3.5420178965615468, 2.3593620744949764, 3.5684675671497343, 2.3066737279984797, 2.278691977022736, 2.9270854362373457, 1.9827521336159697, 4.523437724295463, 3.4716064949606995, 2.2504138073774596, 2.1799534639178204, 2.1998187189022387, 2.236883876657338, 3.0311269716252456, 2.1137264265177125, 2.4258035728171006, 1.945800884804973, 2.356414570659468, 4.236285304736025, 2.152309407290701, 2.3567955176141124, 3.362010361650471, 2.4394789722007584, 2.588070190598966, 2.091417139890386, 2.754833546936597, 2.9590508836132283, 2.219576999026706, 2.328690521202338, 2.144394022101363, 2.1725927382752293, 2.3904533380600808, 2.1510621852389202, 2.558998723333116, 2.4147186020728504, 3.111990624708201, 2.308449165239062, 2.49589771087106, 2.4993017603212344, 2.5158496318277166, 2.444241133529709, 3.2660604806512237, 3.1955960601315603, 1.9660657527819851, 2.603535528465125, 2.3759993968765434, 2.2163018842653335, 2.2774325234851087, 3.0125381865693712, 2.4645226860544236, 2.3783089301666336, 3.716573010379758, 2.3387051088285893, 1.916587567810463, 2.1845995569513947, 3.707239980054264, 2.4657348323113886, 2.487923675831393, 1.8787774398545116, 2.6736949659062694, 2.481093109033676, 2.7963058098668623, 2.373945088936556, 2.221284579491187, 2.0189394430800007, 2.2537778669793145, 2.1632693428867644, 3.0987001347808913, 2.606646205381003, 2.0643119444290314, 2.1031806524082812, 1.962621305749586, 2.2465231517334106, 1.906425501677257, 3.2711109478950204, 2.3055951357592392, 2.4328005059547917, 2.7560479096042956, 2.354402751121694, 2.2155869117255294, 2.174968489566841, 2.1478683276629145, 2.447277035034126, 2.6873152548634702, 2.5932507927945583, 3.0086365826504156, 2.2058696732549916, 2.1937568556913623, 3.2211105991330333, 2.4652457795431655, 2.2363800821872637, 2.359580598884985, 2.9828282477790626, 2.447182280874293, 2.700089026260495, 2.4188656310856134, 2.3294962812467506, 2.042101627896576, 2.3868173636577454, 2.2425514168462204, 3.0063879442882877, 2.2504757839329197, 2.8086908299076137, 2.2356649318222765, 2.147994141483322, 2.380271855638027, 2.574580427246573, 3.1842844729363, 2.9664370820315513, 3.494243536395574, 1.8858927679482351, 2.1352861073073597, 2.358186882264598, 1.8990842538119523, 4.274638789085839, 2.1108689351404313, 2.367001747364435, 2.281772180970391, 2.2793522627415963, 2.520559933055239, 2.466224208386356, 2.322216640590515, 2.6262672908887215, 2.0985049274262573, 2.2202633193772283, 2.1820569108639805, 2.3501635029526313, 2.3101648183934547, 1.9271572483812762, 2.2013512834690925, 2.365707665584495, 1.9837733106131872, 2.576673157278634, 2.6716810302505656, 2.4766935422453837, 2.45750543878982, 1.9988292433156207, 2.212582278273455, 2.882729060870621, 3.026468969536187, 3.0555719103853427, 3.5517279508915114, 3.7738840111034886, 1.991138811024501, 2.680183410700536, 2.455200160420781, 2.4602623148612586, 2.443238933797352, 2.2444412779814282, 3.8611939326156293, 2.9850730501223293, 2.3943377183296155, 2.090201469371141, 2.19776698756937, 2.5454404439058007, 2.9203312569082183, 2.388527266843316, 2.0967537556174887, 2.8013200218715317, 2.6479498773621715, 1.8737800029268066, 2.4591846609570167, 2.7661747418983618, 2.5039406263855666, 1.954196106184298, 2.2814371215501446, 2.137182872945604, 2.38532059104022, 2.192688865882015, 2.200905105014261, 2.4389693215231945, 2.6358363481542053, 2.383865782308647, 2.2418450275769506, 2.3660364633751456, 2.000686956537632, 2.3422576811496514, 2.334928598379079, 2.238099105812906, 2.845002218175315, 2.3409755897024467, 2.0324820335242277, 2.2286315143031588, 2.4531358660725795, 2.900252307375124, 3.849806784842088, 2.2242942854508576, 2.5038266204399653, 2.3295404481839337, 2.6329148369370055, 2.2923324508787735, 2.4067066982656655, 2.3485558927803822, 2.3260356640768802, 2.6925044638612916, 2.669931000113002, 2.4922876625430326, 2.459433750217386, 2.4728379146037383, 2.488120496994454, 3.5197831549530747, 2.3233793789335238, 1.9481335841108978, 2.650037679288047, 2.2508582987250083, 4.1761593034962186, 2.2326527107439254, 2.3579941205432364, 2.264005632106909, 2.378232390458, 2.55597406784248, 2.338107597929537, 2.5978298560872735, 2.199674662906276, 2.1095985721740718, 2.2041820604473807, 2.8297095873346074, 2.162698546840271, 2.246153830514899, 3.0510575078946407, 2.548462806152468, 2.110814882233642, 2.0045785685261976, 2.274020502746738, 1.9201134693284954, 3.0134115097812977, 2.411639918053185, 2.2138988090383345, 2.5091587942405122, 2.217659419238534, 2.671477872831005, 2.1649936659144338, 2.4697432970107647, 2.479733765713773, 1.9979816625737614, 2.2888378315757247, 3.3180802732781722, 2.3508858990384494, 2.917262044290704, 2.1313655261724356, 2.2945879312620736, 1.863507493686524, 2.2783473118970043, 2.066245683978715, 2.2050969070276487, 2.0421579404534067, 2.7249969045253652, 2.000229646823154, 2.7013120201440266, 2.193796219438501, 2.487320497343716, 1.9145899475527557, 2.226429255612226, 1.9305995554204443, 3.6912024321255146, 2.530374512276189, 2.2229323039183546, 2.874294883709721, 2.4743930055421064, 4.1843283076219695, 2.259994248742081, 2.006915128269682, 2.4690652561294333, 3.890174603191022, 2.3369676893100397, 2.3410809797770114, 2.2967570434120104, 2.158347162560748, 2.0149010825011815, 2.1489665264353763, 3.60748681745991, 1.9627611546169097, 2.9350478154707873, 3.866041278253772, 2.610348031911422, 2.2923102186691855, 2.445183674268138, 2.300081791808928, 2.3426767807617743, 2.104524114347505, 3.091864086712403, 2.0779902621042177, 2.055722691089936, 2.207250498803513, 1.8937697506376265, 2.8458685458146524, 2.507384995774509, 3.0509352078156198, 2.0218319851508415, 2.4841917269195997, 3.352620686540387, 2.413359705895682, 2.0739333618375335, 2.4565339480061925, 2.2519548098503286, 2.098785653522706, 2.350677947339238, 2.2276259682376995, 2.6775653646341966, 2.5900022293322924, 2.1918090083539816]"
2.25,6000,0.6657342573975558,0.6657342573975558,0.013484716415405273,0.31734013290790347,"[3, 4, 3, 2, 2, 2, 5, 3, 3, 3, 5, 4, 4, 1, 3, 3, 3, 3, 5, 3, 3, 2, 2, 3, 3, 2, 3, 3, 2, 3, 2, 1, 1, 3, 1, 2, 4, 4, 4, 1, 3, 2, 4, 3, 5, 2, 1, 2, 5, 3, 2, 3, 5, 3, 3, 3, 3, 3, 1, 2, 3, 3, 4, 3, 2, 5, 3, 2, 3, 2, 3, 4, 2, 4, 2, 1, 3, 2, 3, 2, 2, 3, 1, 3, 3, 3, 3, 3, 2, 1, 2, 3, 5, 3, 3, 3, 3, 3, 4, 2, 2, 3, 1, 3, 1, 2, 4, 4, 3, 2, 2, 2, 2, 2, 1, 3, 2, 2, 3, 2, 2, 3, 2, 3, 2, 3, 2, 2, 2, 2, 2, 1, 3, 1, 3, 2, 4, 2, 2, 2, 1, 3, 3, 3, 1, 3, 4, 1, 2, 3, 3, 2, 4, 3, 2, 2, 1, 2, 3, 3, 2, 2, 4, 4, 2, 3, 3, 4, 3, 2, 4, 2, 3, 3, 3, 1, 3, 2, 3, 3, 4, 4, 3, 4, 2, 3, 1, 3, 2, 3, 3, 3, 2, 3, 3, 3, 2, 3, 3, 3, 4, 2, 3, 4, 2, 5, 2, 2, 2, 4, 3, 4, 3, 2, 2, 2, 3, 2, 1, 2, 3, 2, 3, 4, 1, 3, 2, 5, 3, 1, 4, 4, 2, 2, 3, 3, 4, 2, 2, 2, 2, 1, 4, 4, 2, 5, 2, 4, 1, 2, 2, 5, 2, 3, 4, 5, 3, 2, 4, 4, 2, 3, 2, 1, 4, 3, 3, 2, 3, 2, 3, 2, 3, 3, 4, 2, 5, 2, 3, 1, 3, 3, 3, 2, 3, 1, 2, 2, 3, 2, 1, 1, 1, 3, 1, 5, 2, 2, 2, 3, 3, 3, 4, 2, 4, 2, 4, 4, 2, 3, 3, 3, 3, 4, 2, 2, 2, 3, 2, 2, 2, 3, 2, 5, 2, 3, 3, 2, 2, 3, 2, 3, 3, 2, 2, 2, 4, 3, 3, 3, 4, 2, 4, 3, 1, 2, 2, 4, 2, 2, 2, 3, 3, 2, 4, 2, 1, 3, 2, 1, 2, 4, 3, 1, 3, 2, 2, 3, 3, 2, 3, 5, 2, 2, 2, 3, 2, 3, 2, 2, 4, 1, 3, 3, 2, 2, 3, 3, 2, 3, 1, 5, 2, 2, 2, 3, 4, 3, 3, 3, 2, 3, 2, 3, 2, 4, 3, 2, 3, 3, 3, 2, 2, 2, 2, 2, 2, 3, 2, 1, 3, 3, 3, 3, 3, 2, 2, 3, 3, 2, 5, 3, 3, 3, 2, 3, 4, 1, 2, 4, 4, 3, 2, 2, 3, 2, 3, 2, 1, 3, 4, 2, 2, 2, 2, 3, 3, 1, 2, 2, 2, 3, 2, 3, 4, 2, 4, 2, 3, 2, 3, 2, 3, 2, 2, 4, 3, 4, 2, 3, 3, 5, 2, 2, 3, 3, 2, 2, 2, 2, 4, 4, 2, 3, 4, 4, 2, 2, 2, 2, 2, 2, 2, 5, 2, 1, 3, 1, 2, 2, 3, 3, 1, 1, 2, 2, 3, 1, 2, 2, 3, 2, 3, 3, 2, 3, 2, 3, 3, 3, 3, 3, 2, 3, 5, 4, 4, 3, 1, 1, 3, 2, 3, 3, 2, 4, 2, 3, 1, 2, 2, 2, 3, 2, 2, 3, 2, 4, 1, 2, 2, 2, 3, 1, 3, 2, 1, 3, 3, 2, 3, 2, 1, 2, 2, 1, 1, 3, 3, 2, 4, 2, 2, 4, 3, 2, 1, 2, 3, 2, 2, 3, 3, 4, 2, 3, 4, 4, 2, 3, 2, 3, 3, 3, 2, 3, 2, 3, 1, 4, 3, 3, 3, 2, 2, 3, 2, 4, 3, 3, 2, 3, 4, 2, 1, 3, 2, 2, 3, 2, 2, 4, 2, 3, 2, 2, 2, 3, 3, 2, 4, 1, 3, 3, 4, 2, 2, 3, 3, 4, 2, 2, 2, 4, 3, 2, 2, 3, 1, 2, 1, 2, 1, 3, 2, 5, 2, 1, 2, 2, 1, 2, 3, 3, 3, 4, 2, 3, 3, 3, 3, 3, 2, 2, 2, 3, 3, 2, 2, 1, 1, 1, 2, 1, 3, 2, 2, 3, 4, 2, 3, 3, 1, 4, 3, 4, 3, 2, 3, 2, 3, 3, 2, 5, 4, 2, 2, 2, 1, 2, 1, 2, 2, 3, 4, 3, 3, 2, 2, 2, 2, 2, 2, 1, 1, 4, 2, 2, 2, 3, 2, 3, 3, 3, 2, 2, 2, 3, 3, 3, 2, 4, 3, 3, 2, 3, 3, 3, 3, 2, 1, 2, 4, 2, 2, 2, 3, 2, 3, 2, 2, 2, 4, 1, 2, 3, 2, 1, 2, 4, 2, 1, 2, 2, 1, 1, 1, 2, 4, 2, 3, 1, 1, 2, 3, 4, 2, 3, 3, 4, 2, 5, 3, 3, 2, 2, 3, 3, 1, 3, 3, 2, 2, 4, 4, 4, 3, 3, 3, 3, 5, 4, 3, 2, 3, 3, 2, 3, 3, 2, 2, 2, 3, 4, 3, 1, 3, 3, 2, 2, 3, 4, 2, 3, 2, 2, 2, 1, 2, 2, 3, 2, 2, 1, 3, 2, 5, 1, 1, 3, 4, 2, 2, 3, 3, 4, 3, 4, 3, 3, 3, 3, 5, 2, 2, 2, 4, 1, 2, 2, 2, 1, 2, 2, 3, 3, 3, 3, 3, 3, 3, 2, 3, 3, 2, 3, 1, 4, 2, 4, 2, 1, 3, 2, 3, 1, 4, 4, 3, 2, 2, 3, 4, 4, 4, 2, 3, 4, 1, 2, 4, 2, 2, 3, 4, 2, 2, 3, 2, 2, 3, 2, 2, 3, 1, 2, 2, 4, 3, 2, 1, 4, 3, 2, 3, 4, 1, 3, 3, 3, 4, 3, 2, 2, 4, 2, 3, 1, 2, 4, 2, 1, 2, 3, 1, 3, 2, 2, 2, 1, 2, 4, 1, 4, 2, 2, 3, 2, 3, 3, 2, 3, 2, 3, 4, 2, 2, 3, 2, 3, 2, 1, 4, 4, 1, 3, 2, 2, 2, 3, 3, 3, 3, 2, 2, 2, 4, 4, 3, 2, 2, 3, 1, 4, 3, 2, 1, 3, 3, 2, 2, 3, 3, 2, 2, 4, 2, 2, 2, 2, 2, 1, 2, 3, 3, 2, 2, 2, 3, 2, 2, 4, 2, 3, 3, 3, 2, 1, 3, 5, 2, 3, 3, 2, 4, 3, 3, 4, 2, 2, 2, 3, 3, 2, 2, 3, 1, 2, 2, 3, 2, 1, 3, 2, 2, 1, 2, 2, 3, 2, 1, 2, 3, 2, 3, 2, 3, 2, 2, 2, 2, 2, 2, 4, 3, 3, 2, 3, 2, 3, 3, 2, 2, 3, 5, 2, 2, 3, 2, 2, 2, 2, 3, 2, 3, 3, 3, 2, 4, 4, 2, 2, 2, 2, 3, 2, 2, 3, 2, 3, 2, 1, 3, 1, 2, 4, 2, 3, 2, 3, 2, 2, 3, 3, 2, 2, 2, 2, 2, 3, 1, 1, 2, 3, 3, 1, 3, 3, 3, 3, 1, 2, 4, 2, 3, 3, 3, 3, 3, 3, 1, 3, 3, 2, 3, 4, 2, 3, 1, 4, 3, 2, 1, 2, 4, 2, 3, 2, 2, 4, 3, 2, 2, 3, 4, 2, 3, 3, 2, 2]","[2.663365196100092, 2.556842588951571, 2.282874654239071, 2.8005377095909, 2.3774904925964115, 1.9575330709894416, 3.4290264382753213, 2.5282124152143655, 2.5610169918096313, 2.9909091082642942, 3.387758132266596, 3.223685264704012, 2.6260077298700706, 1.6288480244312828, 2.5944251055389325, 3.0720988629454182, 2.82783959808468, 3.6237435787928014, 4.031152829999978, 2.8008055300886445, 2.513859994704905, 2.3245169557906373, 2.455019009733392, 2.6413419451671207, 1.900659050529311, 2.048051650118923, 2.0602467831123024, 1.9246748910903104, 1.9306097676770286, 2.4826891996595593, 2.163019394835916, 2.150878721273849, 2.056429242522164, 1.97287778483832, 2.3183274136564984, 2.8544724805802892, 3.007810370668653, 3.1481469841243905, 3.0265798656503007, 3.1653319941350473, 2.551072550775081, 2.379545690555313, 2.956251479238847, 3.2894497226986186, 2.971931674262014, 2.190410252523781, 1.9867173071175768, 2.331884696268094, 4.2628595400452785, 2.0747911997435957, 2.1116406718568412, 2.4687928149913745, 3.766729131959445, 2.2231782698488667, 3.719093313654742, 1.9958827939844994, 2.5627561171468423, 2.4563197386410445, 2.2968000756565283, 2.0150080789925875, 2.340683166823483, 3.1863746262865815, 3.5700250886856706, 3.1156763867085595, 3.9840152615557836, 4.094488518306476, 2.3459171193694592, 2.172984713514257, 2.1715104600343254, 2.0629293601382255, 2.447180419930758, 3.1348874762068712, 2.303160174461218, 3.5855010294174754, 1.8542808567843418, 2.1713143631599614, 2.590108192538478, 2.583859530627353, 2.187364579237269, 2.0540763723295155, 2.334071035340365, 2.562833405178248, 2.004500243782696, 2.1943877564623286, 2.8203384698927563, 2.6054323978203864, 2.368398718104816, 2.479580943491597, 1.480249828733742, 2.487988711827235, 2.245253051778271, 3.0031764050500565, 2.433185447460248, 3.342722699650646, 2.7993999032970707, 2.655660089751619, 2.162835289497035, 2.747915324612805, 4.1231029022119285, 2.3673025506848093, 2.3005470778026504, 2.305254108171829, 1.9040166804644658, 2.2945421400635806, 2.173430516480437, 1.9505614038751342, 3.1693090446792507, 2.8011398823132794, 2.4679620457924814, 2.2302119352451832, 2.426851388942022, 2.3348956297509105, 2.4110309459083736, 2.585965742615428, 2.382818674357649, 2.9797546896658704, 2.629496419052166, 2.1214874859492348, 2.426563944782657, 2.9601795311862675, 2.571506703080362, 2.598137836147208, 2.4119447110580996, 2.376655881651108, 2.5172349065588437, 2.1860982374410916, 2.2170468363877873, 2.594981461930225, 1.9538029980698832, 2.4328537359442186, 2.111120450832224, 2.506347650417216, 2.4632811776809693, 1.9607245828889392, 2.351099960799317, 2.959407487916514, 3.7900220409752974, 2.478943255590097, 2.121987603517307, 3.674452543834973, 1.9494842818350122, 3.460527931106799, 2.639550981377531, 2.640748716852947, 2.5352148777383325, 2.35744141325895, 3.8587877593756197, 2.226106794137184, 2.4521098487036475, 2.347112977902749, 2.1356369258642647, 2.067793691237559, 4.3262464495334605, 3.6882884446882134, 2.6116092111379294, 2.148358116294778, 2.2282924278250156, 2.0084488858096456, 2.563507551586159, 2.2062969145673277, 1.9561448744112095, 1.9547771339817421, 2.8972610918260147, 3.068906956447883, 2.5584541722454914, 2.197637974189866, 2.3652529202030292, 2.5645596157382076, 1.9929895855594668, 2.2137779704247977, 2.1641868060843787, 3.306537904264988, 2.034243634475559, 2.261751665315326, 1.482024575985181, 2.266445777150558, 2.656901661522654, 2.3528442113228123, 1.8478054224123146, 2.5464554503780157, 3.081732398113787, 2.137033429162735, 2.324927661049531, 2.2821735021055534, 2.381363818949822, 2.4402977387013087, 2.2925434484086162, 2.796218661031406, 2.3041230242220347, 2.5000762952170947, 1.8074568704160656, 3.681766369731633, 2.6460965889860097, 2.9914836496602284, 2.3216099316778527, 2.5704056879639343, 3.1238819544788043, 2.6423548845271614, 2.3495243079261297, 3.5244550463837445, 2.9457936239606353, 2.21056796217136, 2.5405729779457773, 3.6142902439962277, 2.3355089615216285, 3.068705397038535, 2.669658086289277, 1.9311034559597893, 2.1752549933349075, 1.7295461948981645, 2.5346317248168693, 3.3271851172828164, 2.3349379921475113, 2.173156121933215, 2.6694577202021392, 2.4298740961029925, 2.593000254895148, 2.656850249268294, 2.5916490302611574, 3.040887801008082, 2.122880267526328, 1.969820372985855, 2.82707867306378, 3.199893665254824, 2.535341514612938, 2.68470223089029, 2.42564377078047, 4.010741647101019, 3.1030888165301547, 2.584664021581354, 3.904520726635557, 2.3384334043040624, 2.209469325905813, 2.012279651978054, 3.2390674752663005, 2.345930385732598, 3.015193276911573, 3.0867409549540765, 2.0130943710064373, 2.056868344336163, 2.242881263308442, 2.663762699267082, 4.019810167392456, 3.5160726357417857, 2.451457876387251, 4.236521555761827, 2.274905044868032, 3.6920356742177836, 2.21822116664576, 2.8086519898959743, 2.1286156009389567, 3.407875058652879, 2.353846149527558, 2.274414625956029, 2.994393138765102, 3.3625576995936766, 2.296422926888264, 2.258756110542599, 2.7719588096460144, 2.7581504139304167, 3.231464905015338, 2.2695203160179886, 2.114963032569988, 2.583137569652851, 2.6836764259481725, 2.702627769550071, 2.0974349241937444, 2.969152508792196, 2.3402123838621423, 2.159801185700724, 2.722791738472593, 2.2078772732243754, 2.275433201087618, 3.004473762446743, 3.209185627202159, 2.7231757102843703, 3.840549392315115, 2.2767833069060814, 2.0624440556433963, 2.1682057339321825, 2.549735488024753, 2.1168118451876436, 2.4743684848034486, 2.6117104338050923, 3.120709056801388, 2.6145896371236925, 2.339917926989612, 2.8268145333405332, 2.7652911351431873, 2.0149805689994214, 2.278612721451633, 3.232190025961182, 2.277079215678728, 2.086377321038298, 2.221499807573509, 3.637060963411869, 1.960732342117781, 1.9017157164206684, 1.8326280244233473, 3.8106557434885353, 2.2917354743140117, 2.264300764566869, 2.6348453959684193, 2.295385415632714, 3.9864606438452004, 2.3262122124576674, 3.6550401574444136, 2.9505323615349757, 2.374119223998267, 2.507704810080081, 3.45739144421771, 2.3329420675438914, 2.1857779929052596, 3.732596945553727, 2.302912930897238, 2.0339590118539546, 2.459733446639192, 2.2943361625956826, 2.2798393849930685, 2.266480679630454, 2.296991114054812, 2.8707397790990385, 2.410820394970691, 4.43801574073511, 2.199855483477848, 2.6185210769333196, 2.161611665350689, 2.6246121152261406, 2.0152077027891524, 2.6494416937422653, 2.1706622352450347, 2.830283620334938, 2.3364662438053236, 2.275031484648948, 2.2530020577570045, 2.103645397820166, 3.1492599672899346, 2.03398158415604, 2.428303422812088, 2.101811377908157, 4.4341140711414235, 2.175147774900003, 1.7695407673810086, 2.2062489122068634, 3.95645568215183, 2.278279991535502, 2.325200473313151, 2.9552584166395013, 2.055480853142371, 2.1237018440653888, 2.4624124967429144, 2.0593841568798106, 2.5604215061895412, 2.4579272493876663, 3.46802030119754, 2.1181951040747946, 2.258847734971095, 2.1908715943152415, 2.594414550697666, 2.114855814135084, 2.837941761344411, 3.359922715239209, 2.296123259286196, 2.451620820192928, 2.4568256556431343, 2.1729790704387355, 2.2175229708848945, 2.450589019483069, 2.4137810934765844, 3.158589509411774, 2.506746898010346, 4.648568130419432, 2.265227564172512, 2.559968479730537, 3.059289118418271, 3.0921563299358934, 2.5061007862307574, 1.9013037719076158, 2.174553135816949, 2.172913469685801, 2.456873974477285, 3.119250569666843, 2.06851071452098, 2.377315617647752, 2.1642040276106633, 2.4810216708430244, 2.338696487121273, 2.326348310523382, 2.2231015037298887, 2.3197350402035077, 2.1154941870534274, 2.991433342949025, 2.1179669122084035, 1.9486096051292154, 1.9083823047646074, 2.4828376830842127, 2.667534918454591, 2.584336038184277, 2.451018648576882, 2.3512218271104475, 2.8659440398715925, 3.166608482644617, 1.9045079807270362, 2.464984831144744, 1.9404563431805735, 2.6708651133073804, 1.9837067878258126, 2.0126630284212803, 1.807272805812378, 2.3076839201032153, 3.453631554562975, 2.4361788222291296, 2.240600050028969, 2.5351633846742008, 1.605486540522933, 3.0791140083423554, 2.4243557387927406, 2.6826716406266975, 2.446393237994441, 3.1269579527522358, 2.90956945937502, 2.2436797584947015, 2.6420649642182834, 2.372718330500112, 2.3346119852058362, 2.2668398499340143, 2.1705052872070993, 2.6675313152960665, 2.2892233857862543, 2.695126692565759, 1.6725717967733593, 2.66073179889129, 1.9575986717423763, 2.514471581847572, 1.5110693423278887, 2.3026630732300823, 3.609946653330679, 2.6478843858495917, 1.9660112970089987, 3.09231670671539, 2.801904343080284, 2.3473506773028574, 2.2489295821905815, 2.254992653407098, 3.212443960275701, 2.328902154888976, 2.247428876794144, 2.207391399336005, 2.1189163596648566, 2.2053740753858766, 2.2461034594310862, 2.0674053771032517, 2.2430103486609907, 2.0814859778861723, 2.3810208813269056, 2.2423712651468355, 2.3462901855235296, 3.3429313781482453, 2.173011518122983, 2.2109902847995864, 2.7548657482778034, 2.389437372158057, 2.7769694572869588, 2.294355918571379, 3.4408899401644235, 3.1413319844393857, 2.0510589833529607, 2.709168957356705, 2.1948069137392894, 2.0029326027615126, 2.8252101385239943, 1.9508407950512594, 2.7764935406471807, 2.172276860228558, 2.772091195224915, 3.1514563258138226, 2.7190822028082624, 3.731274899514339, 3.991876186743822, 2.176948072349784, 2.9706558749661673, 2.8687929983906995, 1.9532577358976404, 2.1112865688678815, 2.950924626153758, 2.7467569270035685, 2.135979114321144, 2.398558334132451, 2.067598299747635, 2.0909741092021172, 2.3723007218492294, 2.905470316725318, 2.0681808098993044, 2.1156007001038915, 4.127724518805049, 3.4815426102173044, 2.225813001517858, 2.148559019782026, 2.87367557795627, 2.5601634766370394, 2.269826745164738, 2.0641810648272867, 2.1305157140437143, 4.135167185631693, 1.897825521233194, 2.5225746446022024, 3.1866594321782857, 2.055580665040653, 2.772265772662483, 2.5476146129545514, 2.4887464706820923, 2.68219084553233, 1.905961072673763, 2.260801276810517, 2.057113112736898, 2.332588120913428, 3.0652130563990863, 3.880867371462025, 2.0571233408112803, 2.030625717681985, 2.9135344812688615, 2.462417286963695, 2.175173168739849, 2.012614004202689, 2.5098989083811944, 2.145139806104259, 2.1963837943375593, 2.4772133002506083, 2.350053887203638, 2.197602704967858, 2.139509074810693, 1.9586087822606835, 2.3303585970318106, 2.398380234984054, 4.089348066104954, 2.226154602386071, 2.802217532237167, 1.9448633488040574, 2.1391944733503823, 3.1559555835592414, 1.9604287330541148, 2.901250725851955, 2.063292280432687, 2.728990017498505, 2.12293281866712, 2.7102830771141675, 2.6325262540717156, 2.710384289560499, 2.238297872309981, 2.506443250376454, 2.6886472585688934, 3.3886098914693563, 4.203640833235137, 3.1406816545874046, 2.2918766282054457, 2.2491602429025135, 2.1679860066790733, 2.9583326206644323, 2.198143607730756, 2.9508051690702497, 2.296415119022302, 1.9026217827340521, 2.5881189278590466, 2.026796558616181, 2.556023087830637, 1.9021258974726207, 2.766367767376301, 2.606188382445033, 2.6857149561898908, 2.61201057488438, 2.2954958409542376, 2.155739403906017, 3.4862549282646116, 2.331395472183616, 1.9834098146588013, 1.9908145326382378, 2.163466467418381, 3.4818130347418474, 2.296109151597393, 2.431208195936661, 3.5823391667226168, 2.241116215473038, 2.715821176487844, 2.6124421353268654, 2.1532190971980034, 3.773323200540939, 2.0620925982260703, 2.2927882016531265, 2.0862966934503495, 2.1688347608866767, 1.9555047380317656, 3.3007618637767493, 2.6411969886646682, 3.132558485534105, 2.761917529066316, 2.6919539152597434, 1.8571876853233684, 4.114450461869767, 2.1239611217105705, 2.9746463748410448, 2.453470690887244, 2.1636175608411707, 2.4541372791831937, 2.3697096750868507, 2.0904102439905023, 2.7022888127189435, 2.204233665079864, 2.3017533952112106, 2.6655112890586286, 3.6002455453255093, 2.308006809450715, 2.8045704187742206, 2.64251096198364, 2.0604425272944464, 2.737652531554373, 2.2326398684882087, 2.329613358370783, 3.536790215703525, 2.429619136534008, 2.2316284368493133, 2.3518048273502385, 2.9316606427916785, 3.77347962414563, 2.3505691909047703, 2.635182880927876, 2.322608185495568, 2.1025862630832677, 2.122035922351458, 2.582125540074913, 2.719307352985051, 2.054207976497362, 2.724474755731053, 2.9950579912715214, 2.1140477358663827, 2.378646325394111, 2.057457693035915, 1.9671486138451266, 2.7350950515833254, 2.8247889615281183, 2.005220164500947, 3.67525652420371, 2.0042689535833933, 2.7898985179713205, 2.3041105581029995, 3.8380862204141177, 2.5875938358535526, 2.262518544068604, 2.431683977741548, 2.9633936153878504, 3.1548234478504917, 2.934237533138489, 2.324417612918168, 2.2914592573678676, 2.8993429515844573, 2.249164475209154, 2.0649446434837584, 2.175077236455987, 3.499728433642902, 3.3700990906397825, 2.0253272813975562, 1.9015464241550304, 3.0078017293292785, 1.7922597820055985, 2.278390525352983, 2.039724410076758, 3.929255630955028, 2.0471909043758365, 1.8961139058891492, 2.3407373606403756, 1.8789173230682785, 2.0691342743660806, 1.9063476233469698, 2.3912612243881832, 2.1688596253082095, 2.1323001817734966, 2.9345485290743576, 1.1323690219756588, 2.837479946075731, 2.746108509280943, 3.0456114259846876, 2.8018160136667682, 2.7463869528647056, 2.181097197701592, 2.8871442039034774, 2.620009845975402, 2.4275487974023426, 2.4239878808071977, 2.167876319398628, 2.3683708554194296, 2.030973960844428, 2.390344930000417, 2.7508758719715742, 2.3989817519453824, 2.1096929590535956, 2.4833385060367252, 1.3591684555750614, 2.0598732820512384, 1.9982963427435712, 2.837069553484155, 2.540078856145446, 2.409487218378791, 2.9625393948308183, 1.8958229348075837, 2.9562475627182936, 2.6140646912802543, 3.806366072042485, 2.5722868944173447, 2.8424757154531592, 3.213560929790773, 2.117188520478688, 2.414414456911816, 2.478465018989562, 2.3836125845450473, 3.824000066002056, 3.8550183147382273, 2.2216197833208358, 2.3767234369874957, 2.38260071056564, 2.379256700792177, 3.1984225721568933, 1.2345769734549261, 1.990246400652818, 2.6971354730234243, 3.604628135758347, 3.2986401235452094, 2.3823933275402336, 2.455628814581909, 2.2803809836071744, 1.9496147779564414, 2.5301569186101753, 4.330946973549634, 2.3486193112184828, 2.062741022492703, 2.0567057532227064, 2.620766688666161, 2.133130988702779, 2.4321458170546486, 2.397060481064114, 2.1959496365323465, 2.108943634449895, 2.3075158422727333, 3.7530516116921606, 2.243193043230992, 2.7382280240801746, 1.46234060643156, 2.0795875768180814, 2.907125872854036, 2.8246906228838173, 3.348093538895518, 3.606698743347224, 2.40541489285316, 2.972401227218375, 2.7489818551172145, 1.848002788902963, 2.551601385467503, 3.19323556458232, 2.4018189645221963, 2.689366565133242, 2.1079352821813164, 2.49053072755985, 2.7306649172781645, 2.545822327058105, 3.3553079554114165, 2.7816644961206545, 2.6362318079579885, 2.099893476185591, 2.5093331900601874, 1.906157522240347, 2.1075179354680293, 2.305090331879008, 3.1157917170645257, 2.2749274404440243, 2.96287306203861, 2.4350784225024826, 2.3133502529434122, 2.7735423469844482, 2.1707093200363983, 2.08041522988498, 2.2248084736825726, 3.7650141549048324, 2.5164117229171787, 2.643656311515281, 2.1156059904871927, 2.3375682247092393, 1.9604650014149607, 2.967464876519117, 2.2401803462870746, 2.6973869433363067, 2.307491281557956, 2.0614641187629723, 2.9910170080246012, 2.484444209994654, 2.370339583391912, 2.181648601108919, 2.1642464110695725, 2.108459976387861, 2.2257853155585647, 2.322054453498672, 2.483340269497826, 2.8395683926009077, 2.235054040416947, 3.6633173934978385, 2.43047583976017, 2.5599199385876514, 2.2442278422047046, 2.8599071104104645, 2.166478181834363, 2.2781963867388955, 2.2239603100457472, 2.1063869081540405, 2.7045939706287014, 1.9552201154101616, 2.116670062915172, 1.8473536288897647, 2.3774710004742845, 2.681783325257911, 1.9989016177743553, 2.4340776998392264, 3.495584058486972, 3.3343731011259172, 3.2651362860853848, 2.4460434013656878, 2.571963303910508, 2.3135145871503724, 2.268714984844656, 2.194316318861159, 2.056593949788941, 2.593387158260575, 3.2793148854051584, 2.4669223673632947, 2.433404410391095, 2.7664453531451016, 2.553594428439532, 2.0313914714295995, 2.566342839132005, 1.8966909103611989, 2.900383985101093, 2.7222648466725357, 2.5396711439390343, 2.2466970404374798, 2.750570059320939, 2.2876609540399317, 1.94383273648909, 2.453616352774137, 2.006130815813192, 1.9621621563779823, 1.9978186474367925, 2.31430285426225, 2.785892570454965, 2.5554030341440988, 2.6710684467235764, 2.3863739434755415, 2.7180957075124756, 1.5772026661338276, 2.4021679967460337, 1.3958498694654564, 2.5907419666099805, 2.383969509071768, 2.45238651500272, 2.210631289007476, 3.075094667982502, 2.168894421052998, 2.1673833720085507, 2.4258592657269387, 2.6183831742752686, 2.302274211604379, 2.729065063462067, 2.197221776307864, 2.826190274428698, 2.802097272268675, 1.8992835508710018, 2.3563898262112697, 4.022042379511491, 2.8708378736915328, 2.542746607034502, 2.0607814645179428, 3.5736902777658113, 1.957649459422068, 1.9523992830339676, 1.9486148955125167, 2.1087905660263804, 2.1727392397290815, 2.791328432584633, 2.6901790472233054, 1.9019149875250134, 2.2080855064636418, 2.3694470431003283, 2.279356902036, 2.131121484373992, 2.401035302016811, 2.8086503652929564, 2.3859086108977636, 2.1736382521980637, 2.2760725112976226, 1.923065720700837, 3.2173806974973815, 1.9758735139854484, 3.09863058642959, 2.487940075114395, 3.5850351059627465, 2.3632524506907053, 3.5697559960508265, 2.3274635644545087, 2.3621751315568935, 3.031196652620083, 1.9745496229648984, 4.644969605380258, 3.5286174692353978, 2.225191674159672, 2.1745101073660997, 2.2582326397392762, 2.2963740234546726, 3.1472474685760297, 2.1397644239780305, 2.507849212345218, 1.9767284195593238, 2.385081547641678, 4.318927802851983, 2.1677196636604137, 2.431446398020106, 3.377068924304943, 1.9752711542437782, 2.6562871968865167, 2.1154906601312264, 2.8166672594659063, 3.0217656493301774, 2.247579476372118, 2.4021730871187867, 2.169405592864892, 2.240834943047542, 2.41103906414714, 2.1703627995501873, 2.6087247796948265, 2.4627699855014784, 3.267503006001795, 2.346987775841445, 2.5343215031335, 2.505173588746294, 2.625046229379302, 2.5113805683977475, 3.4310680845260295, 3.3583312235234497, 2.0048762895863694, 2.7194877481316317, 2.4763456773892134, 2.2471093376427524, 2.3429593012592784, 3.090197383122871, 2.5038879348494802, 2.476677208076088, 3.7762570154144695, 2.378371796011998, 1.9514635905740971, 2.1751770483542696, 3.746629796323367, 2.581847421511801, 2.5658988163673726, 1.899725826914981, 2.7686530347017744, 2.5377419174952007, 2.8608513116839482, 2.408669325120427, 2.247824597465073, 2.058776409246792, 2.2987991351599377, 2.1990940029016133, 3.145757570642044, 2.741005574970736, 2.065289576474996, 2.1468526732178073, 1.9879714806521787, 2.2546317277209917, 1.9036946724675334, 3.203459144165269, 2.3586526931775937, 1.8858597167283193, 2.2985752345380095, 2.433040425702268, 2.2470067042067092, 2.1948658133400425, 2.190975618152568, 2.44935908129425, 2.752585518632599, 2.67061905568273, 3.1022714119052353, 2.2456118064762958, 2.203667946758857, 3.3837522655600116, 2.5354670526756893, 2.2499915384652405, 2.3799904302334616, 3.1191772096850667, 2.532874059473666, 2.700889150346718, 2.4614277800644526, 2.355978587082657, 2.0755907530065154, 2.443798590173642, 1.7215567007024917, 3.122559175383407, 2.273086252220319, 2.8705730096865056, 2.2288175865407136, 2.207864781526372, 2.4558876906714473, 2.690092405722165, 3.284043644820167, 2.95285213625662, 3.602790795267006, 1.9007472235843308, 2.1680981628050584, 2.478449642840482, 1.9489510111982522, 4.356632699188306, 2.1645931075219105, 2.407672616906483, 2.2817463918270375, 2.302470308478743, 2.5867965754700464, 2.530621397523572, 2.3568711099390818, 2.697511991955973, 2.080865204765302, 2.291067240345232, 2.2421935134792874, 2.345817892070618, 2.3321322862065896, 1.9066706894205625, 2.270202070079402, 2.367084274935774, 2.0373179910591572, 2.154967002862217, 2.240154306000611, 2.5804996085727505, 1.9567875385740163, 1.984340575745295, 2.1926833742497887, 2.914589206771114, 3.1113309165946847, 3.211148611746009, 3.0529985258124546, 3.8055552326285227, 1.962165330607963, 2.7485788931066804, 2.5399326041013732, 1.9782545777334288, 2.507069123864607, 2.2763875862351526, 3.8694913723138047, 2.9555273067459216, 2.4368355351429174, 2.0633616400150436, 2.2368668232470266, 2.075520273500322, 2.9469658369092793, 2.4318338719350816, 2.162566890717555, 2.894329885617985, 2.700624500798173, 1.89900845093934, 2.555668279457237, 2.3240868873384244, 2.53343979816227, 1.956862250386851, 2.322166615595995, 2.1683704411989595, 2.389230971610911, 2.203317139544843, 2.188086207887148, 2.4286377354254185, 2.680545633624292, 1.9209777827579677, 2.2266561307230237, 2.4749155104367917, 2.0397459243021827, 2.357810470473749, 2.3567583895812523, 2.2535212154935897, 2.922095631091373, 2.4338363968618593, 2.014410265679553, 2.2711971915583384, 2.5009079638396385, 3.0399420752876223, 3.9497440826387455, 2.2734955100305023, 2.0308183465719707, 2.3812238001384505, 2.6965366170162577, 2.3506437645617377, 2.4731718204683166, 2.3482117961057605, 2.3660503377049977, 2.771912604670671, 2.676866726429311, 2.515228988010209, 2.530235054366798, 2.507903748859803, 2.4935595035164706, 3.5375285351141232, 2.3391508906419594, 1.9232700064996653, 2.741137166074958, 1.7166440570867119, 4.245708177347108, 2.2283851858788966, 2.3768417708186864, 2.2680060823208175, 2.387789542551867, 2.6682876989555404, 1.889170378255379, 2.636715641291438, 1.6797588963490342, 2.1181005825598134, 2.278651017433321, 2.88734290866876, 2.1992095644048346, 2.251394548116716, 3.0786251769253257, 2.5937229212540904, 2.1645853482930684, 2.0567149232204285, 2.280633647872687, 1.9730410223983947, 3.098888016176751, 2.4814618307336835, 2.225693086163031, 2.5670095853209984, 2.220687320272074, 2.7966222476662836, 2.160613214043241, 2.509495775962272, 2.027359846661873, 1.9903239929412355, 2.287981077030799, 3.370697070669765, 2.3639732124359516, 2.940083030348644, 2.1646144457812078, 2.3509675360197706, 1.8975338447671883, 2.3275649219565624, 2.111877328336514, 2.238017773534773, 2.092009199369217, 2.8283627977655192, 2.009780474906572, 2.6872790213777518, 2.243878676906826, 2.5330902545932035, 1.904866668714857, 2.2274918164854354, 1.9534749943052092, 3.698576949450563, 2.5675659642221635, 2.2077572974770487, 2.9103509349264582, 2.5367801258110445, 4.204738242001904, 2.367072948049538, 2.057050333521724, 2.487775545906347, 3.9731045928927395, 2.3359798056354344, 2.3787128493888146, 2.324464520983439, 2.217718715067038, 2.0551481064857926, 2.194218677950958, 3.667911750626377, 2.004401918550363, 3.066008220996869, 4.0094837683981925, 2.6443214486710804, 2.3043304072474413, 2.5461753516028076, 2.3980663389081838, 2.377563907759316, 2.092692766861487, 3.103814196690866, 2.155705834125461, 2.0912329789739506, 2.2083283665738564, 1.901877954841905, 2.913292731895619, 2.613065124622417, 3.1963353395984644, 2.0562707077492215, 2.5367099541091407, 3.4427814064512687, 1.9597723328573193, 2.0666707192088265, 2.547705920264324, 2.298537437532639, 2.1628585671835605, 2.42640064828476, 2.248734896085098, 2.7319533979241104, 2.559546518286684, 2.21687777602937]"
2.5,6000,0.6163650399180799,0.6163650399180799,0.013228178024291992,0.30713875857387346,"[3, 4, 3, 2, 2, 2, 5, 3, 3, 3, 5, 4, 4, 1, 3, 3, 3, 3, 5, 3, 3, 2, 2, 3, 3, 2, 3, 3, 2, 3, 2, 1, 1, 3, 1, 2, 4, 4, 4, 1, 3, 2, 4, 3, 5, 2, 1, 2, 5, 3, 2, 3, 5, 3, 3, 3, 3, 3, 1, 2, 3, 3, 4, 3, 2, 5, 3, 2, 3, 2, 3, 4, 2, 4, 2, 1, 3, 2, 3, 2, 2, 3, 1, 3, 3, 3, 3, 3, 2, 1, 2, 3, 5, 3, 3, 3, 3, 3, 4, 2, 2, 3, 1, 3, 1, 2, 4, 4, 3, 2, 2, 2, 2, 2, 1, 3, 2, 2, 3, 2, 2, 3, 2, 3, 2, 3, 2, 2, 2, 2, 2, 1, 3, 1, 3, 2, 4, 2, 2, 2, 1, 3, 3, 3, 1, 3, 4, 1, 2, 3, 3, 2, 4, 3, 2, 2, 1, 2, 3, 3, 2, 2, 4, 4, 2, 3, 3, 4, 3, 2, 4, 2, 3, 3, 3, 1, 3, 2, 3, 3, 4, 4, 3, 4, 2, 3, 1, 3, 2, 3, 3, 3, 2, 3, 3, 3, 2, 3, 3, 3, 4, 2, 3, 4, 2, 5, 2, 2, 2, 4, 3, 4, 3, 2, 2, 2, 3, 2, 1, 2, 3, 2, 3, 4, 1, 3, 2, 5, 3, 1, 4, 4, 2, 2, 3, 3, 4, 2, 2, 2, 2, 1, 4, 4, 2, 5, 2, 4, 1, 2, 2, 5, 2, 3, 4, 5, 3, 2, 4, 4, 2, 3, 2, 1, 4, 3, 3, 2, 3, 2, 3, 2, 3, 3, 4, 2, 5, 2, 3, 1, 3, 3, 3, 2, 3, 1, 2, 2, 3, 2, 1, 1, 1, 3, 1, 5, 2, 2, 2, 3, 3, 3, 4, 2, 4, 2, 4, 4, 2, 3, 3, 3, 3, 4, 2, 2, 2, 3, 2, 2, 2, 3, 2, 5, 2, 3, 3, 2, 2, 3, 2, 3, 3, 2, 2, 2, 4, 3, 3, 3, 4, 2, 4, 3, 1, 2, 2, 4, 2, 2, 2, 3, 3, 2, 4, 2, 1, 3, 2, 1, 2, 4, 3, 1, 3, 2, 2, 3, 3, 2, 3, 5, 2, 2, 2, 3, 2, 3, 2, 2, 4, 1, 3, 3, 2, 2, 3, 3, 2, 3, 1, 5, 2, 2, 2, 3, 4, 3, 3, 3, 2, 3, 2, 3, 2, 4, 3, 2, 3, 3, 3, 2, 2, 2, 2, 2, 2, 3, 2, 1, 3, 3, 3, 3, 3, 2, 2, 3, 3, 2, 5, 3, 3, 3, 2, 3, 4, 1, 2, 4, 4, 3, 2, 2, 3, 2, 3, 2, 1, 3, 4, 2, 2, 2, 2, 3, 3, 1, 2, 2, 2, 3, 2, 3, 4, 2, 4, 2, 3, 2, 3, 2, 3, 2, 2, 4, 3, 4, 2, 3, 3, 5, 2, 2, 3, 3, 2, 2, 2, 2, 4, 4, 2, 3, 4, 4, 2, 2, 2, 2, 2, 2, 2, 5, 2, 1, 3, 1, 2, 2, 3, 3, 1, 1, 2, 2, 3, 1, 2, 2, 3, 2, 3, 3, 2, 3, 2, 3, 3, 3, 3, 3, 2, 3, 5, 4, 4, 3, 1, 1, 3, 2, 3, 3, 2, 4, 2, 3, 1, 2, 2, 2, 3, 2, 2, 3, 2, 4, 1, 2, 2, 2, 3, 1, 3, 2, 1, 3, 3, 2, 3, 2, 1, 2, 2, 1, 1, 3, 3, 2, 4, 2, 2, 4, 3, 2, 1, 2, 3, 2, 2, 3, 3, 4, 2, 3, 4, 4, 2, 3, 2, 3, 3, 3, 2, 3, 2, 3, 1, 4, 3, 3, 3, 2, 2, 3, 2, 4, 3, 3, 2, 3, 4, 2, 1, 3, 2, 2, 3, 2, 2, 4, 2, 3, 2, 2, 2, 3, 3, 2, 4, 1, 3, 3, 4, 2, 2, 3, 3, 4, 2, 2, 2, 4, 3, 2, 2, 3, 1, 2, 1, 2, 1, 3, 2, 5, 2, 1, 2, 2, 1, 2, 3, 3, 3, 4, 2, 3, 3, 3, 3, 3, 2, 2, 2, 3, 3, 2, 2, 1, 1, 1, 2, 1, 3, 2, 2, 3, 4, 2, 3, 3, 1, 4, 3, 4, 3, 2, 3, 2, 3, 3, 2, 5, 4, 2, 2, 2, 1, 2, 1, 2, 2, 3, 4, 3, 3, 2, 2, 2, 2, 2, 2, 1, 1, 4, 2, 2, 2, 3, 2, 3, 3, 3, 2, 2, 2, 3, 3, 3, 2, 4, 3, 3, 2, 3, 3, 3, 3, 2, 1, 2, 4, 2, 2, 2, 3, 2, 3, 2, 2, 2, 4, 1, 2, 3, 2, 1, 2, 4, 2, 1, 2, 2, 1, 1, 1, 2, 4, 2, 3, 1, 1, 2, 3, 4, 2, 3, 3, 4, 2, 5, 3, 3, 2, 2, 3, 3, 1, 3, 3, 2, 2, 4, 4, 4, 3, 3, 3, 3, 5, 4, 3, 2, 3, 3, 2, 3, 3, 2, 2, 2, 3, 4, 3, 1, 3, 3, 2, 2, 3, 4, 2, 3, 2, 2, 2, 1, 2, 2, 3, 2, 2, 1, 3, 2, 5, 1, 1, 3, 4, 2, 2, 3, 3, 4, 3, 4, 3, 3, 3, 3, 5, 2, 2, 2, 4, 1, 2, 2, 2, 1, 2, 2, 3, 3, 3, 3, 3, 3, 3, 2, 3, 3, 2, 3, 1, 4, 2, 4, 2, 1, 3, 2, 3, 1, 4, 4, 3, 2, 2, 3, 4, 4, 4, 2, 3, 4, 1, 2, 4, 2, 2, 3, 4, 2, 2, 3, 2, 2, 3, 2, 2, 3, 1, 2, 2, 4, 3, 2, 1, 4, 3, 2, 3, 4, 1, 3, 3, 3, 4, 3, 2, 2, 4, 2, 3, 1, 2, 4, 2, 1, 2, 3, 1, 3, 2, 2, 2, 1, 2, 4, 1, 4, 2, 2, 3, 2, 3, 3, 2, 3, 2, 3, 4, 2, 2, 3, 2, 3, 2, 1, 4, 4, 1, 3, 2, 2, 2, 3, 3, 3, 3, 2, 2, 2, 4, 4, 3, 2, 2, 3, 1, 4, 3, 2, 1, 3, 3, 2, 2, 3, 3, 2, 2, 4, 2, 2, 2, 2, 2, 1, 2, 3, 3, 2, 2, 2, 3, 2, 2, 4, 2, 3, 3, 3, 2, 1, 3, 5, 2, 3, 3, 2, 4, 3, 3, 4, 2, 2, 2, 3, 3, 2, 2, 3, 1, 2, 2, 3, 2, 1, 3, 2, 2, 1, 2, 2, 3, 2, 1, 2, 3, 2, 3, 2, 3, 2, 2, 2, 2, 2, 2, 4, 3, 3, 2, 3, 2, 3, 3, 2, 2, 3, 5, 2, 2, 3, 2, 2, 2, 2, 3, 2, 3, 3, 3, 2, 4, 4, 2, 2, 2, 2, 3, 2, 2, 3, 2, 3, 2, 1, 3, 1, 2, 4, 2, 3, 2, 3, 2, 2, 3, 3, 2, 2, 2, 2, 2, 3, 1, 1, 2, 3, 3, 1, 3, 3, 3, 3, 1, 2, 4, 2, 3, 3, 3, 3, 3, 3, 1, 3, 3, 2, 3, 4, 2, 3, 1, 4, 3, 2, 1, 2, 4, 2, 3, 2, 2, 4, 3, 2, 2, 3, 4, 2, 3, 3, 2, 2]","[2.7844508095545644, 2.6388491294433325, 2.175201708762449, 2.592119858780364, 2.2122763014469315, 2.023674665246711, 3.3200219324007776, 2.5432511937046542, 2.3889310057601314, 2.575105003357605, 3.0613851514934476, 3.278710524651265, 2.6366794499210973, 2.184412780969265, 2.6354605421418222, 2.7689929797272956, 2.497718425997795, 3.7806005333813824, 3.709150449396096, 2.6420066627092655, 2.3924423654245874, 2.149241788822053, 2.3483919506696687, 2.5792986527747055, 1.987631133368418, 2.1285458719771144, 2.0508445086916405, 2.543658936275804, 2.414289892687321, 2.519891310534849, 2.07825411355676, 2.243176323419112, 2.035304522990261, 2.470876285619858, 2.384676516086194, 2.5849960144429707, 2.7494072911268033, 3.0364925386133246, 3.024946543028854, 2.910770111021684, 2.7242161866803123, 2.1777737533324952, 3.058197989244457, 3.0987876691395426, 2.945395872902372, 2.2486164012974488, 2.027706010256003, 2.1792335018026354, 3.9439934978798203, 2.0759858962237234, 2.0645801786124283, 2.370748844175876, 4.204917761972929, 2.2134064390204045, 3.893281845979324, 2.7091223901333237, 2.396010428292791, 2.3536868016736125, 2.2907505158958785, 2.062164625029212, 2.177213798737194, 2.809163955799387, 3.196134454665853, 2.750910729922106, 3.994332294400216, 3.636963567980847, 2.1985195441001353, 2.1188197358768344, 2.112818521886464, 2.0617644210387116, 2.398449579563914, 3.205245849653136, 2.3166404421849562, 4.007427673907102, 2.3201880802901718, 2.112020274283917, 2.877204486070478, 2.5407785433525394, 2.2828582248859473, 2.0685953427296084, 2.188133388292182, 2.8650180111323733, 2.658464067488887, 2.2774847268386935, 2.7672639421098557, 2.594530503229143, 2.4455961445971175, 2.4143114436966044, 2.165934292422584, 2.274905564882768, 2.1847262883396437, 3.0494800256092933, 2.8397251095181675, 2.9877955188305387, 2.7921320443669155, 2.743085894786614, 2.077504679656527, 2.7617469019143988, 4.228431631407541, 2.4411339979267654, 2.3060033621718814, 2.32516417602726, 2.0012989700163426, 2.2815591828895747, 2.120634457045214, 1.995295240139618, 3.397947500885055, 2.6433677035855503, 2.575077226573564, 2.2958679726144218, 2.488065856815338, 2.1914900481748343, 2.2302692286640045, 2.5509666337672936, 2.1910970226699678, 2.76289785881272, 2.6130453266104348, 2.10466340669787, 2.4868957636569284, 2.7043500055735974, 2.3512796193416747, 2.6934424810693, 2.27685747519254, 2.387543220649318, 2.406180551231729, 2.2310635682241795, 2.1027101339239818, 2.2728542175919086, 2.008490732432798, 2.381736878868943, 2.062462525350276, 2.3618620166219833, 2.382024591564026, 2.0366662885478735, 2.3103875756053656, 2.701207264562851, 4.192611439536035, 2.5046427713502264, 2.1066992252237897, 3.282848173266253, 1.9909106211141179, 3.1750632347695333, 2.7741428172525673, 2.5768838102072884, 2.5382341325358038, 2.520793943088125, 3.8966523692549755, 2.1395903217193477, 2.2902623209872446, 2.28912470360296, 2.546999449508011, 2.0815655558126793, 4.065411790375847, 3.198355492465525, 2.3994033361115146, 2.138374220821244, 2.1484873368146404, 2.0821040338397037, 2.5251658546588227, 2.178752122325596, 2.0180237613553, 2.0124561278972486, 2.5507744282757603, 2.930350487666919, 2.586561183764062, 2.2780381425186587, 2.2002965218281387, 2.558846713911584, 2.0532384479604873, 2.309674623852759, 2.083006271046742, 3.1534922449730667, 2.1993292881049893, 2.7749300430734625, 2.173158720365058, 2.194062211440685, 2.5081034825662325, 2.323415852434616, 2.3757946785798194, 2.5965664133595063, 3.2306283080605898, 2.760746763458328, 2.2795194417932194, 2.172347542874206, 2.1851747720215764, 2.276243279097123, 2.2624620167517193, 2.4816112437055304, 2.3205598953413467, 2.6495314849686333, 2.465883913054336, 3.5648135718608387, 2.5986532857422127, 3.1272079138286153, 2.4506063720620386, 2.5179197255034396, 2.9398077897880763, 2.7855566094112856, 2.2573338125633216, 3.6685183578368976, 3.3166171551221413, 2.157040772265714, 2.5600452432874077, 3.4689131537557882, 2.1939867254784833, 2.9083789642896254, 2.8563545174723024, 1.9967922242120624, 2.1280613182825787, 2.4042506468455858, 2.661956880973711, 3.4518981341596704, 2.7037445401456175, 2.1195174846804994, 2.439413699151385, 2.18717218223297, 2.5779875057899617, 2.701290868613585, 2.4921354597306675, 2.9092059372542765, 2.1103329746519304, 2.0358568781603945, 2.836674902317803, 3.268112427149914, 2.4458224797453285, 2.4674049454803297, 2.483150029852891, 4.161989728753857, 2.688709628943848, 2.5440533684989592, 3.704417970726357, 2.218466703747416, 2.152568575715474, 2.0510580720556466, 2.9101532957777, 2.295271881656332, 2.7794607390838415, 2.887459123422551, 2.054374532418746, 2.03709196591323, 2.2667366902437367, 2.5023207123855364, 3.4695814319676668, 3.485181836746411, 2.333895716779533, 4.105847584245916, 2.189399764762536, 4.363349458984434, 2.4206886043162554, 2.64023523030108, 2.1778102395787275, 3.175058562531773, 2.370363023244873, 2.1407636417799107, 2.9150610319266543, 3.160569754751635, 2.3749524662128056, 2.2434641015458285, 2.6800610292898437, 3.1712597529537687, 3.21371725752061, 2.1208404727501575, 2.0781044455476647, 2.5378396713338103, 2.509869006514486, 2.528165674381283, 2.170685164814274, 2.4276779772188695, 2.225708360055413, 2.85972211044389, 2.6879655287210142, 2.146087838884725, 2.144909935082348, 3.1053104346830818, 3.1167303510557804, 2.7345539639983114, 3.782402858382895, 2.1504057836840555, 2.0597889017921207, 2.0993660398075717, 2.6099183966395167, 2.0856303698867844, 2.4860203439174295, 2.39981538118693, 2.8083377286586915, 2.458175480809933, 2.491068083635088, 2.672210068751665, 2.625487611752228, 2.0620526406533153, 2.157852744681197, 2.9874553571677764, 2.1516103335735104, 2.976580457484475, 2.2065739563935693, 3.384974292452555, 2.036697873884665, 1.9919324819605588, 2.4485461444738332, 3.756275385829079, 2.596009473154982, 2.3589617641365797, 2.460278547834861, 2.2324241119040047, 4.103141805176737, 2.4693407838707326, 3.6348076957194193, 3.6359652935391944, 2.2880613318600997, 2.3673865791662285, 3.084591497942167, 2.18353772178903, 2.2297599552329697, 3.7801951695951423, 2.181100198143849, 2.198170680523595, 2.3675829141647116, 2.362686733306691, 2.1628460992884952, 2.421665233870435, 2.377265374284214, 2.803357422754292, 2.363945937834418, 4.390074369394426, 2.3214962967587627, 2.567106264742322, 2.3857218452831246, 2.5784305735740753, 2.0629772296030278, 2.715197180686664, 2.109365670296311, 2.8208654060468468, 2.4732462028479367, 2.1432746760548285, 2.13430399237517, 2.159377823284823, 3.3288949437795043, 2.1982625651397156, 2.4939766218867145, 2.2448392662840586, 4.274984360984644, 2.1276248663560065, 2.4250459756010327, 2.7444685016244903, 4.136481342392631, 2.3351626608951377, 2.152024169853952, 2.6843177235622013, 2.031443933416073, 2.253244285295725, 2.3784884695405135, 2.373208361520426, 2.5651713276145447, 2.403099064450727, 3.3334632419586523, 2.0912611740184186, 2.2976668085914107, 2.1575672250803852, 2.583744651268762, 2.077667993621092, 2.5388410988031, 3.324546732650971, 2.2879954131093903, 2.334559008852153, 2.4953131633888472, 2.118796764722804, 2.1046483250452734, 2.376998663035152, 2.502094571003244, 3.385728440605808, 2.3634872257696147, 4.547242168774236, 2.4165642019786207, 2.744500781137921, 3.13297380243176, 3.0627030794259062, 2.267929960574139, 1.99025558771636, 2.125204281000082, 2.1185297250572037, 2.4955098538952303, 2.7654600846059365, 2.0844843280716323, 2.168695840399215, 2.125944975478742, 2.513103334518947, 2.3944307994023126, 2.203336432281087, 2.127356746501179, 2.3500471380765036, 2.08026660542075, 3.23913861782086, 2.0903322779773257, 1.9873500922394485, 2.019070029052898, 2.5204957390252667, 3.3597938290840252, 2.449791102111932, 2.4998109819413448, 2.316811645650955, 2.755822843611232, 3.1326044148767576, 2.0032988961140905, 2.3939927603669924, 2.593234248718193, 2.666675700262148, 2.189082362202527, 2.0526186748325683, 2.2792803430360506, 2.2080637348890177, 3.2458454357463076, 2.212836704073127, 2.2574506012270583, 2.538024520755279, 2.3436509318629657, 3.0433238217608536, 2.477906863945515, 2.6378034157254566, 2.4069111824892495, 2.7968343739197072, 2.9147955255829148, 2.2699871085389995, 2.582241831884815, 2.282358742872121, 2.419410743272019, 2.191895172125064, 2.1087267850748477, 2.4315719214443505, 2.2136208704362867, 2.777117480456545, 2.5367636880446853, 2.820018458888025, 2.023941704912311, 2.6496343215467215, 2.0370553929739468, 2.522679498261039, 3.631862933612191, 2.605930834478382, 2.0203513491900598, 3.156384745329104, 2.693119363235764, 2.301053433986289, 2.2913574602726503, 2.235686639214687, 2.746685797991457, 2.2137323151768458, 2.2852485689977637, 2.3766040883381914, 2.0941971746428942, 2.314562474979829, 2.279853219194938, 2.0799848532759815, 2.2672621553921757, 2.278131364684455, 2.269515984959811, 2.3466266697374802, 2.7045778582661093, 4.056229144072251, 2.118928848858477, 2.1637930534067147, 2.3801433694716225, 2.4934023103201444, 2.4861147663104286, 2.2808011348065804, 3.233780656302573, 3.1977675211655914, 2.82902493826849, 2.346730159968591, 2.26651380168117, 2.013009226798998, 2.9497797145488636, 2.3223078802652504, 2.7973756098460174, 2.1159382917431806, 2.5128967076276436, 3.3315552067525522, 2.660289688647641, 3.728526176983691, 3.4021438162834716, 2.274520236526901, 2.798668772989778, 2.689577624665689, 2.0062711446746375, 2.063138738697038, 3.024357374369738, 2.617464500514431, 2.125818726654571, 2.4779630509025146, 2.0807701796043863, 2.2347884912526412, 2.8356094410622315, 2.956604995229917, 2.5485836555972954, 2.0807001859530687, 3.9803339716812274, 3.313189731117256, 2.138394386012654, 2.7391680928780286, 2.8859605884615065, 2.385456618713075, 2.164956448826201, 2.0668597101420185, 2.6118898377712374, 4.056918052232604, 1.9760967426510414, 2.766367751426696, 2.9658181295898225, 2.031850235702981, 2.595573375244667, 2.2755113374658693, 2.2313503740321807, 2.360483565174422, 2.0092139682768475, 2.398546203036241, 2.0380883397192866, 2.3216638539089245, 2.88053000105732, 3.654405411071138, 2.0381299749359663, 2.1846019069774254, 2.5291241773312296, 2.4226385275497186, 2.1277282365491423, 2.052419112931932, 2.3763180509925665, 2.259807304893601, 2.1383989831803007, 2.4976006769428665, 2.3586971207429777, 2.2778945728059705, 2.2368864002629167, 2.0280535414837035, 2.1730212403346134, 2.3133060287750067, 4.032163624709378, 2.3478475298564643, 3.0420237876475813, 2.7006821435676347, 2.235605758425737, 2.933745052647348, 2.3613373066595598, 2.659942102234085, 2.063241753382274, 2.711582362855843, 2.1105468935238356, 3.0868838231617843, 2.6059804655411574, 2.7127772781804875, 2.2017918062999997, 2.269324022484342, 2.477535899004826, 3.2627250792818234, 3.950973274317957, 2.818634894237533, 2.174010402939219, 2.2922964061936315, 2.0984716004975237, 2.850031522037308, 2.231299822389011, 2.6199026118582838, 2.4446783008423636, 1.995620787879521, 2.4664519924715234, 2.0760874752118323, 2.6818005691003513, 1.9936021977191236, 2.663229677274185, 2.591679883332365, 2.775026399045327, 2.4010371594419073, 2.2857938121170296, 2.2554202395119862, 3.6684980366125437, 2.4563758982610917, 2.053339684866529, 2.0443845037790007, 2.2587383561182386, 3.1731092316052805, 2.287937985224315, 2.5058010234237216, 4.09969229479649, 2.3061915300999467, 2.6082700949424122, 2.7159920516849656, 2.2048015026002017, 3.918561956497377, 2.104998015732877, 2.2744194610775863, 2.1631804531399745, 2.1485663917610625, 2.0154179710700078, 3.129979833126107, 2.5787085812555564, 3.2861465571465858, 2.5790760475617183, 2.5898513821651936, 2.251669205643734, 3.9851477204658634, 2.1588633445952548, 3.5092403914429897, 2.3420892402826534, 2.080689055883953, 2.3448027078524616, 2.4509326308177406, 2.28039491849966, 2.7129926097567645, 2.170353294133332, 2.2658884852396994, 2.6314116373265537, 3.1636721283944835, 2.1627383294809843, 2.5269221263862898, 2.7921199420781826, 2.051641320597061, 2.7669625593918576, 2.3057513116358828, 2.16998761230551, 3.1210796939689915, 2.602259515563082, 2.3495358392288876, 2.3191848530016923, 3.1535836541018463, 3.816271662628618, 2.267867606186327, 2.5542270738479504, 2.141471795971363, 2.1550664248127935, 2.1068959157301728, 2.487432656496889, 2.6023580175625938, 2.190194497563585, 2.5107666409294223, 3.0269748874399753, 2.117247166776186, 2.174112725658944, 2.0394910158122515, 2.028752185430606, 2.9923983404029504, 2.7068332154247594, 2.02232115836396, 3.4941835160434067, 2.018449083212757, 2.6795737265996302, 2.1897465385930923, 3.5411956446336665, 2.5559797045319748, 2.260041721472061, 2.5077377788478863, 2.7174335134908802, 3.0636702852252164, 2.539885561630143, 2.2383457814813132, 2.2690097543034917, 3.602239280156626, 2.292313634559154, 2.06996799442172, 2.12733772693063, 3.0909093724704597, 3.0235651226338627, 2.488908997041406, 1.9912433473396551, 2.7027323304195, 2.166494203476776, 2.1569482554912605, 2.0480085588351526, 3.966895766797586, 2.078402267011262, 1.969129304494279, 2.263171606640299, 2.166139974510152, 2.087022640591961, 2.010787492327911, 2.3650308768314465, 2.102027822280813, 2.1108429699240565, 3.516350969639954, 1.8637944108435571, 2.7156255498686015, 2.7703198197071344, 3.0898571139233475, 2.5531928669187587, 2.6159584542283305, 2.1140076018996057, 2.699150912986479, 2.612263984581328, 2.39420644896981, 2.476409431842176, 2.098025098691063, 2.4454827245240938, 2.0893211589762837, 2.3613009356958052, 2.6783619655087243, 2.3623943963526006, 2.317282035221589, 2.5225344289454403, 2.0177082142239557, 2.049324105434272, 2.079873698611688, 2.5352906198083187, 2.5580338316126445, 2.3585190026948006, 2.7139562550495704, 1.9679448543646005, 2.642056854223213, 2.825524001861721, 3.487743995015654, 2.677301151483798, 2.6165126670382572, 3.1808281736946564, 2.087163694418295, 2.8452804345704257, 2.2752350776319847, 2.194328776902581, 3.9293788541592116, 3.645814121681095, 2.164193738143927, 2.330217300001611, 2.190209761845554, 2.489795516345332, 2.9511344377127307, 1.8889054646085368, 2.081169237974026, 2.750510780691514, 3.597637443245978, 3.1762058059185714, 2.189365571934947, 2.3508742710020494, 2.723772606670076, 1.9914418290510647, 2.517644800039177, 4.292608715010801, 2.3062176365516867, 2.060997758772956, 2.0364301095377373, 2.4833202802901586, 2.2109232534203676, 2.503689787547288, 2.215006582067185, 2.2711654603722704, 2.0536014026831553, 2.3469464793947794, 3.6487641439084353, 2.2680058465039012, 2.668835687334079, 1.9963332469512256, 2.091739228445854, 2.683857944973699, 2.9476649326809654, 3.3438176594923426, 3.137373255909112, 2.520606222272403, 2.7982311763608965, 2.8068001994655356, 2.555262447575465, 2.6638012342206214, 3.346144982420513, 2.5135107160765306, 2.579319108042381, 2.1314627421366135, 2.53367526834428, 2.49309620593056, 2.450651051975118, 3.084771000528664, 2.5052267664634926, 2.465569769044274, 2.6558345813682367, 2.3740151928010462, 2.0100136515765215, 2.4203129511765673, 2.2757009027507884, 2.7513802028825967, 2.142851145402398, 2.6223873564725753, 2.208357329037253, 2.3240567129885434, 2.472164097328508, 2.1561971219904446, 2.098879522608997, 2.1771738758680748, 3.6578199781312843, 2.4028296341375848, 2.5887196973213107, 2.080721721409972, 2.3898380042934146, 2.0356096154624876, 2.420808166466735, 2.255742121646068, 2.8448140049983714, 3.0484876457068073, 2.263862488501501, 2.9369965367874533, 2.8380250361591735, 2.4534967858863537, 2.856095901029574, 2.083248903861185, 2.4241476982024714, 2.184921469915889, 2.2211837490213733, 2.5225416074310747, 3.300038621999093, 2.181044838114233, 3.7062135087451034, 2.4039646935924712, 2.6063506257692635, 2.2722181818741753, 3.115818577686619, 2.2171683480920983, 2.3642205753993357, 2.224132241260529, 2.086062389483164, 2.6538805091883675, 2.0142593634886135, 2.0850532196417775, 2.2919895530210663, 2.6687332221063405, 2.72369575391188, 2.1214349971478526, 2.51748185524804, 3.2455133523207165, 3.365670252140344, 3.8761597525488076, 2.444232109009451, 2.573056873825352, 2.4176528159086974, 2.4307603751692377, 2.264516746977676, 2.0359749935485154, 2.579562465538152, 3.013049014055645, 2.4488720528575816, 2.514741109432821, 3.0674622954220814, 2.312428759944988, 2.513594373441029, 2.61867342140105, 1.9714781049938592, 2.7030536626724655, 2.458902207459592, 2.5563741657339683, 2.282269497459482, 2.6796263261294193, 2.289226729703412, 2.049871007892164, 2.342682183196056, 2.0260281283455717, 2.042518190037048, 2.072896013021767, 2.4208615989872806, 2.522437903620564, 2.319791014811643, 2.7254567404996646, 2.6133090595978636, 2.6672351143035598, 2.1696534589970096, 2.454821371706373, 1.9589786008040058, 2.568794737086531, 2.1957817023949864, 2.3376759073146154, 2.7156679701468778, 3.167372460092288, 2.187906666841939, 2.185526853356722, 2.4840272407974164, 2.566544907165711, 2.313033971002227, 2.6609344507009327, 2.8312945834972765, 2.8042027051922447, 2.8027597517969514, 1.982031914573575, 2.3378489156511693, 3.5838036047156017, 2.9926109949581905, 2.8639551472275855, 2.053021025535995, 3.263622042024366, 2.0241484452985823, 2.0027766578678046, 1.9873716276963518, 2.0529783101300882, 2.117820490676524, 2.8975806489797136, 2.6683636647682847, 1.9927436508372476, 2.2339346494089236, 2.762620928106205, 2.1608820656189196, 2.106044870126014, 2.3241139567461806, 2.71591422631861, 2.203675165198588, 2.121480082652948, 2.233249564518952, 2.4635797173131397, 3.240369469466847, 2.064268460955433, 3.108594369031801, 2.406732149004718, 3.5053049830634357, 2.285432819979849, 3.247606840573988, 2.474434637276913, 2.327334765037117, 3.1093740211833865, 2.0551081409347662, 4.398059930633488, 3.4711192432673292, 2.2253735469241276, 2.1250291259506024, 2.2951629528021273, 2.289016193766604, 2.9045775136206626, 2.23792584498278, 2.589507348865624, 2.1606756588500238, 2.200308455436048, 3.970476638787134, 2.14025600443951, 2.1935725200246132, 3.198856372839338, 2.480618926322885, 2.6527114962191853, 2.080252248449481, 2.8746450134984283, 2.528342849646507, 2.285861611670943, 2.3287455156775048, 2.1042502814332273, 2.2584067755135626, 2.364836070053085, 2.1081467634355873, 2.6079327359085944, 2.558608045031764, 3.4067188856489814, 2.5542785589468457, 2.6165635092526256, 2.57142579294763, 2.4591342769316187, 2.382349414622601, 3.1729763149177677, 3.149293114919886, 2.0209213536652495, 2.4475975282825164, 2.4940688620107343, 2.283947827400808, 2.3651435665986873, 2.9813383469718797, 2.3017907520728587, 2.4954184173100042, 3.3063167895180787, 2.486193352253983, 1.9989677533901844, 2.127744029217538, 3.648111734280567, 2.532587891243673, 2.587467703995035, 1.9838322787706861, 2.973522016043273, 2.548520902449919, 2.6909614188496156, 2.3551896210575594, 2.2868594211741264, 2.0448590873696664, 2.2988880472110504, 2.1569737416130934, 3.066215837041491, 2.5940525874663525, 2.071372106211811, 2.258342621272353, 2.032811349239198, 2.2266750593440605, 1.9999881785394984, 3.0722686321858665, 2.212526528062087, 2.1944002367557136, 2.6238519475366204, 2.378725649642715, 2.283530039536885, 2.26675356310136, 2.250917823791842, 2.3648020296402508, 2.6411908312332963, 2.6732164453774088, 2.5886839019383583, 2.2778518574000635, 2.1680504359418116, 3.097646326342259, 2.5392606559815247, 2.295680344321694, 2.2615501649487104, 2.765161459603545, 2.5287054107046822, 2.4882713040124953, 2.374480003162257, 2.336174892801224, 2.0792406216103667, 2.2879848987488596, 2.2906568051477856, 2.7789283593532246, 2.4485544053598236, 2.7784370814079185, 2.150625089836569, 2.1901675477347124, 2.3519280726931813, 2.5822737727295064, 3.0242134807627363, 2.8277222243826756, 3.4095270712409533, 1.9879900576501388, 2.0989281521838725, 2.642200367407875, 1.9887398470582711, 4.142831808183258, 2.084660194136911, 2.3511323409769886, 2.1706089136535507, 2.3138322186047735, 2.5993740973043513, 2.548933787878551, 2.5184724208339553, 2.61247653318774, 2.143579827415682, 2.3140537630746563, 2.2639370808463153, 2.283852823753046, 2.180241361185707, 2.0121025908961356, 2.123615675296422, 2.2543911652871724, 2.038212797338431, 2.684548879413793, 2.5815114480598194, 2.5737411608009855, 2.3465151695216213, 2.191662309939536, 2.1649424012211824, 3.025228428596622, 2.9475647176828224, 2.91253483503631, 3.48351479540192, 3.48444332732095, 2.04253111131119, 2.7992318788098207, 2.4304470586596505, 2.4927634883191865, 2.6779970519033394, 2.148794931507693, 3.7976564570388853, 2.838611987090082, 2.215509972123383, 2.1492612962618347, 2.1493266790799774, 2.404829050186131, 3.088894772277589, 2.5083479501268116, 2.0764121141429692, 2.7935448067583564, 2.6251465603324813, 1.9809120708146064, 2.680356257790707, 2.7062129506190717, 2.438081200837176, 2.0209439693113795, 2.2329538754238962, 2.1000365103658263, 2.2171994321338246, 2.1741647790103884, 2.192868593148523, 2.415338276593157, 2.7270430251575792, 2.4550803903219935, 2.349889091170892, 2.4882471101612245, 2.0480961363598924, 2.343631903678253, 2.3393492191487617, 2.2183833360851577, 2.7926967807800183, 2.342868375791656, 2.059731118399146, 2.174306280867617, 2.559989790734797, 2.579230116711039, 3.7583022863588855, 2.1370222150672538, 2.5112613656098444, 2.184604800262204, 2.711433138327877, 2.314458538059994, 2.3882219555068898, 2.2582714065902425, 2.3897492733464367, 2.9342229060739777, 2.562852960951202, 2.606077694999007, 2.337141704666288, 2.275269244286764, 2.4590052860506115, 3.3707544370921085, 2.2995821962363627, 2.0418376368830886, 3.010713444847528, 2.4051928002225975, 4.39543653458425, 2.148864925159011, 2.2953727649761593, 2.282379733069231, 2.3840681977411577, 2.6133152703861056, 2.5799379021182314, 2.5104079007751396, 2.324788047341697, 2.0908764071884143, 2.2021391939174557, 2.7713834697108592, 2.1499017885608858, 2.3013915474924342, 3.041333945542994, 2.5809292492029448, 2.0846286088001196, 2.036467437663036, 2.1660792892182354, 2.1456654453884636, 2.884338145353576, 2.514895084533297, 2.137906248989514, 2.4133249356429975, 2.1994953972068823, 2.6249778590873083, 2.288730318657893, 2.4566430467157554, 2.4971829195836315, 2.08148509134194, 2.2829874809847968, 3.206630454935021, 2.467031163511789, 2.8951923425365225, 2.1313868399407827, 2.3157765080224726, 1.9749094211271092, 2.1616490833925743, 2.0655435313845665, 2.150240645798647, 2.0653707996984463, 2.732694709127637, 2.040884722214555, 2.4782466528856992, 2.2707968417185613, 2.6115514905826775, 2.00475900009213, 2.1452283043366167, 2.007155534104797, 3.5954086004267944, 2.571084596221133, 2.1884680571343673, 2.7767953512077925, 2.5446057563849096, 4.11093529428873, 2.4401993590971647, 2.0378327856307017, 2.643523242194721, 4.26311660273985, 2.195903381142872, 2.4875816713756786, 2.238536729199189, 2.1054451369506935, 2.2381520243532833, 2.1799964555009748, 3.2899345564381584, 2.0189903410295917, 2.744199926043156, 3.9236703843123557, 2.418148463677379, 2.3214040852519537, 2.5450152528581538, 2.312028258332081, 2.2516725687157564, 2.1892168205359948, 3.016526535806137, 2.3616810968934714, 2.1013084725886104, 2.147924095510008, 1.992592902638925, 2.9342653918180948, 2.405329893851287, 2.942637982115838, 2.0812989632594223, 2.316859164242471, 3.686298808677436, 2.6377991826798732, 2.0769942961606844, 2.5550168913951743, 2.2978227599429033, 2.0775994356669014, 2.4862310358871818, 2.2905649554586107, 2.68077673484313, 2.469034799180086, 2.18775914554577]"
2.75,6000,0.6258712102874545,0.6258712102874545,0.013544082641601562,0.3094239206775076,"[3, 4, 3, 2, 2, 2, 5, 3, 3, 3, 5, 4, 4, 1, 3, 3, 3, 3, 5, 3, 3, 2, 2, 3, 3, 2, 3, 3, 2, 3, 2, 1, 1, 3, 1, 2, 4, 4, 4, 1, 3, 2, 4, 3, 5, 2, 1, 2, 5, 3, 2, 3, 5, 3, 3, 3, 3, 3, 1, 2, 3, 3, 4, 3, 2, 5, 3, 2, 3, 2, 3, 4, 2, 4, 2, 1, 3, 2, 3, 2, 2, 3, 1, 3, 3, 3, 3, 3, 2, 1, 2, 3, 5, 3, 3, 3, 3, 3, 4, 2, 2, 3, 1, 3, 1, 2, 4, 4, 3, 2, 2, 2, 2, 2, 1, 3, 2, 2, 3, 2, 2, 3, 2, 3, 2, 3, 2, 2, 2, 2, 2, 1, 3, 1, 3, 2, 4, 2, 2, 2, 1, 3, 3, 3, 1, 3, 4, 1, 2, 3, 3, 2, 4, 3, 2, 2, 1, 2, 3, 3, 2, 2, 4, 4, 2, 3, 3, 4, 3, 2, 4, 2, 3, 3, 3, 1, 3, 2, 3, 3, 4, 4, 3, 4, 2, 3, 1, 3, 2, 3, 3, 3, 2, 3, 3, 3, 2, 3, 3, 3, 4, 2, 3, 4, 2, 5, 2, 2, 2, 4, 3, 4, 3, 2, 2, 2, 3, 2, 1, 2, 3, 2, 3, 4, 1, 3, 2, 5, 3, 1, 4, 4, 2, 2, 3, 3, 4, 2, 2, 2, 2, 1, 4, 4, 2, 5, 2, 4, 1, 2, 2, 5, 2, 3, 4, 5, 3, 2, 4, 4, 2, 3, 2, 1, 4, 3, 3, 2, 3, 2, 3, 2, 3, 3, 4, 2, 5, 2, 3, 1, 3, 3, 3, 2, 3, 1, 2, 2, 3, 2, 1, 1, 1, 3, 1, 5, 2, 2, 2, 3, 3, 3, 4, 2, 4, 2, 4, 4, 2, 3, 3, 3, 3, 4, 2, 2, 2, 3, 2, 2, 2, 3, 2, 5, 2, 3, 3, 2, 2, 3, 2, 3, 3, 2, 2, 2, 4, 3, 3, 3, 4, 2, 4, 3, 1, 2, 2, 4, 2, 2, 2, 3, 3, 2, 4, 2, 1, 3, 2, 1, 2, 4, 3, 1, 3, 2, 2, 3, 3, 2, 3, 5, 2, 2, 2, 3, 2, 3, 2, 2, 4, 1, 3, 3, 2, 2, 3, 3, 2, 3, 1, 5, 2, 2, 2, 3, 4, 3, 3, 3, 2, 3, 2, 3, 2, 4, 3, 2, 3, 3, 3, 2, 2, 2, 2, 2, 2, 3, 2, 1, 3, 3, 3, 3, 3, 2, 2, 3, 3, 2, 5, 3, 3, 3, 2, 3, 4, 1, 2, 4, 4, 3, 2, 2, 3, 2, 3, 2, 1, 3, 4, 2, 2, 2, 2, 3, 3, 1, 2, 2, 2, 3, 2, 3, 4, 2, 4, 2, 3, 2, 3, 2, 3, 2, 2, 4, 3, 4, 2, 3, 3, 5, 2, 2, 3, 3, 2, 2, 2, 2, 4, 4, 2, 3, 4, 4, 2, 2, 2, 2, 2, 2, 2, 5, 2, 1, 3, 1, 2, 2, 3, 3, 1, 1, 2, 2, 3, 1, 2, 2, 3, 2, 3, 3, 2, 3, 2, 3, 3, 3, 3, 3, 2, 3, 5, 4, 4, 3, 1, 1, 3, 2, 3, 3, 2, 4, 2, 3, 1, 2, 2, 2, 3, 2, 2, 3, 2, 4, 1, 2, 2, 2, 3, 1, 3, 2, 1, 3, 3, 2, 3, 2, 1, 2, 2, 1, 1, 3, 3, 2, 4, 2, 2, 4, 3, 2, 1, 2, 3, 2, 2, 3, 3, 4, 2, 3, 4, 4, 2, 3, 2, 3, 3, 3, 2, 3, 2, 3, 1, 4, 3, 3, 3, 2, 2, 3, 2, 4, 3, 3, 2, 3, 4, 2, 1, 3, 2, 2, 3, 2, 2, 4, 2, 3, 2, 2, 2, 3, 3, 2, 4, 1, 3, 3, 4, 2, 2, 3, 3, 4, 2, 2, 2, 4, 3, 2, 2, 3, 1, 2, 1, 2, 1, 3, 2, 5, 2, 1, 2, 2, 1, 2, 3, 3, 3, 4, 2, 3, 3, 3, 3, 3, 2, 2, 2, 3, 3, 2, 2, 1, 1, 1, 2, 1, 3, 2, 2, 3, 4, 2, 3, 3, 1, 4, 3, 4, 3, 2, 3, 2, 3, 3, 2, 5, 4, 2, 2, 2, 1, 2, 1, 2, 2, 3, 4, 3, 3, 2, 2, 2, 2, 2, 2, 1, 1, 4, 2, 2, 2, 3, 2, 3, 3, 3, 2, 2, 2, 3, 3, 3, 2, 4, 3, 3, 2, 3, 3, 3, 3, 2, 1, 2, 4, 2, 2, 2, 3, 2, 3, 2, 2, 2, 4, 1, 2, 3, 2, 1, 2, 4, 2, 1, 2, 2, 1, 1, 1, 2, 4, 2, 3, 1, 1, 2, 3, 4, 2, 3, 3, 4, 2, 5, 3, 3, 2, 2, 3, 3, 1, 3, 3, 2, 2, 4, 4, 4, 3, 3, 3, 3, 5, 4, 3, 2, 3, 3, 2, 3, 3, 2, 2, 2, 3, 4, 3, 1, 3, 3, 2, 2, 3, 4, 2, 3, 2, 2, 2, 1, 2, 2, 3, 2, 2, 1, 3, 2, 5, 1, 1, 3, 4, 2, 2, 3, 3, 4, 3, 4, 3, 3, 3, 3, 5, 2, 2, 2, 4, 1, 2, 2, 2, 1, 2, 2, 3, 3, 3, 3, 3, 3, 3, 2, 3, 3, 2, 3, 1, 4, 2, 4, 2, 1, 3, 2, 3, 1, 4, 4, 3, 2, 2, 3, 4, 4, 4, 2, 3, 4, 1, 2, 4, 2, 2, 3, 4, 2, 2, 3, 2, 2, 3, 2, 2, 3, 1, 2, 2, 4, 3, 2, 1, 4, 3, 2, 3, 4, 1, 3, 3, 3, 4, 3, 2, 2, 4, 2, 3, 1, 2, 4, 2, 1, 2, 3, 1, 3, 2, 2, 2, 1, 2, 4, 1, 4, 2, 2, 3, 2, 3, 3, 2, 3, 2, 3, 4, 2, 2, 3, 2, 3, 2, 1, 4, 4, 1, 3, 2, 2, 2, 3, 3, 3, 3, 2, 2, 2, 4, 4, 3, 2, 2, 3, 1, 4, 3, 2, 1, 3, 3, 2, 2, 3, 3, 2, 2, 4, 2, 2, 2, 2, 2, 1, 2, 3, 3, 2, 2, 2, 3, 2, 2, 4, 2, 3, 3, 3, 2, 1, 3, 5, 2, 3, 3, 2, 4, 3, 3, 4, 2, 2, 2, 3, 3, 2, 2, 3, 1, 2, 2, 3, 2, 1, 3, 2, 2, 1, 2, 2, 3, 2, 1, 2, 3, 2, 3, 2, 3, 2, 2, 2, 2, 2, 2, 4, 3, 3, 2, 3, 2, 3, 3, 2, 2, 3, 5, 2, 2, 3, 2, 2, 2, 2, 3, 2, 3, 3, 3, 2, 4, 4, 2, 2, 2, 2, 3, 2, 2, 3, 2, 3, 2, 1, 3, 1, 2, 4, 2, 3, 2, 3, 2, 2, 3, 3, 2, 2, 2, 2, 2, 3, 1, 1, 2, 3, 3, 1, 3, 3, 3, 3, 1, 2, 4, 2, 3, 3, 3, 3, 3, 3, 1, 3, 3, 2, 3, 4, 2, 3, 1, 4, 3, 2, 1, 2, 4, 2, 3, 2, 2, 4, 3, 2, 2, 3, 4, 2, 3, 3, 2, 2]","[2.7789178925634506, 2.4216288834031667, 2.1203586549683124, 2.6574869609429217, 2.2970126921096443, 1.9837287345036811, 3.347922297731291, 2.5521864419453855, 2.4198302674172756, 2.6366567167592465, 3.120600719700335, 3.7916158889918727, 2.421517177400943, 2.5055334975603474, 2.5766555117128123, 2.6676981406303075, 2.5718875825218697, 3.7269630016504225, 3.8643322504305315, 2.555399242431365, 2.3342149513744075, 2.255016461287038, 2.352505980807275, 2.458562416931493, 1.9845274405630224, 2.0629845236901265, 2.0802602140945456, 2.874130025155005, 2.763531499507014, 2.354514752013343, 2.176267896302699, 2.3247741808961186, 2.114209812121271, 2.7240497218388278, 2.377101083550926, 2.751696246371279, 2.766384663378399, 2.9584162595571195, 2.9488477744441446, 3.176868566686739, 2.6597586940060687, 2.2706279822117903, 2.9472707877258992, 3.0168431544821037, 3.0057152463231067, 2.180760784437552, 2.0714986111355347, 2.189494740779065, 4.050086481528716, 2.1405446197787477, 2.128196620206237, 2.4250919114140097, 4.051417084406118, 2.1624722416517437, 3.9788824532196085, 2.783761645074163, 2.404364130326571, 2.3409385272298024, 2.2446004070224514, 1.9775854132339241, 2.2770353701479356, 2.851036365235935, 3.4367506962491063, 2.7851459095901414, 4.1478424275782695, 3.889560110368407, 2.230489542845958, 2.0876457702637916, 2.100756387387934, 2.056403909346645, 2.41458764329071, 3.1975507755288612, 2.188039699223492, 4.5375756021261395, 2.5206872642742337, 2.102500287656121, 2.846736023905299, 2.464771604937998, 2.239796635978755, 2.1432417375341433, 2.1700515073932864, 2.6136213581572245, 2.69091074771161, 2.78291220599693, 2.6953495787213235, 2.462551613959545, 2.3609361184710043, 2.32370405678406, 2.3120701692510397, 2.3481589128537497, 2.2896240945524595, 2.983562776344993, 2.918470338632245, 2.9999027709342547, 2.79211505050411, 2.6112621721193574, 2.1779051551875797, 2.6111727629199946, 4.168979853162385, 2.3706843955097203, 2.21127811125047, 2.1694182317914272, 1.9546678532372255, 2.2646803521967955, 2.083681220013812, 2.0457281528512685, 3.2418844287933872, 2.55242582974388, 2.5699354220636215, 2.1741091256853937, 2.3460983879505006, 2.162718344035333, 2.3221997000130563, 2.6015402242342796, 2.2415211575916856, 2.895606132742545, 2.5562779839956407, 2.0406283619552994, 2.348654644638581, 2.6530327417947612, 2.489671314312227, 2.5517457162402795, 2.3221812580087513, 2.3791029642796206, 2.304201674996198, 2.2191077712700302, 2.2007839727335368, 2.374686160979218, 2.0169004777345245, 2.4000525096128467, 2.1328229743349714, 2.4010226415046043, 2.279030067709153, 1.9553464439878054, 2.3745073253994087, 2.6598985649729303, 4.655208806238316, 2.3878276382515042, 2.036180788969167, 3.442178579092918, 2.055307058281204, 3.205467632606413, 2.725207124218327, 2.4638380288938873, 2.3923860934476733, 2.2849667740336117, 3.8348709689722416, 2.1202132711342645, 2.3518752334009876, 2.2360701505285765, 2.7915789859970768, 2.013145145859524, 4.239449584963249, 3.5049909482392057, 2.4748959636541286, 2.1332381932618945, 2.1007763107710327, 2.067867190083908, 2.548212799766693, 2.122970359667198, 1.9960740428770358, 2.008237433596515, 2.6491322089785228, 3.034064947426171, 2.5855254327215755, 2.1164842589052455, 2.2400561841708, 2.6070925745302964, 2.0157188946437308, 2.1625790875871465, 2.1658860439866916, 3.1791681055609033, 2.054603851550963, 2.960035645943741, 2.29628724452169, 2.282677004021176, 2.403679538111876, 2.2511819119901695, 2.5706463106847477, 2.514002276925441, 3.1917787991100326, 2.922063675742616, 2.275687201770852, 2.126594039380464, 2.254459266595773, 2.2672922748792907, 2.2163748919254433, 2.6374439089163126, 2.1794770234462413, 2.447971645915939, 2.672564407688378, 3.67819875822738, 2.4162791084504986, 3.1155718265886514, 2.2720462846583747, 2.5264451530316374, 2.930940401153334, 2.7002718595922675, 2.3565691810777345, 3.6493323206453483, 3.241629526976942, 2.1007227674233206, 2.344736214177347, 3.522412129627318, 2.157263950930337, 3.026204039022773, 2.7494569508096856, 2.061090562413881, 2.067456047194868, 2.720656025285936, 2.5481033215475444, 3.4623996521067677, 2.913396305287518, 2.0861214257847647, 2.465431076945504, 2.3280397888813846, 2.3834826422570443, 2.5687275063891852, 2.558625782144536, 2.915383685626345, 2.0282422789353864, 2.040242994352931, 2.9252236339448396, 3.226797509891371, 2.3328073168158467, 2.5194895077513757, 2.356837802551712, 4.158244502952808, 2.83100792728963, 2.4576172227226474, 3.8070950792001437, 2.3528359337311056, 2.110493000040953, 2.0018494644474076, 2.879793699751571, 2.3126669424888666, 2.7007280728856564, 2.7855665017762514, 1.9946041234051188, 2.110304855585492, 2.2191182851193085, 2.537741089683487, 3.800612415361962, 3.402745240370318, 2.3841753351380075, 4.117330555830153, 2.2231833404018952, 4.591304816030892, 2.181518087645407, 2.680697381504207, 2.1353962081415476, 3.2879413886530897, 2.2503793421674345, 2.19559415089099, 2.8184297536219756, 3.1636689459658256, 2.2641698549858535, 2.193383441913634, 2.6043920298526393, 3.438667684578686, 3.2462872973999035, 2.2391195178363774, 2.098650684007812, 2.471192043515299, 2.560562559227995, 2.5702556682853235, 2.239274420139155, 2.582058061026746, 2.337015370866471, 3.0435332421214234, 2.7582316258411304, 2.1246512119305168, 2.186535906332492, 3.0499145321140535, 3.1204736629069965, 2.631268177133772, 3.868198430195596, 2.174529341176699, 2.060719748859281, 2.130145498022673, 2.4848327220798616, 2.0822090919109812, 2.4285113259829023, 2.4739957849185714, 2.8563115175807847, 2.480341383572583, 2.29886097854073, 2.6556715707796537, 2.7563999000015613, 1.9778300611132742, 2.158260257199923, 3.0872814994909836, 2.1718978082180493, 3.124235531557506, 2.1773988988033683, 3.517800165577695, 1.9552774407397835, 1.9751304527869626, 2.6221292112836547, 3.662075013034537, 2.918341265559494, 2.202527117264072, 2.4633324332982784, 2.3330442422093913, 4.07673439884144, 2.231117949047626, 3.5863306495755745, 4.07639990729192, 2.367051802262388, 2.388953346123337, 3.292375079780421, 2.180091479980458, 2.2219557235065666, 3.8447573814564566, 2.273728982669376, 2.057135016148853, 2.310580234611484, 2.2588847742056957, 2.147351470989931, 2.2573286694466317, 2.2591169353238936, 2.9190125804419496, 2.2405816082004586, 4.322489987011533, 2.3388932987294266, 2.5038314614890087, 2.1799644102494593, 2.509791640979102, 1.9758101478529997, 2.6811611503448574, 2.1082996970012258, 2.541330256848354, 2.3057141963898613, 2.190108392673257, 2.228339105932549, 2.0735713535543825, 3.2154514504279548, 2.0569342794273355, 2.3331853710366026, 2.1483339812622786, 4.401100423008087, 2.068409546622078, 2.5123966603377714, 2.948639596170866, 4.136027489285605, 2.235887273827398, 2.248937902438572, 2.696796483596951, 2.122643890936299, 2.1113390534448317, 2.286755294976321, 2.7166326773165093, 2.4997939849436706, 2.3347505675500932, 3.152263867646323, 2.0699076946954587, 2.266756277347879, 2.1182054586069667, 2.3709052320494344, 2.099604183435022, 2.48204849010876, 3.5305314492499464, 2.250619372156717, 2.3827262669295495, 2.4268424793292254, 2.0876959544441713, 2.1965496825140174, 2.4238526390978223, 2.3647831710220095, 3.251697271126756, 2.3974721107427555, 4.462349000299912, 2.2684726940021527, 2.4522827530687645, 3.067423642359405, 3.0657348945963316, 2.3447654303116456, 1.9787938979546658, 2.0736977046295673, 2.088279345541083, 2.426412777284726, 2.7533605043422815, 2.006768618440055, 2.29046014299551, 2.173840613640178, 2.3693441773154826, 2.401321564830522, 2.270680634935266, 2.146939483697617, 2.2302672095048983, 2.0939270980295923, 3.2991341814860076, 2.0719370174895544, 2.063085606240025, 1.915844116691142, 2.353194280767108, 3.5193930912824998, 2.4020814091226432, 2.396669508510632, 2.265609863849273, 2.639262543234352, 3.0964947288348688, 1.950298693032936, 2.4377730165660365, 2.755471591454368, 2.5356908056543523, 1.9990457230441359, 1.9984400766928763, 2.5572961284041353, 2.278985894132013, 3.217436377976557, 2.271971513352398, 2.2394052400377173, 2.392844024093636, 2.4563846655766155, 2.986643839607906, 2.3682923417233304, 2.61221568965053, 2.498564901692079, 2.6848183234777183, 2.9680573275829554, 2.2120172235956104, 2.452132568820371, 2.379510025041597, 2.295702143763883, 2.255329702941684, 2.1096954445180307, 2.4825627015225527, 2.2854782498125505, 2.823217792887364, 2.8809863342173267, 2.828838914636219, 1.9831453434067696, 2.503630455396617, 2.294894333840727, 2.3353643179976245, 3.7966556648719, 2.400380132804021, 2.0741173161090876, 3.538705612473284, 2.577577949995106, 2.3000362115896036, 2.1653302532863155, 2.2745376531777035, 2.8923195810718556, 2.247969156802273, 2.1786761087559863, 2.277827802816197, 2.063493529140705, 2.2215803189364536, 2.190463118122619, 2.016598444771888, 2.2179703219931275, 2.1318328312906396, 2.273724472965624, 2.2160263798461535, 2.930540957061172, 4.417916715958669, 2.087407395406989, 2.2708606617376224, 2.4758893872354424, 2.3396241240854856, 2.5192934571687062, 2.2663364301493187, 3.3259100570602405, 3.3353165469147332, 2.988170920007241, 2.3691806558134827, 2.141661034899381, 2.084973286223487, 2.913029763027739, 2.6719445925689325, 2.5147033083303034, 2.093940748390144, 2.5946266212881492, 3.2982843755864826, 2.569641517135659, 3.8300123333184377, 3.649223177652522, 2.1428025023469557, 2.765710185921826, 2.6508451715164147, 2.0217495241636927, 2.1313456775250503, 2.890121618399302, 2.53107135667695, 2.077539426343811, 2.3343740945039158, 2.014882773105164, 2.0550817055800246, 3.1423862557006084, 2.820834344488622, 2.728806658904639, 2.0929798716249293, 4.163204140881419, 3.369029488918788, 2.1228259850252718, 2.7670651952165253, 2.8137486425755966, 2.4274206246996735, 2.244502148245415, 2.0452724308362193, 2.853337647103262, 4.123518172375333, 2.0097261721360744, 3.1069953852409933, 3.06727062698429, 2.1217562582458367, 2.5854467476327074, 2.290937069144212, 2.3094696099451557, 2.4595280174602125, 1.937376266585217, 2.3078359104873156, 2.1081281167615313, 2.273642246565206, 2.819337096004316, 3.617638004161587, 2.108037157934594, 2.086778184196764, 2.619853108033547, 2.444871259357855, 2.0681837178103706, 1.9988760517599231, 2.3694411094895362, 2.0783682695915653, 2.2111282820375946, 2.403212226049092, 2.3079469293692005, 2.1167979100326173, 2.128442672076476, 1.9741623751188406, 2.2030664250604435, 2.3512126338470463, 4.221082174450503, 2.2626919799905023, 2.808099711639443, 2.7563380819765313, 2.1312404401326326, 2.9724644890000067, 2.586678533592904, 2.6721047625347847, 2.053176439245989, 2.547610712093881, 2.027774938755602, 2.9602024415632218, 2.697275309991037, 2.5315514924324423, 2.233376556729361, 2.341719877864865, 2.5922198578042672, 3.3123563961713174, 3.99587342606768, 2.752401390895862, 2.2060895173322472, 2.163278974913304, 2.1320995445461994, 2.9977850382519726, 2.211693608193538, 2.709897382547002, 2.466790903679598, 1.9670727553247809, 2.51849080603421, 2.06237851801096, 2.4554188279952025, 1.9714826901756286, 2.5462997779141907, 2.563642298949396, 2.5856316920005633, 2.4713266138246373, 2.2616474735021197, 2.2338622830595116, 3.7815053870456286, 2.374651636958856, 2.085177254579614, 2.035061759668751, 2.246960086503983, 3.120722210882985, 2.2507448326076656, 2.30735306418626, 4.413967848758911, 2.266765464225641, 2.619825507442765, 2.458666221478958, 2.121959735068884, 4.001598172179333, 2.0957957907805516, 2.280278222760996, 2.172541406560131, 2.1565020386030067, 2.0017668108388342, 3.2305347506905857, 2.4598515230649913, 3.796771702756761, 2.721867294821229, 2.513452468537018, 2.657963303554126, 4.10302260985105, 2.1767887474208063, 3.8723921669964048, 2.366275265298898, 2.1709483731824726, 2.3603472589915704, 2.349277706066594, 2.242097544121541, 2.6956236415779484, 2.1413189506184493, 2.324099030624633, 2.6434307759766003, 3.3755411974166996, 2.244163909623914, 2.6346996394036375, 2.591070156448581, 2.078519450337632, 2.739839292444751, 2.1525173820771175, 2.20969387338181, 3.2999188276515774, 2.6161148987999363, 2.343513453424982, 2.2604252107138167, 3.087283103370376, 3.7055768463594996, 2.2449117173137365, 2.5133353133044336, 2.2719912603004007, 2.082990296909358, 2.0357510869246678, 2.453690001967682, 2.745867692271054, 2.1187089589732455, 2.4892543614481877, 3.004782163825348, 2.114898189469009, 2.2786260859597713, 2.105063745247109, 2.087845885238095, 2.8182235333501238, 2.6817928137305156, 2.0646298741021507, 3.577932607778304, 2.073089045007369, 2.6447685529961484, 2.286921208370577, 3.576598581788705, 2.4315622235718704, 2.3099747564790762, 2.3031219104780143, 2.6244497145573673, 2.8990421011456347, 2.635655065347474, 2.2959581563534983, 2.292096597240366, 3.7464833953178927, 2.163241336778019, 2.038481883928619, 2.069036848876822, 3.1743907016687904, 3.088014845074338, 2.762598549708281, 1.9766359781983476, 2.734510999467595, 2.484963628790908, 2.160236259302365, 2.1050886146812395, 4.129837748551671, 2.038688671016626, 2.0249476613474284, 2.29276886482358, 2.5584976080034743, 2.001223266508121, 1.933938650229222, 2.2568441964986286, 2.1243304061211994, 2.110256375439965, 3.707150741758844, 2.127801511570288, 2.5608234698624157, 2.7556048272555635, 2.984329587834254, 2.4879603685476006, 2.53436155700308, 2.1812869140600437, 2.7682406036215825, 2.474856688121794, 2.2576009180910495, 2.3715637229818185, 2.133074999552326, 2.361183902861628, 2.001385860498294, 2.2649928527877483, 2.6525999170505616, 2.37781382230673, 2.2125584213811162, 2.348740434758428, 2.3523812313809556, 2.083581779533413, 2.1424192443283094, 2.489805082488665, 2.349130466471826, 2.2524376208151136, 2.632046344862313, 2.027535283148246, 2.6614978770822564, 2.738866984434156, 3.527115780495735, 2.704639746768396, 2.6952575121489253, 3.1080659329484375, 2.0788592978706504, 3.077774441067122, 2.4171185674971114, 2.2344608707145457, 4.055911105710493, 3.8182008515955577, 2.168224226264406, 2.2804717442741804, 2.2434595215588433, 2.2643754823983167, 2.802345909210284, 2.228830748327664, 2.024379120049861, 2.5577756906807596, 3.622374320597131, 3.0639797534747153, 2.2453037901877897, 2.347082952815016, 2.9255402089711775, 2.054146549109928, 2.4373668016240657, 4.340551437096597, 2.288754180538039, 2.0580788063668107, 2.111750787282676, 2.4254085251246833, 2.1851633419503953, 2.4068284458701465, 2.304496689948738, 2.1314987383725343, 2.15218152191636, 2.3708837192755117, 3.6168658688182203, 2.2163456091533416, 2.6285832374992584, 2.3890424881478647, 2.0740473849807057, 2.619856757737187, 2.917649844133926, 3.2455746901006792, 3.394015739109534, 2.3633210664778224, 2.7025030921659714, 2.741452258170347, 2.6435591508678247, 2.494741269833807, 3.1342819927805103, 2.442985434886876, 2.5364619152410146, 2.153521507072969, 2.6027722715348705, 2.4260971933772613, 2.4053867874090815, 3.2016392428051876, 2.47754021909297, 2.445554559691834, 2.852543655299769, 2.37447207357258, 1.9356292298057562, 2.825511933823825, 2.270580679477237, 2.7841202704036356, 2.191033663499004, 2.5706264361128137, 2.281757428526399, 2.287047473093019, 2.549770937215426, 2.1398314811831947, 2.0905298110080377, 2.1398670278387195, 3.8133731499762007, 2.311522292309056, 2.4379806299533544, 2.092932823955824, 2.4113552643951466, 1.9576549162852621, 2.597066267471487, 2.243137688453442, 2.6194403750166186, 3.1512951864261565, 2.212338251567134, 2.8143244465671398, 2.7764414611190875, 2.3436758969317335, 3.2225485624895027, 2.165355973581433, 2.8171343122117234, 2.1550227095972687, 2.2692882824251868, 2.3487247522020596, 3.603670803310913, 2.214538551451524, 3.7511486368263456, 2.36322705766664, 2.5178106104702547, 2.2071430850762526, 3.0421776777173126, 2.145989088372292, 2.304866614892374, 2.2032030956201334, 2.1830263508454415, 2.6226229752806716, 2.004297975436725, 2.083469969443016, 2.5822914822013323, 2.4026094249357337, 2.660173760436298, 2.121301431701759, 2.281834408463289, 3.243677743958573, 3.3085767992540314, 4.356686371078071, 2.480492513805299, 2.4128872127920933, 2.3440386279240277, 2.237458870527627, 2.146023922081123, 2.1127450613564447, 2.3800418893897755, 2.9433658191148444, 2.4579413481103343, 2.287822008484817, 3.0415965037223, 2.45933745478076, 2.7086693748679704, 2.515371085062321, 2.0198163289036257, 2.711763247426957, 2.500799482383407, 2.3527562735042444, 2.1851843696489515, 2.529111473478156, 2.291745694180171, 2.0979392143563125, 2.364979886142852, 2.0565314019934107, 1.94256202403613, 1.9727737822839815, 2.3370285252272676, 2.4399397219436363, 2.443253424969133, 2.6373614327910353, 2.415033318602172, 2.6444944088277618, 2.4598334239868165, 2.468059077731728, 2.309577270993362, 2.4035657239426618, 2.231286721305543, 2.3759169009543073, 2.8777163669022707, 3.145783949504998, 2.1402364089168984, 2.1775170412002556, 2.35492139416347, 2.5050578373970325, 2.195918615543072, 2.778305788283561, 2.8793479435191625, 2.5777326066911272, 2.762678764493255, 1.9967598345305233, 2.2196505641554802, 3.629034858574487, 2.936381703485393, 2.6345761673208767, 2.075505263003589, 3.3282927826245707, 1.9826936857833541, 2.029383792603923, 2.063038558570919, 2.153542767809154, 2.0898287821102994, 2.8042473399468912, 2.5454519106781652, 1.973358323917312, 2.289065668013014, 3.0458909405886274, 2.1516422184123773, 2.1207385961167313, 2.3276009769784958, 2.7754497443455954, 2.2140421823226406, 2.081833814873592, 2.197065928805038, 2.6620460626645097, 3.210159168816488, 2.010254869348855, 2.862313085373726, 2.3913089612132348, 3.575036997103558, 2.3217474929893496, 3.363280565882897, 2.2199896070484737, 2.3578302273224736, 3.08105082154069, 1.9981855146836442, 4.577841413868665, 3.5717770575747076, 2.168409716776835, 2.074080359004961, 2.2722263530092435, 2.248389312641103, 2.947540971488137, 2.126171837914304, 2.47044492170337, 2.0611047351059235, 2.2213973012595094, 4.158818684589792, 2.142575869263755, 2.3140572216231488, 3.4567246135711134, 2.702765356335376, 2.547232685990125, 2.0939584631423296, 2.8546862815471226, 2.6115242470902422, 2.1773368184421087, 2.317482591609481, 2.1194750866694836, 2.2373163235294213, 2.2386369712107532, 2.1109625950726127, 2.4332722812193857, 2.3582441590411296, 3.37861030035695, 2.4781178962610966, 2.3927035759290503, 2.4520022445530314, 2.529293455456956, 2.356264625628646, 3.1330946936871653, 3.0934415319093613, 2.067687972594026, 2.525496372152664, 2.4109280437824383, 2.181517787969975, 2.331461612883717, 2.8788574373550397, 2.372552160748852, 2.4079797231851434, 3.5467959847474275, 2.2722449891840757, 2.0377049570130974, 2.0681492161863595, 3.6962725499307627, 2.4826654017545606, 2.4510839648628275, 1.9928266493932807, 2.727333228334522, 2.369912990171483, 2.5263938904874763, 2.259711190458866, 2.1751569431068747, 2.0933363295946767, 2.226822661123017, 2.2347118288725674, 2.9693788119451687, 2.5822184460174724, 2.035414375902923, 2.2971573983425384, 2.0603451770461927, 2.2300618047484946, 1.95753148803013, 3.1617462036063935, 2.283017296866312, 2.4967585200916056, 2.857514902428277, 2.3745494771623017, 2.182430512750627, 2.1411372375166704, 2.1757329568657817, 2.392553402236513, 2.4792373713674833, 2.5855645899856308, 2.7559817733507983, 2.1948354148381823, 2.146349914701493, 3.0803619262791697, 2.3901434878869647, 2.15588621784115, 2.25904554092068, 2.7540128986872148, 2.413203118771341, 2.4990871107743593, 2.295512434452542, 2.2233077363006357, 2.1334341487212285, 2.3623670628230835, 2.5176270522747797, 2.723936892083531, 2.1985849498011643, 2.6219396507535495, 2.0961060454844667, 2.282920865364463, 2.344780753540107, 2.5300069750397025, 3.140782887753712, 3.046523286934279, 3.4030981454244595, 1.983743312744593, 2.131102133961157, 2.4826204633006443, 2.0600494633270654, 4.369030659786526, 2.162272782999368, 2.2685749713183934, 2.130392354532937, 2.1941747152748845, 2.47060281574312, 2.501472004169684, 2.290038512763214, 2.4640241873744935, 2.0946358813286716, 2.327533337958114, 2.2252344821030587, 2.2475874199256696, 2.187292909864915, 1.9310656059024962, 2.2330566415442803, 2.2557203578190284, 2.1264890311018187, 2.867756839292759, 2.872070346934146, 2.5266020880240845, 2.6190598759827703, 1.9934094122852644, 2.1020932001938766, 2.9910190318778027, 2.864329022011842, 2.9308216375030844, 3.7857646861863383, 3.5343266199140126, 1.9425337954346666, 2.8528495192056362, 2.4816072071556494, 2.676233607470994, 2.3857840368919287, 2.1780485068258106, 3.7479437440518204, 3.022732848923127, 2.2661313293607352, 2.0687750639368634, 2.214152442785463, 2.7627620076224213, 3.082349285152606, 2.301788893186684, 2.1802920402668793, 2.8500539687452315, 2.4363444753839305, 1.9992063133240237, 2.458574158336563, 3.0418462878273784, 2.349719385603735, 1.989694378946293, 2.339819189289116, 2.128680747257847, 2.1844962461242154, 2.197155242881066, 2.174926564828166, 2.4987873713364537, 2.751858996113863, 2.6806142094049212, 2.2582318609592753, 2.4236465969973655, 2.1048972874935425, 2.207016696744944, 2.216372909874445, 2.2160948607626842, 2.668731230250334, 2.3832059304983693, 1.9829017998428764, 2.2561574834224944, 2.3821229832479496, 2.7055889293372077, 3.6514085859232113, 2.2037678992702996, 2.7137662056877625, 2.255704461571439, 2.7673284923719, 2.270750605826897, 2.3807007396500666, 2.265876158667269, 2.355318318139505, 2.774208879610875, 2.4634434014925266, 2.464944288999297, 2.493660392772393, 2.328731584680398, 2.409570914982188, 3.3929773542978925, 2.314985151238663, 1.9492328789192679, 2.866855939580029, 2.477824928763393, 4.336695860101172, 2.099951408306045, 2.318997253753809, 2.2611737775712952, 2.3797966828456896, 2.550504171336786, 2.7065754128929185, 2.449359524930191, 2.5820885637234547, 2.070748279716815, 2.3160782530104536, 2.8098242762176175, 2.185998553712565, 2.1434091759942993, 2.990991044233279, 2.3770559306571957, 2.16234178624739, 2.111669237989559, 2.1402880476015174, 2.093896960472647, 2.75340520546618, 2.3654298112458827, 2.123892398858336, 2.36653780436553, 2.1607816027912667, 2.592601402648936, 2.1303911045807937, 2.3653988413004448, 2.744522835237843, 2.0236890875696427, 2.241213242481412, 3.3183127208628553, 2.3900057504422287, 2.9812179531205185, 2.1940335325043185, 2.2678712884776235, 2.012320066959439, 2.2279107308595654, 2.1260920211415724, 2.180074188512572, 2.145102193315519, 2.7215388624429004, 2.024074783332975, 2.502022404175049, 2.2102482312372334, 2.4036531367856004, 1.9471088610675646, 2.1078961913623733, 2.0198174332190826, 3.6944872609911945, 2.5803569524331227, 2.1338258844694793, 2.7152052447115347, 2.378466256414912, 4.204881165841389, 2.372726264348911, 2.108686415768253, 2.6039118377493558, 4.2360491012840935, 2.1530767083799236, 2.26921198278239, 2.2955410003540937, 2.194808918757104, 2.268506895456879, 2.2861760829150723, 3.3052690752847704, 2.071906580257177, 2.7218625538161465, 4.0096783282254735, 2.536739565804438, 2.177632754817295, 2.4606999087086514, 2.3540041288806552, 2.280624738483861, 2.115660774611252, 2.892711386291373, 2.2324852915278703, 2.136270095348123, 2.120639614011431, 1.9736876576010525, 2.671633084793957, 2.46194844511622, 2.8209077829281477, 2.1475701823758175, 2.404128242116828, 3.652235851681131, 2.773322136116437, 2.0231317977550427, 2.4709312677674626, 2.229149952488116, 2.1776981454435145, 2.3501068493583124, 2.167061607509408, 2.513149485666202, 2.454571148118662, 2.218502879045445]"
3.0,6000,0.6184210424442175,0.6184210424442175,0.013222932815551758,0.30657130135987243,"[3, 4, 3, 2, 2, 2, 5, 3, 3, 3, 5, 4, 4, 1, 3, 3, 3, 3, 5, 3, 3, 2, 2, 3, 3, 2, 3, 3, 2, 3, 2, 1, 1, 3, 1, 2, 4, 4, 4, 1, 3, 2, 4, 3, 5, 2, 1, 2, 5, 3, 2, 3, 5, 3, 3, 3, 3, 3, 1, 2, 3, 3, 4, 3, 2, 5, 3, 2, 3, 2, 3, 4, 2, 4, 2, 1, 3, 2, 3, 2, 2, 3, 1, 3, 3, 3, 3, 3, 2, 1, 2, 3, 5, 3, 3, 3, 3, 3, 4, 2, 2, 3, 1, 3, 1, 2, 4, 4, 3, 2, 2, 2, 2, 2, 1, 3, 2, 2, 3, 2, 2, 3, 2, 3, 2, 3, 2, 2, 2, 2, 2, 1, 3, 1, 3, 2, 4, 2, 2, 2, 1, 3, 3, 3, 1, 3, 4, 1, 2, 3, 3, 2, 4, 3, 2, 2, 1, 2, 3, 3, 2, 2, 4, 4, 2, 3, 3, 4, 3, 2, 4, 2, 3, 3, 3, 1, 3, 2, 3, 3, 4, 4, 3, 4, 2, 3, 1, 3, 2, 3, 3, 3, 2, 3, 3, 3, 2, 3, 3, 3, 4, 2, 3, 4, 2, 5, 2, 2, 2, 4, 3, 4, 3, 2, 2, 2, 3, 2, 1, 2, 3, 2, 3, 4, 1, 3, 2, 5, 3, 1, 4, 4, 2, 2, 3, 3, 4, 2, 2, 2, 2, 1, 4, 4, 2, 5, 2, 4, 1, 2, 2, 5, 2, 3, 4, 5, 3, 2, 4, 4, 2, 3, 2, 1, 4, 3, 3, 2, 3, 2, 3, 2, 3, 3, 4, 2, 5, 2, 3, 1, 3, 3, 3, 2, 3, 1, 2, 2, 3, 2, 1, 1, 1, 3, 1, 5, 2, 2, 2, 3, 3, 3, 4, 2, 4, 2, 4, 4, 2, 3, 3, 3, 3, 4, 2, 2, 2, 3, 2, 2, 2, 3, 2, 5, 2, 3, 3, 2, 2, 3, 2, 3, 3, 2, 2, 2, 4, 3, 3, 3, 4, 2, 4, 3, 1, 2, 2, 4, 2, 2, 2, 3, 3, 2, 4, 2, 1, 3, 2, 1, 2, 4, 3, 1, 3, 2, 2, 3, 3, 2, 3, 5, 2, 2, 2, 3, 2, 3, 2, 2, 4, 1, 3, 3, 2, 2, 3, 3, 2, 3, 1, 5, 2, 2, 2, 3, 4, 3, 3, 3, 2, 3, 2, 3, 2, 4, 3, 2, 3, 3, 3, 2, 2, 2, 2, 2, 2, 3, 2, 1, 3, 3, 3, 3, 3, 2, 2, 3, 3, 2, 5, 3, 3, 3, 2, 3, 4, 1, 2, 4, 4, 3, 2, 2, 3, 2, 3, 2, 1, 3, 4, 2, 2, 2, 2, 3, 3, 1, 2, 2, 2, 3, 2, 3, 4, 2, 4, 2, 3, 2, 3, 2, 3, 2, 2, 4, 3, 4, 2, 3, 3, 5, 2, 2, 3, 3, 2, 2, 2, 2, 4, 4, 2, 3, 4, 4, 2, 2, 2, 2, 2, 2, 2, 5, 2, 1, 3, 1, 2, 2, 3, 3, 1, 1, 2, 2, 3, 1, 2, 2, 3, 2, 3, 3, 2, 3, 2, 3, 3, 3, 3, 3, 2, 3, 5, 4, 4, 3, 1, 1, 3, 2, 3, 3, 2, 4, 2, 3, 1, 2, 2, 2, 3, 2, 2, 3, 2, 4, 1, 2, 2, 2, 3, 1, 3, 2, 1, 3, 3, 2, 3, 2, 1, 2, 2, 1, 1, 3, 3, 2, 4, 2, 2, 4, 3, 2, 1, 2, 3, 2, 2, 3, 3, 4, 2, 3, 4, 4, 2, 3, 2, 3, 3, 3, 2, 3, 2, 3, 1, 4, 3, 3, 3, 2, 2, 3, 2, 4, 3, 3, 2, 3, 4, 2, 1, 3, 2, 2, 3, 2, 2, 4, 2, 3, 2, 2, 2, 3, 3, 2, 4, 1, 3, 3, 4, 2, 2, 3, 3, 4, 2, 2, 2, 4, 3, 2, 2, 3, 1, 2, 1, 2, 1, 3, 2, 5, 2, 1, 2, 2, 1, 2, 3, 3, 3, 4, 2, 3, 3, 3, 3, 3, 2, 2, 2, 3, 3, 2, 2, 1, 1, 1, 2, 1, 3, 2, 2, 3, 4, 2, 3, 3, 1, 4, 3, 4, 3, 2, 3, 2, 3, 3, 2, 5, 4, 2, 2, 2, 1, 2, 1, 2, 2, 3, 4, 3, 3, 2, 2, 2, 2, 2, 2, 1, 1, 4, 2, 2, 2, 3, 2, 3, 3, 3, 2, 2, 2, 3, 3, 3, 2, 4, 3, 3, 2, 3, 3, 3, 3, 2, 1, 2, 4, 2, 2, 2, 3, 2, 3, 2, 2, 2, 4, 1, 2, 3, 2, 1, 2, 4, 2, 1, 2, 2, 1, 1, 1, 2, 4, 2, 3, 1, 1, 2, 3, 4, 2, 3, 3, 4, 2, 5, 3, 3, 2, 2, 3, 3, 1, 3, 3, 2, 2, 4, 4, 4, 3, 3, 3, 3, 5, 4, 3, 2, 3, 3, 2, 3, 3, 2, 2, 2, 3, 4, 3, 1, 3, 3, 2, 2, 3, 4, 2, 3, 2, 2, 2, 1, 2, 2, 3, 2, 2, 1, 3, 2, 5, 1, 1, 3, 4, 2, 2, 3, 3, 4, 3, 4, 3, 3, 3, 3, 5, 2, 2, 2, 4, 1, 2, 2, 2, 1, 2, 2, 3, 3, 3, 3, 3, 3, 3, 2, 3, 3, 2, 3, 1, 4, 2, 4, 2, 1, 3, 2, 3, 1, 4, 4, 3, 2, 2, 3, 4, 4, 4, 2, 3, 4, 1, 2, 4, 2, 2, 3, 4, 2, 2, 3, 2, 2, 3, 2, 2, 3, 1, 2, 2, 4, 3, 2, 1, 4, 3, 2, 3, 4, 1, 3, 3, 3, 4, 3, 2, 2, 4, 2, 3, 1, 2, 4, 2, 1, 2, 3, 1, 3, 2, 2, 2, 1, 2, 4, 1, 4, 2, 2, 3, 2, 3, 3, 2, 3, 2, 3, 4, 2, 2, 3, 2, 3, 2, 1, 4, 4, 1, 3, 2, 2, 2, 3, 3, 3, 3, 2, 2, 2, 4, 4, 3, 2, 2, 3, 1, 4, 3, 2, 1, 3, 3, 2, 2, 3, 3, 2, 2, 4, 2, 2, 2, 2, 2, 1, 2, 3, 3, 2, 2, 2, 3, 2, 2, 4, 2, 3, 3, 3, 2, 1, 3, 5, 2, 3, 3, 2, 4, 3, 3, 4, 2, 2, 2, 3, 3, 2, 2, 3, 1, 2, 2, 3, 2, 1, 3, 2, 2, 1, 2, 2, 3, 2, 1, 2, 3, 2, 3, 2, 3, 2, 2, 2, 2, 2, 2, 4, 3, 3, 2, 3, 2, 3, 3, 2, 2, 3, 5, 2, 2, 3, 2, 2, 2, 2, 3, 2, 3, 3, 3, 2, 4, 4, 2, 2, 2, 2, 3, 2, 2, 3, 2, 3, 2, 1, 3, 1, 2, 4, 2, 3, 2, 3, 2, 2, 3, 3, 2, 2, 2, 2, 2, 3, 1, 1, 2, 3, 3, 1, 3, 3, 3, 3, 1, 2, 4, 2, 3, 3, 3, 3, 3, 3, 1, 3, 3, 2, 3, 4, 2, 3, 1, 4, 3, 2, 1, 2, 4, 2, 3, 2, 2, 4, 3, 2, 2, 3, 4, 2, 3, 3, 2, 2]","[2.6520358378346396, 2.6207438587904215, 2.2263764420595145, 2.6015522068602044, 2.2342929274885233, 1.9719128703500783, 3.512275660072068, 2.557481108101843, 2.3925685298558657, 2.698772573368695, 3.1363577838349253, 3.7712011372990393, 2.605035198119605, 2.2264842826297886, 2.5486167013747303, 2.864618310218627, 2.568155864970718, 3.655517655246135, 3.92762923215542, 2.651076726401123, 2.4101498604714355, 2.1619780845652246, 2.3285399358786254, 2.5510725328923782, 1.9070014977464356, 2.1162313209483044, 2.0080596432544966, 2.499396159192161, 2.657743471334885, 2.4579519633791675, 2.0447064445222267, 2.1442213531708734, 1.975650619275521, 2.5341070535255974, 2.2553337372039803, 2.7533117426067064, 2.791058274559563, 3.005254791626791, 3.1187753122466777, 3.1563123385509915, 2.5413028953181023, 2.2112238979063026, 2.943396702277064, 3.191906363082719, 3.0117293854828127, 2.1717470800243075, 1.9591575038291165, 2.2245265427064664, 4.1796077834102165, 2.028425258991606, 2.026447418797411, 2.4533413714099312, 4.02079793873647, 2.21853788061322, 3.827381785511136, 2.7049472921936366, 2.4073328403917422, 2.3395824784169164, 2.23910220999939, 2.041926328768593, 2.182332048233286, 2.8958118974220337, 3.4999851358816105, 2.8166490283500427, 3.9868334748182748, 3.9191128202210965, 2.2267657063862796, 2.1293070517400725, 2.1167913717481914, 2.030833390148814, 2.3292475990034833, 3.0396402710033685, 2.2930962906916355, 4.172004740730943, 2.468613809419359, 2.1151266066583623, 2.5817248663296986, 2.480996196655722, 2.200187347126645, 1.9961925594048355, 2.2430874757853347, 2.638761823452689, 2.697071882458919, 2.5360009110386854, 2.7880914894628908, 2.561029867626851, 2.323524166538506, 2.4339492977423833, 2.2187218483339324, 2.3503061815010957, 2.131646896980387, 3.1042340917001625, 2.993029835796577, 3.0909168640242797, 2.7739618970530118, 2.6214288464611086, 2.04314348161415, 2.671897599969552, 4.226282694084393, 2.3142182494536336, 2.2709123976151173, 2.310872748134649, 1.935506108637035, 2.2199334580118246, 2.133091697555799, 1.9127268783884732, 3.1086560054325583, 2.653915210762918, 2.4201816798994398, 2.249128562899418, 2.4018374969516363, 2.2500878728717026, 2.2447398005198185, 2.5197024362474094, 2.2390099051610046, 2.8755597030397633, 2.5177632964029395, 2.110041980925, 2.3993972387714013, 2.750320397728543, 2.435193117228785, 2.620652580379731, 2.2930138526311428, 2.305855888652463, 2.438801186271031, 2.135140213138964, 2.0854517756870012, 2.368483341114566, 1.94024640346153, 2.3382901877490436, 2.022031000618458, 2.3463737877855353, 2.3986816391058507, 1.999007221605229, 2.2754262351911727, 2.7437661337327945, 4.364887428865332, 2.4261507583088884, 2.1142877307404273, 3.6117114738336458, 1.9035826471216781, 3.3983816110437517, 2.6140049770238183, 2.546036319077463, 2.4859480683703943, 2.4146446281052643, 3.800499873709729, 2.16236631818256, 2.3605240100535814, 2.3179512309760435, 2.6620888819252837, 2.0721291457583884, 4.19431620472183, 3.483175121311806, 2.4041505301304675, 2.104382008654839, 2.1809212628977956, 2.040538556617553, 2.431329801580801, 2.178332816161708, 1.96012777072136, 1.9485163336379834, 2.6364797958679222, 2.930260331572799, 2.455682518508502, 2.2331068479845024, 2.247291155071553, 2.4464839643269136, 2.012406033249119, 2.267018142258279, 2.0546171863339797, 3.4137446138054433, 2.0997324981337693, 2.8457011327120467, 2.2337885712332493, 2.1679367129281615, 2.5548826624861247, 2.296968272789421, 2.4808939852639824, 2.5325622101203535, 2.9496194656748553, 2.758815555647024, 2.287014687457488, 2.2204240086088305, 2.226658905169017, 2.363354320846879, 2.2726038423597092, 2.5672705150482704, 2.3012704070499694, 2.5000656258454326, 2.4507814889495316, 3.709037535816125, 2.591437097957102, 2.918569671228733, 2.34423142297023, 2.476934676819414, 2.9101505406135924, 2.6378087224629216, 2.2077532037506495, 3.6440996263338237, 2.9371008722634464, 2.1878551309910366, 2.531435678522704, 3.4781744834271193, 2.255294755050143, 3.1718421496130498, 2.6487779440046846, 1.9049443428548973, 2.1485806000912056, 2.4138093271262773, 2.4986150455668032, 3.507375371107949, 2.89407499193996, 2.1307622241027646, 2.47733482709238, 2.2205662501823573, 2.5585964067872, 2.5772361888235356, 2.5006973280435125, 2.9742437565465796, 2.1218660049173295, 1.9593368224031384, 2.8027223896259046, 3.055877572346236, 2.4894080383521584, 2.5036438937347243, 2.3915854184128325, 4.10823307177856, 2.7794250920289705, 2.4878259253785644, 3.872569733252776, 2.2313090837549927, 2.178528254633451, 2.018763338238165, 2.992480598584937, 2.238273326645679, 2.8537354825189034, 2.8834282556091004, 2.025679898233678, 1.979378375636739, 2.199279086834017, 2.6209981344191378, 3.8085456680625773, 3.6668089503781465, 2.298307682080056, 4.212579647105482, 2.213014936825333, 4.44752186436695, 2.3023537860695296, 2.7255579423287086, 2.120920395360889, 3.438205095081079, 2.3459908703548056, 2.154555002833379, 2.8864700535503673, 3.1738145609254493, 2.3169336836887258, 2.260061042057047, 2.7142597376706625, 3.2536176753567787, 3.141405190066661, 2.113004741769424, 2.0546526115063863, 2.47486710647788, 2.5492318400986647, 2.531376454630341, 2.0403544715844775, 2.6195639923810394, 2.2464117368361043, 2.7855776202993288, 2.665963799200076, 2.165012517914946, 2.1632021999186786, 2.8781777149512378, 3.118790067229848, 2.70269450449842, 3.820058745003278, 2.174663927911243, 2.026713395969668, 2.088735888130028, 2.5604081010113804, 2.070348112587114, 2.3873132259704466, 2.4050098603117283, 2.893156321376283, 2.483749387745072, 2.3965479528684304, 2.6381019679538884, 2.783235304894171, 2.041692782586926, 2.1901947489920772, 3.305983010008741, 2.177176046455068, 2.789483703794651, 2.2042885693497367, 3.6067021978665466, 1.9990730936051864, 1.915972066467889, 2.480329548759039, 3.646914216164886, 2.7335255867252877, 2.304747515680413, 2.6092828696096615, 2.166061711131944, 4.011942887157473, 2.3833025014903386, 3.539883986582584, 3.6611560869981568, 2.3004856917999197, 2.3578953994144247, 3.1241121064874005, 2.2335030997915526, 2.132421496049819, 3.68275630960514, 2.162713179645163, 2.097316193408064, 2.368563164216298, 2.2854382098219204, 2.200608513348958, 2.294132267811524, 2.3217573105946876, 2.894511926159357, 2.371236463568812, 4.4532421392719534, 2.1817825604158285, 2.514740473740959, 2.2396880498280662, 2.532156385070236, 2.0436210356765847, 2.5826449550085466, 2.1095903644801357, 2.7958369298917085, 2.353464995372778, 2.159791826829982, 2.130178711674204, 2.170273813558998, 3.173873582884043, 2.0975078210443034, 2.414164543489094, 2.152319009404819, 4.304791643150823, 2.147670368819069, 2.479560023341612, 2.7924311390099428, 4.0652930053424825, 2.266018430880526, 2.1677808089250967, 2.708542578846554, 1.967599264371653, 2.180752416924998, 2.3913069692924527, 2.5381557021390715, 2.4661615462912154, 2.393746086160784, 3.361582176498927, 2.0820912936704046, 2.2317172436542037, 2.1780485285496827, 2.57060307587032, 2.0537423802342496, 2.6539182147332645, 3.355162502430144, 2.233356375094026, 2.2996909940791586, 2.395789097699051, 2.1292591448310123, 2.0894939211389243, 2.345228039352223, 2.413988979654795, 3.3219761689514256, 2.3497632016015184, 4.636297495043346, 2.283493939818425, 2.6448962335180175, 2.925612048293491, 3.26543478004592, 2.3466629192239017, 1.9124748621065213, 2.142622178276889, 2.128702227013192, 2.3961993006078757, 2.846992066875813, 2.078216317390803, 2.1922916862822204, 2.0952800282684234, 2.4437954717519874, 2.2984110386709524, 2.231821897822521, 2.136852894926384, 2.330699411144835, 2.0591618493216433, 3.0956350402461728, 2.0801540580352977, 1.8961570762174043, 1.972568091158447, 2.4592125139238044, 3.2743807867212316, 2.4874263949991957, 2.4428655337605134, 2.2831950364347193, 2.736513767252578, 3.0575399273314794, 1.9396770039070566, 2.3367723102426456, 2.571291787712944, 2.6084479290876015, 2.0886205844043166, 2.022018013872417, 2.4539886434609226, 2.2307762713754835, 3.344184129616216, 2.2740902443294537, 2.1799127188465803, 2.4855109178252235, 2.3405835593126945, 3.1468432776014943, 2.380650666419926, 2.565053584359796, 2.4748823866144836, 2.9124239221060937, 2.885623082239833, 2.2060579144659833, 2.5572106056156687, 2.288592801625817, 2.394404667360106, 2.157502313956784, 2.108257953571909, 2.46098060601208, 2.2314612820182327, 2.6824972337587187, 2.4061800936509234, 2.5729981964174806, 1.972469788167899, 2.5545095067376082, 2.167937540337226, 2.3737472022419865, 3.6517514225490784, 2.6066146055836197, 1.9269996587877523, 3.6437109494688125, 2.7147016240260897, 2.2503308968196754, 2.2506263108007074, 2.2556709221980054, 2.8857342027751103, 2.253502768353911, 2.2378860671726084, 2.210414439220081, 2.0882143954846146, 2.2224100049062567, 2.226633931907181, 2.0688325515787085, 2.2003749573787608, 2.1501291135085085, 2.3047808144945283, 2.2622028539185144, 2.8460005736961196, 4.096818805499088, 2.1295346095581067, 2.1150679395894336, 2.5125757205555326, 2.3852427519979154, 2.5542144494249195, 2.2183525300128504, 3.484706764231625, 3.1022196142114025, 2.760105700549157, 2.5020368368648858, 2.2090725505455486, 1.9394115317441871, 2.769871688256899, 2.4525180979940315, 2.757106683089263, 2.12329772883488, 2.5670969478100765, 3.074807431655958, 2.6832844217722776, 3.7282142019531737, 3.7989556637685067, 2.214865635366802, 2.8171833744480423, 2.8182044210961776, 1.9356173983736238, 2.0234412602539065, 2.940025564615424, 2.610151744327374, 2.1161795693295566, 2.4016444523451743, 2.0704703690321917, 2.1634252387382027, 2.9691916346311458, 2.9185883511091357, 2.664746553375547, 2.0600660922301475, 4.0019039876928275, 3.3535795120922316, 2.1598721647296326, 2.8237026778663115, 2.945349155226347, 2.385322609860566, 2.1561228127931846, 2.0414597414146476, 2.699645616004383, 4.008407126583814, 1.882946241034768, 2.9727394996605847, 2.922070074456478, 1.9684466178256488, 2.6358324217998947, 2.3842831335494736, 2.302442656956813, 2.4709284836709005, 1.9520130329899632, 2.24591695802462, 1.9814563378172092, 2.282409903805695, 2.858072866996015, 3.8993201136624034, 1.9815431690898802, 2.069018181062785, 2.700645176543303, 2.3417118935857535, 2.1478859499098384, 2.0216018225999597, 2.3765222044932504, 2.2053442891749424, 2.0941753478526666, 2.411464296500234, 2.3275763275267156, 2.232807429802879, 2.15754217647868, 1.9810451248896088, 2.2115707179875983, 2.2656256825464145, 4.045215041890088, 2.247643240639001, 2.85414313376599, 2.7035182377996856, 2.154871366298594, 2.943261787445044, 2.5339149306685007, 2.667964921863489, 2.0339144032377243, 2.6977585646535625, 2.122312138007949, 2.7216449154843017, 2.50245689523213, 2.6834310723279042, 2.2170497799272844, 2.3495702697674705, 2.530401003014234, 3.4021145239892023, 4.155821925694724, 2.9258220767568135, 2.1859095904943042, 2.252584505708528, 2.0868705128585106, 3.070673724387176, 2.190148569166597, 2.7274181250300136, 2.2596744357647953, 1.923664119553808, 2.429388867882605, 2.0388954077936075, 2.557105294454182, 1.9194542999201754, 2.673528781854763, 2.5607135849239238, 2.6986598602683536, 2.407557909037348, 2.339007832705616, 2.1579263726602353, 3.6278769358366936, 2.3241965434608205, 1.9578152937217543, 1.9939409139883701, 2.1271502624063805, 3.2831381012025345, 2.2332366078213766, 2.4388246249276424, 4.267223571953374, 2.2385912281111198, 2.739841096796676, 2.618154172514876, 2.199945843713632, 3.869845777038432, 2.0780262179662587, 2.205043391839666, 2.0626855638887256, 2.148372535575764, 1.9546933307248855, 3.36470889820089, 2.5498419241659036, 3.5979973826261027, 2.5404237514577663, 2.5628222073486895, 2.4468634877431303, 4.067956717857157, 2.081406177931977, 3.7259656329231534, 2.3153954777053345, 2.049784576882569, 2.321054481338027, 2.3346535403494677, 2.122782442003842, 2.6347070355481472, 2.1608168525367075, 2.2476824581261967, 2.528702640479909, 3.4484644627863235, 2.179220920651778, 2.679512434818987, 2.645867959342644, 2.0097214141625095, 2.750046031628861, 2.26974051052241, 2.2052440118098846, 3.2855183957927676, 2.388143878369897, 2.225298097063242, 2.2881444189769633, 2.8683165041482415, 3.9083641570586125, 2.3343358858699754, 2.4987851358353885, 2.1457735725757368, 2.161282285564831, 2.114697933649252, 2.522956884642388, 2.506452952770721, 2.0912999701784036, 2.56699795945897, 2.972636044378017, 2.0873988367186933, 2.203588734274892, 1.984381653451675, 1.9504347952052412, 2.798602465611906, 2.6614225088086734, 1.9588317950043161, 3.7034079221041036, 1.9507564866459184, 2.6257350077246975, 2.1866603211532287, 3.8257660684787678, 2.5126985937260655, 2.2018498523951147, 2.442863776197749, 2.777606376619933, 3.061934653408204, 2.6355798611275736, 2.2559478735858742, 2.1937613147560757, 3.4438013553966593, 2.252620435890323, 2.047942145046806, 2.147071532455821, 3.2381315257831496, 3.0895505484786057, 2.5614564152445163, 1.914534859196094, 2.7366883929285923, 2.348611506039135, 2.1883084144478464, 1.99124066699951, 3.9398722222029874, 2.054627496049299, 1.8684154766805579, 2.263825406283883, 2.3653385000021587, 2.0835100308419143, 1.9552946562605615, 2.3625945978539753, 2.094287101217336, 2.084947258804363, 3.616864102528731, 1.8784056061866052, 2.7286460260769694, 2.628487316276049, 3.044919520255342, 2.6620401160143827, 2.607010847602139, 2.081288873634306, 2.677542016778806, 2.554116142152637, 2.396363153051959, 2.3775277347855885, 2.0859393223136604, 2.323287626175023, 2.0605795971650305, 2.3548157134953853, 2.5954837995071083, 2.3250287838104837, 2.1558140961400785, 2.4634642521028645, 2.0833241605986954, 2.004888804711099, 1.9810852658206157, 2.6465136031017042, 2.5272408297981523, 2.359918456303427, 2.770354468261001, 1.8659452766821603, 2.773621344636404, 2.5947384455758074, 3.7902560407756365, 2.502965620694041, 2.6978930163329955, 3.0992528068649996, 2.0735458987668576, 2.900926845163461, 2.296191516882513, 2.24574980842936, 3.8821463809489316, 3.809208919187845, 2.16479046414181, 2.3217711629943136, 2.2371595007985685, 2.4157030479332535, 2.995708089555039, 1.9102587223665362, 2.0158545140477395, 2.65872269496871, 3.6554125876755954, 3.095534751475363, 2.23539892189062, 2.3337168762389036, 2.903130420954575, 1.9046904943936867, 2.4430085069437046, 4.319092373698101, 2.2611009688126886, 2.0292344970589418, 1.9779980578194527, 2.5361894880746894, 2.103395392513806, 2.4400503458600786, 2.2568065128997805, 2.218773699630164, 2.003550910448628, 2.2812610092067844, 3.5428451418480265, 2.201925943559573, 2.729756800760648, 2.055286448536727, 2.0553642374505294, 2.7178420025584056, 2.765461258441578, 3.2390013323718754, 3.442218171875547, 2.4039948283942882, 2.8044407859545615, 2.7285142185322964, 2.5612179224222387, 2.519567237023988, 3.1214150792242865, 2.401026944897961, 2.5408568895447567, 2.062243898626779, 2.3933420634497384, 2.5790327174903402, 2.4614957911424398, 3.168949239487947, 2.594072997762699, 2.5100748912666186, 2.671071417585471, 2.3717195368600024, 1.9536807922616086, 2.5831632822400494, 2.2622315122295213, 2.817628125803953, 2.1589085431941912, 2.7755720229688974, 2.2647483970627866, 2.2764957377254524, 2.525119984716521, 2.164286611929077, 2.07617048223336, 2.1918608619424305, 3.645535645235998, 2.431812765911928, 2.5707203539705414, 2.060111004957391, 2.2888326510408024, 1.996803503788477, 2.6052368323903337, 2.1763496424852553, 2.769450594956635, 3.0516295600396686, 2.1032652726135876, 2.9817431849914016, 2.5205317625324373, 2.3400011490732715, 2.8001771147858543, 2.0551232030609237, 2.5911607418712252, 2.2139336456335306, 2.20832606111502, 2.4634792230119458, 3.3260762036021303, 2.1619514954612806, 3.747952422774524, 2.428257953669919, 2.6133980538366512, 2.210710873008419, 2.8558283460814065, 2.1818398666103147, 2.271531328178347, 2.2527367760018726, 2.0223622134881563, 2.6213172625454866, 1.9522770259991802, 2.0691444514969852, 2.4098050843666, 2.506751495040845, 2.652325388657518, 2.012960508782614, 2.463185288184566, 3.3650143975441287, 3.3701639170210624, 3.9597920686304606, 2.387671278155425, 2.5374089192623197, 2.275505967742086, 2.313100409617401, 2.2049076436391593, 1.9770489021837045, 2.5618810242396144, 3.044524441600709, 2.5184954792893097, 2.457469395097365, 2.7194831935802637, 2.386236059328405, 2.6129383773929376, 2.5226533831923295, 1.8733139581319256, 2.7149032442265537, 2.5077202891729655, 2.52377955561858, 2.231673139903912, 2.69681986521012, 2.2854504105630715, 1.9228572316890364, 2.316632074795441, 1.9665627724538464, 2.011211506688221, 2.053402370677069, 2.282197964101381, 2.6299672493757775, 2.401590223682081, 2.7058102934433035, 2.494565564060337, 2.6052712825317426, 2.2059616554518957, 2.3153995549914788, 2.0256230685925893, 2.5394246606178186, 2.2487799204273937, 2.306191362802214, 2.775338820991153, 3.0814418653282694, 2.17561577926804, 2.1765676044273867, 2.3934148635025547, 2.5135697486508093, 2.285574905969242, 2.6581904755630177, 2.9137176577170965, 2.7610864557324333, 2.685883292520931, 1.8953241886631016, 2.3270687825880763, 3.9495575159825753, 2.800338420888624, 2.625640661740758, 2.0125988228879157, 3.59213150891848, 1.9729009503494375, 1.928329559832897, 1.8962019889446478, 2.00225143554038, 2.1272231011959697, 2.8475031358417775, 2.628787738500269, 1.9176637791940643, 2.157661212141665, 2.9465272009289682, 2.1965124726243426, 2.074940703174491, 2.288165883259065, 2.6750854040125986, 2.2652419320530783, 2.134855270645564, 2.249662905602417, 2.529148183428517, 3.3871916946611136, 2.0245048649753725, 3.056279499822382, 2.374245152666052, 3.5378902321534538, 2.3389012041627892, 3.5587314107583294, 2.393925858574356, 2.2730738929188785, 2.976018769174482, 1.999485806377093, 4.477463668378966, 3.476853330820025, 2.2494105646622478, 2.142256888095308, 2.226495390566682, 2.2354852383653725, 2.9870463597999, 2.1597099641136372, 2.4782863363256933, 2.029377702988203, 2.258220575693997, 4.119966529165945, 2.125126032612698, 2.233914312719153, 3.3670415107817844, 2.554425571330598, 2.629137560440116, 2.0591319075034806, 2.7607625106161904, 2.715556008453473, 2.239164582808143, 2.2978251137982535, 2.0989220946688745, 2.1819068439361957, 2.3730928562948805, 2.1070483041181483, 2.5889805548814464, 2.472990264995282, 3.1064323383618677, 2.3864176187275783, 2.5456171598206394, 2.5389897858283312, 2.441851641929916, 2.389100762303272, 3.2006212075009874, 3.1446680945565806, 1.9559124677334827, 2.4841441015518964, 2.404098609232285, 2.2351733384470958, 2.2803036930164575, 2.9870706771240148, 2.3683935495342636, 2.40691314013955, 3.640139246015799, 2.4081906457563087, 1.9203859954744138, 2.147918885909817, 3.785916596462643, 2.463914389394076, 2.512661189897414, 1.899078892660666, 2.7754157350436928, 2.50740138108375, 2.742914776078207, 2.3529749486715676, 2.2412455391704293, 1.9955768992625944, 2.2560732325338346, 2.1447434352307, 3.1226845438497803, 2.561325621449958, 2.0508704548630883, 2.109219200401782, 1.9698048143676639, 2.225047079897943, 1.9327724206388086, 3.313468027118708, 2.2179952635277798, 2.424275974873016, 2.7915917546876194, 2.3260952098697176, 2.23430203153857, 2.2095725789088605, 2.1765467534757397, 2.418204640119626, 2.6596335930225474, 2.6339187844819163, 2.7610907372285447, 2.222460042455343, 2.1560141849034595, 3.1633807023685874, 2.4880889083690056, 2.259641792249404, 2.28225291516736, 2.8463692770580353, 2.466075683656013, 2.607591826890574, 2.382947213661512, 2.323577566590341, 2.0352130691690205, 2.2891425482171806, 2.361835808004812, 2.8750804864939554, 2.3502102990478724, 2.7895913036508375, 2.1853795996221765, 2.115270727299251, 2.335914605692023, 2.5470189157225778, 3.0849807086008916, 3.0241471331446315, 3.4293626122240406, 1.9077500432004955, 2.087822662676075, 2.4738718663238, 1.899055444215524, 4.224724755184214, 2.058066483786287, 2.344513390858875, 2.216798054429365, 2.287239671059071, 2.560226769906929, 2.453174362783962, 2.4098030361084053, 2.6100075185908067, 2.1205071852563298, 2.2447298058437983, 2.19344043229235, 2.3069565953468123, 2.226628458341467, 1.958037326804237, 2.118792495220215, 2.3171349683288494, 1.9708113644673082, 2.720697492017212, 2.71354790063795, 2.50676864775979, 2.503002997597645, 2.094001129128099, 2.193429640539705, 2.8288826344075106, 2.982341343501213, 2.9258259681849914, 3.78285046915019, 3.7833724167801024, 2.0112384543245674, 2.7183590543812066, 2.4252748490531744, 2.5797533553141676, 2.559431268716012, 2.1713044559134227, 3.9296931054893127, 3.0468580022208074, 2.2796654108712917, 2.1155365111064195, 2.15060436303142, 2.5720340604128693, 2.8975256287727134, 2.444136303469651, 2.040864909251992, 2.7507628857899697, 2.63643117311912, 1.892988726846435, 2.554093147547045, 2.856251021267102, 2.4732634099989954, 1.966217936535591, 2.250617905294751, 2.090134171038212, 2.293447124762054, 2.180595768298351, 2.208698501832405, 2.481552766707895, 2.5861869201133763, 2.5114226270763793, 2.2519009671816934, 2.391957201967434, 1.9914233120903007, 2.3391293469438885, 2.3301977025860463, 2.201839501298488, 2.809071955556679, 2.3061158512636384, 2.0368511905900673, 2.1815371033912077, 2.5095109652778596, 2.6971172958337024, 3.8298810775221557, 2.146752165020259, 2.608072831941548, 2.2254702149879697, 2.5645366483933185, 2.278287572437903, 2.3795390257776803, 2.314322774610231, 2.3602689898012827, 2.7420571277868686, 2.648826652859068, 2.5066429880115093, 2.3720691115089196, 2.361969176668518, 2.428173969932465, 3.597562944944608, 2.2908737034998863, 1.9820681457426403, 2.7321848729080958, 2.4484140390797013, 4.325804814532193, 2.181708732715467, 2.309818881179355, 2.2484363272739842, 2.3531242846851175, 2.546050321349076, 2.5538202318057994, 2.554699035743947, 2.3623214043426155, 2.0812888529436524, 2.1408841205579208, 2.8091590654080747, 2.118164732564377, 2.271552647514405, 3.1426933416041862, 2.5647314853286742, 2.05800061178633, 1.9780759065466749, 2.2073514107991294, 1.9980735320994196, 2.9255200359396936, 2.4475322106586543, 2.1588541429121113, 2.44344267309559, 2.183611074385004, 2.6155627358787066, 2.233596579816026, 2.440353208668068, 2.5787118850515043, 2.0165132340473124, 2.260608333350167, 3.305078969027895, 2.4236685071363446, 2.9889083756586876, 2.112544155962643, 2.281036231345211, 1.8804700526727378, 2.1878538038211657, 2.028456514796108, 2.1465954782376926, 2.017191745810245, 2.7331022475147946, 1.997546565888292, 2.63649749314685, 2.207746633010342, 2.5351644711001473, 1.9427220868141721, 2.1741244701749323, 1.9374618143724274, 3.734861869662456, 2.472006370128539, 2.204510623122873, 2.819520240801867, 2.499236247270865, 4.188978697633784, 2.3122690370912617, 1.9809233734539187, 2.463942096057387, 4.101139845267358, 2.259291987774823, 2.411086019572612, 2.256346099767434, 2.091155692046937, 2.0496454646483713, 2.14387098701027, 3.548314718989778, 1.9518852931906405, 2.8129117844339877, 3.8260717014485772, 2.532324071380029, 2.303030985957918, 2.4621079084307613, 2.262960860729961, 2.2616529442716327, 2.116985051126228, 3.1448333103842723, 2.1895504753151367, 2.0373387785980333, 2.168842076457916, 1.9173493901033591, 2.9031404882238956, 2.416510512667904, 2.977988521566534, 2.0286012587255944, 2.372741274205879, 3.4547732872157084, 2.632165689241957, 2.062595670855482, 2.4888815575733574, 2.253851549626185, 2.0433410976140216, 2.3980109325904824, 2.2489735224381433, 2.682399553248158, 2.5720961469775396, 2.165049816647919]"
-1.0,6000,0.6163265903526504,0.6163265903526504,0.0016436576843261719,0.30951983688361473,"[3, 4, 3, 2, 2, 2, 5, 3, 3, 3, 5, 4, 4, 1, 3, 3, 3, 3, 5, 3, 3, 2, 2, 3, 3, 2, 3, 3, 2, 3, 2, 1, 1, 3, 1, 2, 4, 4, 4, 1, 3, 2, 4, 3, 5, 2, 1, 2, 5, 3, 2, 3, 5, 3, 3, 3, 3, 3, 1, 2, 3, 3, 4, 3, 2, 5, 3, 2, 3, 2, 3, 4, 2, 4, 2, 1, 3, 2, 3, 2, 2, 3, 1, 3, 3, 3, 3, 3, 2, 1, 2, 3, 5, 3, 3, 3, 3, 3, 4, 2, 2, 3, 1, 3, 1, 2, 4, 4, 3, 2, 2, 2, 2, 2, 1, 3, 2, 2, 3, 2, 2, 3, 2, 3, 2, 3, 2, 2, 2, 2, 2, 1, 3, 1, 3, 2, 4, 2, 2, 2, 1, 3, 3, 3, 1, 3, 4, 1, 2, 3, 3, 2, 4, 3, 2, 2, 1, 2, 3, 3, 2, 2, 4, 4, 2, 3, 3, 4, 3, 2, 4, 2, 3, 3, 3, 1, 3, 2, 3, 3, 4, 4, 3, 4, 2, 3, 1, 3, 2, 3, 3, 3, 2, 3, 3, 3, 2, 3, 3, 3, 4, 2, 3, 4, 2, 5, 2, 2, 2, 4, 3, 4, 3, 2, 2, 2, 3, 2, 1, 2, 3, 2, 3, 4, 1, 3, 2, 5, 3, 1, 4, 4, 2, 2, 3, 3, 4, 2, 2, 2, 2, 1, 4, 4, 2, 5, 2, 4, 1, 2, 2, 5, 2, 3, 4, 5, 3, 2, 4, 4, 2, 3, 2, 1, 4, 3, 3, 2, 3, 2, 3, 2, 3, 3, 4, 2, 5, 2, 3, 1, 3, 3, 3, 2, 3, 1, 2, 2, 3, 2, 1, 1, 1, 3, 1, 5, 2, 2, 2, 3, 3, 3, 4, 2, 4, 2, 4, 4, 2, 3, 3, 3, 3, 4, 2, 2, 2, 3, 2, 2, 2, 3, 2, 5, 2, 3, 3, 2, 2, 3, 2, 3, 3, 2, 2, 2, 4, 3, 3, 3, 4, 2, 4, 3, 1, 2, 2, 4, 2, 2, 2, 3, 3, 2, 4, 2, 1, 3, 2, 1, 2, 4, 3, 1, 3, 2, 2, 3, 3, 2, 3, 5, 2, 2, 2, 3, 2, 3, 2, 2, 4, 1, 3, 3, 2, 2, 3, 3, 2, 3, 1, 5, 2, 2, 2, 3, 4, 3, 3, 3, 2, 3, 2, 3, 2, 4, 3, 2, 3, 3, 3, 2, 2, 2, 2, 2, 2, 3, 2, 1, 3, 3, 3, 3, 3, 2, 2, 3, 3, 2, 5, 3, 3, 3, 2, 3, 4, 1, 2, 4, 4, 3, 2, 2, 3, 2, 3, 2, 1, 3, 4, 2, 2, 2, 2, 3, 3, 1, 2, 2, 2, 3, 2, 3, 4, 2, 4, 2, 3, 2, 3, 2, 3, 2, 2, 4, 3, 4, 2, 3, 3, 5, 2, 2, 3, 3, 2, 2, 2, 2, 4, 4, 2, 3, 4, 4, 2, 2, 2, 2, 2, 2, 2, 5, 2, 1, 3, 1, 2, 2, 3, 3, 1, 1, 2, 2, 3, 1, 2, 2, 3, 2, 3, 3, 2, 3, 2, 3, 3, 3, 3, 3, 2, 3, 5, 4, 4, 3, 1, 1, 3, 2, 3, 3, 2, 4, 2, 3, 1, 2, 2, 2, 3, 2, 2, 3, 2, 4, 1, 2, 2, 2, 3, 1, 3, 2, 1, 3, 3, 2, 3, 2, 1, 2, 2, 1, 1, 3, 3, 2, 4, 2, 2, 4, 3, 2, 1, 2, 3, 2, 2, 3, 3, 4, 2, 3, 4, 4, 2, 3, 2, 3, 3, 3, 2, 3, 2, 3, 1, 4, 3, 3, 3, 2, 2, 3, 2, 4, 3, 3, 2, 3, 4, 2, 1, 3, 2, 2, 3, 2, 2, 4, 2, 3, 2, 2, 2, 3, 3, 2, 4, 1, 3, 3, 4, 2, 2, 3, 3, 4, 2, 2, 2, 4, 3, 2, 2, 3, 1, 2, 1, 2, 1, 3, 2, 5, 2, 1, 2, 2, 1, 2, 3, 3, 3, 4, 2, 3, 3, 3, 3, 3, 2, 2, 2, 3, 3, 2, 2, 1, 1, 1, 2, 1, 3, 2, 2, 3, 4, 2, 3, 3, 1, 4, 3, 4, 3, 2, 3, 2, 3, 3, 2, 5, 4, 2, 2, 2, 1, 2, 1, 2, 2, 3, 4, 3, 3, 2, 2, 2, 2, 2, 2, 1, 1, 4, 2, 2, 2, 3, 2, 3, 3, 3, 2, 2, 2, 3, 3, 3, 2, 4, 3, 3, 2, 3, 3, 3, 3, 2, 1, 2, 4, 2, 2, 2, 3, 2, 3, 2, 2, 2, 4, 1, 2, 3, 2, 1, 2, 4, 2, 1, 2, 2, 1, 1, 1, 2, 4, 2, 3, 1, 1, 2, 3, 4, 2, 3, 3, 4, 2, 5, 3, 3, 2, 2, 3, 3, 1, 3, 3, 2, 2, 4, 4, 4, 3, 3, 3, 3, 5, 4, 3, 2, 3, 3, 2, 3, 3, 2, 2, 2, 3, 4, 3, 1, 3, 3, 2, 2, 3, 4, 2, 3, 2, 2, 2, 1, 2, 2, 3, 2, 2, 1, 3, 2, 5, 1, 1, 3, 4, 2, 2, 3, 3, 4, 3, 4, 3, 3, 3, 3, 5, 2, 2, 2, 4, 1, 2, 2, 2, 1, 2, 2, 3, 3, 3, 3, 3, 3, 3, 2, 3, 3, 2, 3, 1, 4, 2, 4, 2, 1, 3, 2, 3, 1, 4, 4, 3, 2, 2, 3, 4, 4, 4, 2, 3, 4, 1, 2, 4, 2, 2, 3, 4, 2, 2, 3, 2, 2, 3, 2, 2, 3, 1, 2, 2, 4, 3, 2, 1, 4, 3, 2, 3, 4, 1, 3, 3, 3, 4, 3, 2, 2, 4, 2, 3, 1, 2, 4, 2, 1, 2, 3, 1, 3, 2, 2, 2, 1, 2, 4, 1, 4, 2, 2, 3, 2, 3, 3, 2, 3, 2, 3, 4, 2, 2, 3, 2, 3, 2, 1, 4, 4, 1, 3, 2, 2, 2, 3, 3, 3, 3, 2, 2, 2, 4, 4, 3, 2, 2, 3, 1, 4, 3, 2, 1, 3, 3, 2, 2, 3, 3, 2, 2, 4, 2, 2, 2, 2, 2, 1, 2, 3, 3, 2, 2, 2, 3, 2, 2, 4, 2, 3, 3, 3, 2, 1, 3, 5, 2, 3, 3, 2, 4, 3, 3, 4, 2, 2, 2, 3, 3, 2, 2, 3, 1, 2, 2, 3, 2, 1, 3, 2, 2, 1, 2, 2, 3, 2, 1, 2, 3, 2, 3, 2, 3, 2, 2, 2, 2, 2, 2, 4, 3, 3, 2, 3, 2, 3, 3, 2, 2, 3, 5, 2, 2, 3, 2, 2, 2, 2, 3, 2, 3, 3, 3, 2, 4, 4, 2, 2, 2, 2, 3, 2, 2, 3, 2, 3, 2, 1, 3, 1, 2, 4, 2, 3, 2, 3, 2, 2, 3, 3, 2, 2, 2, 2, 2, 3, 1, 1, 2, 3, 3, 1, 3, 3, 3, 3, 1, 2, 4, 2, 3, 3, 3, 3, 3, 3, 1, 3, 3, 2, 3, 4, 2, 3, 1, 4, 3, 2, 1, 2, 4, 2, 3, 2, 2, 4, 3, 2, 2, 3, 4, 2, 3, 3, 2, 2]","[2.6897670519867733, 2.5703085647411625, 2.183188341227892, 2.5959292076770026, 2.2618762361001816, 2.030171000545386, 3.4815994904980405, 2.577710451487127, 2.397273430959281, 2.600521445899466, 3.064127037947939, 3.6215997784227945, 2.526651199430262, 2.2718321231176173, 2.5942660044602404, 2.716561707718655, 2.523933464292663, 3.6820202119658854, 3.858931424810642, 2.5890123779658905, 2.3731761965156797, 2.206188617734174, 2.346754836813219, 2.5131416704669896, 2.0041409003988497, 2.1515075786356084, 2.080036302780965, 2.5477709379657867, 2.6304959430942727, 2.437432251424081, 2.1299133210548864, 2.279665276633291, 2.0792769351221296, 2.513740217641625, 2.338888652054317, 2.7542850089058892, 2.748158806909982, 2.9671864013376346, 3.09170963734976, 3.1999319029957527, 2.600592864440153, 2.231851662116573, 2.906784939723516, 3.0742400703375985, 3.0444237247245267, 2.2205351721785167, 2.0654881995405905, 2.2076541748658323, 4.022225383969732, 2.1272364397549706, 2.1049763202701675, 2.471139432378977, 4.058947030312258, 2.2174635984619204, 3.8791247571240945, 2.6643564249603413, 2.397619369792034, 2.347013571839622, 2.2711317095497234, 2.056320646376573, 2.2250426870885263, 2.813033908483754, 3.446925286373079, 2.739946929748221, 4.005406720214178, 3.8323501845497896, 2.226083800914941, 2.1318955765242498, 2.131602324786082, 2.0805699086949616, 2.377393722037273, 3.0499441586610416, 2.2723968312230216, 4.13328737324907, 2.3755421115821647, 2.1315633180955507, 2.669301709064238, 2.48699055136152, 2.2790313928753965, 2.109242297510759, 2.2080890714028905, 2.64379863867349, 2.605203799472083, 2.4610400948201714, 2.7354750660134557, 2.5355887554738543, 2.3852641513287827, 2.395947612332485, 2.1981227089913826, 2.3419586642943955, 2.2226979499259665, 3.1036140690600305, 2.808211740860112, 2.9795850463142655, 2.7566046234766732, 2.6602652095324473, 2.1298766996655747, 2.663743131106622, 4.1476807448105015, 2.3850461067349484, 2.2718770460249145, 2.2728133469095058, 2.0048087847403235, 2.270682571361266, 2.1319842536048825, 2.0287842285098914, 3.1020302693134925, 2.589078885776365, 2.5058690999689226, 2.257964344935877, 2.411608269365281, 2.2082530959396935, 2.269391286309708, 2.5821503322964685, 2.2325027090376732, 2.893812920395248, 2.5429835143041233, 2.1069350033510084, 2.41155109229193, 2.664865265861563, 2.4619027175638286, 2.6254379083304524, 2.3000064328129097, 2.3634433472201506, 2.373847518497146, 2.219677445922334, 2.155377192785453, 2.3335730810791167, 2.0294290315542702, 2.3875742304840055, 2.10487284029079, 2.3716818754575506, 2.348398309353488, 2.0308058414493773, 2.334053262377207, 2.664711694556575, 4.286734343995532, 2.4366871254166447, 2.107034484443047, 3.5188300426938937, 2.0285699723356414, 3.2740658788709025, 2.6624215734927335, 2.51302366821254, 2.462597399254858, 2.39964431523719, 3.7260092243342884, 2.1571793580127405, 2.3644118528661457, 2.2871884446718096, 2.5902664620403923, 2.08153749911908, 4.1347243855048275, 3.4277512936796737, 2.422053984046365, 2.1435567075101263, 2.1576141142379623, 2.1141179738161253, 2.4778034055976517, 2.1697986083737755, 2.029894866851264, 2.0296228022003993, 2.5967664786042324, 2.9498042272006044, 2.5089963121079055, 2.2219728774106406, 2.2438036335189047, 2.4885122147296515, 2.0667358523902513, 2.2694903997586833, 2.1301455371442013, 3.3426272840369182, 2.1453202822031554, 2.789062028703401, 2.198475733571876, 2.2407871534393693, 2.4623400721260564, 2.2969967328206837, 2.406452149430147, 2.5682424027936053, 3.0064181204498164, 2.7027769135269777, 2.2975704669361687, 2.183048871262467, 2.2322133158750073, 2.3177552137906057, 2.2616167432949354, 2.5542037233181505, 2.2725883568797673, 2.5260642000832614, 2.4688826070345744, 3.680354003213756, 2.5140874424005406, 2.9624729609101013, 2.361240159663805, 2.5060795017463446, 2.8321132449134048, 2.6629793130425985, 2.2746377886838642, 3.629373359595906, 3.0578037356270453, 2.168883468555994, 2.4636632079644873, 3.442799487935748, 2.2083750970814817, 3.151277421752768, 2.6727831118132688, 2.0397087664898614, 2.132347170169845, 2.453529578540773, 2.542515965065924, 3.522441821575973, 2.76267551525104, 2.131929672300506, 2.448277924994949, 2.2565797385768267, 2.4888087822940803, 2.601399898549801, 2.5510827242561596, 2.9615565783945392, 2.107212049072067, 2.0482534951111324, 2.850724414063633, 3.037657615269006, 2.4217562302451947, 2.4956173214666255, 2.4113680555012884, 4.095896397587878, 2.72877481054911, 2.4871505770109845, 3.8208681266447293, 2.3123658942244716, 2.1686649328707324, 2.0557779201932074, 2.870430410726307, 2.2956214663557772, 2.749627380746124, 2.8046476328663132, 2.0559399803643004, 2.079364279240316, 2.245689445841969, 2.585349611694663, 3.717605141292816, 3.577106124860711, 2.346046472506931, 4.124779684434935, 2.240705115150474, 4.339542511710283, 2.3112405790007493, 2.712217933170009, 2.1561893576515416, 3.3922187677236764, 2.327629418303441, 2.1815055112175004, 2.860253347492291, 3.107872125761407, 2.3319234579113215, 2.254052583942654, 2.650267855963201, 3.175031195509944, 3.138523116776411, 2.1805319575403335, 2.105637189019819, 2.4868469421969195, 2.5545153251071633, 2.496652218037374, 2.166546781209098, 2.511020335569433, 2.3127197606759835, 2.7707805943959576, 2.7291798672107457, 2.168348249055878, 2.1817081215093257, 2.9128583829737256, 3.0706166018541685, 2.6936174742650896, 3.7805512822585485, 2.1819766783642796, 2.080473374151488, 2.1309449638323414, 2.56889485283307, 2.106004946343139, 2.4357771330013867, 2.4220741187948946, 2.8087848777924695, 2.4817488887619867, 2.4091889304411582, 2.625462691216792, 2.8105205833656646, 2.056315174214952, 2.182340577112097, 3.2279479768753188, 2.182035539179668, 2.8562219099660826, 2.2171297264471015, 3.581848687516695, 2.0308073848795782, 2.0043510875298427, 2.457329796786433, 3.524411887468703, 2.6654678119235373, 2.2960218601173277, 2.548320792742102, 2.2491517476831393, 4.009356015607385, 2.362155624240684, 3.4744458397502607, 3.7104097267315366, 2.3507410754036315, 2.3719518354308686, 3.0684658242965117, 2.2078645023086616, 2.2196137443485884, 3.711408221947278, 2.218450984939213, 2.1452636663771503, 2.347692610972093, 2.302839700811563, 2.1825845793956735, 2.3355571208447126, 2.332036479095577, 2.9608983167820875, 2.323246070211664, 4.3203222116256965, 2.2789852569022617, 2.5233972717667124, 2.2852630957928795, 2.5046750259832615, 2.0563603546262867, 2.5835883723781112, 2.131433599802758, 2.6800494118135587, 2.379833669937881, 2.181628213918471, 2.192041245098684, 2.177283012798999, 3.177910713232196, 2.1452681563559164, 2.411897101280601, 2.2177845570085495, 4.238745493173083, 2.1323258427707055, 2.4144254272977697, 2.7633046947669118, 4.070381101569255, 2.2840075201036965, 2.206324579903688, 2.663886380334611, 2.0790882858580306, 2.2073438843965567, 2.348225515326907, 2.4752082427644755, 2.498888107791805, 2.3777667150339665, 3.2121808902087423, 2.1062800978544054, 2.2931724514782466, 2.179760581135246, 2.4890901075261507, 2.1056158616206795, 2.5259429402582967, 3.4185631707112965, 2.2709970803426556, 2.3460788845411495, 2.4470826176173026, 2.1318944540295584, 2.155471903275053, 2.4049756955310775, 2.4038695626890245, 3.323109840551034, 2.371761291956978, 4.453270352251076, 2.33530785686727, 2.6117967116286693, 2.9384789830256004, 3.24111556111394, 2.33076641133049, 2.00426914541736, 2.132207559892583, 2.131881405028769, 2.447092228978099, 2.740657889823483, 2.0816801261008253, 2.231408066245655, 2.160582347303283, 2.4371005542427273, 2.3854826860303096, 2.265654954468228, 2.1565815594335707, 2.3200008558182317, 2.1057428438326613, 3.224010395841197, 2.1062347069753162, 2.0283959856584506, 2.0056771746960758, 2.4374617870656525, 3.226774773786732, 2.446218977022733, 2.4390239739334607, 2.2966740155968624, 2.664522874781472, 3.0074961134636626, 2.004906511934407, 2.3948089376443167, 2.577747499664011, 2.5807243898061443, 2.120550743595232, 2.055854179676315, 2.3871132756766524, 2.2767373432641977, 3.2761569544581626, 2.2578338457709637, 2.2452356773629094, 2.4625871564907977, 2.337641570367291, 3.116876468922574, 2.4111118460879415, 2.5969465338679036, 2.5405808870517026, 2.7421910071043887, 2.9330606525711542, 2.245848278840824, 2.5132854900993444, 2.3504624160964536, 2.3977005223422094, 2.2121968730683848, 2.131402380419149, 2.4478947333696204, 2.2878602821808998, 2.772434705467678, 2.5379474601764374, 2.6710075356789873, 2.0301840495461754, 2.544632568134948, 2.133796778788432, 2.3845306155846724, 3.7157471768897206, 2.5144430627500083, 2.047495811194335, 3.41831847696789, 2.6483330008577974, 2.2959039842384574, 2.246892549683559, 2.310641309358502, 2.8086298634123663, 2.2661629534720737, 2.2465940362515244, 2.3090863713758236, 2.1064235667071696, 2.2695834525267387, 2.246330390310846, 2.0814602574531174, 2.2457151229080385, 2.2016325948855053, 2.2930118693606727, 2.277786100890759, 2.7232346672583843, 4.096625013834897, 2.131900908374035, 2.2150392203959215, 2.439960857107545, 2.405087424693372, 2.49909762834202, 2.270645529036445, 3.4300626581341405, 3.172870844090228, 2.7969873147605506, 2.3857206956462944, 2.2214097358550724, 2.0539186480484872, 2.8069778072298144, 2.424183333356605, 2.6546327550159554, 2.1317547735963784, 2.5572293188878183, 3.1384133455899472, 2.625032902993793, 3.729380939632204, 3.670272383012315, 2.2326523607682613, 2.7721229695129734, 2.7388978875870365, 2.029320570504699, 2.1049058837282724, 2.943828323885449, 2.5635442968802304, 2.1254559724056423, 2.3852031604159163, 2.081498632740385, 2.1713218288909752, 2.9352267246095267, 2.9165403462401236, 2.576926443711802, 2.1057640309199646, 3.9747345687329263, 3.323485152603979, 2.1571209181328617, 2.6928052767631616, 2.907674391401073, 2.397103653637184, 2.2110262955523567, 2.0808188920487316, 2.6501145431459863, 3.9579793368528255, 2.003577267751854, 2.8736622847276028, 2.9036246620375072, 2.0791081399828872, 2.589462146573877, 2.3094341038641732, 2.2830073421560093, 2.425582741657023, 2.0051955543174813, 2.3344274000935834, 2.079412967447562, 2.307762507957717, 2.8151604257622385, 3.7743868507436895, 2.0794150019691906, 2.1446006227940337, 2.6052088928925077, 2.39606293054711, 2.1323308939968175, 2.055844428003682, 2.3723882753981282, 2.196813201741485, 2.1678267359803085, 2.4363430106377657, 2.3555437464023563, 2.2219658618188185, 2.1956931625070704, 2.0303849760959634, 2.207350610207685, 2.3207715306641363, 4.055793000298474, 2.2694215332680443, 2.8605963755545547, 2.6681595575879293, 2.195630583428016, 2.914842986381936, 2.426090521993471, 2.638426437335465, 2.080642099134812, 2.6356719775262527, 2.107222502303882, 2.8295122591804196, 2.561055835878555, 2.618097367673009, 2.263013431751096, 2.3308345327270836, 2.533805536139989, 3.3867106767560236, 4.017427453757451, 2.789227891256692, 2.2006173334154004, 2.246938431654076, 2.130901256695289, 3.09988861359708, 2.229043559050414, 2.681236253777562, 2.3615892370147735, 2.0045313180837554, 2.4643745299198416, 2.102972585005592, 2.551909860320792, 2.0044326788627354, 2.611752223619496, 2.573142620334654, 2.6601833823118692, 2.4221338214813017, 2.3482100222372058, 2.223294806279032, 3.6887683026419684, 2.4074936828332407, 2.066595005326955, 2.066303200842576, 2.2317353787816745, 3.128829710210978, 2.2709942741059264, 2.4124749054230774, 4.176055558399401, 2.3044404026779137, 2.6999572626595296, 2.5778494593328225, 2.203625683581708, 3.9046288983517203, 2.139505515907666, 2.270333685979948, 2.1486928546249193, 2.190172139041177, 2.029767533859691, 3.341478340564196, 2.5131128363846003, 3.4941707813226106, 2.5692345912736294, 2.5379261522854937, 2.4386630459449385, 4.033726975618335, 2.1552635099987656, 3.6958832532070183, 2.346446852332224, 2.130032305492191, 2.346579447017664, 2.3855249208768137, 2.247714797302643, 2.6556552574416403, 2.1693881962521764, 2.3077557720058333, 2.5597255844763884, 3.3859430656772425, 2.2176995188786437, 2.641871019212482, 2.625606871386321, 2.080075239315578, 2.798141500521992, 2.2584472982769177, 2.207202370752482, 3.2170252211141044, 2.480994354104722, 2.3347512388283613, 2.2967899833296834, 2.910717028418654, 3.8358244763302585, 2.3147798892145737, 2.5119165376670782, 2.2058089339047564, 2.1770723345765783, 2.1070440958038437, 2.5048813269339627, 2.5634448674460057, 2.143231294162245, 2.504372026751135, 2.9691553911923103, 2.1358885069311215, 2.2316727645251064, 2.079481509779665, 2.076390708562239, 2.8256241582460064, 2.655493158297532, 2.054373679334075, 3.631222632237866, 2.0541844688226307, 2.619040906701413, 2.247357878969134, 3.6972633737923344, 2.4877333622236546, 2.2722040677965056, 2.412569545756759, 2.6655045967443205, 2.9685144528695777, 2.574531615249989, 2.2957042934909695, 2.2700693384800874, 3.370088477640479, 2.246939273525095, 2.080970779611682, 2.132311811587061, 3.142737568957361, 3.016307354060114, 2.538890211794066, 2.0043174126890966, 2.689055035961299, 2.2789531564491523, 2.1822963788836174, 2.0907491101997406, 3.9797972047973826, 2.092234310988501, 2.0032368010807224, 2.28592023613811, 2.3099862779768636, 2.081804161764242, 2.005272445203853, 2.3341504734431044, 2.131075032904725, 2.1247241760226685, 3.4899125979515846, 1.9554485819963086, 2.6275842061838266, 2.6539494178743688, 3.0156267936069856, 2.5483470196872915, 2.563470703322016, 2.149147635486002, 2.6409811465994157, 2.525458127884978, 2.342211968099662, 2.411038673465236, 2.130879438204722, 2.385258609011243, 2.0751348671693752, 2.3339682083675637, 2.6122000808864936, 2.3799932337113505, 2.2385201198187668, 2.4375614084695276, 2.1628394889130593, 2.0799620076635676, 2.113863193541636, 2.5257694446725334, 2.463564919523058, 2.3229808808407846, 2.6653346791103867, 2.003178922448189, 2.682318829751646, 2.6470077478057963, 3.6596770257576634, 2.568319136454333, 2.689355946062779, 3.053251223953291, 2.1060798728638, 2.836676003087038, 2.341828972022096, 2.232660630009591, 3.9294262888591778, 3.7746057888663564, 2.1867202069402083, 2.2956864754720376, 2.232459352680212, 2.387423971427166, 2.8562967896345235, 2.005213280645157, 2.0679549076457704, 2.6389252550710443, 3.6112801613738394, 3.0178982324872705, 2.2324181010002975, 2.346876136395825, 2.7962083565379494, 2.0285959300253835, 2.4615912932316357, 4.247892057633317, 2.2961563350763017, 2.0805324454346312, 2.0793319373620154, 2.482977599513727, 2.194424462881943, 2.4500649005817614, 2.2796426522338447, 2.221637041030112, 2.1044398379635236, 2.3766723210821565, 3.4859723025560534, 2.2457514636736775, 2.7000522807770304, 2.1250252621040424, 2.0995218455552336, 2.6395950946212077, 2.8068744675622734, 3.1729206183871814, 3.3655281420343557, 2.4239039606314754, 2.715132811933059, 2.7604608203821024, 2.508224536766834, 2.551030315574043, 3.0797303448020017, 2.4805260101084787, 2.537411488469417, 2.1364373626998656, 2.473864770709075, 2.4751699607527615, 2.439479386197808, 3.1246657329287753, 2.5000315439253917, 2.4712588263835653, 2.653612945469045, 2.3722757453053, 2.005234631163931, 2.5586018261522794, 2.2797508726164932, 2.7399698707334794, 2.181607517922595, 2.6245346916247194, 2.257614959306111, 2.3187308232306583, 2.498415923284657, 2.1905450177465267, 2.128355146026939, 2.187354486596854, 3.647400098053873, 2.3736837745840162, 2.5136020336023623, 2.1057650832587376, 2.385258257247917, 2.030754206693566, 2.5106846395007403, 2.245152191820225, 2.757179380498109, 2.977308501278423, 2.1925111150610928, 2.910015577616031, 2.6188495525727324, 2.385650219346758, 2.835138334062123, 2.1301573934943807, 2.55878921260985, 2.2162174630219673, 2.2378968896196865, 2.4375617592491188, 3.2494844432384813, 2.205030848552013, 3.7627789847791533, 2.408866357324675, 2.6065594678682493, 2.245957301137741, 2.94335998541778, 2.1932328131705177, 2.2944904271790207, 2.2749564933518136, 2.134364650231421, 2.643849534507746, 2.029710918033686, 2.1059767436640136, 2.3741641791923658, 2.546139231254885, 2.6863052708356365, 2.115748309084755, 2.413045693973732, 3.263646726994607, 3.37516757085015, 3.981260002728595, 2.464938271095209, 2.4994192322281705, 2.3596298708728547, 2.3360015585866494, 2.221312148972826, 2.079309697935939, 2.48888574333637, 2.947049887561155, 2.531634140582823, 2.412911766325846, 2.833702218205388, 2.4140326617267203, 2.5400964726519755, 2.510565489530778, 2.0033515761629337, 2.6973560812951205, 2.473499057248467, 2.4634838192815933, 2.2464484627212133, 2.6234048397187744, 2.319747591969715, 2.05964389440859, 2.34647582672645, 2.0545548219149246, 2.0310917969720506, 2.0676964272225473, 2.359786669350081, 2.5008725730730377, 2.414392421275363, 2.725872890572519, 2.5244468826325184, 2.6335049313682926, 2.2468420844587227, 2.4015595387697277, 2.0814438880045367, 2.4883595739497046, 2.232731627798832, 2.3462311930396096, 2.705074365000093, 3.091936391367874, 2.1919487233788066, 2.220316819956782, 2.411410920767322, 2.5233698408026877, 2.2722205995564475, 2.708729164049565, 2.806737466547387, 2.6792351822266736, 2.679803426666168, 2.003867292317784, 2.2977020102665695, 3.7614462910564344, 2.852469412090601, 2.6545980886512703, 2.0801426591529895, 3.4693529131538376, 2.0301941519983995, 2.0291498109997463, 2.028397037997224, 2.1044093902950154, 2.1318467480051675, 2.837564416804935, 2.598439872743178, 2.0043907256236384, 2.246659516759984, 2.838220106859142, 2.182488606099546, 2.1244897149439703, 2.321299664416512, 2.704481454351939, 2.2331173450372166, 2.132025575440715, 2.2427020592272395, 2.4891148494456483, 3.3806319670327105, 2.0781262256672157, 2.9461492797760283, 2.384580065749436, 3.503973725379758, 2.361609813408122, 3.468570323886071, 2.362404537438536, 2.3431598250115315, 3.0162889070482333, 2.049194215818572, 4.398657884432323, 3.4780344069914007, 2.2465327631306886, 2.1321990008705605, 2.2930500995568672, 2.2710469612005113, 2.9530450653060516, 2.1957439553918627, 2.504147071898911, 2.1191626385972913, 2.232952829408986, 4.008160949298114, 2.1612816614961203, 2.2568924936602603, 3.4131502308943276, 2.5142162957026795, 2.619523591770741, 2.105742142273479, 2.786110702072931, 2.5684009825744676, 2.246623992828605, 2.3215259874086964, 2.131183634266133, 2.245282401204445, 2.3232895668809617, 2.1313740374281873, 2.5362436609704573, 2.450029753450467, 3.1509965234570556, 2.467166515055678, 2.4946177948205404, 2.523615259157151, 2.470798559424604, 2.372683000410579, 3.1126870340890704, 3.0696279266653024, 2.0543052773138086, 2.472946649548387, 2.4361704270789395, 2.246530474989615, 2.3272285734072136, 2.9036054266311164, 2.3607596256186536, 2.436236373642068, 3.568514482972296, 2.387247950228347, 2.0289636873487034, 2.1323316657119182, 3.7453102443851805, 2.4865903118480635, 2.499977629201793, 2.0039552678392343, 2.7653058230043053, 2.463100066408919, 2.615673390284998, 2.3228181892664277, 2.2466727511917695, 2.079743822757897, 2.271529353294206, 2.225703173275122, 3.045813572252198, 2.562400264321784, 2.0810393920997035, 2.223291815595042, 2.0657376739857884, 2.2532321806349653, 2.0047447323869867, 3.270990803947384, 2.2442554636527476, 2.311367227071146, 2.6668283456456168, 2.3589426984331063, 2.2465100596174126, 2.2214214518934154, 2.2206476321154267, 2.4247314518981096, 2.564703693584768, 2.6380127801944204, 2.6590771896147283, 2.2462325929608444, 2.1692756661593484, 3.0850287735073687, 2.4626475607363867, 2.2471037891533254, 2.2641382292359897, 2.740643297392493, 2.4621317744256186, 2.5344759200740254, 2.3480296400032312, 2.297620208465923, 2.12739548322158, 2.3071859974214988, 2.336267010240803, 2.741316022492324, 2.336871071037093, 2.6941123157397744, 2.157718576400195, 2.2161822266360884, 2.3469276308398, 2.537555869349118, 3.051466153944496, 3.098798460783828, 3.337102989953026, 2.004158439378405, 2.130923566277284, 2.5365573493220843, 2.0284638965872896, 4.182544937884726, 2.1302263567619932, 2.322619928641532, 2.1829639124455, 2.2722596062469793, 2.5466768268992004, 2.472183222603878, 2.3995308731174254, 2.539031739400755, 2.1588780374976793, 2.32909341230567, 2.2455526418014364, 2.286930832140098, 2.207703424320424, 2.0053367080249442, 2.1806675689302564, 2.3032699702529587, 2.090270436369712, 2.6792848996530583, 2.640490541641759, 2.545424263135264, 2.425366232293747, 2.1206768137802774, 2.1801209720871526, 2.8221478693062823, 2.891249471431169, 2.8527679916839426, 3.699126406457767, 3.659515737301671, 2.0310924283753145, 2.7977841528956247, 2.4669764970510566, 2.5148097446149196, 2.5274551814738495, 2.1818979634240345, 3.8183510621108203, 3.099330593423542, 2.257964476090693, 2.141522664888879, 2.203626721984224, 2.5227249933974174, 2.91720213672396, 2.412599362022003, 2.1298233110118074, 2.76751813402496, 2.5396508653790644, 2.0038125707015704, 2.5518392834670607, 2.819619115321748, 2.4213779495341416, 2.030037563988928, 2.323925202952515, 2.130977726646151, 2.233778213786868, 2.2265432202399125, 2.2383085768997737, 2.5518440676489305, 2.619287430036198, 2.4886995264097735, 2.269521294983756, 2.435885944830549, 2.0907533897107524, 2.297984598305168, 2.2977753232011118, 2.224342615116846, 2.719077940139128, 2.3573363123530835, 2.056201732095187, 2.239967565982206, 2.4853632727541237, 2.62499183967209, 3.6673633386214597, 2.1813226848946137, 2.539982469284865, 2.232185463975473, 2.6076732593801055, 2.2965590300468963, 2.3946727389865545, 2.3143109670571773, 2.4030327152916824, 2.744255637521918, 2.5679557946264118, 2.4856811758406434, 2.4259458629267687, 2.331125048384441, 2.396197394022411, 3.532616191663479, 2.316038047337036, 2.024276928846873, 2.7868917707360503, 2.389186475441023, 4.286676172880555, 2.157632565244455, 2.3226139644047485, 2.2732956237281225, 2.3726281072996267, 2.549778317836689, 2.552828949885784, 2.5017884528224545, 2.3879762147120402, 2.1062612960683222, 2.230184657144531, 2.8060625738299994, 2.1683888251971037, 2.247382869396013, 3.1167792328199186, 2.4889525317705172, 2.1302248133317923, 2.0793337614158895, 2.1827425705235095, 2.1184291584722796, 2.7853653063672024, 2.437188108828668, 2.157097065120666, 2.3984654501657916, 2.1882994426798796, 2.588180258619859, 2.244198129404088, 2.404506187690139, 2.5392945203507797, 2.0679703419477793, 2.2624739343242655, 3.2902379975842955, 2.46348631212745, 3.0354804844672616, 2.189332653323732, 2.2966234331798243, 2.003519248807484, 2.2067949051794487, 2.1050233948912944, 2.175186996213744, 2.1158663415383723, 2.7422100519677093, 2.055280795356686, 2.5734676298782233, 2.245887846778701, 2.4943728805100274, 2.0049778605032387, 2.1574548603035986, 2.0293637865503236, 3.6993362474306997, 2.489110223776576, 2.1987577685627713, 2.738506866103657, 2.4629087512199273, 4.108179846546788, 2.3850004352321856, 2.0794004796941183, 2.507279541169914, 4.158866213891597, 2.208468755232308, 2.3873157910012677, 2.295713624228093, 2.155510839809666, 2.191254762877573, 2.2551667805366273, 3.395884204699033, 2.0542109176038004, 2.7153501851668786, 3.8001359258621075, 2.535410701964612, 2.272629608559682, 2.480415967256253, 2.320709091896919, 2.2636555565186223, 2.149965132201876, 3.047892641304411, 2.2840883349422514, 2.1174766563498157, 2.168437978475284, 2.004383359252225, 2.8016569580804473, 2.4223435876767856, 2.8558816069104855, 2.1383474521655748, 2.368131768222762, 3.5107282780621434, 2.6258967760556424, 2.081314122675461, 2.5093890884729753, 2.2714772976028854, 2.129881329956177, 2.411518610101793, 2.2468538236167004, 2.605828055032066, 2.5351854452474583, 2.216210333138802]"
0.1,7000,3739970.428116327,3739970.428116327,0.027112483978271484,659.7868787124228,"[5, 3, 3, 3, 3, 4, 4, 3, 3, 3, 1, 3, 3, 2, 5, 3, 2, 3, 2, 2, 3, 3, 3, 2, 2, 4, 3, 1, 2, 3, 3, 5, 1, 2, 3, 3, 2, 3, 1, 4, 4, 3, 2, 3, 4, 3, 5, 2, 1, 2, 5, 3, 2, 3, 5, 2, 2, 3, 3, 3, 3, 3, 1, 2, 3, 3, 2, 4, 1, 2, 2, 3, 2, 3, 2, 3, 4, 2, 2, 2, 1, 3, 2, 1, 3, 3, 2, 3, 1, 4, 3, 3, 3, 3, 2, 1, 3, 3, 5, 3, 3, 4, 3, 3, 4, 1, 2, 3, 1, 3, 3, 1, 4, 4, 4, 3, 2, 2, 2, 3, 3, 2, 2, 1, 1, 2, 3, 2, 3, 1, 2, 2, 3, 2, 3, 2, 2, 4, 2, 2, 2, 2, 3, 3, 1, 3, 2, 2, 2, 2, 3, 2, 2, 2, 3, 3, 3, 3, 1, 3, 4, 1, 2, 4, 3, 3, 1, 2, 3, 2, 3, 2, 2, 1, 2, 2, 2, 3, 2, 2, 1, 3, 2, 2, 2, 3, 3, 4, 3, 2, 4, 2, 3, 3, 5, 3, 1, 3, 1, 2, 3, 3, 3, 4, 3, 4, 2, 3, 1, 3, 2, 3, 3, 3, 2, 3, 3, 3, 2, 3, 2, 3, 2, 2, 3, 4, 2, 3, 5, 2, 2, 1, 2, 4, 3, 4, 3, 2, 2, 4, 3, 4, 4, 2, 3, 2, 3, 4, 1, 3, 2, 2, 5, 2, 1, 4, 2, 2, 2, 2, 2, 3, 3, 4, 2, 2, 4, 2, 1, 4, 4, 3, 5, 2, 4, 1, 2, 2, 5, 3, 2, 2, 3, 4, 5, 3, 2, 4, 3, 2, 5, 2, 1, 4, 2, 3, 2, 2, 3, 2, 2, 2, 2, 4, 3, 3, 4, 2, 5, 2, 3, 1, 3, 3, 3, 1, 3, 1, 2, 3, 3, 2, 1, 4, 1, 3, 1, 4, 1, 2, 2, 2, 2, 2, 3, 3, 3, 4, 1, 3, 4, 2, 4, 3, 2, 3, 3, 2, 3, 2, 3, 2, 2, 3, 2, 2, 2, 2, 3, 2, 2, 2, 3, 2, 5, 2, 3, 3, 2, 2, 2, 3, 2, 3, 3, 2, 2, 2, 4, 3, 3, 3, 4, 2, 2, 4, 2, 2, 3, 1, 2, 2, 3, 2, 2, 3, 2, 3, 2, 3, 2, 4, 2, 1, 2, 3, 2, 1, 2, 4, 3, 3, 4, 2, 2, 5, 3, 2, 3, 5, 2, 2, 2, 3, 2, 2, 3, 2, 2, 5, 1, 3, 3, 2, 2, 2, 3, 3, 2, 3, 1, 3, 2, 4, 2, 3, 4, 3, 3, 3, 3, 3, 2, 1, 3, 2, 3, 3, 2, 4, 4, 3, 3, 2, 3, 3, 4, 3, 2, 2, 2, 2, 2, 2, 3, 2, 3, 2, 1, 3, 2, 3, 3, 3, 3, 2, 2, 2, 3, 3, 5, 3, 3, 5, 4, 3, 2, 3, 2, 3, 3, 1, 4, 2, 3, 3, 4, 4, 2, 3, 2, 2, 2, 3, 3, 2, 4, 3, 1, 1, 2, 2, 3, 4, 2, 2, 2, 2, 2, 3, 3, 4, 3, 1, 2, 4, 2, 3, 2, 3, 4, 2, 3, 2, 3, 3, 3, 2, 3, 2, 3, 2, 3, 3, 4, 2, 3, 3, 3, 5, 2, 2, 2, 3, 3, 2, 2, 2, 2, 4, 4, 2, 3, 4, 4, 2, 2, 2, 2, 2, 2, 2, 5, 3, 2, 1, 2, 2, 2, 1, 2, 2, 3, 3, 1, 2, 2, 2, 2, 1, 2, 2, 3, 2, 3, 2, 3, 2, 3, 2, 3, 3, 3, 3, 3, 3, 2, 3, 5, 4, 4, 2, 3, 1, 2, 3, 4, 3, 2, 3, 2, 4, 2, 3, 1, 2, 5, 2, 4, 2, 3, 2, 2, 2, 3, 2, 4, 1, 2, 2, 2, 3, 1, 3, 2, 1, 3, 3, 2, 3, 2, 1, 1, 2, 2, 2, 1, 2, 2, 3, 3, 2, 4, 2, 2, 2, 4, 3, 2, 1, 2, 3, 2, 2, 3, 3, 4, 2, 3, 4, 4, 2, 3, 2, 3, 3, 3, 1, 2, 3, 2, 2, 3, 1, 4, 3, 3, 3, 2, 2, 2, 3, 2, 4, 3, 3, 2, 3, 4, 2, 1, 3, 2, 2, 2, 2, 3, 2, 2, 2, 4, 2, 3, 2, 2, 2, 3, 3, 2, 4, 1, 3, 2, 3, 4, 2, 2, 2, 3, 3, 4, 2, 2, 2, 4, 3, 4, 1, 2, 2, 2, 3, 3, 2, 1, 2, 1, 3, 2, 5, 2, 4, 2, 2, 1, 2, 3, 3, 3, 4, 2, 3, 3, 3, 2, 3, 2, 3, 2, 2, 2, 3, 3, 2, 2, 1, 3, 1, 3, 2, 1, 3, 3, 2, 3, 2, 3, 3, 4, 2, 3, 3, 3, 3, 3, 4, 4, 3, 1, 4, 3, 2, 3, 2, 3, 2, 2, 5, 4, 2, 2, 2, 1, 2, 1, 2, 2, 4, 3, 4, 3, 3, 3, 3, 2, 2, 2, 2, 2, 2, 1, 1, 4, 2, 2, 2, 3, 3, 1, 2, 3, 3, 3, 2, 2, 2, 3, 3, 3, 2, 4, 3, 2, 3, 2, 3, 3, 3, 3, 2, 1, 2, 4, 2, 2, 1, 5, 3, 2, 2, 2, 2, 2, 4, 2, 1, 4, 1, 2, 3, 3, 2, 1, 2, 2, 4, 2, 3, 2, 1, 2, 3, 1, 1, 1, 4, 2, 4, 2, 3, 3, 1, 1, 2, 2, 3, 4, 2, 3, 3, 4, 2, 5, 3, 3, 2, 2, 2, 3, 3, 1, 3, 3, 2, 2, 4, 4, 2, 4, 3, 3, 3, 3, 5, 2, 3, 3, 2, 3, 3, 4, 3, 2, 1, 3, 3, 3, 2, 2, 2, 3, 4, 1, 3, 1, 3, 3, 1, 2, 2, 3, 2, 4, 2, 3, 2, 2, 2, 1, 2, 3, 2, 3, 2, 3, 1, 1, 2, 5, 1, 1, 3, 4, 2, 2, 3, 3, 3, 4, 3, 4, 2, 3, 3, 3, 3, 5, 2, 2, 2, 2, 3, 2, 4, 1, 2, 4, 4, 1, 2, 2, 3, 3, 3, 3, 3, 3, 3, 2, 3, 3, 2, 3, 1, 4, 2, 2, 4, 2, 1, 2, 3, 2, 3, 1, 4, 4, 3, 2, 2, 3, 4, 4, 4, 2, 3, 2, 4, 1, 2, 4, 4, 2, 2, 3, 4, 2, 2, 3, 2, 2, 3, 2, 2, 3, 4, 2, 2, 4, 3, 2, 1, 4, 3, 2, 3, 4, 1, 3, 3, 3, 4, 4, 3, 3, 2, 2, 4, 2, 3, 1, 2, 4, 2, 1, 2, 3, 1, 3, 4, 2, 2, 2, 1, 2, 4, 1, 4, 2, 2, 2, 3, 2, 3, 3, 2, 2, 3, 2, 3, 4, 2, 2, 3, 2, 3, 2, 1, 4, 4, 1, 3, 5, 2, 2, 2, 2, 3, 3, 3, 3, 2, 1, 1, 2, 2, 4, 4, 3, 2, 2, 3, 2, 3, 1, 4, 3, 2, 1, 3, 3, 2, 2, 3, 3, 2, 2, 4, 2, 2, 2, 2, 3, 1, 2, 3, 3, 2, 2, 2, 3, 3, 2, 2, 2, 4, 2, 3, 3, 3, 2, 1, 3, 5, 2, 2, 3, 3, 2, 4, 2, 3, 3, 4, 2, 2, 2, 2, 3, 2, 2, 2, 2, 3, 1, 2, 2, 2, 3, 2, 1, 3, 2, 2, 1, 3, 2, 2, 3, 2, 1, 2, 3, 2, 3, 2, 3, 2, 2, 2, 2, 1, 2, 2, 2, 4, 3, 3, 2, 3, 2, 3, 3, 2, 2, 2, 3, 3, 5, 2, 2, 3, 2, 2, 2, 2, 3, 2, 2, 3, 3, 2, 4, 3, 4, 2, 2, 1, 2, 2, 2, 3, 2, 2, 3, 1, 2, 3, 3, 2, 1, 3, 3, 1, 2, 4, 2, 3, 2, 3, 3, 3, 2, 2, 2, 3, 3, 2, 4, 2, 2, 2, 2, 3, 1, 5, 1, 2, 3, 3, 3, 1, 2, 3, 2, 3, 2, 3, 3, 1, 2, 4, 2, 3, 3, 5, 3, 3, 3, 3, 1, 3, 3, 2, 3, 4, 2, 3, 3, 1, 4, 3, 3, 3, 2, 1, 3, 2, 4, 2, 3, 3, 2, 1, 2, 5, 4, 3, 2, 2, 2, 1, 2, 3, 4, 2, 3, 3, 2, 2]","[4983.666066692905, -141.5505421601655, -293.4263935599373, -229.14438632924907, -1169.4716649678444, 5495.4741395197025, 1917.4854330345338, -674.1385503598282, -2202.571610192988, 1625.4527939655127, -438.3640300361035, -388.3560271532755, -1903.1284484642606, 3098.7420617963376, 1968.8557512950542, 1395.6338461344449, 3045.042326073233, 176.46714853440943, -417.73147799404956, -202.3511274075098, 1498.3525852791095, -1369.5771563582075, -1770.720342024992, 1229.0661722258196, -424.18789420504504, -406.4388635751985, -1463.2779481487073, 2344.0412861580835, 2853.9941402539866, 1659.9697930806615, -725.4857934986904, 1869.4106536490808, -1740.4658604668475, -138.84805325342666, 3279.7397315133016, -1016.2891218748986, 147.84686966297215, -48.25466941971348, 1767.062075013036, 4048.333026874506, 5144.198665918959, -241.84103381140812, -1641.7128227127819, 2176.6445599466283, 381.989725674528, 2686.4356664631778, 2111.1804524678323, 53.39002761222417, -1453.987797586335, -1208.4290725761093, 3123.4103347920895, -1391.984890152387, -1625.4084176135666, -84.88700621973112, 5617.396905294771, -1305.6648723241947, 46.46316188327921, -766.2961779635717, 2452.405802817652, 5350.983132959011, -167.09827309577315, -107.86763353773955, -9.222342203621167, -854.0417479313456, -1750.4840028851017, -1713.8367489409338, -1508.3462757325428, 1824.3917330197119, 2828.1398306810943, 2219.414469532288, -1779.9962376471772, -1370.2955405674793, -1064.7709019770268, -1171.8590268077319, -1268.4185516266161, -1763.4578294217313, -338.5713167238539, 452.7681255169773, -1889.9775719500954, 2603.252390638247, -1186.1032845603327, -2305.042446463042, 1218.2193468606051, -1656.1019382018926, 302.0226118778582, -513.6363965767624, -1049.6158463020565, 1450.0406461218709, 5429.1490555547925, -1844.1192601206785, 984.0563988297996, 1800.0511971120186, -1802.5407435215939, 596.6031768965888, 2701.332303680908, -1085.316287526749, -844.9771142826074, 3881.3249157778496, 5405.762267768573, 1643.1371786469867, -592.9007056542183, 2621.6806092744278, -456.5975133720874, 2756.526790749557, 4384.324268879661, -1605.4703005519737, 262.9557052129838, 604.869129612646, -1125.6826710978462, -1178.721120336079, -173.23625970749026, -1032.388272841618, 1196.969357539378, 518.9875323079051, 1419.920817986002, -373.0652313927553, 504.2786659647566, 1499.298737936219, -989.7182300689975, 183.91736624973402, -556.6236049389403, -1716.9910614208393, 1383.082647404518, -1403.9669379211691, -472.7252191636983, 3536.72679962172, 903.6565806898429, -910.1468489177652, 1478.4191155110934, 2206.86940998171, 1286.407838160355, -884.3820758570895, 2091.8763881547766, -1376.718183381251, -192.3449516396189, 421.6169730571404, -419.2438872335283, 7682.079286397294, -1573.9996034688652, -1404.5853111316897, -83.44984432833587, -1663.1966913277506, -816.3601098963096, 397.8035166795938, -901.809126968392, -1353.2917319607277, 1230.3274780516435, -1859.893736494087, 1387.8686031699158, 3185.1569688272834, -623.5763110984086, -873.8188678149087, 3482.1292840201468, 1158.5620387112442, -1608.1850541347599, 2544.340498215963, -150.452939970565, 1455.2611436606298, 1580.0512357166954, 1885.753896971651, 2312.0588073663926, -1101.3674452049354, -781.3888080239186, 4145.0286778206655, -735.6337154863396, 3416.4065039519164, -1161.0386535375314, -915.0789780225297, -1997.6438787360362, 67.1514716366396, 806.3929678793701, -1320.626289847101, -1682.1045160600638, -942.6054572681224, -860.6273214560184, 1057.2523538406679, 1204.3055034273275, -1007.3418472345935, -1234.4740314963115, -1333.825167403841, -449.19181705914673, 2344.899967452302, -605.2714091990397, 2316.9114648806417, -1738.9145833289836, 578.4036501374959, -1224.8596890170907, -2024.6729562386945, -998.3765028520635, 765.597826969728, -1703.8410631975853, 4024.4968192671336, 395.59675501464676, 5108.8461484238105, 3393.108899414026, 2830.2479601756704, -1518.7179115969166, 413.8717411217501, 2926.4694077020645, 166.43592658339628, 2484.7111859186625, 1881.2236465489668, 552.3537059497039, 3392.16227523853, -892.0863371642166, -924.0695496262518, -1509.646008477786, -654.2101667227581, -804.1782402740324, -1442.0628067687762, 522.7084558489928, 2775.338233290356, 3301.551824640847, 3058.373867682421, 1843.7245974424427, -524.3536764897536, 1645.3271207780872, 29.086000837760764, -496.9852248076096, 53.21945055673257, -1797.480002793814, 2525.9100388480333, 1559.0882990303485, -775.0268342429478, 1969.2576453884822, 2269.5225397251365, -945.1664958391899, -1670.3461959544939, 2477.5204887380837, -443.87826380254637, -1812.926604889722, -491.02879770616835, -899.8603135714653, 917.8411477389781, 1060.179882400767, 3388.097742733622, 4237.043663656487, -1052.319986027811, -207.06329785172773, 2267.098273234307, 1882.1913399795953, 2446.276486440635, 703.3976618410895, 2692.8476876658756, -808.9767520382308, -1422.2670981309047, -552.7400258034804, -1007.094170484431, 751.6636341132985, -84.91619014513202, 1411.578704582072, -1646.080811908258, 4013.1784947939127, -1947.2744034227903, 1276.6566704823367, 4339.429100105492, 1522.939605918465, -854.8305444935805, -1052.2316363740092, -376.7036968858296, -2071.4722576517274, 1434.520857474547, 921.2684416795786, 1857.0866207064628, 2541.427244807414, -993.0513568623038, 3108.755643563028, -30.49950088780895, 29.20015736172593, 1323.1713984869052, 5400.7745669024425, -1613.8916717430125, 5639.691092085244, -982.1752712453141, 7681.048072397468, 1925.9329963796904, 1082.5422194981024, -1221.7074306703794, 3594.8642398042357, -1495.8404803629319, -2061.0903994428945, 513.113596777931, -1487.665640092921, 3108.7050818024895, 1621.220517521293, 511.17799083327367, -622.2227030015947, 817.3410590279027, -429.3345333284151, 381.22962046559167, 3100.9857279555104, -1384.075849215184, 1165.7769086959033, 310.4373728060157, -394.15035071590376, -1671.027011940152, -1546.2325067471393, -1661.9087065694707, -1118.845375374649, -1343.7096967252655, 3035.4817768949097, 988.4516373667773, -970.4754716432941, 4396.880291814757, -1413.6774811189794, 357.1968506523493, 773.3926673476155, 2124.7424910807376, 2114.699398204584, -1315.607303642439, -1303.6705276474418, -1411.9106367751256, 2119.481914712975, -1249.7801673102663, 1755.1740052489, -2061.904299393833, 141.98858817974303, 172.57246600572563, 1990.0023271161426, -1965.3737258691435, 945.133602526486, -856.0400430836888, -1182.72067601161, 231.26460791896727, 2666.885891027598, -521.6225766431113, -1294.112821170439, -583.7048227518767, -888.2178014251327, 619.0555366235291, -901.2455052587567, -1292.8221271733291, 3596.9632088598696, -440.8037350634452, 1301.5274131659571, -1079.9985552898315, 618.1211300079588, 291.0115627904439, -1698.0785068399564, -1449.972569217663, 4627.6579184304455, 1979.631652097673, 1723.8711562849448, 389.0855602466126, -1018.2224023392565, -270.63858221809346, -2021.403644608964, -1441.1233338560473, -1131.6228050539912, 992.4623546921409, 2570.8683168451244, -1732.2933456771361, -1731.1908431355737, -472.05648590684984, -1779.9126178419447, 374.9220859384796, 140.1002995331678, -1511.0743193225908, 163.62887695823878, -1093.6172075519949, 1536.1249753907941, 552.4504714797488, 1694.5337956368617, 482.4360010696007, 5750.184388376697, -1678.853979179442, 1295.7342217483786, 1709.2072002951559, -46.784592210726885, -839.5412984925466, -292.789427508088, -1764.7636746801631, -1233.4731273383168, 3389.2786249676383, 1543.3070306825366, -1442.8577141769156, -1587.986663324847, -281.2453037454942, 2052.9942864688846, 376.56171273014587, 1604.7728551438772, 423.11990256951907, 3134.010445621754, -1915.5578726714957, -907.6485408318805, 4090.866472602519, -1708.6839643576363, -1925.3818411426632, 3159.26339535148, 3965.2317815765273, 178.49255540927783, -1693.9635562582907, 989.9586076637815, -1934.9863237884197, 558.1548992812549, -933.2959430430593, 334.70350436906125, 1920.4264459969172, -303.1536986511584, 1048.7005572392102, 282.79814917696746, 3705.9770595604828, -1149.301787983466, 144.09004498348838, 930.82545090374, -750.6849829709957, 1984.9242061449368, -1391.8640764755987, 345.4538196232511, 523.2312480201057, -58.38552678499025, 1006.4354154469556, 2210.9996752673983, -1065.1808086749434, -1724.8867710732839, 1538.7954651742384, 219.98605404528053, 3710.5262388955102, -340.2202441894318, 5815.0013300507435, 1445.1000692846947, 3700.3813561853417, 443.5979359680331, 4033.3592950277566, -1224.7394442387795, -750.3409064339495, -1322.7453161212393, -950.8424591248394, -1069.9459740382235, 2397.8678523978174, 1155.174964341869, -862.9952082185051, -1803.702825895688, -1428.692111789493, 1538.8423638463141, -1837.98934732417, -1928.7630556205586, -1140.719057103403, -1319.6683810141308, 671.5507372574052, -1345.4933812737863, -1834.500579740316, -1165.8773900804676, 491.851493291725, -808.568601922137, 1670.7554630695913, 4625.581934597452, 415.245960528036, -1664.0393610999595, 406.6902175380089, 1615.595863286812, 48.58775093238131, 1402.5583982241542, 1000.6631235232063, 80.78691679352823, -1089.9951692104846, -319.3183755639035, 931.157440766816, -167.68650776360676, -1707.3101368987777, 1554.4485236849064, 619.9818042255857, 4359.896666478601, -1024.3836000843016, 1613.0088523455188, -1041.4155184499577, -378.41930289244385, 4274.0090278818525, -1423.2705423307225, -196.20428352058389, 1576.3108370982063, 3860.126112992051, 3969.0293295574143, 1318.0175007826142, -2311.0194632310227, 3483.1179448339485, 1476.507207043248, 212.96364204766712, 1715.0306561900497, 966.6064173960261, 21.01832172628133, 27.502296867386292, 1550.8718809496704, -1119.981740097046, 1040.8962834079073, -1686.061793400378, -1244.8736573741216, 550.0327237103357, -346.9951968529981, -1733.8385573336132, 4048.483201315889, -927.3041003342759, 2370.7201125054753, 470.9958758598858, 468.79428281141395, -1128.8718184455538, -1757.650381396681, 565.0743749394846, 1192.312967189349, 290.9745804839607, -2146.099501335481, 1973.5881631761376, -2191.622645314878, -1698.954119224592, -2884.396082212702, -1825.7099557680017, 5244.186459971786, 1945.3172808511827, 901.2103892321088, -232.60824383838838, 408.8436217728988, -503.6582458711857, -1814.1192136669092, -155.8018773983381, -1742.3740493835662, -955.2106571275336, 4398.742902561707, 299.83405929571, -1912.5091916057413, -1096.910588156004, -1048.5364596429117, -1809.4697737078736, 233.07739609143135, 203.55722362255472, -943.285682672914, -21.1228851729673, 283.72978286597225, -986.7606160847719, 1331.2955122939738, 284.2819124276646, 3488.5505278512205, 4133.037150324783, -358.09181002901084, 5842.063579649187, -1062.8238451619231, -588.4218178755752, -1372.261062304402, 1495.7454832853596, -188.18109228803416, -186.76318073873722, 3630.69633540019, -753.4991386238454, 1286.0583364673219, -1070.197774269865, 372.7585836264747, 1065.302170452259, -360.8594776431511, 1826.6081722203503, 3377.3524628296723, -1116.188573396937, 1960.3675634696901, -72.66570817080753, 2560.88487362112, 871.7685436151821, 1967.7725878792012, 3167.4772899046707, 530.5763034075112, 1609.996629587512, 1201.370234126582, 1555.7927509725523, 1139.2708047405454, -1444.1925458178785, -1651.1300629078319, 3487.054015061555, 1364.928833398176, -1038.6571593661743, 295.3878279448736, -929.2719974378912, 621.1099259357676, 4347.2663698939605, 3924.770665264306, 3866.858738147001, -1337.756392350611, 1487.6491995593324, 2428.0378905038015, -1122.7082126652172, 5662.506211447635, 2098.781871375312, -355.4247816198191, -1547.0261733533725, -1177.4961221949961, 3592.203399884071, 2395.9956736144686, 1183.4364833410868, -1575.4015570495671, 3740.523954301396, -1951.5395558525292, -1810.6235145866754, -695.6136788686039, -415.1474551270967, 291.8425114356705, -1119.349466703291, -1500.1404186289342, -1300.895666176289, -984.4441944969668, -1842.4425220124494, -1690.904261335505, 150.12015725574815, 996.458248178841, 6494.674841061597, -1690.161305445531, 132.7953233128834, -788.9520709062361, -494.28742599736813, -905.8039606912558, 974.6113728671983, -1027.944664522452, -111.2617342344056, 660.3205026538055, -1727.4198196309148, 1262.2065810898662, 433.6167889297553, 575.8417332755174, 251.31047563892417, -1055.4985195184872, -1821.3182000490692, -1319.2832151939228, -542.0613033058704, 2080.0214513629444, -1223.579374720383, 3149.8355737418183, -512.7064087105845, 5736.281652649845, 228.4581772300752, -534.6193739672782, 2523.065271149229, -2900.124676201498, -1242.0564271168564, 1037.348016404917, 2077.2203804804226, -805.1594959138826, 348.9600298337024, -1968.1745289748446, 1984.8162079729905, -731.151374942341, -1199.8632315089671, 3883.3117510732736, -1191.3810396834906, 3247.6459524073143, 4096.176611963942, 4580.048904275148, -945.5385445161638, 1726.7079088081286, -1400.4113124254932, 425.5985580502388, -1427.8713788252521, 2250.815587330687, -1051.7929439267373, 237.74517757465168, -2025.763966632314, -1227.0064829890994, -403.8394291884297, -982.9368735300314, 2943.9256115383128, -1263.0270340685183, 1804.2412486177209, 461.93782491355637, 1999.7545128456459, 4932.169347570395, -1.8130811338993453, -1339.8986963849857, 1268.19689994477, 1295.551040097403, -495.90881018278185, -1660.362571257565, -1616.311241908726, -1156.369915730283, -1845.3088715141366, -1844.581283446746, 2141.3174494783125, -59.41029352978171, 1815.7723278964336, 7629.151253681939, 311.1562846362675, 659.1095381883711, 1645.3278133576564, 3146.8170565681626, -497.6631834631072, 2496.2790682244913, -859.3331142952633, -300.6403852536854, -1581.5464633166007, -896.3519346599425, -1280.9728225412227, 3604.9316947809, 1487.8231069763774, 3676.4276370040748, -2166.8782520663126, 1279.4244189841852, 1461.4845830156987, 3881.505341578193, -1559.8035989456935, 6608.897641572256, -314.81927764836985, -1745.1904013499197, -266.3990489569745, 1243.9136164044278, -1775.9351602754855, -53.218611093994696, 81.67167991772328, -1466.736226519944, -1157.2139836603405, -1120.375107651973, -619.4123119862502, 2502.47118190032, -1487.8280844603387, -247.49379522834113, 1457.5839928059613, 3088.352171484647, -1449.0593095647264, 2583.0632741742033, 680.6410227433626, -1373.41651848753, 886.5567378036541, -2151.1281132169765, -1251.3399469663868, 90.93623666088735, -1014.6155922016166, 6359.11444640433, -366.5384888546373, 1050.9650436717889, -366.63544617324646, -358.1796671107112, -1671.8660937477653, -1895.498941933115, -870.3090417139982, 724.544736085323, 921.5741151211935, -1198.2758909773133, 908.9464998643729, 167.88556406019632, 800.7009445144846, -1176.6639796378054, -1707.041702693236, -1665.874333593974, -1420.3718072740207, 1761.6285664344528, 1049.3295030292654, -1565.024915467643, 3414.84485202552, -1634.1198132352051, 955.1877877072513, -1672.1625474031762, -1496.94942805739, 5067.703702065176, -117.64082057871849, 1489.4751042068979, -1452.1606230385487, 1850.3325863645246, 1519.8753217924636, 3428.035214984342, -450.37915609086565, -1007.0647739823879, -1854.1107771598913, 3831.9423965827127, 425.9059880736762, 1677.8512975297376, 2357.981557231276, -1122.0306221331598, -1799.4156087384713, -912.7723745558375, 2027.7186710089018, 1392.0562879178224, 3194.287433727462, -1305.1193281108262, -482.7803037015086, 959.8806949620567, -1198.8607522420748, -1498.9361897842941, 2137.061212858531, -956.5783901034273, 3328.9699933380252, -1198.7514266262087, 645.1034090732227, -817.7005180987236, -956.3655856896818, 516.7437089346495, -1364.4126981540426, -1305.8907072391607, 5116.540942319213, 951.2207068746644, 1697.2904353292975, -670.7503099894969, 2440.414971245444, 224.54005074060058, 631.4478810922317, -1847.0530940730996, 1338.0543255160205, -1656.655115251503, -1964.4396559408437, 1481.8058514864556, 516.4024580078737, 1291.2967079121772, -1435.8389402660055, 1146.6632523237206, -875.4639335490498, 836.7358546296132, 450.1851088604458, -1850.6406559707812, 92.3570924753534, -29.678628162994528, -511.230384533249, 1707.1346825096875, 1329.047426799158, 994.3343105832079, -1490.4086477170608, 1055.5623670026735, -1520.1675903512132, 282.09761562652056, 1933.365190152162, 385.5955436868101, 1457.8256953953423, -41.946440494351464, -421.2033144874862, -1691.34851655774, 56.660861232292916, 633.0745685465673, -586.7952350934773, -1851.5090728311197, 5125.919574472456, -2018.8129583605696, 629.3318444477795, 1458.9292319164742, -1222.4188952243348, -429.0480660968109, -1937.9481477542772, -1346.2981893580313, 2282.0648289556075, 2776.0601958614943, -1153.400896240128, -1143.0639477289405, -1419.7995841281968, 1937.3988917734114, 2863.2048809628354, 584.8418547340178, -1119.7092773827972, 2963.2602327814634, 2440.4492679803698, 2569.448317442923, 2226.560923852999, -282.90568589040026, 1003.5771464934139, -1434.863655276631, -158.0555848639001, 4639.275534236592, -1708.8129384916465, 1212.6467385403462, 3900.584883582688, -140.45609431301853, -1282.0991876695816, -1720.4944010913578, 621.2665852126552, -211.9865696812834, 490.85282753716086, -1354.6551266006245, 455.764689954581, 2140.9388730934497, 2774.460908455985, 1603.3618585766244, 838.995555675326, 2445.6906864567495, -7.852155827918239, 1395.34226875165, 366.87116404713936, -1239.5503092436807, 1327.974500100502, -398.5965130200956, 1430.0724935225448, 1108.3301351197742, 1475.1687302321084, 1344.8392896146881, 1910.8380114026113, -1673.01931884665, 3884.4300277750885, 2622.738094552057, 2235.0571143447874, 1605.9022924569153, 1091.482197989436, -1542.736671993353, -2051.659548441939, 343.63398036033504, 331.81213812068455, 726.8877287011796, 152.8612803785552, 289.57156800913214, -2955.6164926847955, 1844.7500120704194, -152.35488070054214, -970.1743175757462, 708.0518264711043, -1073.9526464919409, 903.927777687629, -1450.4153689197524, 644.4765457717598, -602.1479892853885, 1123.5795031063822, 1627.812772261374, -1503.2023484244542, 207.76692773342185, -437.1225537664934, -1825.6513817110363, -760.1860534457807, -983.4616273412815, 995.8060953424784, -921.7779927486441, 1038.5595070626446, -277.93309785026804, -366.82794652835776, 361.8218334985602, 1666.4655697621442, -1337.3721048213142, -201.35254872981466, -920.6648350725542, -1784.496428415146, -226.691094178129, 2752.929000166861, 3921.26052977096, 4472.3477226606565, -1500.5367145209452, 2847.574353073169, -1570.4288288140065, -2189.705827627677, 1289.6694515593654, -506.43653190369116, 381.33511476508477, -1699.5114237008415, 2059.7809056603105, -654.8524025200755, -1570.6598092070967, 1707.2627783527864, 3143.2755399115445, -1358.7174742106554, 4284.809213646178, -468.038819015425, 1388.3126582332875, 67.31448490253354, 1026.6819217106054, 895.3285943065896, -911.6729813894298, -1338.6474314306956, -317.5518756613627, -667.4388796583684, 1682.2536908997668, -1301.6474916173897, -1260.0790730954204, 2100.066299777033, 3585.0077539529248, -1839.6924014190054, 1832.205014398694, -1398.2719780056996, 2024.2098837870112, 2822.26788830931, 4771.348472164806, 4234.050897319865, -212.82905798056743, 1809.1547313277415, -1397.342628084643, 3336.0488822083566, -1852.221053164992, 1698.4224085971373, 334.2445036194189, 337.1223200763526, -1728.6156775438299, -502.9632028563493, 1910.2955679555007, 2677.443889106427, -412.492797156759, 327.0417668809904, 1975.30289089184, -1329.6942549084201, -1200.3125750037457, 3634.78341897606, -1848.5010162455733, -32.24746468028928, -1657.8184224994184, 1308.11819723078, -266.537758657105, -1760.135984301865, 1903.7494312276895, 246.67428440965432, 2111.7773898127857, -2217.103104234533, -688.9702861802433, -1776.9868577047323, -304.2385610083983, -1498.8762220913559, -797.3853956741449, -647.5988461099556, 1114.5491853133633, 459.98387379254825, -217.70519630796468, -1068.9374783214835, 2626.9919878999135, 2290.8843334114504, -1959.8269177555744, 1953.227839105452, 1439.4391153976544, 613.5494506088552, 1718.1518033071065, -1320.371590714808, -393.5726019855915, 4820.977368271519, 904.6145807261598, -814.0891761692379, -727.8812013846385, 1427.2320166087611, 1285.7171268180423, 2432.7287534368174, 388.41277394407524, -781.3119758674708, 6045.754236802982, -1655.4003036101135, 3091.9425539664035, -499.1142506757859, -1469.4919139753724, 423.98542871810355, 5211.105066715066, -829.6299609504473, 921.0572401438791, 1172.7970620787241, 1446.0220777317204, 1157.2306376789338, -1424.4392885211123, 3953.5211083332947, -1125.182658164305, -1506.5496022384373, -1804.4406894260974, 4326.474295982949, -1082.601843336398, 1231.4868197901965, 1698.2959867808686, -1278.34729690315, -1510.790529570384, 2988.3833069751913, -1128.6642302238615, -1391.5099687664851, -228.3422131177383, -60.923342381665975, -1179.5174016432252, -1017.2985825245638, -819.4427041198618, 3556.7721722379006, 5191.256433437206, -786.6048139577582, 3397.431895027697, -1559.4143428893212, -173.3337306644188, 1661.562755356882, -430.43778366492654, 3667.7392823795835, -1885.1735386884297, 2070.528462360673, -140.9735659579576, 1549.200168574098, -1078.7396661081962, 3338.887246466616, 1458.7737870015112, -424.0758511614521, -953.9679976964532, 99.41021491058183, -40.170297896322495, 2158.1779640512436, 269.85875371964914, 1399.1309964910874, 113.08093391450257, -1239.5943520566234, 1077.3112845790488, 1805.6465098688986, -1173.3202389874677, -1767.028546871009, 2112.459062685104, 1379.06715466981, 3453.5914097671684, 2068.628743293612, -1345.749572959984, 43.903111927264206, -1383.6469789760463, 310.77344429635855, -145.69477515030906, -1324.754225130614, -179.1419172198065, 498.319885613868, -1255.223801496515, 2039.2061361777196, 1746.05344877887, 972.4174684194442, 85.2132196702184, 1866.9846127424616, 914.9863244949382, 962.2449431730627, -3.635606862685165, 2836.3453412017934, 2707.241270501062, -1590.003604871934, -468.26309236929876, 1199.183426285193, 276.623092526184, -199.76578118365808, 1947.2670710220978, -1111.580496013593, 1223.2654447877917, 3086.442102978465, 2475.2301303338586, 1873.1203977063687, 2441.073448160067, -1574.5172565867292, -905.5221498364382, 4556.383712125781, 1072.0619898847267, 1446.5662459044847, -1437.3654765261613, 2682.142207964094, 1763.6125788774607, 1861.9672020815528, 326.18469165752674, 328.57876648710976, -1570.0842621245947, 135.98710553332512, -1138.6155224843365, -796.8097971798251, 2949.576551232398, 947.1570507153278, -1096.9750752230093, -1907.491769103769, -1362.886033974377, -921.8132608413706, -1149.0729720477107, 2464.7269690687604, -1626.3636915738025, -414.0820639020973, 1149.3911241850874, 3566.087814049382, -265.8577972802311, 269.1679144578263, 377.036984785979, 94.4575549097409, 833.3445143054549, -433.40547979818245, 1788.3112140087574, 1928.5129494604398, -1597.4865796397394, 167.8441025665732, -1198.3071301264772, 3138.8440194293144, 1598.3689412798421, 485.9829384870741, -1257.5803199435481, 1149.8461772689536, 1410.0168135871763, -380.07281588468425, 263.17478558261905, 394.1134781074332, 1297.181978810867, -1333.9062348913321, -1699.118003027355, -1903.810166422957, 2285.9613581270155, 1395.5083851640802, 2015.9463844707634, 1934.7704795106056, -904.4585151932616, -1800.721741272093, -1889.9899423889492, -1756.5290791914535, -139.2511150969773, 1144.2064470089554, 430.8500748423317, 1852.7193261478342, 1949.5456591259422, -1363.1723642032612, 42.477366908549016, 2616.266361930296, -1419.7244832041602, 2659.46637470622, -1757.0282138340835, 2018.652928661526, -1674.3277809475921, 253.7849211380119, -955.0943628248125, 402.65703169667614, 1901.4298884236669, -264.68106026448015, 1844.327701313457, 1683.1568972633904, -676.8779560367117, 44.21779634786435, -80.45687969639135, -829.7073026581935, -1190.4444162050195, -932.8984272339577, -1793.6609900876433, -621.9652410770578, -2155.452073425455, 4672.910944088011, 3217.781967933628, 1444.0252518860102, 2258.57297431856, 666.019450235341, -619.0793137711556, -2107.054876496603, 1781.7463318168743, 1949.3902128818122, 743.5500373870103, -1774.9901376612866, 8383.05912759996, 5067.021105815567, -797.1548231565667, 488.5400511195326, 99.95813449064235, 3670.3039571219374, 3283.28948951485, -1344.352010833839, 4664.953282480927, 2047.04072012891, -1730.4462544962662, -1375.567650360681, -689.2222266073128, -1304.9680664989173, 2107.3388119743317, -1725.6468706303172, -2365.985828650229, 1861.2207330279339, -1821.5099046682617, -94.91585171348248, 1909.2460603330005, -1489.4748654988057, 2918.152727906808, 4950.796952484873, 613.5250769154131, -467.4467921371112, -1182.364642523667, -974.6058149620993, -1849.9745575866668, -1399.9464850296854, -938.1848332448425, 3127.9732691635954, -831.8515974310204, -483.1454522639598, 378.2877782343006, -1945.6693536601701, 3405.106694008768, -1187.1489169430474, 1095.2976975319614, -1497.3734204984871, 527.1794399186011, -498.35500164051564, 450.7574599257798, -1198.4485159768383, 1781.9910065919685, -285.96845269933544, -897.4662387418826, -1251.509590945123, 1998.1633497579114, -562.7695705349548, 4298.119060080015, -1554.4291935160832, 3593.152269968908, -1519.8168184198407, -2239.166190451592, 6.5979335645523065, 131.0516447378401, 3182.6536963013446, -537.7770119092859, 610.3839641337345, -1981.4097498813767, 1056.0195893313876, 1270.8524071077036, 150.2246246686799, -1364.1182900229282, -1093.7742542544338, -1276.2117609224547, 5074.486897740957, -1040.0928349322826, 70.1449131907408, -908.3085860105265, 705.3463468836511, -2395.613315981413, 4143.83366457847, 5351.973461118581, -935.867615921119, -1016.4285329148917, -1053.5519784833004, -1050.5335185152248, 1093.3300272657884, 4842.366739196305, 598.6146795012014, 2433.841561998323, -1156.1677251735687, -2056.4769820350075, 892.7326151049131, -1522.1590406491905, 587.8959912565823, 3933.521161850391, -1917.6206548908444, 1934.6850164815369, -504.77392081613914, -1674.8914026572274, -564.0664125684438, -1719.828302707243, -1035.9228398202367, -154.76747400535862, 1560.8820562246906, 1570.815086283807, -1131.4187299959444, 141.86890045884428, 4501.812009024404, -1143.204859076881, 1091.7648871351648, -446.6705246773761, 799.0944507946423, 211.28228717286322, -1911.5347849072782, 3341.9307024832874, -1114.0730602864442, -1057.6546865456212, 1799.2725253054773, 1007.2999044232616, 2356.0314406492716, -1202.9109063643, 30.11633035751572, -2311.7873410367747, 770.7840800796905, -1596.5886094981302, -1522.2126498312464, 568.4839945860582, -1608.2179554696904, -1417.3332124443177, -1596.352639315574, 2799.8552874675843, 1896.8356372774615, -1233.7690652138117, 204.4064024167135, 41.95150796894552, 1777.5480950907895, -1063.9404747241624, 2051.0567855109985, -1000.7609700350364, -1428.41113794809, 3098.309590909104, -1806.29516292364, 2201.179944658949, -705.2923768282984, -1527.238242211768, 717.0081517006064, -2108.192517109241, 1693.7491060513048, -1812.4883162309416, 2671.1846455554146, 1052.3847118029087, -1695.4644733498267, -1822.0366435660612, 5026.97930186501, -910.9649057317757, 1897.8941337617016, -1003.6574245559563, 2273.783790236511, -1710.6681324893025, -1959.3247861640702, -1218.8556781699135, 3890.063072886937, -1624.461386665546, 1183.0353710704303, 1572.4731555024714, -475.7225567456629, 537.7725269974268, 1195.0418090469902, -444.0043745590957, -1433.840200047675, 3055.9174257210866, -1116.942840396784, 3838.292518196879, 1354.729893485854, 1280.2142217568417, 715.0447599883975, -1574.8073104537616, -937.708554978588, 1267.0547012965621, -1281.0373096082276, 3631.177495312908, -408.0333052350936, -1946.3264941838584, 2711.5906410709426, -1282.2287307020683, -2292.2052578979797, -1363.6556977983846, 1212.3721110306446, 1801.3591458527808, 5090.291594387196, -1362.0114649906377, -996.650410907928, 1502.1894940086227, 4450.372231599519, -157.42334457359937, 116.97768241744399, -1800.3228522196987, 1466.5574404401323, 394.70184069477705, 2018.5790230781404, 249.7034633813114, -1223.9570061874265]"
0.25,7000,2241670.488903498,2241670.488903498,0.02549576759338379,510.65309502593357,"[5, 3, 3, 3, 3, 4, 4, 3, 3, 3, 1, 3, 3, 2, 5, 3, 2, 3, 2, 2, 3, 3, 3, 2, 2, 4, 3, 1, 2, 3, 3, 5, 1, 2, 3, 3, 2, 3, 1, 4, 4, 3, 2, 3, 4, 3, 5, 2, 1, 2, 5, 3, 2, 3, 5, 2, 2, 3, 3, 3, 3, 3, 1, 2, 3, 3, 2, 4, 1, 2, 2, 3, 2, 3, 2, 3, 4, 2, 2, 2, 1, 3, 2, 1, 3, 3, 2, 3, 1, 4, 3, 3, 3, 3, 2, 1, 3, 3, 5, 3, 3, 4, 3, 3, 4, 1, 2, 3, 1, 3, 3, 1, 4, 4, 4, 3, 2, 2, 2, 3, 3, 2, 2, 1, 1, 2, 3, 2, 3, 1, 2, 2, 3, 2, 3, 2, 2, 4, 2, 2, 2, 2, 3, 3, 1, 3, 2, 2, 2, 2, 3, 2, 2, 2, 3, 3, 3, 3, 1, 3, 4, 1, 2, 4, 3, 3, 1, 2, 3, 2, 3, 2, 2, 1, 2, 2, 2, 3, 2, 2, 1, 3, 2, 2, 2, 3, 3, 4, 3, 2, 4, 2, 3, 3, 5, 3, 1, 3, 1, 2, 3, 3, 3, 4, 3, 4, 2, 3, 1, 3, 2, 3, 3, 3, 2, 3, 3, 3, 2, 3, 2, 3, 2, 2, 3, 4, 2, 3, 5, 2, 2, 1, 2, 4, 3, 4, 3, 2, 2, 4, 3, 4, 4, 2, 3, 2, 3, 4, 1, 3, 2, 2, 5, 2, 1, 4, 2, 2, 2, 2, 2, 3, 3, 4, 2, 2, 4, 2, 1, 4, 4, 3, 5, 2, 4, 1, 2, 2, 5, 3, 2, 2, 3, 4, 5, 3, 2, 4, 3, 2, 5, 2, 1, 4, 2, 3, 2, 2, 3, 2, 2, 2, 2, 4, 3, 3, 4, 2, 5, 2, 3, 1, 3, 3, 3, 1, 3, 1, 2, 3, 3, 2, 1, 4, 1, 3, 1, 4, 1, 2, 2, 2, 2, 2, 3, 3, 3, 4, 1, 3, 4, 2, 4, 3, 2, 3, 3, 2, 3, 2, 3, 2, 2, 3, 2, 2, 2, 2, 3, 2, 2, 2, 3, 2, 5, 2, 3, 3, 2, 2, 2, 3, 2, 3, 3, 2, 2, 2, 4, 3, 3, 3, 4, 2, 2, 4, 2, 2, 3, 1, 2, 2, 3, 2, 2, 3, 2, 3, 2, 3, 2, 4, 2, 1, 2, 3, 2, 1, 2, 4, 3, 3, 4, 2, 2, 5, 3, 2, 3, 5, 2, 2, 2, 3, 2, 2, 3, 2, 2, 5, 1, 3, 3, 2, 2, 2, 3, 3, 2, 3, 1, 3, 2, 4, 2, 3, 4, 3, 3, 3, 3, 3, 2, 1, 3, 2, 3, 3, 2, 4, 4, 3, 3, 2, 3, 3, 4, 3, 2, 2, 2, 2, 2, 2, 3, 2, 3, 2, 1, 3, 2, 3, 3, 3, 3, 2, 2, 2, 3, 3, 5, 3, 3, 5, 4, 3, 2, 3, 2, 3, 3, 1, 4, 2, 3, 3, 4, 4, 2, 3, 2, 2, 2, 3, 3, 2, 4, 3, 1, 1, 2, 2, 3, 4, 2, 2, 2, 2, 2, 3, 3, 4, 3, 1, 2, 4, 2, 3, 2, 3, 4, 2, 3, 2, 3, 3, 3, 2, 3, 2, 3, 2, 3, 3, 4, 2, 3, 3, 3, 5, 2, 2, 2, 3, 3, 2, 2, 2, 2, 4, 4, 2, 3, 4, 4, 2, 2, 2, 2, 2, 2, 2, 5, 3, 2, 1, 2, 2, 2, 1, 2, 2, 3, 3, 1, 2, 2, 2, 2, 1, 2, 2, 3, 2, 3, 2, 3, 2, 3, 2, 3, 3, 3, 3, 3, 3, 2, 3, 5, 4, 4, 2, 3, 1, 2, 3, 4, 3, 2, 3, 2, 4, 2, 3, 1, 2, 5, 2, 4, 2, 3, 2, 2, 2, 3, 2, 4, 1, 2, 2, 2, 3, 1, 3, 2, 1, 3, 3, 2, 3, 2, 1, 1, 2, 2, 2, 1, 2, 2, 3, 3, 2, 4, 2, 2, 2, 4, 3, 2, 1, 2, 3, 2, 2, 3, 3, 4, 2, 3, 4, 4, 2, 3, 2, 3, 3, 3, 1, 2, 3, 2, 2, 3, 1, 4, 3, 3, 3, 2, 2, 2, 3, 2, 4, 3, 3, 2, 3, 4, 2, 1, 3, 2, 2, 2, 2, 3, 2, 2, 2, 4, 2, 3, 2, 2, 2, 3, 3, 2, 4, 1, 3, 2, 3, 4, 2, 2, 2, 3, 3, 4, 2, 2, 2, 4, 3, 4, 1, 2, 2, 2, 3, 3, 2, 1, 2, 1, 3, 2, 5, 2, 4, 2, 2, 1, 2, 3, 3, 3, 4, 2, 3, 3, 3, 2, 3, 2, 3, 2, 2, 2, 3, 3, 2, 2, 1, 3, 1, 3, 2, 1, 3, 3, 2, 3, 2, 3, 3, 4, 2, 3, 3, 3, 3, 3, 4, 4, 3, 1, 4, 3, 2, 3, 2, 3, 2, 2, 5, 4, 2, 2, 2, 1, 2, 1, 2, 2, 4, 3, 4, 3, 3, 3, 3, 2, 2, 2, 2, 2, 2, 1, 1, 4, 2, 2, 2, 3, 3, 1, 2, 3, 3, 3, 2, 2, 2, 3, 3, 3, 2, 4, 3, 2, 3, 2, 3, 3, 3, 3, 2, 1, 2, 4, 2, 2, 1, 5, 3, 2, 2, 2, 2, 2, 4, 2, 1, 4, 1, 2, 3, 3, 2, 1, 2, 2, 4, 2, 3, 2, 1, 2, 3, 1, 1, 1, 4, 2, 4, 2, 3, 3, 1, 1, 2, 2, 3, 4, 2, 3, 3, 4, 2, 5, 3, 3, 2, 2, 2, 3, 3, 1, 3, 3, 2, 2, 4, 4, 2, 4, 3, 3, 3, 3, 5, 2, 3, 3, 2, 3, 3, 4, 3, 2, 1, 3, 3, 3, 2, 2, 2, 3, 4, 1, 3, 1, 3, 3, 1, 2, 2, 3, 2, 4, 2, 3, 2, 2, 2, 1, 2, 3, 2, 3, 2, 3, 1, 1, 2, 5, 1, 1, 3, 4, 2, 2, 3, 3, 3, 4, 3, 4, 2, 3, 3, 3, 3, 5, 2, 2, 2, 2, 3, 2, 4, 1, 2, 4, 4, 1, 2, 2, 3, 3, 3, 3, 3, 3, 3, 2, 3, 3, 2, 3, 1, 4, 2, 2, 4, 2, 1, 2, 3, 2, 3, 1, 4, 4, 3, 2, 2, 3, 4, 4, 4, 2, 3, 2, 4, 1, 2, 4, 4, 2, 2, 3, 4, 2, 2, 3, 2, 2, 3, 2, 2, 3, 4, 2, 2, 4, 3, 2, 1, 4, 3, 2, 3, 4, 1, 3, 3, 3, 4, 4, 3, 3, 2, 2, 4, 2, 3, 1, 2, 4, 2, 1, 2, 3, 1, 3, 4, 2, 2, 2, 1, 2, 4, 1, 4, 2, 2, 2, 3, 2, 3, 3, 2, 2, 3, 2, 3, 4, 2, 2, 3, 2, 3, 2, 1, 4, 4, 1, 3, 5, 2, 2, 2, 2, 3, 3, 3, 3, 2, 1, 1, 2, 2, 4, 4, 3, 2, 2, 3, 2, 3, 1, 4, 3, 2, 1, 3, 3, 2, 2, 3, 3, 2, 2, 4, 2, 2, 2, 2, 3, 1, 2, 3, 3, 2, 2, 2, 3, 3, 2, 2, 2, 4, 2, 3, 3, 3, 2, 1, 3, 5, 2, 2, 3, 3, 2, 4, 2, 3, 3, 4, 2, 2, 2, 2, 3, 2, 2, 2, 2, 3, 1, 2, 2, 2, 3, 2, 1, 3, 2, 2, 1, 3, 2, 2, 3, 2, 1, 2, 3, 2, 3, 2, 3, 2, 2, 2, 2, 1, 2, 2, 2, 4, 3, 3, 2, 3, 2, 3, 3, 2, 2, 2, 3, 3, 5, 2, 2, 3, 2, 2, 2, 2, 3, 2, 2, 3, 3, 2, 4, 3, 4, 2, 2, 1, 2, 2, 2, 3, 2, 2, 3, 1, 2, 3, 3, 2, 1, 3, 3, 1, 2, 4, 2, 3, 2, 3, 3, 3, 2, 2, 2, 3, 3, 2, 4, 2, 2, 2, 2, 3, 1, 5, 1, 2, 3, 3, 3, 1, 2, 3, 2, 3, 2, 3, 3, 1, 2, 4, 2, 3, 3, 5, 3, 3, 3, 3, 1, 3, 3, 2, 3, 4, 2, 3, 3, 1, 4, 3, 3, 3, 2, 1, 3, 2, 4, 2, 3, 3, 2, 1, 2, 5, 4, 3, 2, 2, 2, 1, 2, 3, 4, 2, 3, 3, 2, 2]","[-2934.240995958083, -595.1671888752973, -16.799817322524042, -2140.4443269459057, 3797.096401739404, -5385.623664932364, -1246.062205953605, 1725.9372309317353, 2427.3173175032184, -2775.2447160804177, 859.0092603453039, -1014.0450955168694, 1279.0199697512196, -238.16912922427284, -27.14310938574429, -984.7135138585354, -556.0142152915305, -918.8141237264342, 778.5034454205995, 252.37889798453872, -498.1498210266541, 1420.5356979391177, 1417.1268377405322, -254.58776717230668, -242.35370791485704, 1257.6254108060346, 911.9432385201671, 1331.5806334904946, -2057.1899368144745, -155.46150996657067, 1749.2700219754497, -1888.802432335156, 2326.5313055556103, 1649.6313326753634, 303.0044789364955, 966.4428047407266, -1828.504916898763, 1005.1454777279042, -1638.7884479165689, -2019.807273634598, 655.4659693954802, 1881.1814928821252, -127.14528345828651, 981.2574820164691, -65.88034997233669, -2692.212408866436, -862.2526730226255, 856.7986992838972, 1542.523796359709, -939.7303073254853, -4688.665883205425, 1306.8573463567143, 1062.1633034170711, -1084.778805839626, 848.1415449673101, 927.5821612643025, 1388.6836562138606, -683.1052945813881, 296.7246162827861, 229.8137690618004, -325.3902947112735, 21.577502606378594, 518.0916894363962, -330.45306068792274, 399.4375572332341, 1109.75805267239, 1099.4467919060082, -3916.014152890787, -1255.3079090511087, -363.26775527031583, 2423.094904543815, -529.2752159261738, -553.1722082610394, -291.5806050395887, 435.9466514143412, 1506.9034582102427, 1277.8926944409427, -610.4445260881054, 1708.4447595098745, -1694.2185960969646, -256.7851669077403, 3173.9312649296266, 431.97840269172866, 2120.4496908646447, 1225.9601804985048, 766.949755693712, -1327.6744098062923, 1320.6182461057156, -806.1267198518326, 1596.4234748767653, -1409.0352311070394, -420.23607057150025, 1647.531877731943, -1130.215679896344, -213.0141283716283, -1001.434785242498, 64.56946612542939, -1335.912412125289, -2715.616572483874, -2211.0147291776148, -678.7503061856, -1996.4444082622315, 1856.7534025877044, 485.5932891924847, -2001.9176381219831, 2320.007587763443, -146.77653846424718, -981.9922170751275, 824.7576925161013, 2968.5834309203706, 918.7398817387229, -632.2755064600616, -599.3697494337548, 2099.9646410053924, -1044.0409875078021, 2126.4688418829624, -82.99864817893419, 482.84813819639965, -1473.9904787851801, 2006.1186662130183, -111.35159566178206, 86.84734717726809, 429.90669775364677, -707.9036752992101, 2141.9769681249754, -823.2059061066795, -28.753762005608202, -685.0558282431385, 533.8522426522567, 1233.8764145860687, -1455.3814489827018, -599.9648150370449, 134.40099666533433, -321.8612755194149, 1172.1955390092658, -1517.6586335891282, 1273.8525085846773, -3720.6786440607952, -1275.8622610147106, 1260.2252520262523, 791.8770077413787, 1154.4713452236833, 1902.7875343869418, -1213.660551074241, 32.05893307386807, 711.7397605576697, -1318.3900567693631, 2387.491401630945, 509.21897276429667, 740.825892927228, 2124.1851784122696, -773.7967118240039, -4636.849559527434, 2298.498540521005, 1834.9845089370538, -4132.808495732596, 1573.7338063013783, -392.88736250548675, -206.06619500689968, 60.587112031853074, -593.2821715051554, -709.6025873318639, -928.9656447108528, -2126.872603105291, -1234.608594963172, -768.3228360248672, 1749.3277443212737, -427.1804757699281, 2508.261193686982, 1223.8339981257468, 454.66612109202947, 347.75606950951124, 1692.313398480432, -1097.421526366153, 662.1475476300559, 1808.4928529098938, 1940.9305028966533, -663.3529041056554, 844.68260958835, 1087.374532385667, 855.353801582308, 1083.6557750154207, 1632.9737963426232, 906.1979369296658, 1585.259999060738, -425.68855545705617, -737.9744408260017, 1279.9546900115827, 429.5704299266288, -313.8941636429589, 1007.9288784277364, -4240.937336554824, 758.3484430932621, -276.323473098729, -1301.3980696018152, -527.9253598095084, 909.0602559196886, -1960.288166955373, -1288.7268711985396, -156.8282668329255, -1113.6645911424366, 603.8192154696387, 1575.232448248334, 178.908352337887, -444.9839492472462, -1388.527773889744, -449.7540668569892, -1808.700362632706, -821.3428236385596, -891.4643162781908, -781.2926305844118, 1261.3308054135664, 1278.1896252558442, -2407.66684338105, -1341.8140322774611, 2061.751111114351, 617.7890571135076, 477.92810930108095, -768.7269561931896, 1076.2091063945527, 1728.3218184301722, -1012.0179928910504, -2605.720242977718, -1099.3305164265207, -1156.8077347533772, -715.1652234866634, -1582.8200955320945, 2155.245128996493, -3620.1018772116754, 1635.0810764808775, 782.7451145715538, 1449.206497155611, -956.0107608774214, 1075.2007455980852, 1660.8826400826265, -1477.2625535103452, -2372.298911216411, -583.5869257647772, -719.4195479194832, -538.6791174231357, -1189.952119004523, 3481.150857587744, 2154.3901282310917, -1069.143150394866, -932.1910533918248, 1318.4704049254865, 361.2796390758584, 1440.6228513015212, -1754.819930665655, -448.7301607514954, 697.1279586342577, 2053.396672504349, -603.6394717810902, 1602.5804128320956, 289.2294919385879, -2684.95615058583, 468.1345326356535, -904.3884484756073, 153.6791504415369, 1415.763927859479, 3039.8025652346537, -2186.2721206305305, 665.7064154917412, -2118.731890737743, -871.3788485776618, 9.115369713893209, 1703.9883829488208, 815.8941813486699, -2070.8440949086216, -4337.176385886573, -3877.877794802979, 2331.634532528998, -2612.809613566458, -270.0753200984791, -1744.310369277463, 423.9881837525587, -1270.122776596648, 382.05264359330454, -3683.0985789978995, 1476.3449727306743, 396.698342608586, -581.1823203442889, -11.792443921157918, -219.87305609763686, -991.387805402268, 91.87279613329034, -873.4239242977862, -1600.9599475062887, 2917.1960295415697, 252.42010624031593, 2112.5264042212657, 472.6434703199266, 560.0831902023289, -437.97420863957836, 1458.3820813986674, -642.4931383657454, 1107.786480888764, -2781.911672873758, 387.0175555448231, 5212.824562148726, 1371.2870026836536, 2222.384441467094, -621.8945496857442, -2020.9035330564848, -192.5284606923419, 2344.6557483235542, -1026.6342308187786, -290.97087772748995, -1482.4889773407717, -432.09129732672284, 522.0591026183401, 294.81014189461956, 21.8091891635407, 144.59007699771533, 497.48685458448176, 161.80373833189313, -1818.587663082809, -424.44133784243473, 344.8935960562517, 2951.192491574243, -1738.8578358355287, -325.57168627374267, -756.7026958697046, -533.0341271286879, -4820.159796916225, 1988.7610713819035, -484.5973631407892, 938.1107688063116, -385.27887359313854, 402.7446374181095, 30.68213516217613, 1233.0408550559919, 280.63516677382967, 2064.00014094461, -808.5003340021216, 615.363045142633, -330.9842986392523, -2740.494252590918, 1977.161473678151, 4965.693044883366, 170.0386485096274, -198.8398496895322, -285.66403235276607, 2049.322008106486, 171.32407428600473, 173.3621105847508, -794.597654256122, 1918.545833058753, -1127.3503136551285, 1475.105289539384, 1346.5610994233516, 2306.5677358360786, 1812.2199802441398, 665.3796188448091, 732.2048009924981, 808.8518937630492, -584.1509968147743, 791.128458820981, 386.8411740462401, -974.3619293635335, 1130.3720232497092, -8.946360036508032, -185.01714974167382, -1174.5709031135166, -2993.072954655657, 1996.5189765778744, 404.2470900014855, 1199.2266424056083, -268.09322201818384, -365.8743160523586, 1948.2626055632609, 720.3193450821939, -141.0715606023667, -1713.3478352338448, 882.0532429804488, -121.24787790065957, 640.715646134912, -837.3568035827935, 801.7192973793806, 804.8466634744912, 225.19918354024864, 1014.3550543714264, -1399.1665461193288, 1525.1042394378, -936.9859170067704, -695.0819781742188, 1511.413565615448, 2022.8674782878345, 1826.4368862901601, -240.68940595648857, 335.48001070546513, 246.31851187378007, 2233.755883645547, 1602.6687133693447, 277.04872929979047, 109.74782384428855, -1059.521766688013, -1009.5414090659208, 2711.062024859133, 1122.0062730803922, -510.22936974020706, -2464.347003878834, -100.85544162298547, 958.4787810060575, 1700.933153230193, -751.3450917473834, -1440.9048292719913, 491.6683141905776, -2806.5733948163925, -90.7514808514633, 638.1860163698802, 2670.1088132312857, -1732.936069352604, -552.1709006888999, 813.5113933388684, -1685.4383000143923, 63.5567766723889, -477.1792166623163, 343.334070955435, -3843.7298260474167, 1352.724885987942, -267.6500324560932, 1887.7705158876138, -3279.2771298187145, -1068.3031090434642, 1894.1929732533004, 1306.136307822177, -831.4731315925682, -540.5307001627779, -1045.4507817174301, -1872.291683827627, -554.4091191549062, 268.5589527066013, 758.30299625472, 140.42487760065845, 2333.984028244739, 2370.106467545718, -128.61669645779565, -176.34372344430912, -575.8133990520099, 378.39539509229405, 2310.4091500308364, -60.3650666745933, -1041.2853641607815, 50.1211220196624, -181.8084154584919, 1121.024424858189, -1178.856402439677, 2055.631345357956, -99.38438635731004, 791.1373084256712, 131.0476601571875, -941.4181054587793, -19.891086378845763, -313.4205126031893, 737.5813520167039, -191.121970407916, 641.5498703138755, 1558.4573711740381, 2161.3318759419344, -182.57444163617797, 456.0547906776676, 3338.148241430013, 85.65281725930802, -1741.7165092208527, 36.25460596632632, 928.3001618260001, -1941.899987998931, -906.576717569671, 1220.6727673860723, -196.92926341112647, 606.0454245931647, -2071.913920033136, 925.6764119751039, 920.8608903603442, 1726.9713782448898, 1913.5385969255055, -428.3987532300986, -3239.8900822004393, 385.94876325773976, 2158.216182807684, 674.2091598909274, -626.4423537070306, 419.8986790696414, -486.4732339817749, 763.8287924308006, -113.22269375223615, 228.50817259208364, -377.59817548035346, -532.0679798440906, 1859.580296951794, 164.95367234690804, 47.77519746145119, 3432.090574910175, -915.806897361759, 586.7207463159052, 2512.239739379728, -3.5703002374689063, -914.0353457658065, 672.7879344507182, -861.6632819078563, -1659.040787475914, 1366.6838813507986, 1994.3530161196647, 5572.467837685952, 2564.868226538807, -6394.777992767382, -1350.949862657149, -268.605578180307, 817.9446546449005, -257.31979081512293, -55.02157990944634, 1523.1402769408041, -1888.846588702405, 2085.365273192478, -581.7709545741887, -2443.5598636697164, 8.965441650731599, 1517.6570143700123, -228.8350656870683, -444.80079400270165, 1757.6100649152531, 855.41608182359, 244.14755765700212, -358.2779984620772, 792.9892706359783, 1076.7715383929863, -882.043387316191, 1708.13520287693, 337.940919105204, -1636.8780802686204, -1114.270873636584, 1616.1266766579251, 81.48831326039252, -557.9284192287022, 2223.927660305972, -2083.645327427584, 752.4078414643562, -1257.199019452973, 951.7830316193273, -3740.5228821354144, 1241.2457816562426, 751.1223634513115, -2998.1885903892567, 76.65493714069115, 1212.9667705979512, 1671.3169954637624, -288.7103970006742, -1438.3876723110034, -427.57068968078795, -467.95777277748664, -562.8629041860554, -679.8776741898919, -1488.086447823533, -631.9260529601981, -5343.191058939272, 98.58958364189633, -831.7685005467531, 2277.4481047935897, -2671.992030239264, 2345.6225781348217, 1356.9765961842336, 1124.9953535688262, 384.2863754294941, -663.8809477870525, -356.08214052668086, -135.68499872874187, -392.51020108459716, -38.35554663752962, -643.3625639655573, -176.0983781830441, -1215.3995527004872, 359.49571466816053, -858.7959643136346, -931.8175029344163, -657.4720118573501, -1706.1993966166842, -1870.8387627289273, 134.64795296357877, 555.7112344949356, 213.84411556914327, -352.75496977492776, -481.87689238583255, -217.14330773550748, 1923.3172625996758, -1735.2779539478588, 1367.171899008766, 2252.0829839537087, 176.31099716818633, 2738.8096573387215, -1162.2872912746975, -2140.640442079682, -964.6286276777876, -1604.7002850439208, 479.74465219077683, 2329.8094842410396, 1467.9818496738962, 290.47435265780075, -423.8621230824765, -4450.525198829615, 1466.1669796993933, 1400.311760281214, -2847.0034746153483, 1271.549769804802, -941.4918010813982, 2493.075791447775, 94.35167679227018, -215.95878980774762, -379.96524483090707, 1095.6315915271937, 816.1823253483193, 167.02404674236877, -419.43038313118416, 619.151966994561, 407.4866909029306, 1540.7257411765045, -668.9391907850031, 1082.2125483951686, -514.4173405114324, 476.9411107722367, 1143.5249957175683, -74.90057180971152, 88.45959267303292, 674.9748641413396, 1309.8609285344169, -1989.9945437889833, 3077.353070777412, 371.55005818111806, 873.8053688982934, -1151.3988865230513, -941.5157301573742, 4160.830605102908, 1465.1813722841343, -1072.2438287687746, -68.37492103757663, -1129.0699623276814, -3462.1218781245007, -589.6679112473159, -305.1892751378209, -2035.9564803498392, -4180.780940885029, 1516.0447243487733, -2699.34830434085, -209.8820294896416, -298.248237826326, 333.79855548480225, -2574.6594666034466, 290.23003699950186, -1489.5404226224928, 2511.7562669796116, 1072.2684080043396, 2812.343650333007, 553.4746326922649, 603.6834047636513, 1160.2583109061002, -1167.9532945620208, 4.690120638027416, -410.3025402172575, -735.5873264657503, -1119.2939749338725, 1123.3714863128541, 31.4028742824569, -348.5274790414969, 1215.299944690491, 1800.8224973244228, 1807.5281407377506, 815.5119172631562, 31.213469491030274, 2089.2066873872354, -3044.504482205789, 640.6892853002291, -290.223889218571, -2013.8919346234873, 957.8214254108648, -2456.3816552121857, -337.53886471378325, -137.76092332968997, -686.0395212898709, -56.274955543678864, 413.15879985958395, 1229.9587915043387, 1521.936372220283, 11.932648476621601, 958.2684373029273, -3216.0364547467634, -472.4287327673201, -2899.4373268380173, 760.4820431756045, -209.18607566516707, -931.8765437490003, -1661.6550338830864, 1207.9436454386353, -1846.9356975566552, 527.1126630903206, 1108.9357797673108, 408.8332061313393, 1352.5224172468588, 2167.347330661402, 2468.9254063572403, 601.4088147226179, 913.595393616955, -297.2498230421422, 520.1198484861311, 1175.8621660896235, -3543.52353133575, 150.2240283090387, -2147.479068941251, 489.4465788379747, 524.6928717948583, 877.2103821115774, 266.55169646926834, -513.8112310919643, -536.7040095393273, -2251.9741101711465, 2647.4277965305796, 902.3961561077442, 27.600071610522996, 2688.132440807489, -2739.7196814159083, -1450.6947479474961, 594.7148122403769, 1252.8594788864532, -649.4238886368568, 1489.9434892798556, 1967.7594916180358, -782.3704079104485, -957.8884419017186, 1648.268917796263, 846.5746360048233, 204.15148288737262, -1458.6609037927508, -110.03286482894762, 388.48366444296676, 32.43811085145003, 1406.8395060501266, 1867.8546372191897, 1367.5790738398641, 313.83299275665934, 1406.3149231880807, -3584.4810760900295, 1575.097830816849, 382.1798438418117, 1889.170089547318, 595.004947414782, -4830.2114066282265, 2104.5341711596734, -230.63688317160094, 1037.4613103299628, -374.6466338945846, -2025.688693039419, -1446.4196864572455, -1354.1914849993213, -32.603721072900136, 1551.675431081492, 1580.4412759277934, -298.9992185054306, 1533.2998503529088, 2039.1505646877397, 78.35468471401376, 2401.3769349077506, -924.4695723550263, -2357.412994858277, 1160.5206798399024, 265.91744612005004, 1263.0800822201777, 1920.7119237581164, -1560.3407513798832, -717.2762102167109, 1406.495059071227, 83.72956489074684, 81.63997768412017, -407.2396131858891, -103.31878361528672, -1298.1196230425185, -665.0536058763234, 411.1550834992195, -850.9297687820213, 178.78362697295236, 296.70781478502977, -1950.1847234478396, 1395.6885561817267, -1691.4857775285311, 1376.5321770304267, -541.0136584071781, -1078.3848790596237, -2690.2970480036433, 1849.4174529357958, -598.232720088655, 907.717108035891, -342.1451658451084, -181.79742021580896, -1242.4905043038625, 990.9491493339491, 353.26147141826425, 1590.0826387369607, -263.07097619291517, 2862.5632989903993, -688.3424517558663, 2349.83563568383, 754.8155206642448, 1872.4612867183453, 1543.7121866356347, -270.67446248587464, 1035.0159676845474, 487.2233407578715, 978.2172834511518, 1320.9665051531565, 2141.7379770133393, -2651.8087931975774, -1069.13074046791, -938.0119891955542, -1874.1157593067987, 752.8531543852869, 1032.8116396680628, 1630.6867208599388, 1003.6328430542862, -2455.2389942278046, 2230.0215904255547, 876.9931897991866, -5002.524609573473, 1994.1774362981212, -977.9282156997305, -105.44191170988691, 77.75279655740215, 1955.2170175258648, 1088.1439240741083, -848.7751343545892, 221.1737527382036, -2440.4688923185854, -159.99728176776452, -763.2592020931584, -669.2281703253211, -341.50224964343874, -2149.062034199, 1799.0130390128706, 594.444017090718, 226.41844410214858, -70.42185562358324, -1931.1169813372928, -197.5340745516115, 49.965160442611726, 2514.471736022096, -632.4301170491935, 144.17509847021145, -2132.517781053554, 2003.3832157235547, 691.418298246407, -1803.5630225344548, 592.838196083284, 469.3652916344977, 1540.263740037718, -1520.4976389956605, 1750.8798504052575, 102.47271451271573, -259.29444890668066, -126.10984621756253, -1459.637274965101, -15.031920972815648, 748.2834809676268, -854.1109754842246, 303.2189696576668, 760.5719379879613, -1512.461348392374, 1363.2086213651532, 380.48081315248055, -1311.0919242240684, 1763.4998738238571, -205.515733674517, -3958.2482167998883, 817.724729091826, -1292.078224448696, 684.1532830866386, 2323.3946101060437, -115.54221462512314, 1388.2704692582265, 1161.3744129783113, 1606.4007549322737, 249.9134461608044, 1151.2004538976103, 1999.1509679854726, -2310.4733509732105, -714.1668860510306, -1402.5390799525896, -2090.2869194730565, -1117.6901297399313, 5254.788286853382, -1168.8399386945086, -115.57770570076036, 444.8866323356697, 873.8074168672274, -147.2935138735181, -1258.5527238293575, -102.7862695393371, -3459.6049665184223, -491.80061492284926, 2138.1255128848807, -1268.5292543039902, -711.321741002464, 557.1035371006019, -649.0924145479888, -1375.307246385356, -320.68921064347626, 308.9291872731618, 1221.1100039082148, -725.7986417498541, -153.48017935674656, 2217.322285481364, 1637.4670442891488, -1371.592891503275, -908.8110890503762, 358.5569888192797, 734.7985747261228, 78.11908139228606, -2482.4581270807817, 1295.1450180639495, 4324.522431692929, -160.72830455346028, -515.6530767251227, 1890.9659422983514, -1886.8058312740582, 1640.65806648694, 3383.845088310681, 1240.7514595067844, 257.7075499661985, 1759.7558778787704, 997.3525671970126, -619.2659580371486, -823.8223365676112, 236.1010492659888, -270.98737110216825, 24.714710503996933, 356.59641227833663, -1001.305454592471, -1127.4897228661187, -904.3747711600624, 576.9571619468761, 2992.3201266088217, 974.8987810371023, -213.67038939308324, 512.1985500428714, -671.2561995514344, -86.48272245209407, 352.37505692076934, 1008.7718879727145, 169.74792974772086, -465.0509695724406, 1159.1099322521945, -288.5440631897761, 684.5106638988308, 1712.460683559139, -799.3887896515188, -2608.3152575016707, -552.6331120004593, 113.93961602972232, 271.1784452542163, -604.0935642189903, 905.7024871997261, 2353.2152168723505, 233.71514097555135, 733.9168064057166, 4511.072035848138, 163.70611419357093, 1560.1021463107322, 1262.6374462880735, -1258.6042694193393, -1356.9988129412732, 1011.5338537600978, -1246.0266828653107, -679.9202799506218, 4195.278876542579, -397.2860474760732, -810.1127035903852, 2098.7816910458196, 233.20839221482825, 2124.6426663229786, -286.073983258073, -819.9644481202711, 1798.7186478096023, -996.7862683808294, 138.822517412576, -1511.7462387847768, 2658.063258861129, -126.25572769253674, 2460.9015527514384, 501.266411384469, 1244.728913734065, -223.02417092867537, -427.2985249317685, 1914.3571995876728, -2840.5166178985946, -605.5105481189155, -718.2051243467903, -163.99534097746678, 631.579653375222, 1141.5887157370553, 1122.7780310144476, 3041.4989854799574, 991.4051058637551, -789.2413449789376, -912.1078382924143, 719.4888803876265, -303.8126743967, 265.40718297885945, -320.53071909633877, 22.897061952916168, 658.8905257231796, 428.71654379564507, -198.4065350159901, -453.2392372622003, 275.29849279426674, -1489.2001253852895, 1458.6658834110622, -987.0243550931378, 711.4375513127239, 1664.6044186481265, -785.9623307528399, -6193.9223223923445, 1443.5481255431455, 2114.3525489168183, -583.2359980628067, 1737.8816384322558, 1671.7862169062964, 817.0693460599473, -5296.6965259960725, 577.7089781666496, 1509.3005105959587, 1867.8950591591897, -3541.318676776923, -509.61532887297005, -470.01942987713073, -387.3935996939649, 1197.682181414815, 1426.5079547534506, -2135.780569924899, -888.7501319456043, 505.8559339156728, 561.696426976417, 589.595399078051, -1256.1821527688578, -669.1361414594479, -799.1078804270795, -127.89461477576887, -2458.027216539867, 319.70796724496927, -1388.8643556572172, 2597.0614084693166, 211.60133323384338, -1258.9420216008193, -725.536886474682, -4598.597403045048, 1450.882315652958, -420.8798038114718, 1163.168874214024, 1372.9898402155027, 479.31207774930704, -1906.4289645624535, -517.7480204005129, -965.0566740565241, -823.8381613550042, 1067.6213063692655, 593.6904111329302, -1231.236432917676, 573.8427993552477, 934.3123678575332, 1694.2967670747057, -1109.428011727159, 2251.1481050901293, -2939.9896955223603, 134.48837881179705, -66.85515488416323, 1429.3729010351403, -1523.789257086222, -121.67509509717976, -345.6228316597129, 379.02121232488116, 930.5514942269434, -3416.483059357825, -17.75695418074188, 359.80778774378564, 81.90711936845346, 1178.9933396957645, -1213.371571533923, -87.93967755571325, -1004.4364571916535, -89.81149253015869, 156.62380252745132, 1906.1017794977097, -615.9931240681369, -610.3483319773677, 1233.937145510964, -478.86460921763125, -1215.1415868142883, -800.5098397459883, 1467.3321033653328, -327.19595918110804, 970.133364564771, 65.66448292313217, 1028.7032568636503, -1418.7596678268328, -922.2247550515924, 911.3065447015739, -4161.931585288314, -825.95463748571, -184.48470598730952, 1340.3807273939983, 1675.3298224013433, -942.1802000372442, -2477.444361764582, 789.0071338827274, 150.11211087246733, 1586.1269376816913, 1147.858848197633, -654.46424215563, -2369.685702221296, -792.884972958582, -61.25125184555257, 1172.8464427857716, 163.37848200597003, 765.3464055017241, -969.4906368852851, -2028.4564234150953, 356.6392133928979, 17.149759366985585, 2378.356110920591, 1319.9831884516998, -141.5932525103121, 881.8948058513129, -3759.414439659523, 111.29287189545201, 1507.0706620939518, -2529.978263667167, -1871.4416664016599, 683.443597528618, 83.87576439141972, 66.2037893564848, 756.4801969001687, 1939.0566102296234, -934.0095404827716, -1698.1065063606627, 11.700376692945234, -2555.8302694085405, 331.386479879658, -196.86873893515482, -1445.2200050673014, -250.81212713688458, -445.75335954712966, -774.5072705631081, -1859.274685389813, 209.2887022612264, -2439.992469215258, -884.7935953496662, -712.992041433172, -121.73681157323628, 1164.9845797291955, 73.29283204411604, 758.9254070859573, -151.5626044601892, -2459.370829717681, -41.72107166286171, -1687.4755446205845, -1190.6057122983875, 1712.2434912467481, 1462.6476796255974, 2365.770046038828, 98.24011359831087, 121.12025969435811, -1002.6266497561073, -1602.2020688861933, -1479.1156490913013, 1404.8902671244377, 246.69556262481106, 744.0095443170861, 313.89756748852926, 1951.8260014876796, 2121.162018896466, -1593.6446761747015, 935.8347332336907, -616.0290230294386, -1312.7413070234338, -488.0346753940487, -260.4338877313346, 770.8848396397622, 161.7817585412037, -1195.4114524993388, -17.48446933830403, 1364.0633201591932, 937.9285417031743, -1004.8085071571513, -983.6626770531069, 353.8302249942317, 735.6836586809964, -1234.193028832977, 1694.718992070971, 303.70676592298014, -774.7834770918229, 856.9001993298559, -1343.9008328659556, 343.5954339817472, -1072.827404127429, 1215.3294831107974, 1226.68550903461, -1699.878558443018, -776.4711348487241, 1058.4722560355708, -3173.258353818791, -4858.649227801676, -223.58740643800385, 1314.7230169243207, 406.2129892552359, -651.053892142694, 20.52297836292066, -361.8746038304388, -3482.2855909545538, -2076.8844398035862, 619.6268796874876, -1023.103886277408, -133.89729676752788, 356.8134110707514, -897.0586182959778, 1421.7708745661025, 1300.958348357835, -401.2438662795407, 1295.3667333550384, 456.9092119362714, -1747.695160257545, 1713.4181627899284, 666.6406183619239, 1398.4137400761037, -1417.3792788546355, 1637.4283916418658, 717.3913844801132, 442.1205153731498, 2348.208510879103, 265.58447713279725, -1845.7019858660024, 1932.9766980904924, 15.992851201808229, -428.36892229771104, -424.8005516436982, 1323.8498749026617, 242.58918691585487, 387.9499002983366, 1223.9022523788813, 1402.6775739524448, -1038.0415120389648, 975.4481285157917, -851.3602315582024, -19.851084577499797, -1560.097808713113, 864.083704475923, -224.37703976439204, 387.84633652044647, -412.5237950393704, -1571.3022065551286, -3019.195003713023, 151.29552689106697, -708.4174032949649, -424.9091227232773, 1633.348034779639, 233.61910457822992, 7.019395161119768, 1769.2997729549488, -1032.3985096862102, 304.2891999227651, 456.8287053448073, 1299.8116668412058, -2376.5997883875602, 33.298439050500086, 278.78609862589576, -1388.2208783420417, -623.626592522256, -3647.74994640206, -68.38557013090221, 3224.774017622485, 308.8155345165776, 2723.343273828709, 3259.0138895602786, -578.6413202657159, -715.9358479238784, -1113.880519583197, -387.0719261569542, 63.752278147535, 2.276482787548865, 521.3321696718884, 1118.9018111577084, -1450.1116317842345, 724.5936380659596, -84.08353978964837, 1914.4950089129134, -731.1985514424623, 594.2268247783272, -694.7034546703186, -1985.1756515965499, 1775.970438906034, -1318.182069961641, 1728.6099624298213, 937.2115311453824, 152.6567656907827, 1538.6366152329913, -1115.2959701421714, 2348.5886837446255, -2296.4228743305794, 62.32288697377563, -636.1942259493852, -1080.1258772114393, 1459.1439169440628, -316.4182618139449, -242.43169428685493, 2078.331355570857, -149.89139605782916, -712.8743141986059, 1023.6221673943679, -94.74102501995444, 580.6760379737996, -333.6727079059915, -1500.0341792928189, 179.71421272669048, -936.4584500927999, 760.7855489904676, 176.1690826267248, -1119.1448614394749, -441.6587665619759, 1975.0723477346376, -173.2293608526803, 2415.4856229243237, 1020.1709671104697, 77.28156946864962, 1398.633691016604, -2310.14158649886, -94.38715492051867, 597.1332414528282, -2774.765107860721, 638.9130679730092, -397.5203281719446, 673.9357394625856, 785.4731513620836, -955.3610145688584, 1318.426254656862, -2490.1679860906775, 746.5080809542517, -531.8877234704114, -847.1761415111182, 1120.9108417546768, -1817.419133015519, 1318.3948689236374, -483.8038828290999, 1680.7760285428903, -2450.147346198215, 1820.3833803290509, 1479.1213964139483, 1597.7058996647827, 1307.0864562041497, -1666.3666960824858, -245.00123237849218, -40.92709026630994, -217.58758569381186, 778.7785369302787, 3011.6794424155128, 1383.8541883736743, -4583.117836293103, 1551.5045211483114, -1694.5209371255785, 475.87319415148886, -1274.9865006788614, -818.0906838605391, 749.475705975865, 1088.5093733683238, -343.9450145431132, 1095.5780749322112, 387.01682092339206, -3136.5145534592953, -924.690048147321, 2247.1575983728785, 1505.6063689897614, 1214.4890075668106, -701.9365737336474, -228.33904544048002, 1204.2532623569805, -1543.4594947082946, 17.331150929454132, 1600.2648890715232, -1778.7033959538942, 1446.1953056912785, 2595.6932098481607, -698.8574778332485, -678.0120893904991, 2213.410804126504, 836.5178572411028, 1517.8287240373018, -227.92026891416273, 553.198705641917, -381.8189487196796, 1847.6816217420162, 209.81412066394043, 1243.6116482200769, 562.8275805210441, -222.77467957630935, -1430.6511476094797, -2117.8282455046133, 434.8546097123898]"
0.5,7000,2027820.6751882082,2027820.6751882082,0.026105165481567383,477.03807994590454,"[5, 3, 3, 3, 3, 4, 4, 3, 3, 3, 1, 3, 3, 2, 5, 3, 2, 3, 2, 2, 3, 3, 3, 2, 2, 4, 3, 1, 2, 3, 3, 5, 1, 2, 3, 3, 2, 3, 1, 4, 4, 3, 2, 3, 4, 3, 5, 2, 1, 2, 5, 3, 2, 3, 5, 2, 2, 3, 3, 3, 3, 3, 1, 2, 3, 3, 2, 4, 1, 2, 2, 3, 2, 3, 2, 3, 4, 2, 2, 2, 1, 3, 2, 1, 3, 3, 2, 3, 1, 4, 3, 3, 3, 3, 2, 1, 3, 3, 5, 3, 3, 4, 3, 3, 4, 1, 2, 3, 1, 3, 3, 1, 4, 4, 4, 3, 2, 2, 2, 3, 3, 2, 2, 1, 1, 2, 3, 2, 3, 1, 2, 2, 3, 2, 3, 2, 2, 4, 2, 2, 2, 2, 3, 3, 1, 3, 2, 2, 2, 2, 3, 2, 2, 2, 3, 3, 3, 3, 1, 3, 4, 1, 2, 4, 3, 3, 1, 2, 3, 2, 3, 2, 2, 1, 2, 2, 2, 3, 2, 2, 1, 3, 2, 2, 2, 3, 3, 4, 3, 2, 4, 2, 3, 3, 5, 3, 1, 3, 1, 2, 3, 3, 3, 4, 3, 4, 2, 3, 1, 3, 2, 3, 3, 3, 2, 3, 3, 3, 2, 3, 2, 3, 2, 2, 3, 4, 2, 3, 5, 2, 2, 1, 2, 4, 3, 4, 3, 2, 2, 4, 3, 4, 4, 2, 3, 2, 3, 4, 1, 3, 2, 2, 5, 2, 1, 4, 2, 2, 2, 2, 2, 3, 3, 4, 2, 2, 4, 2, 1, 4, 4, 3, 5, 2, 4, 1, 2, 2, 5, 3, 2, 2, 3, 4, 5, 3, 2, 4, 3, 2, 5, 2, 1, 4, 2, 3, 2, 2, 3, 2, 2, 2, 2, 4, 3, 3, 4, 2, 5, 2, 3, 1, 3, 3, 3, 1, 3, 1, 2, 3, 3, 2, 1, 4, 1, 3, 1, 4, 1, 2, 2, 2, 2, 2, 3, 3, 3, 4, 1, 3, 4, 2, 4, 3, 2, 3, 3, 2, 3, 2, 3, 2, 2, 3, 2, 2, 2, 2, 3, 2, 2, 2, 3, 2, 5, 2, 3, 3, 2, 2, 2, 3, 2, 3, 3, 2, 2, 2, 4, 3, 3, 3, 4, 2, 2, 4, 2, 2, 3, 1, 2, 2, 3, 2, 2, 3, 2, 3, 2, 3, 2, 4, 2, 1, 2, 3, 2, 1, 2, 4, 3, 3, 4, 2, 2, 5, 3, 2, 3, 5, 2, 2, 2, 3, 2, 2, 3, 2, 2, 5, 1, 3, 3, 2, 2, 2, 3, 3, 2, 3, 1, 3, 2, 4, 2, 3, 4, 3, 3, 3, 3, 3, 2, 1, 3, 2, 3, 3, 2, 4, 4, 3, 3, 2, 3, 3, 4, 3, 2, 2, 2, 2, 2, 2, 3, 2, 3, 2, 1, 3, 2, 3, 3, 3, 3, 2, 2, 2, 3, 3, 5, 3, 3, 5, 4, 3, 2, 3, 2, 3, 3, 1, 4, 2, 3, 3, 4, 4, 2, 3, 2, 2, 2, 3, 3, 2, 4, 3, 1, 1, 2, 2, 3, 4, 2, 2, 2, 2, 2, 3, 3, 4, 3, 1, 2, 4, 2, 3, 2, 3, 4, 2, 3, 2, 3, 3, 3, 2, 3, 2, 3, 2, 3, 3, 4, 2, 3, 3, 3, 5, 2, 2, 2, 3, 3, 2, 2, 2, 2, 4, 4, 2, 3, 4, 4, 2, 2, 2, 2, 2, 2, 2, 5, 3, 2, 1, 2, 2, 2, 1, 2, 2, 3, 3, 1, 2, 2, 2, 2, 1, 2, 2, 3, 2, 3, 2, 3, 2, 3, 2, 3, 3, 3, 3, 3, 3, 2, 3, 5, 4, 4, 2, 3, 1, 2, 3, 4, 3, 2, 3, 2, 4, 2, 3, 1, 2, 5, 2, 4, 2, 3, 2, 2, 2, 3, 2, 4, 1, 2, 2, 2, 3, 1, 3, 2, 1, 3, 3, 2, 3, 2, 1, 1, 2, 2, 2, 1, 2, 2, 3, 3, 2, 4, 2, 2, 2, 4, 3, 2, 1, 2, 3, 2, 2, 3, 3, 4, 2, 3, 4, 4, 2, 3, 2, 3, 3, 3, 1, 2, 3, 2, 2, 3, 1, 4, 3, 3, 3, 2, 2, 2, 3, 2, 4, 3, 3, 2, 3, 4, 2, 1, 3, 2, 2, 2, 2, 3, 2, 2, 2, 4, 2, 3, 2, 2, 2, 3, 3, 2, 4, 1, 3, 2, 3, 4, 2, 2, 2, 3, 3, 4, 2, 2, 2, 4, 3, 4, 1, 2, 2, 2, 3, 3, 2, 1, 2, 1, 3, 2, 5, 2, 4, 2, 2, 1, 2, 3, 3, 3, 4, 2, 3, 3, 3, 2, 3, 2, 3, 2, 2, 2, 3, 3, 2, 2, 1, 3, 1, 3, 2, 1, 3, 3, 2, 3, 2, 3, 3, 4, 2, 3, 3, 3, 3, 3, 4, 4, 3, 1, 4, 3, 2, 3, 2, 3, 2, 2, 5, 4, 2, 2, 2, 1, 2, 1, 2, 2, 4, 3, 4, 3, 3, 3, 3, 2, 2, 2, 2, 2, 2, 1, 1, 4, 2, 2, 2, 3, 3, 1, 2, 3, 3, 3, 2, 2, 2, 3, 3, 3, 2, 4, 3, 2, 3, 2, 3, 3, 3, 3, 2, 1, 2, 4, 2, 2, 1, 5, 3, 2, 2, 2, 2, 2, 4, 2, 1, 4, 1, 2, 3, 3, 2, 1, 2, 2, 4, 2, 3, 2, 1, 2, 3, 1, 1, 1, 4, 2, 4, 2, 3, 3, 1, 1, 2, 2, 3, 4, 2, 3, 3, 4, 2, 5, 3, 3, 2, 2, 2, 3, 3, 1, 3, 3, 2, 2, 4, 4, 2, 4, 3, 3, 3, 3, 5, 2, 3, 3, 2, 3, 3, 4, 3, 2, 1, 3, 3, 3, 2, 2, 2, 3, 4, 1, 3, 1, 3, 3, 1, 2, 2, 3, 2, 4, 2, 3, 2, 2, 2, 1, 2, 3, 2, 3, 2, 3, 1, 1, 2, 5, 1, 1, 3, 4, 2, 2, 3, 3, 3, 4, 3, 4, 2, 3, 3, 3, 3, 5, 2, 2, 2, 2, 3, 2, 4, 1, 2, 4, 4, 1, 2, 2, 3, 3, 3, 3, 3, 3, 3, 2, 3, 3, 2, 3, 1, 4, 2, 2, 4, 2, 1, 2, 3, 2, 3, 1, 4, 4, 3, 2, 2, 3, 4, 4, 4, 2, 3, 2, 4, 1, 2, 4, 4, 2, 2, 3, 4, 2, 2, 3, 2, 2, 3, 2, 2, 3, 4, 2, 2, 4, 3, 2, 1, 4, 3, 2, 3, 4, 1, 3, 3, 3, 4, 4, 3, 3, 2, 2, 4, 2, 3, 1, 2, 4, 2, 1, 2, 3, 1, 3, 4, 2, 2, 2, 1, 2, 4, 1, 4, 2, 2, 2, 3, 2, 3, 3, 2, 2, 3, 2, 3, 4, 2, 2, 3, 2, 3, 2, 1, 4, 4, 1, 3, 5, 2, 2, 2, 2, 3, 3, 3, 3, 2, 1, 1, 2, 2, 4, 4, 3, 2, 2, 3, 2, 3, 1, 4, 3, 2, 1, 3, 3, 2, 2, 3, 3, 2, 2, 4, 2, 2, 2, 2, 3, 1, 2, 3, 3, 2, 2, 2, 3, 3, 2, 2, 2, 4, 2, 3, 3, 3, 2, 1, 3, 5, 2, 2, 3, 3, 2, 4, 2, 3, 3, 4, 2, 2, 2, 2, 3, 2, 2, 2, 2, 3, 1, 2, 2, 2, 3, 2, 1, 3, 2, 2, 1, 3, 2, 2, 3, 2, 1, 2, 3, 2, 3, 2, 3, 2, 2, 2, 2, 1, 2, 2, 2, 4, 3, 3, 2, 3, 2, 3, 3, 2, 2, 2, 3, 3, 5, 2, 2, 3, 2, 2, 2, 2, 3, 2, 2, 3, 3, 2, 4, 3, 4, 2, 2, 1, 2, 2, 2, 3, 2, 2, 3, 1, 2, 3, 3, 2, 1, 3, 3, 1, 2, 4, 2, 3, 2, 3, 3, 3, 2, 2, 2, 3, 3, 2, 4, 2, 2, 2, 2, 3, 1, 5, 1, 2, 3, 3, 3, 1, 2, 3, 2, 3, 2, 3, 3, 1, 2, 4, 2, 3, 3, 5, 3, 3, 3, 3, 1, 3, 3, 2, 3, 4, 2, 3, 3, 1, 4, 3, 3, 3, 2, 1, 3, 2, 4, 2, 3, 3, 2, 1, 2, 5, 4, 3, 2, 2, 2, 1, 2, 3, 4, 2, 3, 3, 2, 2]","[-3415.4184581971735, -969.0691673300005, 323.13016738730187, -251.10983814571142, 5013.055489885873, -4768.388990355964, -1477.7497711202168, 1732.8420718348061, 4035.537175922015, -1315.3268290065928, 909.4919800208979, 306.98096847602255, 1138.9262811431101, -747.2292799350381, 2008.8615611882708, -475.3213266160326, -111.84988636403838, -817.5497817036464, 741.2710237819224, 194.87153314210596, -581.7230134285181, -22.14880245689892, 789.932025684873, 330.66084853580867, -1653.6799416714803, 873.352464286387, 61.37520852530048, 913.5649726211057, -3915.404276034522, -837.5445205075598, 2863.43352375416, -2539.311411597354, 918.760609460863, 674.1627367371602, -1000.8218455493989, 327.30141114044204, -1407.2535126578814, 1103.5736394948758, -2279.6627896030554, -2908.2510931099264, 1112.2423353018105, 1753.1367996136887, 205.67554145390343, 96.78291189533675, 829.7751321112478, -1594.583893235105, -1293.5082479016212, -196.94282245430236, 332.305548117185, -842.1288429737526, -1743.4136001558732, 315.3226334353452, 421.28947651048975, -1569.7879685192422, 561.3397940473579, 376.96209141925306, 511.63182235314946, -1258.9027289870896, 1206.3911385268025, -1961.169783051219, 2.647725571560727, -44.824115897937304, -140.891852548447, -1432.8038281819154, 590.9520916670521, 926.2488971034365, 507.7297507614853, -2597.9653490202704, 181.4344790087512, 1540.4913573695342, 1019.0454214101003, -373.5499234506924, -1052.3899785839576, -780.7175780993098, -432.9645709211661, 1219.4063288059, 2844.6747153109254, -1312.9177850698948, 1092.4762898609579, -2873.962277223868, -744.581249231017, 3883.628423492775, 180.34373522898957, 704.7373523326464, -149.78569366243252, 933.1773598884481, -1245.0229124963196, 718.2977683926358, -2761.5539087280026, 976.1381087921734, -1067.4028745590344, -860.8972601619369, 1492.3731667896925, -1397.188503901306, -2763.014373212495, -630.7259038212306, 320.18056966270524, -2317.2939152302724, -3113.3865088881776, -279.22904674138977, 50.47871218031881, 809.1865745020725, 1045.451793325276, 58.83633340787324, -362.35460410361907, 959.7055056402669, -831.3817048807191, -1698.7835845142379, -640.8859442305463, 3946.488907985409, 275.19587661488185, -1134.541632701803, 1071.3251307004568, 3589.609738142555, -536.9350672044168, 1796.3447950588827, -1149.0965641379862, -378.54198320409813, -1396.977475255436, 252.62676059886635, 836.650494543288, 512.5274140167433, 477.53748670257005, -397.4631849809125, 1137.7615833717084, -1283.2312431431762, 721.3829309002188, -1393.2611811763234, -325.57236444931635, -984.8806000688447, -352.41131690328376, -322.2499627075498, -698.1031421583907, -49.6702528521424, 689.197914578094, -1439.4715999423054, 847.89852718063, -3404.4871081709443, -171.68779338746762, 15.268228397950168, 437.37581148101947, 517.1547374470579, 2331.944655404896, -1327.6637907223335, -1260.227192537746, 544.3790025296969, -210.14077033369196, 1228.2815199667414, -147.2496483670232, -395.34925930203053, 1823.2392700908074, -1485.4218184699191, -3555.2541536551776, 691.4559860786343, 863.8019127870059, -2854.952130149276, 1661.6064582916836, -472.4041192622077, -686.1940642819961, -1140.2732162290097, 1762.1908026856972, -1010.9433570999101, -915.5545761149759, 292.94417713158646, -1381.5420827224339, -1501.7184625954176, 523.2264777830003, -1329.353505726013, 1642.2233452312107, 483.58198597106116, 1019.5268100219812, -236.03569905818912, 667.9127575752095, -1413.7074398279872, -738.1824760340504, 794.2830360426376, 524.0138288168305, -1082.203903750896, -416.28792930971986, -164.24353479310173, 821.0829155989434, 859.9912473327711, 1847.8280052842613, 879.6000873424546, 760.6391694856652, -1528.8525121987725, -608.7380255090014, 2097.690342386469, -823.5370284902251, -1568.9352164257007, 568.8703156958359, -4571.421744668867, -910.9027867142728, -1528.038143017998, 1792.4973066447658, -3090.061148149994, 598.5244049231633, -1406.7352154788757, 297.506784000283, -637.9155272403103, -2348.021971203679, -337.5143437966457, 795.4034259403797, -706.6365021722991, -741.5334061337967, -1512.126609215462, -129.365421344747, -1673.0058494830505, -1156.2558019124635, 492.1889662413961, -1490.3497595491026, 24.9869159218147, -676.7585268947935, -1463.4986638961957, -1457.8990016901294, 3227.0696752632384, -646.2114545401002, 466.0128312195036, 1400.2535787464801, 1144.908950192892, 909.2140755880348, -279.712308951712, -2060.4250696508166, -1595.735251595767, -1673.5737552300266, 1001.0152863795126, -1510.000993064719, 740.8736812009392, -4133.423631787029, 2069.1749163079157, 742.819308204359, 1030.0100262614872, -1470.752476650866, -417.0862052334742, 1141.0343022784598, -1882.2704220469752, -2868.160700405456, -1083.9767696450913, 1.2445323127202812, 768.865423655433, -1504.0901411730713, 927.1796993121075, 2879.2118149156213, -1068.445535991644, -1649.9201068973457, 118.06430822541304, 818.2171641864417, 3717.6235031678766, -1841.957487208084, 126.18006369117975, -156.0045910367695, 2871.6793581234006, 681.9976347478392, 1186.4375763190708, 32.09379611284575, -1510.0318060688637, -178.1629594241053, -1393.280819177184, -930.0149070935819, 791.3734375357124, 2286.487722574691, -325.11296906890936, 830.8893097360583, -1173.650134661956, 53.0482181816366, -1080.1496547298345, -361.4701264129046, -35.518389655743235, -1897.5241311356556, -1396.4889687378948, -4183.8877735007845, 1411.0776252296596, -974.5046825073994, -686.8035352076384, -1139.1847035086003, -1255.2912416047755, -1147.7017941757088, -319.70998458299516, -3584.2753658292645, 719.1069725184835, 1596.813853291198, -1216.361543420479, -82.33686321982452, -170.56558555694411, 719.5467070086987, -859.0134601069044, -1432.6955452630843, -1195.151166187611, 2233.593238201058, 1687.4523034259776, 761.3604497537265, -190.94832553864455, 313.38521938977283, -198.8799935398159, 835.6339410596465, 705.2475156478233, 744.1560919384114, -308.4380761051576, 43.33134535913487, 5188.329107339122, 539.318702698027, 1020.2192508250594, -1099.9006240126628, -240.51117057926987, -270.0377944637629, 3420.666671256823, 351.4812433711443, -750.503149682839, 455.11803134615195, -518.8325191181245, -343.5336563118658, -171.72944591243214, -941.9529381763643, -531.6437138976214, 211.49143417015378, 1117.4754069280527, 24.61773582325378, -232.54562922776503, -1085.8085716328487, 1779.0258291202356, -2214.378036863249, -1427.7343431967952, -855.9532706286191, -651.3604717408106, -4768.011666966283, 2500.4379046178974, -573.3619794067895, 1110.9343013538812, -949.5991514975111, 2252.0092149058687, -1261.6570472771389, -216.86902060331147, -1593.4626117670439, 1056.7798104042752, 2343.4651596342915, 328.1964613995158, -1322.0259500387037, -2677.592929040294, 759.8325872381711, 5297.178190422358, 1361.4207471912925, -1494.310295191815, 1954.736819254427, 1499.294531827967, -96.06144756309484, 316.71498701838027, 2720.8872707718565, 542.7728623127513, -1036.9790479146554, 855.858444714329, 772.9374828559596, 898.0277157396663, 792.4401066968805, 827.6930761596003, 774.9440906120301, -858.4531151374521, -673.8952078335606, 661.5068434671691, -354.18644679437875, -1082.0003062471849, -317.7806523021067, -963.7178230688105, 781.4643612532557, -1490.9730320410015, -784.7594198472375, 1430.7650164444349, 175.40376499584536, -654.083151128967, 154.39213859143754, -1469.5900910226596, 732.6769043011531, 1728.0205125789823, -624.4084577247697, -1840.89353454424, -329.4571109816659, -196.0103150015587, 415.27128000473056, -2067.7070480813113, 1241.2500314468414, -862.6126925611404, -646.1197996623025, -597.3105890915441, 1823.2864271081546, 1105.9757505295988, -1450.994483888346, -2852.9920098050025, 683.9469607364106, 2093.704691824463, -438.2081626010579, 855.0292241727243, -449.83325292487734, 389.62602161597056, 1074.335276115919, 1271.142017098053, -1182.9847855832518, 782.5370454290393, -1167.585053307576, -1347.2790463718807, 913.1560729286759, 777.6702660386665, -734.8637951479959, -1095.8361859410845, -786.5478178930252, -43.624342438066805, 1301.9207437304815, -1414.3849793660195, -1764.7136641260465, -171.19033277612473, -1554.6249088162654, 870.4783327416594, -16.16952323504057, 1077.3867789202225, -1139.7696316594033, -1051.3500842280355, 570.8659450520886, 126.02800361786174, -316.7983209996222, -1079.390708341282, 493.23705393615603, -929.5626438329416, -86.85911189015616, -1695.24057253151, 3150.079992566996, -4388.323674193192, -520.1258356258497, 2786.17601243056, -140.95673262099842, -1341.4156161330552, -1039.2613123404412, -1287.4799576829841, -173.67197895696737, -1461.4850823253644, 616.6287922348669, 171.8858646240732, -530.2557383325803, 1172.712165322154, 1583.3573714956985, -335.9883428367675, -457.13461917414884, -1433.1373481000694, -288.8283817898119, 1105.922427568494, -744.4970898754257, 151.78687273186486, -1445.374215330778, -864.90674074776, 997.0511502430006, -1039.8931377642684, 865.1864121300143, -522.9113719175376, 349.4455773362729, -338.94589991270755, -261.1319943561731, 526.6818787121525, 1388.3167175997633, -731.421746593014, 867.6924476845832, 805.8018583994378, 555.6152522045554, 974.9602600770409, -307.11264659776555, -1428.7510100051304, 1409.1209600116217, -1000.6627298990393, -2907.6935601630066, -344.80875094627334, 692.9351021898913, -1312.542627495732, -399.88710663732866, 384.8589037257643, -676.705028284207, -2113.4396380748626, -2758.460478418246, 81.351295702449, 2328.847572228442, -319.14757746379337, 1030.3034809083015, -1404.3891562226472, -1593.9726889548156, 455.11669108235503, 614.4908305014094, -182.66344101871988, -714.9594777810366, 162.0923262945656, -1634.278471398935, 646.1878620134374, -595.4863959506864, 998.7572164756737, 356.23846806562597, 733.102389745549, 3026.613050983689, -391.19534266346466, -340.15571590074387, 1577.3195643013032, 12.02918787278307, -684.19071275415, 2014.0798126344569, -391.9183688299479, -2678.286210752431, -168.88627483766774, 1074.0939745710634, -1787.3505323256986, 2180.135183809376, 819.992998472828, 5558.974894716658, 1250.894913552059, -5575.6420117595835, -1191.9016088516973, 676.1933538565063, 374.4216282498505, -1150.0901590124954, -979.7381602837072, 900.030840618125, 394.141599744122, 872.2061710750027, -806.6055322887612, -1963.2880844311094, -873.5432537344627, 1098.2415362574282, -919.4593152593184, 42.79878366000494, 939.630985498756, -293.8112396623843, -629.2980668872602, -1257.7957753591238, -59.305973047461194, -453.2897071570633, -853.7913884359822, 533.8727151547153, -608.8764046397009, -1665.1097981932292, 528.9468729647974, 795.5521809177471, 142.40104413448555, -1057.3294767745876, 1553.6947293364426, -536.6230040951747, -260.19331547670254, -149.44849441818621, 309.5123903603111, -3559.2998571185576, 2430.643001800645, 583.3663754185042, -1552.575843174214, -1007.1505125121057, 811.3833229977986, 2382.292522149068, -1006.480332698966, -1759.242661646009, -921.9482303129796, 2043.482754171809, 235.4143264593844, 527.4144425879587, -1281.8331921542695, 930.648057508223, -3065.383927574213, -1164.4158399294909, -136.42959738140027, 1402.8231033880868, -2399.688771267014, 740.3960142042179, 115.7480205389227, 486.54284734460134, -117.93958453988293, -346.03029353712054, -1009.3036648664238, -566.0245248203652, -1293.3471636522106, -1534.4036124451611, -1618.1392834545547, -1025.3302699429923, -2349.9744235646895, -308.4563877578415, 2129.9988216398565, 360.5769021615198, -956.8038571947161, -3264.641607364524, -2214.0500134445206, 480.4141887205187, 369.2974735380885, -663.6261377441361, -1345.6138838096176, 2404.9998027080237, 147.50236359116016, 500.00815101048374, -1571.0154547074392, 1145.8625304797629, 1045.3485813360319, -13.888679043486462, 1145.8782625051438, -464.09587257737246, -1273.696671117563, -256.27086468393554, -423.1716660282426, -999.1945432429536, 1126.0703807144848, 638.8415430482896, -353.4207335825398, 766.5790593811084, -3967.751627269337, 636.9567345281807, -244.20051777371867, -1191.651824315997, 1218.6377874456637, -1455.6740084899955, 1536.7339204124196, -991.628647681966, -87.60893724357986, -1685.2724534094566, 744.5655126180014, 171.54296512034446, -637.8136180539154, -1522.3531724742595, -647.6528663909397, -870.3318024642052, 918.2939852440068, -560.9024130940707, 1056.6839806125433, 1791.3275388190475, 32.67335438858939, 421.1450114064678, 1776.9604452872447, -2510.3681207238224, -589.6787560482827, 1089.1998451934553, -2773.3258368078527, 4795.228190574577, -499.84277668640595, 639.1971197796147, -1307.8584468489871, -1659.6041230868702, 4091.0253590798575, 2337.7750077249543, -1207.2066770880995, -837.4208421901881, -583.2344243508719, -474.37274811716304, 260.06610249997846, 58.62206982640933, -2109.3940680918104, -2036.3473936732569, 244.06084836155767, -1188.7856286553513, -245.75373850841837, -1192.595840810811, -131.2385594287155, -3455.5041666036195, -367.35108884870476, -271.4434612598686, 2357.434794172499, -383.8370581260531, 4361.279232055753, -670.9979971984169, -454.0985811303925, -292.45634159939885, -1025.713020053383, -139.34092346266345, -776.7879711024212, -895.4476693277425, -2061.1637690879566, 397.0504637063839, 724.0827464175849, 924.0234310624376, 990.9948219560622, 804.4634131447153, 668.2749346883578, -422.72274767950216, 1241.1045181260818, 1080.1008829038308, -927.8930003929183, -13.569787345235312, -1181.4054193732015, -1638.3133943579444, -224.35228626094423, -2567.9830479841257, -649.3799467536637, -1020.2102370938302, -1645.9005497076666, 1043.6934992638928, -792.861089075552, 598.4080411149184, 702.5018586324376, -801.7385230175826, -298.324913309807, -3507.0248779853564, -555.0107271607693, -1594.119852949678, 2270.7610472173565, -77.71838375087333, -2121.9843665484022, 179.6725969973434, 538.007878860999, -2910.370113402246, 480.19254704823106, 673.7696588494773, 357.3550262549335, 320.7411437146129, 957.3475214661246, 836.3275028541443, 871.9502574785616, 542.4815802867697, -701.9925298668799, 80.71675633018785, 1780.911467602329, -2131.284791718478, 109.78314699426844, -1407.702919359808, 255.27968821770995, -566.68511791027, 25.30387305425276, -724.6641495251449, -1596.5111107734683, -423.57136471510887, 59.341842351575025, 2913.771722355293, 687.0435238009748, -446.3799855589092, 3993.681297662434, -2787.480462854879, -1865.1997647441376, 553.2566826632051, 1162.3345171777753, -1872.5318761541828, 1352.5718972729014, 1157.8788134479062, -1494.325913892502, -1146.6403736488687, 1035.6951748916065, -160.48477864440028, 759.3582408497216, -700.3181442080729, 487.7840678303246, -416.0902342942808, 371.40870442898756, 575.3429939397967, 490.1282105441951, 886.3683334559728, 820.1403307439932, 370.8929321649608, -2650.983285860239, 546.1801245350791, 867.2610157892274, 2026.4351095482095, 433.9654317544797, -3872.503151767538, 781.091732507759, -507.8063548024577, 654.8874158472803, -1269.0815122568836, -944.6961459981628, -909.6492679937799, 361.53709024523994, -374.0142609236715, 1199.7372760974743, 2617.416982140916, -1193.3757615777527, 40.23504678654493, 2899.513197569378, -804.3368427798449, 1266.5621589016093, -1437.9958044393197, -354.2753061577532, 666.8972761383416, -835.4328155188869, -185.67218992564855, 1111.8750453097998, -2287.6652109207694, -815.0074303641866, 394.940017103145, 1800.8090792946305, -980.970202576279, 2109.397616089819, -206.6564407222005, -1649.8348676594123, -1576.3934086547563, -1070.4273066236171, -1334.90519133961, -292.227204404905, -331.357538202462, -1729.0028259469805, -1706.8907206127687, -1124.7173077208054, 2200.8464209259387, -372.38543536200984, -609.7726811175926, -1793.9582030384188, 1034.976299257363, -277.8522198269781, 507.1031136986269, 1636.512186579431, -372.4720575695186, -1519.2036410597227, 149.13940902912063, -111.02561288547975, 567.4560796571304, -1320.5187123566634, 4368.570993743682, -1166.0523452967593, 1146.8682678329267, 176.53448346922997, 457.67579279926963, 1255.076730475618, -957.1973648358461, -1758.2570306073399, 645.5281407929447, 130.20321620789426, 695.7797072995712, 859.1787642706255, -1393.8962374290563, -1582.518005689598, -1245.297990454406, -787.2821378704555, 606.1670286975841, 801.4740755892601, 831.6764806320791, 458.80033566231964, -1274.3565741494856, 2483.137029320502, 840.6993644555262, -4136.069421765121, 2667.017982453569, -484.15659613458513, 1191.7298002802165, -601.0566621554213, 3034.396738026516, 1059.9870867605985, -543.7633221797024, 1535.7393438484335, -843.5426266670195, -577.8971319541047, -608.9242285913922, -357.2972654834215, -1438.5651263138388, -866.0617441784541, -880.2130395713948, -591.557077511262, -414.2314391810892, 605.9377413722988, -834.0461122560462, 1379.8294910310317, 686.3996733298748, 2343.0431811368285, -319.0811479032845, 82.49794930527437, -3159.2750383161465, 787.0648206838811, 245.87624561042801, 659.2649367564553, 140.6403783591143, -398.2580967922661, 713.9089168664159, -1370.8399885789897, 527.6877293900097, -493.3206822551708, -87.75142523454542, -1217.7291195863304, 831.9431759859685, 2434.9336429706364, -337.3349761436491, 679.8404796244397, 2693.8687537227815, -92.97255282043909, -1722.5770101208689, -474.8843660039872, -448.2614938881063, -406.46665745288635, 2478.027796291146, 1503.236601040602, -1945.5059442999695, -150.05298176053984, -217.49476332413778, 209.07263071434969, 939.363044345055, -2039.5870295593695, 360.72364013181516, 2194.642782736118, 272.0325395274001, 399.0731784394079, 436.77164056741924, 2460.651332477459, -1447.2174846506164, -718.8950574265542, 408.9943376474446, -1014.6405985453705, -772.4644740589005, 5636.863646096876, 2131.212170016596, 16.6404719376103, -1035.3958655084916, 59.32142245810613, -413.9246931929114, 463.7182678260326, -176.83726281424504, -1981.1966849794353, 849.3508684866408, 728.8080235362384, -1810.5224041191236, -197.10770723251989, -256.5618777714625, 482.09234661275184, 900.7540462009863, -1147.1784293754538, -721.0620790355142, 795.9803598932172, -1165.5024364473345, 2123.852527308015, 1938.4194173517105, 817.7149293783368, -1287.7770107721692, -1008.2096861510679, -309.43128871651845, 767.4619467441673, -1212.3920521653297, 2.555329712794361, 462.20104644746993, 3340.730428108035, -1488.758437653786, -1661.1277202112815, 889.4738147489454, -1862.2789042618895, 1768.3463290877942, 3693.8210420564396, 204.66293623480888, 812.1213223013212, 1683.3130680586494, 557.8864315614087, -1074.2890281115267, -1465.7952286294324, 302.0286576421223, -957.5223318220717, 1102.9283562457701, 0.9105892966978786, -773.3990190141424, -1318.007739614561, -1684.3263972375128, -283.66318033765356, 2989.1581556894143, 948.0915709273761, -914.5300282129488, 273.1947516344728, -1643.5802477029613, 1066.38298784648, 13.06753646579719, -245.87524173298632, -505.5163682050787, -1597.4269619322495, -1005.259468983573, 943.704471434108, 100.97103896963463, 474.1114018043148, -1710.1916993595878, -1165.8019869544687, -966.2433785494931, 581.0565865109805, 693.7860957487412, -1075.6999660145807, 558.1445169803321, 651.2340292548936, 1078.279135648222, -729.5138238500117, 4941.780960655551, -916.7446969441285, 734.5118237931225, 1124.769277655118, -1575.3878979509798, 46.5511212383129, 779.3763205259155, -2012.727532141815, -1586.1193040186326, 4947.191933123546, 44.42456267616174, -1952.9292877516698, 1090.0448726823356, 394.12068910241544, 709.0919099480702, 321.82127446795675, 100.73025753666948, 1006.1837522352562, -1507.3856384742264, -738.681954450816, -1562.7997609713138, 2501.753349772771, -770.6130602679514, 1185.2281077201421, 453.350273985992, 203.07998047803247, -1525.1402797089002, -1713.426623570559, 700.3217495845245, -1793.7814447200014, -568.7998842364843, -288.8615783968701, -1219.522932064544, -997.3860660360787, 1115.4914480079403, -967.935073218669, 1073.7323345364737, -1107.227480626431, -1087.9374186124971, -609.5366401917751, 679.9822501797638, -1424.2614374483273, 890.7324475633618, -1086.2610999456754, -928.0904679606195, -195.71555675354455, 200.81618331869154, 571.9092023053496, -1149.6543711901259, 673.5760197198891, -3309.3440955368733, 880.7918509485376, -1086.5801661172493, 1714.0267096015607, 231.3254467991121, -1291.2941497456127, -4557.758253527671, 2262.818342216629, 2429.820804882233, -500.5037412347392, 971.5957313727431, 988.5462345335357, -37.154781698318146, -4648.339770004343, -693.5497619574489, 273.9419494335716, 1432.7103499084321, -2210.7433536920516, -1007.1545741013463, -624.7099778910309, -538.2711580268765, -253.59029004681048, 855.0212519233851, -2257.660035429535, -993.0893388158456, -114.1496046092341, 312.20378112791377, 1206.7393919576932, -966.8703382455054, -1172.8227436791854, -1175.470372882688, -1652.2315001790007, -3736.4741701519806, -1117.678450505856, -932.2757652518028, 1945.9849541948777, 237.13528552001745, 356.4478008177962, -1268.2821825715366, -3923.338423734907, 1028.8935813968733, -1724.9068686175399, 576.7642957472611, 1736.8823178564087, -753.4321554345489, 1775.8664924722184, 922.2994831922533, -1750.2111156726282, -1333.4864216691492, 69.7241423574417, -62.379828676328714, -492.7442775028708, -694.7080859964145, 241.0991636427087, -142.79165211296785, -814.4608217056732, 846.186098960945, 776.5978606871879, -475.9683191153929, 472.1942975978394, 4310.344292009558, -921.5472037593015, -1441.8670392548581, -915.733937606024, -288.1784478173606, 1449.1687600928742, -840.5444497968034, -901.2954343581337, 102.53508161512113, -392.83698334036785, 341.57330116050696, -1531.2689383329828, -569.2290634636536, -1467.610623445235, -888.6571140125553, 1046.2370304149315, 979.6297977118459, -1188.904256460496, -1185.8912673843156, 1079.3734526640385, -360.64619907037536, 392.37414140635406, 637.5253992015146, 434.2614944789635, 612.4882674448311, 331.4267223433668, -814.659235830374, 516.3159499485598, -510.64943703856056, -506.15703591664897, 270.33292893294356, -2654.2240261653737, 1624.5988545400992, -1275.4966926258048, 718.7989270357943, 446.3694323249042, -1456.3889358596919, -1906.2390511973883, 551.1310665124621, -231.67719317821843, 149.82372665371778, 738.016372627091, -1151.8717555433598, -1709.7600864511526, -1094.5783022429473, -946.4658454434998, 332.33268164025174, -509.2744281338496, 4.569091162998717, 1253.4861862893017, -1673.1501841533568, 713.8170353392311, -867.900385285583, 1761.1504012982844, 101.18902751349904, -672.6627578785224, -581.5469725457417, -3862.667691099341, 334.00971774271477, 886.1988041163586, -2929.164899032571, -2035.631725441963, 523.2553861514305, -795.746157232041, -1018.0044098520427, -301.1272382382474, 1549.220620248205, -1196.2706202137015, -1420.1111764101556, -502.33441234407996, 143.30117900062712, -538.6972711275477, -597.7431206856896, -171.98139333695346, -732.6643433122647, -1345.785278117585, -543.6195998726239, -160.15335232998012, -254.8328867660614, -1722.3160230848534, -986.12348819917, -1215.5118485577898, 913.3421610896719, 167.9826018806332, 583.0632941962868, 921.986938450839, -1798.9609381430307, -783.3750385135415, -1535.0419893061658, -1234.4314150116031, -1510.4826083259873, 1289.5068932055883, 1041.112340078958, 959.5114695335601, 34.79279572734819, 265.31676690892823, 776.5979365509342, -2445.5717668115285, 700.0407194720884, -38.39715176818166, 596.7872197036546, 554.9762899763429, -151.90645975266716, 562.0460512741644, 909.3823942992178, 1690.0369895166461, 493.99792206944494, -910.9069616282071, -1433.4196051516083, -1185.7907000584187, -874.9821334482983, 867.9045108508442, -1035.178892883633, -1101.9493309368931, -1197.7934285270526, 401.44996985407613, 91.21873497226224, -1142.8863280383127, -887.7542078398346, -1129.961258500157, 693.9442734760205, -1460.3095938228034, 1901.4692146161283, -997.23565158947, -1100.6175467151616, 285.4099809662712, -2102.33400364912, -1545.544144854631, -1748.2560610142575, 3072.9807706986676, -386.0464728593072, -683.3091102485514, 1218.2157555532426, 1203.8111003332867, -4504.10604354264, -3986.649601498564, -1525.7252202841062, 1144.1972707611237, 246.1686013568034, -1991.6461865514214, -1263.6371712573982, -445.90992740908746, -2378.18088270313, -2938.5466849158474, 1179.7247393933812, -520.9048123077627, -1300.246025157199, -59.61677974960969, -1386.646823229112, 2975.007171399646, 2519.6873524984926, -1296.7037060860641, 867.3849892427227, 1357.457958379382, -1675.5160616251746, 282.0202966503143, -388.7152235017908, 321.9305939624385, -1491.5130892623374, 1021.5800505779664, -548.4844993063164, -79.48748151833067, 1145.1784395045531, -202.0813624259083, -1579.1081402946397, -242.94995310810802, -773.6618474502002, -1415.1929777410567, -1580.6975490328552, 2378.6689403574746, -1267.470588487825, -59.747256493986896, 594.9749481723732, 390.9754198711919, -1553.0875538490004, 945.8052449123497, -1359.2122498667745, -347.73746814051924, -898.2397370208867, 650.1039813628356, -1322.6400198514184, -3.5279499695759284, -1260.6983080972902, 543.8702309983848, -819.5372300031103, 87.03593000098692, -1847.3150172283317, -103.56304263842999, 2880.139299585074, -232.4217218279378, -216.12848916278494, -497.5471342858625, -1430.783897557682, -651.4440096020751, 1016.059045745096, 1512.310432100261, -2392.2584698526653, -17.398336295407915, 627.2575659001744, -852.3720823429595, -90.7799433744012, -3748.6129443924074, -308.11591452035236, 2939.2026478005832, -1134.4042841271605, 2794.421131797227, 4552.226538751344, -2935.9694121286884, 772.1358678799362, -1430.8007033034567, -477.4843990851758, -356.34485188971337, -107.8116946566166, 561.6588750764033, -1170.1522452642769, -1255.4351896859716, -1386.8701924757381, -769.1295874313303, 1637.291342562787, -376.47752874216576, 223.83841389001165, -1604.329012358716, -2668.3796298364946, 1162.6041654884543, -1637.2616121283447, 1116.2754303641225, 495.42777680883773, 906.9275229236212, 712.2190885380426, -1228.3654368432199, 536.7143160848768, -810.4263395252501, -611.3674980945038, -934.7061021313716, -781.1726452047194, -408.98790864599505, -679.5932824316442, 295.5653581084666, 1071.66329837341, -1602.517636843087, -680.6599515928124, 992.9788942008684, -1209.989763842577, -605.8556249051908, -589.0399079431143, -520.904130081518, -1056.2974424390009, -1653.6780031150613, -24.027531582344608, -292.0856604989681, 1629.9376170564485, 904.2818462702235, 553.7576905322071, -46.089713515387814, 2459.4465964307374, 377.6789069590068, -151.42915314738687, 590.6809636471332, -2002.2243119616026, -199.28600237742089, -469.4716942145834, -2509.2791961337516, -219.3197170649738, -962.0123066777437, -797.5200315913121, 2121.78480680778, -1266.1724280815397, 75.712087835922, -1506.8727344730328, 1543.6866242689719, 813.4326340329769, -1471.602643556069, 1888.0057248532578, -927.5286440802777, 1672.241811188539, -974.6347612558875, 1087.6013130250587, 188.8120044264039, 806.6317815192124, 650.4103677579229, 2027.5025915623398, 1853.591841036158, -1596.767178386969, -1338.3453077618467, -382.65838275727396, 732.0342392015204, 534.794609581041, 2053.375572614752, 509.1730466756936, -3123.479242696976, 521.6776137736647, -192.9558519804249, 3484.2633516148953, -975.5645359006354, -1528.5658771292397, 348.47734524615544, 859.3181991374269, -96.46502682612245, -381.61058403668903, -476.15340040801345, -3347.811220944831, -1501.152889147271, 434.2312857407521, 1753.088928314053, 460.1927381900008, -1183.0271790891854, 2618.3601143655014, -246.76598333607174, -1712.1708139995008, 562.481683482773, 1184.032820621001, -481.43081928176855, 279.9849192498259, 2640.88504731625, -51.83036430610433, 2725.559982077544, 3225.8467556024966, -1415.6982441414104, 936.8284787588857, -1122.414528897516, -53.85508061079855, -689.6527388227515, 1343.0022914662468, -461.0493273779624, 813.6354497209993, -295.4804215248207, -1114.2138037331829, -1460.133195895827, -2354.1294082632535, -97.86068060006917]"
0.75,7000,0.7699249066038659,0.7699249066038659,0.014066696166992188,0.33310158684938806,"[5, 3, 3, 3, 3, 4, 4, 3, 3, 3, 1, 3, 3, 2, 5, 3, 2, 3, 2, 2, 3, 3, 3, 2, 2, 4, 3, 1, 2, 3, 3, 5, 1, 2, 3, 3, 2, 3, 1, 4, 4, 3, 2, 3, 4, 3, 5, 2, 1, 2, 5, 3, 2, 3, 5, 2, 2, 3, 3, 3, 3, 3, 1, 2, 3, 3, 2, 4, 1, 2, 2, 3, 2, 3, 2, 3, 4, 2, 2, 2, 1, 3, 2, 1, 3, 3, 2, 3, 1, 4, 3, 3, 3, 3, 2, 1, 3, 3, 5, 3, 3, 4, 3, 3, 4, 1, 2, 3, 1, 3, 3, 1, 4, 4, 4, 3, 2, 2, 2, 3, 3, 2, 2, 1, 1, 2, 3, 2, 3, 1, 2, 2, 3, 2, 3, 2, 2, 4, 2, 2, 2, 2, 3, 3, 1, 3, 2, 2, 2, 2, 3, 2, 2, 2, 3, 3, 3, 3, 1, 3, 4, 1, 2, 4, 3, 3, 1, 2, 3, 2, 3, 2, 2, 1, 2, 2, 2, 3, 2, 2, 1, 3, 2, 2, 2, 3, 3, 4, 3, 2, 4, 2, 3, 3, 5, 3, 1, 3, 1, 2, 3, 3, 3, 4, 3, 4, 2, 3, 1, 3, 2, 3, 3, 3, 2, 3, 3, 3, 2, 3, 2, 3, 2, 2, 3, 4, 2, 3, 5, 2, 2, 1, 2, 4, 3, 4, 3, 2, 2, 4, 3, 4, 4, 2, 3, 2, 3, 4, 1, 3, 2, 2, 5, 2, 1, 4, 2, 2, 2, 2, 2, 3, 3, 4, 2, 2, 4, 2, 1, 4, 4, 3, 5, 2, 4, 1, 2, 2, 5, 3, 2, 2, 3, 4, 5, 3, 2, 4, 3, 2, 5, 2, 1, 4, 2, 3, 2, 2, 3, 2, 2, 2, 2, 4, 3, 3, 4, 2, 5, 2, 3, 1, 3, 3, 3, 1, 3, 1, 2, 3, 3, 2, 1, 4, 1, 3, 1, 4, 1, 2, 2, 2, 2, 2, 3, 3, 3, 4, 1, 3, 4, 2, 4, 3, 2, 3, 3, 2, 3, 2, 3, 2, 2, 3, 2, 2, 2, 2, 3, 2, 2, 2, 3, 2, 5, 2, 3, 3, 2, 2, 2, 3, 2, 3, 3, 2, 2, 2, 4, 3, 3, 3, 4, 2, 2, 4, 2, 2, 3, 1, 2, 2, 3, 2, 2, 3, 2, 3, 2, 3, 2, 4, 2, 1, 2, 3, 2, 1, 2, 4, 3, 3, 4, 2, 2, 5, 3, 2, 3, 5, 2, 2, 2, 3, 2, 2, 3, 2, 2, 5, 1, 3, 3, 2, 2, 2, 3, 3, 2, 3, 1, 3, 2, 4, 2, 3, 4, 3, 3, 3, 3, 3, 2, 1, 3, 2, 3, 3, 2, 4, 4, 3, 3, 2, 3, 3, 4, 3, 2, 2, 2, 2, 2, 2, 3, 2, 3, 2, 1, 3, 2, 3, 3, 3, 3, 2, 2, 2, 3, 3, 5, 3, 3, 5, 4, 3, 2, 3, 2, 3, 3, 1, 4, 2, 3, 3, 4, 4, 2, 3, 2, 2, 2, 3, 3, 2, 4, 3, 1, 1, 2, 2, 3, 4, 2, 2, 2, 2, 2, 3, 3, 4, 3, 1, 2, 4, 2, 3, 2, 3, 4, 2, 3, 2, 3, 3, 3, 2, 3, 2, 3, 2, 3, 3, 4, 2, 3, 3, 3, 5, 2, 2, 2, 3, 3, 2, 2, 2, 2, 4, 4, 2, 3, 4, 4, 2, 2, 2, 2, 2, 2, 2, 5, 3, 2, 1, 2, 2, 2, 1, 2, 2, 3, 3, 1, 2, 2, 2, 2, 1, 2, 2, 3, 2, 3, 2, 3, 2, 3, 2, 3, 3, 3, 3, 3, 3, 2, 3, 5, 4, 4, 2, 3, 1, 2, 3, 4, 3, 2, 3, 2, 4, 2, 3, 1, 2, 5, 2, 4, 2, 3, 2, 2, 2, 3, 2, 4, 1, 2, 2, 2, 3, 1, 3, 2, 1, 3, 3, 2, 3, 2, 1, 1, 2, 2, 2, 1, 2, 2, 3, 3, 2, 4, 2, 2, 2, 4, 3, 2, 1, 2, 3, 2, 2, 3, 3, 4, 2, 3, 4, 4, 2, 3, 2, 3, 3, 3, 1, 2, 3, 2, 2, 3, 1, 4, 3, 3, 3, 2, 2, 2, 3, 2, 4, 3, 3, 2, 3, 4, 2, 1, 3, 2, 2, 2, 2, 3, 2, 2, 2, 4, 2, 3, 2, 2, 2, 3, 3, 2, 4, 1, 3, 2, 3, 4, 2, 2, 2, 3, 3, 4, 2, 2, 2, 4, 3, 4, 1, 2, 2, 2, 3, 3, 2, 1, 2, 1, 3, 2, 5, 2, 4, 2, 2, 1, 2, 3, 3, 3, 4, 2, 3, 3, 3, 2, 3, 2, 3, 2, 2, 2, 3, 3, 2, 2, 1, 3, 1, 3, 2, 1, 3, 3, 2, 3, 2, 3, 3, 4, 2, 3, 3, 3, 3, 3, 4, 4, 3, 1, 4, 3, 2, 3, 2, 3, 2, 2, 5, 4, 2, 2, 2, 1, 2, 1, 2, 2, 4, 3, 4, 3, 3, 3, 3, 2, 2, 2, 2, 2, 2, 1, 1, 4, 2, 2, 2, 3, 3, 1, 2, 3, 3, 3, 2, 2, 2, 3, 3, 3, 2, 4, 3, 2, 3, 2, 3, 3, 3, 3, 2, 1, 2, 4, 2, 2, 1, 5, 3, 2, 2, 2, 2, 2, 4, 2, 1, 4, 1, 2, 3, 3, 2, 1, 2, 2, 4, 2, 3, 2, 1, 2, 3, 1, 1, 1, 4, 2, 4, 2, 3, 3, 1, 1, 2, 2, 3, 4, 2, 3, 3, 4, 2, 5, 3, 3, 2, 2, 2, 3, 3, 1, 3, 3, 2, 2, 4, 4, 2, 4, 3, 3, 3, 3, 5, 2, 3, 3, 2, 3, 3, 4, 3, 2, 1, 3, 3, 3, 2, 2, 2, 3, 4, 1, 3, 1, 3, 3, 1, 2, 2, 3, 2, 4, 2, 3, 2, 2, 2, 1, 2, 3, 2, 3, 2, 3, 1, 1, 2, 5, 1, 1, 3, 4, 2, 2, 3, 3, 3, 4, 3, 4, 2, 3, 3, 3, 3, 5, 2, 2, 2, 2, 3, 2, 4, 1, 2, 4, 4, 1, 2, 2, 3, 3, 3, 3, 3, 3, 3, 2, 3, 3, 2, 3, 1, 4, 2, 2, 4, 2, 1, 2, 3, 2, 3, 1, 4, 4, 3, 2, 2, 3, 4, 4, 4, 2, 3, 2, 4, 1, 2, 4, 4, 2, 2, 3, 4, 2, 2, 3, 2, 2, 3, 2, 2, 3, 4, 2, 2, 4, 3, 2, 1, 4, 3, 2, 3, 4, 1, 3, 3, 3, 4, 4, 3, 3, 2, 2, 4, 2, 3, 1, 2, 4, 2, 1, 2, 3, 1, 3, 4, 2, 2, 2, 1, 2, 4, 1, 4, 2, 2, 2, 3, 2, 3, 3, 2, 2, 3, 2, 3, 4, 2, 2, 3, 2, 3, 2, 1, 4, 4, 1, 3, 5, 2, 2, 2, 2, 3, 3, 3, 3, 2, 1, 1, 2, 2, 4, 4, 3, 2, 2, 3, 2, 3, 1, 4, 3, 2, 1, 3, 3, 2, 2, 3, 3, 2, 2, 4, 2, 2, 2, 2, 3, 1, 2, 3, 3, 2, 2, 2, 3, 3, 2, 2, 2, 4, 2, 3, 3, 3, 2, 1, 3, 5, 2, 2, 3, 3, 2, 4, 2, 3, 3, 4, 2, 2, 2, 2, 3, 2, 2, 2, 2, 3, 1, 2, 2, 2, 3, 2, 1, 3, 2, 2, 1, 3, 2, 2, 3, 2, 1, 2, 3, 2, 3, 2, 3, 2, 2, 2, 2, 1, 2, 2, 2, 4, 3, 3, 2, 3, 2, 3, 3, 2, 2, 2, 3, 3, 5, 2, 2, 3, 2, 2, 2, 2, 3, 2, 2, 3, 3, 2, 4, 3, 4, 2, 2, 1, 2, 2, 2, 3, 2, 2, 3, 1, 2, 3, 3, 2, 1, 3, 3, 1, 2, 4, 2, 3, 2, 3, 3, 3, 2, 2, 2, 3, 3, 2, 4, 2, 2, 2, 2, 3, 1, 5, 1, 2, 3, 3, 3, 1, 2, 3, 2, 3, 2, 3, 3, 1, 2, 4, 2, 3, 3, 5, 3, 3, 3, 3, 1, 3, 3, 2, 3, 4, 2, 3, 3, 1, 4, 3, 3, 3, 2, 1, 3, 2, 4, 2, 3, 3, 2, 1, 2, 5, 4, 3, 2, 2, 2, 1, 2, 3, 4, 2, 3, 3, 2, 2]","[4.097908347535632, 2.8768895586294305, 1.9848259977860176, 1.990803616307034, 2.5455647763294786, 4.1881602795336255, 3.044913532276192, 1.923094975260621, 2.2211967920209377, 2.6580902654660346, 1.9708754231621992, 1.877346130222814, 1.6420912785941697, 2.762578592071792, 3.762831265860019, 2.498245003926596, 2.757282216609745, 2.37749814692647, 1.8942355187492956, 2.0715313818264423, 2.600402232259023, 2.0228769226329533, 1.6691967317397511, 2.2677401999142606, 2.614317659186016, 1.9620778250528292, 1.9281430491004738, 2.4371799740978, 3.649832325834511, 2.7510432466286043, 2.1912605852462717, 3.282410415731312, 1.717570367408991, 2.059751321995836, 2.935040351726512, 2.0160392128508358, 2.5246180736757275, 2.2048314832935594, 3.1981595565671395, 3.8007839145542888, 3.9570079540491974, 2.6712836796996733, 1.7460564786831898, 2.867443439274288, 3.2553118716965437, 3.3220429841304266, 3.305467192566958, 2.311387380296658, 1.9008297420886993, 2.108592338024993, 4.297665480273539, 1.8993066316629053, 1.788813971584354, 2.589981964781493, 5.188038205170902, 1.8652383798149472, 2.2592239494423545, 2.496248030464017, 4.2897053437621615, 3.7985003305235603, 2.088816232213686, 2.1493078946167974, 2.248111959843566, 2.4355186833457916, 1.709197970486266, 1.6108971314112837, 1.7917863294760379, 3.426607247561606, 2.549397257562029, 4.068576444900904, 1.6850299229308134, 2.0221598603476743, 2.244449910023089, 2.1562975717737167, 2.088546562192514, 1.669541605364155, 2.884489413745743, 2.628411269807904, 1.5710270823256773, 3.2434122724174492, 2.144572045441982, 2.6337175657618985, 2.3756705884356895, 1.787016695125542, 2.387704591574714, 1.8094217030452875, 2.2393235209933806, 3.2980172372922576, 3.850876403711082, 1.6087765286094995, 3.0489713822040008, 2.767097280240583, 1.7778056803102629, 2.641687993885745, 3.3652198147215926, 2.063983043209393, 2.04031674257252, 3.76279824165103, 3.784687203693976, 2.573740707429074, 2.9497670304464205, 3.240570946895083, 1.8857108270030312, 2.7300328289415674, 4.985437669571697, 1.735305078596024, 2.4721623047146983, 2.7536171148286037, 2.2236449274497057, 2.2976726752318672, 2.1130996944195277, 2.2711065022592627, 2.311824775595657, 3.192707320992845, 2.5182374481037266, 2.3292028158974625, 2.6358527602686093, 2.6246499648284343, 2.2886297809998477, 2.3022176689629554, 1.7505667965363496, 1.77771338369755, 2.318734127696711, 1.9417631052272508, 1.8783021127633777, 2.9830314466964163, 2.0873940711567274, 2.3775998882312983, 2.60746236777742, 2.81223725056643, 2.3907311502555713, 2.0484737200463887, 3.0252729936642897, 2.0638018419907707, 2.191110888726476, 2.5792995164738968, 1.9047249816334446, 4.444655217301369, 1.7783274701588305, 1.9881918409047248, 2.134564176927397, 1.7577075842834393, 2.0342147257348646, 2.565564079393379, 2.4020649600779143, 2.1009213594094964, 2.3445671625934, 1.6602050851632169, 2.527056168985881, 2.9509231277361754, 2.070075140632248, 2.407504198192449, 3.6860491014812315, 2.3676326889691666, 1.7213359181494, 3.6092290146471515, 2.693949739602116, 2.5649304061979117, 2.6793890144335935, 3.0481290074219562, 3.950690682663672, 2.208457305574415, 2.2325128408148034, 4.46913378578437, 2.556566241574157, 3.029939450810864, 2.05468899110953, 2.3794071002631703, 1.6345694188313276, 2.1300675485062923, 2.013196252793686, 2.1333273210794417, 1.7538775644710993, 2.33914631039053, 2.3017465181548893, 2.2666353598242317, 2.3994203752222827, 2.3853482294230353, 2.1282233064491822, 2.0464398691929464, 1.8683381332540252, 2.4320195989602706, 2.213845027747288, 2.403112924093364, 1.7012456789509531, 2.743565817556081, 2.0483718801962745, 2.1388611307466716, 2.27587787209512, 2.810136380558742, 1.7183829058052436, 4.17358340213959, 2.610685292350408, 3.4295236607537127, 4.12842275500688, 3.471340045839019, 1.8710055496934024, 2.65481350780713, 2.72408077687738, 2.386842351183421, 3.292135436915184, 2.7114326045423724, 2.495097913658588, 3.4957044494772673, 2.386950297311056, 2.3485373977869877, 1.8547706661653702, 2.424726331079618, 2.5060092775598104, 1.88740217171609, 2.685984447659767, 2.8156820076033258, 3.116900597400771, 4.016061672010794, 2.8847040676513167, 2.789987512007514, 2.756591417181037, 2.315074729772186, 2.484238891176684, 2.861607894885013, 1.653036050903569, 4.343760594689165, 2.991757281364801, 2.4362650010982576, 2.9997742590949485, 3.213494968779982, 2.3253036844007227, 1.775291168793807, 3.7771244122504504, 2.8206877537205086, 1.6168519012410607, 1.8456333902997746, 2.380200293111895, 3.1314299322588397, 2.5908624263888163, 4.375364946089857, 3.512820071930542, 2.2546992010252884, 2.0441835550650076, 2.9833062944406774, 2.922236174657934, 3.41982932765991, 2.508110056249813, 2.9825114868104055, 2.4608806498932054, 2.0204486837220155, 2.8077800691787016, 2.784112176752324, 2.7634627680120842, 2.0572089537578226, 2.5524409681380393, 2.3694374900707764, 4.691653941962558, 1.5179945043589431, 2.4237747711023925, 4.000505426474764, 2.389202696880691, 2.3705725289339528, 2.272373590356044, 1.94561025174572, 1.9073473316680025, 2.5420983514519686, 2.119493388564653, 2.726281733915806, 2.5585927468726064, 2.321089356230697, 2.8177592943457945, 2.236464341300534, 2.7599181984923966, 3.2070046190105326, 4.6753222119418485, 1.9098707137043047, 4.47474753435597, 2.17235510048616, 5.6904897699001005, 2.999313786477169, 2.662272573336443, 2.3142462584700785, 3.8081858769591035, 1.7612528423312652, 1.570598525114284, 2.6782030785106947, 1.8845988118664272, 2.8214222891844214, 2.8075951759192272, 2.6884610615025366, 2.568150634628676, 2.9056343803316187, 2.2479225630531174, 3.0094758590615145, 3.13353114121533, 1.987473068787485, 2.3325012495848605, 2.254303304067973, 1.9312485908969588, 2.1724446851460653, 1.7080369111951477, 1.6648922910807635, 1.9664612483247852, 2.5774251156557297, 3.4420212619914534, 2.2158675050485233, 2.275376439255085, 3.6201736516516183, 1.9455040637478116, 2.591404573527606, 3.092367416995984, 2.947085894594182, 3.970058678498245, 2.0262330471972367, 2.059527993429084, 1.9586929283773962, 2.907561012609158, 2.098022005893516, 2.49667959687518, 1.3825634188708056, 2.40213735082686, 2.234206616353684, 2.9527965311930022, 1.7664919838416981, 2.976785341538467, 2.433873735407167, 2.1356220851157763, 2.1326206085852704, 3.915403740946994, 2.376677486164469, 2.04392678207552, 1.7517430798127436, 2.395885117131777, 2.2102460029475606, 2.4025289197529114, 2.086059794737049, 3.260584719898732, 1.9045791016290996, 3.5097662960685794, 1.9050486567726093, 2.8231892253204975, 2.8818108568258065, 1.7465953846882631, 2.4314056041152523, 4.319919744788031, 3.0317827716824866, 3.460057275144554, 2.5947598472750246, 2.1429157500903875, 2.0094515901972723, 2.071730127016624, 1.8705915020098336, 2.171817388281361, 2.201567367899562, 2.5363753378831837, 1.724297782696443, 1.7134708945941144, 1.843649273614362, 1.7376523310831955, 2.5936664079084837, 2.353429062539208, 1.7779231143552854, 2.536702276314593, 2.2089698919175267, 2.67256608933852, 2.7224355631579766, 2.55809589804008, 2.6410987015974534, 4.981144242319071, 2.1779787487800433, 2.3927837727984653, 2.826777606090964, 2.521407164010587, 2.4474551004388885, 2.032288098194166, 2.5868724239810827, 2.105578343666123, 3.285859473002988, 2.7194230213579127, 1.9214836060286644, 1.7611890334177702, 2.726117300299926, 3.543860893938706, 2.5950161087812016, 2.711473691281225, 2.539951329146026, 4.049357515315274, 1.5441027806155754, 2.3737892139664862, 3.6262090280275387, 1.726130788791685, 1.9107461760696445, 2.8652032671364323, 4.6580525951617275, 2.502125635122319, 1.7089121670914753, 2.2639200658918375, 1.6217338716068812, 2.691936805759252, 2.195807909237357, 2.5136216848698854, 2.6578576894065797, 2.0413581444613462, 2.3356181860710814, 2.47687856566995, 3.564852070657253, 2.1807333624997454, 2.292659078844178, 2.3848896665483577, 2.4154746671284153, 3.00680336996415, 1.9810619896420762, 2.4814005379923767, 3.3205164696303253, 2.2076420227381726, 2.2424057548723306, 2.5934105721909786, 2.2441124848049094, 1.6951913705712514, 2.962986717457867, 2.7644751505693494, 4.236624922495939, 1.9521736594113164, 5.157334487971314, 2.5976366018265535, 3.4429366923796656, 2.656660623608893, 4.204347659235091, 1.9900412471753637, 2.223362856069575, 2.0614277538099515, 2.33823303160083, 2.240189916643574, 3.161682012776436, 2.265101780183539, 2.422281192048092, 1.612710250273912, 1.9508629325602094, 2.651334094656587, 1.6782362452596793, 1.7848945552641613, 2.0359784936291097, 2.02875728781774, 2.7209846636865165, 2.0192332174486225, 1.6342960542629263, 2.167088730239615, 2.1935062988126504, 2.4846855118637565, 2.75992174768195, 3.915391117174852, 2.480664705541304, 1.727920406847885, 2.7311510066967055, 2.574663955488481, 2.289832600956839, 2.6911933649646214, 2.173114717134593, 2.9839001668107104, 2.2530220105074514, 1.8526372231372914, 2.1276337719532314, 2.082707382291866, 1.6923009572538203, 2.746187268751919, 2.801260824877527, 3.6029532862892117, 2.295297416116108, 3.258897650148848, 2.0768947964338285, 1.932463565268408, 3.3019859549143913, 1.920005627170521, 2.100060196851505, 2.676310009317706, 3.4538708413710104, 3.7296358201865467, 2.4754236620885877, 1.6456184741873163, 3.0854479326787896, 2.6182073993011583, 2.6659863350179704, 2.725961360988212, 2.9124737775112566, 2.1622559191627495, 2.284210009672921, 2.6436348383382606, 2.0591499396773476, 2.9434819070696885, 1.8675873260475844, 2.096193704785508, 2.499162623030768, 1.9289950212090095, 1.6469857038728746, 3.838294023017781, 2.130000585245278, 2.775773521875249, 3.1148679639804646, 2.180276499614211, 2.215152478282654, 2.019725119610375, 3.054761334904058, 2.97066999518779, 2.9809490186989773, 1.2839198742086755, 2.991604594585783, 1.761504691084418, 1.7926866614509098, 2.1802766347699385, 1.7410236218063644, 4.296438155362891, 2.822379948881297, 2.0795132051976264, 2.05835890128576, 2.598120907960459, 2.3970796356352144, 1.6334718367650054, 1.9521535863120567, 1.7101323720487502, 2.1886844939314316, 3.733381129571203, 2.5083868890008705, 1.5466123806757848, 2.223860523198302, 1.9074786055155077, 1.6431663632718214, 2.51209781471937, 2.42913414088098, 2.356188027437199, 2.244182943166388, 2.6590353019935336, 2.2971654082095534, 2.4046978909286563, 2.6418881395661833, 3.212161172238064, 4.482731534904994, 1.966798324746772, 5.065391208586587, 2.2460526798094413, 1.9176324463360463, 1.9327761716811978, 2.674404292322939, 2.047992485801211, 2.101964662219607, 3.9313061051762217, 2.964687905514141, 2.291428471044301, 2.1813104340012828, 2.574283803410695, 2.2089649366793864, 2.7430740547517343, 2.5923632109719517, 3.281909367249674, 2.2021241342177085, 3.8377336739853023, 2.014730857475502, 2.4286570500098863, 2.956304981771097, 3.8608465452332466, 3.3918319132477, 2.6633675561105252, 2.581546652711499, 2.5319237470003153, 3.0459736730745535, 2.3517526146385976, 1.9555881291981387, 1.7676405391435956, 3.2035015217975595, 2.478836605365437, 2.3186253876833294, 2.779731996286948, 2.367723752083708, 2.790455025851334, 3.487286737350711, 3.2890478498550046, 3.3657800348646854, 2.025602118441759, 3.664477630068438, 3.1157878707283704, 2.190890105152949, 3.984540719834259, 3.569681692393041, 1.933790433536381, 1.8417187715108534, 2.1633916933999355, 3.186619389361627, 3.774575155734965, 3.0231865087859386, 1.8534472849546144, 3.0398002942829723, 1.5086163139941706, 1.6539510732218774, 2.128191469471553, 1.943300388943796, 2.4610885525215416, 2.1584516189982357, 1.8508609950357195, 1.9565616961474683, 2.3399090041886508, 1.6277584406607002, 1.740766607630217, 2.332583653385408, 2.0586613555712314, 4.441290837777155, 1.7413781908381676, 2.39435354934513, 2.272973300552433, 2.024331984385562, 2.3753076274482936, 2.3918396597420872, 2.2923660345331744, 2.1406467328406564, 2.8168649976897164, 1.792597566462483, 2.423614250537754, 2.478428053584096, 2.7414569099424595, 2.480177897175068, 2.27555159233677, 1.6275458063707295, 2.017339905583597, 1.7918902322602515, 3.9420970632675805, 2.5935776770959382, 3.4052990032020576, 2.103018995322603, 3.9872007285863074, 2.4613664412615655, 1.8038834680659144, 3.165669745734915, 1.8745967343088492, 2.110247221536677, 2.226781710914022, 3.0363179309854016, 2.4640229222375014, 2.859755065698989, 2.0919789126523467, 3.053760298738763, 2.2973359558702895, 2.010518740103627, 3.8121632572734017, 2.1114758491371575, 2.8366543487722784, 3.6827141754021873, 4.409169208626235, 2.0450689688139905, 2.648050663381675, 2.003236510537648, 2.6119131637535427, 1.9455544339445352, 3.6022408958972836, 2.360725380430771, 2.165128754591003, 2.167299140951347, 2.1402376313309817, 2.843081159984625, 2.2418922249798507, 2.9485918139295855, 2.1105863902834656, 2.752944766624575, 2.630676749196276, 3.1715325936069254, 3.208173225616454, 2.7634911880420945, 2.3165623100083144, 4.191867671961806, 2.4047092589439925, 1.835749062107733, 1.7250798300853387, 1.9075283264176122, 2.1458215395630913, 1.701529453384204, 1.6201306436152334, 3.0776884724043168, 2.206798459692724, 2.8851633223390794, 5.173781755333057, 2.3893559880291813, 3.1502100752315902, 2.4314031898559194, 3.1097398932022355, 2.6824194411791313, 4.319953527457335, 2.2969446573116747, 2.008223718794138, 2.070714804138263, 2.2547372239186605, 2.0899466332619547, 3.828207602256821, 2.591734621967039, 3.614103363872439, 1.8112009562829394, 2.4143186729489177, 2.8536448577492304, 4.085807107554974, 2.035933720700469, 4.766256375891789, 1.978950337588465, 1.684345136921395, 2.0188086914859085, 2.420290368552683, 1.6825056823103104, 2.294144456325403, 2.592539164238229, 1.7734763144458179, 2.2619771340261865, 2.158200583562013, 2.1904701393439128, 3.1013598227071353, 1.837769917384204, 2.4677367487676665, 3.0525647768175683, 2.771627549262836, 1.9398474863560726, 2.968170906994533, 2.7810299603903026, 1.9727786877077784, 2.5890408282492356, 2.2922955035232184, 1.904323886301575, 2.32469284381, 2.8072568288468096, 4.827157519007896, 2.5857419690646943, 2.232123695692327, 1.9423975200189463, 2.6627868046628773, 1.838678697655682, 1.5723492456064163, 2.4103934016231103, 2.6069208491099136, 2.143213894230659, 2.4388930922134553, 2.0976158245669487, 2.3529492187205, 3.1383158089095593, 2.1641935782383026, 1.6922793345358453, 1.7613706350152978, 1.8876736536801666, 3.321032959286129, 2.3127839215479873, 1.8502546424135948, 4.116384452238796, 1.7933774040742272, 2.2819839267728086, 1.979104613599897, 1.836245555331745, 4.219639658186385, 2.1357551007640847, 2.5989617265659177, 2.0720972892752796, 2.9136124860468313, 2.582915901084885, 3.21298882089997, 1.8145557585208554, 2.1519835528837685, 1.5948014195922235, 3.8935187734892613, 2.6121662326671773, 3.395575495370848, 3.7083309479271973, 2.209049543234838, 1.6632940338954108, 2.3695713987392435, 2.6100309019837393, 2.3905347317980103, 2.858830879086079, 2.0759370381916664, 1.864157791191821, 2.7968133613528066, 2.1223359671499615, 1.85796209881962, 4.006652468849138, 2.3044178406232594, 4.093226830464148, 2.1753390122598253, 2.479149859139688, 2.4595666786569175, 2.3630226316339407, 2.6285120182445985, 1.997792075533936, 2.0986452345064865, 4.671129544341982, 2.813279258524603, 2.8401854861330653, 2.3822702465994663, 3.388788356955451, 2.547272736382058, 2.635167982302438, 1.6122286885799961, 2.4567141644985493, 1.8040372893994268, 2.153240393614352, 2.6862727035037457, 2.7158711219053506, 2.453427755678517, 1.9389957312661728, 2.3402362355396167, 2.4646965210471947, 3.0865758339854867, 2.573722598442716, 1.6210099362971118, 2.191644155723571, 2.4946692443217895, 1.9694401143582718, 2.7898682357953732, 2.8849539276805616, 2.179639433705134, 1.905809717472224, 2.253509762423056, 1.8991483128321707, 2.429247252707521, 2.9702284634281133, 2.5613819938025664, 2.5318381586829757, 2.0226591402159486, 1.8972448081209314, 1.6937057333104957, 2.11556471264042, 2.490554288448913, 2.7089092016827347, 1.5850917525799233, 4.173937428465306, 2.3427845033651695, 2.3708567290853164, 3.0190532475058625, 2.120545139206992, 3.1037677072091414, 1.5139372096963388, 1.9892346156098673, 4.137750358156293, 3.812878325314789, 2.1716087409937983, 2.4491388961584377, 1.9287300561750709, 2.991150570483846, 2.8117378247672624, 2.4999506623244283, 2.3163189782419744, 2.906077988010835, 3.8058751988914747, 4.127938286185856, 2.7616558290974327, 1.9410408787284426, 2.8628397327262443, 1.9163296794069775, 2.1079943944659556, 3.7214436983713592, 1.7377590617871896, 2.3769505735641556, 4.563766297215343, 2.1342163081477197, 2.0772849955357757, 1.7164087246928905, 2.603560695803327, 2.0988030443277834, 2.759603665504922, 1.8948322604648111, 2.6426124100920267, 2.8501188430674294, 3.20797539533587, 2.420326719897173, 2.0106978062365535, 3.077425272279924, 2.255107084604947, 3.025120522038351, 2.34386567115643, 2.159122256349304, 2.4308150354746707, 2.7120098456030917, 3.2234921598828503, 3.047169754776825, 2.704278069536838, 2.6319459580535467, 2.870613157687524, 1.726395544850235, 3.6903358683544556, 2.684198066409877, 3.266106385442103, 2.543224381708078, 2.2596092104136556, 2.0031707400559093, 2.0816856919260185, 2.4916369319628915, 2.4646632936430954, 2.709033374899209, 2.3287302673264847, 2.371345383367016, 2.109915284735079, 3.7190912366301996, 2.10681985471817, 2.3516556195965217, 2.383337298855807, 2.3307496111967603, 2.0582812105156933, 1.9152623285684816, 2.628291199953424, 1.7013577898661125, 2.332968696317074, 3.1771570384693746, 1.854207709625535, 2.3392091183926436, 1.8430699329856246, 1.4953763435728833, 2.3668256635826355, 2.2355930397309653, 2.198452633147245, 2.3622750783413045, 3.3059479389951694, 2.3141229246165476, 1.9596069497843231, 2.5300776127719744, 2.7387887498648555, 2.0259184545838025, 1.932267864795673, 2.386543400041661, 1.563981061768982, 2.074964196249411, 3.7074718182103705, 3.437978355800611, 4.3096825625177395, 2.383194797089681, 3.39040041372705, 2.062849334936801, 2.7403943049033175, 2.4579554585319605, 1.8036140150633777, 3.2281839398314998, 1.7219469596722636, 2.638352587237524, 2.447666540928584, 1.956716210315065, 2.7899736811760545, 3.4844011256495286, 2.0494091901894613, 4.22480728711344, 2.7362496652455417, 3.130442813579923, 2.316982433988597, 2.944235844272937, 2.10400755816483, 2.5227638978451283, 2.492989232442042, 2.5969730447140753, 1.6534791385210652, 2.530043717166192, 2.072927748820031, 2.0895441972867586, 2.82920172802608, 3.3247376592652618, 1.5130373359267626, 2.7589554432721988, 2.139809107816236, 3.0567440457833124, 3.288020905480396, 3.7530386535830544, 4.601086917238641, 1.9110862403104636, 2.8212862622943446, 1.7839042616734142, 3.245373502166599, 1.51445849607234, 2.8061653866614322, 2.935749157103085, 2.544948898505222, 1.709723487557711, 1.9235661768728298, 2.94537089117936, 2.6122456080801806, 1.9044150940072442, 2.9410399180797353, 3.016484999439281, 2.565493403549867, 1.8759305494592549, 3.2214364541721334, 1.616904014966393, 2.6855443936859755, 1.7856037270244156, 2.286118728845209, 1.9893584056266949, 1.6370815638847622, 2.9458494914146507, 2.4646270560182275, 2.9652730802644367, 1.7698659008074182, 2.4724945803204665, 1.82794334996872, 1.9876601260327211, 1.9047066369972983, 2.4880240344091207, 2.564629502552155, 2.319667937790966, 2.581546112047412, 2.282134124689689, 1.9840753318857574, 3.097722303542815, 3.2125603738427673, 1.4959271386760127, 2.737663984091837, 2.570101006857304, 2.505980394570777, 2.787202820157759, 2.0105767606597156, 1.9141225175457448, 3.3267753885611384, 3.3235800958746378, 2.4627732181200037, 2.3994023376424334, 2.5653263936572657, 2.384537944029206, 2.428286840527408, 2.575435510553736, 2.4730880323835307, 4.171786971533988, 1.6707350324541725, 3.0410996553660947, 2.5176896529859354, 1.9406295257017208, 2.598850833580775, 4.220591169865845, 2.01155686592012, 2.6990165654792686, 2.6024667466162748, 3.2538812960396273, 2.3433015999855917, 1.9601140885229738, 4.085821820763745, 2.218189305246269, 1.9042573178825952, 1.688484792623652, 3.504119089258579, 2.2297719130322844, 3.370093741112366, 2.7710917658800738, 2.0979751227540095, 2.0297017977256475, 3.543659205456448, 2.1801200357631867, 2.028165542059261, 2.0560033732743466, 2.3231046773599178, 2.126524501256617, 2.2835279681034923, 2.4466318828313494, 3.1689539357135494, 4.292260568219741, 2.4093752191378157, 3.4743027200992787, 2.0953850744277442, 2.1890419157913277, 3.596463195019269, 2.445618496856327, 3.850573176464284, 1.5691144249131246, 3.106606813813772, 2.0462672103003445, 2.9358006068609157, 2.303232105632502, 4.066187147800305, 3.4353994720511642, 2.643620287815628, 2.335660164312212, 2.2558797300626217, 2.2226363558710203, 2.65900102209534, 2.4954463882976867, 2.635935322240403, 2.383992364446407, 2.0770706177171965, 2.2948818248150724, 3.6628488758361977, 2.1610788434859853, 1.6370324035748085, 3.2245425306158397, 3.323423293396865, 3.0781508223868563, 2.8539654781025883, 2.0190223266872604, 2.74881412182057, 2.034386752126148, 2.517391924511034, 2.1240367328897714, 2.0304379653927946, 2.114105521558223, 2.6541739288019057, 2.087673718026478, 2.963963805972136, 2.921396556874998, 2.1442301312342047, 2.67735297189899, 3.061888986939179, 3.0153496899652605, 2.1650755740846526, 2.229241941688889, 2.743400072406865, 2.7364991977831936, 1.829692793180787, 1.8233030201301499, 2.3717351232426687, 2.4892801860214613, 2.23169741667238, 3.0465445958518687, 2.089175045521052, 2.391558854810709, 3.3485946021812283, 3.3716784365592227, 2.9382380784580864, 2.5229217091518015, 1.8483079988932207, 2.3755396072857917, 4.196698845298567, 2.2553574090785915, 2.6631315384664767, 1.9670752271765326, 3.195351461908646, 2.830492244949563, 2.876252053107929, 2.5124764262426873, 2.5320488324257022, 1.8402226906886, 2.367644843383624, 2.0086165599492203, 1.6112721633333467, 3.4687326909031713, 2.134937040812204, 2.2296746596960544, 1.989652798938466, 1.9758224968290745, 2.3215349782917953, 2.204390600937343, 3.9947861753648444, 1.8581828497174984, 1.9148412896629847, 2.894267233804914, 3.1355518005724123, 2.1187455765134855, 2.483143264865823, 2.5778056791254427, 2.345193169343008, 2.3046457318500653, 2.530932460077057, 2.8273546775925014, 2.7854376260649145, 1.8117809079937763, 2.3997359687470987, 2.2281502559037, 2.7176382566173753, 2.694467703870986, 2.6616201162065978, 2.208568406049569, 2.2607152523472065, 2.5394208161175444, 2.639005741490805, 2.4547409842975774, 2.57426097080595, 2.365106969115457, 1.9471155672637013, 1.8860501695431828, 1.5361715444597506, 3.0934517972753475, 2.4629384034173576, 3.067543396293662, 2.9949622109423917, 2.370547944757352, 1.785053374040087, 1.5651496785995165, 1.7043475166715851, 2.123473776349936, 2.3030105291019827, 2.558732731119938, 3.274537741816662, 3.165971996787222, 2.0281491916670067, 2.127349267461872, 2.5620114624203683, 1.952260760155851, 2.6794711599399874, 1.698069420498836, 3.8622438854428167, 1.7426775215141614, 2.452878697081748, 2.322998526586033, 2.5871610368854707, 2.809721798212335, 2.4005865951995546, 3.014027971309699, 2.7466614237795057, 2.4939493629050653, 2.1637515000398118, 2.1953406428349176, 2.4791271540019806, 2.123396869472615, 2.3823402253747124, 1.6327108864954933, 2.4163088362858907, 1.568953569132412, 3.2107579322199857, 2.854702125150615, 2.4331974328763795, 2.9479461237046474, 2.8391578946943024, 2.523809251240144, 2.7614927910139992, 2.5848870244618465, 2.9488009747424577, 2.2071345150868003, 1.695126108077951, 4.881608061291818, 4.125453642428152, 2.4882138360943467, 2.6648939224596195, 2.139471532934435, 3.2565433174230867, 3.233815120156031, 2.0025711037724054, 4.601786878394854, 3.4344983843098413, 1.6733639330772345, 1.9592734869361506, 2.577295093584094, 1.9533351011952758, 2.7241962725717426, 2.900412323880644, 1.6062387205251634, 2.922575343404722, 1.621520779111615, 2.3828797693796933, 2.93277252068159, 1.9241800463154743, 2.927376203336555, 3.5924957490851606, 2.649750469485621, 1.8709127440712519, 2.1711184873102405, 2.044367790672422, 1.6215582522766534, 1.968541526933008, 2.3251835984597484, 2.9330701158766717, 2.2611371576042405, 2.5073556165949973, 2.7612491870257108, 2.3912600973578733, 3.0441066049871655, 2.6235663433616336, 2.286218919510323, 1.859248532463929, 2.683797632257443, 1.8278681961486316, 2.6208889181431183, 2.228150755848891, 2.8633306462159895, 1.9618716810185965, 2.3997726992949096, 1.9506456430661474, 2.9419128243781074, 1.710304263135101, 3.947865477226334, 1.829640679455455, 3.1871667054507866, 1.8463983029392934, 2.1904885974406563, 2.255267605169585, 2.2584573023384737, 2.8844575936487953, 2.4447825841702433, 2.536415362599318, 1.4605590144669742, 2.9501998095649227, 3.0040656339630996, 2.841618197654249, 1.8405810110730223, 2.097848604383687, 2.520915874233623, 4.1609354040623225, 2.3119270098234286, 2.8062034847703785, 2.449394043816755, 2.9073288696211437, 2.2143432924387163, 3.6756775521272527, 4.916743099168826, 2.3446927374143542, 2.278727607095851, 2.400222224878625, 2.4437686718898233, 2.3606216383241794, 3.379585922263434, 2.6317262578501923, 3.139511381187115, 2.1750814900952404, 1.5685377779202347, 2.7400862240757626, 1.9615632444658253, 2.745512461076455, 3.7004063606617548, 1.5482719691747029, 2.9654476916610357, 1.8401859601407888, 1.7422135618391648, 1.7503072791068726, 1.7169570406724322, 2.2564624913762796, 2.163506073442295, 2.844864724085327, 2.6776532616745814, 2.1837198192666367, 2.343150490416421, 3.0875151148085624, 2.320321164023973, 2.248107471874968, 1.8997497031939068, 2.843577206794934, 2.5524605211755786, 1.5356800471927752, 2.9803672248590773, 2.3209585749919412, 2.4376729289960757, 3.247569151312527, 2.8751151172817395, 3.279063260822266, 2.00238533887273, 2.2746273770626293, 1.3639883125659615, 1.9604150002119778, 1.8360066189899658, 1.8502933335086504, 2.3148120748602548, 1.8029647416717534, 1.995174034937772, 1.7719040276235751, 3.241276982624777, 2.6074247841822795, 2.1229363968548354, 2.804652375759244, 2.2961042486137457, 2.9882670221476575, 2.27446960093798, 3.947590158636056, 2.2912741075613257, 1.9685790000980463, 4.095747847058428, 2.318624415731755, 2.26677500833137, 2.4996528153930635, 1.9874107642254346, 2.9049324505085763, 1.5551772055262871, 2.772982334326109, 1.5881191776123174, 4.416993776734521, 2.262628435358351, 1.7370127520779712, 2.557328371842856, 4.678551919783354, 2.353457601042568, 2.9586312150818044, 2.1547884000098847, 2.338275168477584, 1.7068958078268497, 2.00553162164237, 1.9485489225426325, 3.6000932919276467, 1.8013279857775797, 2.293903009669764, 3.324280110661115, 2.2914819425204542, 2.6983848244278605, 2.409270683609855, 1.8784755303597014, 2.0634755622324206, 2.7566624972505758, 2.453165199868494, 3.79119549358659, 3.0457522069081504, 2.473641026190069, 2.236474650578099, 1.9299589113820923, 2.302349367633302, 2.8264879059748345, 2.0957607697597074, 3.444390553309751, 1.8846171565025736, 1.518774800175983, 2.686932672193151, 1.948827277531199, 1.7021764149260155, 1.96931288706737, 3.4261417886086383, 3.6180608687683806, 3.4902812810588966, 1.9184634611460023, 2.3122594818454663, 2.5277719957309897, 2.9982333764223026, 2.17926332292877, 2.3519967488905538, 1.6389614450762637, 2.5976981255263536, 2.586479737933269, 2.982061686657576, 2.953165595172972, 2.1195127743666995]"
1.0,7000,0.6680877527073322,0.6680877527073322,0.012402772903442383,0.3192594861458124,"[5, 3, 3, 3, 3, 4, 4, 3, 3, 3, 1, 3, 3, 2, 5, 3, 2, 3, 2, 2, 3, 3, 3, 2, 2, 4, 3, 1, 2, 3, 3, 5, 1, 2, 3, 3, 2, 3, 1, 4, 4, 3, 2, 3, 4, 3, 5, 2, 1, 2, 5, 3, 2, 3, 5, 2, 2, 3, 3, 3, 3, 3, 1, 2, 3, 3, 2, 4, 1, 2, 2, 3, 2, 3, 2, 3, 4, 2, 2, 2, 1, 3, 2, 1, 3, 3, 2, 3, 1, 4, 3, 3, 3, 3, 2, 1, 3, 3, 5, 3, 3, 4, 3, 3, 4, 1, 2, 3, 1, 3, 3, 1, 4, 4, 4, 3, 2, 2, 2, 3, 3, 2, 2, 1, 1, 2, 3, 2, 3, 1, 2, 2, 3, 2, 3, 2, 2, 4, 2, 2, 2, 2, 3, 3, 1, 3, 2, 2, 2, 2, 3, 2, 2, 2, 3, 3, 3, 3, 1, 3, 4, 1, 2, 4, 3, 3, 1, 2, 3, 2, 3, 2, 2, 1, 2, 2, 2, 3, 2, 2, 1, 3, 2, 2, 2, 3, 3, 4, 3, 2, 4, 2, 3, 3, 5, 3, 1, 3, 1, 2, 3, 3, 3, 4, 3, 4, 2, 3, 1, 3, 2, 3, 3, 3, 2, 3, 3, 3, 2, 3, 2, 3, 2, 2, 3, 4, 2, 3, 5, 2, 2, 1, 2, 4, 3, 4, 3, 2, 2, 4, 3, 4, 4, 2, 3, 2, 3, 4, 1, 3, 2, 2, 5, 2, 1, 4, 2, 2, 2, 2, 2, 3, 3, 4, 2, 2, 4, 2, 1, 4, 4, 3, 5, 2, 4, 1, 2, 2, 5, 3, 2, 2, 3, 4, 5, 3, 2, 4, 3, 2, 5, 2, 1, 4, 2, 3, 2, 2, 3, 2, 2, 2, 2, 4, 3, 3, 4, 2, 5, 2, 3, 1, 3, 3, 3, 1, 3, 1, 2, 3, 3, 2, 1, 4, 1, 3, 1, 4, 1, 2, 2, 2, 2, 2, 3, 3, 3, 4, 1, 3, 4, 2, 4, 3, 2, 3, 3, 2, 3, 2, 3, 2, 2, 3, 2, 2, 2, 2, 3, 2, 2, 2, 3, 2, 5, 2, 3, 3, 2, 2, 2, 3, 2, 3, 3, 2, 2, 2, 4, 3, 3, 3, 4, 2, 2, 4, 2, 2, 3, 1, 2, 2, 3, 2, 2, 3, 2, 3, 2, 3, 2, 4, 2, 1, 2, 3, 2, 1, 2, 4, 3, 3, 4, 2, 2, 5, 3, 2, 3, 5, 2, 2, 2, 3, 2, 2, 3, 2, 2, 5, 1, 3, 3, 2, 2, 2, 3, 3, 2, 3, 1, 3, 2, 4, 2, 3, 4, 3, 3, 3, 3, 3, 2, 1, 3, 2, 3, 3, 2, 4, 4, 3, 3, 2, 3, 3, 4, 3, 2, 2, 2, 2, 2, 2, 3, 2, 3, 2, 1, 3, 2, 3, 3, 3, 3, 2, 2, 2, 3, 3, 5, 3, 3, 5, 4, 3, 2, 3, 2, 3, 3, 1, 4, 2, 3, 3, 4, 4, 2, 3, 2, 2, 2, 3, 3, 2, 4, 3, 1, 1, 2, 2, 3, 4, 2, 2, 2, 2, 2, 3, 3, 4, 3, 1, 2, 4, 2, 3, 2, 3, 4, 2, 3, 2, 3, 3, 3, 2, 3, 2, 3, 2, 3, 3, 4, 2, 3, 3, 3, 5, 2, 2, 2, 3, 3, 2, 2, 2, 2, 4, 4, 2, 3, 4, 4, 2, 2, 2, 2, 2, 2, 2, 5, 3, 2, 1, 2, 2, 2, 1, 2, 2, 3, 3, 1, 2, 2, 2, 2, 1, 2, 2, 3, 2, 3, 2, 3, 2, 3, 2, 3, 3, 3, 3, 3, 3, 2, 3, 5, 4, 4, 2, 3, 1, 2, 3, 4, 3, 2, 3, 2, 4, 2, 3, 1, 2, 5, 2, 4, 2, 3, 2, 2, 2, 3, 2, 4, 1, 2, 2, 2, 3, 1, 3, 2, 1, 3, 3, 2, 3, 2, 1, 1, 2, 2, 2, 1, 2, 2, 3, 3, 2, 4, 2, 2, 2, 4, 3, 2, 1, 2, 3, 2, 2, 3, 3, 4, 2, 3, 4, 4, 2, 3, 2, 3, 3, 3, 1, 2, 3, 2, 2, 3, 1, 4, 3, 3, 3, 2, 2, 2, 3, 2, 4, 3, 3, 2, 3, 4, 2, 1, 3, 2, 2, 2, 2, 3, 2, 2, 2, 4, 2, 3, 2, 2, 2, 3, 3, 2, 4, 1, 3, 2, 3, 4, 2, 2, 2, 3, 3, 4, 2, 2, 2, 4, 3, 4, 1, 2, 2, 2, 3, 3, 2, 1, 2, 1, 3, 2, 5, 2, 4, 2, 2, 1, 2, 3, 3, 3, 4, 2, 3, 3, 3, 2, 3, 2, 3, 2, 2, 2, 3, 3, 2, 2, 1, 3, 1, 3, 2, 1, 3, 3, 2, 3, 2, 3, 3, 4, 2, 3, 3, 3, 3, 3, 4, 4, 3, 1, 4, 3, 2, 3, 2, 3, 2, 2, 5, 4, 2, 2, 2, 1, 2, 1, 2, 2, 4, 3, 4, 3, 3, 3, 3, 2, 2, 2, 2, 2, 2, 1, 1, 4, 2, 2, 2, 3, 3, 1, 2, 3, 3, 3, 2, 2, 2, 3, 3, 3, 2, 4, 3, 2, 3, 2, 3, 3, 3, 3, 2, 1, 2, 4, 2, 2, 1, 5, 3, 2, 2, 2, 2, 2, 4, 2, 1, 4, 1, 2, 3, 3, 2, 1, 2, 2, 4, 2, 3, 2, 1, 2, 3, 1, 1, 1, 4, 2, 4, 2, 3, 3, 1, 1, 2, 2, 3, 4, 2, 3, 3, 4, 2, 5, 3, 3, 2, 2, 2, 3, 3, 1, 3, 3, 2, 2, 4, 4, 2, 4, 3, 3, 3, 3, 5, 2, 3, 3, 2, 3, 3, 4, 3, 2, 1, 3, 3, 3, 2, 2, 2, 3, 4, 1, 3, 1, 3, 3, 1, 2, 2, 3, 2, 4, 2, 3, 2, 2, 2, 1, 2, 3, 2, 3, 2, 3, 1, 1, 2, 5, 1, 1, 3, 4, 2, 2, 3, 3, 3, 4, 3, 4, 2, 3, 3, 3, 3, 5, 2, 2, 2, 2, 3, 2, 4, 1, 2, 4, 4, 1, 2, 2, 3, 3, 3, 3, 3, 3, 3, 2, 3, 3, 2, 3, 1, 4, 2, 2, 4, 2, 1, 2, 3, 2, 3, 1, 4, 4, 3, 2, 2, 3, 4, 4, 4, 2, 3, 2, 4, 1, 2, 4, 4, 2, 2, 3, 4, 2, 2, 3, 2, 2, 3, 2, 2, 3, 4, 2, 2, 4, 3, 2, 1, 4, 3, 2, 3, 4, 1, 3, 3, 3, 4, 4, 3, 3, 2, 2, 4, 2, 3, 1, 2, 4, 2, 1, 2, 3, 1, 3, 4, 2, 2, 2, 1, 2, 4, 1, 4, 2, 2, 2, 3, 2, 3, 3, 2, 2, 3, 2, 3, 4, 2, 2, 3, 2, 3, 2, 1, 4, 4, 1, 3, 5, 2, 2, 2, 2, 3, 3, 3, 3, 2, 1, 1, 2, 2, 4, 4, 3, 2, 2, 3, 2, 3, 1, 4, 3, 2, 1, 3, 3, 2, 2, 3, 3, 2, 2, 4, 2, 2, 2, 2, 3, 1, 2, 3, 3, 2, 2, 2, 3, 3, 2, 2, 2, 4, 2, 3, 3, 3, 2, 1, 3, 5, 2, 2, 3, 3, 2, 4, 2, 3, 3, 4, 2, 2, 2, 2, 3, 2, 2, 2, 2, 3, 1, 2, 2, 2, 3, 2, 1, 3, 2, 2, 1, 3, 2, 2, 3, 2, 1, 2, 3, 2, 3, 2, 3, 2, 2, 2, 2, 1, 2, 2, 2, 4, 3, 3, 2, 3, 2, 3, 3, 2, 2, 2, 3, 3, 5, 2, 2, 3, 2, 2, 2, 2, 3, 2, 2, 3, 3, 2, 4, 3, 4, 2, 2, 1, 2, 2, 2, 3, 2, 2, 3, 1, 2, 3, 3, 2, 1, 3, 3, 1, 2, 4, 2, 3, 2, 3, 3, 3, 2, 2, 2, 3, 3, 2, 4, 2, 2, 2, 2, 3, 1, 5, 1, 2, 3, 3, 3, 1, 2, 3, 2, 3, 2, 3, 3, 1, 2, 4, 2, 3, 3, 5, 3, 3, 3, 3, 1, 3, 3, 2, 3, 4, 2, 3, 3, 1, 4, 3, 3, 3, 2, 1, 3, 2, 4, 2, 3, 3, 2, 1, 2, 5, 4, 3, 2, 2, 2, 1, 2, 3, 4, 2, 3, 3, 2, 2]","[3.362302107187211, 2.452077964432363, 2.6323461730103457, 3.2207515702931895, 2.789153117785701, 3.9686769538962423, 2.5916057984522105, 2.4566262806678103, 2.8748002808102124, 3.2358041580934485, 2.5032118307941422, 3.0001568779903662, 2.267331565752534, 2.827853401584029, 3.8927307084983385, 2.8681312589592007, 3.13751268410454, 2.5585926910544226, 2.4852907526299095, 2.4851993567837907, 2.6474254174794147, 1.8078683261054613, 2.1022548872718616, 2.940477014087998, 1.9520172992272666, 2.3471339532821585, 2.02857034085302, 2.662906131818989, 2.4556921341237588, 2.42669458265477, 2.87528454607434, 2.964174049524632, 1.808025711339703, 2.1896770603061513, 2.533560258343845, 2.290299578883605, 2.937720133704039, 2.6370483710827095, 2.9642174807611306, 2.9277695640777415, 3.5291527480268763, 2.3976172705158514, 2.4699705653587065, 2.5940569285071806, 2.844762304006681, 3.347293767266206, 2.883978731006026, 2.1173204120361846, 1.9175957662140586, 2.3962326186310583, 4.335470077030893, 2.027261076280956, 2.102193224700292, 2.462914873999032, 3.3523412697659865, 2.2466076882417565, 2.2436482833828535, 2.1920160592123823, 3.4691133323265753, 2.418046055540876, 2.6322925661449696, 2.485159263066592, 2.2644551501391477, 1.954757729361348, 2.4054187990220988, 2.3216139904693924, 2.1744186225777047, 3.6709607196812604, 3.505375147812213, 3.836982623272426, 1.808042485907392, 2.405257467470248, 2.175509404656673, 2.175554847101871, 2.028487652996997, 2.2659932854182134, 3.036957047212609, 2.2642591062122928, 2.1023054936312864, 2.444453659651048, 2.175560891599366, 2.3711664671274666, 2.573990206582251, 1.8079899118248617, 2.0785193460902036, 2.558885533912388, 2.396165226832546, 2.340463833270598, 2.4749336593246607, 2.1022860338281992, 2.8003517937087716, 2.5724642967834157, 2.2928783543335456, 2.483581311883747, 1.9295334490836873, 2.5781470697094147, 2.7018119913782046, 2.8721986717739063, 3.0633762585327355, 3.5169069043055003, 2.745860049254368, 4.166028645664546, 2.1910909077305605, 2.6988686315177786, 3.9254576154625664, 1.8802434992382553, 2.264339652402836, 2.264194562720154, 1.8077648303929532, 2.682649226735545, 2.2645247488315294, 2.17549566320913, 3.387900387991363, 2.9900799340345214, 2.8681209528735434, 2.352892147968359, 2.153266615508813, 2.3532086784269945, 2.3961398095031505, 1.9314612948313612, 2.853120112929538, 2.487914832215668, 2.792024477365248, 2.4698696787818077, 2.117543667073166, 2.936080153538015, 2.9418941120605204, 2.1018897061291244, 2.3532175386166685, 2.111709966091216, 3.088839861774173, 2.649057865158163, 2.4869593020542227, 2.459310052092372, 2.327538878140119, 2.5584886626433945, 2.3381832256370734, 4.092173653370754, 2.7641581690634878, 1.8814372660740077, 2.419271966859452, 2.1022092600128914, 2.575021523288504, 2.484944683405512, 1.8812239148809438, 2.32882525357567, 3.088863659265211, 1.8905866359101586, 2.4268100477768866, 2.5966064147920407, 2.3274089788106247, 2.101874290486232, 3.7884242058619986, 2.059136931214671, 2.027352820011823, 3.5457816806620706, 2.507270111088815, 2.6474437031714775, 2.500282580184664, 2.2238488416657445, 3.752044349808957, 2.2490790186519183, 2.5031850032017573, 4.385043021423749, 2.3480673778981416, 2.7541645174772365, 2.006379838288394, 2.028337714670641, 1.982111496874722, 2.3354188023267834, 2.8683813011217727, 2.119976214362394, 1.95510911469955, 2.249011648596203, 1.9160649642859557, 2.279842174767546, 2.1326716045355467, 2.193397357670064, 1.881365079988813, 1.8814072392717023, 2.4853041027071114, 2.7364598518298138, 2.5013778641989424, 2.8100258130352063, 2.028687306228112, 2.117097624469333, 2.4323771272814034, 2.5309214098044834, 1.9174024292653984, 2.1157391776910304, 2.1757805916890796, 3.273315463504058, 1.8965129447244107, 2.804144440971392, 4.440756824719996, 1.929478744207076, 2.265889430949559, 2.7235124408995857, 3.5683394426306623, 2.3379346945988755, 2.3978183620057627, 2.460180207530228, 2.449710765118753, 2.623074166347701, 2.3107172199736223, 2.3225578673421503, 2.4699145233000954, 2.504410047050628, 2.2745423801218174, 2.9444769733321094, 2.2642294272947354, 2.3685067750167046, 2.2662031491345647, 3.619773947057402, 2.6472788601579524, 2.8537901781042794, 2.20603854305093, 2.5557843176901733, 3.208099479907709, 2.5071836834717525, 2.028712158244792, 3.317167736524513, 3.405630239989141, 2.211523989225066, 2.500117421900586, 3.6177199787803827, 2.3961209041413802, 1.8079959563223569, 3.0374700847798284, 2.5173169073221384, 2.322935050508691, 2.3382136872953136, 2.1754394254653477, 2.1664747701345575, 2.4160881467336024, 3.113711600650227, 2.9719205130760877, 2.175504121157064, 2.7794176939317716, 3.499386116074901, 2.5737084525506257, 2.057589044052396, 2.8905177839013585, 3.043152426498172, 2.1018467749769507, 1.8904009306831564, 2.743284983960934, 3.1219961106982694, 2.557069596947766, 2.7780868496339375, 2.3532459020950225, 2.68139614856907, 3.7785069410054515, 2.175883891716417, 2.5739654089225628, 3.8934616071580255, 2.6009764165272395, 2.211557853630997, 1.954841830499159, 2.2646110894774054, 1.9712818711449627, 3.408582820721883, 2.721224385366129, 3.123456221117618, 3.1777009625489177, 1.9548167175689182, 2.239416477245904, 2.1909100946328257, 2.701441037522932, 4.230832808423372, 3.4069059158002624, 2.0347195006292367, 4.183148646642813, 2.2838869646488855, 4.0474512612282165, 2.0588113002192134, 2.8460294808954933, 2.06429247694345, 3.4206059452601085, 2.136996767780918, 2.771729123256325, 2.3093271966259863, 2.322797027234951, 2.990377500274244, 3.431222154013876, 2.2073135470037832, 2.2280924585519224, 2.7837892275512317, 2.2419453932378333, 3.1725584772311164, 2.5109480819984618, 2.102090816127621, 2.57401246033472, 2.739223523189476, 2.2646184928996975, 2.78020687198207, 2.284126320226857, 3.2790740636856945, 2.356220032855782, 2.2394899395694465, 2.5944522450388323, 2.2063172857052056, 2.2116069271232512, 3.9892259496730644, 2.322765630636451, 2.9005869752153295, 3.201165341653239, 2.6612348991951675, 3.7586667385558137, 2.3227240149234802, 2.028502612041158, 2.175656712104623, 2.4600791035253615, 2.102033828257351, 2.753171022150509, 2.6908111252071265, 3.2717730265984075, 2.6670069528875415, 2.204613269786831, 1.8529019571959746, 2.750299068014775, 1.954758577330421, 2.322667624980121, 2.650282877784635, 3.258051981446767, 2.6545357843137793, 2.3227148938202458, 2.5589152671869373, 2.1920677961972377, 3.3245138214652457, 1.8812236757101795, 1.8078357553959368, 2.321719553989756, 2.1175301213107938, 3.795005759553721, 2.428478621112427, 2.1711306297029873, 2.6834176160144185, 1.8815618088137653, 2.3776870391909655, 3.7892795323605486, 2.205896682173565, 3.600379540484065, 2.49456085439054, 2.3740896566915164, 2.558782418698823, 3.6390375240960333, 1.8801737592176944, 2.396200026178737, 2.426977836939371, 2.6615308669874045, 1.808022243363622, 1.9551299442988324, 2.558867889632829, 2.340833363964731, 1.8965217179428975, 2.4850540388017426, 2.366621646779532, 2.217696201208771, 2.322629814256581, 2.1325307981838235, 2.2072960331810045, 3.2380230563460426, 2.4113546855383174, 4.337261296295645, 2.0808068858158606, 2.610094849814763, 1.9853491826110772, 2.6213805569583424, 1.954751576149869, 2.0439132276040253, 2.57559192531795, 2.175580992814957, 2.809570758042122, 2.215037996303521, 2.3227780131591973, 2.2854230500765977, 2.0255107264627163, 2.967026396157852, 1.8965210221734017, 2.353163920879894, 1.9687763381391363, 4.406008247429542, 2.175870432925232, 2.1754427303704533, 2.238999722189287, 2.028674477978032, 2.3377112885387, 2.165840960081342, 3.704973202624836, 2.2087337324534437, 2.3964386533730178, 2.215272807636973, 2.1937910001337406, 2.006135584552695, 2.8201843605767225, 2.4849714596597035, 2.738959751842556, 1.8232553724766567, 2.5184203796754563, 2.456533098902697, 3.501818836120982, 2.1019911906329334, 2.1895569965825232, 2.4717847993738133, 2.1740971118422308, 2.573664858243151, 2.102094121032726, 2.9998454885267773, 3.25739717955689, 2.264476012352625, 2.0592014855782077, 3.249878004014026, 2.175509578599047, 2.249343606745513, 3.700680807749116, 2.327051016276407, 2.9151471634812167, 2.5588119454168035, 4.584764528862886, 2.1325694242622415, 2.4029727611778586, 2.9741043956269877, 2.979095365189541, 2.61562278141374, 2.7656034724798024, 1.8078484531892363, 2.1754610595481094, 2.1755116006791444, 3.1112303583409355, 3.309557803120347, 2.0283156131177495, 2.470039305210617, 2.147203446660447, 2.4267459826262763, 1.8905773408645499, 1.9999945903730403, 2.357508326500385, 2.249171653837452, 2.262887254999797, 2.102074443801672, 1.8816196990101002, 2.101998224427681, 3.2230067216496954, 1.8076302642238962, 2.4266900057960554, 3.093164361281084, 2.630766438918167, 1.9176849008093164, 2.381334539004501, 2.6253134172824386, 2.3379847030313896, 2.9039529661873265, 2.8682988633079125, 3.139106455848029, 1.8077496865350202, 2.970388183891249, 2.7212201890063574, 2.1535517614167308, 1.9177032626011679, 2.6368535495954113, 1.8228636433790935, 2.3877885489143122, 1.9548300132891279, 2.379790663194751, 2.3200496394059114, 2.4117199862664367, 3.4983665404788904, 2.543431954583152, 2.1909804108375006, 2.5002841674088265, 2.01843538283072, 3.0013573006940746, 2.3532856044418797, 2.780478450384818, 2.3371221633604824, 2.431578670093308, 2.386676374542396, 3.309320230451709, 2.8233906478813, 2.005084504820584, 2.19088548178691, 2.6474031311127506, 2.3741328378858526, 2.232991126368955, 2.2761956157383936, 2.175585830587233, 3.0637338977283886, 2.779477073509683, 2.854413391703056, 3.5133247389954114, 2.2825846686431785, 2.8600434149719813, 1.9802348773496548, 3.104368723713, 1.8813202680847207, 2.153115395533833, 2.3886315883153375, 2.061442385396119, 2.13322712362062, 3.0586172750712293, 2.6472237530396012, 2.559765531624692, 1.8905183417855813, 2.077195976119586, 1.8259742071706313, 3.8629290010030997, 2.829202443210942, 3.0154492344817356, 2.3381040274999285, 2.1907236610221323, 2.2075718000909252, 2.102273303420705, 3.456737000399716, 1.8815806054615518, 2.3574296067047684, 3.683635138926952, 2.1907699188222085, 2.1758691392288254, 2.1019689586232615, 2.7226816078459057, 2.02871724605923, 2.0977399371821597, 2.190810773537293, 2.0283496840802493, 2.1909061157010217, 1.9234288992825195, 2.4127718656390886, 2.27844687394876, 2.144090918155465, 3.0016646408245435, 4.0908317724275065, 2.1910491072038174, 3.664621626297299, 2.1755085784303967, 2.2180153311080018, 2.9562744286349028, 2.2886122632572703, 2.926517850116511, 2.2645304889298705, 3.4385030628623277, 3.0148984829574332, 2.6823740284999262, 2.911052551419829, 2.1171848891840703, 2.536638548404756, 2.699248372138948, 2.591891394498057, 2.7360217344753943, 2.175531223553207, 4.057754802025082, 2.8877732719564744, 3.35965939930509, 2.710212047062719, 3.611620917620141, 4.229882233592832, 2.0797013718157134, 3.0305027632507144, 2.3683765120881253, 2.919382743191724, 2.0591451173776454, 1.881454073255892, 2.102204139584258, 2.840237866538648, 2.79459020412748, 2.1109004004076333, 2.318062858406725, 2.0283437374253395, 1.9699713334429052, 2.9213511054321555, 2.802948465849973, 2.643002737358297, 2.102071160639363, 4.097929969563022, 3.4993178219503243, 2.249088074526763, 2.658080340246212, 2.785806556196936, 2.6323724817944076, 2.294361830054871, 2.0284490704041724, 2.697169145521383, 4.079804582190373, 3.061807354715242, 1.8079556669199877, 3.2289309989042483, 2.249439786006916, 1.8816095668668167, 2.5456842793760805, 1.896856980997313, 2.840932994094872, 2.690411155589597, 2.6170186584166393, 2.8452735125976845, 1.8077048963737248, 1.8816230691435956, 2.0286669332275613, 2.3005250701252575, 3.161237973557533, 3.8923790861654366, 2.0286666179570085, 1.896624463528918, 3.10953321057418, 2.447593800106963, 2.1754419476297704, 2.2872415021942727, 1.954831524413502, 2.5587147877295466, 2.043508778970366, 2.193702920064125, 2.4268633719859047, 2.2991257577604722, 2.11709871160917, 2.043682340845386, 1.8812891323997816, 2.102276358283648, 2.396279659171817, 2.4853435115262124, 3.984149942956312, 2.11803023974976, 2.602459618079762, 3.198183868838549, 2.3340932981277156, 2.0436920381327344, 2.411786269182315, 2.5915958555332947, 2.767962687334931, 2.0284764663280717, 2.574066958654762, 2.699950624663923, 2.101845155138593, 2.4304926868011734, 2.60317250766765, 2.6728084610581364, 2.2089473475788677, 2.61561222528592, 4.52686864100597, 2.7688020420835824, 3.1812413961726773, 3.347011519714978, 4.2323566456451465, 2.0606511415647173, 3.308036263623658, 2.331716162596365, 2.190716551127597, 2.175663484985809, 2.890458117378688, 2.1364954471260207, 3.1070247917957095, 2.1631514508255636, 1.8078078267735174, 3.1153450636574247, 1.953533413896168, 2.441989319982383, 1.8078231119596295, 2.793124771917792, 2.5632777884171465, 2.588699973872948, 3.2532210692244687, 2.243496380352191, 2.0537945671825764, 3.233114014601388, 3.2407503864450846, 2.411769842499374, 1.99123742496632, 1.8994394339987022, 1.917469473179163, 2.8077750935518195, 1.9551780611080298, 3.6247952217664077, 2.2644764472085597, 2.3530743840428965, 4.031465753748376, 2.1520695546393536, 2.7075718759832292, 2.739076488918282, 2.5154573081456406, 2.0809314334076943, 3.5426487992595317, 1.989618499483008, 2.264578812295637, 1.999847250310895, 2.136742377058997, 1.8813848115768597, 3.2734935043952076, 2.647429885624146, 3.8447432785458657, 2.8344671437987055, 2.721072403216879, 2.461399086863878, 4.056771623870823, 2.064435946787775, 3.411618910563007, 2.4852470822226467, 2.175798138126053, 2.4852265352797223, 2.2797629657590024, 1.88159484699342, 1.9222928704435245, 2.6456365079875312, 2.2840925862777066, 2.193460955350544, 2.2733975454501403, 2.648492033616184, 3.7552604069925675, 2.3589346325473297, 2.9132645433247952, 2.5163420784018298, 2.6071955573280583, 2.0285643072269233, 2.639291054778559, 2.153191776802416, 2.3963026304365784, 3.715342681484431, 2.2815395400661282, 2.4103261156292977, 2.3379667326098796, 2.754228880440341, 3.6142278028564903, 2.355900794242568, 2.6476152647091973, 2.5019023814083057, 2.0255433732720296, 2.3289604394144345, 2.028753752214966, 2.101872801104655, 2.59193962950084, 2.427007918098668, 1.9350866878971416, 2.868337782914087, 2.824352283573448, 2.906937415931893, 2.0735424150762856, 2.469998287424557, 2.028656311871351, 1.8801649533850124, 2.5210192940007334, 2.857730148129437, 1.955059432408987, 3.657352118681729, 1.9550887525703982, 2.8216325604344683, 2.446016445017751, 2.3304781165550406, 3.8950573596720828, 2.0515160537272297, 2.5738751002162807, 2.2191755874510313, 2.3530597185264917, 3.088740790720802, 3.1642186467316824, 3.1472913660511668, 2.328991224204965, 2.2209380558687952, 3.332728945377313, 2.1907164206708165, 2.4434254782961835, 3.326367546630314, 2.0284255338266957, 1.926698508622589, 2.175444904650128, 3.688475229077401, 2.580314577676379, 2.6071506040957875, 1.8078409736671557, 2.1911020182996976, 2.438267600515477, 2.322674473961096, 1.9911689242851738, 3.763463485179825, 1.9909387767816238, 4.220121788657812, 2.3482639001665246, 2.5765531824483516, 2.0282963924854265, 1.8076929813211082, 2.373923579181515, 2.17563655653204, 2.111013799964059, 3.4010752612741184, 1.5466661012718144, 2.8859155749319045, 2.6932946257484804, 2.950854465938716, 3.0355521345963097, 2.924891031997981, 2.028733194400643, 2.794601608224373, 2.1847167299175485, 2.97222035636293, 2.5917906774529365, 2.4202964334083465, 2.3532969433103825, 2.175666865990703, 2.2798042335872255, 1.9637229811946586, 3.205491305371244, 2.3739518230744876, 1.881626547991075, 2.372824654425166, 1.941474215787355, 2.365090743990045, 2.426674568410366, 1.8007475382041274, 2.72119338013797, 2.028581853663897, 2.426951060685179, 1.8981196241702165, 2.999872373494953, 2.500132652729706, 2.4113957794241663, 3.088767121247661, 2.5561273507847644, 2.411738141501719, 2.064804658125322, 2.4089773383670874, 3.1068570352474203, 2.4438234692152903, 2.3229514228346404, 3.8771203331664372, 2.464729097782862, 2.9210548950414683, 3.183134502832237, 2.1020222176038894, 3.111346337085649, 2.32298810293275, 2.469845207264071, 3.616293784659695, 3.8495121603840516, 2.2206407122519036, 2.3763877652496688, 2.469876397306002, 2.2794686878764523, 3.3246725861906965, 1.6939297415452825, 1.8992287028126458, 2.62522682056594, 3.453110876336671, 3.493030707341031, 3.3409502733732026, 2.787127027144833, 2.6242557040366683, 2.4698827896882456, 2.485180560136004, 2.859500183458493, 1.8815663639296836, 2.500438486908727, 4.21987922601732, 2.338064923079982, 2.0284934583237284, 2.028679489692682, 2.666816551216442, 2.043878939213558, 2.3438822769064656, 2.4685697418695476, 2.117149665853343, 3.867210073289538, 3.865208836340177, 2.444877959458136, 3.2361378882806937, 3.756935739614928, 2.1909004843166646, 2.716700899404565, 1.997194735557589, 2.0374315642753023, 3.015268138727643, 2.699264385708751, 3.301481639515132, 3.7847932333993137, 2.2975771563344347, 3.0510856278532, 2.650777604978614, 1.8441346270317758, 2.2838681297673316, 2.4421256147037815, 3.0627378601912065, 2.2770513339592107, 2.721152155795341, 2.055472543092187, 2.419962229065618, 2.8527380919907213, 2.566203920768569, 3.4493415947316155, 2.9263731300613736, 2.7043738527655545, 2.2243343670124025, 4.352020201456618, 2.558732225452536, 1.8076988410048311, 2.4784179725478555, 2.283613019290953, 3.3096644189241884, 2.3227812202217173, 3.1455477564999184, 3.0002475998097866, 2.1327058603118187, 2.9821888934998286, 2.543465873346075, 2.263084059924538, 2.9266234874944987, 3.258360310456463, 2.136684595576646, 2.0270877209625047, 2.5005305024245534, 2.220542423939216, 3.725543881372655, 2.425126851762779, 2.1910528143506625, 2.558514036487196, 2.6473540793632933, 2.1020709975683873, 2.5936115421798203, 1.881231916230146, 3.279126083326908, 2.190993347801564, 2.5418318263408506, 2.5474291774456437, 2.699697102229482, 1.8974855123938579, 2.961542643904248, 2.4459732746948126, 2.2240093556866527, 2.279743549441509, 2.7059906474547857, 2.613486406715278, 2.1757787544227547, 2.7737591420490038, 2.2101939820249066, 2.349700729727094, 2.4266745140533743, 3.4083076672143413, 2.2296839989827335, 3.4969410856132925, 2.400724672572878, 2.4688602542556906, 2.190868587633839, 2.639666057294178, 2.6476813084543114, 2.100298451364332, 2.1916331528382216, 2.1713552901691577, 2.9267212213658693, 2.6809268928537, 1.8813935847953465, 2.102038198559497, 2.444667184786486, 2.1449429183580384, 2.8455021489768604, 2.5967611133990873, 1.8798426846613134, 2.352985934345736, 3.574296518687831, 3.2087453945663915, 3.649464401287702, 2.7407245809716314, 2.5363228973530054, 2.320200675743503, 2.43601523780963, 2.6983992966853245, 2.1324619278751324, 2.6572464318527325, 2.117200011299207, 2.028682935925966, 2.4296851588224686, 2.5736965266266107, 3.4059826473411463, 2.4117344452262723, 2.4058193003643775, 2.35300668784523, 2.533700329725217, 2.6504709407132876, 2.6069636812721675, 1.9551797244319808, 2.50113470363154, 1.8079906402085526, 2.976581005036608, 2.852997016085764, 2.0648338478299526, 2.500145220066225, 2.1907924769738316, 2.755577722097345, 2.1920059222170227, 2.2357979324185613, 1.8349096931151978, 2.4852425923351187, 1.9550313624583886, 1.8811796030611765, 1.9172535780788795, 2.2062637766824156, 2.926242803737682, 2.7546295491980906, 2.6504151921824324, 2.566997341033772, 2.192658516220983, 2.3229973871069602, 2.0769590731929086, 2.009774118656571, 1.9145798127514162, 2.573778062114406, 2.469834205408918, 2.4852805009012444, 2.7694080722613106, 2.941438954575387, 2.1184822556033764, 2.108210500533188, 2.353239259670617, 2.610099100531527, 3.140330540337832, 2.264286415165005, 2.6998801821976506, 2.664315848530042, 2.174481024404364, 2.8096969314916356, 2.766775877017753, 1.807910724559115, 2.3378254044310345, 4.171300522577528, 2.7221353230782013, 2.743317252095444, 2.9259434041294825, 2.3030489905257614, 2.4435412293231873, 2.028553859813087, 3.6411160037266006, 1.8813187026033553, 1.881480534239531, 2.2014127533615118, 4.024567743557998, 2.1755169711499405, 2.6592238761631317, 2.6639738834332656, 1.8078296130558562, 2.145646382443537, 2.9806083684752434, 2.3226446863295545, 2.11105013217742, 2.4116563016147694, 2.8110303999916595, 2.469774434460665, 2.1754892599554885, 2.2655926961309762, 2.459888616274872, 3.0679976794355164, 1.8798960167320686, 3.0542271216234766, 2.151752263182832, 2.5030993661779766, 3.5333905364517295, 2.3546488980397164, 3.641237274175448, 2.1758575394467616, 2.205858110452138, 2.3367861310375564, 2.9147822224830153, 1.8902551561023768, 4.661442086642662, 3.4599225048028788, 2.1816356662582557, 2.1754623858587108, 2.189575956301285, 2.264468282788382, 3.229183040012324, 2.0436744699529643, 2.416257204840035, 1.8230787448672956, 2.4697999278898486, 2.13272549405728, 4.420784643494113, 2.1470950805614684, 2.5435778270065166, 3.882776295677465, 3.348160076600081, 2.533486485034488, 2.6072088516564715, 2.1020745525156554, 2.7265708783626783, 3.305824468589384, 2.190765276735103, 2.411621230483619, 2.175619727607359, 2.1909731704861843, 2.4113479452713262, 2.1755902226321755, 2.5723628122796067, 2.371016291806411, 3.0320523292124086, 2.168172962434547, 2.4534752209173343, 2.4159773702029836, 2.619192526151652, 2.5586691169849827, 3.5411963114704204, 3.4405156369401326, 1.9550700320224004, 2.8530826174765505, 2.4268901156259015, 2.190779768309134, 2.291404490761659, 3.111277987225084, 2.5871143762370177, 2.4268798965114313, 3.935700283015205, 3.9902093452552907, 2.279495964214969, 2.5893108721949827, 1.881509376059414, 2.1754418280443883, 3.6727072901128954, 2.5740522279099673, 2.5182515468587283, 1.8078970918255557, 2.60521610526924, 2.500204686615324, 2.9414874565329914, 2.4114209901969925, 2.190757721113234, 2.0286156637128356, 2.2643935310531713, 2.172982717085997, 3.312458864193845, 3.1252408396194173, 2.7947674840207437, 2.028414901599087, 2.0358102096180772, 1.9175571075214453, 2.2282195886844924, 1.8077747559796675, 3.1558104050959432, 2.4143222904412545, 2.264626950847631, 2.576339189842783, 2.974763253940254, 2.4295845440305293, 2.1907829318860603, 2.1171830736605424, 2.117302985184593, 2.471826165044621, 2.4461165645774408, 2.794410543397973, 2.616224470678443, 3.3871464447924504, 2.1908259282666247, 2.1934783930735335, 3.503964290022356, 2.5002748071348275, 2.1906909272416324, 2.423121960005951, 3.3095600643712086, 2.5003547336556635, 2.7866829800353616, 2.48500181260396, 2.337838080481537, 3.1582394485643466, 2.027236430820845, 2.5058195706681463, 2.3965277009970882, 2.241838370564727, 3.309455818532213, 2.132327187763701, 2.8934919509428676, 2.248995461084026, 2.1742298002690306, 2.1758595832696557, 1.8080325277064826, 2.4851725805295986, 2.72112978245749, 3.377192144443234, 2.8906270480380014, 3.657830331041225, 1.8078656082558684, 2.757249553833599, 2.808619771274828, 2.1756600278811264, 2.331139396797163, 1.8815868239014208, 4.351946406404465, 2.1757680678381544, 2.4114517127687938, 2.3225710326055795, 2.26428037066751, 2.535004729105674, 2.4833210131404333, 2.223866420716913, 2.7209010808499237, 1.9984972367280691, 2.225736913377368, 2.1909312938596526, 2.348107297672966, 2.3962249869094006, 1.8076830231201988, 2.3229268752171146, 2.393425731638725, 2.3678612069548914, 2.6959168193055354, 2.90135697183416, 2.53519882705222, 2.5917080918500948, 1.8228441074762176, 2.1740412654687904, 2.8124069581768634, 2.269233707295817, 3.166918847848846, 3.3634694430722303, 2.422062509297093, 3.557806270026553, 3.8771453265112963, 1.8811795052185913, 2.641626820027397, 2.5560671341091776, 2.5333945238756534, 2.368291227801169, 2.3227362126324542, 3.7922751220853117, 2.8905445884813443, 2.605289312424651, 2.543411712039382, 1.9713211000023674, 2.2478864041843933, 2.737601424649636, 2.809687085857105, 2.7069476907673566, 2.3530550981821836, 2.1758305240218054, 2.9025112317928135, 2.7208051407592846, 1.8079192042498455, 2.442000256609146, 2.8912150993870824, 2.5571282155277917, 2.2646495959704414, 1.881342967564523, 2.3187422773285626, 1.881626265334717, 2.175651635161583, 2.469672025887994, 2.183766560747298, 2.1728525429618823, 2.135288022804251, 2.3491896718543157, 2.611806228345848, 2.459952974953238, 2.1180147806212744, 2.4269341991463027, 1.9911682611298729, 2.337781614438389, 2.4853249649205886, 2.3378140438197352, 2.238572150858785, 2.9671108667297337, 2.447818291473698, 1.9547761563815897, 2.2840012556599776, 2.4252720598544593, 3.294447227281168, 3.9915129911476734, 2.3228253580991103, 2.6069813472945227, 2.469918839245249, 2.6493473206399867, 2.3380025212533226, 2.4837788669349754, 2.165831034494628, 2.355973458669291, 2.297771735641308, 2.5436687988680995, 2.63484737218825, 2.7013994266528996, 2.4275031878939606, 2.5948986894846557, 2.6155672068252587, 2.4858229960510676, 3.5093717364853196, 2.3197361873862925, 2.510703725361826, 1.8166287499220322, 2.5326688173337932, 2.7095488149961646, 2.165423161370481, 4.014440660712857, 2.249008789418431, 2.3843240685082945, 2.2190064393637505, 2.346609102078244, 2.6655096101048312, 2.3280744894276486, 2.675782324876875, 2.1384821355344474, 2.1019941041676975, 2.202798715649095, 2.890890832935994, 2.193615818420363, 2.190647680818906, 3.001372368452219, 2.1023172238701306, 2.57368617705536, 2.2646654355978706, 2.1757683070089184, 2.779569186868095, 2.028679207036324, 2.3226053318674453, 1.823192405337282, 3.207058281100335, 2.426732415121107, 2.2490917708022096, 2.632161457080595, 2.475327171331557, 2.2024111720399056, 2.868260204615299, 2.117532610861021, 2.0421708791349884, 2.5118923172184786, 2.3229768945210276, 2.6070879522269657, 1.8992263111050038, 2.2564247283418712, 3.370216401347192, 2.2406825326461, 2.8557273335485713, 2.1368724642119243, 2.3379925413096165, 3.3241306442981724, 3.162612749176191, 1.8079646575664419, 2.396365771518327, 2.590273449049325, 2.102185929991984, 2.25816925895232, 2.064764346980156, 3.422222315964803, 2.826664992955877, 1.954918865228028, 2.7570084509792876, 2.190879350318228, 2.4535131729690534, 1.8077386303228753, 3.616391812058822, 2.2490363266705087, 1.8814473764744943, 3.62871316189161, 2.5308287420047546, 3.3249535139960456, 2.1830340110685857, 2.738892272857444, 2.9488522950411418, 2.432439075518992, 2.500234332918686, 2.1384101477351973, 4.131007253844203, 2.2798442403332366, 2.0286688683364718, 2.354953975721002, 3.646808148823564, 2.396106390824553, 2.279485451572743, 2.3289897783089812, 3.177814536047717, 2.2493375731194165, 1.897680197395916, 2.1445563800955907, 3.81048573800893, 1.9550846540532116, 3.2359918962719467, 3.9730204433808893, 2.721159524779298, 2.264223034912492, 2.50940211890368, 2.4117478170462707, 2.423196755226755, 2.460101152113058, 1.9996500975014062, 3.077524886019125, 2.910029702438505, 1.985531224176828, 2.701494779678889, 2.0465299907386787, 2.2115930226047325, 3.850008919349171, 1.8078307545526853, 2.862238956729426, 2.705948890413636, 2.1758834894746775, 3.3247369231262662, 1.989797953655946, 2.2655918759240223, 2.633594052824259, 4.245154951143877, 3.2012449361971385, 2.400244356202174, 2.2360835349252106, 2.0283723292030595, 2.4990366088939258, 3.0637816747208504, 2.380294906854876, 2.264401597630764, 2.1758215333753514, 2.353222572074115, 2.1907296620340344, 2.728435895504908, 2.5542392989917975, 2.192210265872912]"
1.25,7000,0.6735395664726765,0.6735395664726765,0.01387333869934082,0.32570871859341943,"[5, 3, 3, 3, 3, 4, 4, 3, 3, 3, 1, 3, 3, 2, 5, 3, 2, 3, 2, 2, 3, 3, 3, 2, 2, 4, 3, 1, 2, 3, 3, 5, 1, 2, 3, 3, 2, 3, 1, 4, 4, 3, 2, 3, 4, 3, 5, 2, 1, 2, 5, 3, 2, 3, 5, 2, 2, 3, 3, 3, 3, 3, 1, 2, 3, 3, 2, 4, 1, 2, 2, 3, 2, 3, 2, 3, 4, 2, 2, 2, 1, 3, 2, 1, 3, 3, 2, 3, 1, 4, 3, 3, 3, 3, 2, 1, 3, 3, 5, 3, 3, 4, 3, 3, 4, 1, 2, 3, 1, 3, 3, 1, 4, 4, 4, 3, 2, 2, 2, 3, 3, 2, 2, 1, 1, 2, 3, 2, 3, 1, 2, 2, 3, 2, 3, 2, 2, 4, 2, 2, 2, 2, 3, 3, 1, 3, 2, 2, 2, 2, 3, 2, 2, 2, 3, 3, 3, 3, 1, 3, 4, 1, 2, 4, 3, 3, 1, 2, 3, 2, 3, 2, 2, 1, 2, 2, 2, 3, 2, 2, 1, 3, 2, 2, 2, 3, 3, 4, 3, 2, 4, 2, 3, 3, 5, 3, 1, 3, 1, 2, 3, 3, 3, 4, 3, 4, 2, 3, 1, 3, 2, 3, 3, 3, 2, 3, 3, 3, 2, 3, 2, 3, 2, 2, 3, 4, 2, 3, 5, 2, 2, 1, 2, 4, 3, 4, 3, 2, 2, 4, 3, 4, 4, 2, 3, 2, 3, 4, 1, 3, 2, 2, 5, 2, 1, 4, 2, 2, 2, 2, 2, 3, 3, 4, 2, 2, 4, 2, 1, 4, 4, 3, 5, 2, 4, 1, 2, 2, 5, 3, 2, 2, 3, 4, 5, 3, 2, 4, 3, 2, 5, 2, 1, 4, 2, 3, 2, 2, 3, 2, 2, 2, 2, 4, 3, 3, 4, 2, 5, 2, 3, 1, 3, 3, 3, 1, 3, 1, 2, 3, 3, 2, 1, 4, 1, 3, 1, 4, 1, 2, 2, 2, 2, 2, 3, 3, 3, 4, 1, 3, 4, 2, 4, 3, 2, 3, 3, 2, 3, 2, 3, 2, 2, 3, 2, 2, 2, 2, 3, 2, 2, 2, 3, 2, 5, 2, 3, 3, 2, 2, 2, 3, 2, 3, 3, 2, 2, 2, 4, 3, 3, 3, 4, 2, 2, 4, 2, 2, 3, 1, 2, 2, 3, 2, 2, 3, 2, 3, 2, 3, 2, 4, 2, 1, 2, 3, 2, 1, 2, 4, 3, 3, 4, 2, 2, 5, 3, 2, 3, 5, 2, 2, 2, 3, 2, 2, 3, 2, 2, 5, 1, 3, 3, 2, 2, 2, 3, 3, 2, 3, 1, 3, 2, 4, 2, 3, 4, 3, 3, 3, 3, 3, 2, 1, 3, 2, 3, 3, 2, 4, 4, 3, 3, 2, 3, 3, 4, 3, 2, 2, 2, 2, 2, 2, 3, 2, 3, 2, 1, 3, 2, 3, 3, 3, 3, 2, 2, 2, 3, 3, 5, 3, 3, 5, 4, 3, 2, 3, 2, 3, 3, 1, 4, 2, 3, 3, 4, 4, 2, 3, 2, 2, 2, 3, 3, 2, 4, 3, 1, 1, 2, 2, 3, 4, 2, 2, 2, 2, 2, 3, 3, 4, 3, 1, 2, 4, 2, 3, 2, 3, 4, 2, 3, 2, 3, 3, 3, 2, 3, 2, 3, 2, 3, 3, 4, 2, 3, 3, 3, 5, 2, 2, 2, 3, 3, 2, 2, 2, 2, 4, 4, 2, 3, 4, 4, 2, 2, 2, 2, 2, 2, 2, 5, 3, 2, 1, 2, 2, 2, 1, 2, 2, 3, 3, 1, 2, 2, 2, 2, 1, 2, 2, 3, 2, 3, 2, 3, 2, 3, 2, 3, 3, 3, 3, 3, 3, 2, 3, 5, 4, 4, 2, 3, 1, 2, 3, 4, 3, 2, 3, 2, 4, 2, 3, 1, 2, 5, 2, 4, 2, 3, 2, 2, 2, 3, 2, 4, 1, 2, 2, 2, 3, 1, 3, 2, 1, 3, 3, 2, 3, 2, 1, 1, 2, 2, 2, 1, 2, 2, 3, 3, 2, 4, 2, 2, 2, 4, 3, 2, 1, 2, 3, 2, 2, 3, 3, 4, 2, 3, 4, 4, 2, 3, 2, 3, 3, 3, 1, 2, 3, 2, 2, 3, 1, 4, 3, 3, 3, 2, 2, 2, 3, 2, 4, 3, 3, 2, 3, 4, 2, 1, 3, 2, 2, 2, 2, 3, 2, 2, 2, 4, 2, 3, 2, 2, 2, 3, 3, 2, 4, 1, 3, 2, 3, 4, 2, 2, 2, 3, 3, 4, 2, 2, 2, 4, 3, 4, 1, 2, 2, 2, 3, 3, 2, 1, 2, 1, 3, 2, 5, 2, 4, 2, 2, 1, 2, 3, 3, 3, 4, 2, 3, 3, 3, 2, 3, 2, 3, 2, 2, 2, 3, 3, 2, 2, 1, 3, 1, 3, 2, 1, 3, 3, 2, 3, 2, 3, 3, 4, 2, 3, 3, 3, 3, 3, 4, 4, 3, 1, 4, 3, 2, 3, 2, 3, 2, 2, 5, 4, 2, 2, 2, 1, 2, 1, 2, 2, 4, 3, 4, 3, 3, 3, 3, 2, 2, 2, 2, 2, 2, 1, 1, 4, 2, 2, 2, 3, 3, 1, 2, 3, 3, 3, 2, 2, 2, 3, 3, 3, 2, 4, 3, 2, 3, 2, 3, 3, 3, 3, 2, 1, 2, 4, 2, 2, 1, 5, 3, 2, 2, 2, 2, 2, 4, 2, 1, 4, 1, 2, 3, 3, 2, 1, 2, 2, 4, 2, 3, 2, 1, 2, 3, 1, 1, 1, 4, 2, 4, 2, 3, 3, 1, 1, 2, 2, 3, 4, 2, 3, 3, 4, 2, 5, 3, 3, 2, 2, 2, 3, 3, 1, 3, 3, 2, 2, 4, 4, 2, 4, 3, 3, 3, 3, 5, 2, 3, 3, 2, 3, 3, 4, 3, 2, 1, 3, 3, 3, 2, 2, 2, 3, 4, 1, 3, 1, 3, 3, 1, 2, 2, 3, 2, 4, 2, 3, 2, 2, 2, 1, 2, 3, 2, 3, 2, 3, 1, 1, 2, 5, 1, 1, 3, 4, 2, 2, 3, 3, 3, 4, 3, 4, 2, 3, 3, 3, 3, 5, 2, 2, 2, 2, 3, 2, 4, 1, 2, 4, 4, 1, 2, 2, 3, 3, 3, 3, 3, 3, 3, 2, 3, 3, 2, 3, 1, 4, 2, 2, 4, 2, 1, 2, 3, 2, 3, 1, 4, 4, 3, 2, 2, 3, 4, 4, 4, 2, 3, 2, 4, 1, 2, 4, 4, 2, 2, 3, 4, 2, 2, 3, 2, 2, 3, 2, 2, 3, 4, 2, 2, 4, 3, 2, 1, 4, 3, 2, 3, 4, 1, 3, 3, 3, 4, 4, 3, 3, 2, 2, 4, 2, 3, 1, 2, 4, 2, 1, 2, 3, 1, 3, 4, 2, 2, 2, 1, 2, 4, 1, 4, 2, 2, 2, 3, 2, 3, 3, 2, 2, 3, 2, 3, 4, 2, 2, 3, 2, 3, 2, 1, 4, 4, 1, 3, 5, 2, 2, 2, 2, 3, 3, 3, 3, 2, 1, 1, 2, 2, 4, 4, 3, 2, 2, 3, 2, 3, 1, 4, 3, 2, 1, 3, 3, 2, 2, 3, 3, 2, 2, 4, 2, 2, 2, 2, 3, 1, 2, 3, 3, 2, 2, 2, 3, 3, 2, 2, 2, 4, 2, 3, 3, 3, 2, 1, 3, 5, 2, 2, 3, 3, 2, 4, 2, 3, 3, 4, 2, 2, 2, 2, 3, 2, 2, 2, 2, 3, 1, 2, 2, 2, 3, 2, 1, 3, 2, 2, 1, 3, 2, 2, 3, 2, 1, 2, 3, 2, 3, 2, 3, 2, 2, 2, 2, 1, 2, 2, 2, 4, 3, 3, 2, 3, 2, 3, 3, 2, 2, 2, 3, 3, 5, 2, 2, 3, 2, 2, 2, 2, 3, 2, 2, 3, 3, 2, 4, 3, 4, 2, 2, 1, 2, 2, 2, 3, 2, 2, 3, 1, 2, 3, 3, 2, 1, 3, 3, 1, 2, 4, 2, 3, 2, 3, 3, 3, 2, 2, 2, 3, 3, 2, 4, 2, 2, 2, 2, 3, 1, 5, 1, 2, 3, 3, 3, 1, 2, 3, 2, 3, 2, 3, 3, 1, 2, 4, 2, 3, 3, 5, 3, 3, 3, 3, 1, 3, 3, 2, 3, 4, 2, 3, 3, 1, 4, 3, 3, 3, 2, 1, 3, 2, 4, 2, 3, 3, 2, 1, 2, 5, 4, 3, 2, 2, 2, 1, 2, 3, 4, 2, 3, 3, 2, 2]","[4.099211107789749, 2.8687010623655365, 2.220164704054619, 2.158121777433812, 2.670368426393484, 4.092669941461613, 2.3443508301560865, 2.2812396718108405, 2.6596682331782446, 2.2460464794369366, 2.2511625982835604, 2.1778216366244947, 2.1974302635350065, 2.415399922577033, 4.213233839317942, 2.279817523526207, 2.63118273061519, 2.240535419119089, 2.2328184890697713, 2.238503642132769, 2.306431264591053, 2.240429873760544, 2.1979714946445084, 2.3861504654029484, 2.4868435347959243, 2.258495855903701, 2.214054169317344, 2.3677249433071648, 3.2570794893306387, 2.334599682341022, 2.5165200062617754, 3.978902955147314, 2.2306399414549634, 2.3907468195623083, 2.452047367915224, 2.6228509382727903, 3.047216215702124, 2.5745845291542393, 3.9762013747397162, 3.52884142815703, 3.3536601474310643, 2.5217261925547763, 2.161539444571784, 2.954121448559884, 2.719639169882313, 2.906791921826971, 3.4939268762656783, 2.2850914705687737, 2.285599138397405, 2.1809438121012206, 4.1123821819144855, 2.334633116933996, 2.201807130206935, 2.7961187504692115, 4.470110678819863, 2.431706324375244, 2.4698918157373915, 2.3541025155719866, 4.292691069993839, 2.6992113917635643, 2.223499245478866, 2.2409976167368293, 2.2675038355776933, 2.238102955930481, 2.1760801590360503, 2.294267701863396, 2.315626729578675, 3.9532292802105626, 2.585620082629227, 4.246703743035168, 2.229596502514056, 2.1861155666077035, 2.208638185329106, 2.2058115004470635, 2.2191976538180174, 2.319814096785671, 2.7319062119614417, 2.2796984787542174, 2.1948235955713247, 2.403187370660584, 2.2054355107833277, 2.4671984470798622, 2.307004365634787, 2.2328668011000747, 2.473683734461242, 2.222319531399573, 2.185135826355714, 2.4946262347890795, 2.5557213580727995, 2.196034065891625, 2.7234841860359285, 2.4410594319905163, 2.347115554278592, 2.378289845898859, 2.461548519107813, 2.3423204809707046, 2.771041839656843, 3.551289289555497, 2.491364336794971, 2.5437030001302814, 2.7897426785193264, 3.5133371641453066, 2.263662439274544, 2.433977680392627, 4.334851955188588, 2.344932909108385, 2.2746882136128175, 2.283713318023281, 2.246867682391416, 2.4205074592333724, 2.2631745445215126, 2.2094929531977425, 2.566749659707774, 2.5559434551522675, 2.2804585994276843, 2.4710406061289603, 2.352357892017438, 2.338326092381159, 2.186716876416531, 2.486501169653775, 2.189314993109124, 2.1784411330072486, 2.524847896726567, 2.167814955506079, 2.2712041976650363, 2.5930553758360486, 2.258863889234866, 2.2206870860016106, 2.337774956453201, 2.6066237368369816, 2.2530320173991507, 2.577051061996676, 2.6670923511520255, 2.260199579611206, 2.346368059894688, 2.2470063635296786, 2.248713494333638, 4.12055342442963, 2.131456941060116, 2.231538339526857, 2.377751075629952, 2.2008096756133915, 2.3167399545778093, 2.25434524979945, 2.2448095574240057, 2.4143386963415026, 2.2515517271582914, 2.228964436464221, 2.327417333027105, 2.5332486790629214, 2.317397956550515, 2.221645994892217, 3.9728009644293065, 2.3612019019244235, 2.3289263241781213, 3.4336533453550593, 2.5715358188329227, 2.3052938282342117, 2.324522698681923, 2.383350565036733, 3.409843064322519, 2.1997047241904695, 2.477007481285177, 4.324419676190424, 2.3484213132549154, 2.431752417170427, 2.5416472576865297, 2.2285243614479526, 2.236249660954623, 2.498946535767184, 2.2642639942709493, 2.228740845012041, 2.2162455136440276, 2.2038953859641577, 2.4199585129342154, 2.3346253540817097, 2.354441877439109, 2.2290427990490156, 2.236028575798809, 2.2334061155182923, 2.231988065855621, 2.3597801456368406, 2.3302792890972093, 2.3510739012734114, 2.2067784988278953, 2.298949665135208, 2.235874932369661, 2.301063765894406, 2.297625397713731, 2.4225879243323294, 2.1917693684911757, 4.042889473935, 2.3180267069152785, 2.689458754609892, 4.252915713832803, 2.464951360812702, 2.326274221349822, 2.2497557182182675, 2.6719134840070153, 2.2641730261729616, 2.436358920269258, 2.633198902216485, 2.9070995339596903, 2.549458476970387, 2.407623893327829, 2.1964171941714916, 2.165025463846169, 2.361667368065937, 2.354579483782092, 2.3941762585542614, 2.2815446150527765, 2.410979257376828, 2.512826055739873, 4.125706486713654, 2.315547661455841, 2.6875724296444474, 2.3581155661224624, 2.4564520005870683, 2.308652236728434, 2.576911930032023, 2.205232613268003, 3.9626179027073123, 3.922906944810186, 2.271651054646658, 2.3347961428752217, 3.2670548560003994, 2.187892858476309, 2.232490811436339, 3.986987083735136, 2.436950483405369, 2.172955033410137, 2.2468186687261062, 2.212991144799371, 2.710292347074825, 2.3928456977064143, 4.1996264422482685, 2.6669056738425034, 2.2089668381646734, 2.206509407003509, 3.227736519921466, 2.3245304881438527, 3.189967048039857, 2.593207621498178, 3.065671142921627, 2.2233575593506982, 2.2405159750180608, 3.0281969646238256, 2.4607552803815413, 2.374415339210596, 2.32843069181893, 2.3360106452433334, 2.7617675181388956, 4.340990163926591, 2.185343732187547, 2.308546869992667, 4.128844746217128, 2.368181003293328, 2.2695445657931748, 2.232871560177495, 2.257803843245632, 2.3083788917813384, 2.372101927193975, 2.283231159682931, 2.442157509546215, 2.317162875420844, 2.234433675507045, 2.4794039463648074, 2.2749096696473026, 2.7941165146676212, 3.9314486958758383, 4.157442860865975, 2.4393297858634817, 4.234901065795428, 2.3769128317259947, 4.5355352918156555, 2.381457330697586, 2.826067735659873, 2.258208081787446, 4.015614018939101, 2.379289115105433, 2.229153845584334, 2.3461005328775197, 2.181540581559039, 2.6487980914627687, 2.743867054433036, 2.4267935500301903, 2.4132702819614784, 2.5814977601826037, 2.540855076019273, 2.980508283535338, 2.731769469187838, 2.2081773147975667, 2.305620101531069, 2.5208957844959574, 2.257343323531596, 2.231306898429242, 2.3620240467862987, 2.0733642600526414, 2.48403494615234, 2.547479578420028, 2.5952328547764534, 2.3407767622048623, 2.2664920166167297, 3.5678792175042844, 2.1834935638411777, 2.457229230841675, 2.935670498686599, 2.6979454131382177, 3.9039588576655238, 2.1860822121015744, 2.2182671470243114, 2.199475127876552, 2.639487937958828, 2.2117221669869607, 2.716698963118213, 2.1265457324403663, 2.461978537750521, 2.406527077917467, 2.4859106750731517, 2.271925110046982, 3.384922718076819, 2.2380502091790935, 2.189589871068836, 2.2777033004393266, 3.9680831594980814, 2.5458035444353064, 2.18664957779919, 2.220470013899002, 2.350884287496953, 2.4326224644555463, 2.2448244347128585, 2.242455890006142, 2.493767511238248, 2.27204679320643, 2.8450484991323024, 2.595789983575545, 2.374251587103438, 2.782138532602049, 2.2237913294769336, 2.519295388414392, 4.048232568562392, 2.3669398271334128, 3.0623039599227404, 2.9500117369598895, 2.5055797011907, 2.228733671616361, 2.529586415137275, 2.3492709912897967, 2.1829711808276233, 2.3169802386564253, 2.4924093464068022, 2.2308556621433295, 2.214949837033024, 2.223417069572672, 2.192715190026557, 2.3174809809105397, 2.247542947591683, 2.3644289763836532, 2.3083669435232936, 2.191941835188392, 2.363200543131026, 2.4278829733184604, 2.833212445404376, 2.2645466616925907, 4.314849425607543, 2.3661397527109336, 2.3644152594588372, 2.3837041267372663, 2.3007530260749873, 2.2384857079982408, 2.2839212238551143, 2.35514610786149, 2.2041851422792855, 2.3793799720371753, 2.3648670182089573, 2.182723326022841, 2.242224804353617, 2.4826491663973247, 3.08750935107813, 2.3175242602962935, 2.3411101741178504, 2.4294828460806213, 4.072014657459758, 2.1861809178057214, 2.2127855677170403, 2.505327622190907, 2.2075764625027303, 2.3910948646337826, 2.488704606041948, 4.347692031737299, 2.2993149215878255, 2.1681277039948887, 2.3502609017574656, 2.2045568103184237, 2.369714929031299, 2.8079649322304663, 2.2526796696883324, 2.3532937283201325, 2.307550039783756, 2.3293859554738185, 2.3240862282123125, 2.8110108276296155, 2.2143743818451833, 2.3982152185664414, 2.362575087332955, 2.3356258632393265, 2.3272422121574867, 2.2079717377152366, 2.1971911904705097, 3.823562648093591, 2.266206130245483, 2.357186386414958, 2.66128273474805, 2.2086273654826676, 2.1832463852767976, 3.501730269408249, 2.339664524280422, 3.6775250749126913, 2.2268970026834354, 4.320991020880994, 2.36079786098129, 2.609458506769924, 2.451542399874973, 4.074993260009449, 2.2753080004904445, 2.468466576308668, 2.2416660412161358, 2.21164542639859, 2.208501584767821, 3.742017796730678, 2.2256656207664305, 2.229899158186037, 2.157263576507393, 2.271808811992226, 2.331402417718463, 2.2295426220082755, 2.2569565541344065, 2.3647604662719224, 2.193942479721598, 2.404170542367501, 2.209195732843585, 2.2201903493341404, 2.213936854304829, 2.780082981571719, 2.2552381860923543, 2.3348843795504335, 2.9129871647605903, 2.357567836642643, 2.280054643338107, 2.436433662328169, 2.62914122101449, 2.2610623203219102, 2.317777750150704, 2.2693919252423673, 2.679818804576049, 2.247809685271963, 2.371117696664983, 2.283492188478258, 2.3346207825028227, 2.278912473298449, 2.399577335389285, 2.331917010203525, 2.8117624255202385, 2.2336066334949067, 2.6117727986982398, 2.43071395428202, 2.2418236316910622, 3.217270591343849, 2.1593379566390647, 2.2705357467245633, 2.324423967583172, 2.523139418178082, 3.518780674267589, 2.3335410152937595, 2.2144137369368253, 2.7470453990216286, 2.677705329268046, 3.0493424523850807, 2.240443502280132, 3.1074479783991777, 2.4742338433312945, 2.276440677918342, 2.307817557415978, 2.5028936743123578, 2.605393492404951, 2.2126042898334246, 2.2038842153002163, 2.9903287532163896, 2.2028157819255867, 2.256856216900413, 3.0156927230966555, 2.4970583092447067, 3.0177384091830466, 2.861287042669416, 2.7226326470779183, 2.2388160387375127, 2.4747894942063065, 2.5511684437909175, 2.366810720445087, 2.3937738038336787, 2.0844860097388485, 2.3189755240556194, 2.2414677105036356, 2.2332125786721138, 2.48377575351515, 2.2472785723738933, 3.6825483108613715, 2.4763562883873065, 2.250831856552632, 2.2536399056651404, 2.286506516308103, 2.634905380959606, 2.1968259434028385, 2.3924382605459336, 2.22262210982118, 2.3696571230257186, 4.080234780373865, 2.28362911339588, 2.1862613904136072, 2.2157572934680965, 2.5647505998944777, 2.2049161327596787, 2.372055483699334, 2.281087801963652, 2.2277798207649075, 2.275157173634582, 2.343406965424974, 2.324380773617699, 2.4605560682429752, 2.3195191494222125, 2.438087417198965, 4.355973002577318, 2.266262583621782, 4.487860016956818, 2.2086895795996884, 2.288515906510768, 2.185656262516669, 2.3556441261780927, 2.191072892732471, 2.262817489589044, 4.035448561999785, 3.275468368495558, 2.474889497559892, 2.1288203051257524, 2.293521483425123, 2.3663002668832323, 2.597268836045093, 2.366752239414143, 2.387032633853661, 2.207280970841484, 4.215963583034862, 2.376151411494056, 2.475803475622207, 2.5909018846413123, 3.9160155224053543, 3.916690669464173, 2.3610195045143088, 2.5258238236571575, 2.5691575679823444, 2.8305921347694487, 2.3606926929014147, 2.2304928718647425, 2.201128184842923, 2.8945267056760584, 2.286974501127732, 2.2267393055120213, 2.332210458415831, 2.2281497242650214, 2.316011861333622, 3.06220696197493, 2.9870002780524247, 2.5149422459798587, 2.2093999574451106, 3.9027592737658128, 3.2319846621293586, 2.1991414159352685, 2.601310918817055, 3.218252399363468, 2.218528202280805, 2.25275035412592, 2.221597631006144, 2.5819460219702077, 3.6729478287458868, 3.1153705519260684, 2.234996958367643, 2.685262031918709, 2.1772636864367425, 2.2208206053891795, 2.781474983281597, 2.296626403140849, 2.4220734738900287, 2.1514252930851567, 2.1493414455878517, 2.2588397620917515, 2.250595795729861, 2.2199807148093957, 2.208045773341998, 2.327074641247017, 2.356108185497922, 4.122294249569421, 2.2080653843136675, 2.3110898328674336, 2.431956859313756, 2.2765426380668448, 2.2128342570260133, 2.4429980658386556, 2.2335126360789728, 2.2329405631597066, 2.3090793955456945, 2.2100357100586887, 2.324100373853321, 2.453254888116769, 2.2988820410949677, 2.298283217521339, 2.240752791249993, 2.196635919849763, 2.178017719880025, 2.229536694396912, 4.227089415558087, 2.3148248406916427, 2.736767343454492, 2.435077379220197, 2.8266018902272054, 2.2976800110823956, 2.237700593957614, 2.3851358347534553, 2.3564641415853202, 2.2198935051920894, 2.3022301083938252, 2.514661636404609, 2.223458319170656, 2.5600058647036437, 2.4132847329548666, 2.466302088275625, 2.510203395609506, 2.275964629921177, 4.100287231387029, 2.489504795918626, 2.820036918269799, 3.8019147389875325, 4.150548072265985, 2.6391764899465766, 2.359448838480394, 2.1932880977384834, 2.2869487775312742, 2.1990538301058553, 3.9969379358618857, 2.373422765109342, 2.479139693735118, 2.340872284296326, 2.244193151599914, 3.0701642422611455, 2.3533977610427597, 2.4074618056210335, 2.243242357594136, 2.4172676421248958, 2.5960189703716883, 2.5663292305912018, 2.7651319023977257, 2.703516844568649, 2.3467536891281338, 4.246364243891995, 2.5852867362238277, 2.238722393205644, 2.272184232112047, 2.244838371579126, 2.2934550231521147, 2.2902144088601504, 2.211956797011991, 2.70535999344401, 2.266179080629387, 2.3466796900720372, 4.431754348987363, 2.465957362440894, 3.0575820962042872, 2.3460322588791342, 2.4048498397640556, 2.432493066245568, 4.285881679959148, 2.4120252113507323, 2.259811601000365, 2.2661216403081674, 2.3951131405216515, 2.234801199468449, 4.031814684864854, 2.3061533297856656, 3.569515098266229, 2.2924720147852478, 2.2926850005085178, 2.745534559950987, 4.203233601590001, 2.24928373719694, 4.327181502186693, 2.2355349467662218, 2.190677916481698, 2.2368130411267626, 2.3395524416536144, 2.2217362348940326, 2.4532100222293423, 2.5698710369531526, 2.3641224207549536, 2.225086792694961, 2.464930295312406, 2.313971100947474, 3.6541829999215234, 2.236901114483005, 2.7534661836611978, 2.4237011493314635, 2.4390280622652716, 2.214429482740677, 3.0472457829297728, 2.3570131309475766, 2.1765888239097486, 3.0367571727158125, 2.3768175332480754, 2.55479118013562, 2.2621801457070814, 2.5003940624424583, 4.252996948268551, 2.5038927455688893, 2.294622078443898, 2.3717530419870534, 2.48061841646891, 2.4059296469376275, 2.2026453174884115, 2.2217386398273464, 2.547761437808, 2.3151090814629773, 2.2936502279409763, 2.2669709846017665, 2.281215693268314, 2.9682611778507777, 2.2864287786746647, 2.1598150315456577, 2.208706460215145, 2.349818746015743, 2.7796749748758045, 2.362341886323903, 2.219335932283007, 4.089370940353231, 2.2175121119177272, 2.3044921124786937, 2.563873272110672, 2.3094369944789968, 4.0645458351009225, 2.416685891431968, 2.3141643990154246, 2.364331607865854, 2.3475919383748782, 2.2591945961862443, 2.669625248737692, 2.1602495551626695, 2.4410650340305033, 2.2526120502663267, 2.7331528349028438, 2.286956892416103, 3.383634521398483, 3.7327303224890422, 2.223061691477345, 2.2859256304206736, 2.21265031963656, 2.8212341077545897, 2.558431515527884, 2.441824316329206, 2.2421312946129888, 2.2629713215832887, 2.3302825121441297, 2.1891638396153223, 2.2764452228875856, 4.252497419985449, 2.2907612322064463, 4.275125101156802, 2.336196915500685, 2.2965944015033397, 2.2310947512174844, 2.251336955210894, 2.3287845278017936, 2.2007288775826064, 2.219685441874561, 3.5039559653948213, 2.4162191222049088, 2.3066687370022194, 2.35983779826577, 2.9953245786702363, 3.3070004311234307, 2.3314048225033, 2.2039240880893542, 2.2862651249456114, 2.2024592446812625, 2.254848896737628, 2.3328506858728297, 2.274887597835038, 2.3328356965540533, 2.1988435193407083, 2.3369854330860944, 2.246981860322934, 3.0152167301191177, 2.327027655236352, 2.219764317880627, 2.4362795761127622, 2.3540229993201076, 2.274618515395598, 2.335844640921845, 2.6950488301282407, 2.285159797310583, 2.2133380307311996, 2.3186458187675423, 2.3660732723861084, 2.195518847955368, 2.333848730071456, 2.2619904729715095, 2.2575567419316256, 2.4721644108421397, 2.24069431021905, 2.263398867621537, 2.4907021635985958, 2.4895747593845914, 2.441145528044371, 2.171936615364119, 4.047193770557458, 2.419740001845256, 2.687440282520601, 2.699977790886978, 2.2124443917367267, 3.6604894754252655, 2.169654980246413, 2.169337172651887, 4.272259844110656, 4.103796541796829, 2.2711079015124374, 2.247302815665327, 2.1673970389373944, 2.3578575931062478, 2.30972155142741, 2.3906133047625415, 2.2579466155392955, 2.4474020540436188, 4.189964385952893, 3.892642935015072, 2.3953278572007326, 2.3326489473580256, 2.5498497760330117, 2.166999409580782, 2.239672861788523, 2.8675197887913804, 2.223507984748327, 2.314824735071069, 4.290213377015206, 2.2560723423925824, 2.2188365414431344, 2.2072647156772227, 2.4183707523251443, 2.286054086084292, 2.501987492260447, 2.28781368885747, 2.2957125023289073, 3.184569115440813, 3.0499145193973396, 2.376794383995217, 2.2252872515639845, 2.875141878973765, 2.275507466163026, 2.8691480171585395, 2.3624342858925456, 2.2294040181203867, 2.262096669175853, 2.596272733932354, 2.738470437434578, 3.6256342497554894, 2.364545346503825, 2.3003192770764826, 2.7839645863355296, 2.2877850728008693, 2.547100360113058, 2.3989837796961133, 2.529833055682572, 2.5865016596930936, 2.2877241009164933, 2.2402898719360786, 2.3716511785646652, 2.213078080849548, 2.3727773528648854, 2.9740484029530765, 2.200075004969253, 2.3462830876248533, 2.465960901748862, 4.181041903203601, 2.231855873554253, 2.250972461633999, 2.8560200501967765, 2.3569029137136552, 2.2190337311400694, 2.1825238351041323, 2.3078463355765084, 2.172178410466446, 2.3523110439311385, 3.9914144908903815, 2.1572280865835687, 2.3919285623628084, 2.1845018647423258, 2.269960241165762, 2.398707358260421, 2.3454164463907063, 2.309101036305134, 2.2772217909905583, 3.582794171802292, 2.5842813437162433, 2.2660319856445623, 2.245428018430471, 2.3108687541116177, 2.2094101010511467, 2.4046244628480054, 2.2443118444878376, 2.0701284497271453, 2.269731020645704, 3.046101473444014, 2.8367480892253614, 3.0366488624786747, 2.3314166989928835, 2.93199391171918, 2.5665586227486124, 2.486177784819087, 2.3407602070123055, 2.206574651505039, 2.8424024705552826, 2.1918836531191817, 2.5310340370523483, 2.3935202689510944, 2.207682963002242, 2.3358480221238573, 2.8583843717563417, 2.2751327522964457, 4.2224295951067425, 2.548435364179281, 2.8469443953419744, 2.2774915555036754, 2.7995297596927893, 2.290513917999303, 2.321756533503701, 2.3038200552004473, 2.5844530008762776, 2.1784224635247273, 2.6040445259598126, 2.23425547346371, 2.211450318345195, 2.3899053329169964, 2.693647793499503, 2.2446177501888243, 2.7076354551960504, 2.3328147165920825, 2.352181581985984, 3.1333135139116903, 3.6102164576195346, 4.406444128826816, 2.3883866037001207, 2.385934906966989, 2.4213189463714424, 2.864638735300652, 2.260221972079658, 2.3674845260802457, 2.7649662432929123, 2.2925808330253816, 2.2070503474696612, 2.257424909832707, 2.3252723238652884, 2.4249922306116143, 2.2409242319558667, 2.952545263057936, 2.3508906390577975, 2.5159796750249246, 2.4500146947774826, 2.4534515938081145, 2.2118533322304232, 2.3454047581777457, 2.232821492993114, 2.4436019336511428, 2.1969720631855276, 2.2615831621410862, 2.333066996166279, 2.282225914560895, 2.488717612125721, 2.2806324480424682, 2.5396498876588476, 2.2580090229881247, 2.2358142340524143, 2.22108198500201, 2.2475659133041983, 2.3068844813034257, 2.3441052174654873, 2.208181774913254, 2.9981372544814713, 2.4534824555610024, 2.9376756782467304, 2.7042151934931056, 2.169077470942761, 2.4258667196696484, 2.642310656800487, 2.3674686769620203, 2.3202005208472696, 2.1700215279391184, 2.2334561837692366, 2.507798280264949, 3.127478621215537, 2.3608084408251093, 2.4723367189870977, 2.336423828129201, 2.364150849461498, 2.377625967603836, 2.2779997628633826, 2.8562446940921142, 2.8582656577593903, 2.311745109668885, 2.371531525926892, 2.356400819117861, 2.2377925361911744, 2.270971270938314, 4.017572463000229, 2.300454758601756, 2.614887863404598, 3.0673211995163276, 2.5578524452562883, 2.4589152702391672, 2.215079349767386, 4.001178691281122, 2.2389134173554583, 2.228846902725295, 2.3361441433546943, 4.01015678535288, 2.2081675220090338, 2.975201453161803, 2.4492947742462934, 2.2428379658334996, 2.3707514834287604, 2.8431151264465884, 2.1910167383179053, 2.217425446449732, 2.245785047968336, 2.5866482870544285, 2.1737394976715274, 2.209891258794758, 2.344732203133398, 2.467327345230408, 4.136560490665634, 2.366547581090376, 2.6038327160435126, 2.598719213016863, 2.2581583052464143, 3.567952006270814, 2.6209031725820635, 3.993635229592322, 2.186982938922971, 2.3693391280811364, 2.3747557881613, 2.8988479885345466, 2.249583682573876, 4.227582095849705, 3.570566677089402, 2.4723884640751836, 2.211562925069497, 2.3970358553046514, 2.266686937171591, 2.8535937514887264, 2.2987728155726783, 2.419379983121133, 2.3185369176015893, 2.1721537139278935, 2.3510897537643998, 3.8240939660569016, 2.278549576323374, 2.150264162919628, 3.0161543765955168, 4.028533673119533, 2.456636335285927, 2.6222106973124504, 2.209188970439561, 2.671460732051102, 2.109042307410122, 2.2839178680477064, 2.2479665995064866, 2.2017756977255254, 2.2709861228325634, 2.2649659307420804, 2.2036110141776457, 2.4473721361469436, 2.3637281226748232, 2.3902972581858, 2.5624044781051305, 2.3683971051394215, 2.623912509095383, 2.3650568795096256, 2.2357814490901995, 2.6236141212738446, 2.582253310492223, 2.2186765978906644, 2.1916473462570103, 2.322436822463411, 2.2830164395913037, 2.2908073598116108, 2.637313002005877, 2.3510715759271035, 2.323072488441669, 3.9464215279665913, 3.5805956741410965, 2.3561609059366195, 2.3782536555550684, 2.227052836937721, 2.21284169567044, 4.158473843236287, 2.3031464141390807, 2.3398879689231293, 2.238640541655787, 2.4870279575147003, 2.3293679611651372, 2.2841593377271336, 2.260422271478338, 2.2843878551273757, 2.211234923079728, 2.2713367661785107, 2.444083201642914, 2.1540590117314973, 3.0563372508684274, 2.2759470488857545, 2.223723054590895, 2.2952954753842496, 2.2880038492683483, 2.4053623266957835, 2.2462502749040225, 4.025903733015042, 2.188800785154552, 2.2568172084985267, 2.3099055175842302, 2.4118009965500504, 2.263683514756942, 2.2828196536342045, 2.2936344155723245, 2.286175483933825, 2.3600019926018136, 2.631746097829505, 2.2981500500178353, 2.6279565799205726, 2.2235718271132927, 2.2801451228427028, 2.224002103089507, 2.7125184968063305, 2.325006210569641, 2.2885426761597367, 2.2079795071159976, 2.225524962762731, 2.3200344911311777, 2.547396084610565, 2.2507916064848246, 2.2701827746291126, 2.583852887844323, 2.3361661539262424, 2.197801631545849, 2.16258861885881, 2.4376033093061666, 2.2320094319813686, 2.3758658496276226, 2.441078697478118, 2.204902307923335, 2.290321849215524, 2.186855805727319, 2.2302159387226568, 2.2401692222438863, 2.2891158036646373, 2.855504588130153, 3.986429836248953, 2.957882292010474, 2.2405989338611447, 2.532711468864953, 2.4776727409522508, 2.1992688745538196, 2.4712530022471473, 2.222235300311006, 4.1856322230551095, 2.1925483974347433, 2.2585112161011485, 2.1955982670441823, 2.2783757525271184, 2.5070676954732085, 2.3203807462690245, 2.382257084306048, 2.3033418730099786, 2.4262856368655044, 2.450943823844257, 2.2735910008626177, 2.3459381584972934, 2.1814185328637072, 2.251956391419495, 2.1734635661927437, 2.4338182485465505, 2.211135582314726, 2.511857400583068, 2.4105746218829913, 2.4949940993287143, 2.378154328839052, 2.333132214206642, 2.339099710186468, 2.4246197225668027, 2.4702145709440018, 2.6105128573775476, 2.271466590674602, 2.313019126525843, 4.29463702610564, 4.045639093872334, 2.24757199946782, 2.9367019987544074, 2.4759101064310474, 2.46235665284985, 2.4243870758352624, 2.185323470370079, 4.081896872725608, 3.991559119701176, 2.353624795504392, 2.160597116268338, 2.3800393399940276, 2.3130276122893427, 2.476924548872827, 2.672081530831303, 2.2209303148772754, 2.3478793405458993, 2.188663396322941, 2.5966722851745607, 2.309309694561181, 2.2372650686773006, 2.4067815077762167, 3.017124734890424, 2.3707690509608415, 2.2554085997403224, 2.237404048777296, 2.551174559828252, 2.2197819001310894, 2.199790932144474, 2.180109682262159, 2.506767399248338, 2.4521805042212814, 2.5247171925487675, 3.1170386119121694, 2.405735764746506, 2.463324002048185, 2.315786454543859, 2.3196946676316688, 2.276486473552132, 2.2736951672791914, 2.2306903605234103, 2.2716779421588247, 2.2888075536227372, 2.4290784861145864, 2.299628773669713, 2.2369567284484084, 2.369803516375537, 2.4622237024699034, 2.141347985069721, 3.3102907447085568, 2.179778299070378, 2.4523527031542103, 2.1647569964064153, 2.3346563744861974, 2.2599539623023723, 2.366001205306401, 2.4893220135293417, 2.4993727547192313, 2.5766179174701125, 2.1446053832323235, 2.4523558505049117, 2.609579064911608, 2.358188732167662, 2.4725470862262497, 2.278764941427526, 2.273598246165885, 4.085673476568656, 2.4131614938920114, 3.0440040999634053, 2.262049823574663, 2.5062562584091457, 2.6340315575650934, 2.5146932009466787, 4.391397424616532, 2.2040732371899896, 2.396374308810964, 2.3748532322868345, 2.4412189881548185, 2.314629062807195, 2.5561676513437814, 2.427217197178282, 2.6409479509088527, 2.2141931494173392, 2.2107943196990925, 2.8682793536031834, 2.215453748162737, 2.291232760480494, 3.517843405069859, 2.1940939321771324, 2.325916104728375, 2.254423317474022, 2.1925335201458904, 2.1970859969960306, 2.2072822979276854, 2.193464728574602, 2.311466824194471, 2.299531350311196, 2.3322463657406614, 2.1989114941984513, 2.23165470473184, 2.531243484227036, 2.234900937563937, 2.2717966361133106, 2.2718919341542794, 2.431439560382275, 2.2777549437765443, 2.1703521841012896, 2.4457214897682515, 2.258095388427824, 2.3114126536120647, 3.4851108221083122, 2.732648153183029, 3.59075395226162, 2.3870212478665036, 2.260574750991778, 2.1034319528496077, 2.2314542132163924, 2.234437707554856, 2.172661219652595, 2.3922651125624816, 2.2022608875169474, 2.200808892676501, 2.2659063670336455, 3.8759319561949805, 2.712470782699493, 2.228079720686071, 2.771885050197923, 2.2768220775052965, 2.3660363498946344, 2.248497421761206, 4.266162184402193, 2.2023603202507043, 2.2309094359526225, 4.136204986869862, 2.3068280390844853, 2.2922468231889273, 2.3462684026012455, 2.6545259277486113, 2.58180318205691, 2.1949712146442915, 2.3275238535877856, 2.252233813154972, 4.226758759395915, 2.334496868405253, 2.2079254025503703, 2.3775367276133323, 4.422656235610877, 2.188795639413516, 2.356814830405743, 2.4411549740040233, 2.310098191936945, 2.183621698700131, 2.3193065858666597, 2.5147418382818367, 3.4290541942653348, 2.217767054549433, 2.234368483927848, 3.366418663094349, 2.698567629628561, 2.281942244409389, 2.32380439928348, 2.240092456260912, 2.2033269731474685, 2.4541068453634387, 2.278385260005737, 3.269968088496591, 3.8734765874680104, 2.3723804811990363, 2.3424213387411683, 2.229998977583409, 2.2673569280914023, 2.9711542273275735, 2.242766960591247, 2.5787157538379315, 2.209172090890667, 2.185368753082436, 2.305719560725992, 2.400862511028274, 2.270682597579021, 2.290529907766341, 3.8795581671943893, 3.396770121721077, 2.6734414866909932, 2.5218843760473315, 2.226371212006703, 2.441164574675788, 2.466145979708577, 2.540240495484434, 2.270834995799928, 2.1892226471357277, 2.337461857146889, 2.2861332316059766, 2.4403371005442622, 2.815871819258708, 2.3420221570234685]"
1.5,7000,0.631485653040329,0.631485653040329,0.013058662414550781,0.30903306863060787,"[5, 3, 3, 3, 3, 4, 4, 3, 3, 3, 1, 3, 3, 2, 5, 3, 2, 3, 2, 2, 3, 3, 3, 2, 2, 4, 3, 1, 2, 3, 3, 5, 1, 2, 3, 3, 2, 3, 1, 4, 4, 3, 2, 3, 4, 3, 5, 2, 1, 2, 5, 3, 2, 3, 5, 2, 2, 3, 3, 3, 3, 3, 1, 2, 3, 3, 2, 4, 1, 2, 2, 3, 2, 3, 2, 3, 4, 2, 2, 2, 1, 3, 2, 1, 3, 3, 2, 3, 1, 4, 3, 3, 3, 3, 2, 1, 3, 3, 5, 3, 3, 4, 3, 3, 4, 1, 2, 3, 1, 3, 3, 1, 4, 4, 4, 3, 2, 2, 2, 3, 3, 2, 2, 1, 1, 2, 3, 2, 3, 1, 2, 2, 3, 2, 3, 2, 2, 4, 2, 2, 2, 2, 3, 3, 1, 3, 2, 2, 2, 2, 3, 2, 2, 2, 3, 3, 3, 3, 1, 3, 4, 1, 2, 4, 3, 3, 1, 2, 3, 2, 3, 2, 2, 1, 2, 2, 2, 3, 2, 2, 1, 3, 2, 2, 2, 3, 3, 4, 3, 2, 4, 2, 3, 3, 5, 3, 1, 3, 1, 2, 3, 3, 3, 4, 3, 4, 2, 3, 1, 3, 2, 3, 3, 3, 2, 3, 3, 3, 2, 3, 2, 3, 2, 2, 3, 4, 2, 3, 5, 2, 2, 1, 2, 4, 3, 4, 3, 2, 2, 4, 3, 4, 4, 2, 3, 2, 3, 4, 1, 3, 2, 2, 5, 2, 1, 4, 2, 2, 2, 2, 2, 3, 3, 4, 2, 2, 4, 2, 1, 4, 4, 3, 5, 2, 4, 1, 2, 2, 5, 3, 2, 2, 3, 4, 5, 3, 2, 4, 3, 2, 5, 2, 1, 4, 2, 3, 2, 2, 3, 2, 2, 2, 2, 4, 3, 3, 4, 2, 5, 2, 3, 1, 3, 3, 3, 1, 3, 1, 2, 3, 3, 2, 1, 4, 1, 3, 1, 4, 1, 2, 2, 2, 2, 2, 3, 3, 3, 4, 1, 3, 4, 2, 4, 3, 2, 3, 3, 2, 3, 2, 3, 2, 2, 3, 2, 2, 2, 2, 3, 2, 2, 2, 3, 2, 5, 2, 3, 3, 2, 2, 2, 3, 2, 3, 3, 2, 2, 2, 4, 3, 3, 3, 4, 2, 2, 4, 2, 2, 3, 1, 2, 2, 3, 2, 2, 3, 2, 3, 2, 3, 2, 4, 2, 1, 2, 3, 2, 1, 2, 4, 3, 3, 4, 2, 2, 5, 3, 2, 3, 5, 2, 2, 2, 3, 2, 2, 3, 2, 2, 5, 1, 3, 3, 2, 2, 2, 3, 3, 2, 3, 1, 3, 2, 4, 2, 3, 4, 3, 3, 3, 3, 3, 2, 1, 3, 2, 3, 3, 2, 4, 4, 3, 3, 2, 3, 3, 4, 3, 2, 2, 2, 2, 2, 2, 3, 2, 3, 2, 1, 3, 2, 3, 3, 3, 3, 2, 2, 2, 3, 3, 5, 3, 3, 5, 4, 3, 2, 3, 2, 3, 3, 1, 4, 2, 3, 3, 4, 4, 2, 3, 2, 2, 2, 3, 3, 2, 4, 3, 1, 1, 2, 2, 3, 4, 2, 2, 2, 2, 2, 3, 3, 4, 3, 1, 2, 4, 2, 3, 2, 3, 4, 2, 3, 2, 3, 3, 3, 2, 3, 2, 3, 2, 3, 3, 4, 2, 3, 3, 3, 5, 2, 2, 2, 3, 3, 2, 2, 2, 2, 4, 4, 2, 3, 4, 4, 2, 2, 2, 2, 2, 2, 2, 5, 3, 2, 1, 2, 2, 2, 1, 2, 2, 3, 3, 1, 2, 2, 2, 2, 1, 2, 2, 3, 2, 3, 2, 3, 2, 3, 2, 3, 3, 3, 3, 3, 3, 2, 3, 5, 4, 4, 2, 3, 1, 2, 3, 4, 3, 2, 3, 2, 4, 2, 3, 1, 2, 5, 2, 4, 2, 3, 2, 2, 2, 3, 2, 4, 1, 2, 2, 2, 3, 1, 3, 2, 1, 3, 3, 2, 3, 2, 1, 1, 2, 2, 2, 1, 2, 2, 3, 3, 2, 4, 2, 2, 2, 4, 3, 2, 1, 2, 3, 2, 2, 3, 3, 4, 2, 3, 4, 4, 2, 3, 2, 3, 3, 3, 1, 2, 3, 2, 2, 3, 1, 4, 3, 3, 3, 2, 2, 2, 3, 2, 4, 3, 3, 2, 3, 4, 2, 1, 3, 2, 2, 2, 2, 3, 2, 2, 2, 4, 2, 3, 2, 2, 2, 3, 3, 2, 4, 1, 3, 2, 3, 4, 2, 2, 2, 3, 3, 4, 2, 2, 2, 4, 3, 4, 1, 2, 2, 2, 3, 3, 2, 1, 2, 1, 3, 2, 5, 2, 4, 2, 2, 1, 2, 3, 3, 3, 4, 2, 3, 3, 3, 2, 3, 2, 3, 2, 2, 2, 3, 3, 2, 2, 1, 3, 1, 3, 2, 1, 3, 3, 2, 3, 2, 3, 3, 4, 2, 3, 3, 3, 3, 3, 4, 4, 3, 1, 4, 3, 2, 3, 2, 3, 2, 2, 5, 4, 2, 2, 2, 1, 2, 1, 2, 2, 4, 3, 4, 3, 3, 3, 3, 2, 2, 2, 2, 2, 2, 1, 1, 4, 2, 2, 2, 3, 3, 1, 2, 3, 3, 3, 2, 2, 2, 3, 3, 3, 2, 4, 3, 2, 3, 2, 3, 3, 3, 3, 2, 1, 2, 4, 2, 2, 1, 5, 3, 2, 2, 2, 2, 2, 4, 2, 1, 4, 1, 2, 3, 3, 2, 1, 2, 2, 4, 2, 3, 2, 1, 2, 3, 1, 1, 1, 4, 2, 4, 2, 3, 3, 1, 1, 2, 2, 3, 4, 2, 3, 3, 4, 2, 5, 3, 3, 2, 2, 2, 3, 3, 1, 3, 3, 2, 2, 4, 4, 2, 4, 3, 3, 3, 3, 5, 2, 3, 3, 2, 3, 3, 4, 3, 2, 1, 3, 3, 3, 2, 2, 2, 3, 4, 1, 3, 1, 3, 3, 1, 2, 2, 3, 2, 4, 2, 3, 2, 2, 2, 1, 2, 3, 2, 3, 2, 3, 1, 1, 2, 5, 1, 1, 3, 4, 2, 2, 3, 3, 3, 4, 3, 4, 2, 3, 3, 3, 3, 5, 2, 2, 2, 2, 3, 2, 4, 1, 2, 4, 4, 1, 2, 2, 3, 3, 3, 3, 3, 3, 3, 2, 3, 3, 2, 3, 1, 4, 2, 2, 4, 2, 1, 2, 3, 2, 3, 1, 4, 4, 3, 2, 2, 3, 4, 4, 4, 2, 3, 2, 4, 1, 2, 4, 4, 2, 2, 3, 4, 2, 2, 3, 2, 2, 3, 2, 2, 3, 4, 2, 2, 4, 3, 2, 1, 4, 3, 2, 3, 4, 1, 3, 3, 3, 4, 4, 3, 3, 2, 2, 4, 2, 3, 1, 2, 4, 2, 1, 2, 3, 1, 3, 4, 2, 2, 2, 1, 2, 4, 1, 4, 2, 2, 2, 3, 2, 3, 3, 2, 2, 3, 2, 3, 4, 2, 2, 3, 2, 3, 2, 1, 4, 4, 1, 3, 5, 2, 2, 2, 2, 3, 3, 3, 3, 2, 1, 1, 2, 2, 4, 4, 3, 2, 2, 3, 2, 3, 1, 4, 3, 2, 1, 3, 3, 2, 2, 3, 3, 2, 2, 4, 2, 2, 2, 2, 3, 1, 2, 3, 3, 2, 2, 2, 3, 3, 2, 2, 2, 4, 2, 3, 3, 3, 2, 1, 3, 5, 2, 2, 3, 3, 2, 4, 2, 3, 3, 4, 2, 2, 2, 2, 3, 2, 2, 2, 2, 3, 1, 2, 2, 2, 3, 2, 1, 3, 2, 2, 1, 3, 2, 2, 3, 2, 1, 2, 3, 2, 3, 2, 3, 2, 2, 2, 2, 1, 2, 2, 2, 4, 3, 3, 2, 3, 2, 3, 3, 2, 2, 2, 3, 3, 5, 2, 2, 3, 2, 2, 2, 2, 3, 2, 2, 3, 3, 2, 4, 3, 4, 2, 2, 1, 2, 2, 2, 3, 2, 2, 3, 1, 2, 3, 3, 2, 1, 3, 3, 1, 2, 4, 2, 3, 2, 3, 3, 3, 2, 2, 2, 3, 3, 2, 4, 2, 2, 2, 2, 3, 1, 5, 1, 2, 3, 3, 3, 1, 2, 3, 2, 3, 2, 3, 3, 1, 2, 4, 2, 3, 3, 5, 3, 3, 3, 3, 1, 3, 3, 2, 3, 4, 2, 3, 3, 1, 4, 3, 3, 3, 2, 1, 3, 2, 4, 2, 3, 3, 2, 1, 2, 5, 4, 3, 2, 2, 2, 1, 2, 3, 4, 2, 3, 3, 2, 2]","[3.6675951611028044, 2.714507965016901, 2.2737574070039153, 2.4211088968542795, 3.044085512527592, 3.894710004785356, 2.5332527345233826, 2.3131749581093644, 2.913599742802703, 2.593214173574119, 2.276635246907621, 2.347747298595572, 2.104742762441042, 2.6299623054683767, 4.207167611928432, 2.4757065285351336, 2.779293414389813, 2.319383053470561, 2.2224156193569913, 2.251277543720489, 2.4374447654961715, 2.015203464671974, 2.030817202246418, 2.5100399718919344, 2.2551983322777307, 2.217736766719152, 2.0546736727419757, 2.474351821285965, 2.966803742437304, 2.4070756590661877, 2.728224514256128, 3.3163981867271577, 1.96550272968799, 2.229730605538857, 2.5848480901901696, 2.341354285227457, 2.782189334901984, 2.5386818104369815, 3.3026830222413515, 3.241642938891692, 3.75475609505163, 2.660654874507377, 2.1348156677480703, 2.793033826013856, 3.0410622580306756, 3.091754350519624, 3.183593898596486, 2.19883711082155, 2.049561366461711, 2.1755354393585917, 4.2553403715135145, 2.1035393345934708, 2.050289646042036, 2.5399976232678645, 4.46149743217177, 2.2064452065369355, 2.3398747393642596, 2.279053238292348, 4.2248968881368025, 2.8475971261842767, 2.2906859366858954, 2.26393875188661, 2.225131128734195, 2.11897185478767, 2.1313899098334934, 2.129778462426631, 2.1226307454745217, 3.6089062463791635, 2.8369384003201628, 4.2803858982731375, 1.9602054834297673, 2.182336853755737, 2.142759742113952, 2.128409457370355, 2.080785698043363, 2.162771321417097, 3.1216494322711337, 2.2870399049976604, 2.0148362033274125, 2.55327259186329, 2.1265006635145083, 2.8139828837092598, 2.382563489438046, 1.9768078702766656, 2.2824520066247724, 2.22690611085375, 2.1968171176182945, 2.754301298825092, 2.7791173277456163, 2.0209814209568475, 2.80799699249667, 2.4998436188422684, 2.243010759057374, 2.3976530470964783, 2.4450204979355696, 2.2943566547984315, 2.5471531820351214, 3.2589054139837943, 2.9147208093680885, 2.840038488651456, 2.8946774172704486, 3.7379814360109394, 2.1478386902822413, 2.557953838470518, 4.511416622206117, 2.0402469868526567, 2.2616041969437584, 2.3074221156490324, 2.0478864098296397, 2.7472689182320336, 2.20315253473216, 2.1470991583617764, 2.802550144819465, 3.1783148904926755, 2.4789610907210022, 2.5006090456336882, 2.287585318635445, 2.368202846586864, 2.20484366444378, 2.2319410249366882, 2.2905143414223295, 2.181712530380496, 2.5353065855733017, 2.1666746731118454, 2.1283353291242992, 2.7736355853213923, 2.42712156497543, 2.1461378756488503, 2.36540488437011, 2.4810838272440345, 2.5130962886255617, 2.4172490595774137, 2.6573810609125514, 2.2667877983416473, 2.3143957329644893, 2.3522342196694797, 2.1875285960105604, 4.069901418497148, 2.213258247689158, 2.027854393210725, 2.317672983082028, 2.0452258493920823, 2.4539200169312156, 2.331700933769174, 2.0952286367736654, 2.331539249592898, 2.505581271088783, 1.995333280944435, 2.370612890104048, 2.6859774274524906, 2.342250650376321, 2.1510059865977547, 3.646854608405964, 2.2531739067145535, 2.0745675515907878, 3.3977188621967986, 2.7185705882374394, 2.4316703207739874, 2.413708394027062, 2.4422896831775764, 3.8955278329064678, 2.155197819539281, 2.3570541863198136, 4.603195882419533, 2.34633873896613, 2.6551885758712777, 2.241768662431896, 2.128134771532284, 2.0512008077029, 2.331331886521941, 2.396745631620605, 2.1481162871843327, 2.008007763045436, 2.176472631634035, 2.1683863829794783, 2.2916244892896156, 2.2766459112130693, 2.2074399719645195, 2.050650060841702, 2.0373365670054175, 2.2181997940782505, 2.491809065289079, 2.4648646642400105, 2.505400658425855, 2.017737138398349, 2.269191269972395, 2.2016607897543166, 2.4935387399543325, 2.110615305189014, 2.3335881969387304, 2.0571214997864335, 3.598139030751798, 2.192667802754632, 2.873203223196469, 4.499984594906259, 2.4622957689474787, 2.195567558296423, 2.442865159185238, 2.9639188486158052, 2.2660122944611274, 2.60552208846855, 2.5436759353104126, 2.674090748202379, 2.8848356169666123, 2.3363583413570144, 2.1962987025445844, 2.1525132079043483, 2.334784614398617, 2.3198112910652693, 2.458215831530921, 2.2964122201531674, 2.46277882178406, 2.6038790219115735, 3.9195921600795454, 2.4837261503355093, 3.033742290423394, 2.353086945211336, 2.4638993113500223, 2.777916289419692, 2.74586359391007, 2.00988911186154, 3.9679921261241655, 3.378866673154296, 2.2099138611629607, 2.465863782980345, 3.462444174681513, 2.2108137948670135, 1.9748990764208187, 3.415229784624405, 2.7540722924263292, 2.0771879060902547, 2.177909098916886, 2.1648584940025963, 2.7376591361159517, 2.5088046523548755, 3.8708736273579776, 2.8958082841074555, 2.1444282201965805, 2.3200147995060387, 3.3023159322083817, 2.4715386879308214, 3.0347858698428727, 2.8432822594964575, 2.948422880407544, 2.1596951183408275, 2.0539771957746082, 2.9786832772402088, 3.084916501824356, 2.4357740145138767, 2.375695130069505, 2.356447972194023, 2.8503385017200977, 4.426997084916954, 2.0245003501133096, 2.3903943505624823, 3.970240011434867, 2.4716824710284397, 2.199219809254754, 2.092413528764592, 2.1758869937193257, 2.2234109841939915, 2.727101596193039, 2.3774551019560306, 2.657208983415265, 2.62219765539261, 2.1003439492807905, 2.4925667547941925, 2.2049377179988694, 2.664296822231537, 3.805596934926518, 3.865950757309937, 2.2272489917009635, 4.291041883242784, 2.238809301880083, 4.837489336171446, 2.3560050260745915, 2.70673022401531, 2.2010141583622094, 3.575250709134116, 2.1352915267850285, 2.301432068102638, 2.351945833040915, 2.120774321187075, 2.753140152858624, 3.041174964361833, 2.3738214661081187, 2.326686850391096, 2.6893598394848572, 2.4867114813010636, 3.217280384511362, 2.8787715127497235, 2.0826292829522473, 2.3755359696126526, 2.4789712892044453, 2.1735490645541606, 2.4678363729547437, 2.163223125038032, 2.3228732753592722, 2.277149152484678, 2.8317024023087156, 2.962157870913617, 2.265062710564009, 2.1837228749646593, 3.722301538222662, 2.13068906337356, 2.8717118137877855, 3.1447129497916015, 2.696304503998414, 4.016941133766546, 2.1438309030861173, 2.0760617765583893, 2.096241474583871, 2.5756036023236786, 2.100625501283811, 2.6354655058213554, 2.130534672762474, 2.7204199592230727, 2.403842526802629, 2.438587030148698, 2.0778252790830316, 2.943954046824461, 2.118704074354656, 2.161638301881581, 2.3638612052494317, 3.4926321209556517, 2.7035165608266682, 2.1467112592822604, 2.21751663028587, 2.2627151987959895, 2.782586948929556, 2.0953041645881054, 2.0254889797657096, 2.6038231561818894, 2.132612949887582, 3.591878884335774, 2.3390090511223782, 2.35982519609496, 2.6423962330962714, 1.9885250003823405, 2.8236548182134174, 4.200850767222309, 2.3978852384216705, 3.549953416741289, 2.7946732940311754, 2.3476175593873276, 2.2594688981248066, 2.9861797982247564, 2.062270210926861, 2.185827820617277, 2.3176266951919247, 2.5440597268404215, 1.9665978829973696, 2.001429977024208, 2.232478003709936, 2.1385964083425812, 2.189897305197674, 2.2971675571577284, 2.2137688959458797, 2.316428505404927, 2.1735785627280473, 2.3211111954233727, 2.37935216197461, 2.913165787809314, 2.325699885983616, 4.579620818561295, 2.321692881659751, 2.4212779532679263, 2.309620629140964, 2.4889120121690866, 2.120914979468263, 2.1351053481440476, 2.6708289420976588, 2.120152894019075, 2.6491026246453484, 2.3679080402690182, 2.1267787824350535, 2.1183158072796866, 2.2916954516846695, 3.312858760930964, 2.190117022476045, 2.3823368471345647, 2.2530102789385835, 4.397625049171968, 2.028750506216796, 2.1638148369303347, 2.6241739714558645, 2.021788175718312, 2.3690107090310017, 2.481992841152541, 4.403229835325628, 2.2899280637688437, 2.1104716603010196, 2.2937568919013263, 2.0831314886437293, 2.26012061959898, 2.6951214463834154, 2.3232452516343702, 2.5311395876301153, 2.081689959062445, 2.3994895224476425, 2.3557668930751907, 3.2044803142893232, 2.1140900507489753, 2.267645568387729, 2.4518282791972403, 2.2241607265767076, 2.4853053486537457, 2.0815856258799856, 2.4460810799139567, 3.633582052262387, 2.218543043465544, 2.2327882629807068, 2.8094091557536647, 2.142704812794359, 2.0716434582738117, 3.4511018640533497, 2.4552917570156554, 3.589074583219123, 2.250144646123943, 4.725809829397737, 2.308913453391315, 2.6543779133616665, 2.900632120173404, 3.5299579343271255, 2.2646883829090303, 2.6792245157124577, 2.0214791394354417, 2.1580266598782525, 2.142066259454094, 3.295512369746153, 2.5475370308703553, 2.1351142282030335, 2.113108287261524, 2.133469872097292, 2.3908440451265403, 1.9982685664601707, 2.1174156254195893, 2.2349059067265795, 2.1259445237736854, 2.3556698226551096, 2.0877995051589116, 1.9702438362053898, 2.111868846387945, 2.742778166113371, 2.0903811046995546, 2.408520986787971, 3.4239577856962997, 2.408034727739609, 2.0214135232529182, 2.4799807156713154, 2.599749466637404, 2.2502201150782217, 2.5906034117710117, 2.4227786960250777, 3.0700684503383187, 2.0526686937166807, 2.435787915723555, 2.378780271791205, 2.1975389984106113, 2.015615046953412, 2.5414235415923105, 2.205394219867715, 3.0505019084681786, 2.0961452894144226, 2.6437532406167676, 2.2591979714608437, 2.210341448673964, 3.2272516756427034, 2.1814300812074925, 2.182732540553514, 2.413207163985778, 2.5412272069282285, 3.2483580678319557, 2.3439103549969853, 2.3820745396581415, 2.7241760163397997, 2.614561159617646, 2.6411929075676164, 2.6225601821865814, 3.009071564802448, 2.227454005762512, 2.2127102167212387, 2.444482584568988, 2.333981355798436, 2.483953032549706, 2.162322899719179, 2.1186251723179024, 2.9373059384401956, 2.3012633030300753, 2.3054778506794023, 3.729242229975619, 2.285474357865395, 2.8422448736302774, 2.864676226831487, 2.6655268538715995, 2.0648012268017752, 2.3677880655743424, 2.65465104903095, 2.3539085421952968, 2.4982547262871644, 2.205963025910965, 2.5011284453989764, 2.346047713310108, 2.016899905049525, 2.6669782136690396, 2.0110641232378175, 3.697430810274674, 2.5996635764967313, 2.4441359413393275, 2.2125386018376187, 2.263811649354837, 2.3642146837903244, 2.0250015605345393, 2.6185722813331, 1.9825892007838526, 2.259764856924758, 3.7440582865012964, 2.249203883425649, 2.029159043031267, 2.121110704409419, 2.4125938193619847, 2.0082824292634527, 2.2908854473035736, 2.2363023594863103, 2.1243549477278103, 2.206194226184553, 2.263153853084727, 2.3015365542783024, 2.3676595658446575, 2.315254371578579, 2.8023594482954395, 4.5322202568605805, 2.1610388923968658, 4.580765344518759, 2.1430206563820176, 2.215650369364666, 2.3317958293898577, 2.378876758395242, 2.357229452770211, 2.2013398671856, 3.6370368504586423, 3.339026624914995, 2.476635593698839, 2.3154542860315126, 2.2416339169492243, 2.373056857210417, 2.8675207337935067, 2.4838831681278997, 2.6301622890132315, 2.135869545587541, 4.297698992052428, 2.423006052035699, 2.727128619140442, 2.679311187461811, 3.9625679342946, 3.708742903894904, 2.273767142055349, 2.674725079754869, 2.5495295707885384, 2.7874900757665544, 2.250588795611221, 2.0225468477050788, 2.0468428312375933, 2.933422224717785, 2.4542497434491755, 2.157409163427853, 2.4369036892669214, 2.126232843841386, 2.240229746977028, 3.0966493871849106, 2.9174213142349426, 2.709193949802673, 2.088836296066224, 4.144743530519525, 3.323882556313472, 2.1523380618379857, 2.873399703748585, 3.0861312209570895, 2.265449347415517, 2.152296935627803, 2.0929697077455223, 2.7577005208800998, 4.083095730047999, 3.195588996336615, 1.9876220800714814, 2.9096260926920987, 2.0412709776215143, 1.9734434690716656, 2.5039919519099656, 2.0840244747651893, 2.5399863186985, 2.2568412100834494, 2.1884713529828375, 2.3350018819454146, 2.066812993511805, 1.969179580638281, 2.024170734955646, 2.2748108579877715, 2.530896006784955, 3.915053302396802, 2.024270294347408, 2.157451242730752, 2.5517625718541925, 2.3087835676093493, 2.164062018868502, 2.433996382728733, 2.095668090950461, 2.2808261041989493, 2.2628263154445354, 2.1109463228524907, 2.353773620566406, 2.3521127419759207, 2.2688479617249406, 2.2080171537384286, 2.0746335750088716, 2.0240368643591924, 2.1606804914912368, 2.205754870108026, 4.296390968009573, 2.3717167532519565, 2.9111940404052024, 2.700987579010471, 2.8927064981734936, 2.2049548441711346, 2.189409944826665, 2.577211515198398, 2.695831077992763, 2.0843183399096694, 2.3583259271677597, 2.6396393056203675, 2.1602066476295345, 2.8916740080297743, 2.557764032416994, 2.627421850344096, 2.2944175180915303, 2.268021905991813, 4.190316877418874, 2.4966011385981566, 2.902574642739052, 3.4987008340506818, 4.214314045435726, 2.270316405788944, 2.6634370611198106, 2.160959029566693, 2.2660568852931893, 2.0941026642022296, 3.350165966326726, 2.2804377069396806, 2.555941096384007, 2.4066816552480823, 2.0343085686428153, 3.3623156945591206, 2.141011410183073, 2.502712456748018, 2.0294816546836056, 2.5524316350475056, 2.5897076956360863, 2.7085431437046625, 3.0213851236894635, 2.4597912926460896, 2.2816376743840205, 4.090600089848963, 2.78107617470108, 2.194597332445702, 2.039248406328232, 2.0564666585837257, 2.0894434855684967, 2.358674878047636, 1.9862351539918728, 3.0774200739430198, 2.218405720166562, 2.410611714394915, 4.562954702481331, 2.301018136267164, 2.855823870236636, 2.494275148018454, 2.5472429891453916, 2.3086940259018993, 4.248118277614677, 2.1859019893846594, 2.186079815586249, 2.1639441921970937, 2.215625656689375, 2.0444190161504032, 3.5419154390661793, 2.436033768599134, 3.68728518725485, 2.486701709946951, 2.425449594950166, 2.622952971234077, 4.211140775361974, 2.1557077689456423, 4.0963375281915715, 2.236206311657238, 2.0515805046725184, 2.242694837534127, 2.3166379281991483, 1.978091862742199, 2.2573133457043513, 2.67022659584256, 2.173875979956544, 2.1873564394884326, 2.3167515804892753, 2.497654074194495, 3.4086247916677914, 2.149079678954136, 2.6507528927145465, 2.6648774683954244, 2.5765434833042997, 2.056579033515348, 2.8186732704998922, 2.311218658390211, 2.1534263882225235, 3.1493010788000433, 2.5496856823381844, 2.3447058982133533, 2.2558950004086444, 2.9971977134169947, 4.0950991286598075, 2.3779616193496835, 2.377492846243197, 2.3255592711611834, 2.2813859050136114, 2.2888488690219346, 1.9967541383139316, 2.1514763188967674, 2.4997791628425534, 2.308127355984859, 2.226454216288623, 2.4104882607662073, 2.4270789803367023, 3.0790036727486005, 2.1499005852004096, 2.1260613074379813, 2.027524856533276, 2.0650510077312423, 2.9376910953549946, 2.525761878203599, 2.023696949954105, 3.8707340709440636, 2.014437926520258, 2.4848193438477386, 2.487924598077601, 2.187334568127446, 3.8572362972847016, 2.226380355818666, 2.4189129666785254, 2.2726210757802683, 2.4152429426530757, 2.5443819692160874, 2.9160928857982147, 2.374120277405132, 2.2922933645305275, 2.093804056806456, 3.5585891694262775, 2.266098082282884, 3.2018946289502077, 3.847595419310972, 2.1004023313029117, 2.0317647449287435, 2.163128220435426, 3.0047175076800174, 2.5129748032312995, 2.590739279336542, 2.023841100177928, 2.1443300799932565, 2.4379647096173906, 2.159475459922618, 2.0608802590003386, 4.252008018918497, 2.1335586149864505, 4.439363165710587, 2.284278907073785, 2.4019752672617734, 2.1411839180180285, 2.070575651903906, 2.3412822204799606, 2.1026064094916768, 2.121598680135877, 3.8604236738628366, 2.2002058693870783, 2.573114333615536, 2.6332357573545773, 3.0971946255143425, 2.973909611175856, 2.5063754537031575, 2.003246097273296, 2.450648439933378, 2.091936867175864, 2.6056633312932855, 2.474869733961275, 2.3587437828161817, 2.3403296499760353, 2.093034975552646, 2.3036059471257766, 2.1445934273102703, 3.4301694094856887, 2.332363072211093, 1.9680809942464266, 2.323724602613964, 2.2781402141162594, 2.2606787183409023, 2.4133959639018245, 2.409814136395133, 2.387246253173432, 2.051038038401433, 2.3260823773267285, 2.108662410435529, 2.4375910669544076, 2.4610540344335083, 2.312722834229837, 2.53606704346274, 2.3687388120247412, 2.2046082009414745, 2.052438328815487, 2.3472682749888314, 2.6089169920487065, 2.717578606101865, 2.0720176838835904, 3.808053001724229, 2.6304279810615485, 2.624028120914756, 3.0532076310389593, 2.1042920333666246, 3.603259635125026, 2.0604344636144765, 2.1744025417620456, 4.236754794243987, 3.962279644443268, 2.1877022955677288, 2.337905923462565, 2.164553028142577, 2.4095680377026, 2.7000016427533247, 2.185793828399047, 2.1230135292703007, 2.5683148617586404, 3.9557144300245035, 3.8833917765712336, 2.8822687518575747, 2.3776558981775424, 2.908753810826523, 2.1625343756475446, 2.257213343318977, 2.9826639901465946, 1.9870865388255061, 2.364474558259616, 4.5159621018826295, 2.2248873994985563, 2.078952432001956, 2.0202055246975466, 2.4639695332618055, 2.145933290268762, 2.502243828663124, 2.2125947502001813, 2.2527571041667493, 3.3721208962635685, 3.541225628684287, 2.4192828159642836, 2.4878254077705453, 3.4121875794202556, 2.207972562906367, 2.770946948491707, 2.2544457351378053, 2.113146411463494, 2.5013242292002937, 2.8624638033085024, 3.209144079810671, 3.440683886702014, 2.404611622639502, 2.6175531484362953, 2.7641020238953264, 2.002867992105374, 2.7389717733150536, 2.4596719017646507, 3.0816188008749448, 2.4437701702141394, 2.4002645019169058, 2.12950257240237, 2.483565188890112, 2.411152859577831, 2.4080042883923567, 3.104700660946935, 2.4029306466713503, 2.408535977400946, 2.692118715870238, 4.351574433805673, 2.2753194399097794, 2.0687252204501263, 2.5698359622425704, 2.3121525620796324, 2.513868791042495, 2.125766023105063, 2.560147883362113, 2.3190982253454964, 2.265828268335779, 3.341007477934839, 2.170718863886913, 2.293520730618426, 2.3238701903650596, 2.4082125345948615, 2.2338724900415805, 2.1582832677325614, 2.335416948195069, 2.218740794220088, 3.765782328429238, 2.5700114264679637, 2.159868211273046, 2.3442214051738923, 2.459972652694134, 2.088887792303342, 2.336392735805195, 2.0927018880724004, 2.306445975718576, 2.1786471724088057, 3.406602897851244, 2.797285208587298, 3.3183098230988057, 2.2825767079402417, 2.969652285099553, 2.501557368584018, 2.7947541495292274, 2.322769413498685, 2.2625552785095295, 3.133859904531382, 2.0577016907246315, 2.6174529058783835, 2.2653298443758874, 2.195129455465982, 2.4134131293141974, 3.3994369627193177, 2.1886812020880466, 4.001328845596909, 2.506821327024608, 2.7181435333412063, 2.218045226886681, 2.9990083580457796, 2.3566368702103375, 2.2708872787310574, 2.3736392990577553, 2.3608266386235095, 2.2930067789189024, 2.56903960749251, 2.041648518593446, 2.0992454021290436, 2.4858434189807572, 2.597875756279834, 2.262800724423264, 2.668253245493928, 2.1536543195301427, 2.438543273407811, 3.26909939368254, 3.456598966911848, 4.441703486616412, 2.369539186337032, 2.4727364068588233, 2.211502156641994, 2.9322409185795295, 2.226437475612779, 2.3428597728996134, 3.134486820195634, 2.2368584992271328, 2.019117237553116, 2.25063649370784, 2.475304779405397, 2.7602553368080107, 2.2057754489828194, 2.6741522894445655, 2.431989518963905, 2.9029492413831575, 2.3356008931764913, 2.6497676994038644, 1.9857098923732674, 2.5416524199481527, 1.9765778537508711, 2.5489604206702876, 2.3293871342815993, 2.043220502371334, 2.4570853910929347, 2.2420802372909687, 2.6046277941348692, 2.255922334088091, 2.385546693341063, 2.0460854755757207, 2.2376241747192247, 2.0325611689033796, 2.1092218809399097, 2.157621070430481, 2.2819603425037185, 2.4440864393761927, 2.6701922533303644, 2.3532057401059565, 2.767905661337446, 2.6146803026139493, 2.0575026111812154, 2.379455528076822, 2.437571378830114, 2.241667304532424, 2.4495566608463117, 2.1778768212262847, 2.225653016130487, 2.766988325843265, 3.246209599557942, 2.2553065871958684, 2.2776786735762293, 2.3585455855859694, 2.419935618020379, 2.6186165235160455, 2.278416001821604, 2.7662803416384136, 3.031873033688768, 2.1029248520706347, 2.609258269445782, 2.6735779291330064, 2.0018144430212494, 2.300525072577726, 3.8888369439129558, 2.4868261516898347, 2.837765256719757, 2.843283341975578, 2.7647477419395177, 2.4360029339356717, 2.0598782257733856, 3.6753388544571544, 2.06529559067811, 2.0141907249620368, 2.1684294997301654, 3.7356081345864935, 2.1403703167116688, 2.9992276423822264, 2.560534626477468, 2.0274286713638277, 2.2474222307970564, 3.054643943845022, 2.1688821059028704, 2.1101253185059483, 2.230452445809847, 2.6571452275889467, 2.196751908671332, 2.1491212439392835, 2.2892735444391215, 2.6046294917884425, 3.626044485433175, 2.14997860198653, 2.9519644384036146, 2.4336646510872066, 2.3121504851067867, 3.6721219761257142, 2.4087109049830064, 3.6370428194536077, 2.032822142031606, 2.4100658150413548, 2.2641301311739026, 3.0350825908338153, 2.1000113986757785, 4.5447451830695345, 3.627605176058239, 2.3357321178408346, 2.157607823816358, 2.261658272552123, 2.2209839651049452, 2.8611620902564625, 2.210502705449999, 2.468583771869734, 2.1374672500263734, 2.1887013302685245, 2.259628121386751, 4.131606264996824, 2.167690838203554, 2.1353649805640513, 3.680782592813901, 3.6049810920033774, 2.6081449878624303, 2.6034734050921404, 2.0877651743341663, 2.8359537689760597, 2.445638305611735, 2.2506698096422797, 2.241527569872728, 2.107920821162272, 2.185018973481561, 2.327828397117834, 2.1172382069981865, 2.5318914437421434, 2.4582535559243173, 2.5499745628860375, 2.5383209905208406, 2.520293286956941, 2.6157338546355025, 2.4050811481680965, 2.2952484836745115, 2.952006937679768, 2.9175293560184943, 2.020349694541424, 2.3023550428770343, 2.345328237679026, 2.2460935107037114, 2.2850741827849634, 2.890709147233229, 2.3193293747333423, 2.348555335205098, 3.6285151210670534, 3.8087910932636255, 2.400954433773967, 2.470012385418087, 2.0050827571570697, 2.164099782775722, 3.9472863631498996, 2.362977753920768, 2.452805293277322, 2.0061195284443283, 2.7698969001002394, 2.4383064299571746, 2.5555394480182505, 2.304761515971368, 2.2530558019620885, 2.0403611519055986, 2.244589840199915, 2.211488385071988, 2.4193658666074094, 3.114301943261098, 2.398266467536774, 2.1037598859630164, 2.234235034841212, 2.061769407741192, 2.2865403839337697, 2.0447520055303805, 3.573318776107657, 2.1765148238939815, 2.1708781263889647, 2.469552062690712, 2.7272730674494547, 2.2824096720097518, 2.2450944837036193, 2.242207241722473, 2.204340342028245, 2.4387654003815973, 2.482639878640051, 2.5109848644235018, 2.6131895065101745, 2.5021293412743195, 2.2315166425167945, 2.181849775199263, 2.917886217896278, 2.416163047996361, 2.2741486606856913, 2.254425675586372, 2.54682294971565, 2.3909230256435086, 2.576662691721309, 2.3136600853654414, 2.2965220984124066, 2.735460310226678, 2.111322132563264, 2.2410920808903665, 2.082351281752024, 2.51571213367928, 2.5797427775640593, 2.385409397089121, 2.672742030950722, 2.181584491438632, 2.1690929698983856, 2.0321767225263914, 1.9633501869764503, 2.259733225855293, 2.4073297856495186, 3.00837604734728, 3.2968192977547757, 3.329956750861846, 2.0160617352906103, 2.50004793854582, 2.5848276204657474, 2.0951943844291345, 2.458236426814623, 1.9806254776084131, 4.374878197642882, 2.061076410797109, 2.2950596248983044, 2.1921412396679107, 2.280324795677451, 2.5244137632569705, 2.45352080371397, 2.436738388816238, 2.4795515416665164, 2.238844032239686, 2.2825893691638615, 2.1982432071735074, 2.333732460119602, 2.177945463255722, 2.0737203554505887, 2.0797695841111126, 2.3327483500155437, 2.173749173844662, 2.729804589941417, 2.6632563589265654, 2.463119508756449, 2.541768371731198, 2.211563469074472, 2.2417964712484437, 2.94456715951384, 2.447979964288354, 2.851351353334957, 2.663330904662234, 2.2244025352553036, 4.024768188825087, 3.8001603451152506, 2.1092527786821806, 2.8426849916777908, 2.3877546558512446, 2.6371854325146042, 2.5308465480068585, 2.139978984549678, 4.082326472990232, 3.322859228324197, 2.293383093420878, 2.1878224807750946, 2.2373549596963667, 2.167226506438911, 2.5954987506892304, 3.0743016780445362, 2.3573666254687895, 2.416702002704757, 2.0413533519808498, 2.726916738369318, 2.5098484945043738, 1.9991366386911045, 2.499258775778626, 3.215570484938817, 2.4172628338111313, 2.163727015594488, 2.057632950594926, 2.3074628438792932, 1.9681702543907647, 2.0978447240994833, 2.229091545581543, 2.53478430639376, 2.252596114622187, 2.3103092372461442, 2.6743320258387824, 2.6749139030068068, 2.5843056435391376, 2.3765985965307594, 2.331407088244747, 2.0610896770312856, 2.314353528785192, 2.211611708809599, 2.304112643763625, 2.2386501955201177, 2.6696110793539907, 2.2510573995865037, 2.113152779993317, 2.2027173058251943, 2.4917071741374897, 2.3937438160697373, 3.7160847802569865, 2.1118277082584114, 2.6441889403827292, 2.151150274161954, 2.624599073115493, 2.244593292902443, 2.335267072369051, 2.4851272454518, 2.355014896089827, 2.415112404375116, 2.1066369464170607, 2.77086943332746, 2.6186561220731073, 2.548762314132881, 2.353292503577911, 2.282238300518903, 2.4513746640090868, 3.714449909955498, 2.3450170533728887, 3.0195140589022547, 2.105507744097471, 2.8316545093745287, 2.8817042975573055, 2.6139296337317695, 4.582009102856198, 2.1773755323248403, 2.3370381113070278, 2.32603640600171, 2.429094677219706, 2.4401544235987322, 2.665801535268211, 2.489426317825627, 2.596975826382458, 2.1131699846457974, 2.0953434410207574, 2.8237560964004786, 2.138452179638543, 2.2878054627694304, 3.2435998155222365, 2.011131907337379, 2.4785730739211638, 2.1587250144290766, 2.061000882982669, 2.2721747952232576, 2.0202947848418846, 2.1813098644607223, 2.101574372755008, 2.7096804338958833, 2.395128532054772, 2.1511708137966403, 2.332088911328905, 2.654850041414521, 2.217725965073328, 2.4349867373045586, 2.131826774000911, 2.3207347165339813, 2.3921829817684457, 2.063973971645732, 2.6105241336373433, 2.1237688074147005, 2.3145016757428536, 3.3883111143492726, 2.547255284221734, 3.1702403727165893, 2.174545391798973, 2.2477448626140752, 2.3782478526665662, 2.4613425899418533, 1.984782920865033, 2.1334870452103676, 2.5630762933978035, 2.0525932443824555, 2.14134924285204, 2.0651681986310986, 3.4294039004592065, 2.671790971104567, 2.0680867063499684, 2.648132933531289, 2.214646475236882, 2.5083083960383052, 2.0561601385932926, 4.205798689571018, 2.1686795344168184, 2.024661626509398, 3.9534359651286795, 2.5228023349673516, 2.6112873585286143, 2.2587357781929196, 2.616025881921803, 2.7675836189376115, 2.168932100737857, 2.4289444140490914, 2.053547234074818, 4.410293817590126, 2.290972203619452, 2.023559646275177, 2.611127579005165, 4.451747556424278, 2.2153969599705308, 2.404274224526852, 2.2927499644996416, 2.586332242781041, 2.073548819047184, 2.2210970669860943, 2.240213037295962, 3.428540184246552, 2.0157321986131613, 2.5339282723212064, 3.848446598710723, 2.5286655037351675, 2.2984308726481997, 2.3906076600709225, 2.2015527575391296, 2.2308060681615043, 2.5375127294110933, 2.2262031428729623, 3.1695567805136586, 3.247758906232376, 2.2521336631047126, 2.5034314787473555, 2.096712723672921, 2.188113787449602, 3.4156454856594776, 2.0270681977040006, 2.8061418309818578, 2.275741748294256, 2.0246273741648677, 2.679684660668969, 2.1292320969773493, 2.2632004885541797, 2.303057468674687, 4.142539530810975, 3.677369443874233, 2.755678819980671, 2.295356183652298, 2.1172038369333337, 2.442586649711757, 2.786694297727366, 2.443699065989152, 2.2420424930038028, 2.044192511187298, 2.3638153671843956, 2.2619165878288885, 2.592303913301887, 2.6591608916095106, 2.217724652967081]"
1.75,7000,0.6256179240069053,0.6256179240069053,0.013702392578125,0.31080556543621995,"[5, 3, 3, 3, 3, 4, 4, 3, 3, 3, 1, 3, 3, 2, 5, 3, 2, 3, 2, 2, 3, 3, 3, 2, 2, 4, 3, 1, 2, 3, 3, 5, 1, 2, 3, 3, 2, 3, 1, 4, 4, 3, 2, 3, 4, 3, 5, 2, 1, 2, 5, 3, 2, 3, 5, 2, 2, 3, 3, 3, 3, 3, 1, 2, 3, 3, 2, 4, 1, 2, 2, 3, 2, 3, 2, 3, 4, 2, 2, 2, 1, 3, 2, 1, 3, 3, 2, 3, 1, 4, 3, 3, 3, 3, 2, 1, 3, 3, 5, 3, 3, 4, 3, 3, 4, 1, 2, 3, 1, 3, 3, 1, 4, 4, 4, 3, 2, 2, 2, 3, 3, 2, 2, 1, 1, 2, 3, 2, 3, 1, 2, 2, 3, 2, 3, 2, 2, 4, 2, 2, 2, 2, 3, 3, 1, 3, 2, 2, 2, 2, 3, 2, 2, 2, 3, 3, 3, 3, 1, 3, 4, 1, 2, 4, 3, 3, 1, 2, 3, 2, 3, 2, 2, 1, 2, 2, 2, 3, 2, 2, 1, 3, 2, 2, 2, 3, 3, 4, 3, 2, 4, 2, 3, 3, 5, 3, 1, 3, 1, 2, 3, 3, 3, 4, 3, 4, 2, 3, 1, 3, 2, 3, 3, 3, 2, 3, 3, 3, 2, 3, 2, 3, 2, 2, 3, 4, 2, 3, 5, 2, 2, 1, 2, 4, 3, 4, 3, 2, 2, 4, 3, 4, 4, 2, 3, 2, 3, 4, 1, 3, 2, 2, 5, 2, 1, 4, 2, 2, 2, 2, 2, 3, 3, 4, 2, 2, 4, 2, 1, 4, 4, 3, 5, 2, 4, 1, 2, 2, 5, 3, 2, 2, 3, 4, 5, 3, 2, 4, 3, 2, 5, 2, 1, 4, 2, 3, 2, 2, 3, 2, 2, 2, 2, 4, 3, 3, 4, 2, 5, 2, 3, 1, 3, 3, 3, 1, 3, 1, 2, 3, 3, 2, 1, 4, 1, 3, 1, 4, 1, 2, 2, 2, 2, 2, 3, 3, 3, 4, 1, 3, 4, 2, 4, 3, 2, 3, 3, 2, 3, 2, 3, 2, 2, 3, 2, 2, 2, 2, 3, 2, 2, 2, 3, 2, 5, 2, 3, 3, 2, 2, 2, 3, 2, 3, 3, 2, 2, 2, 4, 3, 3, 3, 4, 2, 2, 4, 2, 2, 3, 1, 2, 2, 3, 2, 2, 3, 2, 3, 2, 3, 2, 4, 2, 1, 2, 3, 2, 1, 2, 4, 3, 3, 4, 2, 2, 5, 3, 2, 3, 5, 2, 2, 2, 3, 2, 2, 3, 2, 2, 5, 1, 3, 3, 2, 2, 2, 3, 3, 2, 3, 1, 3, 2, 4, 2, 3, 4, 3, 3, 3, 3, 3, 2, 1, 3, 2, 3, 3, 2, 4, 4, 3, 3, 2, 3, 3, 4, 3, 2, 2, 2, 2, 2, 2, 3, 2, 3, 2, 1, 3, 2, 3, 3, 3, 3, 2, 2, 2, 3, 3, 5, 3, 3, 5, 4, 3, 2, 3, 2, 3, 3, 1, 4, 2, 3, 3, 4, 4, 2, 3, 2, 2, 2, 3, 3, 2, 4, 3, 1, 1, 2, 2, 3, 4, 2, 2, 2, 2, 2, 3, 3, 4, 3, 1, 2, 4, 2, 3, 2, 3, 4, 2, 3, 2, 3, 3, 3, 2, 3, 2, 3, 2, 3, 3, 4, 2, 3, 3, 3, 5, 2, 2, 2, 3, 3, 2, 2, 2, 2, 4, 4, 2, 3, 4, 4, 2, 2, 2, 2, 2, 2, 2, 5, 3, 2, 1, 2, 2, 2, 1, 2, 2, 3, 3, 1, 2, 2, 2, 2, 1, 2, 2, 3, 2, 3, 2, 3, 2, 3, 2, 3, 3, 3, 3, 3, 3, 2, 3, 5, 4, 4, 2, 3, 1, 2, 3, 4, 3, 2, 3, 2, 4, 2, 3, 1, 2, 5, 2, 4, 2, 3, 2, 2, 2, 3, 2, 4, 1, 2, 2, 2, 3, 1, 3, 2, 1, 3, 3, 2, 3, 2, 1, 1, 2, 2, 2, 1, 2, 2, 3, 3, 2, 4, 2, 2, 2, 4, 3, 2, 1, 2, 3, 2, 2, 3, 3, 4, 2, 3, 4, 4, 2, 3, 2, 3, 3, 3, 1, 2, 3, 2, 2, 3, 1, 4, 3, 3, 3, 2, 2, 2, 3, 2, 4, 3, 3, 2, 3, 4, 2, 1, 3, 2, 2, 2, 2, 3, 2, 2, 2, 4, 2, 3, 2, 2, 2, 3, 3, 2, 4, 1, 3, 2, 3, 4, 2, 2, 2, 3, 3, 4, 2, 2, 2, 4, 3, 4, 1, 2, 2, 2, 3, 3, 2, 1, 2, 1, 3, 2, 5, 2, 4, 2, 2, 1, 2, 3, 3, 3, 4, 2, 3, 3, 3, 2, 3, 2, 3, 2, 2, 2, 3, 3, 2, 2, 1, 3, 1, 3, 2, 1, 3, 3, 2, 3, 2, 3, 3, 4, 2, 3, 3, 3, 3, 3, 4, 4, 3, 1, 4, 3, 2, 3, 2, 3, 2, 2, 5, 4, 2, 2, 2, 1, 2, 1, 2, 2, 4, 3, 4, 3, 3, 3, 3, 2, 2, 2, 2, 2, 2, 1, 1, 4, 2, 2, 2, 3, 3, 1, 2, 3, 3, 3, 2, 2, 2, 3, 3, 3, 2, 4, 3, 2, 3, 2, 3, 3, 3, 3, 2, 1, 2, 4, 2, 2, 1, 5, 3, 2, 2, 2, 2, 2, 4, 2, 1, 4, 1, 2, 3, 3, 2, 1, 2, 2, 4, 2, 3, 2, 1, 2, 3, 1, 1, 1, 4, 2, 4, 2, 3, 3, 1, 1, 2, 2, 3, 4, 2, 3, 3, 4, 2, 5, 3, 3, 2, 2, 2, 3, 3, 1, 3, 3, 2, 2, 4, 4, 2, 4, 3, 3, 3, 3, 5, 2, 3, 3, 2, 3, 3, 4, 3, 2, 1, 3, 3, 3, 2, 2, 2, 3, 4, 1, 3, 1, 3, 3, 1, 2, 2, 3, 2, 4, 2, 3, 2, 2, 2, 1, 2, 3, 2, 3, 2, 3, 1, 1, 2, 5, 1, 1, 3, 4, 2, 2, 3, 3, 3, 4, 3, 4, 2, 3, 3, 3, 3, 5, 2, 2, 2, 2, 3, 2, 4, 1, 2, 4, 4, 1, 2, 2, 3, 3, 3, 3, 3, 3, 3, 2, 3, 3, 2, 3, 1, 4, 2, 2, 4, 2, 1, 2, 3, 2, 3, 1, 4, 4, 3, 2, 2, 3, 4, 4, 4, 2, 3, 2, 4, 1, 2, 4, 4, 2, 2, 3, 4, 2, 2, 3, 2, 2, 3, 2, 2, 3, 4, 2, 2, 4, 3, 2, 1, 4, 3, 2, 3, 4, 1, 3, 3, 3, 4, 4, 3, 3, 2, 2, 4, 2, 3, 1, 2, 4, 2, 1, 2, 3, 1, 3, 4, 2, 2, 2, 1, 2, 4, 1, 4, 2, 2, 2, 3, 2, 3, 3, 2, 2, 3, 2, 3, 4, 2, 2, 3, 2, 3, 2, 1, 4, 4, 1, 3, 5, 2, 2, 2, 2, 3, 3, 3, 3, 2, 1, 1, 2, 2, 4, 4, 3, 2, 2, 3, 2, 3, 1, 4, 3, 2, 1, 3, 3, 2, 2, 3, 3, 2, 2, 4, 2, 2, 2, 2, 3, 1, 2, 3, 3, 2, 2, 2, 3, 3, 2, 2, 2, 4, 2, 3, 3, 3, 2, 1, 3, 5, 2, 2, 3, 3, 2, 4, 2, 3, 3, 4, 2, 2, 2, 2, 3, 2, 2, 2, 2, 3, 1, 2, 2, 2, 3, 2, 1, 3, 2, 2, 1, 3, 2, 2, 3, 2, 1, 2, 3, 2, 3, 2, 3, 2, 2, 2, 2, 1, 2, 2, 2, 4, 3, 3, 2, 3, 2, 3, 3, 2, 2, 2, 3, 3, 5, 2, 2, 3, 2, 2, 2, 2, 3, 2, 2, 3, 3, 2, 4, 3, 4, 2, 2, 1, 2, 2, 2, 3, 2, 2, 3, 1, 2, 3, 3, 2, 1, 3, 3, 1, 2, 4, 2, 3, 2, 3, 3, 3, 2, 2, 2, 3, 3, 2, 4, 2, 2, 2, 2, 3, 1, 5, 1, 2, 3, 3, 3, 1, 2, 3, 2, 3, 2, 3, 3, 1, 2, 4, 2, 3, 3, 5, 3, 3, 3, 3, 1, 3, 3, 2, 3, 4, 2, 3, 3, 1, 4, 3, 3, 3, 2, 1, 3, 2, 4, 2, 3, 3, 2, 1, 2, 5, 4, 3, 2, 2, 2, 1, 2, 3, 4, 2, 3, 3, 2, 2]","[3.394238038690478, 2.6722996338534033, 2.3458529288389953, 2.5908780822252604, 3.1203615247583283, 3.613099227583294, 2.590070638761003, 2.355241557776684, 3.0050941853934727, 2.742412240925377, 2.3273556803724227, 2.4769280328269905, 2.151541904912199, 2.556521595845088, 4.0637604211626694, 2.558298902411632, 2.786381441523871, 2.393280551063408, 2.2669196697356715, 2.302095785044758, 2.4871275615800448, 1.9989813327430763, 2.050729540438358, 2.5633925845574774, 2.2179785024945007, 2.242035219417227, 2.0716254929619358, 2.4738858671830823, 2.7097124941675887, 2.4255755723715797, 2.802278127335796, 3.04175659452212, 1.938407451295515, 2.198185733281761, 2.4688190216872177, 2.289572817721398, 2.72356746539745, 2.53820565053187, 3.025040931305776, 3.0506744409449684, 3.600386287414873, 2.68922367933851, 2.218378264494954, 2.6792088472314908, 3.116332411153069, 3.119432330256623, 3.0158557849507224, 2.1972845654144577, 2.0306599627808355, 2.259826742104559, 4.202311115068374, 2.0862509871318373, 2.0744620164741785, 2.487549711399172, 4.18620198206267, 2.1912781570875977, 2.3084055011068076, 2.3108764154942456, 4.030645076485629, 2.6638919842644775, 2.3664849526987677, 2.317526915443225, 2.2456902953997733, 2.1418106852072976, 2.203200705398699, 2.1509491266555507, 2.125878378837331, 3.457760784980768, 2.89753582646981, 4.139171817752003, 1.9319513140382387, 2.265293431839385, 2.1953416665595094, 2.1778519363356503, 2.1034501073357807, 2.1773348847202536, 3.216795708447151, 2.3211429999755744, 2.031252340870879, 2.4803790168642306, 2.175525551167118, 2.920549634811495, 2.412060125901659, 1.9521858440292872, 2.2277063263904044, 2.280572210623195, 2.285764263075301, 2.781885327527408, 2.6391863489395333, 2.0387419621868377, 2.8322228598823833, 2.5100672812919105, 2.2666604343246446, 2.4355635776711826, 2.2911867800560928, 2.3576959539840465, 2.515164298517321, 3.0578884420992116, 2.8698933547597583, 2.95106906365456, 2.9387732769802217, 3.735952595749085, 2.1433087547210645, 2.557402209315098, 4.370702336102684, 1.992752715849266, 2.2901426623610837, 2.3459842746978357, 2.0388144025352144, 2.8444972636499006, 2.2189033927937576, 2.2006304270865327, 2.883374626677907, 3.313578655335741, 2.5622654728068994, 2.508277679059468, 2.28707294238034, 2.3700188094285664, 2.2955467963919, 2.1497856306158303, 2.3908147792107135, 2.269889491742353, 2.5328969033415203, 2.2572071392503155, 2.111358943434274, 2.676500162584258, 2.507264546346797, 2.191279188273202, 2.3666087304495123, 2.2881929687833447, 2.6284074701626303, 2.4257922261965064, 2.6139360853198697, 2.3441990511009476, 2.3276399838699384, 2.433318644008888, 2.2080410223459728, 3.757636596437649, 2.3467005278904374, 2.022579588640675, 2.3270837472204224, 2.068290401143989, 2.5208439672563254, 2.4001135889261267, 2.1046934536270943, 2.3561810259473868, 2.6192483745980306, 1.980121070245338, 2.381135757848229, 2.5652291186869656, 2.3686735273336197, 2.197212307282157, 3.476260944160743, 2.197106102254215, 2.0509409791511803, 3.350442255712848, 2.7496139191361064, 2.480089828030635, 2.441839020354723, 2.43830911701541, 3.936604649791379, 2.2186805054059406, 2.3809996943967437, 4.408260950184776, 2.406418745094629, 2.5790870226173066, 2.177589935532991, 2.1611578487825422, 2.0507451488927337, 2.293443249825534, 2.4620635447205417, 2.188045049432331, 2.00657071862941, 2.24460965808471, 2.130549983865043, 2.2685075711150637, 2.23389278630148, 2.2685267700173366, 2.0503623179914943, 2.034136199855579, 2.2617815384641644, 2.503341927461878, 2.5260033467244165, 2.5280866393597963, 2.0266082662924383, 2.283030269117219, 2.2732921121294343, 2.6050600804339843, 2.105070815005981, 2.3165848397303592, 2.0909681449245423, 3.3596301670516873, 2.165226621265319, 2.723268144859973, 4.414026875527048, 2.3122414026605087, 2.2173060313299486, 2.554491062853374, 3.0254525427484236, 2.30369478374493, 2.527411546303032, 2.483823480638403, 2.5704626263300794, 2.8062086633479524, 2.367699773841665, 2.2769527790942377, 2.239947537055718, 2.3987887791847933, 2.365908171119318, 2.560455374734184, 2.332565718518908, 2.427062399313992, 2.450826720748702, 3.736429709373456, 2.543534033624983, 3.1116730913737953, 2.3352366587755196, 2.4866364638368346, 2.967045466766694, 2.782877879729331, 2.0170433085671413, 3.8317071639431974, 3.16696938251628, 2.258811765269872, 2.505404566182681, 3.4511145538461694, 2.3028230262625433, 1.9498594588607547, 3.1703894671205632, 2.842075092050233, 2.1317838340902218, 2.196317045291606, 2.2222750142750547, 2.598695482397351, 2.5216215999105454, 3.6169726446538464, 2.807025384875378, 2.197375161508982, 2.418589467736211, 3.261888456126358, 2.520500637435571, 2.7429830998137, 2.884284332177093, 2.8628326043019814, 2.2078023807741634, 2.051594651987912, 2.9512960496657215, 3.274329583397891, 2.490204012643138, 2.441520491689452, 2.3556922935705535, 2.8808166330906815, 4.2514548304187665, 2.0512103897601626, 2.4216041628970233, 3.783944276967366, 2.3944758557570434, 2.2457781505217094, 2.109442131855199, 2.185672905368426, 2.2326916935359638, 2.868551155933143, 2.422193472547827, 2.74074192965099, 2.7113338596543217, 2.1191075090841736, 2.323630465819874, 2.2128994707696825, 2.657935727871033, 3.740626105080088, 3.621874924033645, 2.196356327419024, 4.1243085796616334, 2.2572777601729923, 4.536467075847568, 2.3224338269899207, 2.673434071315765, 2.2386904859271612, 3.3480938216334133, 2.1147538503657906, 2.413495773070647, 2.379050379600167, 2.1849057515357035, 2.7381472615240043, 3.115159904640606, 2.3681543175549193, 2.3505554601249763, 2.7382071737565723, 2.456604919298737, 3.2555840758532653, 2.719152484925649, 2.1138766716676596, 2.403495179067152, 2.4959048567304807, 2.1828235019515723, 2.6205667926497314, 2.1651554179867, 2.537553870655243, 2.2672543406851644, 2.867563392621415, 2.878153803997533, 2.227955155679887, 2.2268909155383363, 3.656373498724498, 2.196989565144915, 2.968126164358887, 3.1894339773950824, 2.662181410921425, 3.940442785042248, 2.213006475981502, 2.0976927224582615, 2.1386464884414975, 2.5227360383134956, 2.135809964929255, 2.583482063826744, 2.2376996682609764, 2.8488727655250514, 2.441090967826234, 2.3945111747681005, 2.0611896382152595, 2.787946129934551, 2.1414843218203456, 2.234709641213836, 2.3322916120570927, 3.2892642563450254, 2.7476257948591836, 2.2165169744642332, 2.2691285713499285, 2.2909640647441627, 2.900057059095931, 2.104785504838799, 2.0115170341188375, 2.4645836592791435, 2.116572389333539, 3.7728033395070266, 2.3058965053513214, 2.369471535300593, 2.636889267551844, 1.974646012218539, 2.876937213767647, 4.048140773891609, 2.3898355797542603, 3.629598614707839, 2.7033118684935094, 2.347493914276347, 2.3202588353058036, 3.1976423744723603, 2.019594012353107, 2.2723708117722934, 2.3165576486915214, 2.513913311637445, 1.9397421938652304, 1.9985538949191437, 2.287363079559397, 2.2009814464228485, 2.1618500154541573, 2.3580252644472277, 2.232116173819481, 2.3403133012898123, 2.2492621009551232, 2.2880858451195234, 2.374894976739282, 2.9119693590311213, 2.3846200238045125, 4.4587960856106585, 2.34227912184364, 2.440868759259283, 2.257722152628294, 2.5801389556282186, 2.144178911835696, 2.1114304013826968, 2.8070230460035632, 2.167789065237952, 2.703226622065607, 2.350477513534971, 2.1922238228662128, 2.1553542441393123, 2.2706398364148086, 3.289310402555495, 2.162117800797298, 2.387244938455271, 2.202019393405412, 4.352579999527343, 2.056390362491535, 2.221003033895138, 2.4840297022150013, 2.03154555855659, 2.4061122588548804, 2.3025636182441493, 4.214308309816657, 2.3108379818840525, 2.180528807367101, 2.260104144371064, 2.1170230279896547, 2.2372404186136046, 2.6895701511527044, 2.389808037361207, 2.4861225394371846, 2.0217902401663936, 2.4188640807492185, 2.4000666899574012, 3.269793982043373, 2.152220185488579, 2.2443954415574305, 2.4660053979836705, 2.2496203122441267, 2.5372790628417135, 2.1126046912877428, 2.59677452632029, 3.4964738369048765, 2.2376609192515473, 2.1722606433859677, 2.747735502675402, 2.195274720223724, 2.116846760384821, 3.3911947213393487, 2.5064449022333815, 3.4154149227970816, 2.3088946948062814, 4.653038113428316, 2.273219574429243, 2.597271966088576, 3.011553088086837, 3.2438143160100585, 2.3480922232381234, 2.7527541146653194, 2.0066299516065245, 2.2139485637617824, 2.1944964690702227, 3.0770292119250766, 2.694921856511166, 2.1696642175732372, 2.191921909421877, 2.154641605185278, 2.405792930147081, 1.9836985150638546, 2.1258005656065575, 2.2607000641233546, 2.183027397454385, 2.3598566225901547, 2.1201779955234326, 1.9523654348400583, 2.149513043035269, 2.75544389039563, 2.0906057615569673, 2.4273370978319257, 3.3278630241761764, 2.4645757910087505, 1.9963541498369552, 2.5054295252320897, 2.5628782859820842, 2.284447712206712, 2.687041302285871, 2.4937919237366954, 3.184402972341957, 2.0446429178945054, 2.509921054515057, 2.4238085528986426, 2.1773269772986183, 1.9892871272656398, 2.578830821811554, 2.1725575725004393, 2.8581324953031384, 2.1139902985426, 2.542368364302186, 2.2637514222543107, 2.244024350363816, 3.148585737106197, 2.283370276637681, 2.1858364145285534, 2.4412281350406837, 2.3583975172222305, 3.067038308431789, 2.340411792427603, 2.5160426417592476, 2.5157597785953154, 2.5479233475631666, 2.5128428251023323, 2.7863579987556615, 2.934027060513264, 2.1524966297484758, 2.222372377283275, 2.4957050608525115, 2.3308744864176947, 2.441896203532785, 2.2188962979343687, 2.1659271202739285, 2.9033005724204397, 2.3957356623575703, 2.4166988885866902, 3.6860515339096374, 2.2692212167655033, 2.7354419622881045, 2.6798248110646274, 2.6743106438662436, 2.067609367748132, 2.3617076881394716, 2.677644328543909, 2.254724349345298, 2.525799960904331, 2.3705279294173436, 2.564743469630902, 2.4475951799649174, 2.006405875332965, 2.7086657919182393, 1.9882910457541387, 3.5176485008696936, 2.6378885628757525, 2.5361808517933246, 2.238522525858129, 2.2846533902933563, 2.312077471373438, 2.04364159713711, 2.7605733383570357, 1.967411623807761, 2.2909974652121017, 3.5116797394580086, 2.2668498491205047, 2.056888275863937, 2.1607767640311133, 2.42829820217581, 2.0150851282454267, 2.277270021807207, 2.251125828502978, 2.1565511040513297, 2.2144308682007665, 2.2426650121218668, 2.362817421371561, 2.3162463966226734, 2.330702645425314, 2.7745257161871235, 4.289039204310079, 2.159396796039423, 4.240903697185038, 2.1956596616544886, 2.2174876958540755, 2.4863319919913955, 2.372025537899151, 2.480304966104803, 2.2166941637128494, 3.417751690024563, 3.3152988970546717, 2.4715861514268784, 2.48761354149281, 2.2494441292830283, 2.373918566794842, 2.9333961154607398, 2.4121684140578776, 2.6719630107206136, 2.1869440855644653, 4.184811499773545, 2.4889859045345366, 2.7922740168721503, 2.717780500516793, 3.857814925032784, 3.6007666114831727, 2.2620520768473082, 2.7217098987382315, 2.5025929285408517, 2.7800415994409087, 2.1939554403263286, 2.0161108989454393, 2.0702611339036627, 2.858734251311325, 2.5239683120584835, 2.2021936360825407, 2.486856719793885, 2.1588398319059827, 2.231373457700339, 2.900365385642081, 2.8055929050692603, 2.610172486324927, 2.1214416076113767, 4.114809997963799, 3.2881732612139856, 2.2151951117991286, 2.752078925109948, 2.9943053595291285, 2.3357272955514983, 2.193946817649806, 2.1182996414421145, 2.645270097107111, 4.089689101123173, 3.0695957163581022, 1.96536590388698, 2.8300296253496766, 2.079829620841644, 1.9562650588995407, 2.4490239627645587, 2.032815137374352, 2.6149105065500993, 2.3916385832528415, 2.3001316379932257, 2.4555046475357525, 2.06188159935917, 1.9510683495842218, 2.034449355871269, 2.287863091038499, 2.613350305237159, 3.69486776320944, 2.0345706961048795, 2.1223056517350924, 2.678096750592608, 2.352712138524429, 2.2213042924061708, 2.4013579289852403, 2.1134087022504664, 2.3462884074882497, 2.2670931845210283, 2.150922978772838, 2.3606125217841076, 2.337145866415153, 2.282611854518562, 2.2002932938454522, 2.0795927618536663, 2.0424658521148844, 2.2417219424206745, 2.2466140092628515, 4.175037662215571, 2.429801971883946, 2.87184966897238, 2.8240942042326376, 2.6685824482525486, 2.1965610356254324, 2.2185136122837044, 2.5259144227027597, 2.8397408356291045, 2.10775559355596, 2.382520055236481, 2.664605195940046, 2.2084258185261625, 2.9210845262423226, 2.646585121684888, 2.6652676978421947, 2.2719412391234246, 2.352155028991082, 4.103491677464287, 2.5615011928012557, 2.8705043997011614, 3.2909856621988642, 4.10002014616204, 2.181277538620603, 2.7912469852148165, 2.2310590768439273, 2.287389821768573, 2.136039765491865, 3.074732176508922, 2.298738741460606, 2.6306117994348175, 2.4583027972883285, 2.0222661051583337, 3.3877629325360195, 2.123741262638148, 2.483912063366856, 2.0163831959012173, 2.5986990633254505, 2.592214934393156, 2.720933236158035, 2.9051927624333134, 2.4101881147066067, 2.3019290010120406, 3.9006518837243247, 2.8408434376577345, 2.22483585686941, 2.026270466174273, 2.051806054363607, 2.0792671867068093, 2.464886242317785, 1.9800348647825887, 3.1923414621717803, 2.2374935534120843, 2.421705564800655, 4.238278370468348, 2.2585138658228616, 2.798679665245324, 2.4411931798334052, 2.5463642988957353, 2.3122669951351846, 4.067126317875874, 2.16007717462561, 2.1980956348025495, 2.182508296162529, 2.2126628664515082, 2.042768093025871, 3.2911064082296444, 2.485407877579565, 3.5321828893404814, 2.6195384869838776, 2.4806878334400633, 2.470359175510505, 4.057500259990351, 2.1834723113424084, 3.6987705373964337, 2.2837273841637193, 2.0842149333022197, 2.291635420078335, 2.2989932587732067, 1.9619303925653555, 2.1906161399957895, 2.7027908517633312, 2.1781388229830236, 2.2440495159959073, 2.3172484572423615, 2.582325480916321, 3.2941497622535136, 2.20102805426205, 2.6687904092298598, 2.7115504281493537, 2.4668772504827983, 2.0739476939844814, 2.6821745821330465, 2.315876603351882, 2.232880841951054, 3.193183336332537, 2.626658374827133, 2.3255697775468205, 2.291364105522511, 3.1265220796096065, 3.845177506851953, 2.390121787580767, 2.414059820216588, 2.3420523050240956, 2.2580748460171414, 2.3041511706043996, 2.001034766022528, 2.1977855352823172, 2.5049056096808933, 2.3049801167466843, 2.2476914448843206, 2.478812681104778, 2.527878160075872, 3.0766307114637836, 2.1664872499399066, 2.2077086922292026, 2.038537266500147, 2.0229831706022283, 2.913518317319364, 2.5842817816320998, 2.025692265788031, 3.696353219633953, 2.014407624062254, 2.5527576375291923, 2.495914764738914, 2.2182742306558145, 3.6769796174730747, 2.174920547460119, 2.456361863607453, 2.294569015521712, 2.4273499777365366, 2.666537592538235, 2.9446407962569885, 2.5254299981699972, 2.3012644861002696, 2.11447766039355, 3.5699417257278525, 2.2874400315204113, 2.9375351669012004, 3.726516666440711, 2.1273583175030364, 2.0061472465218935, 2.220166204697824, 3.062720561284282, 2.478317896423046, 2.4841786941372614, 2.009508644045284, 2.139032557522791, 2.395245265901346, 2.232073629242297, 2.0526347700356453, 4.096405989089932, 2.141213140571314, 4.315604191884937, 2.3307819380954187, 2.370564322862892, 2.1770617876774914, 2.06646742336045, 2.377056203567542, 2.1464038951005966, 2.1585488092966383, 3.70772858802403, 2.0101382038209716, 2.6713714695594226, 2.733455256895071, 3.0628714325539623, 2.867081185954945, 2.617149364542389, 2.00894698608313, 2.5195791429185723, 2.1305774659097723, 2.7907923559778807, 2.518915052113408, 2.422070325460673, 2.3360477281636114, 2.134738496090042, 2.28311024060819, 2.1702148632404956, 3.4653484478020062, 2.3661857922944356, 1.9497294228685198, 2.3107268411893043, 2.255284602424106, 2.288726310488099, 2.4332785851328538, 2.1819051944494476, 2.434126656901522, 2.067194482362159, 2.326863200256441, 2.0704901701404808, 2.5864271332955044, 2.499542577655498, 2.368803951975281, 2.6564035909587647, 2.3635727383064653, 2.237036826566246, 2.0505256329917634, 2.321045733432279, 2.6951773561535655, 2.7894179422759118, 2.1254825102344483, 3.6226817489986205, 2.723048679226519, 2.6257493122393294, 3.127923562909265, 2.140278632842911, 3.5022585093375564, 2.1113652016757642, 2.266625651866083, 4.061456472597422, 3.8101723109171637, 2.228918237272202, 2.4326036278148493, 2.2546213370306156, 2.4122539064836466, 2.8225185160221207, 2.0089325148435373, 2.132911540167263, 2.561850283965472, 3.7389794546994706, 3.767250989676273, 3.008254113866309, 2.4410875355832156, 2.8571759754602066, 2.252161059190513, 2.3093301734555363, 2.8332173017255546, 1.9728928550501665, 2.381834182761335, 4.4089608571372665, 2.2535728989718185, 2.1012157733789527, 2.0296166672567817, 2.5143721006350055, 2.124627197824336, 2.5060080530849835, 2.2682426361637407, 2.2630007622795123, 3.3878630861567256, 3.6075704809286036, 2.3170759831544236, 2.6139673274296777, 3.5054289285301774, 2.2165982558218094, 2.7296949591912227, 2.122499490420758, 2.1400677639406136, 2.6058803556375936, 2.9272328684225237, 3.312040818379475, 3.3773320639058393, 2.4005677927499054, 2.736246204154621, 2.709787956600482, 1.9655717152804173, 2.6098286583910624, 2.4314554251332385, 3.1820913103912996, 2.3640772733419877, 2.4499929384825925, 2.154356828491494, 2.5581697995359023, 2.537845669178753, 2.4535363522932125, 3.142569529335886, 2.536004317478011, 2.473366354259881, 2.7556656488520677, 4.28319201448914, 2.339577037325793, 2.064212168673689, 2.4656928604158637, 2.3537512379587144, 2.6538879368208823, 2.1909894998001747, 2.7072246769412955, 2.442011334569071, 2.2207085422978006, 3.066104346024712, 2.2703157411595853, 2.2841110277952934, 2.4396476195533108, 2.5644318659873124, 2.2349016023701234, 2.152971379033669, 2.3464195711310136, 2.2667471011367737, 3.7425741093496003, 2.5561124124581176, 2.157970002258003, 2.4235528472762358, 2.5145839275439115, 2.1215043698011753, 2.3507053736910186, 2.1016139221809795, 2.5175327321095096, 2.180857280804536, 3.2447151288082496, 2.697941487339825, 3.1672342545315937, 2.296621587531405, 2.9353648113419837, 2.5125300084515803, 2.8807548772665386, 2.306466143505219, 2.3403797384219116, 3.059222235753433, 2.0916752655962725, 2.5280127170956663, 2.2814206099821477, 2.267059674919115, 2.4332995058627866, 3.37054384810813, 2.2272886154138067, 3.758643133930363, 2.5330590057178153, 2.6563534534288773, 2.2288745401464034, 2.982316325253742, 2.3886411333481803, 2.305474428258887, 2.4403247715735166, 2.3263237002176105, 2.402032147134054, 2.5392749849984497, 2.0393914872147096, 2.134127938242654, 2.398198205542026, 2.4773145987603398, 2.367507873292217, 2.6169909726635097, 2.13805517729825, 2.455747776547381, 3.267430594371671, 3.2648594421918906, 4.12964194360565, 2.4074626590655264, 2.4954052455148767, 2.2056210820629056, 2.731209240926449, 2.306830043128294, 2.3145924099444386, 3.155957837249903, 2.243623982215711, 2.0282902929790394, 2.287489464879043, 2.5250906455828375, 2.856380396901996, 2.2384594362016794, 2.592298059447184, 2.4477602418590205, 2.9871156860290498, 2.371212322000856, 2.556120900230331, 1.9793946904466437, 2.619590140006008, 1.951905506248187, 2.5924522666742957, 2.438191864216636, 2.039291201017825, 2.494705704895024, 2.258167746198374, 2.6357591600352404, 2.296854589840047, 2.374538899797213, 2.028151415498563, 2.2854554364561728, 2.0364957307253526, 2.12174803266835, 2.1623601418540854, 2.2485495222257805, 2.586163859565002, 2.5890846959363385, 2.3926686226199827, 2.6570513931494943, 2.5291749657905576, 2.107791941003234, 2.2276373158787783, 2.3153356835481755, 2.1015685245862237, 2.4937095506835694, 2.2708600076044907, 2.270865319401006, 2.65712247291735, 3.2241953039324533, 2.2737549997680553, 2.2589135428241702, 2.3582488067683474, 2.4392327581785347, 2.6804141365203225, 2.310632425257313, 2.7514692787484374, 2.8525379049255513, 2.101861380874424, 2.654665423745486, 2.7908028343203366, 1.9826631633954568, 2.3457580033479095, 3.7538575999569446, 2.5773083624117734, 2.861201053702494, 2.755356956944216, 2.76806202489453, 2.4102553397223527, 2.0779686582775745, 3.494617447537124, 2.068211884770198, 2.0059266876141297, 2.1732285759044605, 3.5507472562642217, 2.192429500952857, 2.9633309877563057, 2.5865700850504356, 2.013881076601249, 2.255677706043203, 2.967588323917662, 2.2435381892454966, 2.144565393409524, 2.268535077553138, 2.690476837424905, 2.2938644422386476, 2.203094889072622, 2.331512296033353, 2.4847483929247374, 3.310878608066666, 2.1264905740179754, 3.005640623595133, 2.3970656256728233, 2.37064067060348, 3.626177584138663, 2.3826675433795432, 3.4479432990569454, 2.061352759631606, 2.4046809297146075, 2.2564702319413668, 3.012631227226529, 2.1076998655218175, 4.4931188047112105, 3.56374208519373, 2.337847129394146, 2.2134380979514208, 2.237098290956854, 2.240635847047998, 2.8443266361624806, 2.203322615539728, 2.4655167626032424, 2.0897700600101823, 2.284052619900143, 2.2131519746460566, 4.15381036242748, 2.1963491723793993, 2.2272274057898964, 3.7861827583568086, 3.3979652149638375, 2.4972126363520757, 2.5730622913066465, 2.120136154063567, 2.872285632717229, 2.678708436595266, 2.2686364794567697, 2.2820331325058105, 2.1528809530878057, 2.1886230557556083, 2.387214194316185, 2.1642367252953543, 2.549126284076533, 2.4741247517271394, 2.614598041681206, 2.5113255079777397, 2.555094028322954, 2.6075755892431536, 2.4183058550300824, 2.363866004777827, 3.0264874336433776, 2.9918402550315206, 2.0216127234511263, 2.4052458987183907, 2.3503195226571476, 2.263059012856673, 2.310279173931568, 2.9524563927895153, 2.385309328425783, 2.3542526198845226, 3.470268592174673, 3.783601055587961, 2.4017558842033444, 2.4604174287189675, 1.994826148311762, 2.221350318012023, 3.7314300430898903, 2.3881895730482823, 2.483843867920637, 1.9879100824626144, 2.789501868063014, 2.4718184263484906, 2.663776711120402, 2.359100917432427, 2.2715444609174353, 2.054181788343929, 2.2694060348516474, 2.1892449896047763, 2.5912880070720394, 3.0774431274822116, 2.4557374434555004, 2.131450412277901, 2.256886087233275, 2.0455387859090752, 2.3016260569580367, 2.034994277249477, 3.357130182124352, 2.255375016781596, 2.1795682363740214, 2.452925052462519, 2.691480569708573, 2.3262137359847403, 2.2618414263745814, 2.2501428816627858, 2.203991751430928, 2.450084722504775, 2.4753044140622795, 2.593115508632525, 2.5820813209840696, 2.7079844934738615, 2.2452931289977007, 2.2373381458334505, 2.9512621648842003, 2.4448306847351198, 2.297251853858916, 2.3475079223362285, 2.6940515541459598, 2.4140688434418633, 2.6463478873502537, 2.378125901766706, 2.34087928912757, 2.7798911154616666, 2.0957364460833894, 2.3366142737969176, 2.146256467591113, 2.404417034884768, 2.734173330011171, 2.3664507153019767, 2.745041642822168, 2.250839851458711, 2.189589993548217, 2.060566140186131, 1.9357839917619362, 2.312401336609678, 2.4586039109229514, 3.0619227231105612, 3.0097147320236246, 3.4060589304083475, 2.0000273692397186, 2.5159471220128933, 2.579959401102136, 2.137370323915594, 2.3949711153037536, 1.9650182923034434, 4.311593997445971, 2.09578828110107, 2.3472765208743827, 2.271885778304503, 2.3129588104258456, 2.5134575552477783, 2.517823135313927, 2.431543352955128, 2.5466257900424063, 2.221778786419925, 2.24423304810405, 2.2047403860958728, 2.391054561031947, 2.2627640125871307, 2.0703001010841473, 2.1349303118721217, 2.361572243807659, 2.2353566067856274, 2.603624309799728, 2.605279121559927, 2.438753812803573, 2.48271729953742, 2.180076482838304, 2.271114270177132, 3.1287800633251734, 2.3063141412473973, 2.918313228065713, 2.819112111558764, 2.265985925880758, 3.6060866348647833, 3.613062397375498, 2.121785689982229, 2.7781865059898614, 2.3867487229260718, 2.532606327252464, 2.510021461789698, 2.208311864184571, 3.935010041742778, 3.0414514793317515, 2.348041346130158, 2.2911611564646726, 2.2355167445301025, 2.1884101131399554, 2.5196310844444727, 3.1970356605517742, 2.4777496651568183, 2.4291282397808285, 2.0717503624082303, 2.7780467073179054, 2.583550878373879, 1.9793995295259328, 2.479702812504367, 3.022447789119057, 2.467643097483557, 2.1708526602839977, 2.058872870928176, 2.2776446908765626, 1.9498382106641705, 2.1406004846172255, 2.333279097432129, 2.361259024150488, 2.2393459536479554, 2.283129972958162, 2.5266767274406767, 2.7936261987946645, 2.4599782486842483, 2.4357518274768477, 2.3333528106816095, 2.052890002940826, 2.36261174338181, 2.2537521623159384, 2.3501304359038744, 2.2853667567837532, 2.749405379619508, 2.2752723408316102, 2.134718557760063, 2.2132898334161912, 2.4837914994295587, 2.565705932503409, 3.745742672877327, 2.174001867094704, 2.5493216630021562, 2.23828643109905, 2.7588590140855147, 2.277589896934725, 2.3595292768032485, 2.306383743529887, 2.362154955806539, 2.36899748961176, 2.1922144721742858, 2.834796727806956, 2.639593729761998, 2.6200758284071015, 2.37894934140342, 2.369481577521465, 2.567785100895767, 3.4677026189893563, 2.375430086555225, 2.940935060717141, 2.106219005309223, 2.878407159302142, 2.962591703161857, 2.463364532653988, 4.406695160063029, 2.245710088479177, 2.3767079126840973, 2.359670142926741, 2.4694335113726003, 2.4847846458343126, 2.484720886486663, 2.542575439660848, 2.4209708744582565, 2.151098834364179, 2.1290839317993138, 2.801948538237109, 2.18444635641723, 2.313896386593488, 3.061239082094404, 2.026737647351371, 2.5290739525620514, 2.164756359581567, 2.0956962298893655, 2.36028339341337, 2.029725455052432, 2.258684797716877, 2.046024813720602, 2.862065014113819, 2.411014744338319, 2.213772502163695, 2.4169457532967917, 2.4877328166636903, 2.27824036792853, 2.508670746864935, 2.1156142199026147, 2.2927397192195533, 2.4653593783778125, 2.115679056187917, 2.5082919274578592, 2.1338320522843084, 2.3721670712818765, 3.30032396042955, 2.4712939281116424, 2.963118311799734, 2.162595375576222, 2.2814309429503954, 2.5909294439497788, 2.573511147352192, 1.9619056151560872, 2.2085793220610603, 2.5956576251467105, 2.0772695784311663, 2.1989795570315533, 2.0660404463099615, 3.2152703874889204, 2.635934190447723, 2.07979327339437, 2.652060653432492, 2.2247322356197, 2.5404871746838413, 2.048898194362846, 4.023728028236528, 2.2351116466951977, 2.0186883328731655, 3.774854917044487, 2.6407257408234996, 2.7143959995831874, 2.288936743010297, 2.6398290600271967, 2.8442580890055975, 2.2404880313681295, 2.4604082602431165, 2.060056790082516, 4.3302186136321446, 2.2677125833776155, 2.0337045778856595, 2.709721713485852, 4.20703771920918, 2.3084088611546134, 2.405801953372357, 2.301820977516483, 2.667622086532634, 2.119168961407367, 2.2216919012039247, 2.1948759767398256, 3.3766154836988886, 2.015985047099191, 2.6701562238833145, 3.903762305542844, 2.524832538178789, 2.335025996359011, 2.4108617985465317, 2.233312936638199, 2.318720997948633, 2.402948338887311, 2.2583877836289603, 3.069038378999019, 2.9892065346033534, 2.1876586280831933, 2.5506142266544978, 2.1172161536383394, 2.2322424382551582, 3.5127398686384717, 2.0134417412726595, 2.8256701842642644, 2.3564510431563237, 2.0513652031616654, 2.7977567400736048, 2.091009476825313, 2.3139046572686652, 2.3892100318548852, 4.128483132114604, 3.631837144302133, 2.5575098665492106, 2.264617200584055, 2.147835527961306, 2.432104416590819, 2.713858182628622, 2.416279830643104, 2.266301398529613, 2.075210651139123, 2.364671470857731, 2.2823437417087704, 2.6362919534118054, 2.635316889600943, 2.2361308315901742]"
2.0,7000,0.6663718510560497,0.6663718510560497,0.013289690017700195,0.3117316795281238,"[5, 3, 3, 3, 3, 4, 4, 3, 3, 3, 1, 3, 3, 2, 5, 3, 2, 3, 2, 2, 3, 3, 3, 2, 2, 4, 3, 1, 2, 3, 3, 5, 1, 2, 3, 3, 2, 3, 1, 4, 4, 3, 2, 3, 4, 3, 5, 2, 1, 2, 5, 3, 2, 3, 5, 2, 2, 3, 3, 3, 3, 3, 1, 2, 3, 3, 2, 4, 1, 2, 2, 3, 2, 3, 2, 3, 4, 2, 2, 2, 1, 3, 2, 1, 3, 3, 2, 3, 1, 4, 3, 3, 3, 3, 2, 1, 3, 3, 5, 3, 3, 4, 3, 3, 4, 1, 2, 3, 1, 3, 3, 1, 4, 4, 4, 3, 2, 2, 2, 3, 3, 2, 2, 1, 1, 2, 3, 2, 3, 1, 2, 2, 3, 2, 3, 2, 2, 4, 2, 2, 2, 2, 3, 3, 1, 3, 2, 2, 2, 2, 3, 2, 2, 2, 3, 3, 3, 3, 1, 3, 4, 1, 2, 4, 3, 3, 1, 2, 3, 2, 3, 2, 2, 1, 2, 2, 2, 3, 2, 2, 1, 3, 2, 2, 2, 3, 3, 4, 3, 2, 4, 2, 3, 3, 5, 3, 1, 3, 1, 2, 3, 3, 3, 4, 3, 4, 2, 3, 1, 3, 2, 3, 3, 3, 2, 3, 3, 3, 2, 3, 2, 3, 2, 2, 3, 4, 2, 3, 5, 2, 2, 1, 2, 4, 3, 4, 3, 2, 2, 4, 3, 4, 4, 2, 3, 2, 3, 4, 1, 3, 2, 2, 5, 2, 1, 4, 2, 2, 2, 2, 2, 3, 3, 4, 2, 2, 4, 2, 1, 4, 4, 3, 5, 2, 4, 1, 2, 2, 5, 3, 2, 2, 3, 4, 5, 3, 2, 4, 3, 2, 5, 2, 1, 4, 2, 3, 2, 2, 3, 2, 2, 2, 2, 4, 3, 3, 4, 2, 5, 2, 3, 1, 3, 3, 3, 1, 3, 1, 2, 3, 3, 2, 1, 4, 1, 3, 1, 4, 1, 2, 2, 2, 2, 2, 3, 3, 3, 4, 1, 3, 4, 2, 4, 3, 2, 3, 3, 2, 3, 2, 3, 2, 2, 3, 2, 2, 2, 2, 3, 2, 2, 2, 3, 2, 5, 2, 3, 3, 2, 2, 2, 3, 2, 3, 3, 2, 2, 2, 4, 3, 3, 3, 4, 2, 2, 4, 2, 2, 3, 1, 2, 2, 3, 2, 2, 3, 2, 3, 2, 3, 2, 4, 2, 1, 2, 3, 2, 1, 2, 4, 3, 3, 4, 2, 2, 5, 3, 2, 3, 5, 2, 2, 2, 3, 2, 2, 3, 2, 2, 5, 1, 3, 3, 2, 2, 2, 3, 3, 2, 3, 1, 3, 2, 4, 2, 3, 4, 3, 3, 3, 3, 3, 2, 1, 3, 2, 3, 3, 2, 4, 4, 3, 3, 2, 3, 3, 4, 3, 2, 2, 2, 2, 2, 2, 3, 2, 3, 2, 1, 3, 2, 3, 3, 3, 3, 2, 2, 2, 3, 3, 5, 3, 3, 5, 4, 3, 2, 3, 2, 3, 3, 1, 4, 2, 3, 3, 4, 4, 2, 3, 2, 2, 2, 3, 3, 2, 4, 3, 1, 1, 2, 2, 3, 4, 2, 2, 2, 2, 2, 3, 3, 4, 3, 1, 2, 4, 2, 3, 2, 3, 4, 2, 3, 2, 3, 3, 3, 2, 3, 2, 3, 2, 3, 3, 4, 2, 3, 3, 3, 5, 2, 2, 2, 3, 3, 2, 2, 2, 2, 4, 4, 2, 3, 4, 4, 2, 2, 2, 2, 2, 2, 2, 5, 3, 2, 1, 2, 2, 2, 1, 2, 2, 3, 3, 1, 2, 2, 2, 2, 1, 2, 2, 3, 2, 3, 2, 3, 2, 3, 2, 3, 3, 3, 3, 3, 3, 2, 3, 5, 4, 4, 2, 3, 1, 2, 3, 4, 3, 2, 3, 2, 4, 2, 3, 1, 2, 5, 2, 4, 2, 3, 2, 2, 2, 3, 2, 4, 1, 2, 2, 2, 3, 1, 3, 2, 1, 3, 3, 2, 3, 2, 1, 1, 2, 2, 2, 1, 2, 2, 3, 3, 2, 4, 2, 2, 2, 4, 3, 2, 1, 2, 3, 2, 2, 3, 3, 4, 2, 3, 4, 4, 2, 3, 2, 3, 3, 3, 1, 2, 3, 2, 2, 3, 1, 4, 3, 3, 3, 2, 2, 2, 3, 2, 4, 3, 3, 2, 3, 4, 2, 1, 3, 2, 2, 2, 2, 3, 2, 2, 2, 4, 2, 3, 2, 2, 2, 3, 3, 2, 4, 1, 3, 2, 3, 4, 2, 2, 2, 3, 3, 4, 2, 2, 2, 4, 3, 4, 1, 2, 2, 2, 3, 3, 2, 1, 2, 1, 3, 2, 5, 2, 4, 2, 2, 1, 2, 3, 3, 3, 4, 2, 3, 3, 3, 2, 3, 2, 3, 2, 2, 2, 3, 3, 2, 2, 1, 3, 1, 3, 2, 1, 3, 3, 2, 3, 2, 3, 3, 4, 2, 3, 3, 3, 3, 3, 4, 4, 3, 1, 4, 3, 2, 3, 2, 3, 2, 2, 5, 4, 2, 2, 2, 1, 2, 1, 2, 2, 4, 3, 4, 3, 3, 3, 3, 2, 2, 2, 2, 2, 2, 1, 1, 4, 2, 2, 2, 3, 3, 1, 2, 3, 3, 3, 2, 2, 2, 3, 3, 3, 2, 4, 3, 2, 3, 2, 3, 3, 3, 3, 2, 1, 2, 4, 2, 2, 1, 5, 3, 2, 2, 2, 2, 2, 4, 2, 1, 4, 1, 2, 3, 3, 2, 1, 2, 2, 4, 2, 3, 2, 1, 2, 3, 1, 1, 1, 4, 2, 4, 2, 3, 3, 1, 1, 2, 2, 3, 4, 2, 3, 3, 4, 2, 5, 3, 3, 2, 2, 2, 3, 3, 1, 3, 3, 2, 2, 4, 4, 2, 4, 3, 3, 3, 3, 5, 2, 3, 3, 2, 3, 3, 4, 3, 2, 1, 3, 3, 3, 2, 2, 2, 3, 4, 1, 3, 1, 3, 3, 1, 2, 2, 3, 2, 4, 2, 3, 2, 2, 2, 1, 2, 3, 2, 3, 2, 3, 1, 1, 2, 5, 1, 1, 3, 4, 2, 2, 3, 3, 3, 4, 3, 4, 2, 3, 3, 3, 3, 5, 2, 2, 2, 2, 3, 2, 4, 1, 2, 4, 4, 1, 2, 2, 3, 3, 3, 3, 3, 3, 3, 2, 3, 3, 2, 3, 1, 4, 2, 2, 4, 2, 1, 2, 3, 2, 3, 1, 4, 4, 3, 2, 2, 3, 4, 4, 4, 2, 3, 2, 4, 1, 2, 4, 4, 2, 2, 3, 4, 2, 2, 3, 2, 2, 3, 2, 2, 3, 4, 2, 2, 4, 3, 2, 1, 4, 3, 2, 3, 4, 1, 3, 3, 3, 4, 4, 3, 3, 2, 2, 4, 2, 3, 1, 2, 4, 2, 1, 2, 3, 1, 3, 4, 2, 2, 2, 1, 2, 4, 1, 4, 2, 2, 2, 3, 2, 3, 3, 2, 2, 3, 2, 3, 4, 2, 2, 3, 2, 3, 2, 1, 4, 4, 1, 3, 5, 2, 2, 2, 2, 3, 3, 3, 3, 2, 1, 1, 2, 2, 4, 4, 3, 2, 2, 3, 2, 3, 1, 4, 3, 2, 1, 3, 3, 2, 2, 3, 3, 2, 2, 4, 2, 2, 2, 2, 3, 1, 2, 3, 3, 2, 2, 2, 3, 3, 2, 2, 2, 4, 2, 3, 3, 3, 2, 1, 3, 5, 2, 2, 3, 3, 2, 4, 2, 3, 3, 4, 2, 2, 2, 2, 3, 2, 2, 2, 2, 3, 1, 2, 2, 2, 3, 2, 1, 3, 2, 2, 1, 3, 2, 2, 3, 2, 1, 2, 3, 2, 3, 2, 3, 2, 2, 2, 2, 1, 2, 2, 2, 4, 3, 3, 2, 3, 2, 3, 3, 2, 2, 2, 3, 3, 5, 2, 2, 3, 2, 2, 2, 2, 3, 2, 2, 3, 3, 2, 4, 3, 4, 2, 2, 1, 2, 2, 2, 3, 2, 2, 3, 1, 2, 3, 3, 2, 1, 3, 3, 1, 2, 4, 2, 3, 2, 3, 3, 3, 2, 2, 2, 3, 3, 2, 4, 2, 2, 2, 2, 3, 1, 5, 1, 2, 3, 3, 3, 1, 2, 3, 2, 3, 2, 3, 3, 1, 2, 4, 2, 3, 3, 5, 3, 3, 3, 3, 1, 3, 3, 2, 3, 4, 2, 3, 3, 1, 4, 3, 3, 3, 2, 1, 3, 2, 4, 2, 3, 3, 2, 1, 2, 5, 4, 3, 2, 2, 2, 1, 2, 3, 4, 2, 3, 3, 2, 2]","[4.121784299396339, 2.631634001568361, 2.4251118461107364, 2.7594763721540296, 2.363915318949221, 4.361604666718266, 2.5083049006054132, 2.270801132343251, 2.463026899490654, 2.8649521627106087, 2.3307956448828624, 2.625806671685301, 2.1253106893777423, 2.577252393740476, 4.070846845807394, 2.644347815963262, 3.0431947436603286, 2.4126168961780134, 2.33488512375306, 2.3480895529499346, 2.5267364102618517, 1.9130282619504932, 2.053646957850439, 2.7399950884273028, 2.182705944629261, 2.2515592818592736, 2.031192535390372, 2.5703585519303473, 2.8770053915769003, 2.4127359219773092, 2.536227929713164, 3.740792209900885, 1.8902900055590157, 2.251327162681508, 2.4231371283045786, 2.427690941023246, 3.1304246726407987, 2.5738203007354494, 3.734517475198671, 3.493842837243359, 3.3426414663520476, 2.265131749658246, 2.2680708087146284, 2.845561893308471, 2.6203163340430717, 3.2870208055505437, 3.3349414657123213, 2.15725367849572, 2.0020857613101706, 2.2533314042413637, 4.442048500186811, 2.1001195081850303, 2.062555667545297, 2.6862967664895576, 3.944831824701179, 2.2938765802208683, 2.312793139172404, 2.2182602546242776, 3.84984987001811, 2.5210206914068625, 2.43285670639024, 2.3538820990279734, 2.2360209604560617, 2.027240334405169, 2.2186871013239613, 2.2455993565013346, 2.175591572772344, 4.102697342708058, 3.2364117189427173, 4.042080478994369, 1.8878664972622656, 2.2419955025707337, 2.138229892420839, 2.131664588026532, 2.043138876352835, 2.198429718973454, 2.6516850606803968, 2.2643444375236528, 2.0463355961385976, 2.34858535304882, 2.1307913083032703, 1.978520776863401, 2.468259199217234, 1.8954621460782626, 2.248679507698553, 2.370308378362359, 2.2630678448969395, 2.2547727420617836, 2.5053841674378385, 2.0491470542404655, 2.781446218346647, 2.5684860251147015, 2.191796820250648, 2.4616276120392078, 2.0654777738633916, 2.4609707633295947, 2.7607818331733798, 3.4394764952334898, 2.8343739395009124, 3.1677502665425923, 2.6520173193258287, 4.004738408812621, 2.167290565898039, 2.648576563278737, 4.207883702743052, 2.0044253636750615, 2.2527075140170933, 2.273669368669346, 1.9279808212408758, 2.25716071979349, 2.2259656784626762, 2.1402151902089734, 3.0549663980735087, 2.465628706782292, 2.6458367893043633, 2.264148095277382, 2.2378260896735513, 2.3615826378204074, 2.266740017546195, 2.1588328819110734, 2.532884719102593, 2.2606311398269536, 2.7313877371442827, 2.282646412728783, 2.1249988720264663, 2.762892817994082, 2.6554888681955324, 2.1064065606995186, 2.360302560528216, 2.2352551167484753, 2.761560277330665, 2.6437048290205842, 2.61702011678979, 2.291706757031249, 2.273486908642046, 2.427646417170626, 2.252186512391056, 4.453132342894677, 2.4374339150739535, 1.952184944441435, 2.3772200475459946, 2.0602389632434783, 2.2963234577323264, 2.3848835292037687, 1.983008891508006, 2.272268710021485, 2.7581221310820676, 1.9228588522128176, 2.3960540803572306, 2.4660312324682483, 2.188470538252447, 2.108633738123233, 4.28577142449997, 2.1754811465495694, 2.086864818284659, 3.7332239239537914, 2.364967028624079, 2.524094582034286, 2.4491392603048014, 2.2998447963405497, 3.4934096357251714, 2.177289194798755, 2.5028570244700776, 4.319049898589812, 2.301333708230472, 2.5554246594271377, 2.1876364829208583, 2.064801239560078, 1.9528921322489319, 2.4111185405094626, 2.6082229353247333, 2.078416546669473, 1.9764738825791457, 2.187022494160362, 2.1030193783505657, 2.293178937835116, 2.219588508334974, 2.138926174911754, 1.96261404041708, 1.9565230714120272, 2.3329563692563595, 2.6117141401992865, 2.2679618319643677, 2.651301179963922, 2.014293944486462, 2.1894409471446497, 2.305253643778873, 2.1821054222571807, 2.030018147278675, 2.265473526896208, 2.0990501033978775, 4.029902005315993, 2.0543246808033953, 2.7684447117120157, 4.436235386762376, 2.073381269488308, 2.213434109614318, 2.5069529169234546, 3.291132794898045, 2.2880930730987696, 2.295778121109292, 2.6083423487097974, 2.668775167902824, 2.41590672832634, 2.3033686050804123, 2.229461828848457, 2.276167493918612, 2.4460978538626663, 2.255828470629055, 2.651591769259026, 2.2686323037907474, 2.431588507530904, 2.2550257710835524, 4.074808421959078, 2.5479103022569825, 2.504759761306004, 2.287929382440894, 2.474115018849073, 2.6392657163254962, 2.377453672149136, 2.010703445480389, 3.6380727500409726, 3.9695847925500485, 2.2089229340675245, 2.4730005292900423, 3.511985960149175, 2.2694713726518647, 1.8945888663550006, 3.819376843638305, 2.222430752101622, 2.174968231728728, 2.2477855595410925, 2.1483401470586743, 2.1591322600067833, 2.3247754409892947, 3.80449007878162, 2.858757048210901, 2.1389932268552005, 2.513012440284689, 3.4775957618868327, 2.508965657108919, 2.3514376959039134, 2.615604279331898, 3.246749237528206, 2.1126090456404554, 1.9496886439983547, 2.783591818271979, 2.4628992656951163, 2.5124369245065514, 2.585057147343151, 2.3562047425462196, 2.486155611803372, 4.1025237966918, 2.0841258157532123, 2.4718418449883854, 4.31598267030707, 2.3635477001815444, 2.20403036871148, 2.015089809334749, 2.213491600113494, 1.8971770338482652, 2.9961718447392798, 2.532659773212331, 2.9140328960444037, 2.871580402785522, 2.0187180038684445, 2.2474427439516056, 2.1934135665406482, 2.8143754495711137, 4.354028021476158, 4.140294803474827, 2.091080202517487, 4.502908748029541, 2.302082301708459, 4.312869833437875, 2.2225267356698244, 2.9561587362850106, 2.040353520356471, 4.086168198579483, 2.1879848864836364, 2.4121368424720875, 2.319561352049136, 2.1949091658411963, 2.964491858226343, 3.138470974898008, 2.288354080565894, 2.2800225975183253, 2.70949369358338, 2.2310220355643984, 2.967523420389618, 2.432935268651854, 2.0773511621372514, 2.4650440848404047, 2.6854780718249778, 2.2124219895171966, 2.376059719080736, 2.2675013670554813, 2.7211650411121426, 2.399562519203159, 1.9466268758290233, 2.345675224620044, 2.247657993763856, 2.1969404682244225, 4.029802020647611, 2.199445194331808, 2.469832470021816, 3.0399302701691475, 2.7559827783389172, 3.8606801248660263, 2.2054576309876466, 2.0409776661024606, 2.1169476257837925, 2.6229493656636373, 2.085584493628867, 2.8303825141643797, 2.3662187569867936, 2.9028683059935805, 2.571166801246692, 2.373616729204846, 1.8694400962113493, 3.2374373967065204, 2.0271178239403946, 2.213604576895127, 2.335298476106033, 3.954895195607536, 2.424817438305706, 2.2067754038074607, 2.3660126588603427, 2.2107855456260705, 2.8536859005191055, 1.9830434457416604, 1.9177339203154078, 2.3172641957786526, 2.1269558981688843, 3.1616051784975463, 2.507803239187188, 2.2419809368238597, 2.83325099915136, 1.934191612589479, 2.024130329352069, 3.998293486342017, 2.3084247549388146, 3.2410658454379506, 2.6517042351993445, 2.402906912509577, 2.3852059650082915, 2.9355276166572777, 2.0145010640792425, 2.2580402039002467, 2.371812714801793, 2.6488209225665935, 1.8907910419470022, 1.9734645229572578, 2.372857538417852, 2.174167687643621, 2.053057168687078, 2.369084391188857, 2.309547497612452, 2.201078267315778, 2.2190672871064665, 2.239931528075419, 2.290884392857575, 3.131977285087132, 2.3487691899213847, 4.538275289822879, 2.015479980055308, 2.525941001246112, 2.1679368759113093, 2.3890439708364766, 2.0281293205982736, 2.0947273395256185, 2.1909784364401026, 2.1278871820293297, 2.717045321432076, 2.2802625121255513, 2.197656227416709, 2.200385350233702, 2.2327723410730385, 2.9378813739579583, 2.0531576900940722, 2.368048991454704, 2.1618711748203703, 4.302864976671497, 2.086070276719756, 2.147862670375452, 2.3076534960941277, 2.0161473079279166, 2.1772043684883684, 2.2092363028861555, 4.058281359265747, 2.203401796590587, 2.2235645025952158, 2.246338107912004, 2.0820546182578195, 2.158523217091569, 2.789608799817388, 2.3810150256814775, 2.4719347853565647, 1.970183098035579, 2.413738933802905, 2.3880471788503552, 3.3021847522807155, 2.0917445711012284, 2.268673387975939, 2.360972538684968, 2.2220418866855556, 2.515263951515897, 2.0768736854540286, 2.670794713256144, 3.5305798193878712, 2.233006888893221, 2.166154644756892, 2.9725382366527535, 2.1382047620690905, 2.139062788495254, 3.7587476115209038, 2.2401872315039624, 3.369342744500746, 2.3809400877989764, 4.661921064729732, 2.234351019340258, 2.6057863153312573, 2.516432448571279, 3.8652335627926924, 2.4407964644581606, 2.4404716209655155, 1.9158994046377642, 2.145214559559949, 2.1379126217300133, 3.6627051163758484, 2.8774235529385677, 2.0679943648791275, 2.2581396078330016, 2.1261331359681233, 2.405309903035615, 1.9242017553843802, 1.9542904939418224, 2.333665324441184, 2.163905711845672, 2.3423136250068333, 2.0797165564955824, 1.9258279173981674, 2.090728362502397, 3.125047418042773, 1.9474222896123417, 2.413397164357693, 2.804804010282825, 2.5331149452273936, 1.9892080266860273, 2.360317263282142, 2.6718387159188244, 2.280868096971064, 2.639123245200305, 2.620133151406558, 2.7670621238287088, 1.9301687324899832, 2.7048097115043794, 2.5332660429482643, 2.1966295899227695, 1.9865552039295717, 2.537565303068621, 2.0267782208202796, 2.35929420861286, 2.0167971026066653, 2.3796734972265408, 2.35137999013523, 2.2959923099554778, 3.6478352046287132, 2.3227659018210907, 2.1832546218463, 2.448909945845096, 2.1695985492452783, 3.530283871098474, 2.3504687397596147, 2.3368233867663406, 2.436572427654423, 2.535165881907969, 2.7923666465321615, 2.911746901486123, 2.9698081030377503, 2.19014889465647, 2.1969695113130667, 2.5299562365796335, 2.396668302688002, 2.4397277887756874, 2.1372062272516548, 2.127188244121323, 3.0593757825995866, 2.5044335664565303, 2.5306691596470117, 2.9734421280038674, 2.370002489786192, 3.0914649549034543, 2.008156882284049, 3.0308136086079496, 1.969088247286298, 2.1165082890875055, 2.374592641449308, 2.063794383667749, 2.1163937027642348, 2.5675716836477727, 2.5558719118203173, 2.2202344722516987, 1.9327256565680888, 1.777790279580943, 1.882239354994454, 4.058297822564343, 2.754230317878415, 2.696641843003499, 2.263628675671564, 2.2203485916741323, 2.419228384284233, 2.050986281859062, 3.0141694510053676, 1.9314759639536523, 2.3450383792543836, 4.246899082406243, 2.2136654887560043, 2.0862571837108854, 2.094956544184089, 2.674943880063751, 2.009968382691744, 2.1770719263786, 2.207762997389066, 2.0630719572303815, 2.1939884233368963, 2.0432295739982385, 2.3286529667859197, 2.374536010863397, 2.1671722576932972, 2.6795196393714966, 4.153102949421305, 2.1733297035526102, 4.001836494243389, 2.138349261591644, 2.154971925092125, 2.5839251734956306, 2.318649577594194, 2.596775950302037, 2.2251363768549743, 4.085540425662647, 2.957252659239617, 2.631206915841907, 2.5509266312098267, 2.1768333638018027, 2.470510845351005, 2.427612048659449, 2.383577132910186, 2.6750112136659268, 2.135077603923381, 4.150107796797679, 2.6800406977745315, 3.0728649241753403, 2.6715275615065255, 3.769066521221227, 4.5142985678087895, 2.198135387207953, 2.866383549544625, 2.411026530763966, 3.02647548429716, 2.174298449370404, 1.9497567242037321, 2.060978737973076, 2.97561528447196, 2.6011624239576325, 2.097115641402426, 2.2462221996026344, 2.063931101130785, 2.1094532724775195, 3.013643280553217, 3.0726558665315444, 2.553364426416305, 2.080190891884836, 3.9803876561859184, 3.4874625662421037, 2.1759808458608463, 2.655226158262047, 3.1094242129003176, 2.4213108804087695, 2.2014842607376472, 2.0487131025000584, 2.586631006951368, 3.8458092810017606, 2.9264507279811633, 1.9004096840787565, 3.005155063371319, 2.1251672746252948, 1.92729176038752, 2.6887453159257477, 2.0046199863387475, 2.6568480147236753, 2.4240044301855814, 2.3593561471397124, 2.558624077058349, 1.9366397980652326, 1.9253410168330394, 2.01723733693501, 2.298719408952742, 2.8496433139183943, 4.495316159087954, 2.017282885697554, 2.038212984038611, 2.8299923483215896, 2.2832396281968483, 2.14797575695832, 2.2926776691741395, 2.01657878267585, 2.3949769598975212, 2.1531601192819316, 2.0947800001244876, 2.388350056899318, 2.380656050718224, 2.189283882446221, 2.1280847401778393, 1.9735865802492871, 2.0505449300564784, 2.2465352147403674, 2.3272627739383305, 4.116140531942811, 2.0317651096300553, 2.6521434938666135, 2.7628489956886, 2.5693078813933554, 2.1266837230678584, 2.286416075292299, 2.426275171177943, 2.1969168177548872, 2.044755072099663, 2.4571704315081897, 2.6768865279627123, 2.1128430720411138, 2.173145506378971, 2.291428318013381, 2.616879626012041, 2.3407251768263957, 2.4423215626799, 4.611381444685967, 2.594568890769349, 3.171689323126937, 3.8825080897897006, 4.488884873690688, 2.3095319219093735, 2.977018978748353, 2.1988462354457425, 2.2213757948018538, 2.1159691127125835, 3.722872245284446, 2.1566296703120957, 2.8875362189819, 1.9755238117855205, 1.921768912418033, 2.8226641720680155, 2.0838942716646334, 2.4832271216059496, 1.91956058275813, 2.6926517406815287, 2.563795978509005, 2.583882302843593, 3.06857466789166, 2.502924812313805, 2.0404973017291574, 3.6615650696378825, 2.9784043044791018, 2.288789322885552, 2.0307363861232375, 1.9363800097154642, 2.0203319673265963, 2.4782954262751455, 1.9665128394048172, 3.298502470859133, 2.2329440630138495, 2.380984840017266, 4.36511385851145, 2.290542414943416, 2.9806936880715544, 2.455069178039324, 2.5369688319929513, 2.2050531399659823, 3.893842574573662, 2.144401667618238, 2.2181548510098326, 1.9755774725198216, 2.224738025915879, 1.9597633161406047, 4.004179519654375, 2.526090874351311, 3.789271038005526, 2.3957653335534923, 2.5546174180526195, 2.5334094257965645, 4.315088713436177, 2.0196256921048765, 4.035791711396053, 2.341194412688928, 2.0965150791652434, 2.3441629354892246, 2.304622671762608, 1.9294184164042403, 2.087128287098333, 2.52179482786568, 2.272375084647714, 2.1297378900536934, 2.30099940778642, 2.3497007780189745, 4.043669135091727, 2.2478287662137255, 2.9227331456261774, 2.3862054118561904, 2.4527065816034517, 2.0320642444666497, 2.980574347647794, 2.2486384235133614, 2.243216437662576, 3.517702176677659, 2.002079622890255, 2.4415446198540134, 2.283464376436085, 2.255923422830401, 4.266367823650512, 2.445684567896655, 2.4993082019753023, 2.3997493186762537, 2.228055688179234, 2.252737714771915, 2.0046941501185187, 2.10884891676008, 2.628260066489011, 2.3674667345962797, 1.9563596111093102, 2.6145102352028218, 2.587516899777178, 2.8763926934745316, 2.1002814040810502, 2.2640656589047046, 2.018771859038655, 2.0157732881365127, 2.538523213250788, 2.630506556587885, 1.983651739297323, 4.143614806465575, 1.9794157043807092, 2.571805404666207, 2.35151728669132, 2.2574838998463576, 4.4132324999451935, 2.1686091611706395, 2.4848892094868313, 2.1719748021362406, 2.3831036427990653, 2.775873583298444, 3.0624382540035993, 2.7046100785262808, 2.3520736737172303, 2.1413547290655632, 2.6955187571265564, 2.221394642565665, 2.7011090175675663, 3.433273832975276, 2.052113553221033, 1.9794961739971466, 2.147548540978595, 3.457388065013746, 2.6066167801034528, 2.4592012068834657, 1.9169800097629515, 2.1656853646801006, 2.254646992853737, 2.2126150692950284, 2.0406330327712103, 3.9957286626684225, 2.0738836294285, 4.3083943572523244, 2.2729411226955727, 2.319366950571697, 2.0707712687473414, 1.9383612271600077, 2.3624991242163023, 2.1198596052926546, 2.080732222709361, 3.3840505968406203, 1.7598930090573859, 2.6600170761553557, 2.3394920019898313, 3.0170588535180336, 3.301305009033222, 2.7115815215076275, 2.0076642435657996, 2.5995148152711187, 2.100530681119004, 2.433615842887026, 2.4815944779906816, 2.3494393137986207, 2.348830554955007, 2.115480641500471, 2.2986604958102665, 2.024514719502383, 2.86724259038634, 2.3584185833511326, 1.9248384097980686, 2.4010372191590363, 2.021190741391645, 2.2423102276457034, 2.415627483075376, 2.0890073596192216, 2.5371392584115084, 2.029529220234015, 2.3756812183240843, 2.006830510084878, 2.6669105032640097, 2.4708000528650604, 2.3428321443207913, 2.772069476302508, 2.5283388551117865, 2.293369329491724, 2.070139660190712, 2.451778332164364, 2.9117728725963845, 2.172365926304829, 2.1726028373703965, 4.419626117941335, 2.1457269820084472, 2.905120315167106, 2.8916919781626724, 2.0872619446080822, 3.2078785848544458, 2.167303474445423, 2.286181939090406, 3.922012581409538, 4.179997038276734, 2.184313494732711, 2.207562184930236, 2.2816757528924954, 2.3471385149801884, 2.9739136720980586, 1.8200371297250737, 1.9668254308588227, 2.61994792752345, 3.904542533740184, 3.7717121788482983, 2.87945693867487, 2.5715066334246806, 2.222267786812598, 2.2807522124657362, 2.3508052015857612, 2.9182967198130423, 1.933533511503064, 2.4266146119031866, 4.343438632765666, 2.269278292874033, 2.0423001508632277, 2.015423239668162, 2.5986751125294396, 2.09968116011405, 2.377103676608476, 2.3502257704109257, 2.1819222600308827, 3.676375968787555, 3.469523107539249, 2.287284571899205, 2.8167364415870626, 3.2905783513796454, 2.194802018474755, 2.8899052847253364, 1.9704733975387245, 2.0434964414801984, 2.7228056804676997, 2.4252984856515987, 2.924164416457204, 3.9593613833110437, 2.3159757940418895, 2.718190520734645, 2.750258622578319, 1.9473545433230701, 2.28793602322213, 2.4635359203639826, 2.659340351230056, 2.455927638125332, 2.543095151775913, 2.022084297020334, 2.1507746120472335, 2.5880772541303285, 2.485284607704183, 3.2739084939825696, 2.617684402956824, 2.566713108040955, 1.8560298241545652, 4.308231353337469, 2.39245764213473, 1.9375146484354788, 2.726684946017413, 2.2378770038606213, 2.8620202179636958, 2.197192886556345, 2.836289110284033, 2.612699622601452, 2.2146393996874956, 3.7231559007912396, 2.3178654832301246, 2.3138802026503424, 2.581513973555751, 2.7844846284080935, 2.233086014637348, 2.1251650449964212, 2.413320655828208, 2.198513714117622, 3.61266277891497, 2.3758395266858825, 2.1727941129309696, 2.4239805271093076, 2.5370429957727225, 2.0802144515896006, 2.506939451592611, 1.9818528953275731, 2.7136494952923442, 2.1813855519350023, 2.3653015798802857, 2.8310461012944774, 2.7216668992656716, 1.8908767156215578, 3.0932096398312177, 2.357754325865911, 1.9029858863967157, 2.3074278472765393, 2.453355673354874, 2.3260221911261425, 2.0993155427382217, 2.5979639914429002, 2.2808467013081963, 2.185584178187327, 2.4156353363102974, 2.9402937723361564, 2.170313775776736, 4.057755021894145, 2.432400465072284, 2.711223649064894, 2.199410296726644, 2.527707050011472, 2.4897665215457776, 2.1122905144147093, 2.06601352029511, 2.377708539723636, 2.5673938571670387, 2.7200528336912537, 1.9584958040242877, 2.084953093541185, 2.3177362756305007, 2.4864308298355997, 2.525591800331875, 2.6953328201299813, 1.9585495161338167, 2.3937636238813997, 3.546957246420474, 3.64679165113987, 3.9114781809105423, 2.5888417449335828, 2.5161145805396874, 2.3295589915825743, 2.4705996306985814, 2.442217810766629, 2.249881576720857, 2.3652735852191165, 2.1746485938466638, 2.0149253445741437, 2.285532286917025, 2.5106886568506783, 3.066971975946946, 2.2939033494663805, 2.7319797672679322, 2.390765258788402, 2.1126979061092888, 2.559779748172999, 2.4862069111312426, 1.9662725304162219, 2.303092493061845, 1.8953569127303154, 2.7977711292752376, 2.5506691549056395, 2.0659224730379098, 2.468984384951228, 2.2104063962636156, 2.7231326250638337, 2.0121576058510002, 2.339074370337738, 1.8838141715346377, 2.3418430898934375, 1.9877071498107437, 1.9894108486159472, 2.05152344578749, 2.2553887182205012, 2.636513319004419, 2.972478143377686, 2.5678340259084065, 2.8774083880699868, 2.464009016183845, 2.1659621419208444, 2.1022192544652496, 2.2762735962168037, 1.9457059544558606, 2.4989088044685492, 2.287771433838501, 2.33636624385924, 2.6333104650577863, 2.9416704544314696, 2.1740272410801307, 2.2452808844435665, 2.357164407853617, 2.5253268782752567, 2.876542985614167, 2.2603989722991313, 2.7120838431134398, 2.806422207597802, 2.166576059082555, 2.6988163925324775, 2.391317523056007, 1.906902738711786, 2.3038827872317755, 4.590060405543941, 2.378115805784399, 2.5463425529204424, 3.130695052979969, 2.266152988468213, 2.4436458703942545, 2.0335736362185464, 4.232065385820862, 1.969314420452035, 1.945933769443985, 2.153201943503202, 4.453220021986688, 2.1371367221197772, 2.7831310844786494, 2.6007260641637346, 1.9186213358615283, 2.1270774049177414, 2.856726592826475, 2.216918642031966, 2.0754831204878843, 2.305193159989413, 2.6514126822433712, 2.296406850958094, 2.141140301282717, 2.2563049190503466, 2.3988183478741667, 3.969299365530129, 2.054627953233727, 2.9077508799813385, 2.1932178176892902, 2.347043987935279, 3.575313028561492, 2.5063232365552475, 4.214544818711175, 2.087933064043116, 2.313997410439054, 2.333802742171744, 2.850912492271182, 1.970749449410617, 4.5568200272050365, 3.5215776007624275, 2.3052093733016625, 2.1450229406278667, 2.265934179635348, 2.2341236188990465, 3.220393077935775, 2.129221888594461, 2.4041343409415035, 1.995701399589239, 2.2927236837799483, 2.211802811233879, 4.2134593693258084, 2.141789345107465, 2.3016909605859697, 3.3089555713642236, 3.861819514056278, 2.433795538739929, 2.7024375745897653, 2.07970085002574, 2.5653475189926422, 2.7339877465836606, 2.2143361550182936, 2.3102600671607125, 2.122290966824326, 2.1843006727378333, 2.3497429910516408, 2.1265537027396726, 2.5831480147129913, 2.3738860015251806, 2.7627389958093556, 2.2212647233252825, 2.421190658185534, 2.50896535658915, 2.5040833354277643, 2.401575247878498, 3.2312656805289746, 3.127705855178351, 1.9821203584876461, 2.5383018805513884, 2.38448626531798, 2.2122424825882434, 2.2201023967621687, 2.9329289418745192, 2.4579482961467796, 2.3859626734832067, 4.344118725017637, 3.8647896910694266, 2.34319776169662, 2.535004405788357, 1.9417668429946802, 2.147993034075147, 4.205374779508581, 2.4592986581718943, 2.4381310814688337, 1.908872330030078, 2.494358038046734, 2.4603929459471954, 2.7142404892896552, 2.339189813964237, 2.215427754672371, 2.0246445081128925, 2.2449233875629826, 2.2628150122869255, 2.7631526251468768, 3.243800653502115, 2.575549883584915, 2.053649645971663, 1.9499454854900642, 2.0076709819862844, 2.2616554516841094, 1.9265468205442247, 3.8528340775919827, 2.2248843319388922, 2.2112000261634237, 2.3502835658103405, 2.6885100792177132, 2.3000686247565723, 2.2117854243158166, 2.1770956618481785, 2.159771425611527, 2.3549962269097677, 2.5446196903756793, 2.6271189360199076, 2.692435152208792, 2.825324621337773, 2.205573515492974, 2.1272185722909023, 3.320016387805509, 2.4502622728985646, 2.2250778097438113, 2.2460812412537337, 2.8770968583658365, 2.4387148762701094, 2.700062271769935, 2.3766297793013567, 2.3020514128481, 2.9386136229915625, 2.103680164898402, 2.2589023433741344, 2.2106993331469464, 2.2023996526392104, 2.8921577922981347, 2.269348175444071, 2.7377202819131394, 2.189361187519961, 2.099088109037564, 2.087637782410071, 1.8893052098998697, 2.3519580564722258, 2.546327543269569, 3.149900048923315, 3.698465961795659, 3.351630016857715, 1.9134209236965642, 2.6662255669685035, 2.7342100522126755, 2.1164685784535857, 2.4361113092039495, 1.9305775538786418, 4.318892905066788, 2.1008594887237724, 2.334751165586651, 2.2275597753504894, 2.2612722520223936, 2.586327913214474, 2.2916671210212867, 2.2973050601669627, 2.5793692438779487, 2.154175261416383, 2.3154800302856358, 2.1903508049212945, 2.2955662925041818, 2.2544339984243313, 1.939799939797612, 2.1761493582609095, 2.4183983794803834, 2.1469074820762146, 2.582929939217152, 2.625853376547916, 2.55828558195707, 2.410059811712196, 2.029600673451038, 2.2301103002438216, 2.2384765663277406, 2.2258293276198793, 2.977186599893537, 2.843714214345516, 2.278916316996533, 4.274367769475647, 4.416015200524466, 1.9894249844388057, 2.740407429982266, 2.537038668757735, 2.4470816415799863, 2.4627297252883, 2.20369536507128, 4.181716305989415, 3.710379319171452, 2.4171826395465694, 2.3256904465058272, 2.0990766312915987, 2.2293631254520476, 2.547950087991296, 2.390972083104552, 2.292150592066594, 2.3837711677673856, 2.0918361217990618, 2.6878070825658353, 2.593230203514254, 1.9056776340640447, 2.4816470507397597, 2.8737447159954854, 2.503967995967293, 2.2079283684951605, 1.9658087363831134, 2.420032099707639, 1.92487924661966, 2.1176811179254527, 2.311202345550048, 2.204493434870496, 2.2816219392767407, 2.31462685336279, 2.814128869504707, 2.232817122338509, 2.3895201177272063, 2.033998569641707, 2.3781172917967086, 2.0407288422372516, 2.310209353284471, 2.3299422976935187, 2.305524113330352, 2.1787271892864912, 2.769656700217328, 2.3545897991761935, 2.0245780877668076, 2.285570089962683, 2.4980258950542376, 2.780325593396159, 3.8360562116982706, 2.1908160598001523, 2.483654609781781, 2.275543947065851, 2.2031969525035917, 2.2782938065638225, 2.4330858150408012, 2.210670303582807, 2.4351863634537017, 2.4560493771471794, 2.288547786621482, 2.3958280778233605, 2.7559853239547727, 2.2729764546124414, 2.505609737036165, 2.4488256118418197, 2.2350530733756724, 4.209958186145557, 2.2928824234282796, 2.5767250950282605, 1.9398952068786, 2.2846619192399134, 2.31283199897186, 2.269597837139169, 4.3002858809751965, 2.1874355743172287, 2.337048441537156, 2.1964124985647135, 2.2880055080339026, 2.499080944039459, 2.3868041257198698, 2.595874106571408, 2.2449333869574573, 2.0913236377094404, 2.0731940562344207, 2.9374606133058134, 2.1073640237625697, 2.2313258434472925, 3.5281069543782566, 2.0446408680425554, 2.5121839127797165, 2.205639935839059, 2.1008249344901184, 2.491125474558693, 2.0154640764897533, 2.2226043841150736, 1.9792802853685512, 2.8126291759191178, 2.4072700704720016, 2.17544682588619, 2.451798709020704, 2.4485314585477154, 2.1291844799301725, 2.6257183720826713, 2.1265962200094832, 2.226224176233194, 2.3692115570864085, 2.1689228114862193, 2.4682528454538932, 1.967170973195365, 2.1845343570642664, 3.5565754687758204, 2.5008119787927634, 3.4187456632502924, 2.2059436641019383, 2.279735660495395, 2.6742612395891756, 2.771251622396441, 1.8991107590227538, 2.234094119977855, 2.3729998651850766, 2.0636095716717513, 2.1565058515176574, 2.0759636192084363, 3.9728720191257896, 2.880370378258943, 2.0039602048041134, 2.8692443986159537, 2.197855356212203, 2.4157075295633987, 1.931766080473, 3.9078500575522503, 2.1834571255060378, 1.950724242746051, 4.075844506583652, 2.1954936171512167, 2.933326583377179, 2.2234125191177823, 2.5901701852986725, 2.783123875135007, 2.1925200660576163, 2.4561097916210533, 2.104015827520491, 4.234989154295093, 2.2928805149081017, 2.016957761771807, 2.063558340321839, 4.073846580681235, 2.271568186375884, 2.3447165773304226, 2.35228256976614, 2.8551718537407083, 2.1399344975715318, 1.8627495694270022, 2.2681100298911856, 3.9797750393140405, 1.9800078382937842, 2.8378286599390106, 3.5719763280442693, 2.7746178382227504, 2.2695558442175066, 2.424123023401059, 2.2919714536757114, 2.235275190001861, 2.368112199331417, 2.0040611555798096, 3.4344593213343533, 3.6005547554299033, 2.1416363921594757, 2.4702401252208093, 2.0215304010199353, 2.198949325717322, 3.3853327249136855, 1.9184564179281782, 2.8465367193486513, 2.4593885284215085, 2.0841839296916307, 2.9646185832450667, 2.118474997848664, 2.0488562258115377, 2.4294553084615242, 4.04611699752972, 3.1200497479977702, 2.507862895742639, 2.297811903413616, 2.0598002995621183, 2.5089219263569595, 2.7758013721629986, 2.390289049572592, 2.243757967500644, 2.0931350468550645, 2.3595753509744926, 2.2194815945388076, 2.66307703305665, 2.745288064974914, 2.1902022168970303]"
2.25,7000,0.6354814500024952,0.6354814500024952,0.014357566833496094,0.3065623303023571,"[5, 3, 3, 3, 3, 4, 4, 3, 3, 3, 1, 3, 3, 2, 5, 3, 2, 3, 2, 2, 3, 3, 3, 2, 2, 4, 3, 1, 2, 3, 3, 5, 1, 2, 3, 3, 2, 3, 1, 4, 4, 3, 2, 3, 4, 3, 5, 2, 1, 2, 5, 3, 2, 3, 5, 2, 2, 3, 3, 3, 3, 3, 1, 2, 3, 3, 2, 4, 1, 2, 2, 3, 2, 3, 2, 3, 4, 2, 2, 2, 1, 3, 2, 1, 3, 3, 2, 3, 1, 4, 3, 3, 3, 3, 2, 1, 3, 3, 5, 3, 3, 4, 3, 3, 4, 1, 2, 3, 1, 3, 3, 1, 4, 4, 4, 3, 2, 2, 2, 3, 3, 2, 2, 1, 1, 2, 3, 2, 3, 1, 2, 2, 3, 2, 3, 2, 2, 4, 2, 2, 2, 2, 3, 3, 1, 3, 2, 2, 2, 2, 3, 2, 2, 2, 3, 3, 3, 3, 1, 3, 4, 1, 2, 4, 3, 3, 1, 2, 3, 2, 3, 2, 2, 1, 2, 2, 2, 3, 2, 2, 1, 3, 2, 2, 2, 3, 3, 4, 3, 2, 4, 2, 3, 3, 5, 3, 1, 3, 1, 2, 3, 3, 3, 4, 3, 4, 2, 3, 1, 3, 2, 3, 3, 3, 2, 3, 3, 3, 2, 3, 2, 3, 2, 2, 3, 4, 2, 3, 5, 2, 2, 1, 2, 4, 3, 4, 3, 2, 2, 4, 3, 4, 4, 2, 3, 2, 3, 4, 1, 3, 2, 2, 5, 2, 1, 4, 2, 2, 2, 2, 2, 3, 3, 4, 2, 2, 4, 2, 1, 4, 4, 3, 5, 2, 4, 1, 2, 2, 5, 3, 2, 2, 3, 4, 5, 3, 2, 4, 3, 2, 5, 2, 1, 4, 2, 3, 2, 2, 3, 2, 2, 2, 2, 4, 3, 3, 4, 2, 5, 2, 3, 1, 3, 3, 3, 1, 3, 1, 2, 3, 3, 2, 1, 4, 1, 3, 1, 4, 1, 2, 2, 2, 2, 2, 3, 3, 3, 4, 1, 3, 4, 2, 4, 3, 2, 3, 3, 2, 3, 2, 3, 2, 2, 3, 2, 2, 2, 2, 3, 2, 2, 2, 3, 2, 5, 2, 3, 3, 2, 2, 2, 3, 2, 3, 3, 2, 2, 2, 4, 3, 3, 3, 4, 2, 2, 4, 2, 2, 3, 1, 2, 2, 3, 2, 2, 3, 2, 3, 2, 3, 2, 4, 2, 1, 2, 3, 2, 1, 2, 4, 3, 3, 4, 2, 2, 5, 3, 2, 3, 5, 2, 2, 2, 3, 2, 2, 3, 2, 2, 5, 1, 3, 3, 2, 2, 2, 3, 3, 2, 3, 1, 3, 2, 4, 2, 3, 4, 3, 3, 3, 3, 3, 2, 1, 3, 2, 3, 3, 2, 4, 4, 3, 3, 2, 3, 3, 4, 3, 2, 2, 2, 2, 2, 2, 3, 2, 3, 2, 1, 3, 2, 3, 3, 3, 3, 2, 2, 2, 3, 3, 5, 3, 3, 5, 4, 3, 2, 3, 2, 3, 3, 1, 4, 2, 3, 3, 4, 4, 2, 3, 2, 2, 2, 3, 3, 2, 4, 3, 1, 1, 2, 2, 3, 4, 2, 2, 2, 2, 2, 3, 3, 4, 3, 1, 2, 4, 2, 3, 2, 3, 4, 2, 3, 2, 3, 3, 3, 2, 3, 2, 3, 2, 3, 3, 4, 2, 3, 3, 3, 5, 2, 2, 2, 3, 3, 2, 2, 2, 2, 4, 4, 2, 3, 4, 4, 2, 2, 2, 2, 2, 2, 2, 5, 3, 2, 1, 2, 2, 2, 1, 2, 2, 3, 3, 1, 2, 2, 2, 2, 1, 2, 2, 3, 2, 3, 2, 3, 2, 3, 2, 3, 3, 3, 3, 3, 3, 2, 3, 5, 4, 4, 2, 3, 1, 2, 3, 4, 3, 2, 3, 2, 4, 2, 3, 1, 2, 5, 2, 4, 2, 3, 2, 2, 2, 3, 2, 4, 1, 2, 2, 2, 3, 1, 3, 2, 1, 3, 3, 2, 3, 2, 1, 1, 2, 2, 2, 1, 2, 2, 3, 3, 2, 4, 2, 2, 2, 4, 3, 2, 1, 2, 3, 2, 2, 3, 3, 4, 2, 3, 4, 4, 2, 3, 2, 3, 3, 3, 1, 2, 3, 2, 2, 3, 1, 4, 3, 3, 3, 2, 2, 2, 3, 2, 4, 3, 3, 2, 3, 4, 2, 1, 3, 2, 2, 2, 2, 3, 2, 2, 2, 4, 2, 3, 2, 2, 2, 3, 3, 2, 4, 1, 3, 2, 3, 4, 2, 2, 2, 3, 3, 4, 2, 2, 2, 4, 3, 4, 1, 2, 2, 2, 3, 3, 2, 1, 2, 1, 3, 2, 5, 2, 4, 2, 2, 1, 2, 3, 3, 3, 4, 2, 3, 3, 3, 2, 3, 2, 3, 2, 2, 2, 3, 3, 2, 2, 1, 3, 1, 3, 2, 1, 3, 3, 2, 3, 2, 3, 3, 4, 2, 3, 3, 3, 3, 3, 4, 4, 3, 1, 4, 3, 2, 3, 2, 3, 2, 2, 5, 4, 2, 2, 2, 1, 2, 1, 2, 2, 4, 3, 4, 3, 3, 3, 3, 2, 2, 2, 2, 2, 2, 1, 1, 4, 2, 2, 2, 3, 3, 1, 2, 3, 3, 3, 2, 2, 2, 3, 3, 3, 2, 4, 3, 2, 3, 2, 3, 3, 3, 3, 2, 1, 2, 4, 2, 2, 1, 5, 3, 2, 2, 2, 2, 2, 4, 2, 1, 4, 1, 2, 3, 3, 2, 1, 2, 2, 4, 2, 3, 2, 1, 2, 3, 1, 1, 1, 4, 2, 4, 2, 3, 3, 1, 1, 2, 2, 3, 4, 2, 3, 3, 4, 2, 5, 3, 3, 2, 2, 2, 3, 3, 1, 3, 3, 2, 2, 4, 4, 2, 4, 3, 3, 3, 3, 5, 2, 3, 3, 2, 3, 3, 4, 3, 2, 1, 3, 3, 3, 2, 2, 2, 3, 4, 1, 3, 1, 3, 3, 1, 2, 2, 3, 2, 4, 2, 3, 2, 2, 2, 1, 2, 3, 2, 3, 2, 3, 1, 1, 2, 5, 1, 1, 3, 4, 2, 2, 3, 3, 3, 4, 3, 4, 2, 3, 3, 3, 3, 5, 2, 2, 2, 2, 3, 2, 4, 1, 2, 4, 4, 1, 2, 2, 3, 3, 3, 3, 3, 3, 3, 2, 3, 3, 2, 3, 1, 4, 2, 2, 4, 2, 1, 2, 3, 2, 3, 1, 4, 4, 3, 2, 2, 3, 4, 4, 4, 2, 3, 2, 4, 1, 2, 4, 4, 2, 2, 3, 4, 2, 2, 3, 2, 2, 3, 2, 2, 3, 4, 2, 2, 4, 3, 2, 1, 4, 3, 2, 3, 4, 1, 3, 3, 3, 4, 4, 3, 3, 2, 2, 4, 2, 3, 1, 2, 4, 2, 1, 2, 3, 1, 3, 4, 2, 2, 2, 1, 2, 4, 1, 4, 2, 2, 2, 3, 2, 3, 3, 2, 2, 3, 2, 3, 4, 2, 2, 3, 2, 3, 2, 1, 4, 4, 1, 3, 5, 2, 2, 2, 2, 3, 3, 3, 3, 2, 1, 1, 2, 2, 4, 4, 3, 2, 2, 3, 2, 3, 1, 4, 3, 2, 1, 3, 3, 2, 2, 3, 3, 2, 2, 4, 2, 2, 2, 2, 3, 1, 2, 3, 3, 2, 2, 2, 3, 3, 2, 2, 2, 4, 2, 3, 3, 3, 2, 1, 3, 5, 2, 2, 3, 3, 2, 4, 2, 3, 3, 4, 2, 2, 2, 2, 3, 2, 2, 2, 2, 3, 1, 2, 2, 2, 3, 2, 1, 3, 2, 2, 1, 3, 2, 2, 3, 2, 1, 2, 3, 2, 3, 2, 3, 2, 2, 2, 2, 1, 2, 2, 2, 4, 3, 3, 2, 3, 2, 3, 3, 2, 2, 2, 3, 3, 5, 2, 2, 3, 2, 2, 2, 2, 3, 2, 2, 3, 3, 2, 4, 3, 4, 2, 2, 1, 2, 2, 2, 3, 2, 2, 3, 1, 2, 3, 3, 2, 1, 3, 3, 1, 2, 4, 2, 3, 2, 3, 3, 3, 2, 2, 2, 3, 3, 2, 4, 2, 2, 2, 2, 3, 1, 5, 1, 2, 3, 3, 3, 1, 2, 3, 2, 3, 2, 3, 3, 1, 2, 4, 2, 3, 3, 5, 3, 3, 3, 3, 1, 3, 3, 2, 3, 4, 2, 3, 3, 1, 4, 3, 3, 3, 2, 1, 3, 2, 4, 2, 3, 3, 2, 1, 2, 5, 4, 3, 2, 2, 2, 1, 2, 3, 4, 2, 3, 3, 2, 2]","[3.7349591484116917, 2.5320097280574676, 2.4190567544885737, 2.660425598363351, 2.69399098934992, 3.8658544964310453, 2.475628446880849, 2.3746938946807785, 2.6633096285924465, 2.7549246021256577, 2.376462404052819, 2.5768985563519893, 2.1700454796027864, 2.598289170327358, 3.9779794041747727, 2.6138754267426485, 3.008123325085871, 2.3641721316430484, 2.3643113129047877, 2.353174076330097, 2.516804063720268, 1.9478519225064095, 2.0909413062101185, 2.7259094018906174, 2.1058078481490905, 2.308096260369366, 2.0444569708773934, 2.6634733438650997, 2.6387628601089665, 2.4166870831309537, 2.6796610408954695, 3.3622640462642677, 1.9670304373026264, 2.3003781536313634, 2.4665834280993617, 2.388858325109614, 2.889735518824501, 2.6008817347247226, 3.367556452606112, 3.235634143097214, 3.444872349282015, 2.419421909591636, 2.2372034024830296, 2.831940613021945, 2.6923519874061075, 3.122529749874038, 3.14252791649619, 2.187016771435953, 2.034513781977257, 2.184211858151271, 4.088047300977184, 2.1136046521505727, 2.083427281486478, 2.5208716194269494, 3.9365051135894795, 2.273735110827329, 2.353590382191613, 2.153507925402683, 3.7805397716929985, 2.572624935099733, 2.4125243750964245, 2.348288370550692, 2.2514276439759593, 1.9823669918132718, 2.21778340868853, 2.2525939112915756, 2.180794865993505, 3.6675818792950063, 3.172272297560932, 3.945520691898392, 1.9690745381750836, 2.1981240069080603, 2.0850235325921522, 2.090561019077487, 2.0343808650861366, 2.235657383022052, 2.8184956114712487, 2.227538291394611, 2.097108052523332, 2.2805782042665097, 2.091297584265488, 2.284833745534725, 2.500703042392602, 1.96266801074851, 2.2681180993408105, 2.3998571252926784, 2.1759996862080677, 2.4189140467696113, 2.515251201992405, 2.0947367365403773, 2.6925929379087346, 2.543450955560579, 2.254304630260629, 2.384694669411182, 2.061400292095734, 2.3635635832823234, 2.6630195973070507, 3.224767653841041, 2.7611533661429757, 3.0597750981765985, 2.6186112306749862, 3.851336302398934, 2.243974639819648, 2.6938542860512973, 4.054560152615226, 2.0634706915369896, 2.2373534199519898, 2.219673205924891, 1.9352402307981837, 2.525587886295523, 2.2599087416982346, 2.083349039071228, 3.0327572468065287, 2.7642961110839943, 2.6126195566019557, 2.3984969890938315, 2.2154119020811183, 2.394408717429815, 2.172902403097371, 2.213052066434189, 2.5244263986937616, 2.2521802014476204, 2.729606275960875, 2.224909652582574, 2.2142219921208404, 2.7307723804412967, 2.6699019905810824, 2.046441375940054, 2.395488394818702, 2.2726866223022584, 2.7112832781782528, 2.5294283931141326, 2.6083584893233462, 2.261250720840617, 2.3292335412765515, 2.3514955268157363, 2.30321630846832, 4.102421593655226, 2.3560483985867133, 1.980248786239841, 2.3948154438311495, 2.0853812988467335, 2.440345197265844, 2.3221403063766415, 1.9542504196669492, 2.282784545387866, 2.714183172416625, 2.009334707772473, 2.430757332882326, 2.53981096336806, 2.321990319515457, 2.044562869759144, 3.8057231564883347, 2.289681662348669, 2.124784280966299, 3.395408821606481, 2.4969932828753154, 2.5190323058897257, 2.4514062468186415, 2.324336246257504, 3.5389930659052853, 2.1175025312925913, 2.3900952212173174, 4.16312157683792, 2.21863768643454, 2.551276256739215, 2.2067047240872375, 2.0161098091995977, 2.058128510545203, 2.423733424930184, 2.644344849987312, 2.078751302458261, 2.02518580477475, 2.109293008864453, 2.076665554255665, 2.386680163706769, 2.31790289034005, 2.0931380875390317, 1.97145239622486, 1.9765898059354168, 2.365938115154546, 2.694015547053204, 2.398843275012388, 2.7260494272227644, 2.058710037168234, 2.1598685153249586, 2.2367718909445182, 2.3095509436262365, 2.010954294021471, 2.2230229935216657, 2.118069609237288, 3.5635712991910835, 2.077561575000916, 2.778704995624711, 4.319921761879716, 2.054734112192815, 2.2230019743152583, 2.42415343005586, 3.235524408610834, 2.2729310265206575, 2.2727476044263133, 2.602624978510377, 2.6754435352471626, 2.5161910492045685, 2.2478515989555534, 2.138921129355217, 2.230374277403628, 2.3106846433408164, 2.1915954926469747, 2.5782360233088215, 2.223921703331223, 2.518824720545784, 2.3597353964217236, 3.7828782956383016, 2.498945007426298, 2.7152187247501725, 2.3256844343643905, 2.4879195593947876, 2.6962337589693846, 2.486461460492921, 2.061738432887247, 3.5210629673807388, 3.561830329646578, 2.1217513881159666, 2.431280530386775, 3.4580611776731174, 2.1705986497485683, 1.9634045759365115, 3.361405521662448, 2.4153320395290176, 2.184883591941025, 2.3069282790740395, 2.076496068356244, 2.2365712080177373, 2.455910051447857, 3.5572642565270103, 2.746269671751243, 2.084379700431417, 2.4757641619778097, 3.3998894561158504, 2.466369301425996, 2.521891646495374, 2.796173540573279, 3.096685921593796, 2.041209908444699, 1.986705199604415, 2.762202973835786, 2.7139829066148997, 2.4072631570119114, 2.542282199549221, 2.3989446872206726, 2.618484233250429, 4.012578749855889, 2.130657455309931, 2.4976812704612508, 4.007212978628276, 2.4031560756898798, 2.1258780078293196, 1.9926153160837374, 2.27042996602037, 2.0701542067224135, 2.9154313338752917, 2.577231472081257, 2.8063183240878082, 2.8673728274149752, 1.9895551261839475, 2.3530785296086885, 2.2219412725411596, 2.6178162207872946, 3.9353165045738985, 3.7411010996057055, 2.173913648745446, 4.25538883043957, 2.2358837791952197, 4.20814137007544, 2.2500011999813916, 2.803836844928623, 2.054133830016018, 3.6469606481399177, 2.201272002588494, 2.4300699603992175, 2.28167035653056, 2.168064470309971, 2.9436581374870374, 3.1113640721347924, 2.277849742096839, 2.197768352255591, 2.6172953171091904, 2.3919438547190475, 3.0121165618228627, 2.5946190981299293, 2.07094806553149, 2.503414821061377, 2.615796641066157, 2.2713321258999186, 2.3858999923324267, 2.265050965785557, 2.5747003820171352, 2.3463717623029052, 2.364349905047531, 2.5317587319622814, 2.359651217494528, 2.131857963330468, 3.8610572360445605, 2.1642385705564675, 2.7172412977436777, 2.994714089882808, 2.7140005230879445, 3.7258461459255487, 2.1591673987225297, 2.036203731450687, 2.102973997155856, 2.5903047334592744, 2.0640036865467715, 2.804323597317209, 2.3506911608466217, 2.820155458209249, 2.51950475967542, 2.3806956280095783, 2.0063708122579986, 2.9541271557708857, 1.982470322900797, 2.152295881402092, 2.304593088945632, 3.443373324058202, 2.577359535135266, 2.1580559271528656, 2.4034803371437286, 2.159812446499264, 2.9352201909130686, 1.9542212750012369, 1.9438829489394092, 2.3639622009256254, 2.212571344235499, 3.27878658255596, 2.4477838315562783, 2.2206093409417047, 2.5931938622294695, 1.995425208530748, 2.4254758337554727, 3.976701056909426, 2.3083976733244076, 3.31373209913925, 2.711596543579637, 2.352252776050198, 2.387291800098086, 2.9626836853434337, 2.0549723719667936, 2.1802402350692054, 2.4512036406370274, 2.72457842215922, 1.9666078396497981, 2.0277240402067838, 2.3977070438176313, 2.19426064081626, 2.078630654329544, 2.3354660423948186, 2.299361649305043, 2.2285292519625113, 2.1476883747044857, 2.300744630780707, 2.27571555771218, 3.091523603853398, 2.2871773873029966, 4.330140722636676, 2.132149080940408, 2.5484051893146242, 2.230621403761093, 2.4145110586932845, 1.9816171790499464, 2.174330975026754, 2.323821607038913, 2.0937470609428526, 2.6705977264325425, 2.3365019495255486, 2.1657474693858445, 2.1943758390775474, 2.129002946062634, 3.024309950018659, 2.0785458698474715, 2.38895469066902, 2.179559187083599, 4.208775014861396, 2.1290174054848485, 2.076898794646086, 2.3022939496050294, 2.0571468232800294, 2.2883671712070126, 2.319880187568169, 3.9844714510122925, 2.222218561926499, 2.209318662904873, 2.365115387467352, 2.141106233028858, 2.1514527718596526, 2.725883610043996, 2.3254031841788856, 2.4382332970386997, 2.083107091752284, 2.4899663793746014, 2.354753091877504, 3.2134640378359642, 2.05880798750479, 2.285747531443796, 2.4821013358385633, 2.1416164867309977, 2.4610570237211657, 2.0713507918213323, 2.538953526352125, 3.4065107335769316, 2.2539698536805903, 2.297548072575922, 2.8558167571431388, 2.08504472871267, 2.149744480115574, 3.557412666732569, 2.2783700282468913, 3.2750602165241682, 2.390889841556021, 4.435175163399016, 2.3054514942932416, 2.595535720267505, 2.743360135531176, 3.440766602823126, 2.349649295502728, 2.598649272300208, 1.945430265737225, 2.0791323358456735, 2.0852911336136923, 3.400215799211304, 2.8098290963341688, 2.013416577136276, 2.2455798443602473, 2.130507662277586, 2.4229505367440303, 2.008202040082291, 2.06565089887511, 2.2746686237497715, 2.1287907902259726, 2.2890593435538977, 2.0689529806877305, 2.0024795423906534, 2.059665105628238, 2.992856360468293, 1.9188423820624254, 2.416129360209823, 2.996833319431682, 2.455245793113754, 2.0453754689852133, 2.3610522604464506, 2.688617891071404, 2.27902491116959, 2.635685740120311, 2.6342992136192995, 2.830273491976015, 1.933394843555583, 2.6728287652260407, 2.57672011567376, 2.2501589673978257, 2.047612984457398, 2.5516534549968544, 2.035372103588156, 2.634747664267824, 1.991175304646044, 2.2730919161484104, 2.290657481825069, 2.331691889905917, 3.461678039377575, 2.256494439948659, 2.2305098042605715, 2.4515996614183684, 2.2224656306240633, 3.2703215126041245, 2.4037827017289124, 2.418993760248728, 2.5266017229480098, 2.6206765816412965, 2.6205517063829, 2.7808791699791415, 2.928624209489803, 2.2520621197692448, 2.218942021487859, 2.514088310778896, 2.357514712968798, 2.36946074463343, 2.1643631396981933, 2.0943365780447603, 3.009716897436072, 2.482999987619651, 2.4788186238381353, 3.2561526582400235, 2.3058806300466523, 3.0004593944600284, 2.2333781576734975, 2.906209528178531, 1.9659917456764036, 2.2396444367824544, 2.401696556230725, 2.010204799110076, 2.199565707051295, 2.5079778893039713, 2.4922298114946813, 2.32105998007277, 2.001012580954083, 2.1924454821101356, 1.9825225669473117, 3.5780488152071115, 2.679409528884548, 2.7006150874908634, 2.2935654498449565, 2.1992230056184323, 2.3262216760328505, 2.0931854454699645, 2.9051455271717415, 1.9977157143042272, 2.265076054457832, 3.90417800989684, 2.204859848918695, 2.1288597593384955, 2.05609885835108, 2.568503359568275, 2.062358419412399, 2.209933201709121, 2.209838287725366, 2.0175683672427445, 2.2214564112843096, 2.0999724583889745, 2.256667874043867, 2.4453437138687195, 2.1917037237983448, 2.6559318168472945, 4.041395233101317, 2.23888094710766, 3.9599020137699554, 2.0849228510196918, 2.267417509325428, 2.464042292032353, 2.3695479444498444, 2.535960980807326, 2.26060821367533, 3.6561919736865907, 3.01372294084842, 2.6523263493343183, 2.391170206843404, 2.170502344037346, 2.529734138374147, 2.5967570101982402, 2.3819113939913854, 2.640627818498425, 2.0876823209596322, 4.050675725383335, 2.623945748850412, 3.052084521522024, 2.5838942871662174, 3.6722704652428515, 4.005513323893617, 2.183465455908695, 2.820716645148633, 2.5370250817762674, 2.8099518439772337, 2.290679204770549, 1.9822968613848952, 2.084757338048984, 2.9790470507859976, 2.5848765660797635, 2.0586286903896895, 2.2689289361618727, 2.0168437248725346, 2.096486979387609, 2.945112431604273, 3.00707872716219, 2.518520743131553, 2.068552903912953, 3.9083275701283933, 3.39156732929746, 2.118606054317061, 2.616068013975858, 2.920745683435861, 2.422262667716925, 2.197799882450511, 2.029679300603732, 2.5955176684280925, 3.8543779919200034, 2.8922976999849235, 1.9584950245215236, 2.915414746018779, 2.1614646100045105, 2.0012448683704784, 2.588580765095183, 2.1194848518705074, 2.5911368457372537, 2.3019520064729524, 2.2910559574899936, 2.450889215631268, 1.9279368425221912, 2.0028902172256906, 2.05622744155256, 2.294898515339571, 2.8296972856021476, 4.061331215777539, 2.056189023584121, 2.0911509377680355, 2.646263346547347, 2.35985176613626, 2.076803412103755, 2.4397877783556434, 1.9913594459430444, 2.379050483489171, 2.1250460205497452, 2.1303730475015423, 2.4372552685786335, 2.353073229972074, 2.160000991078196, 2.1461957745541387, 1.9621976401036767, 2.0935577023365624, 2.1899440839938644, 2.370740361209412, 4.013901862762931, 2.0874831965617533, 2.7617222001972217, 2.793880851458871, 2.5894068124446648, 2.1473774582730187, 2.339768936580817, 2.345897860473726, 2.471414380310765, 2.033017689585321, 2.510055830571181, 2.6224998485539306, 2.0410125195723747, 2.531271457910903, 2.410050254939802, 2.5811097164254533, 2.2651510414345717, 2.34836295593879, 4.303201950836858, 2.5307660546616617, 3.1277334931303153, 3.594556233996191, 4.144827514724587, 2.2878979288204055, 2.853109562030161, 2.1690946768219304, 2.198356614192258, 2.1037993210985264, 3.3119551359355714, 2.1487684397337516, 2.7724885533914696, 2.156674332994169, 1.9404796468387335, 3.0469599236714107, 2.061866328444442, 2.540693736169418, 1.942342255929255, 2.634994105400352, 2.543913268280769, 2.587500748112364, 3.04973683111363, 2.3519818639461185, 2.097995546785363, 3.5596154275059098, 2.9664864146910657, 2.337767227949396, 2.075771948844756, 2.00228124382187, 2.0191240737236376, 2.470622390919003, 2.0335874170450827, 3.159603587543394, 2.2540228439818852, 2.378043987632366, 4.185990591865432, 2.298232405845957, 2.736454376220018, 2.45245854342136, 2.5607889014572, 2.1301542160022984, 3.8088577069842424, 2.107185236565719, 2.266496760906744, 2.0476964600388095, 2.170272676330881, 1.9738568311461235, 3.585266853298816, 2.517348539066075, 3.559406744670726, 2.4743348741635067, 2.5587113617786317, 2.4194321298381665, 4.1168995968634565, 2.0716166551707924, 3.7788208120521016, 2.358989761897231, 2.1202077678945437, 2.356485970161039, 2.377027980325873, 1.9994511466716407, 2.1902301509405753, 2.5701633546416844, 2.260940243162592, 2.1008879191034353, 2.280780131597351, 2.460747706301137, 3.6590020583398575, 2.2197832820701597, 2.718341681544811, 2.482573324794005, 2.50706661181042, 2.0437217304469244, 2.897719393956608, 2.2062922712282376, 2.1927432966597764, 3.3348869387770375, 2.2214539451229305, 2.4160176080522873, 2.2768350869685716, 2.561438810123458, 3.970828914590192, 2.307470257364665, 2.5399383045081616, 2.4455875644479477, 2.1329811929323608, 2.29925790530297, 2.06680695520612, 2.044381377977208, 2.533210095181943, 2.4548692447291134, 2.0028331730774838, 2.639041845585208, 2.513628204616173, 2.870955568091539, 2.086888777487392, 2.24058153419059, 2.054933153443428, 2.0538993183655685, 2.661354012220752, 2.669532784580275, 2.0191316628517884, 3.772863541608081, 2.0227045339166083, 2.622690405296765, 2.430404532644452, 2.2469208446897087, 3.9558040206192695, 2.243650419930912, 2.486676509639798, 2.2056000013036408, 2.37625688972119, 2.6992107627857043, 3.004945191978542, 2.641278959468751, 2.2944233126413858, 2.183092506046905, 3.008797842343765, 2.1983407171018694, 2.721538974267882, 3.5393934451091944, 2.0268112005461365, 2.0579178184535256, 2.0771637461525616, 3.2928984987507643, 2.6429245314166945, 2.501588739414043, 1.9445188325549498, 2.245328542017737, 2.180698905316991, 2.153130478647489, 2.067424651633251, 3.9191925424207783, 2.039379534672837, 4.231478544665705, 2.242585328347313, 2.252607035580947, 2.011074405819034, 1.9264849082667064, 2.3065271552379336, 2.1005178966908296, 2.0724472362099102, 3.319274415940764, 1.8085653519104352, 2.6093610681333814, 2.491112848974658, 2.9794422296434564, 3.0786510699325067, 2.5664124945597826, 2.064301838712396, 2.5862662367312264, 2.121171736529884, 2.489955934060252, 2.4981572734764463, 2.2909630894822994, 2.4051644238351813, 2.1042113206910957, 2.3820567599187745, 1.9890168197775726, 3.1309621546706103, 2.3099688753070478, 2.0033141396360508, 2.401306245247536, 2.1272628786170062, 2.3245991800112544, 2.4142482045138483, 2.078166739327055, 2.573453263598919, 2.04585988910418, 2.447940762834784, 2.0701439102886434, 2.5422296517296923, 2.4331365156896347, 2.2921849707753803, 2.702419325529121, 2.521134652578126, 2.333904234984986, 2.1079608256456046, 2.454862495705131, 2.7520462199093654, 2.392135616857942, 2.1868786767847843, 3.9417095101712416, 2.3274956008140766, 2.7850245691347877, 2.952285927933498, 2.062588845502193, 3.2626612433465945, 2.191348408699023, 2.2219276233771943, 3.8505212496566488, 3.8947785396298764, 2.146859062778871, 2.1834978159878444, 2.225728352737583, 2.3411681186819693, 2.9119070379392022, 1.8886838745118313, 1.9766021438142807, 2.652577572578345, 3.7563236964900155, 3.5828609610721434, 2.969661999589365, 2.5580622564266617, 2.4741387036601914, 2.2265073101666206, 2.350883570556618, 2.788841833305297, 1.9959802819368138, 2.470404594590455, 4.2019205546033165, 2.2888002970009977, 2.035088285608426, 2.057757536502455, 2.496302956253375, 2.170152689769638, 2.3778240502233823, 2.2951939758185325, 2.1662101296324456, 3.559346137411233, 3.5444419702232506, 2.332282165997638, 2.7955920088545563, 3.40631131874879, 2.2207701868825387, 2.7375730516618946, 2.027843572526281, 2.0384301940143823, 2.678547276516533, 2.598708378043431, 3.0120751784377964, 3.568403516026783, 2.3761540554155767, 2.699843583971633, 2.7628115339982484, 2.015253213934873, 2.340679174379558, 2.557302221352824, 2.8717105867974637, 2.5039781193649575, 2.5684297830361467, 2.0651920359869957, 2.3014836113919457, 2.477874419006046, 2.434515614119734, 3.164589007972972, 2.5183258085363276, 2.4923309737542665, 2.25730147318102, 4.179000686388706, 2.3811753945711027, 1.9271989525766575, 2.6702685753309447, 2.211087520130135, 2.8228209934541866, 2.1661382728578955, 2.6574986030508856, 2.5879536579596727, 2.3220772013245683, 3.385841171129047, 2.260627683449674, 2.3130414291625123, 2.5488336497494295, 2.688209668497595, 2.1632315900462986, 2.0924800685392944, 2.481617342344491, 2.134881929928654, 3.584114084644002, 2.496998566048573, 2.2393326894262002, 2.3545875108963035, 2.5081110047928123, 2.068533032549967, 2.5082536756737848, 1.9552254412107783, 2.5810393468095576, 2.2320862657241, 2.7351198846342553, 2.790955788925798, 2.7582586088604213, 2.0100447401691945, 2.950180113212493, 2.425143920483384, 2.2176965219930875, 2.374661963373048, 2.460658033556958, 2.510417798138964, 2.117845725214316, 2.555571960763348, 2.188371432017371, 2.1889823519590412, 2.4142415807261863, 3.057140132685627, 2.1630180003105717, 3.8542281948733077, 2.340429275286579, 2.6000084173604554, 2.216883348282545, 2.757654905074884, 2.5479862065173497, 2.0898124775741898, 2.124019927583862, 2.2648877741026725, 2.5607432199654956, 2.7046734555818968, 1.9749259104747516, 2.064536239074787, 2.3065977669599196, 2.530865636389036, 2.4787501912946817, 2.7040830150731825, 2.023214512069069, 2.3672657603489498, 3.358476264393728, 3.5081171009607854, 3.8526522187585233, 2.570020332179167, 2.491269803421591, 2.3090623382223776, 2.6247116843119516, 2.418224832597136, 2.292352291813101, 2.74546070714478, 2.172345081764882, 2.0581774846402183, 2.349216197605268, 2.464916042412979, 3.0304755871461553, 2.333453817423978, 2.5529027409399117, 2.369794722478257, 2.485971592939076, 2.4729308215176182, 2.4788108584023587, 2.033790104947536, 2.369212423285719, 1.9627567695031791, 2.7735320633606975, 2.509426169154661, 2.111517799620036, 2.434667935397062, 2.2076087207983766, 2.6402153342524914, 2.1694445386115246, 2.2795961577804498, 1.9855452087879653, 2.358442637036359, 2.015711138903192, 1.948850707964982, 1.9928157138881697, 2.35313076092017, 2.502444615238196, 2.7957544557081118, 2.466137464891591, 2.7920270331161263, 2.475721442550089, 2.192479751631673, 2.161257701929542, 2.4068657307927555, 1.9789592313931195, 2.474851723905804, 2.220586968754429, 2.3630620665517563, 2.66904595131525, 2.9605848309374068, 2.125392678013893, 2.188227019735995, 2.3981352603683908, 2.5489231695097834, 2.8941173918956387, 2.2308660823159414, 2.6734776504752293, 2.747460934930304, 2.188398974229347, 2.6859728623533057, 2.5128242184519394, 1.9530184768826784, 2.2596132390476753, 4.059651021637844, 2.502204586798493, 2.7237452354473293, 2.9809669379675334, 2.4402456519729836, 2.526601943009032, 2.0424486384583105, 3.720174452761727, 1.9658009805917414, 1.9855213212187, 2.2127320807968838, 4.044221734099933, 2.085945563834686, 2.7402936928653734, 2.5903834740003195, 1.9431344609336163, 2.178045126351046, 2.7531905925028415, 2.149500643008777, 2.076874575883113, 2.3239314602812544, 2.6793363220782966, 2.2133034518414223, 2.0825687568846583, 2.1868427174690375, 2.421671579957568, 3.6018783078650887, 2.021127466529635, 2.894688628524475, 2.302227944482707, 2.3627577873803824, 3.4630151372621514, 2.3836086841361954, 3.7349521230353884, 2.12744624305145, 2.303697433599535, 2.3616612736374285, 2.9442741661611906, 1.9689415258527765, 4.414485358893307, 3.44291467294424, 2.203103965103745, 2.0792939562646233, 2.2880579085802606, 2.2530279510750706, 3.091548676668802, 2.145236650100698, 2.467925049840572, 2.0615837561237607, 2.2164100082548455, 2.3244697134280408, 4.017106601506324, 2.1173024791948554, 2.2742700365180886, 3.530673960344683, 3.5653868928529873, 2.457593623484654, 2.6541075422919196, 2.0689662282630543, 2.6515372390380394, 2.576937857702162, 2.20429417745237, 2.3196577924818076, 2.0984671720307104, 2.2296275157440086, 2.286356037632923, 2.09487178008784, 2.531084343995843, 2.392733314212431, 2.7808514043711074, 2.3347501794945895, 2.42260870951352, 2.459313090947343, 2.571191888780805, 2.3734851770956564, 3.194016373061975, 3.123937373533188, 2.020423301445856, 2.5198573099645944, 2.44051417210828, 2.206060079243028, 2.2779068577459465, 2.8826974040285265, 2.3704637904202435, 2.4392689000278462, 3.88735720170677, 3.7948598597150864, 2.3444919353307023, 2.6278692421457843, 1.9890359029520952, 2.076788839770899, 3.9042345217690277, 2.508260784114811, 2.469392894896792, 1.9513572309370781, 2.640238010736723, 2.4419143590991625, 2.6203481103250015, 2.2952570834929618, 2.2033734709673682, 2.0499798850298716, 2.2439189182824486, 2.2345104467720285, 2.7314501572868934, 3.0899972366696984, 2.6064793871602294, 2.025515587679472, 2.086719348034641, 2.029802944192126, 2.2132600668392035, 1.9364497344252436, 3.4203641491939463, 2.2169072891113992, 2.2723627872601075, 2.226530508313645, 2.6352961085526205, 2.336955566643122, 2.2064455836849497, 2.170281109529439, 2.1848931851115534, 2.4871420382492566, 2.425432937531092, 2.5629836230997065, 2.6668949719037216, 2.6969583411646, 2.2116849997254993, 2.103012830185367, 3.229040119694051, 2.450459045182992, 2.1952341606884462, 2.203379735100071, 2.810104645900903, 2.4601986625610253, 2.5294398350068836, 2.329101907209281, 2.2611579063304266, 2.9302733793550866, 2.1106014268246747, 2.2623401820244893, 2.2201697518525703, 2.2163095775643797, 2.797401545922943, 2.275933246956825, 2.6754573779612674, 2.107320444898744, 2.166371458406929, 2.1276952974675365, 1.9678610602754265, 2.3499111985278534, 2.565703432034516, 3.0764761795871287, 3.332540543231172, 3.307814818010146, 1.9475207331233153, 2.6407369414317525, 2.7834041169427266, 2.103378048203231, 2.5459402171355126, 1.9984734756127467, 4.170008232258933, 2.11654348855999, 2.299000848279458, 2.1405254107269256, 2.23012951712794, 2.559332508275754, 2.3701472870425047, 2.326478379187357, 2.5378345078259077, 2.1032926440873663, 2.342622299519994, 2.224524549729294, 2.223502196093427, 2.1832818783635424, 1.9252714303670495, 2.183887374276678, 2.299554471691671, 2.230305928727539, 2.646115804908182, 2.6227202670186087, 2.5829847292588064, 2.3595746572379825, 2.0329915143024753, 2.134811207287179, 2.458115514717151, 2.288550663106845, 2.902090032763076, 2.864366634852736, 2.3029690197097334, 3.9138179826263455, 3.9447551277381754, 1.9488387851471907, 2.7676269999698286, 2.513796820606292, 2.4463874995182797, 2.4925587529513518, 2.1606537766738563, 3.8840832913838748, 3.3224922573480953, 2.4135492947068022, 2.2540277414233736, 2.0577626446702117, 2.2008648608881716, 2.5014023475682627, 2.584061487546694, 2.391249444969003, 2.37569386776993, 2.1241542205834936, 2.722764856844901, 2.526143522602684, 1.9540517877579322, 2.5420264422469887, 2.9879670449707847, 2.414406249626486, 2.2751222572000485, 1.968757839404006, 2.360036995666414, 2.003279695940209, 2.102355335388236, 2.2008242358864343, 2.332582377849669, 2.21864780007935, 2.221740143576961, 2.6331266642972624, 2.384886583190019, 2.4295141445492376, 2.0855993913507134, 2.4458860639020674, 2.067343841423776, 2.254277115707262, 2.368480324859177, 2.2582288674263418, 2.1602726478552574, 2.7139441520710346, 2.378621703186564, 1.9846124558306502, 2.249810955133096, 2.472033440431833, 2.7082638358941646, 3.6909536728142482, 2.171516788439345, 2.480963589392471, 2.2309002061439815, 2.3789393872101368, 2.2811961887651555, 2.4087681632895306, 2.318670683941109, 2.3163249367110703, 2.4167668844844585, 2.2853556075490165, 2.5616351478793193, 2.5872577489632103, 2.3291902551959276, 2.4618987375698977, 2.3428771349972184, 2.243137823739215, 3.791436048090294, 2.2610470538873275, 2.752923187070797, 1.929541993803202, 2.546305592430251, 2.571492309587501, 2.2689684308414018, 4.225509507092617, 2.108944597633438, 2.284867892204382, 2.184988098857392, 2.2782132222047067, 2.548831816884079, 2.484420283383083, 2.5030163725792303, 2.2775762625671034, 2.0591630225234674, 2.152930563914622, 2.8413623020646392, 2.1197590901521406, 2.1899642752246518, 3.272157626543999, 2.0985374659007663, 2.4636548732421564, 2.277052428924721, 2.116572633225702, 2.494224658191478, 2.0577230928066133, 2.144705020741574, 2.0754340961247584, 2.755387399499212, 2.4212972393436245, 2.1190564718780687, 2.396547799255962, 2.563203450391843, 2.105705607400459, 2.6295883758341683, 2.212874713710413, 2.1907042904826444, 2.348411533214046, 2.189982583683143, 2.493954161754956, 1.976310697157158, 2.1640764417917833, 3.369886663424146, 2.4495743139113935, 3.186074698243347, 2.1861247249632996, 2.2799800613504337, 2.6360158349195717, 2.7685325932190703, 1.9595905990007991, 2.20043748840782, 2.559134955141809, 2.082538369182253, 2.1393830966066263, 2.103048624715552, 3.6152360423988465, 2.827584933107371, 2.0020025479581585, 2.6282587876331074, 2.218194858239598, 2.427233438059047, 1.9320475651451559, 3.8624665883260887, 2.112300208462948, 1.9814808107449513, 3.78635532931256, 2.298258710420258, 2.9461400973333474, 2.1448113470508603, 2.618091191031336, 2.694740894071323, 2.252906665357275, 2.4455269728899536, 2.1448115242028862, 4.044506247834217, 2.3869318676379208, 2.056463248393323, 2.235023354806225, 4.089381805942387, 2.1688300984428452, 2.343210894796894, 2.29424711988958, 2.8812125693557142, 2.149009239685105, 2.0337684980589956, 2.2653255363014555, 3.6108574859175024, 2.0222051003269024, 2.77780183995227, 3.668996576425017, 2.6117175873876484, 2.2231427459021855, 2.476857033682432, 2.335083269188801, 2.2124940669228224, 2.4475705897155318, 2.0236719821891587, 3.162000032264481, 3.296541359994194, 2.25280446864074, 2.590561184518556, 2.061308301750297, 2.130163598446558, 3.4319898523821752, 1.9432735604745157, 2.793718047089555, 2.4555696398750997, 2.130608439281233, 2.919746953015807, 2.1290530091526603, 2.2039146478831255, 2.367916792177742, 3.983735254944658, 3.2995845037613822, 2.5750210064147296, 2.314398862913517, 2.020327837182685, 2.5282666664453175, 2.810556224040366, 2.4630565780376354, 2.244901888371472, 2.1230586461042185, 2.3961017575561923, 2.199954271776304, 2.5988662696075178, 2.545240867575251, 2.1771733939610596]"
2.5,7000,0.633258405727014,0.633258405727014,0.014012575149536133,0.3137158905862791,"[5, 3, 3, 3, 3, 4, 4, 3, 3, 3, 1, 3, 3, 2, 5, 3, 2, 3, 2, 2, 3, 3, 3, 2, 2, 4, 3, 1, 2, 3, 3, 5, 1, 2, 3, 3, 2, 3, 1, 4, 4, 3, 2, 3, 4, 3, 5, 2, 1, 2, 5, 3, 2, 3, 5, 2, 2, 3, 3, 3, 3, 3, 1, 2, 3, 3, 2, 4, 1, 2, 2, 3, 2, 3, 2, 3, 4, 2, 2, 2, 1, 3, 2, 1, 3, 3, 2, 3, 1, 4, 3, 3, 3, 3, 2, 1, 3, 3, 5, 3, 3, 4, 3, 3, 4, 1, 2, 3, 1, 3, 3, 1, 4, 4, 4, 3, 2, 2, 2, 3, 3, 2, 2, 1, 1, 2, 3, 2, 3, 1, 2, 2, 3, 2, 3, 2, 2, 4, 2, 2, 2, 2, 3, 3, 1, 3, 2, 2, 2, 2, 3, 2, 2, 2, 3, 3, 3, 3, 1, 3, 4, 1, 2, 4, 3, 3, 1, 2, 3, 2, 3, 2, 2, 1, 2, 2, 2, 3, 2, 2, 1, 3, 2, 2, 2, 3, 3, 4, 3, 2, 4, 2, 3, 3, 5, 3, 1, 3, 1, 2, 3, 3, 3, 4, 3, 4, 2, 3, 1, 3, 2, 3, 3, 3, 2, 3, 3, 3, 2, 3, 2, 3, 2, 2, 3, 4, 2, 3, 5, 2, 2, 1, 2, 4, 3, 4, 3, 2, 2, 4, 3, 4, 4, 2, 3, 2, 3, 4, 1, 3, 2, 2, 5, 2, 1, 4, 2, 2, 2, 2, 2, 3, 3, 4, 2, 2, 4, 2, 1, 4, 4, 3, 5, 2, 4, 1, 2, 2, 5, 3, 2, 2, 3, 4, 5, 3, 2, 4, 3, 2, 5, 2, 1, 4, 2, 3, 2, 2, 3, 2, 2, 2, 2, 4, 3, 3, 4, 2, 5, 2, 3, 1, 3, 3, 3, 1, 3, 1, 2, 3, 3, 2, 1, 4, 1, 3, 1, 4, 1, 2, 2, 2, 2, 2, 3, 3, 3, 4, 1, 3, 4, 2, 4, 3, 2, 3, 3, 2, 3, 2, 3, 2, 2, 3, 2, 2, 2, 2, 3, 2, 2, 2, 3, 2, 5, 2, 3, 3, 2, 2, 2, 3, 2, 3, 3, 2, 2, 2, 4, 3, 3, 3, 4, 2, 2, 4, 2, 2, 3, 1, 2, 2, 3, 2, 2, 3, 2, 3, 2, 3, 2, 4, 2, 1, 2, 3, 2, 1, 2, 4, 3, 3, 4, 2, 2, 5, 3, 2, 3, 5, 2, 2, 2, 3, 2, 2, 3, 2, 2, 5, 1, 3, 3, 2, 2, 2, 3, 3, 2, 3, 1, 3, 2, 4, 2, 3, 4, 3, 3, 3, 3, 3, 2, 1, 3, 2, 3, 3, 2, 4, 4, 3, 3, 2, 3, 3, 4, 3, 2, 2, 2, 2, 2, 2, 3, 2, 3, 2, 1, 3, 2, 3, 3, 3, 3, 2, 2, 2, 3, 3, 5, 3, 3, 5, 4, 3, 2, 3, 2, 3, 3, 1, 4, 2, 3, 3, 4, 4, 2, 3, 2, 2, 2, 3, 3, 2, 4, 3, 1, 1, 2, 2, 3, 4, 2, 2, 2, 2, 2, 3, 3, 4, 3, 1, 2, 4, 2, 3, 2, 3, 4, 2, 3, 2, 3, 3, 3, 2, 3, 2, 3, 2, 3, 3, 4, 2, 3, 3, 3, 5, 2, 2, 2, 3, 3, 2, 2, 2, 2, 4, 4, 2, 3, 4, 4, 2, 2, 2, 2, 2, 2, 2, 5, 3, 2, 1, 2, 2, 2, 1, 2, 2, 3, 3, 1, 2, 2, 2, 2, 1, 2, 2, 3, 2, 3, 2, 3, 2, 3, 2, 3, 3, 3, 3, 3, 3, 2, 3, 5, 4, 4, 2, 3, 1, 2, 3, 4, 3, 2, 3, 2, 4, 2, 3, 1, 2, 5, 2, 4, 2, 3, 2, 2, 2, 3, 2, 4, 1, 2, 2, 2, 3, 1, 3, 2, 1, 3, 3, 2, 3, 2, 1, 1, 2, 2, 2, 1, 2, 2, 3, 3, 2, 4, 2, 2, 2, 4, 3, 2, 1, 2, 3, 2, 2, 3, 3, 4, 2, 3, 4, 4, 2, 3, 2, 3, 3, 3, 1, 2, 3, 2, 2, 3, 1, 4, 3, 3, 3, 2, 2, 2, 3, 2, 4, 3, 3, 2, 3, 4, 2, 1, 3, 2, 2, 2, 2, 3, 2, 2, 2, 4, 2, 3, 2, 2, 2, 3, 3, 2, 4, 1, 3, 2, 3, 4, 2, 2, 2, 3, 3, 4, 2, 2, 2, 4, 3, 4, 1, 2, 2, 2, 3, 3, 2, 1, 2, 1, 3, 2, 5, 2, 4, 2, 2, 1, 2, 3, 3, 3, 4, 2, 3, 3, 3, 2, 3, 2, 3, 2, 2, 2, 3, 3, 2, 2, 1, 3, 1, 3, 2, 1, 3, 3, 2, 3, 2, 3, 3, 4, 2, 3, 3, 3, 3, 3, 4, 4, 3, 1, 4, 3, 2, 3, 2, 3, 2, 2, 5, 4, 2, 2, 2, 1, 2, 1, 2, 2, 4, 3, 4, 3, 3, 3, 3, 2, 2, 2, 2, 2, 2, 1, 1, 4, 2, 2, 2, 3, 3, 1, 2, 3, 3, 3, 2, 2, 2, 3, 3, 3, 2, 4, 3, 2, 3, 2, 3, 3, 3, 3, 2, 1, 2, 4, 2, 2, 1, 5, 3, 2, 2, 2, 2, 2, 4, 2, 1, 4, 1, 2, 3, 3, 2, 1, 2, 2, 4, 2, 3, 2, 1, 2, 3, 1, 1, 1, 4, 2, 4, 2, 3, 3, 1, 1, 2, 2, 3, 4, 2, 3, 3, 4, 2, 5, 3, 3, 2, 2, 2, 3, 3, 1, 3, 3, 2, 2, 4, 4, 2, 4, 3, 3, 3, 3, 5, 2, 3, 3, 2, 3, 3, 4, 3, 2, 1, 3, 3, 3, 2, 2, 2, 3, 4, 1, 3, 1, 3, 3, 1, 2, 2, 3, 2, 4, 2, 3, 2, 2, 2, 1, 2, 3, 2, 3, 2, 3, 1, 1, 2, 5, 1, 1, 3, 4, 2, 2, 3, 3, 3, 4, 3, 4, 2, 3, 3, 3, 3, 5, 2, 2, 2, 2, 3, 2, 4, 1, 2, 4, 4, 1, 2, 2, 3, 3, 3, 3, 3, 3, 3, 2, 3, 3, 2, 3, 1, 4, 2, 2, 4, 2, 1, 2, 3, 2, 3, 1, 4, 4, 3, 2, 2, 3, 4, 4, 4, 2, 3, 2, 4, 1, 2, 4, 4, 2, 2, 3, 4, 2, 2, 3, 2, 2, 3, 2, 2, 3, 4, 2, 2, 4, 3, 2, 1, 4, 3, 2, 3, 4, 1, 3, 3, 3, 4, 4, 3, 3, 2, 2, 4, 2, 3, 1, 2, 4, 2, 1, 2, 3, 1, 3, 4, 2, 2, 2, 1, 2, 4, 1, 4, 2, 2, 2, 3, 2, 3, 3, 2, 2, 3, 2, 3, 4, 2, 2, 3, 2, 3, 2, 1, 4, 4, 1, 3, 5, 2, 2, 2, 2, 3, 3, 3, 3, 2, 1, 1, 2, 2, 4, 4, 3, 2, 2, 3, 2, 3, 1, 4, 3, 2, 1, 3, 3, 2, 2, 3, 3, 2, 2, 4, 2, 2, 2, 2, 3, 1, 2, 3, 3, 2, 2, 2, 3, 3, 2, 2, 2, 4, 2, 3, 3, 3, 2, 1, 3, 5, 2, 2, 3, 3, 2, 4, 2, 3, 3, 4, 2, 2, 2, 2, 3, 2, 2, 2, 2, 3, 1, 2, 2, 2, 3, 2, 1, 3, 2, 2, 1, 3, 2, 2, 3, 2, 1, 2, 3, 2, 3, 2, 3, 2, 2, 2, 2, 1, 2, 2, 2, 4, 3, 3, 2, 3, 2, 3, 3, 2, 2, 2, 3, 3, 5, 2, 2, 3, 2, 2, 2, 2, 3, 2, 2, 3, 3, 2, 4, 3, 4, 2, 2, 1, 2, 2, 2, 3, 2, 2, 3, 1, 2, 3, 3, 2, 1, 3, 3, 1, 2, 4, 2, 3, 2, 3, 3, 3, 2, 2, 2, 3, 3, 2, 4, 2, 2, 2, 2, 3, 1, 5, 1, 2, 3, 3, 3, 1, 2, 3, 2, 3, 2, 3, 3, 1, 2, 4, 2, 3, 3, 5, 3, 3, 3, 3, 1, 3, 3, 2, 3, 4, 2, 3, 3, 1, 4, 3, 3, 3, 2, 1, 3, 2, 4, 2, 3, 3, 2, 1, 2, 5, 4, 3, 2, 2, 2, 1, 2, 3, 4, 2, 3, 3, 2, 2]","[3.5509029117168094, 2.5520707476885054, 2.3888604384328493, 2.538823844445395, 2.9386291737361097, 4.005882009102537, 2.4181939832631554, 2.43116568183221, 2.8483288005140763, 2.60367462586225, 2.389259506874473, 2.4975609383549697, 2.2222969123209637, 2.9475825383533834, 4.023690374785493, 2.5309650151061973, 2.9006381930317957, 2.317147630521756, 2.3633648937303082, 2.3394949501188274, 2.4606731684324745, 2.0217414007353853, 2.1447426614113585, 2.6544036051938424, 2.1269236200529433, 2.334645457331836, 2.0910338159649253, 2.637338181961109, 2.985633670560288, 2.383853785138936, 2.7712716451801076, 3.257086350392492, 2.0628458581712614, 2.339255765090994, 2.8489793299497372, 2.420723820734477, 2.7979955768870535, 2.6242469053728055, 3.268429329425187, 3.110035027038878, 3.8768670443479762, 2.54736588933696, 2.2286248935675745, 2.8279884462251577, 2.773259966893737, 2.9914573119033707, 3.093717585484659, 2.21297220254008, 2.103221524003008, 2.1609694366045966, 3.938754384687659, 2.168475082772045, 2.1286381865494195, 2.4827989523596465, 4.026634333450706, 2.303158801601006, 2.3948154650713196, 2.162011788611194, 3.875892288699795, 2.9594984077118394, 2.3748598803326697, 2.3290236343059165, 2.2591832353584014, 2.003878088664889, 2.232847707209996, 2.2826887289032896, 2.2206429541412036, 3.4978191176602693, 3.0228565710952577, 3.9998937433170827, 2.0672268886211858, 2.1907125860973067, 2.086140398317796, 2.098008646717462, 2.0694381467477347, 2.2921601037743256, 2.9514093596651714, 2.2079822489011827, 2.1579595744018953, 2.633926300726966, 2.09958729411225, 2.5580795016253752, 2.47208352802105, 2.05349606343918, 2.3036127285020984, 2.393629689646588, 2.14336865387026, 2.525271524848204, 2.86152103780079, 2.152877238364718, 2.658061360482417, 2.4929433464768445, 2.3319034992960495, 2.3362917529796055, 2.485604769071602, 2.324428780789549, 2.6495532221596614, 3.132516046447538, 3.0212005074553585, 2.9192086380155446, 2.6700897707612072, 3.739745538057125, 2.289128505366359, 2.6441128815728425, 4.049989476960001, 2.1528631200501827, 2.2290185772248967, 2.1911253611622317, 1.9947113230404527, 2.7073907191512947, 2.2773603947494685, 2.082551530859141, 2.9529921238455104, 2.9429687014983323, 2.528273364512206, 2.502889137925308, 2.215490800632412, 2.3820245173859704, 2.1367303847892987, 2.277430074681682, 2.4769376219428176, 2.2605757205482195, 2.6834049934903588, 2.2022762464027665, 2.27127994156772, 3.0565096418680024, 2.6051252943379875, 2.0493679408388292, 2.3843385418945173, 2.7175081314197946, 2.6019780424243018, 2.4924807218955736, 2.594572976386083, 2.2675215614420097, 2.367379311349739, 2.2899784274269233, 2.3242606134824086, 4.262228925104065, 2.2996642370276907, 2.045257195109558, 2.4038279807522054, 2.132826145015809, 2.525583535717482, 2.2729816517909396, 1.989536052802515, 2.3346038121964146, 2.608193256717811, 2.107521616652453, 2.414009925390814, 2.9473628063072845, 2.4098980987097542, 2.045341822123344, 3.5647392171611045, 2.341243528757251, 2.1924358837875424, 3.222435317923834, 2.6093627780307775, 2.465448860731096, 2.4123468616768924, 2.3235309522615966, 3.5904939987299755, 2.1098322289122513, 2.3564519402667488, 4.548939193601614, 2.20968944321594, 2.892740814650619, 2.284683703082544, 2.030278605616589, 2.1660319610418264, 2.4410398232871944, 2.5962687742431143, 2.118468088886753, 2.095649745309386, 2.0922371247656657, 2.1228036602148195, 2.41137921426782, 2.355809868835791, 2.103383683023257, 2.026404283776118, 2.0374150654253773, 2.3668515466094444, 2.6568789649095566, 2.482553274536873, 2.6796167927618377, 2.121581778771625, 2.1547865531490866, 2.215279594280255, 2.4284910226986476, 2.0527275217207936, 2.2193828544633623, 2.156966584042596, 3.367178651116505, 2.1161386367180137, 3.1133946789697653, 4.297294471703679, 2.471317442289995, 2.265036329381501, 2.3537166743382576, 3.0998601645701536, 2.259351516194189, 2.662839866910332, 2.58250701756291, 2.7219495958552122, 2.9545597377080757, 2.259881862274965, 2.109818794940006, 2.213988333639279, 2.2570146638059905, 2.197650074686611, 2.54221483933557, 2.200230976621018, 2.510995072393651, 2.8034301267562443, 3.698414733121921, 2.422396647696615, 2.8802379499624227, 2.326568743708962, 2.4988930850664035, 2.70629570725355, 2.5867903917204087, 2.1280724045710597, 3.5659160466557136, 3.409294112866309, 2.1065181548871372, 2.369212309120021, 3.4181483826371677, 2.1317928527397725, 2.055074710833968, 3.2093273506095334, 2.5630704727588807, 2.2083280959511074, 2.3322163149216104, 2.0678638636410858, 2.7644781606267212, 2.5133186106287795, 3.5362247970313083, 3.03138487478829, 2.0847605014942943, 2.418560977365033, 3.339761181973071, 2.398497548649247, 3.1176438918419853, 2.8833029729264474, 2.991014629289587, 2.038155569324408, 2.059020798670852, 2.8363238012897676, 2.880981453302264, 2.33874282609131, 2.4903662458292493, 2.3917462596157444, 2.773705267384147, 4.051850528748078, 2.183945554447769, 2.4656070986909935, 3.858157259848241, 2.804729934243556, 2.115362555309376, 2.025842866085897, 2.2999100667088332, 2.2372060832672824, 2.7848613364334116, 2.544265581918736, 2.676563124017397, 2.7529141373501225, 2.0192840972334505, 2.789385180101835, 2.2419053696287414, 2.5526708365392317, 3.7498393923828424, 3.5636959827715544, 2.2849415123250747, 4.114175065805694, 2.234454186473603, 4.5996534669205005, 2.2561981593038567, 2.721986190218974, 2.111477237867535, 3.4540654079954995, 2.252110230091186, 2.4455201974862084, 2.265587533619099, 2.172280420907529, 2.8543107491645783, 3.0503360535716726, 2.290823343161845, 2.1985337701567307, 2.5675874817872297, 2.5223425989908415, 3.0750621172160617, 3.0853897059809214, 2.1018920382420387, 2.477895562584236, 2.5647461357661756, 2.3018436258380612, 2.4088213925720496, 2.2969669197308855, 2.446858569014474, 2.3545793206085186, 2.682656144013366, 3.033473522038755, 2.399368238677247, 2.128179127863465, 3.7151038779655994, 2.164080540195033, 2.842859613038118, 2.9922159108677895, 2.6708876404446134, 3.729304948411321, 2.1532117232395493, 2.0733450151204478, 2.124612830331067, 2.556101584520591, 2.087008459746573, 2.7603629622662558, 2.334101269946718, 2.739201142825379, 2.475046874801312, 2.3737119055704277, 2.1467916337464907, 2.8739010082871075, 2.0040995535871797, 2.138484305907237, 2.6853241766529705, 3.247248407808474, 2.6897702662858394, 2.1508295556779897, 2.40139515839613, 2.1755239881647843, 2.918592858121027, 1.9894735883372536, 2.013234876284333, 2.7667185664434877, 2.2677421813988246, 3.3282650076378064, 2.4552524524022594, 2.226481960223982, 2.5000471108509394, 2.077784145747494, 2.7219008428083837, 3.9915816601745986, 2.2895187979273257, 3.3538510389027767, 2.799064030365945, 2.367035555839856, 2.3666989872372985, 2.985226011457347, 2.1346490498387336, 2.1524572335657934, 2.4578315870655607, 2.697542095649958, 2.061940123424971, 2.101089832374879, 2.389021515686622, 2.228277227719937, 2.118429946875557, 2.3015421088847767, 2.324510378967201, 2.255802673001624, 2.128609241808185, 2.3190353345600805, 2.2862492407283854, 3.029261602934015, 2.243966145179888, 4.227801248757725, 2.265818554572758, 2.515981995055183, 2.2605812665505245, 2.4245178335694497, 2.002271048331346, 2.231702261739741, 2.458706000973572, 2.104837148488083, 2.5607696297204, 2.3496793027084615, 2.167314495919248, 2.2162519470852935, 2.1307176791677676, 3.1012678214957186, 2.1182482320675238, 2.370335144500462, 2.2180667364047335, 4.188177897996532, 2.1804305086298776, 2.0687270089792436, 2.6805408493838474, 2.1182314119985137, 2.4045375280712147, 2.7641516129329733, 4.037528367942832, 2.242351391766637, 2.2147797341334163, 2.411005211125777, 2.206191674961893, 2.170247967025642, 2.7379972017308436, 2.279974832606341, 2.7881455975642613, 2.173943058232555, 2.4948427982295107, 2.3303845841465627, 3.085706956176715, 2.0758727491667908, 2.307898603529772, 2.5236825427721135, 2.1366736770666304, 2.3871119802084193, 2.1027551835801965, 2.416235043878504, 3.458456769197298, 2.264631840305521, 2.358103255790078, 3.1494212668221993, 2.0861858270198046, 2.1789349632546116, 3.465021867127767, 2.316408669270569, 3.2852610014210724, 2.374410509403206, 4.314937585847118, 2.329123345699796, 2.54630704110058, 2.85291999373621, 3.2876526582624654, 2.3070273666988834, 2.7019011102915695, 2.016551171530938, 2.073514058453367, 2.0867139356806508, 3.308614906515771, 2.675430023181476, 2.02450632116766, 2.246577748742476, 2.171129909967953, 2.3972779665823856, 2.1050940203888846, 2.1820060813849307, 2.2716610559155246, 2.1340258520255415, 2.2690777008669447, 2.0976160616655086, 2.092903385634628, 2.077709772304251, 2.8974343567134317, 1.9595665434492893, 2.382658442417343, 3.4751582271535533, 2.3956629129109537, 2.126500894488381, 2.377087254534322, 2.6748255966252095, 2.272412268021572, 2.577413529614677, 2.5747384087850604, 2.885185142161314, 1.990756186671856, 2.619909405171557, 2.543169614482786, 2.2899626396933765, 2.1312964618441317, 2.5227214385678844, 2.0716347820160106, 3.1835173943453734, 2.0227565536432093, 2.659742779990722, 2.293508804215252, 2.339372097985048, 3.2893276116621983, 2.224051553631247, 2.260269922415593, 2.412761398582718, 2.647205251793869, 3.138459960523822, 2.4021153608491366, 2.479749792876368, 2.97362857403216, 2.6667444779101857, 2.6008380461480303, 2.6133829341197785, 2.951434617667388, 2.3151196240824414, 2.2354772082945686, 2.4548526159876625, 2.378313231113414, 2.3581439648747082, 2.210044066100885, 2.1061006342626887, 3.0000488206744746, 2.434069200513113, 2.4459650744004473, 3.788189157752148, 2.3137154406549296, 2.9349539415923456, 2.8823779452415885, 2.816060580466421, 2.0147007144212323, 2.3795297238428783, 2.4514072057991605, 2.421726551154438, 2.2850453407762967, 2.4416121057349964, 2.4080042670416133, 2.407609565889683, 2.089685172526448, 2.543743696153232, 2.0959011704694825, 3.7055789277916436, 2.5882409987370028, 2.625032346196377, 2.303576357599259, 2.193214318957481, 2.332470579851833, 2.149552425236486, 2.783896249212427, 2.082693284858265, 2.251101728962898, 3.7296838997234327, 2.2052955143978106, 2.180092632658691, 2.070066393191356, 2.5303093966962336, 2.129401194104802, 2.2495192282328036, 2.215965580782008, 2.0334046681735343, 2.240866188070302, 2.1639484661400847, 2.2453530299367976, 2.4663503093440893, 2.222795119201594, 2.9790651136916133, 4.471724385962246, 2.278211420414992, 4.43489263942013, 2.085924611983257, 2.3391501447174585, 2.380871257433178, 2.3745863510816383, 2.4557402163653315, 2.278859541915742, 3.473702217438022, 3.153716727933132, 2.6220327494491555, 2.2831013215521816, 2.177577565087871, 2.5218841245252532, 2.730973311859019, 2.7592712931498533, 2.542455421726176, 2.091838861125961, 4.087510961219217, 2.561133713304542, 2.927861264555421, 2.5419195026554138, 3.7063165002008622, 3.7174268202998837, 2.1929403661759146, 2.7407726274421624, 2.6040626443175348, 2.689173233396743, 2.343381517045516, 2.0496467434411096, 2.1314888376004397, 2.938519255503163, 2.5147320095227284, 2.0754143297056142, 2.296248136607733, 2.0318515744236256, 2.110781651672043, 3.2909726116513385, 2.928134978153877, 2.856035882152279, 2.096758594915102, 3.936362717123669, 3.321924737847066, 2.112197360710558, 2.927419878776701, 2.864085601234432, 2.3957315296116035, 2.2235164069655267, 2.0593614927835207, 2.962572264373657, 3.8829094434998375, 3.335652221469799, 2.044552287731298, 3.197809677924053, 2.2040541961713207, 2.090257163742645, 2.581923849491649, 2.2059909307026606, 2.536512393465014, 2.2296408089725306, 2.2522067541980166, 2.38617935641088, 1.9790582959047212, 2.0937835667360387, 2.1162609420489042, 2.2940129977541295, 2.739090671816442, 3.7912841779981186, 2.116178602526514, 2.1452641132930785, 2.53798570788062, 2.399429348038886, 2.0685225798202063, 2.512411242313533, 2.0231512154919065, 2.3490357400377, 2.12607201168884, 2.183187715982445, 2.4279366618502305, 2.3479363933903326, 2.1550704825366385, 2.1714013384114867, 2.0065689767617485, 2.1503502668155066, 2.173255061203964, 2.3771439869081976, 4.054614139880332, 2.1825086117496895, 2.797487345717367, 2.786849771721324, 2.970699479053207, 2.173933988548449, 2.3566832727440823, 2.682085089143893, 2.68282640088352, 2.0665165133498267, 2.492128942782208, 2.557958657559777, 2.037732514536956, 2.76534076560821, 2.5272078810121563, 2.527514311054506, 2.2723404878037474, 2.304270412345755, 4.124814856996242, 2.519817892325492, 3.0278199005216466, 3.449694498100057, 3.9690538235845407, 2.3421709220302147, 2.6974312377752288, 2.1744142767547006, 2.191357420762892, 2.1263817104155147, 3.1951804635274383, 2.197624542194125, 2.6709821286043463, 2.3304321962219694, 2.0059407303181267, 3.240836869434996, 2.103505597815307, 2.5119469983390816, 2.0099327775071054, 2.55138681980803, 2.548067888195522, 2.5744880075076586, 3.3479373577448763, 2.3293418224257594, 2.1928412242380944, 3.677836586915487, 2.9027947224259614, 2.3523930996981743, 2.145729355110522, 2.0923301012712128, 2.070237447051114, 2.4740949954741702, 2.1136565470679223, 3.016191193769991, 2.2647454120605413, 2.346950720141695, 4.5070011266745285, 2.3222364195287537, 2.665348812840551, 2.818633935199575, 2.509097109785193, 2.1454573247474062, 3.890665897231248, 2.1422961751673832, 2.29148020319242, 2.1435251314900334, 2.1856707534040622, 2.0315576021601833, 3.4136777669158653, 2.4618401182153127, 3.8399010741776096, 2.539872238114651, 2.5045722535389925, 2.79859140251333, 4.04658334680358, 2.1489473991427475, 4.094191117629682, 2.3519594502323518, 2.1615492043576823, 2.346593184807623, 2.390692119090795, 2.0864127598351936, 2.2866338808535858, 2.6163782904706583, 2.288156590835153, 2.119993552195038, 2.318035661360942, 2.523392363342714, 3.450137601334094, 2.2247876269722333, 2.6304398371344115, 2.5243234360396407, 2.8898261741400733, 2.089458007864013, 2.852512756425281, 2.195945101593345, 2.1792544891629335, 3.2130149004876047, 2.422981794737151, 2.4453604611146464, 2.2677189152453407, 2.7836352895883407, 3.8261680343581466, 2.2712034559539287, 2.510255757380648, 2.4666525056857087, 2.1392440786759486, 2.3699104315384822, 2.1389355429387917, 2.0449528388623985, 2.479579990975745, 2.4656879132191194, 2.093216466959253, 2.5849030808594153, 2.441299733291587, 2.910645626423377, 2.123562457174266, 2.235865092950146, 2.113486951932523, 2.132349221799564, 2.753185205653656, 2.63761007414437, 2.082674172298268, 3.631328153929432, 2.0903317478805405, 2.5955543088354487, 2.533941619016071, 2.2704557577403395, 3.7026488847854875, 2.309437521962696, 2.442021084467064, 2.273435997314248, 2.3431205127036208, 2.576103557336705, 2.8936042219543587, 2.5437066674141544, 2.3015058019153685, 2.237913703711147, 3.5497416966685233, 2.191323349236386, 3.2537698584310624, 3.6671549811039577, 2.053214421543024, 2.1533082141138054, 2.0692948677543472, 3.1272286797824593, 2.6353066138943433, 2.8780856939648056, 2.0145977373445816, 2.2920302637071384, 2.5574700320936508, 2.140273061048813, 2.1278389644008824, 3.9893847541866583, 2.0677311130561637, 4.245494946041205, 2.261015358603681, 2.619823743741511, 2.0194864495957443, 1.9759464298171534, 2.273017182041805, 2.1193487794858563, 2.1050310041211437, 3.7081019314577546, 2.3109944311170585, 2.521141311296344, 2.5881019229113083, 2.9599272698723618, 3.015228726357024, 2.4502457090685663, 2.1335664382201873, 2.517710428798147, 2.1635410955110776, 2.53963123855697, 2.4664790149102167, 2.2520057322881373, 2.4050767443613017, 2.1272647308108006, 2.401470078642262, 2.0180562291320085, 3.3080313044439222, 2.280393667530401, 2.0946921407762042, 2.405393106752449, 2.2222905296936704, 2.3698671508570777, 2.378626645114107, 2.551203016900636, 2.536167915785758, 2.094040628179099, 2.45083840625016, 2.16701725301908, 2.4232566176326604, 2.3731901598396217, 2.2546986760293466, 2.58298032710321, 2.5120386541359214, 2.3441137187571632, 2.168799380346239, 2.461838413422497, 2.6271689848112256, 2.559273574350181, 2.2126040725276375, 3.672589027525938, 2.500078810758106, 2.7065075961544185, 2.963455976079339, 2.0839760938875194, 3.4288340879956536, 2.2221838500636357, 2.1958849958889752, 3.9340425522646703, 3.800414520650212, 2.1602561769218505, 2.204913184417177, 2.2040309300178365, 2.3138352731743947, 2.75652440486017, 2.3908709714173986, 2.0372932287881693, 2.6015653003510715, 3.77881348930189, 3.5609787499520476, 2.9254856073045676, 2.5241127996864394, 3.047293108176417, 2.2057004348166416, 2.3345858110080564, 3.085366515026362, 2.078973809881336, 2.4530651751456976, 4.182144621090645, 2.2933634175290205, 2.0709543296772615, 2.1195403264751276, 2.4253194818654875, 2.2227471288563567, 2.4006130255144806, 2.282153627355081, 2.168378252931192, 3.451922781129448, 3.527331362546071, 2.7447411013945633, 2.690835269252905, 3.406300349240118, 2.2393954338427835, 2.671655594986715, 2.5053757716706033, 2.078042753337212, 2.577735388817996, 2.7351555917376573, 3.0453099545654436, 3.3932758057346075, 2.3886707948508654, 2.6230822573027748, 2.7628592287341083, 2.107860167698473, 2.7624394940748287, 2.5475432256564523, 2.944404114202557, 2.521258939955097, 2.5254013134097937, 2.135251938634466, 2.444699170864464, 2.3771648351571106, 2.397077664910487, 3.1022362334455957, 2.417943536294434, 2.4292269683105854, 2.5909087317137276, 4.17886829165254, 2.3535899674140315, 1.9774768092160575, 2.6653100719779723, 2.239352329983003, 2.7032749782186825, 2.1681520876125258, 2.5077096260126983, 2.5212548457461685, 2.3647564838375486, 3.307469873213001, 2.2329101505228635, 2.320477437895449, 2.483329634953741, 2.606809350771205, 2.1705799064556834, 2.123199702633033, 2.477096958508083, 2.1345861209932915, 3.6253961133195114, 2.5973243410745357, 2.2791796196265435, 2.2966053393323826, 2.4420417220213246, 2.0967160055069693, 2.4968518892681595, 1.9916257730948965, 2.4604445902088283, 2.2636486821274593, 3.406114034218066, 2.7317844912177907, 3.2023826006722955, 2.154295100311146, 2.851811095032539, 2.5226667830363882, 2.5060252020112377, 2.38562114022912, 2.4321036466541224, 3.1084222827941783, 2.1564867433776334, 2.91053303084558, 2.178542048979768, 2.2168903661318913, 2.3786124486447293, 3.50008059461223, 2.194814768827439, 3.805414853273236, 2.3414723529307873, 2.5728416037614474, 2.231064945612013, 2.9132929626429163, 2.5275044676744205, 2.1296062736874655, 2.2148971994848567, 2.2593557788386187, 2.5088548868946488, 2.663466091326954, 2.0338489123177266, 2.0881498558845313, 2.6896928717360176, 2.5330389545503786, 2.4458925459069016, 2.6954767090561256, 2.124626704032286, 2.3238502251704793, 3.217800188120828, 3.4182233118123193, 4.342713654451413, 2.537395691510947, 2.4394452268495845, 2.332955114027825, 3.125044887395514, 2.408009162025475, 2.301048407858673, 3.0030951254855056, 2.1815270228687167, 2.120440382633667, 2.3767828870883143, 2.3953828432678033, 2.8938941168477648, 2.3431483588394872, 2.5264606304320343, 2.3292704371788435, 2.7596466474365675, 2.4421518723057765, 2.829266875069147, 2.1140909590308765, 2.419046788423159, 2.0536862961288396, 2.6981317145954447, 2.444788297390326, 2.176422884402005, 2.3764723835597206, 2.211187049189511, 2.550156787487546, 2.312253747182498, 2.3030776431523283, 2.1023053243054335, 2.350786821861763, 2.0753431155116804, 1.9779630909659032, 2.0138519099771997, 2.3853932342219464, 2.3839060813147226, 2.7467474923088155, 2.4275919733121194, 2.742665866119741, 2.493973744387948, 2.2246086070333284, 2.607786788117162, 2.496575707452787, 2.446597240509713, 2.4166775473341895, 2.193011630486951, 2.3606874396056945, 3.007466632284825, 3.0316875959818312, 2.147672592042695, 2.211656899027077, 2.3900114510578025, 2.517092158960511, 2.7978141126251814, 2.215114555116484, 2.717293344942398, 3.067434576511509, 2.2369405009866776, 2.593722474439663, 2.588715972885552, 2.0328146468499058, 2.230808094863605, 3.7416919725629505, 2.5663260885315555, 2.81990853357349, 2.914108371654423, 2.558570145347896, 2.5485212520952873, 2.08672944644964, 3.473224411265016, 2.0142918561031578, 2.0565575847341204, 2.2888701458221257, 3.8004609914980363, 2.088116546855157, 2.768583149312086, 2.547464482971115, 2.0116306752446653, 2.2602978220550938, 3.100203583868031, 2.1324933958298935, 2.114519924253125, 2.322739514462263, 2.7003347874954255, 2.177401192759352, 2.0808791867664613, 2.1875378030492336, 2.7986407263335447, 3.4493525162703755, 2.0621107699069965, 2.819597481741231, 2.4429022894968053, 2.359887011732238, 3.45805875162605, 2.3636276765421576, 3.5048967344464206, 2.177063106093513, 2.2794449832569876, 2.3787632250692172, 3.000935408465854, 2.0209487070940293, 4.3622115350710455, 3.4608972830044364, 2.1976230318975225, 2.0738604523061803, 2.3128503320486757, 2.262613102360027, 2.971346618034283, 2.1693456896456116, 2.4810269598083803, 2.127813050637012, 2.1840593368974424, 2.369884248576734, 3.940279863718132, 2.1428278286167886, 2.262149198852949, 3.6137604442645452, 3.508013261627131, 2.8297118817104714, 2.6010093814500497, 2.097644454604264, 2.7320731945866785, 2.451431631300155, 2.2040831359129647, 2.3135799524198415, 2.114953552566554, 2.2583789526944975, 2.2422057829770665, 2.107247708988398, 2.466438538148883, 2.3782854203513524, 2.7260911124594958, 2.44568090185472, 2.396322923692433, 2.4585860167143045, 2.564745574219989, 2.3371078664666487, 3.0691631209099617, 3.023150163588093, 2.0854424838268986, 2.467144897366156, 2.434921324784005, 2.20786791464903, 2.3157125362721884, 2.814903108514473, 2.3391435477991416, 2.432252388541018, 3.647863909655037, 3.7560882782587477, 2.32095906150807, 2.6069484571143064, 2.0640902313858702, 2.0684913475875755, 3.7752050017835828, 2.488281699580881, 2.4507485643427143, 2.029254172330006, 2.6786354513834527, 2.3920033210588048, 2.498918667630356, 2.261282998526673, 2.2021098266694796, 2.1028708321319605, 2.2430901176719646, 2.2650092865924125, 2.644980379359838, 2.98872882864384, 2.5610323747508024, 2.0504375921327673, 2.22686459132312, 2.093124994981666, 2.2317364727370395, 1.9973035983488008, 3.289401091835688, 2.230895819170297, 2.3040525964732144, 2.563935083095812, 2.9350599380627367, 2.350505222270394, 2.208694149166806, 2.1771034030106593, 2.2084208144576243, 2.53448605596846, 2.40720049585243, 2.4678098389359158, 2.628341970442445, 2.5919132093753174, 2.2199235564444804, 2.1245477795713694, 3.0737646366356604, 2.410316766555897, 2.184665205098296, 2.2018286746193994, 2.6760205963075836, 2.4311912551287063, 2.4587843226026624, 2.2879021411067875, 2.234118711522459, 2.871174037184402, 2.1620384035562457, 2.2822028749974805, 2.2380363902677853, 2.63379081942286, 2.6487946073352404, 2.265858199565501, 2.591968569520164, 2.0880094161850193, 2.247772768695911, 2.177596893342111, 2.064626095431211, 2.332501769303426, 2.519558046613977, 3.0300667728681816, 3.239300251059115, 3.2500722684557806, 2.0210315772665055, 2.618051291984592, 2.731782665489095, 2.1254788149631, 2.556690049953855, 2.0843173609550614, 4.159595164825523, 2.153695717497999, 2.2693068430188874, 2.1132571798232584, 2.2135359077216963, 2.5145611119726547, 2.4211987201813625, 2.3281220904583098, 2.4598278213547022, 2.1338792149731294, 2.3714563413579928, 2.2474419926860016, 2.220115330326842, 2.158976252303983, 1.9733456366271787, 2.2061929469567176, 2.266658364531609, 2.3053090697088408, 3.0042404319451044, 2.954025658654066, 2.5652538648261554, 2.711397959114742, 2.0665325709217046, 2.1220882244280936, 2.653952834315037, 2.730356641701197, 2.8106957844886478, 2.791873063308668, 2.34451407539205, 4.108824330764447, 3.679116564145754, 1.9779375373210235, 2.8273136901277387, 2.496311805359426, 2.8056942948174637, 2.454700392723753, 2.1563974109678807, 3.7564859862587214, 3.2177642070133095, 2.43133851223053, 2.218764788435032, 2.0945620751068645, 2.2177391190036806, 2.8527731311111673, 2.782367470421696, 2.4662055985930147, 2.3419138128065256, 2.1700074608128506, 2.7473459916889507, 2.4347710529032547, 2.03502929607281, 2.5148033279778526, 3.4196355554973215, 2.3540522986681034, 2.3099668456159184, 2.020629160033314, 2.371446947450587, 2.094618319135441, 2.1232868800911997, 2.1506550444519714, 2.7912273723293537, 2.2310115817269587, 2.2252188041485166, 2.6153689341305473, 2.5312444253300566, 2.815449346076612, 2.178471135858703, 2.446434661449231, 2.127665767474476, 2.219371419133018, 2.372300151556564, 2.2278410327636884, 2.1888566371293843, 2.628536597840094, 2.381615256689754, 2.0086906917838925, 2.264303682986925, 2.4317152883509077, 2.5954344482326075, 3.5500911053776427, 2.1796796207471294, 2.833880727616864, 2.2151155333078596, 2.5309185246067565, 2.2770658706835465, 2.387887401285521, 2.7615593376246252, 2.290181296217892, 2.4136882873119436, 2.285908410003285, 2.6474834618267833, 2.4911595383219876, 2.3791880185015035, 2.4642779799799968, 2.2925128964072345, 2.2865214374833296, 3.580109413514653, 2.288088953781019, 2.9328151494600423, 1.9824244052938675, 2.706095532450376, 2.8015698925524717, 2.655034710002936, 4.232773931287509, 2.0914903904764044, 2.293298274393069, 2.2292594239050616, 2.324658018749914, 2.529168546884913, 2.887280426139102, 2.439633908438632, 2.7277654600442625, 2.0766336799254295, 2.2314600973067864, 2.802042133184744, 2.1604392934517938, 2.173370494061485, 3.14239522183529, 2.1610231724935796, 2.3926798354983103, 2.3141036967925483, 2.1537581819632603, 2.458126537520378, 2.119466504834364, 2.1222151520005177, 2.1574978681055543, 2.6502147814242716, 2.393734527825739, 2.1131627206282344, 2.340617996193921, 2.9642949582129194, 2.130244949232316, 2.564641879763718, 2.2683923796963184, 2.1960345784278448, 2.3290651835662706, 2.2192565380779765, 2.8617228433601944, 2.036668584135555, 2.196860859563909, 3.3051209988208132, 2.4590137915953854, 3.1165120032174594, 2.219645743918512, 2.2744593989058206, 2.5779025513967984, 2.6787589899031947, 2.0469003837663515, 2.195745107991943, 2.642495609635837, 2.126733020358947, 2.1566537310662026, 2.1582712786558176, 3.456831353877891, 2.7642989860748557, 2.045962102487819, 2.5292812430904057, 2.2338758465487762, 2.4062348986118667, 1.987868624800454, 3.959644465140217, 2.098682321863092, 2.0478977384137904, 3.7057927647571747, 2.404288881703731, 2.829894597897434, 2.143446939106399, 2.6817663523980615, 2.6415869367646865, 2.3079034006615387, 2.399746075457343, 2.201860880729904, 4.0283692322893065, 2.4119186801041685, 2.1167663363587463, 2.40614554455246, 4.170612297279007, 2.128002395415956, 2.318213464330444, 2.3011281758299242, 2.7825762404676606, 2.1773591551536993, 2.2051411750339245, 2.318559297158957, 3.36320697612116, 2.0892613340894703, 2.6527063917985725, 3.7313678518552034, 2.5521686465962103, 2.198561471822214, 2.466820260825365, 2.3466406903063746, 2.221363016482964, 2.854148921599924, 2.092034537057512, 3.001900152785433, 3.232756405323122, 2.3081252424960756, 2.6183086841056835, 2.1270022437794287, 2.124547670996677, 3.424002470528195, 2.0119288011015946, 2.6954003511923923, 2.4211979188782573, 2.183840500574375, 2.773327346015486, 2.189164399170561, 2.340213036471857, 2.3460309996663153, 4.006142728402666, 3.457152437137098, 2.9647820806147394, 2.377668732556065, 2.0393189173162383, 2.5063184974272783, 3.1270834546611805, 2.524948688042042, 2.245196873727599, 2.1676593647777973, 2.3856531349588823, 2.194781609176767, 2.519800459092416, 2.4889612355660917, 2.2127329344034496]"
2.75,7000,0.6505575669830016,0.6505575669830016,0.01314544677734375,0.3155737216383563,"[5, 3, 3, 3, 3, 4, 4, 3, 3, 3, 1, 3, 3, 2, 5, 3, 2, 3, 2, 2, 3, 3, 3, 2, 2, 4, 3, 1, 2, 3, 3, 5, 1, 2, 3, 3, 2, 3, 1, 4, 4, 3, 2, 3, 4, 3, 5, 2, 1, 2, 5, 3, 2, 3, 5, 2, 2, 3, 3, 3, 3, 3, 1, 2, 3, 3, 2, 4, 1, 2, 2, 3, 2, 3, 2, 3, 4, 2, 2, 2, 1, 3, 2, 1, 3, 3, 2, 3, 1, 4, 3, 3, 3, 3, 2, 1, 3, 3, 5, 3, 3, 4, 3, 3, 4, 1, 2, 3, 1, 3, 3, 1, 4, 4, 4, 3, 2, 2, 2, 3, 3, 2, 2, 1, 1, 2, 3, 2, 3, 1, 2, 2, 3, 2, 3, 2, 2, 4, 2, 2, 2, 2, 3, 3, 1, 3, 2, 2, 2, 2, 3, 2, 2, 2, 3, 3, 3, 3, 1, 3, 4, 1, 2, 4, 3, 3, 1, 2, 3, 2, 3, 2, 2, 1, 2, 2, 2, 3, 2, 2, 1, 3, 2, 2, 2, 3, 3, 4, 3, 2, 4, 2, 3, 3, 5, 3, 1, 3, 1, 2, 3, 3, 3, 4, 3, 4, 2, 3, 1, 3, 2, 3, 3, 3, 2, 3, 3, 3, 2, 3, 2, 3, 2, 2, 3, 4, 2, 3, 5, 2, 2, 1, 2, 4, 3, 4, 3, 2, 2, 4, 3, 4, 4, 2, 3, 2, 3, 4, 1, 3, 2, 2, 5, 2, 1, 4, 2, 2, 2, 2, 2, 3, 3, 4, 2, 2, 4, 2, 1, 4, 4, 3, 5, 2, 4, 1, 2, 2, 5, 3, 2, 2, 3, 4, 5, 3, 2, 4, 3, 2, 5, 2, 1, 4, 2, 3, 2, 2, 3, 2, 2, 2, 2, 4, 3, 3, 4, 2, 5, 2, 3, 1, 3, 3, 3, 1, 3, 1, 2, 3, 3, 2, 1, 4, 1, 3, 1, 4, 1, 2, 2, 2, 2, 2, 3, 3, 3, 4, 1, 3, 4, 2, 4, 3, 2, 3, 3, 2, 3, 2, 3, 2, 2, 3, 2, 2, 2, 2, 3, 2, 2, 2, 3, 2, 5, 2, 3, 3, 2, 2, 2, 3, 2, 3, 3, 2, 2, 2, 4, 3, 3, 3, 4, 2, 2, 4, 2, 2, 3, 1, 2, 2, 3, 2, 2, 3, 2, 3, 2, 3, 2, 4, 2, 1, 2, 3, 2, 1, 2, 4, 3, 3, 4, 2, 2, 5, 3, 2, 3, 5, 2, 2, 2, 3, 2, 2, 3, 2, 2, 5, 1, 3, 3, 2, 2, 2, 3, 3, 2, 3, 1, 3, 2, 4, 2, 3, 4, 3, 3, 3, 3, 3, 2, 1, 3, 2, 3, 3, 2, 4, 4, 3, 3, 2, 3, 3, 4, 3, 2, 2, 2, 2, 2, 2, 3, 2, 3, 2, 1, 3, 2, 3, 3, 3, 3, 2, 2, 2, 3, 3, 5, 3, 3, 5, 4, 3, 2, 3, 2, 3, 3, 1, 4, 2, 3, 3, 4, 4, 2, 3, 2, 2, 2, 3, 3, 2, 4, 3, 1, 1, 2, 2, 3, 4, 2, 2, 2, 2, 2, 3, 3, 4, 3, 1, 2, 4, 2, 3, 2, 3, 4, 2, 3, 2, 3, 3, 3, 2, 3, 2, 3, 2, 3, 3, 4, 2, 3, 3, 3, 5, 2, 2, 2, 3, 3, 2, 2, 2, 2, 4, 4, 2, 3, 4, 4, 2, 2, 2, 2, 2, 2, 2, 5, 3, 2, 1, 2, 2, 2, 1, 2, 2, 3, 3, 1, 2, 2, 2, 2, 1, 2, 2, 3, 2, 3, 2, 3, 2, 3, 2, 3, 3, 3, 3, 3, 3, 2, 3, 5, 4, 4, 2, 3, 1, 2, 3, 4, 3, 2, 3, 2, 4, 2, 3, 1, 2, 5, 2, 4, 2, 3, 2, 2, 2, 3, 2, 4, 1, 2, 2, 2, 3, 1, 3, 2, 1, 3, 3, 2, 3, 2, 1, 1, 2, 2, 2, 1, 2, 2, 3, 3, 2, 4, 2, 2, 2, 4, 3, 2, 1, 2, 3, 2, 2, 3, 3, 4, 2, 3, 4, 4, 2, 3, 2, 3, 3, 3, 1, 2, 3, 2, 2, 3, 1, 4, 3, 3, 3, 2, 2, 2, 3, 2, 4, 3, 3, 2, 3, 4, 2, 1, 3, 2, 2, 2, 2, 3, 2, 2, 2, 4, 2, 3, 2, 2, 2, 3, 3, 2, 4, 1, 3, 2, 3, 4, 2, 2, 2, 3, 3, 4, 2, 2, 2, 4, 3, 4, 1, 2, 2, 2, 3, 3, 2, 1, 2, 1, 3, 2, 5, 2, 4, 2, 2, 1, 2, 3, 3, 3, 4, 2, 3, 3, 3, 2, 3, 2, 3, 2, 2, 2, 3, 3, 2, 2, 1, 3, 1, 3, 2, 1, 3, 3, 2, 3, 2, 3, 3, 4, 2, 3, 3, 3, 3, 3, 4, 4, 3, 1, 4, 3, 2, 3, 2, 3, 2, 2, 5, 4, 2, 2, 2, 1, 2, 1, 2, 2, 4, 3, 4, 3, 3, 3, 3, 2, 2, 2, 2, 2, 2, 1, 1, 4, 2, 2, 2, 3, 3, 1, 2, 3, 3, 3, 2, 2, 2, 3, 3, 3, 2, 4, 3, 2, 3, 2, 3, 3, 3, 3, 2, 1, 2, 4, 2, 2, 1, 5, 3, 2, 2, 2, 2, 2, 4, 2, 1, 4, 1, 2, 3, 3, 2, 1, 2, 2, 4, 2, 3, 2, 1, 2, 3, 1, 1, 1, 4, 2, 4, 2, 3, 3, 1, 1, 2, 2, 3, 4, 2, 3, 3, 4, 2, 5, 3, 3, 2, 2, 2, 3, 3, 1, 3, 3, 2, 2, 4, 4, 2, 4, 3, 3, 3, 3, 5, 2, 3, 3, 2, 3, 3, 4, 3, 2, 1, 3, 3, 3, 2, 2, 2, 3, 4, 1, 3, 1, 3, 3, 1, 2, 2, 3, 2, 4, 2, 3, 2, 2, 2, 1, 2, 3, 2, 3, 2, 3, 1, 1, 2, 5, 1, 1, 3, 4, 2, 2, 3, 3, 3, 4, 3, 4, 2, 3, 3, 3, 3, 5, 2, 2, 2, 2, 3, 2, 4, 1, 2, 4, 4, 1, 2, 2, 3, 3, 3, 3, 3, 3, 3, 2, 3, 3, 2, 3, 1, 4, 2, 2, 4, 2, 1, 2, 3, 2, 3, 1, 4, 4, 3, 2, 2, 3, 4, 4, 4, 2, 3, 2, 4, 1, 2, 4, 4, 2, 2, 3, 4, 2, 2, 3, 2, 2, 3, 2, 2, 3, 4, 2, 2, 4, 3, 2, 1, 4, 3, 2, 3, 4, 1, 3, 3, 3, 4, 4, 3, 3, 2, 2, 4, 2, 3, 1, 2, 4, 2, 1, 2, 3, 1, 3, 4, 2, 2, 2, 1, 2, 4, 1, 4, 2, 2, 2, 3, 2, 3, 3, 2, 2, 3, 2, 3, 4, 2, 2, 3, 2, 3, 2, 1, 4, 4, 1, 3, 5, 2, 2, 2, 2, 3, 3, 3, 3, 2, 1, 1, 2, 2, 4, 4, 3, 2, 2, 3, 2, 3, 1, 4, 3, 2, 1, 3, 3, 2, 2, 3, 3, 2, 2, 4, 2, 2, 2, 2, 3, 1, 2, 3, 3, 2, 2, 2, 3, 3, 2, 2, 2, 4, 2, 3, 3, 3, 2, 1, 3, 5, 2, 2, 3, 3, 2, 4, 2, 3, 3, 4, 2, 2, 2, 2, 3, 2, 2, 2, 2, 3, 1, 2, 2, 2, 3, 2, 1, 3, 2, 2, 1, 3, 2, 2, 3, 2, 1, 2, 3, 2, 3, 2, 3, 2, 2, 2, 2, 1, 2, 2, 2, 4, 3, 3, 2, 3, 2, 3, 3, 2, 2, 2, 3, 3, 5, 2, 2, 3, 2, 2, 2, 2, 3, 2, 2, 3, 3, 2, 4, 3, 4, 2, 2, 1, 2, 2, 2, 3, 2, 2, 3, 1, 2, 3, 3, 2, 1, 3, 3, 1, 2, 4, 2, 3, 2, 3, 3, 3, 2, 2, 2, 3, 3, 2, 4, 2, 2, 2, 2, 3, 1, 5, 1, 2, 3, 3, 3, 1, 2, 3, 2, 3, 2, 3, 3, 1, 2, 4, 2, 3, 3, 5, 3, 3, 3, 3, 1, 3, 3, 2, 3, 4, 2, 3, 3, 1, 4, 3, 3, 3, 2, 1, 3, 2, 4, 2, 3, 3, 2, 1, 2, 5, 4, 3, 2, 2, 2, 1, 2, 3, 4, 2, 3, 3, 2, 2]","[3.8289732784742103, 2.538636605045288, 2.4433304871069943, 2.7192685082675867, 2.411413287192278, 4.3413765790447, 2.555614646168638, 2.3218683166860927, 2.433717130293357, 2.853279564647751, 2.367694134385054, 2.610472837452633, 2.1465024484424946, 2.9860704676840792, 3.763890440959573, 2.673352357649719, 3.048090181033958, 2.427653562558912, 2.370084951275493, 2.3785641473844126, 2.574868486646541, 1.9640305919240857, 2.084941864406118, 2.7526463687441756, 2.1729521792153697, 2.3013884177800676, 2.0628694857689838, 2.669160354021666, 3.0882137747069986, 2.4787033585783464, 2.5432591711433323, 3.413493419918949, 1.9494292689707335, 2.2960361078209366, 2.856492401796082, 2.3801578249920903, 2.94106304835153, 2.561137227388017, 3.4094641123829508, 3.3287170926873295, 3.661094997222142, 2.3143182624852776, 2.260900279125263, 2.8234061208917978, 2.6004121247442877, 3.1836564455874, 3.15333367729706, 2.21775270152024, 2.0378091539693135, 2.243782082870312, 4.054889093597102, 2.1173517942543985, 2.090662573378378, 2.580568185830595, 3.7545388481436115, 2.274953442437721, 2.344678746397037, 2.208757494510478, 3.5762930222823703, 2.9807777202452006, 2.4483038326539295, 2.382283818521524, 2.283639582087001, 2.0526782692780463, 2.221652934108846, 2.241384645415758, 2.1811226579974985, 3.715357985302128, 3.2104306457278105, 3.738000093951791, 1.9478730182753532, 2.236620374367722, 2.146909934881533, 2.142694038636108, 2.070540803195467, 2.203676677281746, 2.636450207035949, 2.3018274426118195, 2.080246889041895, 2.734685816994275, 2.14213326392021, 2.040228246109384, 2.5296641509785904, 1.9527505479985288, 2.2879664430428988, 2.400485237878768, 2.2500343175175335, 2.3560719311101144, 2.9679338458431808, 2.0820522608790504, 2.720226639468354, 2.604245593525924, 2.199770225377207, 2.4616933699987253, 2.499315654219285, 2.4115820524156635, 2.651593803272573, 3.286387776085247, 3.2404204801731886, 3.10041268814668, 2.565405599750051, 3.77335163181047, 2.2318511864453345, 2.7283250428687347, 3.9184036022145254, 2.0405953649228197, 2.294354816946185, 2.3078154273029883, 1.9736323460524212, 2.3227619565725637, 2.277182604153219, 2.1481847896313457, 3.0129173622061507, 2.5468101228878566, 2.6743084987120787, 2.313098527759406, 2.2784292632074745, 2.438202066975567, 2.2523923953696396, 2.2149649854150795, 2.5354965652677466, 2.2563581448445156, 2.7420335379433696, 2.270259972225153, 2.1970403461862595, 3.132090549001668, 2.6881598796706347, 2.1188213310999116, 2.4373800680664712, 2.64280261063253, 2.7715800473977925, 2.5570196620408927, 2.639616027927714, 2.2777147432067992, 2.3169882701923634, 2.437304737480555, 2.3016735758995703, 4.530378438107421, 2.4002697136138775, 1.9968282912965893, 2.3999555296768724, 2.089174906641057, 2.346498825818878, 2.4021913209359234, 2.016621823310096, 2.260382237456856, 2.769372249100847, 1.9781142202114412, 2.467991149482018, 2.8933267687110593, 2.253928496081099, 2.1202515083429763, 3.9139171741841956, 2.288084114236357, 2.1088403233416857, 3.477969781636165, 2.395017752768808, 2.573172042272186, 2.50973300385558, 2.3834858386370232, 3.3638148060307205, 2.1796451018216882, 2.4410469064178577, 4.332885262278738, 2.2775271906675156, 2.9644005155067354, 2.185290706462748, 2.084451243630131, 2.0052885793761415, 2.424173438710973, 2.650154842423699, 2.101082836418414, 2.020078700272158, 2.1858953192936728, 2.112844460944982, 2.3866234575585534, 2.3240608817824437, 2.147592284464733, 2.0035253130835797, 1.999614010298949, 2.368846405679947, 2.7033700760601014, 2.3206331491484806, 2.73644412844008, 2.052018091581299, 2.2384216875866243, 2.286060997808075, 2.199808719587959, 2.05574587617712, 2.2974668464582355, 2.121750716737486, 3.6960379378896246, 2.128697107575012, 3.1866290495935723, 4.11861238343258, 2.5043908671156907, 2.2133117148014927, 2.503773108868663, 3.2548596774102627, 2.324730897446616, 2.6934752962376733, 2.6336907677268946, 2.628531494638194, 2.853025582153757, 2.280117735623028, 2.220800966788889, 2.266099548298747, 2.394378126213138, 2.2406527801409437, 2.5740098277143937, 2.304580886810386, 2.549436189166635, 2.718279625247912, 3.749481087733513, 2.588465256331845, 2.517858641318757, 2.3755991476947163, 2.4791197575470103, 2.628533102840899, 2.4030360243360627, 2.049712460285356, 3.402680234681721, 3.6063320042150733, 2.2012424804482595, 2.525055466956176, 3.3739793037525767, 2.2541463292382504, 1.95218977328263, 3.471609694279226, 2.2849183103857467, 2.1858080193642464, 2.2988475133924697, 2.153402213381963, 2.530335718090771, 2.41538972028036, 3.5224411222764407, 3.202586719742839, 2.1474001084641348, 2.515082304675464, 3.3436543089256126, 2.5558037162878415, 2.7358134570236188, 2.6605105270665064, 3.145752943467293, 2.122804243605457, 1.9953429139110448, 2.6703378834220266, 2.4940840542464375, 2.5019737809130485, 2.5715666595836457, 2.4347486629697457, 2.442895462035743, 3.8354403246785584, 2.112167117186284, 2.531964739336441, 4.000773429638109, 2.7597181110740787, 2.1981007300165616, 2.044875835461155, 2.2691724012869123, 1.9626812448864244, 2.963422491777724, 2.586325480598725, 2.888648173932305, 2.9161625578010777, 2.0472056728599424, 2.713057350617203, 2.248626015716603, 2.686008829991802, 3.9309107622558446, 3.841447842435176, 2.1134191467883845, 4.210753271497168, 2.278938888754976, 4.42321015526559, 2.3182943391739648, 2.8584060725790104, 2.0692226592965963, 3.7474757922334296, 2.1903648382971674, 2.385897175708536, 2.3463396427135303, 2.1986130477690096, 2.9822446525595567, 3.0773487312557504, 2.3200480976081836, 2.2573552108782855, 2.6635662459614706, 2.2854572202439365, 2.8833628510035783, 2.8678119439071192, 2.1001634687448614, 2.5275995721234747, 2.6475565823975833, 2.2684855531186985, 2.354381251543106, 2.2567328151579633, 2.6360402856734213, 2.359409921600248, 2.07072100928809, 2.8008613356254597, 2.349738961155796, 2.193547965506551, 3.8398314575106043, 2.201525848811303, 2.5483333941892883, 2.936923991383529, 2.752976786078708, 3.591547000936104, 2.2053867222150076, 2.0691529866323797, 2.133243572650551, 2.643070632579155, 2.105450485041157, 2.8171076631996885, 2.3468857323597088, 2.832495032398291, 2.5562775246322227, 2.4408440946573857, 1.9366286272115223, 3.0162002427491053, 2.0525995994438015, 2.2106182661922844, 2.6828336324238817, 3.5815924727211805, 2.4487572040580816, 2.206232927226948, 2.397726750742109, 2.203957626033929, 2.85744212425999, 2.0166440122377036, 1.9670523204291794, 2.76566398299403, 2.1982970463589386, 3.108579441304001, 2.446790788220018, 2.281332522726661, 2.6978944907230127, 1.985273911538794, 2.135678708481652, 3.812475132024755, 2.388760207528818, 3.1641522174188688, 2.6181575146891483, 2.3617927499082767, 2.4100516914404553, 2.8207308865793044, 2.047065454495642, 2.246805828550643, 2.4524246081777394, 2.729765797939131, 1.9497510084210423, 2.0181462463950686, 2.4021221755836306, 2.185529184946994, 2.127883177366864, 2.3920459380812042, 2.2915035840888365, 2.2539007369034754, 2.214126133929506, 2.337124108617549, 2.3216729322616234, 3.0675051005127996, 2.371347255780498, 4.242175689771624, 2.0552397083885436, 2.575641556713476, 2.2755862578618578, 2.413339575137377, 2.05324912987013, 2.1699482269717385, 2.2060945899216695, 2.1402683854135613, 2.7786615889762003, 2.370793499868995, 2.2003770675138057, 2.203413408196705, 2.2127555281861313, 2.9076483187845112, 2.1279477269744493, 2.4423544222010247, 2.215632178467395, 4.01381069951454, 2.113415748658015, 2.1530956027459323, 2.7517215569732674, 2.0532082249711556, 2.19098779669019, 2.680869846753905, 3.7993768185972785, 2.2552751696509823, 2.224667330324071, 2.349009015896525, 2.111072335385647, 2.212198454262798, 2.67834638075473, 2.3997071696315024, 2.844507668610651, 2.0670124502204015, 2.487235992789893, 2.405624308729442, 3.2561752727176554, 2.1094061656810026, 2.3071749494799008, 2.4460516953113727, 2.2109506282276863, 2.5598481526381174, 2.0998568581088306, 2.6393618126099767, 3.2667857929226973, 2.2817041024470557, 2.2820951209575693, 3.2502053415754464, 2.1468937974796365, 2.1550980963620847, 3.5115383248012106, 2.2871382605961936, 3.235227234474457, 2.4073123674685477, 4.344887368013648, 2.333540596808938, 2.6804550996405516, 2.585910790285971, 3.559683171792774, 2.397343329053833, 2.4651789829051056, 1.965874290090745, 2.151395124021103, 2.1467062001825914, 3.415792673775442, 2.8689413603815552, 2.0865017022585874, 2.2545229796133444, 2.1405434853734855, 2.4739347563179717, 1.9789765626252782, 2.006421767624821, 2.3068731786309637, 2.171050926724257, 2.3621161900170686, 2.1016824016983566, 1.9799031824701612, 2.1087536094918184, 3.0052417919898535, 1.9861166435944941, 2.4791279739657446, 3.2289199067812167, 2.5229054469536334, 2.0295397440850467, 2.381918590219986, 2.6900066961469538, 2.3200913944014117, 2.6704678771792834, 2.657802962334956, 2.725257897526177, 1.9750373086050232, 2.672826927840684, 2.5867147954194745, 2.2519750185612444, 2.027836239597362, 2.583458927286644, 2.103354887878627, 2.863147781617529, 2.0459721702024893, 2.7015105307158804, 2.3195324537821875, 2.337456694622901, 3.5257303594573206, 2.303675935807811, 2.2421024709999986, 2.509585750063276, 2.640109909527399, 3.3597709440674075, 2.431065300986901, 2.329185724244792, 2.862954742633538, 2.5796354194138673, 2.6614694137102655, 2.89098202560913, 2.872198671530665, 2.2427278153959183, 2.250909458084938, 2.5769360912645127, 2.357786639887505, 2.4362929444694417, 2.154258759405473, 2.139819563923319, 2.95115524993502, 2.5095733991030933, 2.4782500793944773, 3.3779371169880683, 2.3327746925769173, 3.021793674444324, 2.412652016782001, 2.928021656813687, 2.00768271124713, 2.1379891406640583, 2.3929574173633217, 2.447261304931802, 2.1850374023349923, 2.5144506809175082, 2.593577786970136, 2.2313584437812723, 1.9844501676310005, 1.880716308291254, 1.9444947941063808, 4.0993552574171535, 2.7554180122776373, 2.722239493906281, 2.3090211367005073, 2.2659222847866474, 2.366952676520468, 2.0832333169803405, 2.9264563164014747, 1.9835300635463686, 2.3141763615766857, 3.9402815961822877, 2.2616307444698336, 2.1135357705846194, 2.1114687273608816, 2.5847330712284236, 2.0492404412798875, 2.2319980207608605, 2.2578404721994256, 2.0833407886621376, 2.248995158784982, 2.1219252582462502, 2.3026058968189265, 2.449087728456956, 2.224474745939693, 3.0674006498076576, 4.19570950586041, 2.235729205838554, 4.11893416127284, 2.1469865875405407, 2.2242936473617436, 2.518700177488645, 2.403096991308423, 2.5841775024567446, 2.276650069890639, 3.7473079024542146, 2.817494786181612, 2.6611121583837645, 2.4884554578385547, 2.2303257547727435, 2.532393881025459, 2.45113984030811, 2.7724623520451916, 2.744016157086563, 2.144885699531158, 3.8303295633067442, 2.6491506227135595, 3.079881781841886, 2.631533056003807, 3.5174108822374466, 4.106585307172789, 2.245288644044673, 2.8519160019765506, 2.4821628972596983, 2.9112131417153844, 2.287324647759609, 1.9952690148383534, 2.0896499514093816, 2.9860562053609283, 2.637967631035705, 2.112972803676638, 2.2908959858862694, 2.0838924860894696, 2.171751134440272, 3.325409113848842, 3.058121141681509, 2.9567080624980253, 2.1019869951591503, 3.699618296741802, 3.349990256345172, 2.178804948335459, 3.088398358767969, 2.971603392426539, 2.4408897050701697, 2.204236687869959, 2.0741202806536037, 2.9872425189711707, 3.650099922956847, 3.1560266994729282, 1.9559275989968747, 3.328493010062941, 2.146175121701015, 1.9808431861306244, 2.589911452310894, 2.096779343799245, 2.626957021504202, 2.3839926794327746, 2.3348256030116485, 2.4960836534886552, 1.9791926895933365, 1.9795905203084192, 2.05390818477841, 2.3328384166754472, 2.8460167005214436, 4.188689202481062, 2.0539374338193475, 2.1183510157842065, 2.7125779440385847, 2.329738053696886, 2.153168221054466, 2.3881734923868283, 2.0458319765235147, 2.4163261150152846, 2.207470712143636, 2.1192439122709175, 2.463044027213164, 2.3956748564050847, 2.2383208288247722, 2.191368610813922, 2.010571306186579, 2.082949903859536, 2.2394179242449646, 2.3651902755628025, 3.800864237425839, 2.064413329415479, 2.727989907854358, 2.726461918431248, 3.014235300452587, 2.1904689506582, 2.3313073359127685, 2.799880806454729, 2.225802630081831, 2.0715786398549265, 2.5225435223918207, 2.6906804573614522, 2.122954523160617, 2.3048313417412283, 2.2878845030768913, 2.6433276102914416, 2.306321009324921, 2.3983226676314184, 4.252277759447449, 2.523487526468274, 3.149878477324391, 3.6461786444484536, 4.143003570907931, 2.28120468856976, 2.9431173507062423, 2.2012588452689337, 2.266581901089161, 2.132615222564212, 3.3943328337364895, 2.1617634601727285, 2.8155743867961, 2.028886182848097, 1.969643382021164, 2.7762113212027386, 2.099279474112325, 2.590249134343538, 1.9682253078295213, 2.7069383006611973, 2.547046811163871, 2.616121820569173, 3.435615392709831, 2.4296353189809436, 2.07095167836789, 3.366146379350252, 2.948446538655796, 2.332831311804356, 2.0638604107615195, 1.9869144193595905, 2.0495259163336907, 2.4373179288205877, 2.0136822375954875, 3.2027197230515054, 2.2816637589423148, 2.450661149827177, 4.463235697509889, 2.322501938882117, 2.8133693487134046, 2.833677454762955, 2.6324125783416426, 2.1939070951731128, 3.6121961629323054, 2.1470713289729324, 2.2721668979263057, 2.0200911556186583, 2.2139657885705972, 2.001694726555961, 3.6795202984610795, 2.5744539571353284, 3.9009649685979326, 2.376207562517927, 2.600425535505671, 2.826690358129937, 4.009028862491638, 2.055912328494953, 4.130732780035859, 2.3741364477390983, 2.1201228563211907, 2.376042678338106, 2.393972026947109, 1.9822088137661038, 2.1603357230305065, 2.519380104544108, 2.259862462538239, 2.1416920468963756, 2.279880200896203, 2.388428277489486, 3.729072545764522, 2.241532415844534, 2.778432834406357, 2.462843014279615, 2.8831336823451235, 2.0634292518972637, 2.927625549860804, 2.285372380373384, 2.237286778607026, 3.324451822848888, 2.0541803426338703, 2.3955410307685754, 2.32175858973483, 2.3229083620143265, 4.004580087219173, 2.389027097018165, 2.5572555210642807, 2.4221935888599835, 2.209726739567708, 2.247840450420527, 2.0458536040568887, 2.120389684846714, 2.5955075239569534, 2.4496338462372873, 2.000214744403587, 2.654192218660645, 2.571979960732633, 2.801295408372015, 2.116289531717487, 2.25832838069803, 2.054893574881707, 2.0478824104666455, 2.582967488908003, 2.666100912565687, 2.0246879456888065, 3.8008478136320987, 2.021967784881651, 2.619468933466381, 2.3297339441029936, 2.2491338962654064, 4.069934586771749, 2.2277298977338797, 2.540343076683508, 2.179388239588717, 2.452021734524564, 2.7807713063653896, 3.060800210144579, 2.6763829155346195, 2.3200955178498623, 2.1579713180273226, 3.154783419254899, 2.2665940041405834, 2.9617199038532096, 3.308422739256338, 2.076303872847705, 2.023420915180009, 2.1528938852222277, 3.330971163998503, 2.6390697929152536, 2.887304192147715, 1.9665681983722885, 2.2308204098992044, 2.608201113600066, 2.209982855992615, 2.0702155213458306, 3.700582054698835, 2.0915673212299546, 4.013559581269964, 2.2592949522874823, 2.664949918166472, 2.0882848851681355, 1.9802981016232373, 2.3814477441435304, 2.1351134940952923, 2.1024522262278285, 3.6252573011319353, 2.1985384506751906, 2.683649573000295, 2.3824608168457653, 2.964969121511237, 3.079241660828251, 2.668120655279205, 2.047760843243515, 2.636909622623875, 2.1228190832020406, 2.4072355151983946, 2.538462605128042, 2.3718951910338952, 2.430013344100782, 2.132301551814851, 2.3901434283471974, 2.0510456381001974, 2.8685495790461104, 2.3788274335106085, 1.9792677722704919, 2.416415899385769, 2.108008302051335, 2.295684390562782, 2.480560168384047, 2.4622176461139844, 2.589201972486751, 2.0618013914809685, 2.454908759482161, 2.042375057834972, 2.63686757542937, 2.5236424357026257, 2.3675347945824825, 2.7783285071533275, 2.522406171397139, 2.335772353299968, 2.096816458390131, 2.4579363564344026, 2.831137902337522, 2.2451159700026033, 2.184289086410751, 4.073805001698561, 2.1706669859912053, 2.8230641785236843, 2.878633931080283, 2.106527656617739, 3.017102858660132, 2.1808861117858562, 2.2725303029544475, 3.6379387919132435, 3.8401053076020837, 2.1855571979815354, 2.2074438568407926, 2.2696366650769058, 2.4212734851928985, 2.9971822869961513, 2.2524665078491286, 2.006464881757033, 2.702287906303188, 3.617890952623947, 3.510868383455246, 2.930049943916438, 2.562982842538939, 2.655923593281299, 2.2690436155572145, 2.380307995376838, 3.2446715139791342, 1.9848513133266332, 2.495268848818347, 4.036063188214441, 2.3126490263643333, 2.070002217407176, 2.0527432660790166, 2.5739419281830282, 2.1731293123205586, 2.393981790088663, 2.323876912533875, 2.2335935786567567, 3.5095671909642725, 3.407160757035998, 2.6953216508309557, 2.8223179419343434, 3.2654402847361714, 2.2495176071713767, 2.800790154837214, 2.3797997298748337, 2.070888029512778, 2.7390405464556307, 2.4496541907460263, 2.9077274404250306, 3.6092425835958637, 2.401497643521985, 2.736547397981181, 2.750937721807201, 1.9950102997715395, 2.739648106887011, 2.57760447137012, 2.7516121168335013, 2.511574188282966, 2.593026536736189, 2.057373499777653, 2.1733202277204606, 2.5709383341826317, 2.4846555950919353, 3.1274188024680374, 2.597603820834518, 2.5521337547441854, 1.9462643034181908, 3.962481544797211, 2.4147083404751744, 1.9797544728968535, 2.6727833712991815, 2.2292429005891363, 2.8590501416067036, 2.2000795341663415, 2.7711613251428684, 2.6020561737760617, 2.320882822196479, 3.4024035348187525, 2.3005291424380205, 2.3438577283589535, 2.57437705656756, 2.688440897030812, 2.2193264317630446, 2.13343473241936, 2.4867321632151715, 2.194675838640598, 3.402904031545074, 2.4026952613770707, 2.2353852774606375, 2.4349506939789234, 2.581486838599287, 2.102002123973428, 2.507380749692861, 2.0158795028228633, 2.6312141939187903, 2.2409022517339565, 2.8216478087337027, 2.860853829080016, 3.0895570664753778, 1.9509821899057955, 3.0206991895055517, 2.333739045536147, 1.9764170388615432, 2.395773364433791, 2.469120519706003, 2.6785831838866896, 2.1219211680450165, 2.9445952139997162, 2.2576491741098152, 2.192977876686323, 2.4805652113221393, 3.2891948026875184, 2.176684924877931, 3.789621263659928, 2.381084821817377, 2.654270622946285, 2.252476803244122, 2.584263314898649, 2.5511283512817555, 2.124354006257193, 2.0940591924800995, 2.3313536373801806, 2.565309853877042, 2.7283853750472833, 2.000880796347813, 2.105045032818511, 2.714876147578872, 2.582135111782721, 2.4748720472835055, 2.706494842074629, 2.002669594265139, 2.458867018691477, 3.3940936508516293, 3.516760890254602, 3.9946307607209564, 2.5752807711461925, 2.5616782225292636, 2.3055201459980528, 2.894565714390725, 2.4060269792316182, 2.3435135111808894, 2.4632588588427264, 2.228922809395378, 2.052423543803945, 2.3309750463517345, 2.556910136905361, 3.07493141403557, 2.336115273090266, 2.6127063413749525, 2.4569416249277176, 2.2079764441282816, 2.4929063503862054, 2.9046458476605928, 2.0135279236898533, 2.343192228411976, 1.9526829726280877, 2.798684289736172, 2.5469168028722784, 2.094108400634398, 2.5224765084156133, 2.259537925161399, 2.727795375975773, 2.059475731628577, 2.305613797346336, 1.945623675828047, 2.374552994425548, 2.027292118919832, 2.020732826443194, 2.069555457849932, 2.3547032294141643, 2.609694769205367, 2.815394223315165, 2.4980783876939894, 2.8435034298364803, 2.5107469991355384, 2.1800247779596376, 2.5382157558772356, 2.3659493013262733, 2.3561244333353275, 2.5493457297664412, 2.2735509936243923, 2.3710360493997595, 3.0806947217799316, 2.8539048497683717, 2.1727000399549095, 2.228558798363068, 2.435364910004663, 2.5752471989546337, 2.9206331100775165, 2.2992938705140906, 2.613610106602703, 3.2060481958984357, 2.1753333650671784, 2.7669559210756267, 2.4233937839492725, 1.9600971002118475, 2.334870228775624, 4.213862292943008, 2.414328246138913, 2.6007276187670447, 2.998697131763458, 2.3646635723958367, 2.509008349025615, 2.064398504598664, 3.864123317658582, 2.007827947864197, 1.9928141125748693, 2.1670980551039403, 4.110683893768992, 2.1462079578990414, 2.718094857610311, 2.6328370182946483, 1.9676221724336447, 2.1429041524705132, 3.1473310214871386, 2.2127463860673675, 2.0990815264067257, 2.3433650008922062, 2.6266224980246045, 2.2790962083510298, 2.1487788477386554, 2.240841113849068, 2.8332228296557616, 3.7004421265342398, 2.072832850973658, 2.9364108709635115, 2.197469000799252, 2.3781279732986706, 3.3630252476020788, 2.4381870886406354, 3.852872522773962, 2.114611933573583, 2.392338676399336, 2.364304263755029, 2.840874737108163, 2.0088670652878147, 4.219005510797621, 3.3208658379544485, 2.2746950689905336, 2.1512720763316433, 2.305415972673197, 2.2824212082438255, 3.1326301898902593, 2.1920988282497325, 2.474816561789706, 2.0833989732585385, 2.276731070385594, 2.319061312957427, 3.8869633133789896, 2.1505970867549187, 2.2901427071424743, 3.2873545030708806, 3.523000288200883, 2.8633366773753766, 2.7094204548628174, 2.1016723158221713, 2.5568726149394405, 2.6446272085995224, 2.262061411382943, 2.3466187045495603, 2.1366747877287655, 2.2427741903539347, 2.371972580103982, 2.1394120945254356, 2.6136607589448326, 2.446337879059649, 2.775139872771312, 2.2715382639149393, 2.484485399337336, 2.4965308059033955, 2.561723319754403, 2.420563191600698, 3.2075965946383, 3.1246230114515408, 2.023704572760747, 2.5389751839640313, 2.4605629016715986, 2.260716964087452, 2.2737703601817563, 2.9041732265194353, 2.4097587981779136, 2.46151097403301, 3.9666914071225428, 3.6611119865733395, 2.418742938858025, 2.6388044452736055, 1.990138329622929, 2.1531793155182695, 3.906786850825923, 2.523910158614919, 2.5028993585055495, 1.9613618690854748, 2.606226314004477, 2.516959534142295, 2.7258871081290925, 2.3651958798951287, 2.262762379777816, 2.058664683987363, 2.289356256708787, 2.247354003651083, 2.729517758605858, 3.1431637593944766, 2.6215205927404566, 2.07729027153862, 2.004102096220757, 2.04139569154078, 2.245560787267282, 1.97271150555671, 3.5013355880607877, 2.2257500891918243, 2.2677008719514875, 2.6848029568494716, 3.072820991727599, 2.340309524761161, 2.260423465090462, 2.2304941889050367, 2.219369467472732, 2.4422140194228943, 2.470667627266383, 2.65463555001941, 2.7031150372483532, 2.72127092360904, 2.256434501059205, 2.140074272356265, 3.2743382055083186, 2.5104541440028236, 2.268959142106019, 2.239479256031694, 2.8687315741569024, 2.5030390078314455, 2.5999318026304126, 2.396891193000587, 2.3336942156124265, 2.9151241015451212, 2.119638262385589, 2.2554832351447165, 2.2164059891407524, 2.618088256715509, 2.878402920830916, 2.356013946124859, 2.743885137438302, 2.187397106257653, 2.1235294287786264, 2.1144223191013007, 1.9487968845339199, 2.3810482986888335, 2.5951022100551087, 3.0299127247459183, 3.3786603907322665, 3.2492812365692667, 1.9642827388287163, 2.6354288606379273, 2.799904883905583, 2.132935953426902, 2.553624336909887, 1.9829531514285736, 3.9693278375517425, 2.122912609674024, 2.3623456112851837, 2.219579567182858, 2.299854645229989, 2.6169865642742485, 2.335620216806648, 2.3818549524578723, 2.616319867785969, 2.1534650380632865, 2.3461688945441352, 2.2466592698604835, 2.2738236569323007, 2.2444901113785147, 1.9812219678818037, 2.1865664772533755, 2.370221488919664, 2.1683769518483977, 3.0406896552854654, 3.0249328044067596, 2.5989792409331454, 2.7894681478811014, 2.1051673198291123, 2.2161317428240372, 2.253078217344616, 2.6419531153253653, 2.9400112732087065, 2.848000680129787, 2.270785229631077, 4.371997680759718, 4.071486258763578, 2.0207419037317607, 2.690424720530683, 2.5279927382161356, 2.8718683200404596, 2.569433455879083, 2.2042550869070254, 3.8896150150133595, 3.3863105278187606, 2.3838164518073532, 2.3055539259535003, 2.109264027301159, 2.223305265160355, 2.903541733018458, 2.371444888095313, 2.292845865156037, 2.4524503842624363, 2.1171182738056116, 2.6578816370443215, 2.625220653519431, 1.9593104018693999, 2.589234495199304, 3.2758653887486355, 2.4965354764739742, 2.265599983942105, 2.0055767802996547, 2.3738382594343603, 1.9792939955485735, 2.1337145830684014, 2.2885971037175126, 2.678059457414161, 2.2594308317952727, 2.2819087074128146, 2.676727819154422, 2.2418983723485173, 2.8272519909541076, 2.0658475410090182, 2.4564730788784894, 2.0702770451905605, 2.3389328197030332, 2.366910926040002, 2.33592420283698, 2.1822051970906444, 2.7720463595284572, 2.3840221069393848, 2.0509687132646506, 2.2683356071214478, 2.5436931328735297, 2.7403101103585903, 3.6865093066387757, 2.19598466843514, 2.9030068927804935, 2.2656991390141936, 2.221594003048892, 2.3184383192946534, 2.443365315794932, 2.6817906872496162, 2.3822856973759596, 2.454309520115957, 2.2817028459506767, 2.477263590950096, 2.6941165045825897, 2.316199959371689, 2.4507031072364382, 2.4024992289597207, 2.2332208579192985, 3.9009005902883027, 2.273501673022059, 2.5635326666667333, 1.9814007600668218, 2.3911599238651275, 2.3132612304225955, 2.7196308775213485, 4.051672785300842, 2.1861605778373443, 2.3093984899697433, 2.195080854345311, 2.2707228220750286, 2.557344821127789, 2.8764812863221088, 2.57226088479949, 2.6493703411463487, 2.1091358641992386, 2.1055001609698487, 2.846987195857175, 2.1273247162705204, 2.272971303652502, 3.358373041628135, 2.079158623001509, 2.5578703123181943, 2.2641304717819173, 2.1228904207464168, 2.501027636211351, 2.052769489357098, 2.216397473246419, 2.0728541897068844, 2.8126152341458486, 2.475193473665888, 2.1784620285451615, 2.460467399333312, 2.9314259998155174, 2.1414542923949433, 2.6613894999064223, 2.1980660797942972, 2.264609640416239, 2.392480447286787, 2.181925965620553, 2.8931166825932606, 2.006686771033108, 2.186169490784517, 3.342163478104635, 2.4858566433158606, 3.2170165140966382, 2.2018970291273554, 2.319364202728457, 2.6065091924981565, 2.7854566430468117, 1.9550934970363567, 2.2314289017186466, 2.4620164196258116, 2.0913393356704066, 2.166416738793685, 2.100556301279613, 3.6645018921123693, 2.8568605827895244, 2.037728983596304, 2.728660894631812, 2.251478301501785, 2.4809644199610736, 1.9760630422130605, 3.628844357357025, 2.183605825399627, 1.9958903048113634, 3.750264023902026, 2.2084059204482456, 2.9711193743459083, 2.2119483935589446, 2.523818670816902, 2.726389581696238, 2.2052026779927414, 2.5142091157065836, 2.1262232861891617, 3.8924892654296785, 2.386431825911034, 2.0537286561823134, 2.1013120892408175, 3.867998675299999, 2.255492793708978, 2.4197182430851365, 2.320229660003126, 2.905625842950372, 2.1556578624903646, 1.9329204028332923, 2.2521556448429365, 3.7325972506186753, 2.022348022413834, 2.8358622650634837, 3.4372261974250446, 2.6589594909340373, 2.3051739363300774, 2.493786497195658, 2.334874710319483, 2.232540173216258, 2.8135049417136444, 2.038381892080566, 3.28544873322336, 3.3058011516028296, 2.2586974581896966, 2.5392952172252468, 2.0569002000080268, 2.194837949070641, 3.2868180800620523, 1.9675162707336997, 2.8812076067446837, 2.472994504748748, 2.1122044349281692, 2.9912134654697344, 2.1304225731539796, 2.090694991378093, 2.3902958631286753, 3.757132891487206, 3.061552156075541, 2.9720932364966424, 2.279117192020128, 2.081239900652755, 2.558343315225956, 3.2028082307032424, 2.4113859085908023, 2.288607884695843, 2.11795237576613, 2.436913091999095, 2.265365544421223, 2.6804112626895877, 2.6263378749179966, 2.19074008529319]"
3.0,7000,0.6436832204443957,0.6436832204443957,0.011989355087280273,0.3104991289990325,"[5, 3, 3, 3, 3, 4, 4, 3, 3, 3, 1, 3, 3, 2, 5, 3, 2, 3, 2, 2, 3, 3, 3, 2, 2, 4, 3, 1, 2, 3, 3, 5, 1, 2, 3, 3, 2, 3, 1, 4, 4, 3, 2, 3, 4, 3, 5, 2, 1, 2, 5, 3, 2, 3, 5, 2, 2, 3, 3, 3, 3, 3, 1, 2, 3, 3, 2, 4, 1, 2, 2, 3, 2, 3, 2, 3, 4, 2, 2, 2, 1, 3, 2, 1, 3, 3, 2, 3, 1, 4, 3, 3, 3, 3, 2, 1, 3, 3, 5, 3, 3, 4, 3, 3, 4, 1, 2, 3, 1, 3, 3, 1, 4, 4, 4, 3, 2, 2, 2, 3, 3, 2, 2, 1, 1, 2, 3, 2, 3, 1, 2, 2, 3, 2, 3, 2, 2, 4, 2, 2, 2, 2, 3, 3, 1, 3, 2, 2, 2, 2, 3, 2, 2, 2, 3, 3, 3, 3, 1, 3, 4, 1, 2, 4, 3, 3, 1, 2, 3, 2, 3, 2, 2, 1, 2, 2, 2, 3, 2, 2, 1, 3, 2, 2, 2, 3, 3, 4, 3, 2, 4, 2, 3, 3, 5, 3, 1, 3, 1, 2, 3, 3, 3, 4, 3, 4, 2, 3, 1, 3, 2, 3, 3, 3, 2, 3, 3, 3, 2, 3, 2, 3, 2, 2, 3, 4, 2, 3, 5, 2, 2, 1, 2, 4, 3, 4, 3, 2, 2, 4, 3, 4, 4, 2, 3, 2, 3, 4, 1, 3, 2, 2, 5, 2, 1, 4, 2, 2, 2, 2, 2, 3, 3, 4, 2, 2, 4, 2, 1, 4, 4, 3, 5, 2, 4, 1, 2, 2, 5, 3, 2, 2, 3, 4, 5, 3, 2, 4, 3, 2, 5, 2, 1, 4, 2, 3, 2, 2, 3, 2, 2, 2, 2, 4, 3, 3, 4, 2, 5, 2, 3, 1, 3, 3, 3, 1, 3, 1, 2, 3, 3, 2, 1, 4, 1, 3, 1, 4, 1, 2, 2, 2, 2, 2, 3, 3, 3, 4, 1, 3, 4, 2, 4, 3, 2, 3, 3, 2, 3, 2, 3, 2, 2, 3, 2, 2, 2, 2, 3, 2, 2, 2, 3, 2, 5, 2, 3, 3, 2, 2, 2, 3, 2, 3, 3, 2, 2, 2, 4, 3, 3, 3, 4, 2, 2, 4, 2, 2, 3, 1, 2, 2, 3, 2, 2, 3, 2, 3, 2, 3, 2, 4, 2, 1, 2, 3, 2, 1, 2, 4, 3, 3, 4, 2, 2, 5, 3, 2, 3, 5, 2, 2, 2, 3, 2, 2, 3, 2, 2, 5, 1, 3, 3, 2, 2, 2, 3, 3, 2, 3, 1, 3, 2, 4, 2, 3, 4, 3, 3, 3, 3, 3, 2, 1, 3, 2, 3, 3, 2, 4, 4, 3, 3, 2, 3, 3, 4, 3, 2, 2, 2, 2, 2, 2, 3, 2, 3, 2, 1, 3, 2, 3, 3, 3, 3, 2, 2, 2, 3, 3, 5, 3, 3, 5, 4, 3, 2, 3, 2, 3, 3, 1, 4, 2, 3, 3, 4, 4, 2, 3, 2, 2, 2, 3, 3, 2, 4, 3, 1, 1, 2, 2, 3, 4, 2, 2, 2, 2, 2, 3, 3, 4, 3, 1, 2, 4, 2, 3, 2, 3, 4, 2, 3, 2, 3, 3, 3, 2, 3, 2, 3, 2, 3, 3, 4, 2, 3, 3, 3, 5, 2, 2, 2, 3, 3, 2, 2, 2, 2, 4, 4, 2, 3, 4, 4, 2, 2, 2, 2, 2, 2, 2, 5, 3, 2, 1, 2, 2, 2, 1, 2, 2, 3, 3, 1, 2, 2, 2, 2, 1, 2, 2, 3, 2, 3, 2, 3, 2, 3, 2, 3, 3, 3, 3, 3, 3, 2, 3, 5, 4, 4, 2, 3, 1, 2, 3, 4, 3, 2, 3, 2, 4, 2, 3, 1, 2, 5, 2, 4, 2, 3, 2, 2, 2, 3, 2, 4, 1, 2, 2, 2, 3, 1, 3, 2, 1, 3, 3, 2, 3, 2, 1, 1, 2, 2, 2, 1, 2, 2, 3, 3, 2, 4, 2, 2, 2, 4, 3, 2, 1, 2, 3, 2, 2, 3, 3, 4, 2, 3, 4, 4, 2, 3, 2, 3, 3, 3, 1, 2, 3, 2, 2, 3, 1, 4, 3, 3, 3, 2, 2, 2, 3, 2, 4, 3, 3, 2, 3, 4, 2, 1, 3, 2, 2, 2, 2, 3, 2, 2, 2, 4, 2, 3, 2, 2, 2, 3, 3, 2, 4, 1, 3, 2, 3, 4, 2, 2, 2, 3, 3, 4, 2, 2, 2, 4, 3, 4, 1, 2, 2, 2, 3, 3, 2, 1, 2, 1, 3, 2, 5, 2, 4, 2, 2, 1, 2, 3, 3, 3, 4, 2, 3, 3, 3, 2, 3, 2, 3, 2, 2, 2, 3, 3, 2, 2, 1, 3, 1, 3, 2, 1, 3, 3, 2, 3, 2, 3, 3, 4, 2, 3, 3, 3, 3, 3, 4, 4, 3, 1, 4, 3, 2, 3, 2, 3, 2, 2, 5, 4, 2, 2, 2, 1, 2, 1, 2, 2, 4, 3, 4, 3, 3, 3, 3, 2, 2, 2, 2, 2, 2, 1, 1, 4, 2, 2, 2, 3, 3, 1, 2, 3, 3, 3, 2, 2, 2, 3, 3, 3, 2, 4, 3, 2, 3, 2, 3, 3, 3, 3, 2, 1, 2, 4, 2, 2, 1, 5, 3, 2, 2, 2, 2, 2, 4, 2, 1, 4, 1, 2, 3, 3, 2, 1, 2, 2, 4, 2, 3, 2, 1, 2, 3, 1, 1, 1, 4, 2, 4, 2, 3, 3, 1, 1, 2, 2, 3, 4, 2, 3, 3, 4, 2, 5, 3, 3, 2, 2, 2, 3, 3, 1, 3, 3, 2, 2, 4, 4, 2, 4, 3, 3, 3, 3, 5, 2, 3, 3, 2, 3, 3, 4, 3, 2, 1, 3, 3, 3, 2, 2, 2, 3, 4, 1, 3, 1, 3, 3, 1, 2, 2, 3, 2, 4, 2, 3, 2, 2, 2, 1, 2, 3, 2, 3, 2, 3, 1, 1, 2, 5, 1, 1, 3, 4, 2, 2, 3, 3, 3, 4, 3, 4, 2, 3, 3, 3, 3, 5, 2, 2, 2, 2, 3, 2, 4, 1, 2, 4, 4, 1, 2, 2, 3, 3, 3, 3, 3, 3, 3, 2, 3, 3, 2, 3, 1, 4, 2, 2, 4, 2, 1, 2, 3, 2, 3, 1, 4, 4, 3, 2, 2, 3, 4, 4, 4, 2, 3, 2, 4, 1, 2, 4, 4, 2, 2, 3, 4, 2, 2, 3, 2, 2, 3, 2, 2, 3, 4, 2, 2, 4, 3, 2, 1, 4, 3, 2, 3, 4, 1, 3, 3, 3, 4, 4, 3, 3, 2, 2, 4, 2, 3, 1, 2, 4, 2, 1, 2, 3, 1, 3, 4, 2, 2, 2, 1, 2, 4, 1, 4, 2, 2, 2, 3, 2, 3, 3, 2, 2, 3, 2, 3, 4, 2, 2, 3, 2, 3, 2, 1, 4, 4, 1, 3, 5, 2, 2, 2, 2, 3, 3, 3, 3, 2, 1, 1, 2, 2, 4, 4, 3, 2, 2, 3, 2, 3, 1, 4, 3, 2, 1, 3, 3, 2, 2, 3, 3, 2, 2, 4, 2, 2, 2, 2, 3, 1, 2, 3, 3, 2, 2, 2, 3, 3, 2, 2, 2, 4, 2, 3, 3, 3, 2, 1, 3, 5, 2, 2, 3, 3, 2, 4, 2, 3, 3, 4, 2, 2, 2, 2, 3, 2, 2, 2, 2, 3, 1, 2, 2, 2, 3, 2, 1, 3, 2, 2, 1, 3, 2, 2, 3, 2, 1, 2, 3, 2, 3, 2, 3, 2, 2, 2, 2, 1, 2, 2, 2, 4, 3, 3, 2, 3, 2, 3, 3, 2, 2, 2, 3, 3, 5, 2, 2, 3, 2, 2, 2, 2, 3, 2, 2, 3, 3, 2, 4, 3, 4, 2, 2, 1, 2, 2, 2, 3, 2, 2, 3, 1, 2, 3, 3, 2, 1, 3, 3, 1, 2, 4, 2, 3, 2, 3, 3, 3, 2, 2, 2, 3, 3, 2, 4, 2, 2, 2, 2, 3, 1, 5, 1, 2, 3, 3, 3, 1, 2, 3, 2, 3, 2, 3, 3, 1, 2, 4, 2, 3, 3, 5, 3, 3, 3, 3, 1, 3, 3, 2, 3, 4, 2, 3, 3, 1, 4, 3, 3, 3, 2, 1, 3, 2, 4, 2, 3, 3, 2, 1, 2, 5, 4, 3, 2, 2, 2, 1, 2, 3, 4, 2, 3, 3, 2, 2]","[3.0595574072069067, 2.46659549801765, 2.493189030695844, 2.9075603421699885, 3.150714387386351, 3.2657756454055216, 2.709907680973899, 2.4420325398367515, 3.0100284865422946, 3.069143626456462, 2.4330618949857254, 2.7347859704978847, 2.1693540706380343, 2.6113465632481256, 3.792402719254147, 2.7857587502305683, 3.0080676189757547, 2.5028914474241692, 2.3756688137134967, 2.4033834856538037, 2.6466890063588333, 1.8733875171602874, 2.024819112092026, 2.778871731338619, 2.0241312268702654, 2.3056210281768292, 2.0136176707528493, 2.6784481565093214, 2.2339269969498314, 2.515198188476246, 2.9097726368407564, 2.5591340025858114, 1.8256623707727742, 2.172289189679585, 2.4315871253304167, 2.152072137096343, 2.5838450471345786, 2.558936268990299, 2.5459640115781363, 2.8157056206629365, 3.536011272821219, 2.6601589805912953, 2.2952317944217486, 2.5922001726819692, 3.115421877882924, 3.225471563390768, 2.742856915810878, 2.1824794203336597, 1.9205614684485508, 2.3002233432777413, 4.056113331683129, 1.986575594607619, 2.043517532366252, 2.3144811780694696, 3.7617129553684245, 2.113754521075369, 2.2634559363446756, 2.2286607919291272, 3.6100981814038073, 2.543355182269168, 2.50944465664299, 2.415541414774281, 2.275947508557059, 2.041250395639058, 2.260496918116658, 2.148210223874465, 2.0731273771654104, 3.160323247652875, 3.2339693579799125, 3.833929643974218, 1.820575688388583, 2.3094187370287735, 2.166421595809076, 2.152641730374262, 2.038691751254571, 2.15111066933623, 3.2743466537261536, 2.3353954304197395, 2.009473352857801, 2.370837980279446, 2.15080881047432, 2.8567842069994, 2.5598796191470576, 1.8365181355758466, 2.1347678230487035, 2.414090434214219, 2.320659081514682, 2.7862578458669267, 2.5803437353448513, 2.0153743000176854, 2.817128830041286, 2.5985325569695252, 2.236153614862862, 2.4699752654762834, 2.028121500657307, 2.388647499377203, 2.429009846391215, 2.803500960042807, 2.9834340182261885, 3.2486200808607, 2.8372121558588597, 3.8439241895303664, 2.1676177956135922, 2.7387991604513386, 4.086205732095006, 1.8575798485394848, 2.3109707837674573, 2.354967454603111, 1.904771325519003, 2.9382746945528226, 2.2548425567595274, 2.1705885216247713, 3.149731304532748, 3.4721494045072054, 2.7888839445923397, 2.493153255925049, 2.247772055444765, 2.4437609334468955, 2.328366575626308, 2.018045387749424, 2.6116087561265084, 2.345593188379992, 2.6609494125121738, 2.325824414334446, 2.114780062302716, 2.6895252973806825, 2.773214648333629, 2.135555824967826, 2.4410741893489596, 2.0370773705913066, 2.9239911529969347, 2.3928339077269425, 2.595688483655138, 2.375913590652201, 2.3497290138055003, 2.5344367900906133, 2.2739492893218345, 3.5400451667402333, 2.506994804980888, 1.9196451998951136, 2.3617290926805414, 2.0386550200417664, 2.6246143186249493, 2.4806100712222148, 1.984341338449714, 2.301235266388362, 2.916774855045545, 1.8910811250599349, 2.4801848031214226, 2.516761744201518, 2.407061900091482, 2.140230430036383, 3.2479798945105425, 2.1968658592660306, 1.9587554308745094, 3.255457101067659, 2.7299543281986245, 2.6411440939996567, 2.5556768989366154, 2.452012259183886, 3.964264341755336, 2.2124748881953478, 2.340777855799576, 4.094248684476784, 2.364155297794782, 2.601460472700454, 1.996636189725275, 2.084158713952408, 1.984166226694124, 2.264105757637883, 2.7099365241538393, 2.142784262143986, 1.9346970916715782, 2.2329040331952386, 1.9606978846073027, 2.3361169171566445, 2.2535144835918937, 2.2338594737272093, 1.9415347469016129, 1.9287504602613712, 2.3716205661647045, 2.7293211051792525, 2.601014295012965, 2.7764820613899492, 1.9781493520415654, 2.2500370237680256, 2.3053823598729504, 2.6455511141927546, 1.9791885322984877, 2.237908849830235, 2.084187446701076, 2.9624333733502572, 2.0742264664343275, 2.7132350419109943, 4.313995496695974, 2.044710085075485, 2.182603266106273, 2.6950130943796378, 3.34396751434483, 2.349313285423578, 2.394893951501216, 2.4785101007460733, 2.4187753242221532, 2.7462935765800687, 2.3005341338918512, 2.286051648647472, 2.312225862918511, 2.393358835658564, 2.304572682981602, 2.6731612982710327, 2.344395198993195, 2.5308966815815963, 2.321416085293787, 3.410738383839885, 2.6911307206953716, 3.1416424032138437, 2.3610266351411413, 2.5243177359669544, 3.2219305053340785, 2.756162445472972, 1.9706132820932436, 3.48383255704408, 2.823777134087624, 2.2109785003974585, 2.6057591275695575, 3.508430621261278, 2.3340993952414135, 1.834685215675905, 2.6881467001556, 2.871259720623957, 2.1716754689199886, 2.2647121642145738, 2.187641929254985, 2.2650692706406326, 2.597424195692833, 3.1278533585139328, 2.7869138104519195, 2.168023752412263, 2.6058269556425553, 3.307236134280506, 2.645318081461431, 2.2645821694800445, 3.0165760110960558, 2.844184105831653, 2.148574171523348, 1.947393962705269, 2.7699481227051486, 3.4543636834664535, 2.5406905610486423, 2.585328667269599, 2.4324733116170383, 2.7937756001639693, 3.936922595623559, 2.0528629774758116, 2.567399206002754, 3.581473302014512, 2.3633746238052162, 2.2007095336918496, 2.0157477547290767, 2.2286608124333807, 2.1340718122305042, 3.1999559723831417, 2.623193537721594, 2.9684822108307767, 3.0591845375811526, 2.023362943522, 2.206535445496699, 2.2224471549226426, 2.5414970637038303, 3.601284582745243, 3.2633500979944667, 2.064652014953932, 4.004157412985964, 2.1988696377617902, 4.141319200382778, 2.295609473947607, 2.6414534717138207, 2.164798501814137, 3.008674104583429, 2.0312474124353503, 2.550947926974148, 2.380457842327056, 2.213529337714343, 2.9147346921118835, 3.3182271863882895, 2.315981150701232, 2.254473123583932, 2.771844142995697, 2.3916610068150836, 3.2532153418118153, 2.5783580667131742, 2.07457167887246, 2.5531314410262285, 2.556496804277748, 2.226415815217804, 2.7439872395294467, 2.12628798769521, 2.8510200421574816, 2.1958297726886036, 2.801899269273395, 2.7997543377961795, 2.276501336158214, 2.1858285976696603, 3.7436457845281383, 2.22304997201476, 3.1510903693597334, 3.2043203972529337, 2.6786917885988175, 3.7354936047941463, 2.235669427728748, 2.0341556041640674, 2.1217524147943077, 2.5091686530292727, 2.0918525531809045, 2.6291242198995546, 2.393449841530752, 3.063029197914992, 2.524210105236229, 2.3691627752769886, 1.9468418013219504, 2.468992242783435, 2.040993259394102, 2.252768988018313, 2.294965372417841, 2.8648011918317167, 2.783717942906018, 2.238435290671286, 2.4050741825481383, 2.212972184368294, 3.203666884597042, 1.9844138640572657, 1.8832641862614126, 2.350143397961593, 2.11888764898496, 4.022584200606101, 2.2153750411307067, 2.3224690873551137, 2.515138349226659, 1.8818791380718525, 2.859726489937608, 3.904731164575758, 2.4040442102748476, 3.752853654129967, 2.54788641894266, 2.2688257494400133, 2.445358860924557, 3.4416077113043073, 1.878727656377842, 2.3101066056159167, 2.429304792805412, 2.6714198514298224, 1.826713992082273, 1.9283807705775342, 2.419440846080416, 2.235971669383725, 2.0715660952845916, 2.4474493854784836, 2.2115985381626744, 2.3374992188830337, 2.2642346272485243, 2.296212286728667, 2.3212920031451283, 3.0398000746270464, 2.440737938570459, 4.339354051893857, 2.2426288004556674, 2.5771273358737172, 2.2169592175853925, 2.6843320173623897, 2.0431162817242505, 2.0871713505642404, 2.8291157537104534, 2.1447133628214563, 2.914471919612546, 2.3779229297667492, 2.2192951235146996, 2.157131064999852, 2.0932872218802636, 3.2389847721460656, 2.0717770788701966, 2.45733311191463, 2.0923146294883477, 4.3095979133640965, 2.0569441912098547, 2.1866397572233622, 2.3329113166554563, 1.982039361901154, 2.3704667736159375, 2.162272216969544, 3.8799904621045394, 2.30938782803512, 2.2377458289905166, 2.3067192662436504, 2.114492213552762, 2.1531798203043158, 2.618527710556171, 2.4724904997949544, 2.486023254527983, 1.9335503325228232, 2.5473518899114707, 2.4523462656853128, 3.500141295959203, 2.1047818910362492, 2.208697044670515, 2.5714935732148927, 2.1706215734259833, 2.6585375217469824, 2.0735695068408377, 2.829211014911613, 3.1530743731018607, 2.2696212976074395, 2.177290538464134, 2.770103037292494, 2.1663688499126748, 2.132241786532068, 3.3342215778676554, 2.515609658266632, 3.121072718635046, 2.436405245010453, 4.590053969696956, 2.284499401109075, 2.6209865668542784, 3.212970727284891, 2.760523955562568, 2.4141960159340403, 2.8485386075430474, 1.8794137358241247, 2.1810816583900854, 2.165755678867011, 2.7768039905551376, 3.0593917604502607, 2.0908607394138854, 2.2743872754876984, 2.1061278446825438, 2.4996117760896905, 1.8938997338988741, 2.0530776930929657, 2.2292310259687036, 2.184384401743182, 2.327331987123367, 2.0795363863712235, 1.8643246444258272, 2.102648978850526, 2.849280976029589, 1.9455768696223836, 2.5165860648753027, 3.309565717705607, 2.548163526835959, 1.8935324931614597, 2.49413285303203, 2.6059026429616914, 2.334148840208232, 2.9067458522206926, 2.7349347824294843, 3.2797135816809804, 1.9093635151244328, 2.6939885069446086, 2.624466032472273, 2.1613050481505685, 1.8879645044726074, 2.700490175135823, 2.052337387836857, 2.704611648666946, 2.019331179065833, 2.287355602546748, 2.1985200048015985, 2.3299649628908834, 3.2389410867955326, 2.3741029242251437, 2.201124626302456, 2.5551955926319545, 2.1509327860613423, 2.8562634499679076, 2.420434060763464, 2.6616344121545437, 2.3231102500385696, 2.525789702227668, 2.2296136704008855, 3.1314327650787286, 2.796307721720063, 2.0478463508070748, 2.229910699263413, 2.6534470743352374, 2.2557315806584146, 2.3251774859210217, 2.227309748993454, 2.143246367577798, 2.8784324474264844, 2.5878208252585946, 2.5610216559459476, 3.7458691748385338, 2.1697144291419868, 2.693935251528893, 2.2519857815753963, 2.7582542804361783, 1.9551234084619726, 2.2470359966306255, 2.621144278764559, 2.0125313275542553, 2.4625289894382254, 2.6364280644947993, 2.707841279998978, 2.5247107669426323, 1.9117904826344572, 2.5791844278759846, 1.8747413801247634, 3.2840525014662165, 2.7767857172337704, 2.8236623332138255, 2.2979651552770073, 2.2789808660091566, 2.1372498839320366, 2.0192346403105486, 3.056901473348451, 1.8761792846419976, 2.2531018407087733, 3.2774126462356525, 2.264953754184962, 2.0573364888143386, 2.111523475920028, 2.4224733364768647, 1.9690704646235084, 2.222160047283155, 2.2525650617677293, 2.0805291369563, 2.22365371730282, 2.149903718731221, 2.3525792770596166, 2.3351642800188595, 2.302262131877534, 2.8531032234017237, 3.8896558192096835, 2.180293293842506, 3.7279326453406316, 2.166672138816982, 2.240726982079452, 2.671776278426777, 2.4225652694242887, 2.709781587394218, 2.253101942178288, 3.0733329330849237, 3.1169373165722325, 2.590428808829328, 2.673347832175174, 2.223575066867247, 2.496713388600587, 2.954524668731676, 2.372426013590475, 2.8621748317397824, 2.15980528242925, 3.9528834216059443, 2.6449407602529713, 3.13427057512816, 2.7280852971028775, 3.6150624736541577, 3.5120658974816172, 2.2003935224114133, 2.9024836061309656, 2.505863150721254, 2.7531127693676134, 2.1943835055166487, 1.9145486276553474, 2.040207727367077, 2.9022858655090538, 2.7310452409789243, 2.149043416038506, 2.495288176993471, 2.082332387289516, 2.154007462950643, 2.7317588886010675, 2.80229830913962, 2.5651720413979504, 2.0805319651657963, 4.007976062152583, 3.327945491855028, 2.20972880496396, 2.719169806458226, 2.785681603709842, 2.485211213865162, 2.1924257876139044, 2.050391450400063, 2.597151299063841, 4.112956426528126, 2.8235793520835646, 1.8469024839298336, 2.8825833800445064, 2.103076602440728, 1.8673970928911972, 2.3166806789012635, 1.9699016765897985, 2.7311544737650335, 2.514735733686793, 2.4149739322899966, 2.5867077828087357, 1.9229455834477425, 1.8633026926830538, 1.9843272151575562, 2.3037246248528085, 2.901227619288223, 3.5322656757897244, 1.9844228170947833, 2.040409753604106, 2.8059523081143243, 2.435151372290322, 2.1868771137571676, 2.4321137558052666, 2.0188729490908477, 2.46586712476905, 2.209815449552612, 2.141201416842921, 2.464014889255929, 2.303988439950776, 2.249707361915518, 2.157184934799787, 1.964564923917788, 2.0183082905050025, 2.285958874919741, 2.359670324011307, 3.9175177664779666, 2.344701722835075, 2.9084194332404216, 3.040844817166664, 2.475932169534723, 2.1542443510754197, 2.3098654797435, 2.4620445881946433, 2.9346649790141908, 2.042083971716873, 2.5366054923600267, 2.752281841305614, 2.1490653676835842, 2.9448133674393433, 2.6673677527986346, 2.763142218808343, 2.1441924769298835, 2.4173970325218885, 4.079000845969615, 2.590428401662371, 3.035219588052299, 3.070563789377414, 3.9656056355801947, 1.978864783712857, 3.0967194576256487, 2.2547810500032064, 2.281136854524556, 2.119698621453186, 2.557449898928527, 2.2012092706305246, 2.800955208959554, 2.391598448158732, 1.8917331992523307, 3.3509096289923512, 1.9884485423388902, 2.603352591735195, 1.8870981536060751, 2.751359089946399, 2.5738242666585673, 2.760884857975458, 2.988883496350067, 2.209099493289516, 2.1961727747650404, 3.382491626524214, 3.0608916687185546, 2.3148466703348882, 1.9447680698691492, 1.9524488035888068, 1.9588582858543493, 2.5859874938806384, 1.9137899369855513, 3.4473674378272303, 2.2694894328664366, 2.4844840620871493, 3.8851635223479577, 2.186705579502234, 2.580144618589807, 2.450624164805726, 2.6802226740938693, 2.1689762589541646, 3.6665061525773397, 2.0116268757921603, 2.2384484728343286, 2.0977567639633095, 2.1083882859221093, 1.9355513842786014, 2.908444651765101, 2.6453340961450276, 3.360737076157992, 2.7475034928498383, 2.6692802647021447, 2.1996055590214283, 3.8735512952990194, 2.12129302713872, 3.175364389069858, 2.3889113303287237, 2.0788667044016047, 2.3951419393411157, 2.3601360797303426, 1.871860714374149, 2.0703300263889175, 2.7185017170419843, 2.1365173949785183, 2.214574255355519, 2.2276692516446097, 2.700719585485806, 3.1870781840429148, 2.2207817070729745, 2.628156041579323, 2.7893957912897744, 2.4577222485881838, 2.015447294034266, 2.5689717383259545, 2.2704659773713827, 2.278993119976257, 3.3123577925137098, 2.5763494019364295, 2.2461019665501363, 2.3395981506301817, 3.1995835661826373, 3.5612499482792046, 2.292634975677436, 2.5891201570554454, 2.4060758613554216, 2.083387476449463, 2.2602418150290524, 1.9580004196163059, 2.140682066774318, 2.5082583222183805, 2.4201830493465293, 2.126336743050812, 2.723132888109715, 2.691371843037795, 3.0047845448032984, 2.0877958174736295, 2.286825417182807, 1.9875480114565547, 1.8813979173831528, 2.862718658954852, 2.7877799318342023, 1.9497626383311717, 3.387274679268031, 1.9408716581690442, 2.7683927096847687, 2.424870294945652, 2.2061428259002085, 3.48575640710872, 2.103517195512122, 2.594784216090553, 2.230477306171711, 2.4889312004774755, 2.9540332376159446, 3.147422354703, 2.8283298809473605, 2.2329641998361813, 2.1021483577137494, 3.681638816478637, 2.2811764139468567, 2.4314188469259057, 3.5403922659585865, 2.0575286295068507, 1.9061365904674195, 2.1859804335183473, 3.3044495305341077, 2.539840771049646, 2.4713537661893694, 1.8816818093693766, 2.1642486514809653, 2.2664587453246745, 2.2506921183475153, 1.965540063195648, 3.7725701517760224, 2.0353294773714894, 4.153454876370424, 2.304562324716998, 2.2974547878133014, 2.0966891609662186, 1.9265586773512249, 2.401663396205238, 2.127864345539797, 2.1146563882034473, 3.4790470084654914, 1.6261709152786459, 2.884623292548243, 2.8442336065423666, 3.039359508579234, 2.6621164410336005, 2.779033738366434, 1.964234325247223, 2.7275870881461204, 2.1202832476167215, 2.9578765360412547, 2.6538453863364704, 2.475132684327166, 2.41699568764181, 2.1186733730918874, 2.3476221158091573, 2.068517852144552, 3.5204602862289414, 2.393098781277093, 1.86224777475503, 2.3108383448368537, 2.169623043498891, 2.352184717594186, 2.5212672631809094, 1.7619176475124942, 2.632595493755108, 2.0101265517347944, 2.4374243642326725, 1.9286044474128994, 2.8210584772991023, 2.601140565015927, 2.428276720545675, 2.9460488275482124, 2.4023546434968743, 2.324459609954008, 1.991543321712412, 2.3135183043012058, 2.851825329419989, 2.8021070222324838, 2.1667107614212253, 3.4331994652127764, 2.7021736095869073, 2.670113719145834, 3.2806300703158984, 2.0953733417656846, 3.1908737427267413, 2.1555879705176215, 2.3332451026343906, 3.6897039887292653, 3.5567222614433005, 2.1923141709930807, 2.4380160276683975, 2.32378710408595, 2.4493722465856025, 3.2021150901547792, 1.6805509976502284, 2.016350457078864, 2.7146387116900916, 3.3590819316495786, 3.491602251494658, 3.3696708487096796, 2.5898758289002757, 2.765475601278472, 2.3218486923932056, 2.409083339083659, 2.70820457758471, 1.880497854909846, 2.5084000926685124, 4.227009028901902, 2.3098230921117024, 2.0369313569621808, 1.9805196207610942, 2.5819470820843957, 2.0975688853923273, 2.461473530316605, 2.2959538394947017, 2.2342561108884906, 3.5448144961004795, 3.863908762460561, 2.242174255864287, 2.967944030973704, 3.799783513100399, 2.225361365698809, 2.6402270191912205, 1.8855768446287113, 2.0724304699247877, 2.8785774046045276, 2.9496687496442404, 3.477799386077554, 3.2348654690884286, 2.4499415143411105, 3.0008435945823813, 2.69774989474004, 1.8416145164190794, 2.4564676091612117, 2.5620228852863276, 3.417192007165658, 2.3342841684886255, 2.6450962712021933, 2.093465145483963, 2.54782690005695, 2.72745193109765, 2.5166890062521676, 3.2150500723459623, 2.753666173200019, 2.5827544766105444, 2.6715448522749585, 4.141055829999646, 2.460579348654829, 1.9247817999662096, 2.339452590676828, 2.2998827195050175, 3.027061822574849, 2.2183226210498024, 2.932997604734459, 2.7072756889061327, 2.2431268386193817, 2.588093749079267, 2.363817474426909, 2.2676533019639313, 2.677748345186063, 2.8102929322778296, 2.1259098133828838, 2.0391434736084677, 2.480497513472276, 2.222118899078285, 3.662176828961085, 2.5199411952667425, 2.1791691469254557, 2.526742482453088, 2.6683214171203766, 2.0805814144436723, 2.4253317976041533, 1.9819150272152586, 2.835245722514997, 2.197201650257617, 2.9963103963555504, 2.6785019046751306, 2.9340350972203884, 2.1567760924217256, 2.9323462266726072, 2.4379611671087256, 2.7701005597006056, 2.3660238404161267, 2.516541807918448, 2.7966681569131753, 2.084744575231814, 2.4750124428736595, 2.190226372398072, 2.292921879088996, 2.521283746273535, 3.4062110906926737, 2.195918499725585, 3.4199902842038146, 2.429694217661899, 2.5097858420807384, 2.2350336444513794, 2.9690298715469106, 2.569093199515614, 2.2119663282743787, 2.380657472679041, 2.1539243718284005, 2.648111744645637, 2.605194448819101, 1.9328910131288657, 2.0905273125338244, 2.306089095828445, 2.410363994908282, 2.5173765986078798, 2.6203102676133625, 1.9970644684703394, 2.5113053504071607, 3.3528297175594313, 3.1340868934349375, 3.5980793143580065, 2.5253799364036023, 2.5924307074761446, 2.152720083632729, 2.5216271125401457, 2.414239528250435, 2.3170963650850185, 3.1656221604547117, 2.2189894704988675, 1.9794745926886455, 2.373986959425407, 2.6489344719834382, 3.222782333580006, 2.3255804602525334, 2.3405569373784747, 2.5050121056427925, 3.0067525674039763, 2.38839657357623, 2.5280358251095123, 1.9132855543512148, 2.674749761563321, 1.8362972621346667, 2.796317245176783, 2.6489363676859345, 1.9826919009725852, 2.59732967400094, 2.258113270745431, 2.747442984151105, 2.267619720072738, 2.239692296418054, 1.9110349781519138, 2.3902728337795796, 1.958274507362916, 1.9977783555579203, 2.024325833143817, 2.292727292538634, 2.7931860360786205, 2.4280084244318165, 2.405301633372815, 2.5600778443383687, 2.4182465685605568, 2.1527726582972075, 2.0333819670052695, 2.1998862789112184, 1.8365323945555991, 2.6242098330453745, 2.3365812805817665, 2.3787775249826426, 2.705135355975457, 3.102036079028843, 2.171748438121258, 2.116601564365164, 2.434487545535859, 2.5758383580304125, 3.0017082706089617, 2.3271143246847505, 2.6266318131441313, 2.7260775181847787, 2.0542047868314786, 2.8762113650105237, 2.917081814300449, 1.8605307049124944, 2.382454191456159, 3.6472107696060165, 2.724431694127643, 2.9430590581864116, 2.6614219176276928, 2.7422515621881933, 2.474338936843096, 2.018615344436863, 3.207112651473243, 1.9555981215295835, 1.9065246581653144, 2.125098645648488, 3.4318535080364883, 2.164127149315624, 2.8178577123677795, 2.696249407631445, 1.88512677572808, 2.172170482727735, 2.8337641712154387, 2.2597248531062215, 2.103639089092646, 2.3492765542107734, 2.7489030521149664, 2.35470608923263, 2.1725302299360405, 2.2725844687482, 2.4164725978019757, 2.883219859318226, 1.9629496664564625, 3.198271452155721, 2.2363286652771426, 2.467165413627628, 3.4906985297743693, 2.248196643575384, 3.1703388718260292, 2.060853980780594, 2.415740612801814, 2.2735405942406866, 3.0302294601777087, 1.9915983205080021, 4.459305739435677, 3.4138416338897954, 2.2064570270941095, 2.180679470930026, 2.2029477419627845, 2.271965193378768, 2.956613981182828, 2.159571686611941, 2.5282168894795305, 1.9871104936997195, 2.3469755187913286, 2.237173145563096, 4.152587454760974, 2.1389885381404934, 2.3298688968556847, 4.064417434176151, 2.9993276609748603, 2.4539579786415766, 2.604149889155681, 2.079503420185973, 2.871035094986617, 2.97689820135422, 2.266361410295169, 2.359911445572666, 2.1329675110166133, 2.2033201742401562, 2.442781842056006, 2.1419145336936674, 2.629306490901102, 2.5355608222653343, 2.8566572263979344, 2.4071094296326145, 2.63190845155475, 2.5305966447573143, 2.564238682125271, 2.4797162191928908, 3.35512129089629, 3.310496750412508, 1.9465484352692235, 2.6229787934194926, 2.455905207684244, 2.261967017801244, 2.3415008453634463, 3.1032761826641737, 2.415291894981458, 2.4590040290978146, 3.2985886452894393, 3.8229119784645613, 2.441101030706189, 2.640171587223702, 1.89777872921829, 2.1869133765609434, 3.457103180146087, 2.5410724104615037, 2.5985483756058882, 1.8646646645429386, 2.920669496447678, 2.579297170668779, 2.8965279608825907, 2.420631862186026, 2.2686525601700964, 1.9998740681218108, 2.294632742357185, 2.0844876102187806, 2.9453248883348913, 3.070828679222539, 2.6772872826905236, 2.060752722424374, 2.175910901457132, 1.9322842439237182, 2.215922466551703, 1.9017615128056096, 2.887382995732477, 2.3064924644631044, 2.223851046005296, 2.3623454268608812, 2.77300850228123, 2.404497163874978, 2.261007701810447, 2.2241256021609344, 2.1877638998293554, 2.5589499397269817, 2.3586252552699936, 2.785525158724317, 2.6161441120345024, 2.993952350875964, 2.2479695755437747, 2.2092864792412987, 3.2377341819515095, 2.558033981182044, 2.288906984388158, 2.3839707177240186, 3.0587060637970453, 2.5337972417856913, 2.6420510069993193, 2.4632863408729446, 2.3786103342559213, 2.9803150624530983, 1.9940490288039643, 2.4079410872954092, 2.210743226651626, 2.237770331492543, 3.0903173388339913, 2.3579546550848, 2.9089898103676326, 2.2378126981790754, 2.148327935857299, 2.0602342164978795, 1.823595390957552, 2.411503057081064, 2.6518807121267978, 3.162410050530629, 2.5062237436673835, 3.5831777014544146, 1.8742116717915562, 2.5820643303089015, 2.7787864833549385, 2.1207469461441595, 2.4724973614223846, 1.8742936188456545, 4.163433276547856, 2.0879851512419627, 2.4113156182341635, 2.2820594436136057, 2.3289472445846924, 2.568088561902951, 2.5847926825004, 2.44668162702884, 2.7212316760388044, 2.0651288225202027, 2.2031189747295548, 2.2160187487987457, 2.352050114570706, 2.302537569482344, 1.9295783799201938, 2.1741545260508452, 2.303256403552733, 2.2777201238205445, 2.6353200372604437, 2.677426813174229, 2.509230734756259, 2.4280102985417673, 2.0582614113264173, 2.187556302789295, 3.186835546657229, 2.1501383017778632, 3.0942638064569192, 3.1865688647811465, 2.281175644491086, 3.1786445861832595, 3.4256205392236283, 1.997808025124646, 2.6622089159556848, 2.4206146135072655, 2.4818440747451875, 2.596258737078262, 2.2319706217436135, 3.7081721231767597, 2.5312285951800786, 2.3957056370746566, 2.3802412279188334, 2.0862911329137916, 2.1500600952760607, 2.4738588177864167, 3.1634824722575194, 2.6037990051596536, 2.490332263350633, 2.069046077815406, 2.8553394587757097, 2.7503243345225927, 1.8579593424629355, 2.6000361934989695, 2.920705960390399, 2.522915193961437, 2.2169841896175644, 1.9482400689816157, 2.17090102041448, 1.8623334868366817, 2.1232919356455175, 2.385760235738838, 2.2182939049353414, 2.1239613204380308, 2.125342880612532, 2.2073980351728992, 2.81311047937468, 2.3969566161335303, 2.349389514377732, 2.442537419565064, 1.9657411569256775, 2.395732970875162, 2.365294355215085, 2.3858991578148623, 2.246565574810913, 2.9400929377426883, 2.349134608217662, 2.0356626272390557, 2.1642122872076746, 2.5225002841252486, 2.9153926393765386, 3.916192020415049, 2.204938349837997, 2.522678820006265, 2.3109171053640565, 2.818833132121715, 2.3287456824456343, 2.4100691136386176, 2.1652820296829374, 2.2706003774558337, 2.29051854227328, 2.3022827930378558, 2.938605900748636, 2.6365917249754696, 2.647467415058828, 2.3766039902717346, 2.431048329834225, 2.5917413798220146, 3.172768943776981, 2.311512998264949, 2.756323543827018, 1.9627665632967233, 2.9420772070595356, 2.936438152172303, 2.288964563506708, 4.184420946683455, 2.2337710438673333, 2.33529650782974, 2.281769393803356, 2.400241563302615, 2.6546196232808343, 2.4033129607478467, 2.609056300900687, 2.1563556995008444, 2.103898397271529, 2.128883078099313, 2.76714926964235, 2.1676139244658237, 2.3020209328809074, 2.8516943366921534, 2.0059163014692447, 2.65207285281931, 2.2121810164265296, 2.0879126256344107, 2.5598885764956325, 1.9806053328427464, 2.2716586121669935, 1.9526443470200587, 3.1601924320954797, 2.503725956008984, 2.2086079546654345, 2.5492018760553963, 2.461016034592705, 2.246400935281193, 2.7466575579046517, 2.1181327233427174, 2.1914566666024298, 2.546680977137039, 2.158986784216974, 2.4903521787493776, 2.0170757131543806, 2.3247306494096405, 3.157416101544947, 2.314662483126591, 2.6480758447771353, 2.0689409486510595, 2.3317719782516533, 2.917515164612711, 2.9084042722013503, 1.8441761804095962, 2.2598463595826206, 2.7257508056356445, 2.0457295633965775, 2.201841121518053, 2.003767183203391, 2.9425900040138107, 2.698115383983299, 1.9923879158603937, 2.554756642251984, 2.231769992111555, 2.6203999562837126, 1.9127161761644342, 3.6599783794886624, 2.225420709143318, 1.9165793446667938, 3.445901241712934, 2.6736514905004953, 3.116927170848312, 2.2064866110448738, 2.6103527482388533, 2.9205064679350996, 2.30453981904693, 2.570307291950899, 2.0267177729659354, 4.0951122628427585, 2.3354905596368805, 1.9837404170600927, 2.669458627149624, 3.8887891326369077, 2.338500380972389, 2.4442888608199365, 2.2334026501000164, 3.024744763849692, 2.134071409813485, 2.0977402478746794, 2.0606973160204056, 3.4044892548071184, 1.9421144833529973, 3.0122143211469385, 4.021383445712228, 2.459965864578506, 2.3463336106859387, 2.5361587453342427, 2.3215256194666907, 2.3612899822715017, 2.3520237056367557, 2.1575409409155477, 2.962634800275557, 2.5384074974624014, 2.1617573403830086, 2.7260387691279284, 2.0593143494981114, 2.190044972763231, 3.747001252425906, 1.8847806307829473, 2.976704331099013, 2.5292041196732615, 2.0529849523612396, 3.1826057017233844, 1.9572095937987442, 2.308718194815822, 2.456368609475997, 4.074078919999333, 3.5359381670520538, 2.4497619329730886, 2.153086831145804, 2.0736622805685685, 2.5094419097383973, 2.860496520189085, 2.3853280442278852, 2.292186651411579, 2.071772381335643, 2.4395478549718494, 2.2771611325833154, 2.7582011664795565, 2.4683460354504696, 2.169769998597184]"
-1.0,7000,0.6235027554053225,0.6235027554053225,0.0027818679809570312,0.3097409032620778,"[5, 3, 3, 3, 3, 4, 4, 3, 3, 3, 1, 3, 3, 2, 5, 3, 2, 3, 2, 2, 3, 3, 3, 2, 2, 4, 3, 1, 2, 3, 3, 5, 1, 2, 3, 3, 2, 3, 1, 4, 4, 3, 2, 3, 4, 3, 5, 2, 1, 2, 5, 3, 2, 3, 5, 2, 2, 3, 3, 3, 3, 3, 1, 2, 3, 3, 2, 4, 1, 2, 2, 3, 2, 3, 2, 3, 4, 2, 2, 2, 1, 3, 2, 1, 3, 3, 2, 3, 1, 4, 3, 3, 3, 3, 2, 1, 3, 3, 5, 3, 3, 4, 3, 3, 4, 1, 2, 3, 1, 3, 3, 1, 4, 4, 4, 3, 2, 2, 2, 3, 3, 2, 2, 1, 1, 2, 3, 2, 3, 1, 2, 2, 3, 2, 3, 2, 2, 4, 2, 2, 2, 2, 3, 3, 1, 3, 2, 2, 2, 2, 3, 2, 2, 2, 3, 3, 3, 3, 1, 3, 4, 1, 2, 4, 3, 3, 1, 2, 3, 2, 3, 2, 2, 1, 2, 2, 2, 3, 2, 2, 1, 3, 2, 2, 2, 3, 3, 4, 3, 2, 4, 2, 3, 3, 5, 3, 1, 3, 1, 2, 3, 3, 3, 4, 3, 4, 2, 3, 1, 3, 2, 3, 3, 3, 2, 3, 3, 3, 2, 3, 2, 3, 2, 2, 3, 4, 2, 3, 5, 2, 2, 1, 2, 4, 3, 4, 3, 2, 2, 4, 3, 4, 4, 2, 3, 2, 3, 4, 1, 3, 2, 2, 5, 2, 1, 4, 2, 2, 2, 2, 2, 3, 3, 4, 2, 2, 4, 2, 1, 4, 4, 3, 5, 2, 4, 1, 2, 2, 5, 3, 2, 2, 3, 4, 5, 3, 2, 4, 3, 2, 5, 2, 1, 4, 2, 3, 2, 2, 3, 2, 2, 2, 2, 4, 3, 3, 4, 2, 5, 2, 3, 1, 3, 3, 3, 1, 3, 1, 2, 3, 3, 2, 1, 4, 1, 3, 1, 4, 1, 2, 2, 2, 2, 2, 3, 3, 3, 4, 1, 3, 4, 2, 4, 3, 2, 3, 3, 2, 3, 2, 3, 2, 2, 3, 2, 2, 2, 2, 3, 2, 2, 2, 3, 2, 5, 2, 3, 3, 2, 2, 2, 3, 2, 3, 3, 2, 2, 2, 4, 3, 3, 3, 4, 2, 2, 4, 2, 2, 3, 1, 2, 2, 3, 2, 2, 3, 2, 3, 2, 3, 2, 4, 2, 1, 2, 3, 2, 1, 2, 4, 3, 3, 4, 2, 2, 5, 3, 2, 3, 5, 2, 2, 2, 3, 2, 2, 3, 2, 2, 5, 1, 3, 3, 2, 2, 2, 3, 3, 2, 3, 1, 3, 2, 4, 2, 3, 4, 3, 3, 3, 3, 3, 2, 1, 3, 2, 3, 3, 2, 4, 4, 3, 3, 2, 3, 3, 4, 3, 2, 2, 2, 2, 2, 2, 3, 2, 3, 2, 1, 3, 2, 3, 3, 3, 3, 2, 2, 2, 3, 3, 5, 3, 3, 5, 4, 3, 2, 3, 2, 3, 3, 1, 4, 2, 3, 3, 4, 4, 2, 3, 2, 2, 2, 3, 3, 2, 4, 3, 1, 1, 2, 2, 3, 4, 2, 2, 2, 2, 2, 3, 3, 4, 3, 1, 2, 4, 2, 3, 2, 3, 4, 2, 3, 2, 3, 3, 3, 2, 3, 2, 3, 2, 3, 3, 4, 2, 3, 3, 3, 5, 2, 2, 2, 3, 3, 2, 2, 2, 2, 4, 4, 2, 3, 4, 4, 2, 2, 2, 2, 2, 2, 2, 5, 3, 2, 1, 2, 2, 2, 1, 2, 2, 3, 3, 1, 2, 2, 2, 2, 1, 2, 2, 3, 2, 3, 2, 3, 2, 3, 2, 3, 3, 3, 3, 3, 3, 2, 3, 5, 4, 4, 2, 3, 1, 2, 3, 4, 3, 2, 3, 2, 4, 2, 3, 1, 2, 5, 2, 4, 2, 3, 2, 2, 2, 3, 2, 4, 1, 2, 2, 2, 3, 1, 3, 2, 1, 3, 3, 2, 3, 2, 1, 1, 2, 2, 2, 1, 2, 2, 3, 3, 2, 4, 2, 2, 2, 4, 3, 2, 1, 2, 3, 2, 2, 3, 3, 4, 2, 3, 4, 4, 2, 3, 2, 3, 3, 3, 1, 2, 3, 2, 2, 3, 1, 4, 3, 3, 3, 2, 2, 2, 3, 2, 4, 3, 3, 2, 3, 4, 2, 1, 3, 2, 2, 2, 2, 3, 2, 2, 2, 4, 2, 3, 2, 2, 2, 3, 3, 2, 4, 1, 3, 2, 3, 4, 2, 2, 2, 3, 3, 4, 2, 2, 2, 4, 3, 4, 1, 2, 2, 2, 3, 3, 2, 1, 2, 1, 3, 2, 5, 2, 4, 2, 2, 1, 2, 3, 3, 3, 4, 2, 3, 3, 3, 2, 3, 2, 3, 2, 2, 2, 3, 3, 2, 2, 1, 3, 1, 3, 2, 1, 3, 3, 2, 3, 2, 3, 3, 4, 2, 3, 3, 3, 3, 3, 4, 4, 3, 1, 4, 3, 2, 3, 2, 3, 2, 2, 5, 4, 2, 2, 2, 1, 2, 1, 2, 2, 4, 3, 4, 3, 3, 3, 3, 2, 2, 2, 2, 2, 2, 1, 1, 4, 2, 2, 2, 3, 3, 1, 2, 3, 3, 3, 2, 2, 2, 3, 3, 3, 2, 4, 3, 2, 3, 2, 3, 3, 3, 3, 2, 1, 2, 4, 2, 2, 1, 5, 3, 2, 2, 2, 2, 2, 4, 2, 1, 4, 1, 2, 3, 3, 2, 1, 2, 2, 4, 2, 3, 2, 1, 2, 3, 1, 1, 1, 4, 2, 4, 2, 3, 3, 1, 1, 2, 2, 3, 4, 2, 3, 3, 4, 2, 5, 3, 3, 2, 2, 2, 3, 3, 1, 3, 3, 2, 2, 4, 4, 2, 4, 3, 3, 3, 3, 5, 2, 3, 3, 2, 3, 3, 4, 3, 2, 1, 3, 3, 3, 2, 2, 2, 3, 4, 1, 3, 1, 3, 3, 1, 2, 2, 3, 2, 4, 2, 3, 2, 2, 2, 1, 2, 3, 2, 3, 2, 3, 1, 1, 2, 5, 1, 1, 3, 4, 2, 2, 3, 3, 3, 4, 3, 4, 2, 3, 3, 3, 3, 5, 2, 2, 2, 2, 3, 2, 4, 1, 2, 4, 4, 1, 2, 2, 3, 3, 3, 3, 3, 3, 3, 2, 3, 3, 2, 3, 1, 4, 2, 2, 4, 2, 1, 2, 3, 2, 3, 1, 4, 4, 3, 2, 2, 3, 4, 4, 4, 2, 3, 2, 4, 1, 2, 4, 4, 2, 2, 3, 4, 2, 2, 3, 2, 2, 3, 2, 2, 3, 4, 2, 2, 4, 3, 2, 1, 4, 3, 2, 3, 4, 1, 3, 3, 3, 4, 4, 3, 3, 2, 2, 4, 2, 3, 1, 2, 4, 2, 1, 2, 3, 1, 3, 4, 2, 2, 2, 1, 2, 4, 1, 4, 2, 2, 2, 3, 2, 3, 3, 2, 2, 3, 2, 3, 4, 2, 2, 3, 2, 3, 2, 1, 4, 4, 1, 3, 5, 2, 2, 2, 2, 3, 3, 3, 3, 2, 1, 1, 2, 2, 4, 4, 3, 2, 2, 3, 2, 3, 1, 4, 3, 2, 1, 3, 3, 2, 2, 3, 3, 2, 2, 4, 2, 2, 2, 2, 3, 1, 2, 3, 3, 2, 2, 2, 3, 3, 2, 2, 2, 4, 2, 3, 3, 3, 2, 1, 3, 5, 2, 2, 3, 3, 2, 4, 2, 3, 3, 4, 2, 2, 2, 2, 3, 2, 2, 2, 2, 3, 1, 2, 2, 2, 3, 2, 1, 3, 2, 2, 1, 3, 2, 2, 3, 2, 1, 2, 3, 2, 3, 2, 3, 2, 2, 2, 2, 1, 2, 2, 2, 4, 3, 3, 2, 3, 2, 3, 3, 2, 2, 2, 3, 3, 5, 2, 2, 3, 2, 2, 2, 2, 3, 2, 2, 3, 3, 2, 4, 3, 4, 2, 2, 1, 2, 2, 2, 3, 2, 2, 3, 1, 2, 3, 3, 2, 1, 3, 3, 1, 2, 4, 2, 3, 2, 3, 3, 3, 2, 2, 2, 3, 3, 2, 4, 2, 2, 2, 2, 3, 1, 5, 1, 2, 3, 3, 3, 1, 2, 3, 2, 3, 2, 3, 3, 1, 2, 4, 2, 3, 3, 5, 3, 3, 3, 3, 1, 3, 3, 2, 3, 4, 2, 3, 3, 1, 4, 3, 3, 3, 2, 1, 3, 2, 4, 2, 3, 3, 2, 1, 2, 5, 4, 3, 2, 2, 2, 1, 2, 3, 4, 2, 3, 3, 2, 2]","[3.520095281196233, 2.580512061564071, 2.4045917033025885, 2.637282447079592, 2.9308300859386924, 3.6992562339344244, 2.527191980706289, 2.3977921446677564, 2.8488774551245006, 2.748303810499288, 2.378833254371306, 2.547763233892969, 2.1874776329136094, 2.618218304020995, 3.989453161948087, 2.5996995660148317, 2.9182380776033443, 2.383500623566754, 2.3446083627335352, 2.3482114572197688, 2.514562182021411, 1.9881218224651331, 2.0972187899884127, 2.6697121881515193, 2.1495354847634256, 2.3041784605664937, 2.0734100675575373, 2.608705531409662, 2.652702666290244, 2.4304101095807265, 2.7658378831712693, 3.1632456716893596, 1.9819172311867697, 2.27731332233749, 2.5054385256353147, 2.3529697186540433, 2.791115632081567, 2.5902603715480934, 3.1615334839324305, 3.111500537520999, 3.5438797866199323, 2.5638176753422655, 2.244136561675994, 2.768048519980956, 2.885685244195603, 3.1006660744981263, 3.056571318017632, 2.2077301400337044, 2.052061204629114, 2.2224330373082064, 4.073150923961069, 2.118449936738238, 2.099649710878851, 2.4894167198856696, 4.0134359044344325, 2.2505969558524965, 2.351383009069099, 2.221390969379402, 3.8584009880855126, 2.6405975795106276, 2.40670504443636, 2.3497920700977546, 2.264586541460191, 2.054650048950598, 2.2306500355704104, 2.228873367617637, 2.17440717172817, 3.5094849765437717, 3.0593691261134395, 3.999262886680376, 1.981255928130714, 2.2370102023571006, 2.1379805284175575, 2.1361890528671283, 2.0766698673270496, 2.233661389234046, 3.0179599658492133, 2.2723151727044217, 2.0952237376708895, 2.385173821741998, 2.1359507609039614, 2.606830923064409, 2.480923916109893, 1.983328553911067, 2.2631843630268955, 2.371955892250509, 2.2250898212644525, 2.599317843599039, 2.592439875369025, 2.095990900645834, 2.743850991905739, 2.5345045806898634, 2.2848626516937496, 2.405424359907367, 2.184151149353709, 2.362643205720684, 2.598127001897158, 3.114324793354618, 2.823664009257615, 3.011404478903678, 2.754250200323696, 3.781188312102742, 2.2281504878947973, 2.652005559969423, 4.144427386393984, 2.056974699903385, 2.26913980372042, 2.274859668001765, 1.9922019294603683, 2.7121483650435856, 2.2618427552224287, 2.1385222569093614, 2.9806067549671456, 3.045681120020782, 2.600105862383685, 2.4751972946234164, 2.251672614012148, 2.398770324648072, 2.2260918475412232, 2.2033047394633933, 2.4870444454663714, 2.277447286483845, 2.6582320932997736, 2.248113808831013, 2.1989287663725543, 2.7347440389761912, 2.620421207491224, 2.1116153103746464, 2.398421029774005, 2.314029903981823, 2.6847280900106907, 2.4826509698404786, 2.6135845306466394, 2.3078723764046405, 2.3497777311921038, 2.3876017311127, 2.286679218890129, 3.915502355767634, 2.361077020598412, 2.0164880929829128, 2.3823808688977137, 2.09901755144419, 2.510789977017342, 2.3582514347901866, 2.02489902783391, 2.328777696381469, 2.683789922551387, 2.026156272157498, 2.4258581330685, 2.5921108970663385, 2.3753042100726756, 2.112223040597256, 3.5886917879163325, 2.277262460237395, 2.1148331276066425, 3.3243849380666046, 2.630697991771089, 2.513841305974564, 2.458025074682262, 2.381901537407458, 3.708526621183851, 2.166320226809948, 2.3826228910812146, 4.253119295018434, 2.29709279064108, 2.594580586074479, 2.20817833837597, 2.08258087947813, 2.0873738268634976, 2.3825105366502766, 2.589842164660797, 2.1393184595600543, 2.0407973999695064, 2.168976153600859, 2.105834731409489, 2.362423416277532, 2.3069796233233455, 2.173511311443404, 2.019333881895556, 2.0176718383107324, 2.3440820632177632, 2.6376718176620355, 2.485369355173748, 2.6661555198307285, 2.068798946637187, 2.216513084640149, 2.2585577348475656, 2.4680535058235806, 2.0596831187891205, 2.263491861808922, 2.127289533775105, 3.395101596148985, 2.1265991468166976, 2.7831359924372774, 4.330508809825562, 2.1863077773369044, 2.237755639457311, 2.4799460572982763, 3.1492687250312406, 2.296477047253372, 2.406093906325234, 2.558205444343495, 2.637546157961827, 2.6801695069717426, 2.301923140877843, 2.1982381618938533, 2.2463459053273005, 2.3409032518261528, 2.2669941889809953, 2.5780225559891172, 2.273485203386879, 2.5001130056861087, 2.4418508141637854, 3.707785477624209, 2.5203399049628783, 2.9205486078487306, 2.3433093883871825, 2.50147004563769, 2.83417329871088, 2.6341052239782443, 2.0678192066591294, 3.6201596021758506, 3.331765822235183, 2.179227217417006, 2.4645361025679353, 3.4485396330689726, 2.226837152800122, 1.9830902619478996, 3.2023706529110667, 2.6319676435462203, 2.183368486242626, 2.285478330255607, 2.1407393150486844, 2.4273378973952298, 2.5124194987067128, 3.527923000058639, 2.7828591938060647, 2.138188819593995, 2.463940312940976, 3.333122022978305, 2.4920314931052197, 2.6583957678691132, 2.869737488404009, 2.978787296166206, 2.1133077833288674, 2.033477321284873, 2.8426164651801664, 2.9980593296133136, 2.436970285235825, 2.5098309187167964, 2.3973028575943234, 2.7577052136846554, 4.080314651822925, 2.123217141267886, 2.4819015131746127, 3.8558796458441362, 2.442290155624645, 2.177892182407536, 2.051334533434302, 2.258438951676614, 2.1781820181546285, 2.8987158445712065, 2.5338600718761466, 2.774521740159539, 2.8146710477029986, 2.052324559396381, 2.386770449979935, 2.235278674821767, 2.6127510996798695, 3.790188652370804, 3.6134982159024593, 2.208610438554941, 4.148193468631541, 2.2485609646082683, 4.327505373651361, 2.290099796879021, 2.7337020683696065, 2.1465914034830154, 3.4458181222799107, 2.1820640246575356, 2.446801263223132, 2.3270092828410593, 2.188809771790053, 2.861399248066228, 3.117976387854486, 2.3227576510468224, 2.2602007373310666, 2.66264475160319, 2.4527516886486893, 3.1255741964932775, 2.697641350134959, 2.1036869596073298, 2.480046607389384, 2.5677396346471424, 2.258147086880001, 2.503352195603138, 2.2391248600164517, 2.5622698403057256, 2.319073742718006, 2.6450050371480365, 2.7316758163451076, 2.332320528790772, 2.1759575602461396, 3.746552460074057, 2.190047518533986, 2.870124259883953, 3.0746614741144924, 2.6911527283618355, 3.7869919941767956, 2.191688132985431, 2.076080137576478, 2.1321732332720282, 2.5621912631518655, 2.1059335899507143, 2.715751656167969, 2.3239629492529277, 2.83489570205651, 2.4926341646717596, 2.392922663213488, 2.064579884243774, 2.8416916476342102, 2.0546166195025277, 2.1939111912820994, 2.3523528032584875, 3.292394307897416, 2.682392543549402, 2.1920477138435195, 2.370783718654714, 2.2193513444644517, 2.9481652817772726, 2.0249084566525966, 1.989405856137163, 2.441174614660011, 2.1994627803763422, 3.5087849788066374, 2.392522740683243, 2.2881471360719767, 2.582560885274572, 2.011578249943269, 2.6838461833664082, 3.989022910519495, 2.3489019636162607, 3.4592158021362756, 2.7212399809169967, 2.3553271161213702, 2.3760209988523795, 3.083954213225734, 2.0597240577158256, 2.2237179281455712, 2.4192433881772755, 2.656347325965161, 1.9820539490577234, 2.0399762355784485, 2.37265148191997, 2.2184908299862816, 2.1262532806039713, 2.353940321737133, 2.2859499688032776, 2.2903813253043306, 2.1954018017998966, 2.3125306260336695, 2.3234480977242726, 3.0187210773043325, 2.3307153288994837, 4.334559070366996, 2.2501016095887016, 2.5186202262912194, 2.2575222730697306, 2.500761035182312, 2.0548926267404406, 2.1729869880051993, 2.5588266572816174, 2.1351583115516304, 2.6840951331297367, 2.3588877225475127, 2.1895593628756274, 2.194579146651455, 2.1808786904901236, 3.146681193506854, 2.1262807098946954, 2.400534799490444, 2.1998587112428707, 4.24592758207966, 2.123747726610334, 2.140609025917744, 2.4032001665411054, 2.0693046741849157, 2.3692327780983398, 2.3586634719760333, 4.050560630627564, 2.2733449529089382, 2.214310538592482, 2.349630765510739, 2.1579927616334804, 2.1946700658960214, 2.7120265721793038, 2.35719583567997, 2.4895585228353814, 2.085957840117139, 2.48370617084209, 2.381060182125654, 3.2272299517161156, 2.107614491172911, 2.282046589318097, 2.5046373985746824, 2.187082075538788, 2.4937501096021624, 2.1035566704763893, 2.5600391272400826, 3.420235850642046, 2.2637640913211303, 2.274717536357384, 2.828624593723914, 2.1379736710948762, 2.155889381846709, 3.459339810713796, 2.389416151567645, 3.3072209298871624, 2.374856968327268, 4.474354236034046, 2.311007871815805, 2.59583481129274, 2.9005215836633313, 3.279442170819924, 2.3528631542561924, 2.7000705959301166, 1.988905271581445, 2.1398864355402267, 2.1378939547187086, 3.2204619737933187, 2.7693884614951094, 2.083452188041293, 2.2414266334689694, 2.1566251665549463, 2.428383770728471, 2.0265227103382677, 2.1230961863417463, 2.2748606095030413, 2.162668273899612, 2.3198223923023042, 2.104332405104685, 2.0092960472384758, 2.1073371981869955, 2.8858650461024844, 1.997506925719509, 2.430590542883772, 3.186103492232202, 2.460294280669682, 2.048547255337734, 2.430768599422248, 2.646235657397345, 2.294505566982565, 2.6689555132880662, 2.593092107028956, 2.99645411270506, 1.9927989451162889, 2.6174980427290984, 2.5340255047858276, 2.2404313192245406, 2.047823379212214, 2.5748033336787186, 2.1014009593775707, 2.7908192131686773, 2.0518004027939467, 2.399209792763128, 2.283969500510123, 2.3163140941039067, 3.3027930927898836, 2.2767428005240116, 2.2325066021279456, 2.4579625016127973, 2.312484350546636, 3.139125788606556, 2.39573767369237, 2.492645771984654, 2.5615345697869, 2.6089081612151723, 2.55314195477085, 2.778754278529445, 2.9269557775701247, 2.2295315253046804, 2.236248985981138, 2.515440776489923, 2.353624785765795, 2.3945810471676507, 2.2083939641984833, 2.1349675922645632, 2.96482499003043, 2.461599394410726, 2.4657722606618315, 3.501506733615048, 2.293326112299059, 2.879095021208933, 2.4787347225107443, 2.8028428093054805, 2.0211004996512663, 2.321582555944473, 2.5272909823563117, 2.1368147950028398, 2.35560303325952, 2.467314055981019, 2.5225123905047737, 2.4077873953078193, 2.0288486284751523, 2.4813312396880156, 2.015061237336937, 3.498159333644061, 2.6601900639345994, 2.6493322065794813, 2.289801443623353, 2.2426284389878686, 2.315308564465129, 2.0964927709495544, 2.847629627666086, 2.010837230511046, 2.2779639765988917, 3.6779728762727992, 2.2408048197373724, 2.1237987279477744, 2.108490942728085, 2.5088567551310548, 2.067618629970708, 2.252753824136773, 2.2391942060726566, 2.082109009961139, 2.2354355360780964, 2.1765828059178443, 2.3045585874326857, 2.410855088689356, 2.2634478066442263, 2.7344983263844527, 4.137111003397974, 2.2297983882515915, 4.071985587702497, 2.1380131007002925, 2.2778002810979094, 2.47604033594337, 2.3870439875581853, 2.522160035832992, 2.2616164635739535, 3.4809876101169985, 3.1502588521004102, 2.5912574886840853, 2.427408956222131, 2.213072851567591, 2.4858134107547807, 2.7715070800839556, 2.4300851956407326, 2.6549436991649746, 2.137120363003751, 4.081785059236305, 2.5753873432855063, 2.953147170642501, 2.6346033467474257, 3.726630215112281, 3.7571395079913366, 2.2231606253873957, 2.7834539511619374, 2.548791295649548, 2.770570990429243, 2.2769397374887177, 2.0158255041788546, 2.099219413880614, 2.9302597575922813, 2.570233980954743, 2.126750490056713, 2.3733925200157127, 2.082343444680298, 2.159323674480963, 2.9391478924612597, 2.9122894147141976, 2.5806119166815544, 2.10446183707029, 3.9787349000330443, 3.335814379295959, 2.1659632174478647, 2.6906471113831794, 2.920603025061772, 2.403554533247077, 2.2125494006794755, 2.078190907214244, 2.6469868301996704, 3.9498324677805012, 2.989162982441292, 1.984678589313902, 2.8978082526455866, 2.1520977109867463, 2.009695486284648, 2.525436831040471, 2.113036219718881, 2.6043883540657125, 2.339730934175375, 2.3044087669629874, 2.4557299288184606, 1.9945647057066638, 2.0091631866115303, 2.069602110556207, 2.3036517446817255, 2.7526766580203765, 3.8280322093009262, 2.0696145394535663, 2.122202745812798, 2.648681789743523, 2.3835158446514937, 2.1406398838698086, 2.454913693475128, 2.051740829803155, 2.378687211627312, 2.188931548986684, 2.161465138406106, 2.4237559350840856, 2.3522415640978815, 2.2164702263733926, 2.1820892266989813, 2.022327960411177, 2.0963723392199682, 2.220578560105645, 2.342528451047834, 4.054834825852165, 2.2502702475864367, 2.824826492411489, 2.8277319398862213, 2.6446534930807695, 2.181706930959512, 2.313701025579752, 2.441736215458534, 2.6841621969646554, 2.077110878891976, 2.477898122476872, 2.639062879309043, 2.113371642146335, 2.7537481497208343, 2.5417977972467716, 2.6184025129404414, 2.2676556267602734, 2.3532793080263996, 4.16628977019043, 2.5490450348554123, 3.0191592309098425, 3.4157245548485533, 4.062137789485535, 2.2500125131489184, 2.822796835842718, 2.2075544746983664, 2.242908732052457, 2.131906226270134, 3.140674267419749, 2.2222330303755244, 2.7112831749929707, 2.32327564739516, 1.990506885010142, 3.2273872123534884, 2.0963409731669325, 2.5318852226630413, 1.9899042977795431, 2.62143044015504, 2.569843452348341, 2.6490032178092933, 3.0150241327192395, 2.360103489369363, 2.2039169072528666, 3.671738775420339, 2.924352083605923, 2.3143486139904454, 2.07756068568354, 2.047516186503304, 2.0570400494782364, 2.4868106340613156, 2.038079328691798, 3.1616777654687107, 2.2637469480144277, 2.4040646063405235, 4.182738847600069, 2.292289081480893, 2.7282682878863067, 2.48495640215105, 2.564231311831846, 2.204380648794756, 3.8880868646367306, 2.1348083035672114, 2.2597114136166194, 2.1289047672352783, 2.192092859078597, 2.0185560043539224, 3.3880826978022447, 2.514386034545041, 3.535583892222985, 2.566026726369483, 2.5398516575687293, 2.454018560927204, 4.05002123427687, 2.1409353980191375, 3.710161488484138, 2.3463299793091505, 2.1265978013496527, 2.347140000550852, 2.365546069593423, 2.0102757872165333, 2.2147932102908694, 2.6424594755216275, 2.2404547520339113, 2.1710041028381384, 2.3055517453147494, 2.543036635007271, 3.4482091204455863, 2.225206619323317, 2.6776930284352636, 2.5998746670980943, 2.5311887275502674, 2.0736479309380367, 2.79579154245003, 2.2546229770956776, 2.2196729649290767, 3.257584169531623, 2.4365554871400046, 2.38782686145845, 2.295214014132053, 2.8531738969353335, 3.8538550810415932, 2.3316590727511026, 2.5070778428976936, 2.4238804094573556, 2.179591656739421, 2.323448270910277, 2.0661794493730192, 2.1122817564227128, 2.516763387419671, 2.4180574999361184, 2.1236495998429814, 2.5915577810790666, 2.5238974182353324, 2.959310628306079, 2.131889419814124, 2.243043675873699, 2.0700208358224197, 2.0600712096765545, 2.7865282183136677, 2.6532089697126686, 2.0427560227602863, 3.673560689932084, 2.041600135305859, 2.6152345093800915, 2.482667574855045, 2.2497866988238377, 3.758734648453416, 2.2370492816627965, 2.4854617493940894, 2.261772233813716, 2.404642764359071, 2.688633763860226, 2.9765002395112097, 2.6046294927208096, 2.301829180209911, 2.178460265801677, 3.3158864005970914, 2.242913875044468, 2.834398548025621, 3.625107263086572, 2.079118788689526, 2.0635675748648925, 2.1405233093842306, 3.182550935295623, 2.588811475668307, 2.5329609168806555, 1.989200136456731, 2.227712476408544, 2.2949710727589707, 2.1936411842015326, 2.080261185071878, 3.968933278962473, 2.089334280144265, 4.242580066918279, 2.289345301759476, 2.330323984646017, 2.084209922197551, 1.9950344323103169, 2.3387369056789487, 2.1329678255376967, 2.122279944251324, 3.4857641955698666, 1.9301181166786343, 2.639316027610592, 2.6286029356370397, 3.0092640030389965, 2.9609000498740743, 2.579718804733317, 2.0669898991973876, 2.569784397736466, 2.1453639333913443, 2.642772676073089, 2.519903503861649, 2.348568579859258, 2.3952906619700975, 2.131772937060521, 2.36391916978734, 2.071576704183093, 3.313241325804426, 2.3376234479086104, 2.0090260401579085, 2.3754845574075687, 2.2059098548306624, 2.3369954581413075, 2.431199130271717, 2.1473885206132666, 2.535082389644047, 2.072956198512584, 2.4202989872874925, 2.0929717808715442, 2.5589792423031903, 2.4639356582506746, 2.329095286416081, 2.6875957366393797, 2.467541203559473, 2.3155983610490702, 2.1059942436801276, 2.4112869607809175, 2.717896634136193, 2.6006248664021894, 2.1827230407452705, 3.725138487588966, 2.533072393113276, 2.7112250318051645, 3.0420316584021214, 2.1063913162396757, 3.368035216487818, 2.1812770028249, 2.2490785484157056, 3.913455199394881, 3.8072034474605676, 2.1901824303422943, 2.2982847678896468, 2.247848944742457, 2.3771473738217868, 2.877957903473656, 1.9818928134157823, 2.055823832931417, 2.6265120790723433, 3.7143026224129576, 3.621318584322837, 3.011205841751425, 2.5238037822044217, 2.7041134125787547, 2.2475969381339276, 2.3489524766519914, 2.811931055449642, 2.0113986738055583, 2.4518787706466876, 4.252142603397028, 2.29134305547859, 2.076441004182569, 2.0691070975751673, 2.500140361511523, 2.1743387377387045, 2.439624198072798, 2.292785954082942, 2.2144614594105074, 3.475771111296922, 3.586169490336192, 2.3684466688095367, 2.735147179770325, 3.4714708032928323, 2.235657541899896, 2.7156011059597387, 2.111339097354745, 2.0944378303359783, 2.6564715366558076, 2.77087577781463, 3.1569259690556897, 3.431315853605639, 2.40398478601871, 2.7258937740040583, 2.746877047285657, 2.0194451083797422, 2.4861718277014253, 2.5265120817597575, 3.0394386338318196, 2.4592961899198666, 2.53670757511946, 2.123935883733156, 2.4460977698378827, 2.502104840404666, 2.447231622822322, 3.147113254826188, 2.52786532830364, 2.4871437971269432, 2.5380436373382, 4.195658580589615, 2.3779997650285347, 1.9948034262524983, 2.582677617561401, 2.2797661638340987, 2.7651853512742823, 2.189432930988695, 2.666792525218804, 2.5441867115321246, 2.3056291593378426, 3.1937740378193675, 2.275405622601203, 2.312063760271344, 2.517995498052246, 2.6453954973669247, 2.194370775956714, 2.125284115955257, 2.4482512469484026, 2.194057246239765, 3.6448952843799933, 2.549587888709298, 2.229652241561951, 2.386601419166599, 2.517374541485984, 2.1044682658103038, 2.4574268576142795, 2.0245835909905807, 2.5602190722414186, 2.231996588753541, 3.023462613346531, 2.7451281557522456, 2.952606236742456, 2.158781268459677, 2.9240321008355763, 2.4843694766279523, 2.5508565447677745, 2.3663115182376973, 2.429980181446115, 2.795275293333912, 2.127361964245924, 2.572136555193077, 2.2250848223274247, 2.2392764435575474, 2.4312012731850547, 3.233517426098894, 2.2040327191869955, 3.7676795154943976, 2.416386208517776, 2.609513205131774, 2.2369150034465366, 2.8896103620664295, 2.504474203192226, 2.188177529955177, 2.2772971972680707, 2.282022369933064, 2.514142539870821, 2.6417326432548673, 2.018210138141196, 2.1057612997183526, 2.37675602956832, 2.514496607637917, 2.446716406736865, 2.674591978781796, 2.0931814588597195, 2.4075515549238466, 3.2947736178682345, 3.376872585300209, 3.965089332458131, 2.515138710045229, 2.4982573085075805, 2.2780152015096187, 2.7164690052850706, 2.388602972346405, 2.315245697232705, 2.978077723677375, 2.212476693077006, 2.0689712368695488, 2.3488006544420266, 2.4925016482915403, 2.9649344675349174, 2.3157440791560426, 2.545773210457824, 2.4067333906114614, 2.7610471867992348, 2.433518564767183, 2.540329967266798, 2.0380137555436604, 2.4949554636992133, 1.9832998388723397, 2.7074342132928995, 2.4918972870112293, 2.104843499217711, 2.4634402166869673, 2.2399155107021715, 2.6340228510841044, 2.2626015261798753, 2.320216353441499, 2.03316135191323, 2.3465069839508557, 2.0438626232079433, 2.026645930786912, 2.065551272673444, 2.334430012680535, 2.53300317732243, 2.6906969095027686, 2.435716336686465, 2.723727295083701, 2.5011060458762584, 2.1809109932267985, 2.2295399643441125, 2.3925588244243894, 2.0692288264938203, 2.48928727828479, 2.2495122740752835, 2.3450125161890507, 2.698073466355698, 3.074036313175584, 2.1916395196800464, 2.21964387363069, 2.3975647216042066, 2.5184526504682005, 2.8203002760321065, 2.271238573043494, 2.708520346707701, 2.802037905666284, 2.1719471072163365, 2.679121002689957, 2.660426153951413, 1.9864503500616228, 2.3007855888104203, 3.842371239890664, 2.568471828661562, 2.8154748692816365, 2.869143305708094, 2.6066982607078244, 2.5004170561970893, 2.0740597988815686, 3.5386738515335407, 2.0211622155553957, 2.0147823339659974, 2.221308892866844, 3.7696684229135657, 2.1376822348809306, 2.8278063943431073, 2.5963242940437943, 1.9896480053443382, 2.23183949364598, 2.854264576824847, 2.1948155007106656, 2.120847620976316, 2.3188247313705124, 2.699807360204078, 2.2518686215815653, 2.1387746921005584, 2.2494538033685445, 2.4811210755780375, 3.407760371619487, 2.07067348770682, 2.9433773320935765, 2.368746052242967, 2.3832669420672836, 3.5109885199282886, 2.374437311195054, 3.5338930118768337, 2.124256025654068, 2.3504225749207874, 2.3351816074421015, 2.9906958610941383, 2.039224186274275, 4.416457500808686, 3.478644145090154, 2.25367814992704, 2.139834148454783, 2.2812991411458605, 2.2640688135977705, 2.976451805155652, 2.1823995205502995, 2.485349265057566, 2.0929210227170953, 2.250863595226121, 2.304855139040217, 4.042389145763693, 2.160897278585251, 2.2709920782906012, 3.6751460081562066, 3.4437006749553167, 2.5083468876174226, 2.6192443840227653, 2.1043281192780094, 2.7646523439944763, 2.618779956268578, 2.240987824536423, 2.3202073390560827, 2.13363127150709, 2.2327920381845447, 2.330981050153375, 2.1347944448668663, 2.538505399891599, 2.4374683335872365, 2.7289406906973417, 2.4324076285024234, 2.4857283371450762, 2.5195186507755714, 2.5303263160500844, 2.3804876874137597, 3.1286465025200525, 3.0784202627471515, 2.042338154659409, 2.488522627086809, 2.4227016217218713, 2.240416523840557, 2.3132540231892404, 2.911920841305295, 2.3794888588290086, 2.423104489429384, 3.639976186081784, 3.77830771338014, 2.376072059908862, 2.5813768595300615, 2.013645304148943, 2.140644598279152, 3.7726533119653958, 2.478478851991425, 2.490362059669401, 1.9869877927267514, 2.729308039998666, 2.4610958694953773, 2.636452770754225, 2.328101403209994, 2.241285689490382, 2.0716233064164515, 2.267015748019959, 2.2244396004033553, 2.691307956041154, 3.062059598785871, 2.5632450833947327, 2.079537942538406, 2.192592139908818, 2.053585244594981, 2.2551888916165415, 1.9918106334848797, 3.3175336848971995, 2.2500114689373523, 2.257813649564634, 2.3387602058744004, 2.6839403665087667, 2.3527671870303566, 2.240291806284295, 2.2131444248730747, 2.208417158049814, 2.5030066415245913, 2.437909639315122, 2.577316738118951, 2.634185415756424, 2.705286793726186, 2.2385967618340685, 2.1703166562393617, 3.1084141003225514, 2.458331511289572, 2.243918901399912, 2.2734658667795564, 2.7692993163002555, 2.4551805715176216, 2.5644469091160227, 2.3559992328721235, 2.3002858614200377, 2.8781424195297225, 2.119421533645612, 2.3123163378709686, 2.210800017962443, 2.3275801541816508, 2.773408995499553, 2.320557550814527, 2.7044210628983794, 2.169614313192866, 2.202256568666953, 2.1241754521125653, 1.9816485098542054, 2.3492670563299853, 2.5375895982493124, 3.0693617154612483, 3.13401452134843, 3.3480446837297455, 1.9882289681320247, 2.597826989212224, 2.7150106319181084, 2.13204251555842, 2.5056222308682976, 2.0105920812251976, 4.198567799737058, 2.127783261008142, 2.326890228591451, 2.19771914828343, 2.2714768650066612, 2.5436481868930185, 2.4564970324712183, 2.381208519234003, 2.5466056918269135, 2.1551456196682026, 2.3167753931091912, 2.234442938620012, 2.295519035085775, 2.2227339023408383, 1.995427014033808, 2.183690780408636, 2.319938398967869, 2.2640635162728313, 2.6666445440954862, 2.6491616421188535, 2.5359962719462823, 2.4373115279985753, 2.102171122431188, 2.189283704702078, 2.7838545823174234, 2.3382596873879584, 2.906338227423217, 2.8662125544134684, 2.3086573348422417, 3.733842742226893, 3.72415317603623, 2.02664978803092, 2.7808075962985104, 2.469915122955125, 2.5119722684023693, 2.5086105142359543, 2.191207263232421, 3.8459994164309292, 3.1372653208819234, 2.403705916596429, 2.2775408214510207, 2.135824574135747, 2.2067614039676577, 2.536532585594811, 2.8779295683058823, 2.4627743191383797, 2.404824911992787, 2.1253210535829714, 2.7627606747137228, 2.55038793386819, 1.9861160555809207, 2.5314540684994693, 3.0410366737859285, 2.434659367492305, 2.2569209118680926, 2.020205619041387, 2.328934367724, 2.0090371833072656, 2.1323733813777817, 2.255905870310044, 2.3927100732240962, 2.2295714492647996, 2.2428525925406433, 2.5633553033122514, 2.5921998540951985, 2.4785838661860424, 2.2508796921397165, 2.4209637190048885, 2.0802873286145993, 2.302511919795379, 2.3432596130787027, 2.3012334576980273, 2.223998882697874, 2.730817138893355, 2.354260267980424, 2.0539236013290725, 2.244055275024139, 2.4799149529921376, 2.660653158024214, 3.6899464089979164, 2.187692885358374, 2.539633520432002, 2.2461757580082766, 2.5798423064679605, 2.2938031199904234, 2.3976361556723447, 2.3590547679515215, 2.3287944262010867, 2.3990459081209545, 2.267405698528403, 2.708533957103902, 2.591254046276477, 2.4690561150159476, 2.436396393434247, 2.3550540688527932, 2.39414936816097, 3.5795184642187765, 2.3167321691498914, 2.8598027728552604, 2.0131234037372527, 2.7311888403798017, 2.785914708914258, 2.37513433247329, 4.269562932304196, 2.169088870842429, 2.328794943633818, 2.2684405515383865, 2.368412587031935, 2.5423566193150107, 2.5247197604850573, 2.517046444775975, 2.3696819974442067, 2.107499631018003, 2.17324537296646, 2.816951879681177, 2.1648989427386507, 2.2456238032514926, 3.1385317730293085, 2.094761296972585, 2.492909658991064, 2.256296466921448, 2.1277738321894555, 2.457968013468433, 2.0691182407245243, 2.196366969967257, 2.0884401909276855, 2.804696819448249, 2.428918641897594, 2.1658174993408923, 2.4118737514072146, 2.5769264685511124, 2.1885234878998787, 2.594616146994823, 2.1993646349454696, 2.2351003049137557, 2.406986203998044, 2.1817188715551614, 2.5354308387938427, 2.0559181211182818, 2.2609242737239827, 3.3114900767336386, 2.4551512492499143, 3.0526595551606865, 2.1869644388784937, 2.2941965588792494, 2.637823164073133, 2.7050541496849188, 1.9843241514478245, 2.217183756795849, 2.613952848644535, 2.0999372898487882, 2.1783194671134285, 2.107583428211465, 3.3886712213231176, 2.747073432761289, 2.048297596651924, 2.6100639902998726, 2.236490706605646, 2.4842321550526005, 1.9932348136892042, 3.9095906694814317, 2.1680032709454826, 2.0160895111020762, 3.725738588345526, 2.4717067444819194, 2.8668828987610646, 2.2051264743682975, 2.644746905554372, 2.7534401800281803, 2.276521015393587, 2.459927124560923, 2.1329196192695483, 4.122628228372287, 2.362341985570694, 2.06952582284138, 2.471012774529243, 4.119366503209729, 2.2274093106613235, 2.376486499348399, 2.3018861817046976, 2.8101936445749294, 2.1561272452272084, 2.1511062100488925, 2.2478299344187107, 3.4562758985968896, 2.0417617109715316, 2.7409026164130785, 3.78300986864423, 2.562286558612042, 2.2737372099954083, 2.46886928469665, 2.315216922474936, 2.270517218026697, 2.4727422844271083, 2.1366771139116008, 3.0781961984619137, 3.1164065085245674, 2.250345656301326, 2.605168397598712, 2.1061143478907813, 2.1765057174779576, 3.4809562792273603, 1.9896030041642436, 2.8029586825908632, 2.4316263674722385, 2.123232998826586, 2.8754215512469967, 2.1277336894736876, 2.290297064822913, 2.3851092797178075, 4.03203363673606, 3.460920119836904, 2.601666421600307, 2.3089570581818535, 2.0812162722645975, 2.5005697355723893, 2.807681304418717, 2.465178761281959, 2.2666977396806245, 2.125675491449049, 2.3982225959989214, 2.242391861355372, 2.6133491986528083, 2.558536053233597, 2.21373476860599]"
0.1,8000,3852922.819326705,3852922.819326705,0.02774810791015625,643.7230477036672,"[2, 2, 3, 4, 3, 4, 4, 2, 2, 2, 2, 2, 5, 3, 3, 3, 4, 4, 4, 2, 2, 3, 3, 1, 3, 3, 2, 5, 3, 2, 3, 3, 2, 3, 3, 2, 3, 2, 2, 4, 1, 3, 1, 2, 3, 4, 3, 5, 2, 3, 2, 3, 3, 3, 2, 3, 4, 3, 4, 5, 3, 2, 3, 4, 3, 5, 2, 1, 2, 5, 3, 2, 2, 3, 5, 2, 2, 3, 3, 3, 3, 3, 1, 2, 2, 3, 2, 2, 4, 3, 2, 2, 3, 2, 2, 3, 2, 3, 4, 2, 3, 2, 1, 3, 4, 2, 1, 3, 3, 2, 3, 1, 4, 3, 3, 3, 3, 2, 1, 3, 3, 5, 3, 3, 3, 3, 2, 3, 4, 4, 2, 3, 1, 3, 3, 1, 3, 4, 4, 3, 2, 2, 2, 3, 2, 2, 2, 2, 1, 3, 2, 1, 2, 3, 1, 2, 2, 3, 2, 2, 3, 2, 2, 1, 2, 2, 2, 2, 2, 1, 1, 4, 3, 1, 3, 2, 3, 2, 2, 3, 2, 2, 2, 2, 3, 3, 3, 1, 3, 4, 1, 2, 4, 3, 4, 3, 1, 3, 2, 1, 2, 3, 2, 2, 1, 2, 2, 2, 3, 3, 2, 2, 1, 2, 2, 4, 3, 2, 3, 3, 3, 4, 3, 2, 4, 5, 2, 3, 3, 5, 3, 1, 2, 3, 3, 1, 2, 3, 3, 2, 4, 3, 4, 2, 3, 1, 3, 2, 1, 3, 3, 3, 2, 3, 3, 3, 2, 3, 2, 3, 2, 2, 4, 3, 4, 2, 3, 5, 2, 2, 3, 2, 4, 3, 4, 3, 2, 2, 5, 3, 3, 2, 2, 3, 2, 2, 2, 3, 4, 1, 3, 2, 2, 5, 2, 1, 4, 2, 2, 1, 2, 2, 2, 3, 4, 4, 2, 2, 1, 2, 1, 4, 4, 2, 5, 2, 4, 1, 2, 2, 5, 2, 2, 2, 3, 4, 5, 3, 4, 2, 4, 2, 2, 3, 2, 1, 3, 4, 2, 3, 3, 2, 3, 2, 2, 2, 2, 3, 4, 3, 3, 4, 1, 2, 5, 2, 3, 1, 3, 3, 2, 2, 1, 3, 1, 2, 2, 3, 1, 2, 1, 3, 4, 1, 3, 1, 4, 1, 3, 2, 2, 2, 2, 4, 3, 4, 1, 3, 4, 1, 2, 4, 2, 4, 1, 2, 2, 3, 3, 2, 3, 3, 2, 1, 3, 3, 2, 2, 3, 2, 2, 2, 2, 2, 3, 2, 2, 2, 2, 2, 5, 2, 3, 3, 2, 2, 2, 2, 3, 2, 3, 3, 2, 2, 2, 3, 2, 4, 3, 3, 3, 4, 3, 3, 2, 4, 2, 2, 3, 1, 2, 2, 2, 1, 2, 3, 2, 2, 3, 2, 2, 3, 2, 4, 2, 1, 1, 2, 3, 2, 1, 2, 4, 3, 3, 5, 2, 2, 2, 4, 3, 2, 3, 3, 5, 2, 2, 2, 3, 2, 2, 2, 3, 2, 2, 3, 1, 3, 3, 3, 2, 2, 1, 2, 3, 3, 5, 2, 3, 1, 3, 2, 2, 2, 3, 4, 3, 3, 3, 3, 3, 2, 1, 3, 3, 2, 2, 1, 3, 2, 3, 4, 3, 3, 3, 2, 3, 3, 4, 3, 2, 2, 2, 2, 2, 2, 2, 3, 3, 2, 3, 2, 1, 3, 2, 3, 3, 3, 3, 2, 2, 3, 3, 3, 5, 3, 4, 5, 3, 3, 2, 3, 2, 3, 2, 1, 4, 2, 2, 3, 4, 4, 2, 3, 2, 2, 2, 3, 3, 2, 4, 3, 3, 1, 2, 2, 3, 4, 2, 2, 2, 2, 4, 2, 3, 3, 4, 3, 2, 3, 1, 2, 3, 3, 1, 4, 2, 3, 2, 3, 4, 2, 3, 2, 3, 2, 3, 2, 3, 3, 2, 3, 2, 3, 3, 4, 2, 3, 3, 3, 5, 2, 1, 2, 2, 3, 3, 2, 2, 2, 2, 4, 4, 2, 2, 3, 3, 4, 4, 2, 2, 1, 2, 2, 2, 2, 2, 5, 3, 2, 1, 1, 3, 2, 3, 2, 2, 3, 3, 3, 1, 3, 2, 2, 2, 1, 2, 2, 3, 2, 3, 2, 2, 3, 4, 3, 2, 3, 3, 2, 3, 3, 3, 1, 3, 3, 3, 2, 2, 5, 4, 4, 2, 3, 3, 1, 2, 3, 3, 3, 2, 2, 3, 2, 4, 2, 3, 4, 1, 2, 5, 2, 4, 2, 3, 2, 2, 2, 3, 2, 4, 1, 2, 2, 2, 3, 1, 3, 3, 2, 1, 3, 3, 3, 3, 3, 2, 1, 1, 2, 2, 2, 1, 2, 2, 3, 3, 4, 2, 4, 4, 2, 2, 2, 4, 3, 2, 1, 1, 2, 3, 3, 2, 2, 3, 3, 3, 4, 2, 3, 4, 4, 2, 3, 2, 2, 3, 3, 3, 1, 2, 3, 2, 2, 3, 1, 4, 3, 3, 3, 2, 2, 2, 3, 2, 4, 3, 2, 2, 3, 4, 2, 1, 3, 2, 2, 2, 2, 2, 3, 2, 3, 2, 2, 2, 4, 2, 3, 1, 3, 2, 2, 2, 3, 3, 2, 4, 3, 1, 3, 3, 3, 3, 4, 2, 2, 2, 3, 3, 4, 2, 2, 3, 4, 3, 4, 1, 2, 4, 2, 3, 2, 2, 1, 1, 1, 3, 2, 2, 5, 2, 2, 3, 3, 2, 2, 1, 3, 2, 3, 3, 3, 4, 2, 3, 3, 3, 3, 2, 3, 2, 3, 2, 2, 2, 3, 3, 2, 2, 1, 3, 1, 2, 2, 2, 1, 3, 2, 3, 2, 3, 2, 2, 3, 3, 4, 2, 3, 3, 3, 2, 3, 3, 4, 4, 3, 1, 4, 3, 2, 3, 2, 3, 3, 2, 2, 5, 4, 2, 2, 2, 1, 3, 3, 2, 1, 2, 2, 2, 4, 3, 4, 2, 3, 3, 3, 3, 3, 2, 2, 2, 2, 2, 2, 1, 1, 4, 2, 2, 2, 2, 3, 3, 3, 2, 2, 3, 3, 3, 2, 2, 2, 3, 3, 3, 2, 4, 3, 2, 3, 2, 3, 3, 3, 3, 2, 1, 2, 4, 2, 2, 2, 5, 3, 2, 1, 2, 2, 2, 4, 2, 1, 3, 1, 2, 3, 3, 5, 3, 2, 1, 2, 2, 4, 2, 3, 2, 1, 2, 3, 1, 1, 1, 4, 2, 4, 2, 3, 3, 1, 1, 3, 2, 1, 2, 3, 4, 2, 4, 2, 3, 3, 4, 2, 5, 3, 3, 3, 2, 2, 2, 3, 3, 1, 3, 2, 3, 2, 2, 4, 4, 2, 3, 4, 3, 3, 3, 3, 5, 4, 3, 3, 3, 2, 3, 4, 3, 2, 3, 1, 3, 3, 3, 3, 2, 2, 2, 3, 2, 4, 1, 3, 1, 3, 3, 3, 1, 2, 2, 2, 3, 2, 4, 2, 1, 3, 2, 2, 2, 1, 2, 3, 2, 3, 2, 2, 1, 1, 2, 2, 5, 1, 2, 1, 3, 4, 2, 2, 3, 2, 3, 3, 4, 3, 1, 4, 2, 3, 3, 3, 3, 5, 2, 2, 2, 2, 2, 3, 2, 4, 1, 2, 2, 3, 1, 2, 2, 2, 3, 3, 2, 3, 3, 1, 3, 3, 1, 3, 2, 2, 3, 3, 2, 3, 1, 4, 3, 2, 3, 2, 4, 2, 1, 2, 3, 2, 4, 3, 1, 4, 4, 3, 2, 2, 3, 4, 4, 4, 2, 3, 2, 4, 1, 2, 4, 4, 2, 2, 3, 4, 2, 2, 3, 2, 2, 2, 3, 2, 2, 3, 2, 2, 2, 4, 4, 2, 1, 4, 3, 2, 3, 4, 2, 1, 3, 3, 3, 4, 4, 3, 3, 2, 2, 2, 2, 5, 4, 2, 4, 3, 1, 2, 4, 2, 1, 2, 3, 1, 3, 3, 4, 2, 2, 1, 2, 1, 5, 2, 4, 1, 4, 2, 1, 2, 2, 2, 3, 2, 3, 3, 2, 2, 2, 3, 2, 3, 4, 4, 2, 2, 3, 3, 2, 3, 2, 1, 4, 4, 1, 3, 5, 2, 2, 2, 2, 3, 3, 3, 3, 2, 1, 1, 1, 2, 3, 2, 4, 4, 3, 2, 3, 2, 3, 3, 2, 3, 1, 4, 3, 2, 1, 3, 3, 3, 2, 2, 3, 3, 2, 2, 4, 3, 4, 2, 2, 2, 2, 3, 1, 2, 3, 3, 2, 4, 2, 2, 2, 2, 3, 3, 2, 2, 2, 3, 4, 2, 3, 3, 3, 2, 1, 3, 5, 2, 2, 3, 3, 2, 2, 4, 2, 3, 3, 4, 2, 2, 2, 3, 3, 2, 2, 2, 2, 3, 1, 2, 2, 2, 2, 3, 2, 2, 1, 3, 2, 2, 1, 3, 2, 2, 2, 3, 3, 2, 1, 2, 3, 2, 3, 2, 3, 2, 2, 2, 3, 2, 1, 2, 2, 2, 4, 3, 3, 3, 2, 3, 2, 3, 3, 2, 2, 2, 3, 3, 5, 3, 2, 2, 3, 2, 2, 2, 2, 3, 2, 3, 3, 3, 2, 4, 3, 4, 2, 2, 1, 2, 2, 1, 2, 3, 3, 2, 2, 3, 1, 2, 3, 3, 2, 1, 3, 3, 1, 2, 4, 2, 3, 2, 3, 2, 3, 3, 3, 2, 2, 2, 2, 3, 3, 2, 4, 2, 2, 2, 2, 3, 1, 5, 1, 1, 2, 3, 3, 3, 1, 2, 3, 2, 2, 2, 3, 2, 3, 3, 1, 2, 4, 2, 3, 3, 5, 3, 3, 3, 3, 1, 3, 3, 2, 2, 3, 4, 2, 3, 3, 1, 4, 3, 3, 2, 3, 2, 1, 3, 3, 2, 4, 2, 3, 3, 2, 1, 1, 2, 2, 5, 4, 3, 2, 2, 2, 1, 2, 3, 4, 2, 3, 3, 2, 2]","[575.8427280889256, -2172.2659282440313, -2611.8393572304476, -1674.017726599351, -2397.5153891059913, 5075.7111528442665, 3265.0053086001335, -827.5508957520459, 661.3754884447136, -394.3276393156033, -1976.6162232490904, -143.2202462497328, 4781.800257347884, -720.1605734162737, -95.38599229715632, 66.83840987694686, 5530.2863917934255, 8548.512345849882, -2529.8906022752344, -1572.3697634948617, -569.5673903182654, 1123.667107155377, -1052.670660509873, -170.08440483201437, 351.31092501171406, -12.341589730296192, 3305.772117365002, 5392.917127646196, -669.3678532302657, 1267.70691417011, -1337.1651953113949, 282.30630225538835, -409.7876551758162, -1054.3428912820395, -1414.4097515917335, 1537.2231895544805, -225.9000795278262, 752.8868399901054, -1837.5823039004367, -151.55699743217124, -419.4827860103254, -1052.4829861066326, 3081.295279185327, 3674.5331274517284, -1589.8519595348946, 1903.2056298227849, 586.99048714517, 5296.186436256538, 839.4787072328439, 217.6633958844089, 129.04948236822813, 2679.915303725581, 207.51683339260396, -825.3722430829301, 2507.871272216324, 839.83565355735, 7620.722132741872, -2604.2838075812647, 2148.844301731696, 1559.0555910949338, -2201.8588147671367, -351.5467716089747, 1404.60557321115, -3046.954239902262, 146.3134232862636, 2529.7759999202904, -1267.4902739079962, -659.587768128375, -1499.7578453681697, 2729.695241441391, -278.972823638127, -597.2915624771668, 570.7208801226197, 448.0956235776265, 1166.7924522005173, 578.5752725741179, -118.48433457927476, -2159.996480741121, 2096.5531227966103, 1517.2862319855647, -418.25824237176835, -651.270692749365, -1025.8347213178974, 724.1804567487535, -2650.3972871042038, -296.11358518613304, 59.79259937652213, 100.05567169310675, 4869.819752932339, 349.6399946060276, 2896.1112357355923, 22.63074760734966, -1267.8078036219968, -1989.3668026288724, -556.7514920980462, -1715.6685658996334, -1550.5090120785449, 690.7891799664521, -2032.4582586849044, -2206.600344030426, 1438.019215684084, 747.5700380495767, -1679.2627717318205, -4312.825108391111, 138.17629303996782, -379.1867884385731, -682.1032732233576, -489.77454039790007, 1449.3794767090255, -1905.6562591204552, -3902.0332394554484, 766.10400396271, 5638.130675142884, -1226.4175837261225, -910.5231478696556, 465.7851428683283, -1496.0504634777844, 211.19211538710587, -278.7916119189736, 597.1708444482011, 2171.3688295251673, 1152.394283191228, 889.0333889966118, -1853.8833932620378, 355.97723717814415, 3263.0438507169697, -560.4034232519465, -151.23207138204762, 1024.3129230634302, 1461.8053432953277, -1721.473493330203, -2595.343509451836, -2037.7607596449288, -1912.9014270414, -606.6442640115363, -2072.1310541182884, 145.47979655803007, -3963.0024227835647, -731.4410418473276, -957.7134816222699, -1921.6129476143183, -1220.0199901527783, -2058.7439331570486, -269.54794899564183, 3189.1091569175346, 416.9934675746314, -522.6527885472893, 247.79073169428827, -959.1830483667114, 4230.248502252881, 3681.166810586712, 123.03243327842162, -2425.3731584684656, -1166.6553817952831, 3010.572151371, -267.76139122413156, 1159.9160636111794, -829.2705223363605, 58.624653725203956, -1116.6278564421323, -604.7929431415658, -1963.7246276707465, -308.9528830429002, 5883.082392172282, -177.9967319696299, -361.3508388708583, -1284.1203974958767, 19.47769443436451, -500.7114430571602, 777.6554279708024, 1064.134544714995, 448.9210533869733, -1943.676385706715, -2569.127071134948, -665.912426835539, -124.42994620013526, 1192.1550740935188, -894.4096216637823, 2874.6649512473073, -727.9184480078216, -2518.2210292058007, 5243.837977834086, -512.4163753254633, 807.8868995746193, 1790.0283442198063, -1896.3471902597682, -944.2088161196996, -1344.7795889351248, -2652.864054897655, -949.3004602767345, -1855.017809615022, -140.6684586011937, 6629.08318983516, -2338.4867571193213, -131.57415391189048, 2453.063470007495, 180.44224313285778, -69.44866757325204, -2453.5822371909053, 143.61645918128997, -18.024919896098396, 881.1193759998258, -1739.7644076160232, -534.0158498883023, -2260.785267273179, -1220.3892487384428, 4672.405018659612, -588.5138255766309, -2499.6491033608377, 6250.042033666533, -1718.8946300035675, -1464.9707634877805, 2715.1809724661593, 620.3355999996653, -1238.3288249145305, 3253.144063059672, 369.2179306782866, -348.00467774063134, -2609.331892398977, 453.57129509502636, -959.4954625725653, -2139.8621160918174, -1824.0493571218656, -2132.0444148498677, -356.01691860713277, 6229.7636308444025, 3571.939762980594, -2264.5540959178866, 3201.9914815674138, 3843.386522485407, -118.29341744101171, -196.1253747005551, 312.6628905112501, 250.9204180245782, -2225.8035711061716, 1727.8447666793516, -1433.9713482326945, 464.46984119040405, 254.376237494626, -244.7499627296851, 575.0640810450408, -1481.167710875516, -2267.345031541942, -689.0861042260149, -1421.4370516776933, -2204.113844980828, 567.5090427354512, -2385.3554125162686, 147.16991352054637, -860.8383236839976, 1915.6528176770144, 3619.095874561079, -1937.052443757368, -2137.529621565788, -1674.8720639846001, -274.3163267538034, -2056.516141872167, -2416.897664421838, 518.9327238550554, 366.9204285661177, 847.0724506825505, -2231.6325603000473, -12.140838755476267, -2339.522079937661, 1885.6934260930436, -2172.61025700206, -645.6974790555449, 3782.7803748944775, -3509.1549373410317, 4.41581135780811, -142.87376422615617, -2410.848991582488, 961.0183962098632, -1369.9735587632756, 2308.9251907354237, 2389.549870661282, -2021.189133502176, -234.48528338660904, 5984.7355776149125, -2076.1813342069204, 823.812904492978, 887.6668280074301, 2329.4173205007714, -2683.945966325826, -1420.6808046282104, 1203.6673153416123, 887.6522677121483, -45.08183616151052, -3601.4911443390133, -1851.542740552795, 409.05095565904014, -995.8231570042338, -609.9849509582292, 1891.2661853208792, 1120.6521005232673, -528.5422137924952, 4855.724771408765, 2862.8376128444, -2027.6684436944065, 647.3982739680054, -2143.859115013918, -86.61761422598184, -1397.1949065240904, -72.58625959277256, 605.699417183817, -272.32384555487863, 185.9586156433372, -2295.1134037327083, 730.4124780833575, -1012.2688060132425, -84.55056989026744, 5527.793448119433, 2806.9853970112513, 87.76656495473216, 4184.930717037431, -705.660640529649, 4628.595894281715, -2473.6803190457745, 1288.939484487673, -2396.902008351141, 4751.633817815449, 1644.5392871947101, 467.49917895548776, -2044.31592789364, -826.8934741719576, 1023.3667616503702, 546.8781858262608, -1804.4815849079478, 987.0538854442453, -2029.9540628040538, -1392.5415016661407, 4303.533124686641, -472.03887588319753, -1367.1715837229453, -1214.0947658239213, -245.1532260977232, 684.574066824032, 811.7739136312529, -42.02706417511777, -1971.6998905586431, 594.8912089110299, 149.0322991070411, 640.1811717665541, -3230.93831734778, 537.1018124360161, 619.9926512114305, -1732.100539245654, -382.36695412759354, 3591.603729105392, -1015.9940740939774, -1731.975003409904, -524.7637024583827, -233.2632201591397, -151.62043692122833, 1662.7901786910165, -1266.6440382565438, -1460.4112193179149, -1102.1392649060995, -354.56960020439897, -1557.330688535565, 372.5215119949205, 469.7373921179993, 3035.95662466823, -60.777958735384715, 167.59485367728118, -1600.0781417404278, 3448.8775288877055, 2757.4175116790725, 468.26099639561767, -2645.2899994331797, -1606.2786683796453, 5565.378647300655, 3311.8818162727307, 3421.2401983648992, -866.0740388258996, -1321.5801197435849, 7320.1405709197015, -1848.386454761588, 1070.4214520587732, -2570.567588170365, -1610.5819805967099, 381.64981652534993, 1564.9523179967146, 1193.3430392617686, -2646.905776437526, 1054.7831097565547, -254.2161952197513, -2576.0779079821173, -390.19021362793126, -534.0038903259807, 1225.5162335193547, 2481.1384894959333, -2529.295100128103, -987.7661549276119, 1282.3090505989303, 246.6904249382138, 19.5028836839915, -194.442317943289, -75.85755371942852, -235.01313493326396, -1696.0610304672746, -184.13328686583478, 639.6944831725679, -63.73119748001764, -2584.9099483788937, -153.55705832444087, -487.3715612537984, -408.5599117128903, 320.34608807711254, -443.4659105217729, -266.9844143973115, -2211.713311936907, -1285.0327102858018, 505.17424526715126, -2053.682225487684, -1834.0113160696676, -1436.585491154886, -1909.9667187287146, 1332.5559286212153, -2200.7967169663366, 2307.57694929937, -1861.5741594000701, -79.032404228165, -1960.5823826867263, -2038.8367884866216, 851.9137419435164, -2687.457861742661, -423.5317657324774, -3712.9036796412215, -1558.1938627097243, -2185.0726268415165, -1595.878740180892, -941.4145784876129, -113.03682904627752, -2162.103464713981, 817.5432087674293, 626.4426981744336, -1246.7046717418627, -2215.903906949029, -1489.5931099169595, -1338.3610872574957, 3051.604968418784, 432.14570307316956, 435.3185581202821, -2390.943665274907, 443.5604444898996, -425.2687732766368, -610.7798885484391, -1902.8643354627834, 1972.9947476195857, -1909.919233178265, -258.81789740344686, 2906.037520096597, 1932.4396952691764, -2140.940486155453, 1507.4737459975192, -1782.40395578707, 200.83807259203397, 2656.0108375866857, 52.631573121858054, -519.4867040419398, -350.24541203278966, -1374.0410792199048, -756.5587983678037, -1814.1355891221865, 398.99451839548215, -502.7661293084434, -635.0480381156368, -1836.3920921897927, -2338.7483029352097, -1194.1894395163401, -1524.1767770542183, 2773.659387066186, -900.1823490012921, 477.37570486637253, -55.96733735820433, 3005.7495462703932, -1988.319153875842, -261.41310016138016, 1384.0772644653307, -2883.914103697692, 204.31029651548974, -16.603942116347895, 528.9591460243267, 1719.1047807295613, -1203.9419899350328, -1771.0931250096817, -1911.9861143522921, 3386.029947566952, -379.90469261589294, -698.1497836974746, -113.30873830361841, -1534.1036216254774, -2280.5476779243095, -1976.1402371218614, -282.3238603527403, 190.09071321033178, 292.2251061599003, -2586.6991068728535, 62.47091997929792, -783.5467908642421, -1280.2717530143582, -1045.893224461202, 1824.9594295105944, -812.3599888331024, -259.63614348920083, 6064.623536675667, -1297.0793705791737, -1810.0472985117362, -1312.7047047029246, 511.52304534093525, -1771.7712926715121, 4203.198219546768, -2848.248026208212, -1617.418217349012, 1341.1740754527843, -950.9041627441392, -122.73326024726694, -2001.055682234933, 651.3993158095649, -1132.7723317364025, -1414.0734424118314, 340.10719836176304, 437.3302046198736, -2113.8744294366234, -2128.971679205654, 139.03299588678132, 2026.1448135526425, 436.1219344828331, -204.18925116187475, 3376.8037153674118, -1285.5159803519873, -2878.857173913872, 1605.9229461254013, 601.1342421403118, -2215.033752172933, 983.3192928015445, -55.984441089413465, -0.6033795079885351, 3109.3726305752093, -869.0317371213387, -588.7567976006303, -1335.2197940637207, 910.8476670285037, 2392.34519920192, -756.6973291250039, 25.95240860654289, -335.9927968425849, 1723.4809451621038, 293.0717171690552, 339.1853071313725, 1557.472641498434, -1240.8010492882481, 1140.0934118036312, 187.60781604575627, -1160.5111045670699, -1188.5728877640827, 279.5816866238331, -1522.6043823759237, -905.8985983313602, -1529.0561317660613, 827.8144782679943, 123.15580967920545, 680.2026087580176, 1660.1443772204811, 109.82095010714417, 1070.8459254654135, 984.070003656937, 1803.3873501887606, -1988.7951400030709, -663.647255422372, -2857.1631324466302, 529.0950144867592, -3733.0480983040575, 504.6771629902164, -2268.960664326869, -763.5940435332901, -713.5178963325685, 689.2854128901012, -612.1191208705098, 5784.507988772281, -661.0846507740666, 675.9201826304854, -414.0852871574242, -2135.151835120832, -58.03481050706975, -114.98026780071339, 1549.773446138991, -420.7923469516137, -733.7626822826029, 5894.763182184482, -1856.5427448617615, 626.2488647662007, -1948.0381953689075, 1620.2802529587339, -167.6781361252428, -1632.7892024098865, -1610.4762439937042, -2381.490907372988, -1036.233771238817, -2523.8977212549994, -1474.0843383813135, -97.62814693559201, 124.27426813852216, -2402.8646909198674, 1845.8645799772653, 6496.472504731949, -175.0010182006154, 317.87118221746675, 1006.7917663416339, 5504.1280810710805, -1994.343134205768, 8.444766700296867, -144.08212005741157, -852.6379082140246, 1507.016800894025, -478.81255891788044, -1433.5051430234737, -201.11539850840245, -572.0718551615271, 4296.549510758782, 186.1243161140694, 800.9384473093355, -1567.3494288278287, -2083.7396086129474, 84.88265096451332, -2185.715560236032, 2814.164240371882, -2195.4061987153723, 3602.518626660914, -1857.952362170599, 3680.6333169744044, 916.8242675483749, 16.972916119095856, -1572.4632154368214, 1956.679573040737, 6292.920968573218, -2029.6397657082753, 412.32967018338763, -135.90263625826097, 120.20986287267473, -463.1114058859615, 919.4346927283481, -1182.8913367342968, -531.551603224498, 660.9134208344999, -631.7060166059077, -2278.675534000156, -2894.875736601477, -2417.3073991172214, -2800.111002420028, 4388.937415863204, 1224.9175926149053, 1718.4267175365908, 6334.203637041785, -1332.479074916377, 524.0546211831785, 2519.918493687951, 2348.5011831806114, -1800.4745964103674, 749.5826334449815, 117.22785096405809, -70.81583819096014, 63.070881598718955, -399.4764859090486, -1782.8906011101403, 2555.1618174808414, 1409.144480147386, 4231.366988215607, -888.3591214762531, 4279.278924767438, 390.30186183302726, 3993.607523878289, 1868.0673916981561, 2058.5746185807607, -600.8645067102725, -1564.170603881772, -631.7512541222337, 561.6733823675596, -244.57064897669133, -2398.7412331110286, 1967.661240042658, -470.7105379393382, -934.8172194312189, 875.8811322346729, 4826.145234641788, -472.609401304206, -1592.8802891311557, -158.32413167203643, -431.47268910983064, -2395.6580846635443, -371.13261329194813, -1581.41266522987, -2205.93230363098, 3776.4924973445745, 83.94203918096807, -601.7812487309916, -2859.5115506697707, 836.6272292511937, -659.2576345214294, -573.239800812845, -703.661720797232, -2602.7840876925356, 529.3031653544341, -1814.1545292864444, -2176.3242667955446, -96.58093657561383, -1216.434335720462, 638.755171755503, 3334.0044953777324, -3482.6291466031685, -1642.4316273712636, 346.4151991353481, 1629.1913674335524, -1148.5429853078363, -1755.7481113049896, 962.8034259443143, 1034.1435309258613, 588.3691327067444, -1617.885922507824, -11.551672879658241, 83.08822383617061, -1443.3388398869533, -2693.7021953384233, -2905.38580683602, -1287.7247786612752, -1887.1907383597159, 2953.9851231575644, -432.3253200238597, -443.4838763154363, 5439.237967521302, 120.88349986017704, 2022.127302406982, 4276.8481550148235, 3495.2425884282175, 989.7033396952182, -314.9234713008573, -1231.65196208012, -2177.9744779009566, -1061.3464415849712, 4280.568407802776, -1834.635985274748, 1201.6358860882142, -2341.147313003274, -1778.7950835051824, 2482.198076060092, -1365.2416648743888, -1250.9030096090173, -60.135672312875755, -1686.7329493326201, -798.7880002176702, 694.3909618015933, -606.6381021121118, -2053.986947603026, 3358.760795962817, -842.3933198245056, -2182.627943241899, 1380.224588278431, 1250.6391231765692, 356.4497115007264, -91.31575721867128, -1106.490335769137, -1420.246240875641, 379.0304709090675, 3252.8037162325677, -114.69732143747152, -897.5632271187156, 1226.7930762821914, -2028.870305539451, 6619.568833554923, 6630.716533143059, -472.3038613940238, 35.20608418073479, 3359.114106964334, -1728.6428005532837, -2429.935533195899, 2025.235569981145, -1182.8822873328568, -238.716838229744, -281.0219359602189, 493.72871650282104, -1699.7839606970688, -1006.6393037601046, -1600.051974581661, 4644.273739754458, -1027.4314139385665, 3517.8200654218163, 6479.096140882141, -569.6273322602655, -453.98663731077386, 3410.6501058427552, 4249.392174282019, -1532.7882212421055, 7138.459938857059, 323.94868103213537, -122.33902856305068, -250.33535064517312, -246.092537514788, -608.1156807735331, -335.01610529723473, -706.9948788150999, -1000.9588384374525, 532.7911416466262, -2116.6025280340314, -440.2482206631015, -1120.5577373702977, 5337.956408052331, -328.2096512622545, 926.8261453827007, -2890.1089398879494, 3209.8826571026043, -1088.8233022273807, 1907.664522656295, -2372.363823605726, -1078.079222273361, 2877.987275715632, -2888.68366299219, 1737.4024866603504, -1241.0075435338745, -3786.3413514373033, 3151.020754609523, -1282.5816802798834, 89.10024460377494, -503.79438302522556, -1965.4728893795536, 148.30708841041528, 650.7365701528853, -2527.191521653625, 161.39060929584522, -328.240444682569, 808.5384474270417, -2146.7976358373976, -2901.92214619331, 133.94068424522524, 574.5186068523556, -876.2712852007936, -757.8177117584006, -1468.5006816427272, 335.74704176488785, 540.5292376670251, -184.57775159472598, -534.682589921268, -288.0503530554372, -2207.0534308103647, 127.9227429404946, -833.250524972662, 3475.8417079398405, -470.1519836183419, -656.6562320399447, -129.73638872511052, 848.4167264920851, -29.19511329265609, 3963.2976870254356, 4489.2142242159, -97.20986566987293, -1072.4683507565599, -952.3044616000992, -2117.2001910293416, -864.4628341221116, -256.41066826317126, 591.4604825193315, -325.53076180956657, 3892.697771251774, -277.7589860335688, -2178.76021446573, 3872.6372563242526, 1461.6583933811385, -1924.6505730045908, -726.3422765960448, -2377.8480558620245, 2579.2065011619657, 1466.9126309663518, 2939.1309324912636, -1579.1525180057924, 1001.7671807812659, 1145.472350783548, -1565.027498729066, -503.8929317715267, 3408.739486037221, 3065.7768152418043, -222.41482394839173, -1890.0631881251138, 417.5513886076634, 1023.7824279255395, -1154.8401003359586, 2213.368580235424, -2702.4642940827325, 1110.7522504565459, -2470.505172693623, -1831.0272091641377, -1223.535564163518, -1595.6740250712821, 1905.998271810847, 859.5809569100296, -1803.8523766272638, -1898.1065071341693, -378.5492835291798, -902.9485290910833, 3718.8612191414754, -1340.2189907913505, -71.62184108175134, -563.0195452353403, -658.3677409065559, -2048.919388046215, -1416.3709338978556, -2469.3608669805235, -688.4037260368228, -1040.9827689479393, -359.561014117028, -2777.397899365134, -829.7763014049252, -1660.9152428907973, 177.72728150099564, 2054.918617569863, 209.35220790659739, -2086.3852907296114, -247.232304152284, 44.01239003399891, -1710.3970441804759, 2426.0808776524173, 274.65307042199504, 775.9885680061711, -983.141734265421, -45.093873191303516, -396.4938789531101, -1362.2495666639293, -2247.787336000421, -899.7310251419909, -1953.289699062862, -705.8750041321075, 1068.3463950834505, 108.74495908957837, 28.693543488073118, 798.854082094639, 191.24414183728365, -3184.6992545745525, 103.02575023681138, 4703.928620499112, -2646.9596158878803, 1532.3569114142176, -1066.075140679763, -1627.2612428003563, 895.7551496674204, 709.220209592651, 205.94557641413334, -1106.5741323087013, 2613.543863292558, 4281.331762927598, -1446.3275428125348, -2798.1457209230834, -918.7176152809053, -2380.5409367600823, 3989.484545615763, 2749.6264316492347, -554.8184499209908, 1877.6097135428531, -2375.716800065685, -720.4207749506534, 189.42717300173487, 3985.4457866964012, 1286.8480720081197, -786.0033962910807, 764.9407272779849, 733.3250437660331, 1201.017670474674, 51.19279484597345, -880.2165236070315, -522.9991985501833, 2733.8783702143614, -506.56858860599243, -405.7589159844025, 2423.9238188629997, -649.6098224481116, -1515.5437349461492, -395.08339357994316, -979.1876626088181, -630.0495261736306, -1758.706454020079, -129.49272151694106, 344.5625224461784, -2295.88848110164, 2276.1314788689097, 225.648492590676, 1019.6435129182956, 2018.1368264844182, 957.374428273425, 365.1159050609999, -1070.1513996181823, 44.34480505297867, 2416.2110894894427, -1806.043030726914, -414.8131253684778, -2089.2663969101545, -1860.2672939603167, 4371.861762469535, -1562.6665308375289, -1184.924196811035, 307.27961202065444, -140.59680753352941, 62.41577165397402, -430.0047335624929, -2829.3109349665315, 378.1506491038597, 26.36031595374729, -1394.6563409802257, -1654.2499834703533, -1601.155041277323, -960.2287648680002, 1621.8357076225932, -1072.7591610298455, -588.8880000873307, 3204.277704631201, 4139.390154505449, -496.75446123967595, -2435.2125053259056, 1317.7549401201031, -1696.3702689993545, 832.2339207710132, -922.0985546036117, -1251.0737693765873, 897.7252277642262, -382.192499276671, 1213.1376500059591, -664.7402302803755, -624.6982125046987, 435.1347848164821, 1617.2021589523463, 3685.7562428016545, -775.8467254826797, -1354.6551239074506, -1323.0857621272294, 148.4472743687746, -2038.3145663218772, 2003.4989341538362, -204.31703916486018, -152.6730041516512, -1810.8988658224105, -1484.0098361187063, -1333.461245622343, 372.53707054783297, -2520.935228495541, 462.3447543102491, -510.8379215939809, 820.2474074208446, -342.5465063368338, 270.9785855138542, -2897.219527160367, -106.09824842349045, -23.170844790972097, -4689.234481839768, -725.0594728305716, 576.9534490509725, 489.84483280223026, 269.04847823205887, 630.9852145601357, -367.0827085610183, 772.3104847697393, 572.056013253868, 3753.8367836323673, -1583.0545116304388, -1160.030858550662, -1710.724434415798, 2170.701531656251, -1103.3267332451203, 3841.6755749751037, -1931.9244338916378, 95.66260960549775, -740.1534936089513, -1262.263989705165, -1196.6051289486788, 486.87938052007337, -2691.02637929733, -3147.720895431026, -1031.95829901027, 1671.8490275151412, 967.6707011140377, 885.352298367393, -1547.2111906006812, -1531.008513615672, 2033.6243604416786, -1141.2089355806766, 1132.4981588349422, 1.5945750985818847, 373.4867810946355, -1569.8099007264507, -2561.599696455501, 1651.287762364986, 3135.141863422455, 5993.410948462942, 7084.7803492804605, -1432.0588092048383, 853.7020667764525, 2176.540310860682, 441.13292398352655, -1851.3889193079317, -2240.9144562612432, -1992.6596451463513, -374.32685266052465, -380.4474118389352, -45.7951119414403, 3953.2290860993894, -2148.01075183658, 734.7390409438467, 86.48242308767848, -53.3171887417067, -2436.6021046095398, -3103.5003979626576, 1011.6557725607373, 1053.7900281044128, 1813.3013912657757, -108.73593420495118, -2702.876303604218, -677.7162440700421, 1049.1125413766486, -41.664394344239355, 1829.7573859095926, 204.50209985601757, -2172.094713593962, -1720.6757972031082, 616.4188691554913, -1127.3418643574178, -902.5441396394275, -1085.3884423592776, -918.3986259937975, 790.9557524932947, -149.38146200065253, -1002.3148424929718, -2836.015590969488, -2720.5747775277846, -318.29788490412716, -1857.7099892380081, 2862.2593655864143, 675.8843472144364, 798.8532407332611, -1501.158403062063, -25.956627082753272, 2204.8437732796574, 3039.4269611626437, 1926.6823701541969, -163.63937720588015, -1656.925398853495, -1172.8379159378856, 285.156077809904, 78.94048811294962, 2483.7417743541246, -794.6876196770653, -2078.660786724801, -1161.5185880410054, -1035.8302437605892, 496.51661300086346, -53.43048782598018, 921.2265821590798, -2042.1194898046251, 492.1445083793569, -55.17489170626246, 1499.7619246521356, 475.8996618428274, -1425.134412611959, -2295.963080659854, -1159.0453680405294, -2092.222155371221, 4649.4685251393, 266.1554845989033, -542.4640194009319, -891.9807267052435, 2828.7720637293055, -3434.308573244891, 287.27880624525505, -1151.74770545628, 3957.414706284239, -1998.2239787803462, -1023.5177701795195, 828.7485452117816, 232.19629729711696, -1943.7940818720422, 262.1227812726995, -1436.0183636496286, -973.1440003845624, -1647.577077188102, -843.2715536755327, 2309.5282740204707, 2101.305056856347, -1744.4373476855528, 568.6817018342614, -1376.8463917820195, -384.1737792113098, 172.2184061861163, 306.89065092860994, 495.3316657914895, -1532.836218698019, -2110.6976238392267, -1983.3486693236614, 1931.0548390122308, 4087.9772308556035, -1907.8462813348433, -1942.5536915088142, 522.1480566534386, -214.5808161580243, 1937.653195027246, -847.4548017133491, 1238.343356157757, -163.5438634524796, 4687.822321287747, 107.43669851477009, -2761.6112111126345, 307.43530594193874, 3314.5407040046216, 175.69259201875244, -2298.6759377149015, 4104.411617444251, 1715.8212349137655, -1897.1764063719875, -2272.559356182451, -388.5724152281101, -946.7372404640885, 2364.3911880295054, -1861.5606353610783, -1010.9961283710103, -1583.30853469743, -1379.2901983319744, -263.9391462783442, 2820.0070244935914, -1436.231964002294, 9.55269838893193, -102.4537343067897, 4895.157116036822, 2235.581276346486, -142.96847121686486, -1312.0499242322805, -1314.9200185181458, -1107.4110269269268, -1884.5018709582653, -595.4059590411006, -1324.8955810192267, -632.3651769455282, -1132.7884968848387, -2241.3931061462717, -1502.603000752039, -1521.7607172159353, -2214.185058690743, 1273.9848278287257, -1753.1673802536911, -2664.200836682735, -1846.179091963839, 108.2022741521184, -876.8545244485834, 1278.1653220178564, 887.2971231825243, -769.4094290848609, 473.9097482409351, -412.16380503439325, -1797.2196342214052, 91.31721897791735, -1084.0952641202032, -860.1646408732221, -393.4168732847296, -473.7131692749399, 6336.773620308595, 3024.1544327390657, -2216.2565166754744, 115.92730373592528, -849.8045113176364, 87.48981328476802, -2396.378343181253, 3056.3083377429407, 3323.722087648231, 4178.783121496781, -5.634529936106588, -971.2371820576728, -1367.119482943097, -1241.1548390593011, -2358.5355350608957, -1813.9297961516318, -1820.4184021378737, -1801.4461079204923, -1930.0091136680312, -779.5050078951018, -1396.9642920789806, 539.8952802505638, 110.81206390828524, 1195.0013212754234, 307.0504219659084, 436.0444968734471, 493.6903977812523, -1988.688103033585, -1593.7332843707384, 6602.132116062503, -892.4277034894216, -1264.2537804328283, -1977.9793026751215, 2947.5334861045385, -795.0949828199831, 24.460751313807776, 983.0239531002884, 8.91485644099427, 924.4987018195524, 2192.948788380689, -651.7944375225667, -1778.1655225256613, -2094.674442472704, -1372.4515833522476, -385.90406903555174, 801.5847306604875, -478.64806544775604, -1713.7962223923687, 33.39070857162292, 253.91040352050558, -2184.420930006481, -1519.199846385915, -2011.575740542716, 2187.762626204225, 902.7175501961846, -1391.5963925861788, -2332.306234831774, -1919.3917299189613, 203.71014699972932, -910.201790568627, -1090.903820734728, -1599.5892483832338, -2015.8747524941175, 1387.4079240124177, -427.4115563331475, -931.8369846118034, 277.51278610114616, 1072.5615843582063, -424.15884630091057, -2662.923834624245, -1636.8385650723717, -2358.2820793520873, -377.9608482622583, 119.7465713628794, 844.8322256649839, -425.42932873086545, -571.0600850954612, 3295.9995489211074, -108.39350490481112, 1381.9181102442967, 5298.031781136663, 334.59848620857053, -1430.7792633578363, 2395.7569052419885, 1133.1282886643753, -344.65029865201257, 746.3320546817275, -1082.168460551454, -107.23650399021986, -383.3389040307703, 3694.925171032224, -431.4476288253345, -1616.405146916466, -2188.0511165469393, 439.4639156160782, -2078.5252839724376, -712.1751672820856, -1745.313463375259, -2546.9860527945025, -1485.8551809988314, -1830.9571981323716, 250.75825277594842, -884.5866142376406, 1749.4910153040644, -1308.1425853639066, -2098.051368298803, -1545.7234344073863, -2530.4830638046237, -44.82368003462912, -1087.2101638691486, 274.99234960165825, 2821.3585445805506, 3042.341974462554, 456.8698850059136, 1710.1388888188435, -2996.521224488619, 3747.616676471515, -2172.7528199596736, 309.86261994487006, 524.3341238073968, -4573.957839410848, 3041.2662428669796, -461.2724577601423, 151.61945970649845, 358.7384760426513, 8164.493557737879, 3089.9357458660684, 4854.462650700194, -2836.6048933930683, 826.3255204318539, 769.8233881204616, 1681.702476228631, -2159.0715628300804, -1193.1776694502744, 2077.6311563139625, 4801.380794153104, 824.7903123896344, -990.9518607552726, -2479.427993681419, -378.92820214538347, 1295.542311166993, 3134.018573653503, -3637.323869208279, -236.3232496482291, -2145.0283610317165, -55.276248440291766, 71.08036392833546, -2063.698946342261, -1107.9724913302887, -1185.0320942622197, -591.2002858263569, -1498.4851107814893, 145.30562847616292, -1852.0769777325802, 728.984379615364, -145.78454928108627, -1132.7175128851795, -2149.6394220447733, 2500.225982386372, -673.2220716409755, 872.6639809844174, -1106.999157413232, 1592.3874166132339, -2752.272234692097, 4052.8241129146522, 2318.6848776335455, -3575.7389295287617, -146.65032418820547, -507.88709264245574, -2355.9677289466695, 346.7457006063918, -2160.646714553531, -1694.697655286855, 228.25169077614052, 3700.0485664725334, -1205.5466286214162, 261.3773032638677, -2539.411997330027, -17.28993174149312, -1498.492091383426, 960.3398805555815, 707.2984725867469, -656.2576835221017, 1919.7032177454441, -663.0913195414436, -2459.6003403436466, -1025.4538125978324, 2345.5320105253636, -306.1833922233026, 2723.976349164473, -844.9264137013585, -199.72467809290782, 557.4729962239256, -2731.7264644754473, -1185.422501897952, 364.9844763772627, -3210.057296602826, 1025.995544471157, -714.6284692091634, -3144.036484997641, 4631.307786069225, -1284.6412925911895, -44.29411444463338, -2775.0822485932363, -2825.856937903415, -1420.5675453653341, 267.3709794018906, 2212.500183852401, -106.63566532113569, -2278.0059936511193, -1122.556406666057, -1971.0773958752745, -1803.2125062563068, -382.6809644543164, 2184.1859883613083, -1103.045328610656, 1885.2158755599835, -1796.5874725089243, 549.965719172995, 865.2995591069445, -1183.8677476014927, -2592.7779060540024, 2483.097772433194, 149.55104233950826, -2210.3458526418995, 240.70714304901034, -430.00711178991753, 677.9513024559623, -396.78582280361786, -1981.4678780587217, -125.58273246476293, -898.7355526390099, -1837.213621747315, 684.7533196775186, -1361.9883557507435, -1778.2120604084678, -1207.9234899685684, 3136.212873553205, -2334.159279385042, 107.26726300071653, 10.575726742247724, -2258.4705641689243, -2012.2169818981333, 256.44081450872716, 2561.780947259061, -2390.121970419856, -2418.0455211664143, 2663.086063542579, 464.14913935936136, 5189.863585070948, -662.7673548324957, 3404.958650394806, -223.12899258735908, -1085.5626598029621, 901.2471429090103, 1090.8961258000809, -834.208776553985, -697.78272492326, -576.9124527587488, 626.0630898208489, -641.2273320573869, -1229.2173147764152, -214.09905502676386, 5827.813006869498, 1374.2709491693236, -1679.8816735155, -128.02807274435, -1197.4407231113978, -2435.616974380875, -2195.56285307016, 3203.959413672355, -2112.150100436965, 3213.7484626123646, -1223.2258137259741, 3335.275339580884, -2697.996989268859, 1137.1997642704612, -2134.1594511947073, 985.4231464365481, -1417.9827830107836, 72.87012910684516, -886.9664049550219, 3545.17477651751, -1635.3711618069822, 379.12009181448093, 1904.7257649311193, -118.60180091999442, -459.05544556187294, -3688.9683137757465, 2839.0539359762956, -2260.0234498330487, -2279.5737881867603, -334.2393420691333, 870.007773325242, -297.75341628212834, -1724.6386603308895, 591.5936605286893, 3043.130909883695, -681.3414557832277, 78.0697342454458, 1063.393349749239, 1111.992166094324, 712.3631558517428, -2423.8565041901425, -542.5157572579295, 167.02042097690443, -1468.9027661158116, 3211.1506591214716, -2887.2283442101675, 855.8548802799575, 5251.577973312373, -864.1524845931592, 218.53400421881813, -142.8586379753937, -1130.9375664488052, -1815.846961441036, 1251.794089488213, 307.4840918588684, -1640.701882246339, -1712.8358224082285, 238.34365402782655, 263.73279685752004, -167.3193673938048, -102.0361644406195, 430.75533535651164, -669.781641887767, -754.289881523279, -388.36324064621, 3305.1073149597273, -428.01450517491674, 2547.0713581265686, 634.7853320698713, -2245.1001353378197, -190.0562364576167, 3594.2016143172536, 396.4410035251011, -1348.3795811571874, -109.42659336256, -1136.3390460044607, -2099.0079531412766, -1569.163943371184, -729.7473265383331, -990.296647982478]"
0.25,8000,1258715.4545542533,1258715.4545542533,0.03476095199584961,357.52763833174345,"[2, 2, 3, 4, 3, 4, 4, 2, 2, 2, 2, 2, 5, 3, 3, 3, 4, 4, 4, 2, 2, 3, 3, 1, 3, 3, 2, 5, 3, 2, 3, 3, 2, 3, 3, 2, 3, 2, 2, 4, 1, 3, 1, 2, 3, 4, 3, 5, 2, 3, 2, 3, 3, 3, 2, 3, 4, 3, 4, 5, 3, 2, 3, 4, 3, 5, 2, 1, 2, 5, 3, 2, 2, 3, 5, 2, 2, 3, 3, 3, 3, 3, 1, 2, 2, 3, 2, 2, 4, 3, 2, 2, 3, 2, 2, 3, 2, 3, 4, 2, 3, 2, 1, 3, 4, 2, 1, 3, 3, 2, 3, 1, 4, 3, 3, 3, 3, 2, 1, 3, 3, 5, 3, 3, 3, 3, 2, 3, 4, 4, 2, 3, 1, 3, 3, 1, 3, 4, 4, 3, 2, 2, 2, 3, 2, 2, 2, 2, 1, 3, 2, 1, 2, 3, 1, 2, 2, 3, 2, 2, 3, 2, 2, 1, 2, 2, 2, 2, 2, 1, 1, 4, 3, 1, 3, 2, 3, 2, 2, 3, 2, 2, 2, 2, 3, 3, 3, 1, 3, 4, 1, 2, 4, 3, 4, 3, 1, 3, 2, 1, 2, 3, 2, 2, 1, 2, 2, 2, 3, 3, 2, 2, 1, 2, 2, 4, 3, 2, 3, 3, 3, 4, 3, 2, 4, 5, 2, 3, 3, 5, 3, 1, 2, 3, 3, 1, 2, 3, 3, 2, 4, 3, 4, 2, 3, 1, 3, 2, 1, 3, 3, 3, 2, 3, 3, 3, 2, 3, 2, 3, 2, 2, 4, 3, 4, 2, 3, 5, 2, 2, 3, 2, 4, 3, 4, 3, 2, 2, 5, 3, 3, 2, 2, 3, 2, 2, 2, 3, 4, 1, 3, 2, 2, 5, 2, 1, 4, 2, 2, 1, 2, 2, 2, 3, 4, 4, 2, 2, 1, 2, 1, 4, 4, 2, 5, 2, 4, 1, 2, 2, 5, 2, 2, 2, 3, 4, 5, 3, 4, 2, 4, 2, 2, 3, 2, 1, 3, 4, 2, 3, 3, 2, 3, 2, 2, 2, 2, 3, 4, 3, 3, 4, 1, 2, 5, 2, 3, 1, 3, 3, 2, 2, 1, 3, 1, 2, 2, 3, 1, 2, 1, 3, 4, 1, 3, 1, 4, 1, 3, 2, 2, 2, 2, 4, 3, 4, 1, 3, 4, 1, 2, 4, 2, 4, 1, 2, 2, 3, 3, 2, 3, 3, 2, 1, 3, 3, 2, 2, 3, 2, 2, 2, 2, 2, 3, 2, 2, 2, 2, 2, 5, 2, 3, 3, 2, 2, 2, 2, 3, 2, 3, 3, 2, 2, 2, 3, 2, 4, 3, 3, 3, 4, 3, 3, 2, 4, 2, 2, 3, 1, 2, 2, 2, 1, 2, 3, 2, 2, 3, 2, 2, 3, 2, 4, 2, 1, 1, 2, 3, 2, 1, 2, 4, 3, 3, 5, 2, 2, 2, 4, 3, 2, 3, 3, 5, 2, 2, 2, 3, 2, 2, 2, 3, 2, 2, 3, 1, 3, 3, 3, 2, 2, 1, 2, 3, 3, 5, 2, 3, 1, 3, 2, 2, 2, 3, 4, 3, 3, 3, 3, 3, 2, 1, 3, 3, 2, 2, 1, 3, 2, 3, 4, 3, 3, 3, 2, 3, 3, 4, 3, 2, 2, 2, 2, 2, 2, 2, 3, 3, 2, 3, 2, 1, 3, 2, 3, 3, 3, 3, 2, 2, 3, 3, 3, 5, 3, 4, 5, 3, 3, 2, 3, 2, 3, 2, 1, 4, 2, 2, 3, 4, 4, 2, 3, 2, 2, 2, 3, 3, 2, 4, 3, 3, 1, 2, 2, 3, 4, 2, 2, 2, 2, 4, 2, 3, 3, 4, 3, 2, 3, 1, 2, 3, 3, 1, 4, 2, 3, 2, 3, 4, 2, 3, 2, 3, 2, 3, 2, 3, 3, 2, 3, 2, 3, 3, 4, 2, 3, 3, 3, 5, 2, 1, 2, 2, 3, 3, 2, 2, 2, 2, 4, 4, 2, 2, 3, 3, 4, 4, 2, 2, 1, 2, 2, 2, 2, 2, 5, 3, 2, 1, 1, 3, 2, 3, 2, 2, 3, 3, 3, 1, 3, 2, 2, 2, 1, 2, 2, 3, 2, 3, 2, 2, 3, 4, 3, 2, 3, 3, 2, 3, 3, 3, 1, 3, 3, 3, 2, 2, 5, 4, 4, 2, 3, 3, 1, 2, 3, 3, 3, 2, 2, 3, 2, 4, 2, 3, 4, 1, 2, 5, 2, 4, 2, 3, 2, 2, 2, 3, 2, 4, 1, 2, 2, 2, 3, 1, 3, 3, 2, 1, 3, 3, 3, 3, 3, 2, 1, 1, 2, 2, 2, 1, 2, 2, 3, 3, 4, 2, 4, 4, 2, 2, 2, 4, 3, 2, 1, 1, 2, 3, 3, 2, 2, 3, 3, 3, 4, 2, 3, 4, 4, 2, 3, 2, 2, 3, 3, 3, 1, 2, 3, 2, 2, 3, 1, 4, 3, 3, 3, 2, 2, 2, 3, 2, 4, 3, 2, 2, 3, 4, 2, 1, 3, 2, 2, 2, 2, 2, 3, 2, 3, 2, 2, 2, 4, 2, 3, 1, 3, 2, 2, 2, 3, 3, 2, 4, 3, 1, 3, 3, 3, 3, 4, 2, 2, 2, 3, 3, 4, 2, 2, 3, 4, 3, 4, 1, 2, 4, 2, 3, 2, 2, 1, 1, 1, 3, 2, 2, 5, 2, 2, 3, 3, 2, 2, 1, 3, 2, 3, 3, 3, 4, 2, 3, 3, 3, 3, 2, 3, 2, 3, 2, 2, 2, 3, 3, 2, 2, 1, 3, 1, 2, 2, 2, 1, 3, 2, 3, 2, 3, 2, 2, 3, 3, 4, 2, 3, 3, 3, 2, 3, 3, 4, 4, 3, 1, 4, 3, 2, 3, 2, 3, 3, 2, 2, 5, 4, 2, 2, 2, 1, 3, 3, 2, 1, 2, 2, 2, 4, 3, 4, 2, 3, 3, 3, 3, 3, 2, 2, 2, 2, 2, 2, 1, 1, 4, 2, 2, 2, 2, 3, 3, 3, 2, 2, 3, 3, 3, 2, 2, 2, 3, 3, 3, 2, 4, 3, 2, 3, 2, 3, 3, 3, 3, 2, 1, 2, 4, 2, 2, 2, 5, 3, 2, 1, 2, 2, 2, 4, 2, 1, 3, 1, 2, 3, 3, 5, 3, 2, 1, 2, 2, 4, 2, 3, 2, 1, 2, 3, 1, 1, 1, 4, 2, 4, 2, 3, 3, 1, 1, 3, 2, 1, 2, 3, 4, 2, 4, 2, 3, 3, 4, 2, 5, 3, 3, 3, 2, 2, 2, 3, 3, 1, 3, 2, 3, 2, 2, 4, 4, 2, 3, 4, 3, 3, 3, 3, 5, 4, 3, 3, 3, 2, 3, 4, 3, 2, 3, 1, 3, 3, 3, 3, 2, 2, 2, 3, 2, 4, 1, 3, 1, 3, 3, 3, 1, 2, 2, 2, 3, 2, 4, 2, 1, 3, 2, 2, 2, 1, 2, 3, 2, 3, 2, 2, 1, 1, 2, 2, 5, 1, 2, 1, 3, 4, 2, 2, 3, 2, 3, 3, 4, 3, 1, 4, 2, 3, 3, 3, 3, 5, 2, 2, 2, 2, 2, 3, 2, 4, 1, 2, 2, 3, 1, 2, 2, 2, 3, 3, 2, 3, 3, 1, 3, 3, 1, 3, 2, 2, 3, 3, 2, 3, 1, 4, 3, 2, 3, 2, 4, 2, 1, 2, 3, 2, 4, 3, 1, 4, 4, 3, 2, 2, 3, 4, 4, 4, 2, 3, 2, 4, 1, 2, 4, 4, 2, 2, 3, 4, 2, 2, 3, 2, 2, 2, 3, 2, 2, 3, 2, 2, 2, 4, 4, 2, 1, 4, 3, 2, 3, 4, 2, 1, 3, 3, 3, 4, 4, 3, 3, 2, 2, 2, 2, 5, 4, 2, 4, 3, 1, 2, 4, 2, 1, 2, 3, 1, 3, 3, 4, 2, 2, 1, 2, 1, 5, 2, 4, 1, 4, 2, 1, 2, 2, 2, 3, 2, 3, 3, 2, 2, 2, 3, 2, 3, 4, 4, 2, 2, 3, 3, 2, 3, 2, 1, 4, 4, 1, 3, 5, 2, 2, 2, 2, 3, 3, 3, 3, 2, 1, 1, 1, 2, 3, 2, 4, 4, 3, 2, 3, 2, 3, 3, 2, 3, 1, 4, 3, 2, 1, 3, 3, 3, 2, 2, 3, 3, 2, 2, 4, 3, 4, 2, 2, 2, 2, 3, 1, 2, 3, 3, 2, 4, 2, 2, 2, 2, 3, 3, 2, 2, 2, 3, 4, 2, 3, 3, 3, 2, 1, 3, 5, 2, 2, 3, 3, 2, 2, 4, 2, 3, 3, 4, 2, 2, 2, 3, 3, 2, 2, 2, 2, 3, 1, 2, 2, 2, 2, 3, 2, 2, 1, 3, 2, 2, 1, 3, 2, 2, 2, 3, 3, 2, 1, 2, 3, 2, 3, 2, 3, 2, 2, 2, 3, 2, 1, 2, 2, 2, 4, 3, 3, 3, 2, 3, 2, 3, 3, 2, 2, 2, 3, 3, 5, 3, 2, 2, 3, 2, 2, 2, 2, 3, 2, 3, 3, 3, 2, 4, 3, 4, 2, 2, 1, 2, 2, 1, 2, 3, 3, 2, 2, 3, 1, 2, 3, 3, 2, 1, 3, 3, 1, 2, 4, 2, 3, 2, 3, 2, 3, 3, 3, 2, 2, 2, 2, 3, 3, 2, 4, 2, 2, 2, 2, 3, 1, 5, 1, 1, 2, 3, 3, 3, 1, 2, 3, 2, 2, 2, 3, 2, 3, 3, 1, 2, 4, 2, 3, 3, 5, 3, 3, 3, 3, 1, 3, 3, 2, 2, 3, 4, 2, 3, 3, 1, 4, 3, 3, 2, 3, 2, 1, 3, 3, 2, 4, 2, 3, 3, 2, 1, 1, 2, 2, 5, 4, 3, 2, 2, 2, 1, 2, 3, 4, 2, 3, 3, 2, 2]","[-1090.6016246719687, 471.3744889912598, -1006.1392524736809, 1000.1103179245132, 102.49438411436196, 2554.89877894063, -1612.9314672270623, -691.6892984877696, -1132.1085933352056, -742.3621618883732, 306.14254670182527, -280.71485847280246, 1308.8800236744491, 172.96093829359754, -796.6276770998348, -1358.4409301542996, -2032.3739818773229, 3173.938655312582, 325.46508226441927, -2726.113004264476, -795.2083091598274, -93.24998120316482, -636.2296828712877, -832.3405879761557, -1286.3194482424872, -395.3213498511689, 2133.642288659062, -1431.263590240496, -479.5853683984333, -466.1063076911893, -236.2588671777801, -1232.9806527846085, -546.2905104394638, -138.83993595080372, 142.6402238761988, -515.7636343618159, -582.6230696538704, -818.342716748514, 776.3225392544746, -620.6621284350732, -318.67613167183094, -188.85680964844462, -985.5638245100662, 3924.3082536207557, 262.3091019625771, -335.74391744938, -2036.1904948248352, 866.9362371258366, -244.00070589024037, -899.1710984529076, -388.94619686129056, 2633.1342982538545, -1132.672632893755, -2564.0084962236633, -188.39436966529124, -1085.1715808299712, 3724.2854274087013, -2265.356554074104, 1267.777389230081, 2713.4088055007496, -770.8980584103462, -842.6550254958993, 121.91485448764078, -806.9088461409988, -183.94482935341838, 429.3535114933609, 108.32228354291115, -106.36129631937919, -319.83156233789794, -722.3332850353903, -205.2077033193202, -433.59773246302984, -977.1860138598805, 306.6259696087574, 432.80616439374694, -441.5493662274754, -194.68712996844906, 235.52992732976625, -610.4405761131007, 3600.990855183855, -667.0712705963026, -449.39251263272547, -112.82462401678572, -794.0046534712384, 514.4155279500877, -897.7415413711932, -635.170879264243, -481.477170368859, 4.546850865296648, -875.6553482083649, -1241.7221819033978, -934.3051624540262, -507.83745041349334, 62.899499311241215, -296.4386758700017, -46.92523789921606, 10.982173897664836, -1542.1076181857127, -1812.8329519311626, 360.9719037622036, -794.6215597101775, 3197.606462674208, -61.533504379841446, -1790.6884451047897, -735.8990412102377, -347.66466827117625, -151.20663281321592, 268.34349549856677, -1332.3387356715475, -156.95990062315528, -47.62739276912086, 3736.1587922779972, -1141.718023142369, -71.35109681216156, 159.5699316297166, -355.2359025463255, 183.61505784865975, 3847.463510978119, -523.939518743103, -1246.9526739153612, 1130.9627513117996, 3084.436388330186, -1182.4021932867643, -611.8829629828092, -352.2254213528072, 2734.2313930474766, -451.9962576763727, -112.2596532631317, -279.73559454070255, -1707.2835208219683, 166.30887074969692, 516.9598140058603, 392.76737656604394, -2031.6765283834666, -281.02987942859124, 96.10965908014501, -251.34477940603048, -1881.7884765644133, -454.6777485717554, -795.4608613834495, 486.766739321612, 175.99938151119076, -95.53161459491392, 304.1545905504727, -1197.656904667299, -673.318667464927, -963.8629017745986, -561.7924420078709, -598.8335993444535, 370.4988651334587, 2330.9200118265157, -722.636472666915, 299.9421809768637, 154.58618514120926, 3009.997871511842, -827.0043614325355, -575.2693847766654, 376.3458947463921, -485.88725880188736, -642.3966798327115, -450.60230678548794, 15.15570468032169, -709.9168002894284, 2345.8883955655706, -299.6055408607459, -1087.080396612433, 28.270197243022523, -457.35227502567375, -472.35167681360986, -936.0413251109115, -1758.6181005974754, -1077.1273241592603, 69.2009474294766, 543.8947110600615, -594.9088266549264, -884.5178422348539, -2105.571766888938, -16.745571222175585, 2386.1590776381045, -896.8989854502292, 337.1985152745739, 477.948072067462, 140.42422046221216, -835.8008743149041, 167.37764379683395, -839.608347328853, -183.0325694407533, 101.88099773850806, 685.258886716043, -1537.7954864554604, -53.099506677688424, -223.2438252924129, 971.959585021112, 88.03850917747494, -694.3670417052508, 2537.891819034577, -107.33072906602237, -822.4367624716675, 373.35125897102034, -606.7163767167591, -417.67612678174635, -919.068141359117, -165.0328870869127, -334.80819360885914, 109.7196073159009, 412.6965408410125, 2156.905260625928, 108.86940236668195, 77.79022081966352, 1955.8576875343078, 202.72863147207417, 100.83860015576957, 2631.8027997477293, -748.7351499739585, -1101.069678304932, -747.608195826712, -883.5112325207875, -471.53727559277695, 646.7525083404948, -1165.7184151465647, -420.64859733813256, -1486.9787668727174, 360.8930401760207, 749.2645599184491, -592.5019527736524, 165.46185854230677, 1583.4464104918875, 694.6757646611994, 2920.3692647015555, -1845.5519702682882, 3979.6735773998944, -614.5870170317435, -566.7883956612883, -538.4129845148036, -193.7278674286193, -1130.0209795128076, -11.1446951280507, 3088.4943320147454, 226.3188500811698, -1321.6956059918, 2528.4001766631145, -77.9115146493545, 50.261949287953115, -707.2132742231943, -3.349333734118318, 96.2095913597739, -1375.6499762127476, 432.6995431364975, -856.5016153909327, 304.86803539139066, 2903.363901229141, 49.19123314002883, 215.35797848320905, -1762.461906152211, 482.6939791085068, -570.3832659645449, -1806.2362828747123, -630.731155744371, -497.1412048831154, -83.67771431114531, -1165.570478937078, 276.08137206272295, -366.1572297014369, 501.0334876191936, -1251.3743623110083, -49.8413710520945, -165.8148992938413, 1412.1189325486666, -1077.1145192482134, -861.3096434194186, -1395.419835403242, 232.02433984322997, 2598.2737173285304, -428.36177357786823, 914.6088918259098, 2965.166774179621, 75.66859555150003, -864.9920854062282, -1467.0669732920728, 333.2749762942352, -999.2143404336979, -1464.0841989410783, 73.08246714622877, 403.6976563941115, -11.866403507105616, -1185.493379075691, -1352.7179492539697, -749.6276449100645, -2424.0236019831864, 264.17080283375674, -829.1893658324248, 86.03768289669185, -1639.557858734009, -503.43142040451085, -208.00997223446174, -287.7339922958048, -42.65334697906107, -1668.5809303136825, 194.23829636641332, -1181.403998367877, 311.1609425290118, -489.69688012845995, -875.688489229272, -1144.4500427113412, -1015.8568582085665, -415.17438125308445, -798.1602063106532, 371.85356046110667, -1276.8042976647018, -56.178269070541006, 144.22094531697948, -1168.7675783735772, 1626.6328368225504, -803.4187357291429, -256.36269424191994, -104.29377144079419, 2631.1178997949955, 927.4051663150411, -68.22738920163405, -29.12485221941796, 985.9001763108962, -1846.2980703997432, -836.2226503599994, 316.8899919580026, -527.7367095380872, -243.8821718478492, -1291.4309842302468, 365.8699174022594, -226.25434145261497, 299.3186288423343, -108.85505988490164, -1198.8703551092806, -1384.4555584004377, -1936.611320292636, -186.09796583085114, -401.4472608716083, -2633.6753477593825, -518.6977543542121, -507.5893791811685, -1328.1496691925286, -848.865494007462, -1726.5067222674083, -412.3895244979075, -1827.6343022380065, 2131.057238039097, -1484.4530867835833, 75.63808972335019, -783.5996296621496, -794.6518400952706, -451.8578001926804, -1827.6840843049058, -950.7233228777403, -393.3989911518646, 191.15381213756066, -976.2002273581728, -351.281461905209, -25.170658255825373, -293.11131150256153, 470.6657534441488, -48.370388687976316, -1198.8827615469493, -775.0309175339918, 2589.8128036690114, -1288.7731551444288, -492.1526912366345, 746.7114516512173, 2262.489035555893, 601.770385054806, -960.7080248581478, 512.3661668251078, -214.9989470940507, 821.0094403807833, 1709.3810756496764, 1370.9217845355884, -1377.1976316738958, -329.2376928813876, -727.7325851928283, 110.49262484542047, -788.732476159379, 544.4727359927481, 221.35671016388537, -834.6197214981445, 3171.863128357665, -630.7519380268784, -2210.7881689939177, -2457.9281257432513, -384.9913557673319, 559.5125018198493, 456.7288004543724, -272.72314952324496, -742.1954381057607, -758.5831046983395, 825.5415857734007, -1689.6338956275927, -1390.4995794009876, -1524.527281601543, -353.201074057229, -694.7902819617273, -2955.080355473837, -98.66737559503369, -241.0625283290581, -243.25943452032087, -967.407947762241, -225.8856783265118, -2305.975719158949, -1061.6819046344344, -229.3450941682158, -385.1489104737482, -901.3553738154629, -871.4579110405574, -379.8679529548824, 673.4727591758312, -195.08781611119073, -747.1789192231367, 76.90213552273283, -123.61846000841192, 449.1684445556393, 408.1971067912657, 794.2735635378814, 234.46344199965196, -419.5396515091328, -635.4707254873588, -352.1354565367825, 783.6082389219131, -619.2364730478647, -27.340825378395465, 529.2865330364797, -168.2364613441022, -1330.4423622230288, -110.11387258609395, 463.69405331958944, 356.0638293399994, -481.7837273895011, -636.1207048414449, 844.4507481868094, -777.5876341213525, -999.5450692106219, -614.3473286572977, 675.1542862527377, 284.1688655053182, 554.9691840399282, -1937.8392581143466, -250.4031523928439, -550.3151318130764, 224.03708622792394, 3778.8581825922843, -440.5341201123131, -1207.6668277223982, -1232.1252732589905, -474.13615431857374, 114.14861160942783, -817.7737679868418, 2493.129452081138, -1275.2272117897808, 698.9542604246661, -1031.35356667375, 4.48842882915207, -1129.992699114935, 2183.462072103713, -756.4771166326151, 56.53615051813043, -487.0541445259712, -76.24560693653953, -367.64003270747537, 54.67569249370152, -444.4051533759513, 33.407043103694406, -595.4831548104403, 295.54598232541423, 438.63315720665935, -194.0852194461571, -533.7572597450886, -847.7399648267061, -163.2441624634047, -989.0006942790512, -2861.469190390924, 2443.3563617139434, 62.47911754201456, -692.5527253925468, -710.8868545093918, -31.77957824240022, 748.2281232747985, -766.1500872879479, -985.0638936127157, -654.4769466420659, 355.81741792675064, 1080.1180550672639, -1817.5422856652697, 1906.4043508720715, -661.426310716171, -1684.7287608420918, -354.80705684195243, 190.66884101034137, 179.73935729566776, 57.59217947475494, -1824.915801591847, -1196.9926007019922, -617.076834624293, 426.7660175233791, -1008.7846459221483, -337.82388441764624, 138.08628915610777, -954.5627071374623, -240.2239650027585, -697.7848341415558, -345.3563537746463, 583.2268121988501, -276.97907265144585, 495.879625431185, -146.52953180239453, -642.9829496099279, 37.676504700599594, 1828.441220404085, 717.985222783996, 273.37039726535284, 1822.262365585602, -159.3111934838765, -321.7806791874506, 35.76861080360388, -247.0374025924751, -132.004453780707, -560.4956999910759, -884.6494769088685, -921.6285148933215, -1429.6778095615, 429.36686434933745, -604.8772064763926, -1080.8879290393406, -798.9968683430301, -202.37034974371875, -569.9073293450638, -152.81864942973775, 1003.2621686770789, 2455.4734184280883, -640.4657757046552, 339.720628975846, 3195.3639243045745, -249.014427464635, -648.3908210974255, -45.399024092217786, -697.0977494441347, -226.1175992804064, 98.04501409431495, 3777.62304577405, 1107.979857659852, -9.91445592928656, -559.5022492604932, -1984.496980258182, -1373.0401160157728, -1124.927319010039, -220.2875771240933, 511.62371044704537, -622.829925520145, -423.65337582817995, 58.625451918587686, 3.3057512750272338, -84.97852176864174, -457.5608482677401, 757.6956314718537, -718.7444636150126, -121.80574054270957, -983.3819454594982, -1008.4999118759691, -1462.9429935353105, 612.5508854432657, -137.4862097413115, 22.88017072196979, 2193.8881875037314, -444.503698515226, 311.0294847690849, -884.2138275017873, 82.68614870283184, 3322.7267767034045, 210.41590395462978, -1304.7715828335845, 348.54017774632086, -1626.647264575144, -295.62409773508125, -1051.973272123788, -369.15486373519354, 3347.060649478747, -10.820020806394012, -1143.5781959778087, -420.3863474701755, 394.39216595867686, 285.98723418413135, -627.1309894707399, -1741.563488074439, -318.1506544602978, -155.1073293390194, 329.1314173712768, 282.5968892049698, -1172.9175414016145, 108.40573737298021, -822.085942576807, -543.8954876209108, 243.09631043803606, 183.85972115786504, 344.4237384761128, -46.562036099481844, 513.9411785267936, -225.97016832821268, -935.3090905949302, -7.295710720854203, 279.1056780636984, 2310.4688480265695, 1273.5306028918908, -392.1421242643488, -924.9975699142968, -585.1406509754235, 2317.254551309283, 64.8963127150677, -382.62544894919813, -429.1839892572816, -1218.3782758166183, -913.6421945750582, -1143.0904642043522, 228.81961102425757, -1002.5618424715555, -294.90247781307005, 978.6420333531904, -1505.9135685266042, -1200.9404981500318, -727.3385206826567, 435.8522294916096, -583.1487237794912, -1322.3410674558982, 2244.1807869822974, 529.9303673763168, 2014.5691525256193, 10.167861133875732, -1742.7907115898333, -979.0596100722481, -964.8781664112922, 25.43055306538642, -969.947225455014, -315.5482604661171, 592.2036533587224, -639.6166646191589, -356.5254959285134, 338.6497041456347, 120.64000344798384, -785.6276588244903, -12.349191208500685, -459.9766884820009, 118.09291456944536, -432.60779414440105, 146.14485937208545, 67.5520303869528, 358.7955402115482, 847.4846262321233, 2822.2670755025742, 565.5413226749428, 3072.8232114938037, 77.88018702971343, -138.5948259082419, -671.6264858915355, -2043.1583343538398, -900.3261429371612, -74.98563253804988, 3734.578305589911, -490.94234327205015, 736.0005709289595, -860.2104196953627, -616.1164387315881, 104.22810508424683, 2663.1766618369093, -2028.4808156484469, 1527.1800853980237, -68.44397199672304, 2136.590340437491, -891.9714156264735, 2149.092910663642, -420.1778888554512, -2260.794141029026, -592.7780995587029, -542.3445337334939, -854.3992642595807, -621.0330235415295, -996.933386698029, 537.6151699251948, -848.0816057502934, -422.3000608721079, -33.37670160052576, -916.966232512984, 1129.4518167473752, -421.53811891538464, 425.15850286577586, -902.7442573083042, -855.2317664340206, 225.92880418944387, -399.14309205973166, -2386.3797405262185, 336.0685623556898, 2031.4851518597834, -706.9509779026463, -531.3405953142981, 809.2299736895437, -1083.8841616617146, -660.6891784086431, -145.61885735071448, 167.89879188510994, 644.1251222828284, -351.478605574228, 389.7677895830965, 386.2778214606516, -634.5139442927826, -433.5185570531248, -1177.9358487717575, -1541.6118496113577, -163.06239189431565, 133.0398198781335, -1885.7767865339608, 4007.1399667782607, -1850.8884469853958, 366.3315059487119, -1134.513890992947, 2958.4356867589195, -839.0493330917083, 38.017976431052546, -701.4762451487288, -533.158123942427, 237.38240570872065, 407.6124616200344, -1396.8754682947235, -1596.9696111817811, 204.580444027055, -960.0712372079199, 142.14639991908396, -635.9143920962298, -1248.1794408278818, -989.1298523971269, -453.7605193689053, 617.6032573552392, -219.7683439642586, -10.250720731847395, -700.3200927529186, -460.2555773661979, 411.5752707758154, -309.47992664182345, 1336.5551326160924, -22.801315755588348, -985.5838145163198, -1095.7614251714033, 288.8542579853362, -1317.290133972956, 292.7606877331566, 399.29637876096615, -313.0314672680141, 251.91321001454608, -71.53468063149231, -666.0814582910326, -237.9388022691852, 226.85956968687444, 2633.7339647987787, 716.6903986498177, -221.84463920139973, -409.73018829075363, -1269.0077490141716, -878.387829708338, -396.47717634986384, -232.8722604669915, 198.86214199973122, -1564.8035386756135, -119.37788200245507, -927.4359552024757, -164.29511688647128, -2116.417620272817, 500.56038121472614, 2719.457220842941, -140.64361289248095, 199.24333063898317, 589.2928969123092, 1901.333357231491, 528.9054214426955, 583.9957312764055, -643.9133860307276, 335.5565746449696, -56.12616363460657, -411.68978807634335, -1818.1319168408293, -341.6952017460231, 140.65725380136055, 155.04157452542827, 1153.1593958278545, -149.6384926478129, 2276.898363638789, 1771.108126939827, -1964.6447310683434, -441.8300076638541, 2854.0767525990923, -810.7760858129568, -375.86099024965813, 3622.2113227777418, -989.5260830335409, -661.6327583710206, -634.9079637443888, -611.9751618811248, -7.444801492123901, -352.56941181572813, 78.91631656677069, -732.4380684240468, -601.2375703878248, -75.91186355382334, -317.53344353315083, -1272.5064416535797, -263.84677070212706, -611.8698430721398, -352.9426373545483, -165.27821839421492, 2358.3886266607187, -174.27481702839586, 436.7953087913485, 667.6359955313698, -489.0352244516167, -1465.3133235061339, -1412.8112689590466, -1163.1121004697209, -88.57376224748072, -2039.4009992866152, 1162.7338424806346, 359.14239133584283, -597.6603632010944, -2639.7092038309574, 765.5503448750861, -921.6242829257484, -888.7121975487329, 340.79803417357687, -800.1179990504546, 62.926520317320495, -1159.338322360687, -2395.048473391049, 107.83404861409966, -424.7742126479751, -978.709897773327, -586.4309893289902, -608.848202882358, -0.8879848395455952, -389.7816623274314, -1212.4179432544609, -909.6533699663936, -396.63049908870676, -77.38554852793547, -147.90960456753837, -906.2476099550349, -214.73665077350287, 424.3163439272033, -929.0109831516785, -285.5972527487668, -918.828557203684, -558.0326263033052, -648.7265316748019, 1410.537995487575, 801.7885763055857, -100.08076118940986, -69.47703248545352, -533.8705050248055, 536.0038191326463, -587.5706699973928, -139.33500292674532, -1506.8620570089206, -235.78881738355764, -1492.7996489082543, 810.3091199811082, 411.89055710273533, 2544.9994480152836, -1238.7879892881124, 161.11101323272524, -1632.3611250259924, 218.78231411259102, -1185.8225393500354, -1709.3328819469482, 2467.0310401452257, 208.74525708708646, -1120.9038963046, 2670.015558893564, -231.5514792573493, -230.92558085630137, 2278.594912089389, -1247.712710571921, -868.8209321430071, 325.29204755168405, -754.0906506543902, -1494.0669522792164, -386.91406846688756, 2212.2626786299893, 473.2182030229218, -1350.905006421589, 566.411321117219, 264.14858402666573, -244.39957399342572, -127.91778030310104, 2660.382783989763, 3624.744184832855, -214.22593401266917, -1435.171169149787, -75.46384644071142, -1623.585567136343, -433.1490964917882, -251.4532686980635, -582.4392410868775, -460.169073889322, -566.1131385436663, -1896.0096975879665, -121.34819070233553, 247.2949441720793, -37.31809251074756, -317.65109728116613, -107.18037624114197, 470.44294355576665, -2149.1852259901802, 195.8890942484916, -1467.6084182955603, 145.76821911878338, -260.54896408151274, 148.51776818799866, -772.1374920980899, -628.8388788652668, 310.67927928421625, 3513.926243400239, -734.2055281609756, -636.733644483942, -216.68082799913222, -357.5438167620896, -223.7375093785025, -598.7325169511797, 464.22380895128674, -1343.6739801347064, 135.14824901986046, -651.2059603140739, -1209.7094565966822, -692.268168260455, -506.722206872504, -381.123942235399, -580.1518719578113, -1145.2164543199713, -900.8780774478752, 905.4980614402267, -1518.0158617614966, -522.0208682325477, -1164.5495696075973, -20.309905592098744, -1368.8519254807368, -1057.3958317802726, -924.7359394177222, -539.691139186382, -942.0690673976717, -497.7415989022478, -133.96491174626334, -306.3465587741756, -615.0708451808322, 703.762330457605, -1081.6061957972147, -1191.15888562676, -625.0941097780772, 3092.0681124156486, 276.42025295107135, 178.2240608154262, -749.2781672916527, -481.14030642613614, -164.41376582602587, -1419.569707684455, -993.0292402446529, -1054.241397321117, 1116.9926908044188, -1143.840266657664, -630.5198751999109, -500.86300550241106, 3361.1797133778327, -283.73189710486736, -274.91243679143633, -1089.705814569938, -325.87927097591364, -3.048067650273964, -452.64636983815535, -31.99229709693404, -85.36870508530265, 116.58268551280665, -637.7274653901071, -852.5812723786115, 520.9795377600024, -1236.6343933227938, -701.722568104934, -1995.8304885421262, -919.6408753550058, -1442.7846548537316, -2081.1027440712587, -32.95217632076967, 365.49476684530794, 2532.6552850565, 18.585177815335925, -705.908226491733, -1361.0424640853248, -1382.6257806029457, -623.8498327413214, 185.71406402896642, -776.6243001806298, -99.72511795883932, -252.52287116440706, 3457.13150316495, 69.90098871132463, -1238.5497639286114, 184.8627531446792, -634.5750488542641, -336.35496215337, -1441.6870401202088, -378.68911153570275, -188.41286124884934, -1291.7367012002048, -652.8042104749989, -366.6644126978682, 1245.0496507661796, -2175.231828992978, -573.4838676792677, 552.2497102663968, -1736.206674439668, -202.46179746473203, -1454.66035137734, -489.53451625961713, -473.4933990603232, -1505.5748147547517, 26.08046768961242, -1060.5043878967872, -779.0721944433277, 20.243927411829247, -1257.8649456950034, -2033.4048440582023, -1136.767196482214, -2584.424857667126, 280.30282276633193, 213.75527743617047, -497.29439271232377, 103.57706172735956, -1816.94242905948, -865.8307239429033, -401.1015107209913, -46.16748590561306, 33.569137153267974, -138.20071799959192, -463.03345543444095, 524.5571496756364, -1852.2271451267475, -257.383493366637, 1483.7430367510742, 970.7755933374702, 3173.8106897792304, -211.69557319285283, 417.65387142379416, -1095.542686683914, -1515.4699324783176, 39.48031349779873, -1042.3203975477822, -1093.5484870196756, -781.2271817528766, 1364.183395343518, -588.0616703361961, -1315.1854104047875, -397.8783782622519, 2152.9453356144427, 309.86100437212315, -678.8606548025922, 310.81064858709954, 1084.0201852114265, -366.5312673598816, 262.1196483019056, 145.0334448305268, -711.6539989458694, 655.6508340008701, 44.13533061116371, -1090.1196869163346, -757.2740662043307, 204.86591810878204, -359.5382328295683, 560.8160477836142, -1108.5722026090423, -1818.4406457292027, -213.13747655298783, 133.8385690400601, -58.932480639795415, 2681.5615670879424, 1191.6985551406094, -1549.4989484858581, -549.728373125974, -52.39510565414707, -58.766264288599956, 714.3245108664677, -480.9778043748436, 484.07305240604967, 1847.9292120766659, -401.34806027006346, 252.87264250502503, -614.0371724562335, -1109.9584000805835, -655.7893324835616, 615.6133513088083, -1852.3487055029545, 399.30528942946944, -460.975183640958, -1507.3948436660032, -820.1233312650505, -1703.358102198512, 362.0974013468359, -1005.5382166523092, -683.3350556643892, 674.0769853462052, 664.1677110256154, -2127.129685123229, -809.8075857523584, -782.0589155729064, 2918.783798900394, -505.45691805429453, -513.4022387866793, -152.96698147185245, -821.2370733795204, -1004.4536488901191, 39.5573563102773, -577.2675225208478, 433.85122612466273, 228.07862850839118, -1209.0023250320871, 238.36118444564735, -1260.442638142814, 119.39653743216124, -341.18961787060755, -1425.277706869345, -650.7816539528582, -146.89754276455542, 650.9869667705456, 720.6347391917096, -61.64786431882632, -337.8331698819459, -322.3870035527941, -675.0752287152233, 649.7796865609367, 894.3084283265792, -488.3898749996699, 2923.306915968613, 2588.4202890584484, 2886.1075847263073, -1144.3613769919896, 165.04344702185298, -513.1019922827976, -787.690551454736, -742.398605783687, 2798.576431427902, -679.7567459874816, 264.9828365791634, 285.93096671613625, 102.09101170903378, -699.051279623486, -362.40853602225826, -915.1357540225803, 294.9719659936226, -784.5600704187601, -526.9489360060061, 3926.685527553116, -632.2891300789125, 158.7596274668223, -1337.6162363715882, 40.17216762720764, 252.98642524915667, 678.9914632369778, -842.1561759731177, -1566.563400770564, -1155.8974478279467, -255.06796987861625, -57.24794616479707, -386.7491856935004, -149.0256370142214, 1118.3206989884163, 314.8129206921245, -76.29976785210184, -1378.352680336466, -704.3499541626004, 44.612892349882685, -600.3885198283125, 134.35692510614834, -67.25877571012998, 236.20144138970076, -515.5314387993375, 413.04358752623, 2615.3910875099723, -159.56110127728888, -1211.9078620403407, -215.72502235031348, -494.4785458393254, -680.2830978743757, -1075.572185170223, -818.1460993736197, -368.6483068322966, 111.58496295980038, 102.55800740831151, 2995.71348575478, 1835.6443005478186, 572.5772144175886, -12.33190029813963, -2406.3220473650777, -770.3777420152906, -2407.8245835539165, -560.5375003105625, -911.0691843452543, 204.14433540190933, 825.2357842557248, -778.4683379352831, 918.761243099406, -415.8757958431795, 2123.950555674287, -909.5322013888695, 340.4397929653875, -2136.5609846442917, -1040.5731315846767, 519.0327462093466, 176.53394630531474, -12.414569742008297, -144.56344759339632, -537.219990458214, 408.7900646406015, -76.70354071027205, 483.40756330719705, -430.26050988457473, -21.370124511843528, -1999.356109821244, -75.92604218945542, -1049.6404106618177, -2726.846160763669, -169.83646073332156, 2811.428716127099, 261.57854788914096, -146.7922704081612, -965.1531401852144, -1507.1429595403686, 293.8158276712055, -409.719071619006, -203.72763782074924, -208.6192081363479, -1340.4805714641163, 250.75323555718396, -132.42038021568206, 404.8364201128787, 385.053932681163, -918.6670129311567, -174.0360083628874, 408.60525842591323, 383.6217404788773, -484.742310166356, -420.96410703173086, -1160.4845676031503, -1152.457038405723, -240.35366483575072, -1211.3340270707745, -210.25255436930894, 258.7927715225119, -961.8664421989472, -374.2462359821279, -487.7086913985364, -572.8778627864137, -185.55512542724438, -84.78529684944868, -1727.1919430836806, 637.841214270754, -273.34054894813175, -146.00431996199254, -646.2847222881719, 226.21781665578712, 2519.556588944055, -1223.4361985894834, 415.24722977991485, -497.55704286104674, -1992.877927913527, -79.02108977037292, 73.1195887903448, -167.67368349798673, 290.13320877030856, -79.80221740686383, 74.21916634257568, 312.07616077198725, -298.39253439255856, 36.09561773174815, -1076.17727521538, -191.76386218217075, -2063.086065941365, 231.85647036955092, -861.0556385680676, -846.7321945906651, 186.80684887670307, -763.9818038112664, 1450.2481003927264, -12.93144810876052, -7.927896741179296, 368.7793418595494, 1210.5164321348866, -792.4523238294838, 135.90057265173053, -1220.1245598815262, -528.0304427098133, 2729.4373502210515, 2455.9964609882454, -576.9587516280213, 251.14707809470255, 440.2399642079125, 150.43928204730415, -695.4551943046483, -924.6065695166208, 78.62763444568063, 1.594025745555001, 95.87916744313364, -1916.3832176066248, -2682.19099829471, 147.23395951399485, -118.055135918793, -851.7095956212877, -357.1100804016843, 120.66680805082305, 473.50276015501356, -436.2477377806292, -1202.4575637019384, -72.49861490881372, -197.04945212145182, -68.86818990089492, 222.35110381676586, -1166.8649257601594, -145.64486139202197, -989.5390209965461, -1032.9829599702998, 3063.6029509235414, -950.5175146323035, 941.251579295987, -82.14593107495236, 148.8413857145542, -785.3695247080791, -783.407823723696, -1508.9861382095542, -254.20016627374045, -481.5779918391394, 2299.1978972016577, -580.5034437874888, -1427.4064532829534, 928.285613115304, -1395.0972283169417, 149.20868902036491, -221.9185749164122, -837.5113360300044, -885.4590202406697, -418.5381895158382, -301.1248389784442, 180.53580671799764, -333.17930271014984, -1996.88486339858, -562.234465389335, -0.030763647077918677, 18.444304129612505, -973.7881290051625, 309.58023247424796, 258.0400406464378, -707.7697018942962, 642.7740541635767, -27.780238836199686, 500.6713727197439, -152.98395579473615, -107.4122971950366, -1317.786633956404, -1600.5776426426453, -8.43910686003673, -301.38731221307955, 590.4781774054435, -841.551700265767, 102.68755867163853, -943.211715022839, 2725.193450380235, 2177.256985673369, -211.0534660893286, 2687.184350165436, 1050.476296133345, -1282.660261673322, 430.51480410773934, -499.97441494818736, -859.028361340544, -2058.444827499314, 2484.539247495846, -519.9926201516666, -1751.1542664400606, -1056.3456736426763, 4246.559218115965, 841.9225125662612, 845.0944559744752, 651.2234315157356, -583.5697577126602, -493.6547101711651, 3033.679302745103, 825.7998690449157, -380.7607334722265, 427.5750545735267, 1127.5728455893036, -1251.5645127807784, -648.1758210503856, 549.9752253401547, -351.368924336173, -733.8504784726657, 2285.685111215325, -1846.2216865453995, -1962.400751970251, 547.1702098777288, -713.1777944022721, -1232.9065312847922, 204.08658075286374, 19.678556377409365, 372.86487502084185, -3114.180169131253, 122.5021466043822, -582.7588942910053, 256.16966388500964, -269.96324673642664, -428.50086888228816, -280.8414186132593, -121.14854020011788, 2825.8197919993463, 122.83934436280887, -654.4891479903254, 474.9573033866483, 675.673375463121, -1599.9375821254487, 1205.7848688185245, 2840.1722311409267, -125.70096215429888, -316.79305900768315, -229.3228753611248, 358.81753565196084, -849.8586955422444, 280.44260955177094, -224.1696325444987, -251.71283682078203, 2191.9703683918465, -317.29689477905504, -637.5439486468363, 469.88133427264154, -380.51086768326707, 519.6792877793914, -1779.0590756690763, -721.0505347451725, -596.2063902008746, 2876.088775463314, -717.6439968721301, -1895.4353716065766, -175.06731126585993, -525.0412332941268, -293.8335365504858, 2925.9034843744075, 183.52790724141798, 259.71738220836187, -1269.5000759673453, -765.5865530588775, 460.76117365864343, -670.9076965257144, -247.79987067422255, -943.337991098557, -527.1143354482625, -609.3760192248952, 1245.0872671083953, -251.7032441529744, -997.284745056105, 593.6934466068117, -1078.3014752225024, -2388.8328444041854, 3911.6461854897025, -545.605333507265, -570.9641471104671, 116.62963264756362, -283.8984931133597, -125.075508312484, -328.4196162643658, -598.2186717117509, 3291.3158819404043, -77.22602679893512, 3176.7613653643994, 47.634297859155424, -1183.3592768233484, -372.9023331147123, -450.1830074684078, 578.0201775289844, 1071.564286900595, -733.2773862004641, 387.11011661582063, -621.0399091512054, -562.8124903220216, -1231.1183325420466, -451.963249463162, -64.44972598976372, -163.6124387966968, 208.7143509781707, -733.9980632001774, -1729.5518969781829, 170.87606715578497, -83.91874513411577, -350.2085120417298, 2785.1238609844754, -83.54769877061757, -791.2196286982498, -404.51720105300143, 862.0844287776023, -188.09566842532936, -962.4377327789999, 2618.447298648543, 282.2005022779375, -123.78376871961046, -471.3434288590869, -983.6933744425651, -738.121326232238, 611.7719156478845, 657.0046602254992, -173.7357618590057, -150.947907256482, -2503.007654416226, -1434.272012483936, -90.17245469362453, -641.6338066808836, -1155.5662089322293, -1024.028028847909, -415.967972016088, -399.14266612192023, -409.2987318542323, 260.0407825515789, -239.47226032890828, 124.98436648276791, 289.4432186197938, 18.124208640265948, 316.8832111527777, 456.0873805558052, -1178.9804682174545, 50.07794380687264, 2183.3871751139727, 3.8355069067245893, 68.14454482681899, -1263.02037931723, -1304.0369409396621, 320.095626315034, -1454.5831900280486, -412.6923641179078, -1330.6000935992706, -2022.56164497405, 1752.7797065122036, 218.4843909777446, -709.424952764426, -1092.2761091151556, -203.86818316326705, -426.9768080547542, -1153.7771890766685, -486.5684110767189, -14.765767182247515, 663.2480374483885, -232.2943939268613, -1072.6432277550662, -677.9707327724981, -682.207868399759, -301.5567877456533, 163.85592472547447, -275.69200731136425, -1089.9529811697053, -2531.68281897839, -324.0997415989001, -1058.6569770879526, 448.14857315557606, -314.9702159598344, -715.6519041736864, -617.0118985480805, 2482.0595114809907, 134.781259811786, 1074.366509363146, 463.0300849773745, 343.65244356566757, -487.96298224448765, -1074.1827709351194, -347.2421986431242, 109.24235740090396, -2361.9783772901824, -796.6499379113786, 233.44268602915102, 494.3363068142469, -992.6305885447076, -841.1840431317811, -780.5828166707771, -98.14604189402971, -970.2937055484662, -1415.9312565784703, -1257.841614402768, -847.8984566673047, -2482.404558560428, -1428.3086966642327, 3377.6433238601767, -570.8440537773894, 289.69528689492086, -67.43631220970772, 2104.631579705217, -632.2265728897022, 16.60041318386314, -691.4493117053705, 142.42138769421368, 379.8889949203582, 204.74473308610524, 527.2936556106589, -233.82631801176666]"
0.5,8000,11.583253883458006,11.583253883458006,0.017710447311401367,1.0663357260077975,"[2, 2, 3, 4, 3, 4, 4, 2, 2, 2, 2, 2, 5, 3, 3, 3, 4, 4, 4, 2, 2, 3, 3, 1, 3, 3, 2, 5, 3, 2, 3, 3, 2, 3, 3, 2, 3, 2, 2, 4, 1, 3, 1, 2, 3, 4, 3, 5, 2, 3, 2, 3, 3, 3, 2, 3, 4, 3, 4, 5, 3, 2, 3, 4, 3, 5, 2, 1, 2, 5, 3, 2, 2, 3, 5, 2, 2, 3, 3, 3, 3, 3, 1, 2, 2, 3, 2, 2, 4, 3, 2, 2, 3, 2, 2, 3, 2, 3, 4, 2, 3, 2, 1, 3, 4, 2, 1, 3, 3, 2, 3, 1, 4, 3, 3, 3, 3, 2, 1, 3, 3, 5, 3, 3, 3, 3, 2, 3, 4, 4, 2, 3, 1, 3, 3, 1, 3, 4, 4, 3, 2, 2, 2, 3, 2, 2, 2, 2, 1, 3, 2, 1, 2, 3, 1, 2, 2, 3, 2, 2, 3, 2, 2, 1, 2, 2, 2, 2, 2, 1, 1, 4, 3, 1, 3, 2, 3, 2, 2, 3, 2, 2, 2, 2, 3, 3, 3, 1, 3, 4, 1, 2, 4, 3, 4, 3, 1, 3, 2, 1, 2, 3, 2, 2, 1, 2, 2, 2, 3, 3, 2, 2, 1, 2, 2, 4, 3, 2, 3, 3, 3, 4, 3, 2, 4, 5, 2, 3, 3, 5, 3, 1, 2, 3, 3, 1, 2, 3, 3, 2, 4, 3, 4, 2, 3, 1, 3, 2, 1, 3, 3, 3, 2, 3, 3, 3, 2, 3, 2, 3, 2, 2, 4, 3, 4, 2, 3, 5, 2, 2, 3, 2, 4, 3, 4, 3, 2, 2, 5, 3, 3, 2, 2, 3, 2, 2, 2, 3, 4, 1, 3, 2, 2, 5, 2, 1, 4, 2, 2, 1, 2, 2, 2, 3, 4, 4, 2, 2, 1, 2, 1, 4, 4, 2, 5, 2, 4, 1, 2, 2, 5, 2, 2, 2, 3, 4, 5, 3, 4, 2, 4, 2, 2, 3, 2, 1, 3, 4, 2, 3, 3, 2, 3, 2, 2, 2, 2, 3, 4, 3, 3, 4, 1, 2, 5, 2, 3, 1, 3, 3, 2, 2, 1, 3, 1, 2, 2, 3, 1, 2, 1, 3, 4, 1, 3, 1, 4, 1, 3, 2, 2, 2, 2, 4, 3, 4, 1, 3, 4, 1, 2, 4, 2, 4, 1, 2, 2, 3, 3, 2, 3, 3, 2, 1, 3, 3, 2, 2, 3, 2, 2, 2, 2, 2, 3, 2, 2, 2, 2, 2, 5, 2, 3, 3, 2, 2, 2, 2, 3, 2, 3, 3, 2, 2, 2, 3, 2, 4, 3, 3, 3, 4, 3, 3, 2, 4, 2, 2, 3, 1, 2, 2, 2, 1, 2, 3, 2, 2, 3, 2, 2, 3, 2, 4, 2, 1, 1, 2, 3, 2, 1, 2, 4, 3, 3, 5, 2, 2, 2, 4, 3, 2, 3, 3, 5, 2, 2, 2, 3, 2, 2, 2, 3, 2, 2, 3, 1, 3, 3, 3, 2, 2, 1, 2, 3, 3, 5, 2, 3, 1, 3, 2, 2, 2, 3, 4, 3, 3, 3, 3, 3, 2, 1, 3, 3, 2, 2, 1, 3, 2, 3, 4, 3, 3, 3, 2, 3, 3, 4, 3, 2, 2, 2, 2, 2, 2, 2, 3, 3, 2, 3, 2, 1, 3, 2, 3, 3, 3, 3, 2, 2, 3, 3, 3, 5, 3, 4, 5, 3, 3, 2, 3, 2, 3, 2, 1, 4, 2, 2, 3, 4, 4, 2, 3, 2, 2, 2, 3, 3, 2, 4, 3, 3, 1, 2, 2, 3, 4, 2, 2, 2, 2, 4, 2, 3, 3, 4, 3, 2, 3, 1, 2, 3, 3, 1, 4, 2, 3, 2, 3, 4, 2, 3, 2, 3, 2, 3, 2, 3, 3, 2, 3, 2, 3, 3, 4, 2, 3, 3, 3, 5, 2, 1, 2, 2, 3, 3, 2, 2, 2, 2, 4, 4, 2, 2, 3, 3, 4, 4, 2, 2, 1, 2, 2, 2, 2, 2, 5, 3, 2, 1, 1, 3, 2, 3, 2, 2, 3, 3, 3, 1, 3, 2, 2, 2, 1, 2, 2, 3, 2, 3, 2, 2, 3, 4, 3, 2, 3, 3, 2, 3, 3, 3, 1, 3, 3, 3, 2, 2, 5, 4, 4, 2, 3, 3, 1, 2, 3, 3, 3, 2, 2, 3, 2, 4, 2, 3, 4, 1, 2, 5, 2, 4, 2, 3, 2, 2, 2, 3, 2, 4, 1, 2, 2, 2, 3, 1, 3, 3, 2, 1, 3, 3, 3, 3, 3, 2, 1, 1, 2, 2, 2, 1, 2, 2, 3, 3, 4, 2, 4, 4, 2, 2, 2, 4, 3, 2, 1, 1, 2, 3, 3, 2, 2, 3, 3, 3, 4, 2, 3, 4, 4, 2, 3, 2, 2, 3, 3, 3, 1, 2, 3, 2, 2, 3, 1, 4, 3, 3, 3, 2, 2, 2, 3, 2, 4, 3, 2, 2, 3, 4, 2, 1, 3, 2, 2, 2, 2, 2, 3, 2, 3, 2, 2, 2, 4, 2, 3, 1, 3, 2, 2, 2, 3, 3, 2, 4, 3, 1, 3, 3, 3, 3, 4, 2, 2, 2, 3, 3, 4, 2, 2, 3, 4, 3, 4, 1, 2, 4, 2, 3, 2, 2, 1, 1, 1, 3, 2, 2, 5, 2, 2, 3, 3, 2, 2, 1, 3, 2, 3, 3, 3, 4, 2, 3, 3, 3, 3, 2, 3, 2, 3, 2, 2, 2, 3, 3, 2, 2, 1, 3, 1, 2, 2, 2, 1, 3, 2, 3, 2, 3, 2, 2, 3, 3, 4, 2, 3, 3, 3, 2, 3, 3, 4, 4, 3, 1, 4, 3, 2, 3, 2, 3, 3, 2, 2, 5, 4, 2, 2, 2, 1, 3, 3, 2, 1, 2, 2, 2, 4, 3, 4, 2, 3, 3, 3, 3, 3, 2, 2, 2, 2, 2, 2, 1, 1, 4, 2, 2, 2, 2, 3, 3, 3, 2, 2, 3, 3, 3, 2, 2, 2, 3, 3, 3, 2, 4, 3, 2, 3, 2, 3, 3, 3, 3, 2, 1, 2, 4, 2, 2, 2, 5, 3, 2, 1, 2, 2, 2, 4, 2, 1, 3, 1, 2, 3, 3, 5, 3, 2, 1, 2, 2, 4, 2, 3, 2, 1, 2, 3, 1, 1, 1, 4, 2, 4, 2, 3, 3, 1, 1, 3, 2, 1, 2, 3, 4, 2, 4, 2, 3, 3, 4, 2, 5, 3, 3, 3, 2, 2, 2, 3, 3, 1, 3, 2, 3, 2, 2, 4, 4, 2, 3, 4, 3, 3, 3, 3, 5, 4, 3, 3, 3, 2, 3, 4, 3, 2, 3, 1, 3, 3, 3, 3, 2, 2, 2, 3, 2, 4, 1, 3, 1, 3, 3, 3, 1, 2, 2, 2, 3, 2, 4, 2, 1, 3, 2, 2, 2, 1, 2, 3, 2, 3, 2, 2, 1, 1, 2, 2, 5, 1, 2, 1, 3, 4, 2, 2, 3, 2, 3, 3, 4, 3, 1, 4, 2, 3, 3, 3, 3, 5, 2, 2, 2, 2, 2, 3, 2, 4, 1, 2, 2, 3, 1, 2, 2, 2, 3, 3, 2, 3, 3, 1, 3, 3, 1, 3, 2, 2, 3, 3, 2, 3, 1, 4, 3, 2, 3, 2, 4, 2, 1, 2, 3, 2, 4, 3, 1, 4, 4, 3, 2, 2, 3, 4, 4, 4, 2, 3, 2, 4, 1, 2, 4, 4, 2, 2, 3, 4, 2, 2, 3, 2, 2, 2, 3, 2, 2, 3, 2, 2, 2, 4, 4, 2, 1, 4, 3, 2, 3, 4, 2, 1, 3, 3, 3, 4, 4, 3, 3, 2, 2, 2, 2, 5, 4, 2, 4, 3, 1, 2, 4, 2, 1, 2, 3, 1, 3, 3, 4, 2, 2, 1, 2, 1, 5, 2, 4, 1, 4, 2, 1, 2, 2, 2, 3, 2, 3, 3, 2, 2, 2, 3, 2, 3, 4, 4, 2, 2, 3, 3, 2, 3, 2, 1, 4, 4, 1, 3, 5, 2, 2, 2, 2, 3, 3, 3, 3, 2, 1, 1, 1, 2, 3, 2, 4, 4, 3, 2, 3, 2, 3, 3, 2, 3, 1, 4, 3, 2, 1, 3, 3, 3, 2, 2, 3, 3, 2, 2, 4, 3, 4, 2, 2, 2, 2, 3, 1, 2, 3, 3, 2, 4, 2, 2, 2, 2, 3, 3, 2, 2, 2, 3, 4, 2, 3, 3, 3, 2, 1, 3, 5, 2, 2, 3, 3, 2, 2, 4, 2, 3, 3, 4, 2, 2, 2, 3, 3, 2, 2, 2, 2, 3, 1, 2, 2, 2, 2, 3, 2, 2, 1, 3, 2, 2, 1, 3, 2, 2, 2, 3, 3, 2, 1, 2, 3, 2, 3, 2, 3, 2, 2, 2, 3, 2, 1, 2, 2, 2, 4, 3, 3, 3, 2, 3, 2, 3, 3, 2, 2, 2, 3, 3, 5, 3, 2, 2, 3, 2, 2, 2, 2, 3, 2, 3, 3, 3, 2, 4, 3, 4, 2, 2, 1, 2, 2, 1, 2, 3, 3, 2, 2, 3, 1, 2, 3, 3, 2, 1, 3, 3, 1, 2, 4, 2, 3, 2, 3, 2, 3, 3, 3, 2, 2, 2, 2, 3, 3, 2, 4, 2, 2, 2, 2, 3, 1, 5, 1, 1, 2, 3, 3, 3, 1, 2, 3, 2, 2, 2, 3, 2, 3, 3, 1, 2, 4, 2, 3, 3, 5, 3, 3, 3, 3, 1, 3, 3, 2, 2, 3, 4, 2, 3, 3, 1, 4, 3, 3, 2, 3, 2, 1, 3, 3, 2, 4, 2, 3, 3, 2, 1, 1, 2, 2, 5, 4, 3, 2, 2, 2, 1, 2, 3, 4, 2, 3, 3, 2, 2]","[0.8399444269444056, 3.0515792612496093, 4.923605523661299, 3.206426928152503, -0.9943926645347463, 1.9161936568378164, 5.323574566301884, 3.786739684716927, 5.359500633791038, -0.20339781490843167, 1.6378402518455082, 4.69877532302171, -3.222832613384653, 0.02693520548214856, 1.5648588234938878, -1.498487605590991, -3.6760295016297593, -8.168562605066723, 3.913283524638819, 7.901009896385382, 3.9458959969923697, 2.981466368410373, 0.5315850255302337, 3.043808747759242, -0.13670459637868282, 4.384089229023729, 4.207629759550872, 1.6806741756139316, 2.745195504896083, 4.183118675487108, 1.1942032946326906, 2.8991312175184025, 2.161753428984912, 3.6939800022545506, 2.3801074538220583, 0.4475487925866126, 1.5316147294721136, 2.7896582092726265, 0.4531202320913956, 3.479007140407438, 2.598473820937464, 1.4171039153669014, 5.305076798447308, -2.5083893862086533, 4.549896387450266, 2.582148575016634, 3.242042023606915, -6.369803731561593, 1.2927556500977837, 3.1043843099986725, 4.3231403193581315, 5.403236745673121, 1.3468917467873243, 8.40900470025813, -4.610775003582569, 3.6762599317074236, 3.0476047531678128, 13.402276695998276, -0.2869345869533362, 15.000961997746185, 7.311257541583727, -0.5230414126338707, 4.5199956151750165, 5.7941843014456165, 0.523617790416457, -0.5417839195705105, 3.609757414300896, 2.033866765363935, -0.8359724820428833, -4.217497459211808, 1.4567686341001878, 1.3024942718004606, 3.5102364689023298, -2.2173852949455077, 9.86206745542755, 0.36199342115573385, 3.8033424038955572, 0.23963918151453045, 4.203352695436677, 8.494208239490185, 1.3656710631308908, 2.012776657494599, 2.9679839603484464, 0.8893533611560493, 0.8267399645599851, 0.27367326891360433, 2.103293833291507, 0.8997438966842561, -8.356253320456702, 1.4912511016321353, 2.7194779473540445, 2.023687668440994, -0.32578857732181987, 0.04826080033686386, 3.276306008315744, 0.21711191336004942, 1.109859521669689, -0.699195670029257, 7.464636297688434, 2.2395408691649283, -0.3151317575497239, 1.8858291195632013, 0.23957153509232, 10.02293919053746, 6.223011279572485, 4.505928584605501, 2.8318851686668687, 3.6309645393109915, -0.7885718318580639, -1.0863811063564541, 9.816064443373145, 7.338713299225123, -1.537929044853568, 1.3122093368767511, 3.740601681251219, 3.846096383476514, 1.0540788742259646, 4.322922795619517, -1.7275983016183765, 1.488494464399078, 0.8565662117126212, 4.413598570801809, 0.35290386300456955, 1.515467703407479, 6.442398159559351, 8.879136348035209, 3.245712986600843, 6.555375700467851, 3.8900166824541476, 1.6873982299492445, 2.538827447248369, 1.999715735667643, 1.9955470241615973, 9.310387863519072, 3.226592770294483, -0.002798483601247792, 2.5094804547475817, 12.516776839158968, 2.7069010419424995, 6.2433597673612375, 2.7897327540274617, 5.1734830702732, -1.180824623640715, 4.557684345240846, 2.947508733483936, 2.0766989079657607, 0.10557565659321888, 4.149142871175932, -0.8979070415465888, 0.6017060668591299, 3.1897785749666445, 1.7468797010751171, 0.17470617981617442, 5.20640499781241, 4.405058921148548, 1.8066713383289765, -2.110517904531051, 4.828836879400554, 4.0324417071749785, 0.08517411809158215, 3.9125192672868407, 0.8076635098195655, 3.3724988970242986, 3.167270964410853, 2.330972013279134, -2.1108030890023133, 2.0650578047960373, 2.7515617302480835, 1.3620769013959628, 4.428756089199718, -0.8832313131373692, 1.5052267791677716, 1.2154600859989921, 1.2723058686524928, 1.4507320942852346, 1.8950960001490134, 3.5753975228314743, 4.9789317155409964, 6.208166921844021, 5.721393665314443, 0.11742606539826106, -8.031085307142774, 7.191734294844533, 2.842522257536904, -4.557007221798761, 6.687826341746392, 3.761924397494981, 4.3056591788858825, 5.81455983991489, 6.942511449649507, -0.2642843584959902, -1.6844909878927647, 0.8690862336820429, -0.29424420374506344, 5.016368239177941, 4.077001339202537, 2.0157848613335165, 7.323311588216276, 0.5527316386994077, 2.550435142505523, 3.241571290265229, 0.5907444783980749, 1.3318514698077037, 2.1323872552622345, -0.5146121928033303, 1.2503621106076341, 4.869865056232354, 6.749359595998158, 0.46763175342517327, 6.914826512065789, 1.796834984108489, 1.9534868061907646, 3.54239781560048, 5.122558307165054, 5.716917221630038, -1.910721488579663, 1.5033292075636981, 1.851713753887584, 2.781942615453015, -0.026344454324518818, -0.9191518904847555, 4.275455652764772, 1.3154820299562004, 2.6388603400913517, 1.055914153055372, -3.9679421384714666, -6.294521775117101, 4.180929422534785, 6.405745352007378, 2.861173605013692, 4.119655139941845, 1.0557708047345051, 1.0309064718005918, 5.290085404812924, 0.5893005092669847, 3.1746316681583555, 2.32076620070289, 3.20787084737119, 4.39610016490988, 6.308828124983482, 7.775585432363023, 0.21360469812482785, -0.9140873983409441, -0.7312776536947609, -2.037095795762563, 0.18408204787419136, -1.7353354666627863, 2.129262510659355, 0.9709140467726622, 8.115796056753899, 7.61472271126277, -2.312479211968839, 3.1494149652532197, 8.607152307288658, 5.683730394081273, 2.859669082947477, 3.488743934091209, 6.366686066977415, 7.3852971365046045, 2.9878326502335066, 2.8100166663191732, -0.5176792903394793, 2.433292556170935, 3.691978291553769, 3.1851642142797, -1.2510715340587333, 2.8543447903991392, -7.698889143798384, 8.38230028064796, 0.4874172347546115, 4.025329186743151, -0.21176183471821863, 4.803921329525014, 7.650590953928528, 0.014331120953005705, 1.976468164359781, 0.028628828822685026, 0.6881884264242557, -2.5103850140377744, 3.459011288858636, 2.8240073417535654, -0.5493969941202361, 0.7626867545528206, 0.015186312512691202, 2.3478986319825332, 1.8814706900453313, 2.124045858080705, 1.7562963633302004, 9.22822024151951, 0.43933869708534656, 0.6476690639730871, 5.311795560940996, 4.930209090391031, 5.21571793415673, 3.3960867774156993, 4.413787582498831, -1.8789140343765527, -2.688930631592491, -0.3918488556344024, 0.4886604601236957, 1.1392357086622251, 3.5474098850385354, 5.666182091259211, 1.0090985846948777, 2.3928038270786143, 0.9498436558910082, 4.4118790040825395, 1.0459232514652017, 0.14444561884821505, 3.3717814312194285, -2.9980961535977797, -8.882890247305454, -2.605702678929084, 2.0922115980814384, 1.444226469525209, -0.4092309010278341, 7.053528623401762, 5.9817827665231285, -0.9550647966736534, 2.0560521361337885, -6.357596414435543, -2.8925664425315225, 3.0984013859537036, 2.290265911422355, -0.025437724800978057, 4.823235934311818, 3.0647619748933894, 3.1796900478207553, 8.761884105036463, -0.09661492144654238, 0.913079454675582, 0.9778566624513698, 4.509453492771046, 9.703742017568407, 0.9219733424515595, 4.588617155983124, 5.081295925099656, 0.43753400614017224, 3.5749188821602553, 0.9620443664426137, 1.889804372133926, -4.563933581295521, -0.41190916528718935, 14.201963236857086, 9.983035264203934, 0.4150731507374057, -0.20950581157060855, 5.595824589613352, 1.8541783849986646, -0.14209849379881545, 10.222269323472819, 2.2460565816150355, 2.7133572097982155, 3.672470368360578, 1.4147163205410274, -0.29673056572531165, 1.1654430459567466, 0.5956130925531711, 4.02042663593485, 0.7102227361196123, 1.4486871546386224, 3.4952105212856885, 5.274732214577275, -0.24975273570133583, 0.8730851237862396, 5.292340034568049, 5.48219995703661, -4.562084411325099, 2.308014715538981, 0.8298907748030016, -0.5062594468859012, -5.808304168527329, -0.43919448848747633, -9.108217071677746, 6.532570305318165, -0.33062197333929566, -9.122733594700481, 0.4318790013416449, 6.12275855292045, 1.2714171785839494, 2.259084024487737, 0.699089973780963, 6.268762156981451, 4.226619241983691, 7.666399680085236, 8.595359889157155, 2.700430808801225, 3.120153910255232, -3.9208292405095144, 2.527822960488289, 0.3162865712487375, 7.361025463259937, 5.156615998425879, 6.770313544915915, -1.1388934686398344, 0.9189504503435391, -0.060644187451773135, 1.899176889006048, 0.5566896009468061, 2.2747450916428615, -0.957076701383436, 7.733008347608209, 2.8092045389216627, 6.28225413551754, 11.067880053832297, 4.550698009824192, 2.9520199079326472, 2.2097840812317138, 2.216762403500853, 0.9452846258120822, 2.692553783193684, 4.21352819004907, 1.6217934223387585, 0.309422595045314, 3.830572922719661, -0.6467532677219392, 6.226163515644977, 3.1146136978015324, 10.828811994147673, 1.4522646139901068, 3.194407283130119, 4.567786444788716, 4.274620699738744, 6.693753716162982, 3.3309428820360196, 9.84669602544316, 0.8038763927965586, 4.52584431468385, 5.14044932633763, 0.31426189585305453, 4.926273677390901, 6.099551571524307, -0.09608858525015318, 0.3939057252426452, -0.14251310857554556, 0.13504235122418873, 3.544612616553701, 7.938553325977157, 4.210942909849672, 5.007176842446297, 3.9193595833075836, 3.2267172595597975, 2.269851199239011, 5.799273438812493, -0.19948175377107757, 5.605288235164206, 1.8040476502111824, 3.736666494479112, 17.0034756816596, 5.661566603271048, 3.55217554587588, -0.07040638299613411, 3.2647135444563835, 3.4490277742867543, 3.4452809040423293, -0.5759245246493645, 1.3149529786727019, 1.3427714564695332, 1.4814794544692194, 1.308019367499798, 5.652932355794552, 5.653388093576787, 1.9129181478645878, 3.8517601246687163, 0.5517935339002502, 4.221372059447251, 3.2485734973906384, 6.97437955130377, -0.2948979254563393, 3.297027326365101, 0.9342534233987001, -1.29373867061866, -0.08355784306014735, 3.045501971327272, 1.174626047484606, 11.569057373609219, 9.169873973404066, 0.0489071203867133, 0.7188492273313516, 0.04701846510908103, 4.3913073977272585, 4.810615706237552, 2.008889717468003, 2.3454608834271373, 2.746344290505871, 6.3696869617146845, 6.700224691221026, 9.715787754681994, -4.827500763061172, -1.7689253125062652, 6.2617906570062, 4.321800134219482, 2.3062653881267514, -0.13137577851818527, 0.05642059096621432, 5.944259970356166, 0.9028464794381659, 4.920138946552809, 0.4706085973654037, -0.2676238079339659, 1.138196712473577, 4.740883962180797, 6.278336988200431, 1.2162293265949349, 3.796111325439745, -0.5294958450304583, -4.75672440150953, 0.07992146305199155, 2.046651554961737, 0.8611384677594738, 5.45085751721299, 0.5779291009160397, 6.514625638257055, 1.495537675596767, 4.532890091138601, 11.787618387778208, 0.5995362597142957, 2.3650653959086956, 3.3688268540693955, 4.584353265718875, 2.5065832150346257, 3.7541215591987016, 3.3679652679292054, 1.7148689226312448, 4.7881106699417355, 1.9392767848215744, 2.547607492287432, 2.6738758654478825, 4.218055752948777, 3.849253290746393, -3.312192803326947, 4.631576388384563, 4.1973792085303305, 14.111894562055264, 4.218952586595514, 1.095326340275574, -0.06782844847496516, -0.4249102592635481, 2.8096175086803177, 1.1544827416298857, -1.2377188274824698, 3.633056311371095, 4.311556849340759, 7.079854093075253, -0.5321412755924957, 5.459318112319147, 2.4778453219067997, 1.971151939273283, -0.9561012276828573, 4.409753746927018, 6.679290627592533, -2.0126203530775144, 0.020094476353076374, 2.5608348013175233, 4.444286551767872, 3.2803271441657227, 3.611170245867582, 0.09980476492336887, 2.1324857003278868, 1.4225152277183186, 0.33223767223949396, 1.5886799175270245, 0.9088259334416335, -1.5670277203716991, 13.65708789974833, -0.3436729852974514, 5.690656869210339, 8.920081461849831, 3.699565283325678, 1.6303267812660076, 4.473855868491233, 4.65506254283231, 1.0074631259050735, 6.155005734053041, 1.7985211286823697, 2.9446526944602702, 2.8936392896034984, 2.7841646656309553, 3.821226752482194, 3.6092366393655775, -7.74923783299381, 2.2917209482948264, 2.7842798284569814, 2.949958769231392, 2.6790475227900963, -0.4893315211310143, 1.6000438647499307, -1.9108023844814945, 2.5976659208751522, -0.821996062590479, -3.0166671552762305, 2.8509282610469517, 0.47561287411735864, 0.4691857525288592, -2.2219363428513597, 1.9629615924679316, 4.097520030364542, 3.002732682755356, 0.5972065371296771, 3.3569968600791213, 5.12219883124768, -0.5234898815246649, 6.5150703264244605, 5.960706736391179, 4.01058207633025, 3.6173853756872294, 2.368988778274066, 3.8883123360585374, 1.0762238198950174, 6.062451735969503, 6.850082341798988, 0.0451907801000786, 4.347520669548356, 2.7683752040416554, 5.211275921719502, 1.2829267283701995, -3.023516910506815, 5.8042954740249275, -0.0820815324389006, 3.2479213319395166, -5.904172473720788, 3.924946133503186, 0.484598796500616, -3.6456696668374433, 3.1061933054618933, 2.514200824710835, 7.553892640948373, 2.369904797445489, 5.315326972124691, 4.390699913670746, 0.12933357158986247, 2.0171837590069357, 0.14901802875982462, 2.782713812081619, 1.1975096913399828, 2.386880504975925, -9.75645040357793, 3.1185167041127855, 2.4807758521392698, 7.586246446968692, -2.071510912509957, 7.222151732190577, 2.54425053916025, 2.1275084796127466, 1.3430508549285176, 6.40025470525845, 3.163858336913605, 0.6322957904807331, 4.017456628521328, 0.575110470425447, 3.455102986826282, 3.3940345515574695, 4.842316989285557, 3.998162235549031, -8.101995583523284, 0.8489391768185643, 3.7759719627024046, 2.197227713844959, 2.030668573104875, -0.23063532090070016, 6.12118376883924, 5.396059965925385, -0.09209026410979204, 1.6626147310336268, 0.5842823902975458, 0.9664976556124434, 4.83206061358271, 5.5242347606747835, 1.0603854875101706, 2.7046409088527454, 1.5395226544521505, 1.5163363985669194, 5.571296320633927, -1.3697101589211509, -4.218851263732722, 0.7094119728232764, -2.4574235910097317, -1.4867630414176096, 5.383012143670387, -2.504631153058868, 1.7728493719853242, 2.0616131479530693, 1.7760135180489596, 2.607654435530479, 0.5875128781488272, -3.2427483434630004, 1.7748420629586077, 4.595301364494555, -4.124633278168044, 4.012156812915981, -0.20239019399540048, 7.906999950389137, 10.467979663951809, 1.1009412457086416, 6.032468715662379, 1.7227638842151072, 1.6478795746239339, 3.0230290137743827, 3.6742805765547595, 1.6030141059951917, 5.177069205822988, 2.3127273434572952, 2.7859821157645746, 1.934361678636499, 3.667935238514851, 1.5146354923429448, 1.611394860625413, -0.6611833035617054, 0.4833283197124374, 2.198768317739032, 3.588770226578528, 9.638573044812276, 2.281716497785522, 8.154052748283931, 12.907499490398374, 3.703967581293961, 3.7521217475585105, 1.2717666377480494, 7.371454036726279, 1.0682930634637415, 2.426368083581136, 4.791117306601599, 3.334162468893065, 0.009167457048467664, 14.101803242639418, 3.9681990650138332, 3.843908125606719, -0.3705591148608587, -0.28270790586852046, -1.808148860531508, -2.846915784993793, -0.8739768377022257, 4.161614277847624, -1.5086277847497556, -2.4645006065915793, 0.9479003341737249, 0.15375836733635184, 0.0919451696240432, 2.6526291907524975, 0.6207791794941868, -6.600934919661526, 1.5699668695901123, -1.2990922764367347, 6.128419544314593, 2.155309261483774, -0.22155417559193857, 1.182051237638528, 7.479727317968246, 7.31529283235394, 2.2121046358643004, 2.6232488358913746, 0.45449505558980996, 2.5842073977471127, 5.2166485050254146, 8.542758137364153, -1.3897018426013656, 3.26845572845919, 2.226992082638574, 2.8918771034812396, 1.495452181956157, 1.989019292178126, 2.9088186606167836, 1.5645980141700724, -0.2561350134236142, 1.3112942145663475, 0.36907012668460837, 3.047117771451896, 1.3400861279367842, 4.67448359678626, 4.215497321067787, -7.570914451377421, 3.2463142999168006, -3.4321921903593124, 1.9152409979244744, 6.789569670010813, 0.4474834149723992, 3.763926831817739, 0.8780727421668151, 5.826146129154221, 3.427477120788335, 1.7865977638196382, 3.248637848214091, 0.1959446801018867, 1.870151914763293, -5.632972809093008, 3.71058234853506, 5.425947949388181, -2.4004054456538433, 2.144713201376335, 3.668926080595383, -0.9210550414764533, 1.0224789883907914, 2.589144992250291, 0.9120044111026737, 0.684544849958713, 2.3390874926623724, 1.1211116880839418, 2.2627409367738984, 5.946410079614486, 2.6505833749565815, 5.8055579246279665, 4.197434791329494, 0.35480018790052226, 0.7039425216514017, 0.8347211887308468, 4.998716421782884, -6.6814758073714415, -0.1342679602212531, -3.9275264598349815, 7.418618872424595, 5.33475819566469, 1.3946846886377462, 2.896119249761078, 2.511653552579708, -0.5758286619784534, -2.629901293897197, 7.230644051457837, -1.7121482292063281, 2.4398102748845476, 11.091323278851345, 1.371850879801706, -1.5981084317766263, 4.39939794166218, 7.459266252687579, -0.02120691421941512, 1.9530439580276537, 3.1620528292081205, 0.1118919499714246, 1.3751154676748008, 0.5250880173466637, 2.1225118415046715, 12.87260229839224, 3.2695260999234548, 2.5234138081218265, 3.5125793790830344, 0.24286283042218004, 3.6839931914277377, 1.1110602901073967, 2.2314326285754453, 0.7404264482585396, -0.42003415468910443, 1.7365476000050237, 2.24202513911923, 8.77933659828021, 4.317276204962739, 1.9477820910239672, -4.264637608748092, 6.93957666578601, 2.056727414426726, 4.574800446851517, 5.538858988390986, 0.39623755376758973, 0.7062632657709627, -5.437157816516258, 4.656715965823252, 4.078226291617586, 2.0859586350323225, 4.619990737583322, 1.4385516749365626, 4.344118204019177, -0.7794071354027916, -0.22411168340482446, 5.264164878712947, 14.54395028328241, 2.6521444507151104, 3.911006593933839, 8.776738603059668, 0.8790424738671812, 9.798083963352328, -0.19140275314795874, -1.0538776210014311, 1.690549040192261, 5.167724857781706, 2.278473625983222, 1.8252389165501475, -0.22233203720936467, -0.48081059492307654, 1.7344903775467642, 5.45743782012675, 3.219577105652605, 2.635029680691005, 0.8793281615896262, 3.4630157038025597, 0.6735877908445285, 0.43597626757554053, -0.721465750531753, 0.3991902318570322, 0.7061894810594485, 1.7285764485706325, 1.6593323226612808, 0.5207207567768588, 1.0536560679795006, 5.22949062485264, 3.979346248208747, 2.779480893283429, 6.354468988207101, 4.407828510216966, 9.293702934723514, -4.032914411277519, -1.2223548547121332, 2.022221062038509, 3.206232695181863, 1.236474832353183, 1.9589904757391206, 4.600240947622621, 1.6536691148955647, 5.501450100568713, 0.6333420254631368, 6.099749511441283, 1.1154784622013585, 11.513325205280191, 1.7642785407555954, 2.0343503311974387, 3.819924770065337, 2.480559561675092, 6.126287454434221, 4.154159253223693, 2.093558637540649, 4.475529186714457, 2.4679277017769596, 4.1184416752657205, 0.9002629346978956, 1.459882223666316, 5.502895300953375, 2.9093002263279435, -1.1938418279137943, 3.748571690918717, 10.114884601868715, 1.6049577257670546, 1.536388372482533, 1.470884929492653, 2.8770771638833605, 1.6676276276629565, 2.427757195576147, -1.922427569513475, 8.977893226311787, 0.5482521094466968, -6.0388718136683615, 6.172432413359861, -0.762790427244695, 5.924378970541186, 0.6670808727921571, 9.0133281605981, 2.4566683270043694, 2.482815211924581, -0.9888361935597922, 3.731440229585302, -2.7231264624502534, 0.3338827857114737, 0.9609783435084602, -0.8729429296211513, 4.852957740278455, 2.349421891408452, 3.9047703360954067, 3.1640189233837073, 3.816536346197903, 2.1258019202240974, 6.5996576436100405, 1.7878402342343303, 1.30234558324549, 0.533632099907543, 7.087706329452404, 4.0254837533692385, 1.2148099230871385, 9.507337429826306, 4.677013184566656, -0.8491906677891814, 2.0919104685980487, 2.1257364689738107, 2.5447484667937235, 4.8849639185666245, 3.17175744814888, 2.804657943024598, 1.131430453333416, 1.8226697466474713, 0.1656070392197151, 4.398438474857264, 3.497285886677622, -0.823583410140122, 1.4387265159261022, 2.9753134953673666, 4.473259351524666, 2.2056143761833087, 7.312303895499355, -1.5810605986949517, 1.7716308311727578, 8.157951181801803, 3.336072248465243, -0.19785239307462854, 2.9341876246081924, 1.3193026281951499, 2.111379866557406, 7.613394480537645, 6.874435500947987, -8.162766849308683, 6.091700936563486, 3.1046326596511737, 5.035789692325841, 2.7494732652841924, 7.205592150450233, 7.986159472028456, 11.47516445019812, 5.679796710399106, 3.9652638234513855, 2.3072736451385687, 4.949417827173487, -0.55037178383049, 1.3563002831804474, -0.2843411386406638, -0.6198198139136961, 0.42744452671436406, 2.0923798637240703, 0.7184887249336875, 1.7126731596213476, 1.7503493552499383, 0.06408994438143845, 0.8644097057181388, 1.2990002749928022, -0.08417205933105265, -2.353643976146857, 0.20039170462095424, 6.8766442508153975, -0.41176245040349757, -1.1116864177618146, 2.777922296363346, 0.3104367128353327, -3.3825919360633407, 7.857222668256215, 8.103339299116982, -0.01875476145749877, 0.812629914418916, 5.226867224937018, -0.0313284374566174, 2.9164534020456903, 5.875187514911983, 3.902087032120955, 0.9019454470913635, 3.4289079918100187, 0.8483332517718303, 6.155970336050692, 1.3020365909455704, -4.3706434913873995, 3.6811263650786525, 15.558778178325415, 5.915608157599378, 7.6943509329506465, 5.136208670110108, 1.610863972164859, 2.849735514992527, 10.581579728078017, 5.874264604050034, 2.7824342654757195, 1.530473656115018, 1.8369605580228932, 7.374269586667127, 1.0490873975288366, 6.727063598490377, 3.911657473533124, 1.304742044485402, -0.5550882375507475, 0.8703065154006415, 4.475327211698879, 7.580455282808268, 0.9125766157165849, 1.7035056171473482, -0.16326244925207467, 1.7299945897727986, 1.2880251781067513, 3.2175533093240887, 10.842719809555915, 4.6447975855894175, 1.4581192029898942, 3.399954962288741, -0.6736882183237247, 3.683691367112742, 1.3448075840021736, 3.5990796942567016, 1.9027506822775777, 0.7264615273720811, 2.679227375756595, 8.254048467945506, -1.6550838425347982, 2.4628183807477986, 4.758938407256213, 3.3361099570163844, 4.345829851437782, -0.2421886761097194, 3.691417852112266, 4.431207805690165, -3.883163040201692, 3.835334060584151, 0.13629751902140796, -0.8973375951823566, 8.071477085171416, 5.970261170907685, 14.702303520006389, 3.1623827547956855, 1.8354749626351148, 5.850736847224504, 3.5159141688986955, 4.115223140916708, 3.4146979704408285, 3.493705760130568, 2.8633428628240583, -1.834646764281771, 4.422943912385452, 12.69886948701893, -1.7644507385135246, 6.112498222129089, 4.473173174212172, 2.3947528004980216, 4.8134021869435335, 2.8345916338756134, 2.555926624218933, 0.41171600537362707, 11.87396211672646, 1.776088211028328, 3.795268314520344, 2.9347478925118105, 5.698854070336251, 2.3995038363347314, 4.785059224119365, 0.41566634911030365, 3.7873736184764524, -0.6090604137219695, 2.322404356375632, 1.843482192979502, 1.1076558359533286, 0.762393647297479, 6.520634068630162, -1.1040751112634442, -3.184807257120218, -1.9715963144902937, 3.0450274252988856, 5.996046178332541, 3.554374128107737, 4.761998440031033, 5.276873149742402, 2.6605254828564346, 3.010037900630892, 3.717660493807788, -1.029715936712774, 1.8468977287893296, 2.4632617322397103, 6.816652595052297, 4.6920677763387015, 0.6852454806101536, 0.44643203249342744, 5.287114214037367, 5.046171356273463, 4.290415145956942, 4.844431620144961, 2.3410131169913018, 0.6898155885429837, 2.427795913046578, 6.076010822074654, 1.1316112145677693, 5.395098083550492, 5.713593244050692, 2.5376479659728775, 1.9146752343818174, -7.6541828821616384, 1.4397474726597521, 4.959928199064414, 8.841884573249997, -0.9085097110902236, 10.08356307670525, 6.004588096065039, 1.3558650906436598, -8.033854522902754, 1.6245099008173622, 2.2258299171961036, -0.19031679169821691, 2.209653876494868, 0.07637572250531788, 1.8116358137700512, 3.3506148487808076, 4.040717565414793, 2.2362608477274257, 2.548652020445842, 8.779010923496433, 1.1889510800494918, -0.5914929034598058, 0.04466996115269639, 1.188656168391818, 2.572983580429164, 2.1726520536409835, 3.06276538159149, 1.1646514044156897, -1.251807663842313, -0.02659114043633304, -0.046810805305650405, 5.33667480026612, -2.06915564049639, 1.24273355204565, 6.000637767049118, 5.364583488057123, 4.313363346786748, 5.701817187919125, 2.6259224405284156, 1.3998255776670574, -1.3452792816023464, -7.583248263148297, 1.3418299851075508, 5.013294527371748, 2.9575498554908966, 7.510357524439629, 7.051067794624037, 1.8062420352055253, 1.835921366757404, 2.0898216456120275, -0.4028415327363324, -0.12644758813808243, 3.3190223828242353, 3.0167811241120845, 0.4519909977613765, 3.6386892562591604, 5.9872193571232994, 4.996634740175486, -1.1570813815362437, 6.949597626442161, -1.4302233464253304, 0.73553932141733, -0.6956986756774213, 11.123898342248502, -4.5280390947019065, 5.129116254530697, 3.3601118755523425, 0.8615424177906297, 5.422705400663476, -4.2377992800269, 2.833679594716593, 2.442669300378256, 0.45818929195391833, 3.6061532392961086, 7.248261763113241, 1.4272197120584382, 0.34855725349819444, 3.363514327167143, 5.294334950337265, 0.31784797201384984, 6.522429411039399, 4.988369192383354, 2.6103610042179004, 7.122500626067229, 1.4781801665353207, 3.6807821695947216, 4.618643089054947, 1.9871672190616718, 0.7297862599058191, 5.276440913487351, 2.8875261338696805, 2.0660620267092527, 4.033306423629332, 3.114704010864063, -1.431225148388155, 5.238469610558692, -8.14768332558938, 2.849691055677119, 4.954308803095482, 7.532101597554174, 2.3329978604617763, 2.1203809196094037, -0.2028345390296722, 4.891859355320172, 8.466835854327378, -1.1102508559105218, 4.73638207737997, 11.077899440512057, 5.026053695191603, 2.4869926320659217, 10.0718561968826, 4.016228981562647, 1.6396560399009907, 1.6986337379921186, 2.8056050675512543, 1.5855106833558152, 2.7390250826892557, 0.8177675702339442, 0.46884722412398094, -0.4637481947672115, 1.371532790669058, 3.8225796527196065, 3.1145593871999413, 0.8395361608201295, 4.78241617799763, 5.966806597065881, 1.8902221342848806, 0.37576424498722094, 2.0324276620061354, -6.774160280345061, 0.33292775385528417, 9.848243614554901, -0.21497698420961386, 3.606346194584188, -1.516600991859118, 2.730245271149231, 3.1420584150638673, 2.899281079776318, 3.099447339941589, 3.545004224306598, 7.128082538158608, 4.394126489873893, -1.2009265294525044, 2.496290515425288, 3.836000422628266, -3.863839519865349, 12.079587030074368, 3.059043317098495, 0.7687361066488156, 2.3360492800659363, 7.184530796693872, 4.2767767516582325, 2.557418168409041, 0.006409959043036206, 0.9112486400862094, 4.573760814564084, -2.772214951879317, 1.427735827371442, 1.9617758080146008, 3.0045931665301446, 1.365193162037135, 0.587316494492006, 0.2604690875237021, 4.0067858480722, 0.5239009552107725, 5.469605502293005, 2.8120715018425892, -0.5747603524424507, 2.489677377825335, 1.3494242456932826, -0.9712510313838894, 2.9902335808799996, 2.0622605363112023, 4.248874051274253, 3.8821309070394916, 0.4006087282410844, -5.973236966248301, 3.124373160542549, 2.3700087030431596, 1.2106868159643125, 1.3699618937996485, 4.084652832694438, 6.297196118801724, 0.6079335685034275, 8.559659273688688, 2.6207718626572722, 0.44428744378503127, 1.0093791094662068, 1.812790016796789, -0.8651690495679589, 1.1512373406806766, 2.3185534952590316, 3.8419152717657656, 4.669969500137851, 5.8798785599528065, 3.0323412264967278, 0.8453478050142864, 3.2969606140962573, 3.4505516872948383, 3.752642714730427, 13.995323588480717, -0.14591375230460013, -0.8643297742300304, 1.6915746257167479, 0.45704019241168403, -1.4565268685571024, 3.18914410819095, 7.420364936342358, 3.6496849567907796, 4.5631276573915915, 1.6888046499134484, 4.124789387931607, -0.7797053728617871, -0.5024070564611489, 5.721876612843014, 3.1334642486580395, 7.489270081759257, 4.437759023914513, 2.231185452250073, 3.081642249713726, 0.9743114543695712, -0.5914530682062655, 7.561553240572129, -5.94600370150561, 1.1072922809252885, 4.01213338905958, 1.618990798743829, 4.787414923175882, 7.314884329981004, -0.2514073722296142, -0.5289571346197586, -6.2796330648800875, 0.05449309694562077, -1.3129343232837072, 1.228859076991708, 0.20881874366762654, 3.8942401366210797, 1.3388415241418272, 7.192037300182257, 2.4280688392412726, 4.602822861259194, 1.241448402365298, 3.2560364825143173, 2.675855324001605, 2.569156068403041, 7.520364691102534, 8.607511513786585, 0.6571485538846329, 3.6904889860739716, 1.7146715477713692, -0.3781764149850324, 2.7673249339606496, 0.5767486260981887, -1.6323285931912141, 8.003700200619225, -0.014842543182148837, 0.9105121838334966, -0.3035023127455525, -2.012132690339491, 5.316605837897875, 1.4462786719351017, 5.57581321871044, 3.531328532148153, 5.440242651121087, 1.732026282356713, 1.7519641618322024, 2.6284772949824924, 1.872462456126021, 0.9148337512621609, 4.90689330177389, 6.25149358150443, 2.6827176821389562, 2.5547593369971677, 0.8952094948409179, 0.015441766726411732, 4.168725963725288, -1.3426930983016407, 2.8346788027872205, 0.0798316533182617, 4.5388150542750125, -0.7152408374578698, 5.518214375747172, 2.572790625141085, 0.459289482511263, 1.78813687084255, 7.407560713897075, -1.3281082309519916, 2.186085834363679, -0.35767328960612543, 8.956341908157066, -0.8156372528142843, 3.8260142215267914, 4.895938198036193, -0.6259993152370167, -1.9754245684331848, 1.8205146565621106, -4.106531740996399, 0.7019349061603544, 8.332194605153488, 1.9077636977625136, 11.524568532550852, 7.853771819833003, 5.8920209870061955, 6.948335098155335, 6.486342313796509, -0.5252360786227315, 0.039412424962884884, 1.457452781556786, 1.4832804975386096, 4.842521156582459, 9.004419292151665, 0.4562844970106372, 4.812064018654588, 0.5626193947352296, 3.0925968917953814, 0.6190227615903523, 1.2793693410330471, 2.3967268460152056, -0.4761538012742812, 1.763239677336933, 3.3762419274747826, 3.749344505613393, 1.0102677995347502, 1.2510927948400667, 1.821619476566466, -0.737722814738258, 5.500512989311915, 5.418964497749028, 2.278451031847138, 0.03125720205224658, 4.690470998292536, -0.21690101984139787, 0.8785073255568197, 8.800891227000301, 0.9368147299839076, 3.224320636850151, 4.398227480114187, 2.956293294301193, 2.2744405337907296, 0.6428976017465349, 4.934928454826534, 2.1169150195386663, 1.202759364212325, -0.9966703011584706, 1.1664662568552557, -1.3717743837692682, 2.592495836853154, -1.5406597770524724, 0.6793112873830918, 2.535708012280969, -2.264432557081666, 2.2494319477515106, 2.7380475764293424, -0.3412144838830806, 8.450257837266266, 2.4053666730475642, 1.2753892247098966, 0.48887548996537444, 1.5178429561103317, -5.256142690156398, 2.6723163189975043, 1.4254747007393287, -4.154523353260728, 3.2575443624085274, 5.1293881482598955, 1.8981950666530145, 4.095681972678618, -0.42291553573093044, 2.2682629434215142, 2.10262515769354, -2.1204867467893167, 3.9311286462074437, 4.207866198893788, -0.11150959594043686, 1.4527158690096957, 0.84070399538276, 1.602573127523745, 5.810914151290241, 5.45658790699525, 4.126386155058873, 1.488385979111564, 0.5261547792797225, 6.248403122906671, 1.7832038286035354, 6.3415006181529865, 9.312013014095617, -1.3049988632180525, 4.915246835082701, -0.22948421881919812, 4.833885601631156, 0.6964300006021968, 5.859602385904177, 1.1114892667617147, -4.48036730710697, 2.041498498252147, 1.2291663343334376, 6.997906334741607, -2.973044205108953, 2.458607287153918, 2.105510248827385, 5.167683560743775, 2.91302871665624, 0.2843275804783265, 6.126397111175995, 2.5160744667127823, -1.0004028227835131, -4.830186358017887, 7.370168043333614, 4.526522010009316, 6.458826477731158, 2.1028799140025574, -0.2611710205554538, 4.734798182155592, 1.8606724248517472, 2.2405023230545633, 5.09777162000883, 1.375316449148019, 1.438252857544475, 3.403076551821797, 1.5448730585959356, 1.1458648052663025, 4.533227754969249, 5.2719492163991255, -1.0399670555400387, 1.89077318075506, 10.448584190180668, 8.395331241121003, 1.4768834759600906, 0.681349328619461, 4.58050360575816, 5.920009026988564, 4.4103684400756595, 2.768998175001027, 1.2080417347887011, 5.22510788425493, 2.7013455645099045, 2.9105017381449696, -2.6052771038467415, 0.9612555171715125]"
0.75,8000,0.6862682684969879,0.6862682684969879,0.016620397567749023,0.33054940812984596,"[2, 2, 3, 4, 3, 4, 4, 2, 2, 2, 2, 2, 5, 3, 3, 3, 4, 4, 4, 2, 2, 3, 3, 1, 3, 3, 2, 5, 3, 2, 3, 3, 2, 3, 3, 2, 3, 2, 2, 4, 1, 3, 1, 2, 3, 4, 3, 5, 2, 3, 2, 3, 3, 3, 2, 3, 4, 3, 4, 5, 3, 2, 3, 4, 3, 5, 2, 1, 2, 5, 3, 2, 2, 3, 5, 2, 2, 3, 3, 3, 3, 3, 1, 2, 2, 3, 2, 2, 4, 3, 2, 2, 3, 2, 2, 3, 2, 3, 4, 2, 3, 2, 1, 3, 4, 2, 1, 3, 3, 2, 3, 1, 4, 3, 3, 3, 3, 2, 1, 3, 3, 5, 3, 3, 3, 3, 2, 3, 4, 4, 2, 3, 1, 3, 3, 1, 3, 4, 4, 3, 2, 2, 2, 3, 2, 2, 2, 2, 1, 3, 2, 1, 2, 3, 1, 2, 2, 3, 2, 2, 3, 2, 2, 1, 2, 2, 2, 2, 2, 1, 1, 4, 3, 1, 3, 2, 3, 2, 2, 3, 2, 2, 2, 2, 3, 3, 3, 1, 3, 4, 1, 2, 4, 3, 4, 3, 1, 3, 2, 1, 2, 3, 2, 2, 1, 2, 2, 2, 3, 3, 2, 2, 1, 2, 2, 4, 3, 2, 3, 3, 3, 4, 3, 2, 4, 5, 2, 3, 3, 5, 3, 1, 2, 3, 3, 1, 2, 3, 3, 2, 4, 3, 4, 2, 3, 1, 3, 2, 1, 3, 3, 3, 2, 3, 3, 3, 2, 3, 2, 3, 2, 2, 4, 3, 4, 2, 3, 5, 2, 2, 3, 2, 4, 3, 4, 3, 2, 2, 5, 3, 3, 2, 2, 3, 2, 2, 2, 3, 4, 1, 3, 2, 2, 5, 2, 1, 4, 2, 2, 1, 2, 2, 2, 3, 4, 4, 2, 2, 1, 2, 1, 4, 4, 2, 5, 2, 4, 1, 2, 2, 5, 2, 2, 2, 3, 4, 5, 3, 4, 2, 4, 2, 2, 3, 2, 1, 3, 4, 2, 3, 3, 2, 3, 2, 2, 2, 2, 3, 4, 3, 3, 4, 1, 2, 5, 2, 3, 1, 3, 3, 2, 2, 1, 3, 1, 2, 2, 3, 1, 2, 1, 3, 4, 1, 3, 1, 4, 1, 3, 2, 2, 2, 2, 4, 3, 4, 1, 3, 4, 1, 2, 4, 2, 4, 1, 2, 2, 3, 3, 2, 3, 3, 2, 1, 3, 3, 2, 2, 3, 2, 2, 2, 2, 2, 3, 2, 2, 2, 2, 2, 5, 2, 3, 3, 2, 2, 2, 2, 3, 2, 3, 3, 2, 2, 2, 3, 2, 4, 3, 3, 3, 4, 3, 3, 2, 4, 2, 2, 3, 1, 2, 2, 2, 1, 2, 3, 2, 2, 3, 2, 2, 3, 2, 4, 2, 1, 1, 2, 3, 2, 1, 2, 4, 3, 3, 5, 2, 2, 2, 4, 3, 2, 3, 3, 5, 2, 2, 2, 3, 2, 2, 2, 3, 2, 2, 3, 1, 3, 3, 3, 2, 2, 1, 2, 3, 3, 5, 2, 3, 1, 3, 2, 2, 2, 3, 4, 3, 3, 3, 3, 3, 2, 1, 3, 3, 2, 2, 1, 3, 2, 3, 4, 3, 3, 3, 2, 3, 3, 4, 3, 2, 2, 2, 2, 2, 2, 2, 3, 3, 2, 3, 2, 1, 3, 2, 3, 3, 3, 3, 2, 2, 3, 3, 3, 5, 3, 4, 5, 3, 3, 2, 3, 2, 3, 2, 1, 4, 2, 2, 3, 4, 4, 2, 3, 2, 2, 2, 3, 3, 2, 4, 3, 3, 1, 2, 2, 3, 4, 2, 2, 2, 2, 4, 2, 3, 3, 4, 3, 2, 3, 1, 2, 3, 3, 1, 4, 2, 3, 2, 3, 4, 2, 3, 2, 3, 2, 3, 2, 3, 3, 2, 3, 2, 3, 3, 4, 2, 3, 3, 3, 5, 2, 1, 2, 2, 3, 3, 2, 2, 2, 2, 4, 4, 2, 2, 3, 3, 4, 4, 2, 2, 1, 2, 2, 2, 2, 2, 5, 3, 2, 1, 1, 3, 2, 3, 2, 2, 3, 3, 3, 1, 3, 2, 2, 2, 1, 2, 2, 3, 2, 3, 2, 2, 3, 4, 3, 2, 3, 3, 2, 3, 3, 3, 1, 3, 3, 3, 2, 2, 5, 4, 4, 2, 3, 3, 1, 2, 3, 3, 3, 2, 2, 3, 2, 4, 2, 3, 4, 1, 2, 5, 2, 4, 2, 3, 2, 2, 2, 3, 2, 4, 1, 2, 2, 2, 3, 1, 3, 3, 2, 1, 3, 3, 3, 3, 3, 2, 1, 1, 2, 2, 2, 1, 2, 2, 3, 3, 4, 2, 4, 4, 2, 2, 2, 4, 3, 2, 1, 1, 2, 3, 3, 2, 2, 3, 3, 3, 4, 2, 3, 4, 4, 2, 3, 2, 2, 3, 3, 3, 1, 2, 3, 2, 2, 3, 1, 4, 3, 3, 3, 2, 2, 2, 3, 2, 4, 3, 2, 2, 3, 4, 2, 1, 3, 2, 2, 2, 2, 2, 3, 2, 3, 2, 2, 2, 4, 2, 3, 1, 3, 2, 2, 2, 3, 3, 2, 4, 3, 1, 3, 3, 3, 3, 4, 2, 2, 2, 3, 3, 4, 2, 2, 3, 4, 3, 4, 1, 2, 4, 2, 3, 2, 2, 1, 1, 1, 3, 2, 2, 5, 2, 2, 3, 3, 2, 2, 1, 3, 2, 3, 3, 3, 4, 2, 3, 3, 3, 3, 2, 3, 2, 3, 2, 2, 2, 3, 3, 2, 2, 1, 3, 1, 2, 2, 2, 1, 3, 2, 3, 2, 3, 2, 2, 3, 3, 4, 2, 3, 3, 3, 2, 3, 3, 4, 4, 3, 1, 4, 3, 2, 3, 2, 3, 3, 2, 2, 5, 4, 2, 2, 2, 1, 3, 3, 2, 1, 2, 2, 2, 4, 3, 4, 2, 3, 3, 3, 3, 3, 2, 2, 2, 2, 2, 2, 1, 1, 4, 2, 2, 2, 2, 3, 3, 3, 2, 2, 3, 3, 3, 2, 2, 2, 3, 3, 3, 2, 4, 3, 2, 3, 2, 3, 3, 3, 3, 2, 1, 2, 4, 2, 2, 2, 5, 3, 2, 1, 2, 2, 2, 4, 2, 1, 3, 1, 2, 3, 3, 5, 3, 2, 1, 2, 2, 4, 2, 3, 2, 1, 2, 3, 1, 1, 1, 4, 2, 4, 2, 3, 3, 1, 1, 3, 2, 1, 2, 3, 4, 2, 4, 2, 3, 3, 4, 2, 5, 3, 3, 3, 2, 2, 2, 3, 3, 1, 3, 2, 3, 2, 2, 4, 4, 2, 3, 4, 3, 3, 3, 3, 5, 4, 3, 3, 3, 2, 3, 4, 3, 2, 3, 1, 3, 3, 3, 3, 2, 2, 2, 3, 2, 4, 1, 3, 1, 3, 3, 3, 1, 2, 2, 2, 3, 2, 4, 2, 1, 3, 2, 2, 2, 1, 2, 3, 2, 3, 2, 2, 1, 1, 2, 2, 5, 1, 2, 1, 3, 4, 2, 2, 3, 2, 3, 3, 4, 3, 1, 4, 2, 3, 3, 3, 3, 5, 2, 2, 2, 2, 2, 3, 2, 4, 1, 2, 2, 3, 1, 2, 2, 2, 3, 3, 2, 3, 3, 1, 3, 3, 1, 3, 2, 2, 3, 3, 2, 3, 1, 4, 3, 2, 3, 2, 4, 2, 1, 2, 3, 2, 4, 3, 1, 4, 4, 3, 2, 2, 3, 4, 4, 4, 2, 3, 2, 4, 1, 2, 4, 4, 2, 2, 3, 4, 2, 2, 3, 2, 2, 2, 3, 2, 2, 3, 2, 2, 2, 4, 4, 2, 1, 4, 3, 2, 3, 4, 2, 1, 3, 3, 3, 4, 4, 3, 3, 2, 2, 2, 2, 5, 4, 2, 4, 3, 1, 2, 4, 2, 1, 2, 3, 1, 3, 3, 4, 2, 2, 1, 2, 1, 5, 2, 4, 1, 4, 2, 1, 2, 2, 2, 3, 2, 3, 3, 2, 2, 2, 3, 2, 3, 4, 4, 2, 2, 3, 3, 2, 3, 2, 1, 4, 4, 1, 3, 5, 2, 2, 2, 2, 3, 3, 3, 3, 2, 1, 1, 1, 2, 3, 2, 4, 4, 3, 2, 3, 2, 3, 3, 2, 3, 1, 4, 3, 2, 1, 3, 3, 3, 2, 2, 3, 3, 2, 2, 4, 3, 4, 2, 2, 2, 2, 3, 1, 2, 3, 3, 2, 4, 2, 2, 2, 2, 3, 3, 2, 2, 2, 3, 4, 2, 3, 3, 3, 2, 1, 3, 5, 2, 2, 3, 3, 2, 2, 4, 2, 3, 3, 4, 2, 2, 2, 3, 3, 2, 2, 2, 2, 3, 1, 2, 2, 2, 2, 3, 2, 2, 1, 3, 2, 2, 1, 3, 2, 2, 2, 3, 3, 2, 1, 2, 3, 2, 3, 2, 3, 2, 2, 2, 3, 2, 1, 2, 2, 2, 4, 3, 3, 3, 2, 3, 2, 3, 3, 2, 2, 2, 3, 3, 5, 3, 2, 2, 3, 2, 2, 2, 2, 3, 2, 3, 3, 3, 2, 4, 3, 4, 2, 2, 1, 2, 2, 1, 2, 3, 3, 2, 2, 3, 1, 2, 3, 3, 2, 1, 3, 3, 1, 2, 4, 2, 3, 2, 3, 2, 3, 3, 3, 2, 2, 2, 2, 3, 3, 2, 4, 2, 2, 2, 2, 3, 1, 5, 1, 1, 2, 3, 3, 3, 1, 2, 3, 2, 2, 2, 3, 2, 3, 3, 1, 2, 4, 2, 3, 3, 5, 3, 3, 3, 3, 1, 3, 3, 2, 2, 3, 4, 2, 3, 3, 1, 4, 3, 3, 2, 3, 2, 1, 3, 3, 2, 4, 2, 3, 3, 2, 1, 1, 2, 2, 5, 4, 3, 2, 2, 2, 1, 2, 3, 4, 2, 3, 3, 2, 2]","[2.272501821439782, 2.129234189295753, 2.7006580469184374, 2.4666589242493973, 2.453372053152486, 3.037936807807061, 3.9199475261834005, 2.027014231564595, 2.5339977078248004, 2.4686343577920487, 2.0218431914031187, 1.9381525146473615, 3.77343959213904, 2.7708977728789215, 2.4764766686695574, 3.0078424369881174, 4.812200585312308, 4.724545275408518, 2.4524068032050783, 2.575560561715363, 2.0113210205329266, 2.2689649766131583, 2.9684693444393435, 2.3486780231581195, 2.7875751698009212, 1.9978453689146265, 2.828947357496556, 4.6056104929854556, 2.606881720709648, 2.789127980060448, 2.48436021500211, 2.4579504023006513, 2.360293331117124, 2.427337141235085, 1.919989768920065, 2.7177132824767587, 2.118309345573485, 2.6563247525818445, 2.217649867318113, 2.210759559310065, 1.9271223153766972, 2.1009363814614166, 3.6869557737987138, 3.229304897495519, 2.2569495902279852, 2.7236111511430945, 2.8563732178106367, 3.618824433390775, 2.1904373121996445, 2.3059720853681247, 2.197632166557464, 2.596401445209855, 2.297873101714298, 2.9166475743140334, 3.2423241711681623, 2.515076436174389, 3.6893536691759756, 2.267656850424197, 3.186152846492463, 2.033672046437677, 2.3568920929363264, 2.464223673513938, 2.5560779927733055, 2.8902700213105996, 3.312128583853319, 3.2102143476040594, 2.0741964253273286, 2.009707568181465, 2.4664154435611474, 4.779598630553558, 2.122188489535755, 2.140901196581511, 2.5314467654485404, 2.7571059676109555, 3.65974009278378, 2.3412912679226126, 2.211206765083096, 2.374886092293585, 3.9534372687211414, 2.495613737609726, 2.4961170807500537, 2.3749828139305227, 2.1948049297468137, 2.264129108261592, 2.1304837285049447, 2.3946803710546978, 2.03327633684341, 2.234440558233301, 4.261063382570915, 2.150953317577791, 4.243071121565789, 2.173811294258149, 2.4537888105749914, 2.293235775565926, 1.8693011246093856, 2.276586632897811, 2.1312314482398094, 2.6052637539940333, 2.971281194298321, 2.266631243080335, 2.492299123893841, 2.753765476415912, 2.2743720579400426, 2.4114068219078573, 2.362861343702484, 2.31861296011507, 1.8754433546616442, 2.095518064119003, 2.766673903507795, 2.491106361120871, 2.2168818463351445, 2.5376917456458115, 4.4877897375505365, 2.89620703227567, 2.4192392584023734, 2.1047199768948492, 2.494675965316455, 2.3128138153309257, 2.663736748675561, 2.4130954407433136, 3.12009434216968, 3.0554275220480345, 3.262356020190031, 2.986383866221842, 2.142200862579517, 2.3858021747113862, 1.938660468262131, 2.3329070949881965, 4.3171142412525905, 2.883167284700056, 2.237120836853525, 2.2902786019369374, 1.9579083904991212, 2.4843531840445254, 2.1693054533445957, 2.2982703488512124, 1.9610604328763817, 2.716414628267543, 2.610657650673613, 2.2737955988301435, 2.181966493703985, 2.166798364194434, 2.5004187284792567, 1.946813135684953, 3.859141440867476, 2.358860467243455, 2.4775980117510468, 2.0496756854721165, 2.5011863634565477, 3.127194669434255, 3.0100507825596075, 2.097083680195881, 2.2521039272396695, 2.1635521796790003, 2.4141197536612293, 2.7854146058689713, 2.7804838952079205, 2.419721573035596, 2.061182712545845, 2.5155379981775283, 2.241621299290267, 2.5224740059569406, 1.9925018550165565, 3.44745437518525, 1.9804122465728562, 2.7354370204949117, 1.979718470623697, 2.336314664685852, 2.135026200065848, 2.3835503958569846, 2.947176625510113, 2.511020554801301, 2.4536002249313014, 2.057885797145648, 2.4240832314508327, 2.7766957127348797, 3.1168555753203444, 2.2146456322667296, 2.656983230318142, 2.187063281523464, 2.2577518899916758, 4.25873230061419, 1.853137669506738, 2.3560097460647893, 3.8641015769953504, 2.4739415709031345, 2.420637653682987, 2.3096960079370703, 2.1216161103629103, 3.7557469533988423, 2.352717528263476, 2.655985391061062, 5.021101834115822, 2.5225351435909706, 2.0772014256890348, 2.81316362973008, 2.1658383595592565, 2.171877794240751, 2.1861656529476186, 1.9605230665931903, 1.835047276924797, 2.32223670923175, 2.213364059096487, 2.001743635366473, 2.3774004797262287, 2.112126238287107, 3.1826851963771183, 1.9254209400357043, 2.3272423049563447, 4.32779769864242, 2.0061659125653915, 1.9907196505398055, 2.2003143625195674, 2.2578117249885685, 2.357869038137597, 3.3645816878114134, 2.149762386080718, 2.058082762809204, 2.1558210379344294, 2.4152481093399807, 2.5015307245193616, 2.5275974950693922, 2.080542102442173, 2.19509245735579, 2.1938786311027374, 4.094250916569266, 3.886854666359455, 1.9318853830923686, 2.796417522495772, 4.619208866046709, 2.3328565153084266, 2.323077487266302, 2.221507599801873, 2.212629116352869, 2.676690734918325, 3.171837327555604, 2.287286239144204, 2.707781167170424, 2.3493541633119204, 2.297754706243637, 2.7392697014929186, 2.4707095355947013, 2.4454537527639184, 2.4847562884551184, 2.6655899596015287, 2.4467069599101805, 2.956784415812757, 2.2775049654449173, 2.2309238716831836, 2.037476087704502, 2.3767236547145556, 4.107710237737713, 2.4810326178639985, 2.7743846367291614, 2.059158665642744, 2.494268942731349, 3.0239425494531442, 2.5056068063604346, 2.2241611797326675, 3.7789928027599524, 2.4919004689457913, 2.3759524689707057, 1.9703231847598575, 2.370206480524152, 3.561049133618377, 2.507345249795011, 1.873228779703876, 3.778539601218256, 2.44317935414146, 2.3072618855700786, 2.33170181598053, 2.318874658665126, 2.6643886678886237, 2.1863007676098176, 3.7153115683991658, 3.156599810988122, 2.2951715371297308, 2.620246600030451, 4.669668383437424, 2.421841627705868, 2.424178158220461, 2.5241504342614776, 3.0375825586007514, 2.267832985707704, 1.989508434512218, 2.831866368328787, 2.7827847004883908, 3.012963854526709, 2.937205426459274, 2.5839549037317484, 2.6494050593479015, 2.1531604061811267, 2.7824981017888577, 4.129068742930269, 2.201168782833919, 2.3276982937097994, 4.189697736163774, 3.3136181816887147, 2.3635452729393234, 2.335803317634634, 2.0996708654234766, 2.137672082275177, 2.0014263750356145, 3.1169128282149297, 2.3661752003494048, 2.92197669310244, 2.7179957755555875, 2.108871707424277, 2.3984077803445762, 2.1263254705212087, 2.995435621102335, 4.702033112457888, 3.9009829242915135, 2.1007118680778056, 4.334889631500865, 2.419086352042353, 4.589574545489343, 1.972441920783783, 2.9367552443612928, 2.188649598050028, 3.950402018180037, 2.9523400627375893, 2.2392734793233116, 2.3262219876919845, 2.357830669138114, 2.668682780628856, 3.2265465774095543, 2.2457868665188236, 2.6196937961773825, 2.434955172011546, 2.835041533907369, 3.9563250725821284, 3.2088436460564376, 2.312881889045277, 2.1784215133120477, 2.3104596598658755, 3.484172525350311, 2.6935376168142873, 2.1349596262567596, 2.7805703264286126, 2.2767680321339396, 3.17796995182852, 2.473177601496772, 2.1028137029084886, 2.6813394912641546, 2.4757448008250793, 2.345565792077153, 2.095423133932626, 3.885250900661262, 2.369333713163357, 2.565871037553509, 3.2722903784371966, 1.9157945254848028, 2.5803050468533213, 4.106090116275992, 2.3845808227646836, 2.125750773524181, 2.239265468591534, 2.3863965142242334, 2.1993006534714397, 2.287835819531607, 2.1714830874856452, 2.2762910570094688, 3.161113015781538, 2.596764019792519, 2.122913884102598, 2.6172794919888953, 3.2287709855415114, 2.374535619119829, 2.1301730507230996, 2.4052408952573896, 3.5347951528789685, 2.9082135256578834, 4.003494916472526, 2.5465782393669314, 2.387922600443762, 4.538355659235192, 2.355930764552542, 2.4615562809189377, 2.0579734242123227, 1.931922982181709, 2.2846399890672586, 2.4627451980451354, 2.426894309723302, 3.5854676002373473, 3.5658583744029215, 1.9170691010000651, 2.2247436958588027, 3.011061858885931, 1.9340886671773032, 2.4390544558360188, 3.8413634482592354, 2.1111334653260534, 3.4784283111620375, 2.636103429060324, 2.5014187927844698, 2.5138995506332296, 2.4148480528384875, 3.5612071527789277, 1.9842059276238495, 2.4783566229197618, 1.9037882651364346, 2.2964530299964188, 2.028806742805206, 2.3066226012524353, 2.284467284044379, 1.8635977684666747, 1.9941121144688394, 2.3835333256478846, 2.3374725697541066, 1.9178457954546781, 1.928671062964816, 2.413534740218725, 2.414568112391702, 2.1941238139719337, 2.419093937888898, 1.9770093840159495, 2.2522035576284725, 2.804114959793033, 2.401586688143492, 4.530090437738642, 2.165308537091345, 2.3683340798684944, 1.8735757846646255, 2.5374237849537464, 2.9670342599022765, 2.1327381339475653, 1.9552039452124812, 2.6307008417167093, 2.267007401290917, 2.5239550863556186, 2.055836433918003, 2.36479702093872, 2.314731920372907, 2.305044823799909, 2.3940836633204325, 2.5280571911876395, 2.9455309156171174, 1.9289259780678687, 2.183196574807982, 2.0115039902884018, 4.531088614490182, 2.011602060617756, 2.13375788362939, 2.3176638119256268, 2.46182259346501, 2.062782760021734, 2.3601646804557332, 2.0709331769929515, 4.056442930231576, 2.1838957147500406, 2.3909287086697324, 2.2563587443743938, 2.9510041017169963, 2.0599997697510486, 2.973661338261467, 2.443789976512266, 2.298279372659788, 2.9082914349746134, 2.1690204255066354, 1.7580781897242674, 2.252164117040738, 2.420757456727383, 3.263050203699568, 2.2149221696303742, 2.04080327234019, 2.1636372300878532, 2.206283367055865, 2.352235234134457, 2.4378136521314997, 2.1772106665725484, 2.9016616275623606, 3.732648555299286, 2.1871614597037246, 2.2108373581723457, 3.3883665131875875, 2.593037187775938, 2.293172046790163, 2.2557780942308003, 2.427926187656472, 2.318213118995479, 3.191375253544422, 2.4040300931526977, 2.3708433331740535, 4.773298956336298, 1.962857612748052, 2.229131701585187, 2.64447540602848, 3.62754665130073, 2.6695621297163137, 2.6036922423711877, 2.0039872296787973, 1.9272707815510013, 2.310948392179588, 2.2924311997719165, 2.626932544970214, 2.9605260523795125, 2.2777707809478804, 2.19426319051802, 2.4390388579420503, 2.2216937082798536, 2.238117736989983, 1.9124023517233735, 2.5461079522141907, 2.0260901643160296, 2.459608793950375, 3.735223993576568, 2.3187779721211292, 2.310813761283941, 2.1844199843307512, 2.196776583381793, 2.2123451372604532, 3.079716851096608, 2.0072105646488643, 2.258626453640252, 3.074904518951228, 2.5968230400070613, 1.9770505536513516, 2.397501871743417, 2.463477526221332, 2.268964216112307, 2.6581141962223587, 2.5454750622133973, 2.424952261533341, 3.104127470104765, 1.9634567770389977, 1.9608018799871538, 3.0812631873537986, 2.4043259767557617, 2.077495114985806, 3.12329547432886, 2.4461736885503957, 1.901599375791298, 2.374191873602602, 2.236569355168378, 2.1040004391268834, 2.92030246618227, 2.4475459589818067, 2.2677482929439705, 3.3568948984614364, 2.563356673881604, 2.1005631129189677, 2.3091144828582317, 2.230434654907149, 3.2389948573651925, 2.1386143131131945, 1.9676806047210855, 2.681069792219957, 2.976024061783408, 2.3252783243364226, 2.283955737173416, 2.7585779116455056, 3.047567610926478, 2.9616152137557776, 1.9866584593504915, 2.13534309229169, 2.435502390629735, 2.4980788820500353, 2.3634417918811597, 2.299431197764273, 2.2652349447150053, 2.3997160356192335, 2.598491189204316, 2.8110041288053256, 3.408927573175581, 2.4377853260376816, 2.1643795953716847, 2.472212706255891, 2.595532242632693, 2.022584038421365, 2.2283974930738197, 2.457319266346723, 2.536257323813796, 2.1713523275261615, 2.4202048130012983, 2.5012226906354518, 2.504118177309256, 1.9464915108721124, 2.437135725971624, 1.8741521083762651, 4.552131756377001, 2.6750081622508484, 2.660355942911172, 2.225246275938807, 2.194630768993817, 2.4486467539944985, 2.1115620614395647, 3.260173611668119, 1.9272019763464012, 2.488450048031672, 3.980803564038074, 2.1776828976893126, 2.337089842295352, 2.223067503782598, 2.820134049497684, 2.047113447280977, 2.0997089311919144, 2.16271460148195, 2.181780316565419, 2.12778326626679, 1.9521101954359246, 2.536124580930192, 2.308900441467724, 2.0856752704341583, 2.1477104433543084, 3.057511300194501, 4.758551617590147, 2.0753942295410206, 2.2205400642822806, 2.4657522498669358, 4.305517618796591, 2.293538487250801, 2.066043481302782, 1.9103696134479673, 2.1036092971625875, 2.583266193988929, 2.9473532846136536, 2.1136134418638894, 2.7535251816813413, 2.1672024037444126, 3.9810508376974365, 3.285322100221316, 2.4653885295012623, 2.944106743873572, 2.1238491077437693, 1.9640958610844101, 2.6342671883765436, 2.763362436504528, 2.4569294398271095, 2.810896181761652, 2.2852417972561394, 4.398311139183693, 2.7541509005439426, 2.1079841760355955, 2.778331982955515, 3.9529042582960976, 4.60084172387093, 2.1208835555153867, 2.815966048317754, 2.178379233711279, 3.075503644962708, 1.8501384339973863, 2.3477413066976127, 1.9735606776655854, 2.136902215902375, 2.6299845714054793, 2.536936499641491, 2.244663223381237, 2.317396963344102, 2.1839590440868206, 2.032117704841948, 3.1766859771355476, 2.6580491695418536, 2.790522911365186, 3.961606991841512, 2.18562286497328, 2.308912371424622, 4.331982491151977, 3.457827388896856, 2.349399648875308, 2.741984824251978, 2.203125501447371, 3.0976483071803314, 2.4668376913353853, 2.3336390822440394, 2.145367287313767, 2.810569581327732, 4.0874885364367355, 3.553489035333709, 1.8879899573900085, 3.3125893672339775, 2.148479844468485, 2.9314561715273424, 2.7398658710985915, 3.1977711368738957, 2.783266970486806, 2.7409506529787735, 2.616577074360427, 2.332651028806544, 2.86577539781333, 1.9798669367980009, 2.8367118932104747, 2.0655469956704593, 2.2572479063619513, 2.322555353110565, 4.136848607041628, 2.06566250407653, 1.8910272717312386, 3.2012592261137467, 2.299890017067142, 2.317950591416561, 2.055246191102578, 2.6770251492285406, 2.103446795387441, 2.8958028709553605, 2.0994615601415423, 2.439626597464885, 2.10338529800719, 2.5152716055501636, 2.2152907611829695, 2.195108779446848, 2.3114916050391594, 2.15542273308591, 2.0733461848548966, 2.039795928941052, 2.033991489282964, 2.110442824815225, 2.4491807927657088, 2.3363290800346794, 4.351742429675145, 2.263592422618929, 2.371768573188493, 3.006641320143971, 2.4879742746408997, 2.490561788190954, 2.036243049692258, 2.507596271119193, 2.8716416095745534, 2.3582117342135094, 2.1353300051310753, 2.0390991844406767, 2.290492637809593, 2.5902503386704274, 2.2684264599319985, 2.1710850450199777, 2.611720930102181, 2.5507533350904104, 3.2692308113475055, 2.403109999305926, 2.6734296697954383, 4.702851160367583, 2.85045260676921, 2.8810038770504263, 3.602532377884221, 4.550487997136342, 2.249604058804554, 3.059551165175768, 2.3839351996219937, 2.197235682703135, 2.2367840293852574, 3.612950530255464, 2.2904059887267754, 3.0080934040308005, 2.201570528215518, 1.942155433740175, 3.261681338397639, 2.12061229571597, 2.128858075719978, 2.1028248000590555, 1.9365552675699909, 2.6154050992056552, 2.3339208093319144, 2.5842720814205493, 2.4980195775556044, 2.447633926015201, 2.564339105808207, 2.180389466520557, 3.9015221701303027, 2.9727083862433994, 2.1505390805353306, 2.042793658567628, 1.9718790926286571, 2.0559786424339754, 2.7661191409417514, 2.9817380546829204, 3.4653042635292897, 2.187002137764317, 3.276181736503678, 2.2160009621320476, 4.521287778711204, 4.242022318838446, 2.162109558362626, 3.1262436528796966, 2.86552146034059, 2.2255733656571306, 2.3239776788292623, 4.025429776710689, 2.1774989196942602, 1.7409988778197514, 2.1494977532277213, 2.786326629184615, 2.080072420435877, 2.302086489550455, 1.9989366795647627, 3.8216242813174173, 2.42570010830767, 2.7520108024983956, 4.320770515695364, 2.7662273557699852, 2.458471537863502, 2.9721371605225833, 4.309064913003835, 2.13608530719091, 4.108787401060983, 2.2878246089623273, 2.342807748267118, 2.187449990847633, 2.350335709904136, 2.0619218079111175, 1.9219841828307958, 1.909892425898681, 2.6153481434169983, 2.3437509729933756, 2.303941471317954, 2.407715459645945, 2.486013470291071, 4.048417543223028, 2.395475185884427, 3.135393050970633, 2.3508741467249727, 2.631817618959857, 2.1031469733707, 2.65698710198697, 2.2093857994760673, 2.440764611316492, 3.731280249750659, 2.3099463376768807, 2.7447045159277237, 2.2755481952583345, 2.610178714435616, 3.915305258218994, 2.5901398202645227, 2.357781165538125, 2.994156127211755, 2.2930837291988686, 2.374554023537433, 2.297589648419699, 2.2582975676341475, 2.1624045819727264, 2.6275765376116773, 2.4214906843314408, 2.3754616728568676, 2.0870275471832915, 1.9614370035893876, 2.531215748636399, 2.7287491800402948, 3.0158501582878117, 2.195705410294308, 2.0171406621675745, 2.4132496993173245, 2.454066899876691, 2.069438434040495, 1.9874321968968576, 2.4536737232951786, 2.563156525468001, 2.019946166943814, 4.178146850921902, 2.1764828516202117, 2.009203885179243, 2.510850407247685, 2.315533705310264, 2.37909435706982, 3.0993857616758897, 4.267783279591889, 2.0051415991891055, 2.3607854774763144, 2.3058707033263475, 2.2213740945385756, 2.8217121267145533, 2.8862893569440304, 2.9082752843355655, 2.465425494343759, 4.210283804450824, 3.1869128060956204, 2.197283479284957, 3.1041900089664436, 3.404785783211587, 2.1539905872842136, 2.3619748527005524, 2.316867202228588, 3.4979573349410797, 2.8828566069182107, 2.648287524446138, 1.9300111189088156, 2.4777161222611883, 2.8385170710684244, 2.402731574711717, 2.0678908470728414, 2.61972110071032, 4.16509607475148, 2.1225462012974683, 2.152211983504419, 2.174657577128346, 2.6790142936687986, 2.450533576124101, 2.9073821619048297, 2.2013052202398447, 2.6740492511008482, 1.9842323579377745, 2.3794188591679846, 2.2466500404830856, 2.2031160446321687, 3.8281405841825444, 2.0425740838333137, 2.6788586513094303, 2.5407267608917543, 2.9455454642631014, 2.440372102654293, 3.3773723176257286, 2.891122136008225, 2.041270315153196, 2.5327582817805214, 2.213753673755772, 2.9279908668099903, 2.384671080665852, 2.4194064777781663, 2.1344599935431363, 2.235545301306362, 2.046802155861317, 2.1396921673146276, 3.002002119089775, 2.369070899203448, 2.3717883142579304, 2.51207039792465, 2.323606945150771, 1.928462098003146, 2.219545425692229, 2.0342362515283416, 2.2642823824892293, 2.3548356701104702, 2.4141481743202524, 2.2613029627301913, 2.096718333115595, 2.1629815103652654, 1.9969947577336344, 2.8918115486584735, 2.3646262295963942, 2.2357307039626044, 2.386530764869455, 2.812065183283411, 2.541320330140915, 2.261096601973695, 2.1031476988834354, 2.3557269736481183, 3.069555825205844, 2.355788380708149, 2.301263414551375, 4.25175623106364, 2.4985302730574386, 2.9212973784525613, 2.993155851046214, 2.203554549253628, 3.162517229068322, 2.3598780006943114, 2.164468512116881, 2.5101522055967216, 4.057297054260381, 4.2718719146743656, 2.3296650932361667, 2.4866402414207913, 2.498724839492697, 2.1697389473568602, 4.0338376517426715, 3.6822618660918187, 2.8983659394469377, 2.115955582363842, 2.0490865044656763, 2.2998767672808262, 2.0930448690318935, 3.8913600745314207, 3.9185812862714795, 2.8596042951369776, 2.451978075452282, 2.6311623279976204, 2.7558412250119084, 2.2720122914311744, 2.4963828069834024, 2.367180021948026, 3.136630279514132, 1.9324197698620065, 2.252575109610889, 4.502592469589741, 2.2395733013400534, 2.1291045003487152, 2.060946574670059, 2.666523130962224, 1.967766480134786, 2.383085055120099, 2.519021015930589, 2.2207247341175993, 2.136754184835801, 3.2825095720879527, 2.023187275030411, 3.5120460380719787, 2.72827807871247, 2.846197722040828, 3.347922348701313, 2.129846485382121, 2.8801217261348335, 2.355292223029712, 2.14825861122593, 2.7267055645775495, 2.6284001579578513, 3.1165358041513067, 4.222073285961226, 2.122953321273584, 2.7794834629025162, 2.557164246183162, 1.9104829576986404, 2.492422508536323, 2.078922596861089, 2.6604576279465935, 2.1385368512870038, 2.4292518941761116, 2.126199750138744, 2.430728685134405, 2.7710357562026102, 2.531218972499679, 3.4732192596461977, 2.8065475231162567, 2.6424557331215883, 2.8560026037657713, 4.641021791204611, 2.4332377876946327, 1.9820854948042546, 2.796440342348613, 2.4173037267043833, 2.9214642958852055, 2.3636220216355874, 3.088662128538899, 2.754336630191969, 1.912870354258855, 2.505328020751224, 2.5509295626077955, 2.238708634556456, 2.7148218995507016, 3.160256976889108, 4.115398965163887, 2.8750713114690125, 2.323256392249266, 2.185702180680674, 2.218862587232199, 2.3656758345908147, 3.8807751982895864, 2.363925470978607, 2.074036010007569, 2.5131775707924957, 2.4534739053949344, 2.185682610700558, 2.069922658937522, 2.0549542734605444, 3.1589110648268623, 2.0958232852215857, 2.6879867712815777, 2.4141511888219216, 3.0380765450450404, 2.025019064593776, 2.9862457453210878, 2.5283590453782683, 2.2989954312709036, 2.0690355325056755, 2.560158265841403, 2.5085311494980544, 2.088201482073896, 3.0423396559919285, 2.194551766296735, 2.7418943339242303, 2.098255489203378, 2.977794917911339, 2.404804233554796, 2.3825443771244847, 2.264302297731655, 3.4705138369586828, 2.31028321001912, 3.852871971806448, 2.637054301931194, 2.0987485944626925, 2.6583836192557766, 2.1415327496376833, 2.4672768770998124, 2.3335841459905655, 2.274520865855082, 2.3108740978063262, 2.4399112031537302, 2.8992016664989024, 2.7545306917034793, 2.513934429627606, 1.9957223594372102, 2.1976994679803914, 2.6755344211181975, 1.9881782994589758, 2.782007905121194, 1.969162298757578, 2.4821913376097773, 2.003354222075579, 2.248407044607594, 3.561636146445405, 3.2290604260178357, 4.383227553015367, 4.476000776365826, 2.3829848255773936, 2.3922094663769933, 2.929995916294451, 2.2318596738783736, 2.00224199616966, 2.4096728690490568, 2.118308687300863, 2.0596839483002523, 2.3733381050737425, 2.2734632289440495, 4.409564389169528, 2.426211031894127, 2.957363935347029, 2.2624508384586615, 2.7912236770966494, 2.240803405049357, 2.3656785802644933, 2.7211976571484553, 2.4625679752341774, 2.7167720601005803, 1.9758737354551317, 2.446957883605953, 1.8751764904131363, 2.706284855244381, 2.6761714904307214, 3.3701239220799626, 2.092453213700687, 2.3600218255475087, 2.169418072082533, 2.5382153868825337, 2.635716482324752, 2.1742993482974757, 2.4472848821909596, 1.894266133938412, 2.530033396874111, 2.3444527472915033, 2.0302303981325873, 2.074120702771303, 2.135078002301462, 1.9766378671264746, 2.854296308356774, 3.0174785623783893, 2.741622729780535, 2.5884772170161456, 2.1899757438339873, 1.906475272346358, 2.326847891432049, 2.2760799554397537, 2.3159332005674553, 2.1895910244922274, 2.3963381682551645, 2.5141830506637386, 2.087221652146538, 2.3305638572236287, 2.703824307490371, 3.0923297395055114, 2.3022841778858028, 2.313316152835219, 2.1555940488055807, 2.2653436696740723, 2.366776707910783, 2.6735945699357218, 2.256625825285525, 2.904564492036745, 1.9726156017942422, 2.8344440652138827, 2.2115778599282816, 2.4777278256364457, 2.6325827316769685, 1.9044558798278046, 2.327327825565869, 4.525686017111516, 2.1560317043964146, 2.5185021034044546, 2.5083352392076006, 3.0488338887809157, 2.1887553768257852, 2.2140340486296566, 2.1069746829649723, 4.201677317824476, 2.023157597403233, 1.9638659376526209, 2.4600802097089836, 2.0227889701818915, 2.2904635738202304, 2.0889481310337152, 2.849693712636253, 2.493668653488684, 1.9341734045758443, 2.231583959409328, 3.238360332791463, 3.36061797400321, 2.4136451275611512, 2.408245910103008, 2.189804696594647, 2.2910809909702428, 2.0264374425943297, 2.7361134508163176, 2.2100704487077905, 2.5360818512353407, 2.300616364408992, 2.4317947956696986, 2.5743006025458604, 3.5450280841799717, 2.085964850323611, 2.791176307368588, 3.166510025056742, 2.2693856063922992, 3.775680677366627, 2.389882659737461, 3.7845965766702423, 2.590373381482487, 4.157246411972126, 2.165686613924527, 2.125265321351525, 2.2496609245103905, 2.7044622355151375, 2.781803395907398, 2.0429171316501975, 4.806293356303746, 3.6878972189270307, 2.4257206707555543, 2.310462460264394, 2.1566907935296733, 2.1899934071766984, 3.102133258389177, 2.042679656044333, 2.226511844732949, 1.8227907784632302, 2.5267416025375584, 1.905676968694593, 4.6445844480027, 2.261396735580277, 2.5099121293072577, 3.459173891621634, 3.928665674748774, 2.6234304122303884, 2.508833237898423, 2.184380153845899, 2.709840864752059, 3.2588486265046255, 2.179383659392491, 2.303930305383482, 2.2528157995381672, 2.1032158232101077, 2.0607368291009482, 2.404056178204313, 2.2636257931269865, 2.4564210160116686, 2.2302396218904437, 2.5052432928945487, 2.187200164318826, 2.326751407066763, 2.524365235915436, 2.0213138900283787, 2.4563593841511895, 3.132694815290769, 3.0223205572970597, 2.016062694670749, 2.6448089666582963, 2.1853104801732686, 2.174074255761726, 2.1696330763971794, 2.2027978001923363, 2.9687666164275845, 2.672192391321542, 2.1890545457493515, 4.327557191677656, 3.974417465871416, 2.1597454787075057, 2.181021874969873, 1.9532989100213984, 2.031591507334172, 2.3179944049498977, 2.3427072971197433, 4.001462412219414, 4.027913569884696, 2.2958896685070327, 2.7121549332799, 2.314020860015816, 1.909450622628239, 2.278719471762692, 2.338234550333492, 2.7445546982200604, 2.377294075432288, 2.1821518780897016, 2.0843310523266387, 2.2173808485608992, 2.274688515058154, 2.3020911981116754, 3.009836112322672, 3.167693138133088, 2.4719849279934167, 2.237680259929234, 2.1578860087027345, 2.07955314698045, 4.509017322636161, 2.023871288594819, 2.3883774030256757, 1.954271867232138, 3.9044169257235657, 2.426516508308773, 1.7806603676171564, 2.589946053862663, 2.131860814535278, 2.9857844882874076, 3.0319492028807837, 2.3103263426745286, 2.172915188652534, 2.124514276840797, 2.0805812520490963, 2.191127867569698, 2.4515573219178513, 2.6801614115277093, 2.602760358907823, 2.4995882130761973, 3.313481201264943, 2.512733433245321, 2.1571622318935884, 2.297552661547701, 3.1397368835222843, 2.2691203923908865, 2.3125438876039848, 2.2066237279827394, 2.4963907585964606, 2.959697578294592, 2.283260515140831, 2.989179666548978, 2.4326693051416015, 2.3226835910321317, 2.8952515050202527, 2.131218060451692, 2.5054547142803245, 2.3583035585275, 2.533999334761674, 2.9978910302191264, 2.051607899095166, 2.738487062250534, 2.383331238920684, 2.2014706632562544, 2.1649378008093105, 2.594410316159965, 1.8598298045996802, 2.370103579536159, 2.463435292993784, 2.437449007958643, 3.3518543212768357, 3.5510579398440196, 3.518467420655394, 1.9209855310413637, 2.7377353636237736, 2.6769554473942447, 1.997639248986282, 2.4139418485518718, 2.2380506388035495, 1.9919596285087815, 1.9249236726128696, 4.668058724322114, 2.198467102957682, 2.366037980413127, 2.440630281048347, 2.2131435432452733, 2.2588404002432934, 2.4074990503611065, 2.3857431500131674, 2.11517552096235, 2.5212403989416896, 2.2184044583491245, 2.1857797221297877, 2.1185585259750788, 2.894153325175073, 2.2973075558303497, 2.5079093895533346, 2.4692115435977544, 1.9878808303502131, 2.3102571380309453, 2.5779299577643124, 2.233022196137131, 2.615632741311536, 2.912626129741665, 2.336385702706435, 2.8305206170134003, 1.908756913919193, 3.7554015988177634, 2.3726961542029037, 2.1413894045270236, 2.2358161932381626, 2.8332170453533485, 2.4807391052184706, 3.009190220699652, 2.9717639994762046, 2.4261163955295038, 4.127033500638863, 3.203242987407363, 4.2425992025961765, 2.0741565502076695, 2.709108771878987, 2.4928014005053996, 2.6571230193666526, 2.1164479900204625, 2.3801118423642946, 4.1624913109243336, 3.5812693626042233, 2.601054406799784, 2.5707731101610367, 2.1913544812853414, 2.3312315260916723, 2.4883317392270823, 2.9475190408626366, 2.9128512394810127, 2.6073526242363205, 2.2230668901447834, 2.175584489410237, 2.8210780091459684, 2.5563908018235355, 1.9013491020093525, 2.124851128943872, 3.1616407936378814, 2.5624783062995773, 2.1235641245406165, 2.014267433184278, 2.4681010335712363, 1.9104731727085822, 2.24112555223412, 2.5736021679658774, 2.2720267049011604, 2.3497842206734, 2.3248847219240063, 2.376496362708205, 2.7567793926232853, 2.640244951399972, 3.1663683056998853, 2.550720955513506, 2.269256317564876, 2.169159218565803, 2.0681338130304385, 2.3433715448642345, 2.314273188919181, 2.3314901112328976, 2.3477394286858053, 1.9158811264112388, 2.744217056929781, 2.7799056900677246, 2.319791529964264, 2.1237324613225392, 2.3772125633174985, 2.319697097421085, 3.0211447255483166, 3.8620463348067524, 2.347450844785696, 2.7102996063121387, 2.483175018206496, 2.622116278850762, 2.2624359996450725, 2.8063111305634214, 2.422296008243492, 2.255449995681955, 2.563517124189479, 2.3491419237270454, 2.476581979583146, 2.4163087104674488, 2.815353007530093, 2.1102009968727877, 2.4101556089831035, 2.6556370338863218, 2.6899234735726307, 2.5812669367993495, 3.9179025739363573, 2.4602377318390354, 2.573935642697101, 2.004242824239306, 2.2941409876498127, 2.7059022075318686, 2.4048860087495, 4.205017556080774, 2.0131297480099666, 2.378448021477835, 2.516549347230458, 2.367842954707496, 2.4962314331354785, 2.389445662419249, 2.3161209282236044, 2.675540383444617, 2.487024365269974, 2.213854712636342, 2.3725314071556, 2.9699401578994973, 2.2472029456463516, 2.222468294856845, 3.2334743521647127, 2.095470545559377, 2.4300028940520324, 2.1177608228976874, 2.1983794758910076, 2.564742819389259, 2.0610501339306744, 2.428063763077557, 1.8017711382265045, 1.7811480065505167, 2.9559538530387726, 2.6085968269999653, 2.2430885814995065, 2.348045412390342, 2.544152645481505, 2.393517339627209, 2.3186584661826615, 2.5596387826267506, 1.9964513019448082, 2.1351287557915315, 2.462218433988999, 2.2919311319505633, 2.6712418328663166, 2.0499627751324194, 2.3947067978470487, 3.6154452768137295, 2.211641933966355, 4.081297180563945, 2.3809255668004154, 3.2208328240871915, 2.254425331376612, 2.2660924381544816, 3.1396272806695933, 2.7704213179903454, 1.8846959762927522, 2.4176310657144793, 2.2778159780291745, 2.364936472270509, 2.143573822115077, 2.3161328586388716, 2.1179168426665385, 3.816632773447426, 2.687806802796941, 2.071446983857385, 3.06276870094038, 2.13758953163734, 2.3128465848049475, 1.967507537348441, 4.0213819060693785, 2.3683589596648362, 2.440603321061487, 1.9760142355324655, 4.126458077669438, 2.561549000357194, 2.7954399835410144, 2.3718314633935282, 2.805927899098951, 2.9748635256432587, 2.376683850134323, 2.385212201912906, 2.8188332895283814, 2.3273727771143653, 2.1494853915798418, 4.573994348388321, 2.0321445374357996, 2.0648380130400947, 2.4262821244521033, 3.8286329072285796, 2.512662619522746, 2.1635970865926892, 2.46595523979229, 2.6763848680307554, 2.2579886861400835, 1.9536906323209045, 2.274653426702167, 3.9436040224547373, 2.0107054944581617, 2.8996860801485114, 3.8362769305799436, 2.9193583147181994, 2.359686814367022, 2.2798469979542118, 2.262377022644866, 2.2575516888218714, 2.4689873850183193, 2.4964320046602984, 2.152305004714888, 3.263504338599569, 3.48854469393537, 1.8068796377800356, 1.9838011399558289, 2.3807890209085683, 2.1086747060919744, 2.3506601110897174, 3.6053974036921153, 2.085863432613087, 1.9337551844848988, 2.6344792470651917, 2.523830038729688, 2.156179077190367, 2.874794258511554, 2.1117507383491465, 2.2136732886938044, 2.2277945791217775, 2.0976267583378245, 2.6730425755161984, 4.419527710095859, 3.1824776961229437, 2.43000570153777, 2.3426462154364023, 2.173483626570758, 2.3077588077306035, 2.9068916779381433, 2.31996641128795, 2.214425426584884, 2.178878470507493, 2.161708028230355, 2.1924321262299897, 2.596096004241694, 2.8993746444971067, 2.303732914154062]"
1.0,8000,0.7946282239081516,0.7946282239081516,0.01845836639404297,0.33290504924621106,"[2, 2, 3, 4, 3, 4, 4, 2, 2, 2, 2, 2, 5, 3, 3, 3, 4, 4, 4, 2, 2, 3, 3, 1, 3, 3, 2, 5, 3, 2, 3, 3, 2, 3, 3, 2, 3, 2, 2, 4, 1, 3, 1, 2, 3, 4, 3, 5, 2, 3, 2, 3, 3, 3, 2, 3, 4, 3, 4, 5, 3, 2, 3, 4, 3, 5, 2, 1, 2, 5, 3, 2, 2, 3, 5, 2, 2, 3, 3, 3, 3, 3, 1, 2, 2, 3, 2, 2, 4, 3, 2, 2, 3, 2, 2, 3, 2, 3, 4, 2, 3, 2, 1, 3, 4, 2, 1, 3, 3, 2, 3, 1, 4, 3, 3, 3, 3, 2, 1, 3, 3, 5, 3, 3, 3, 3, 2, 3, 4, 4, 2, 3, 1, 3, 3, 1, 3, 4, 4, 3, 2, 2, 2, 3, 2, 2, 2, 2, 1, 3, 2, 1, 2, 3, 1, 2, 2, 3, 2, 2, 3, 2, 2, 1, 2, 2, 2, 2, 2, 1, 1, 4, 3, 1, 3, 2, 3, 2, 2, 3, 2, 2, 2, 2, 3, 3, 3, 1, 3, 4, 1, 2, 4, 3, 4, 3, 1, 3, 2, 1, 2, 3, 2, 2, 1, 2, 2, 2, 3, 3, 2, 2, 1, 2, 2, 4, 3, 2, 3, 3, 3, 4, 3, 2, 4, 5, 2, 3, 3, 5, 3, 1, 2, 3, 3, 1, 2, 3, 3, 2, 4, 3, 4, 2, 3, 1, 3, 2, 1, 3, 3, 3, 2, 3, 3, 3, 2, 3, 2, 3, 2, 2, 4, 3, 4, 2, 3, 5, 2, 2, 3, 2, 4, 3, 4, 3, 2, 2, 5, 3, 3, 2, 2, 3, 2, 2, 2, 3, 4, 1, 3, 2, 2, 5, 2, 1, 4, 2, 2, 1, 2, 2, 2, 3, 4, 4, 2, 2, 1, 2, 1, 4, 4, 2, 5, 2, 4, 1, 2, 2, 5, 2, 2, 2, 3, 4, 5, 3, 4, 2, 4, 2, 2, 3, 2, 1, 3, 4, 2, 3, 3, 2, 3, 2, 2, 2, 2, 3, 4, 3, 3, 4, 1, 2, 5, 2, 3, 1, 3, 3, 2, 2, 1, 3, 1, 2, 2, 3, 1, 2, 1, 3, 4, 1, 3, 1, 4, 1, 3, 2, 2, 2, 2, 4, 3, 4, 1, 3, 4, 1, 2, 4, 2, 4, 1, 2, 2, 3, 3, 2, 3, 3, 2, 1, 3, 3, 2, 2, 3, 2, 2, 2, 2, 2, 3, 2, 2, 2, 2, 2, 5, 2, 3, 3, 2, 2, 2, 2, 3, 2, 3, 3, 2, 2, 2, 3, 2, 4, 3, 3, 3, 4, 3, 3, 2, 4, 2, 2, 3, 1, 2, 2, 2, 1, 2, 3, 2, 2, 3, 2, 2, 3, 2, 4, 2, 1, 1, 2, 3, 2, 1, 2, 4, 3, 3, 5, 2, 2, 2, 4, 3, 2, 3, 3, 5, 2, 2, 2, 3, 2, 2, 2, 3, 2, 2, 3, 1, 3, 3, 3, 2, 2, 1, 2, 3, 3, 5, 2, 3, 1, 3, 2, 2, 2, 3, 4, 3, 3, 3, 3, 3, 2, 1, 3, 3, 2, 2, 1, 3, 2, 3, 4, 3, 3, 3, 2, 3, 3, 4, 3, 2, 2, 2, 2, 2, 2, 2, 3, 3, 2, 3, 2, 1, 3, 2, 3, 3, 3, 3, 2, 2, 3, 3, 3, 5, 3, 4, 5, 3, 3, 2, 3, 2, 3, 2, 1, 4, 2, 2, 3, 4, 4, 2, 3, 2, 2, 2, 3, 3, 2, 4, 3, 3, 1, 2, 2, 3, 4, 2, 2, 2, 2, 4, 2, 3, 3, 4, 3, 2, 3, 1, 2, 3, 3, 1, 4, 2, 3, 2, 3, 4, 2, 3, 2, 3, 2, 3, 2, 3, 3, 2, 3, 2, 3, 3, 4, 2, 3, 3, 3, 5, 2, 1, 2, 2, 3, 3, 2, 2, 2, 2, 4, 4, 2, 2, 3, 3, 4, 4, 2, 2, 1, 2, 2, 2, 2, 2, 5, 3, 2, 1, 1, 3, 2, 3, 2, 2, 3, 3, 3, 1, 3, 2, 2, 2, 1, 2, 2, 3, 2, 3, 2, 2, 3, 4, 3, 2, 3, 3, 2, 3, 3, 3, 1, 3, 3, 3, 2, 2, 5, 4, 4, 2, 3, 3, 1, 2, 3, 3, 3, 2, 2, 3, 2, 4, 2, 3, 4, 1, 2, 5, 2, 4, 2, 3, 2, 2, 2, 3, 2, 4, 1, 2, 2, 2, 3, 1, 3, 3, 2, 1, 3, 3, 3, 3, 3, 2, 1, 1, 2, 2, 2, 1, 2, 2, 3, 3, 4, 2, 4, 4, 2, 2, 2, 4, 3, 2, 1, 1, 2, 3, 3, 2, 2, 3, 3, 3, 4, 2, 3, 4, 4, 2, 3, 2, 2, 3, 3, 3, 1, 2, 3, 2, 2, 3, 1, 4, 3, 3, 3, 2, 2, 2, 3, 2, 4, 3, 2, 2, 3, 4, 2, 1, 3, 2, 2, 2, 2, 2, 3, 2, 3, 2, 2, 2, 4, 2, 3, 1, 3, 2, 2, 2, 3, 3, 2, 4, 3, 1, 3, 3, 3, 3, 4, 2, 2, 2, 3, 3, 4, 2, 2, 3, 4, 3, 4, 1, 2, 4, 2, 3, 2, 2, 1, 1, 1, 3, 2, 2, 5, 2, 2, 3, 3, 2, 2, 1, 3, 2, 3, 3, 3, 4, 2, 3, 3, 3, 3, 2, 3, 2, 3, 2, 2, 2, 3, 3, 2, 2, 1, 3, 1, 2, 2, 2, 1, 3, 2, 3, 2, 3, 2, 2, 3, 3, 4, 2, 3, 3, 3, 2, 3, 3, 4, 4, 3, 1, 4, 3, 2, 3, 2, 3, 3, 2, 2, 5, 4, 2, 2, 2, 1, 3, 3, 2, 1, 2, 2, 2, 4, 3, 4, 2, 3, 3, 3, 3, 3, 2, 2, 2, 2, 2, 2, 1, 1, 4, 2, 2, 2, 2, 3, 3, 3, 2, 2, 3, 3, 3, 2, 2, 2, 3, 3, 3, 2, 4, 3, 2, 3, 2, 3, 3, 3, 3, 2, 1, 2, 4, 2, 2, 2, 5, 3, 2, 1, 2, 2, 2, 4, 2, 1, 3, 1, 2, 3, 3, 5, 3, 2, 1, 2, 2, 4, 2, 3, 2, 1, 2, 3, 1, 1, 1, 4, 2, 4, 2, 3, 3, 1, 1, 3, 2, 1, 2, 3, 4, 2, 4, 2, 3, 3, 4, 2, 5, 3, 3, 3, 2, 2, 2, 3, 3, 1, 3, 2, 3, 2, 2, 4, 4, 2, 3, 4, 3, 3, 3, 3, 5, 4, 3, 3, 3, 2, 3, 4, 3, 2, 3, 1, 3, 3, 3, 3, 2, 2, 2, 3, 2, 4, 1, 3, 1, 3, 3, 3, 1, 2, 2, 2, 3, 2, 4, 2, 1, 3, 2, 2, 2, 1, 2, 3, 2, 3, 2, 2, 1, 1, 2, 2, 5, 1, 2, 1, 3, 4, 2, 2, 3, 2, 3, 3, 4, 3, 1, 4, 2, 3, 3, 3, 3, 5, 2, 2, 2, 2, 2, 3, 2, 4, 1, 2, 2, 3, 1, 2, 2, 2, 3, 3, 2, 3, 3, 1, 3, 3, 1, 3, 2, 2, 3, 3, 2, 3, 1, 4, 3, 2, 3, 2, 4, 2, 1, 2, 3, 2, 4, 3, 1, 4, 4, 3, 2, 2, 3, 4, 4, 4, 2, 3, 2, 4, 1, 2, 4, 4, 2, 2, 3, 4, 2, 2, 3, 2, 2, 2, 3, 2, 2, 3, 2, 2, 2, 4, 4, 2, 1, 4, 3, 2, 3, 4, 2, 1, 3, 3, 3, 4, 4, 3, 3, 2, 2, 2, 2, 5, 4, 2, 4, 3, 1, 2, 4, 2, 1, 2, 3, 1, 3, 3, 4, 2, 2, 1, 2, 1, 5, 2, 4, 1, 4, 2, 1, 2, 2, 2, 3, 2, 3, 3, 2, 2, 2, 3, 2, 3, 4, 4, 2, 2, 3, 3, 2, 3, 2, 1, 4, 4, 1, 3, 5, 2, 2, 2, 2, 3, 3, 3, 3, 2, 1, 1, 1, 2, 3, 2, 4, 4, 3, 2, 3, 2, 3, 3, 2, 3, 1, 4, 3, 2, 1, 3, 3, 3, 2, 2, 3, 3, 2, 2, 4, 3, 4, 2, 2, 2, 2, 3, 1, 2, 3, 3, 2, 4, 2, 2, 2, 2, 3, 3, 2, 2, 2, 3, 4, 2, 3, 3, 3, 2, 1, 3, 5, 2, 2, 3, 3, 2, 2, 4, 2, 3, 3, 4, 2, 2, 2, 3, 3, 2, 2, 2, 2, 3, 1, 2, 2, 2, 2, 3, 2, 2, 1, 3, 2, 2, 1, 3, 2, 2, 2, 3, 3, 2, 1, 2, 3, 2, 3, 2, 3, 2, 2, 2, 3, 2, 1, 2, 2, 2, 4, 3, 3, 3, 2, 3, 2, 3, 3, 2, 2, 2, 3, 3, 5, 3, 2, 2, 3, 2, 2, 2, 2, 3, 2, 3, 3, 3, 2, 4, 3, 4, 2, 2, 1, 2, 2, 1, 2, 3, 3, 2, 2, 3, 1, 2, 3, 3, 2, 1, 3, 3, 1, 2, 4, 2, 3, 2, 3, 2, 3, 3, 3, 2, 2, 2, 2, 3, 3, 2, 4, 2, 2, 2, 2, 3, 1, 5, 1, 1, 2, 3, 3, 3, 1, 2, 3, 2, 2, 2, 3, 2, 3, 3, 1, 2, 4, 2, 3, 3, 5, 3, 3, 3, 3, 1, 3, 3, 2, 2, 3, 4, 2, 3, 3, 1, 4, 3, 3, 2, 3, 2, 1, 3, 3, 2, 4, 2, 3, 3, 2, 1, 1, 2, 2, 5, 4, 3, 2, 2, 2, 1, 2, 3, 4, 2, 3, 3, 2, 2]","[2.0896854512040894, 1.9893890946074555, 2.8671207491429667, 2.2794202514245945, 2.2440480042843785, 3.8992284714138097, 3.8782637965149567, 2.0047025095232733, 2.4021142061396046, 2.2729061594595037, 1.9062992579635027, 1.8314011212869827, 3.422339001260234, 2.6851695732525216, 2.2501146909894825, 2.6628896705085148, 4.627222435332493, 5.280430255327662, 2.2809997834128692, 2.833547726192903, 1.9913092380161967, 2.1203681373677323, 2.635993037279552, 2.190856501335127, 2.4901723802316424, 1.8772561384643263, 3.641253694939788, 4.464321596396742, 2.352845726305488, 2.5155302675089533, 2.261932324672306, 2.2937512850336357, 2.1611376998560368, 2.2148829557972323, 1.8244625710139757, 2.4739189119441063, 1.973359272863992, 2.3972549741279456, 2.0829235069027097, 2.0635138981749703, 1.8254603265650804, 1.9636218977583964, 3.909725233231388, 4.047190828404634, 2.084735193206431, 2.4816752254545293, 2.7543485771996488, 3.302418862740876, 2.0557158559553503, 2.281744474706095, 2.1105292419266446, 3.4631467438358863, 2.150970222027015, 2.9931736714888824, 2.9288777607285184, 2.274495087989091, 4.504997178081368, 2.696912753296764, 2.915150292889987, 3.2681016304599058, 2.4780438177479804, 2.243130308868425, 2.4258025924858666, 3.0152920861226447, 3.059786280566395, 3.033148347586017, 1.9424174637229932, 1.897048390024292, 2.250090332149316, 4.614666916712324, 1.9890612513348473, 1.9926401449421993, 2.2884662417693153, 2.529598229845237, 3.946844037999417, 2.1680865926394834, 2.1022984907908557, 2.2341772894672234, 4.1739069233981425, 3.440948827688075, 2.2668766762182626, 2.1736743458758587, 2.0351710854768355, 2.094931159838456, 1.993928364874466, 2.2086843953291844, 1.905877861440958, 2.074683125976546, 3.903807915965565, 1.9961295928828184, 4.395645744581512, 2.0552694006801184, 2.2591301184675125, 2.1175596550086517, 1.8010185749662782, 2.10335054970419, 1.989477030520534, 2.3680475649381565, 3.1733311474205927, 2.096470797427878, 2.2878905511302747, 3.5958314669765103, 2.101460534740247, 2.8179786434396243, 2.271327373740851, 2.127182463428998, 1.7864447160558177, 1.9741118316687367, 2.561143802660747, 2.2711626392742823, 2.363046637539085, 3.4248368769091986, 4.2732510181455154, 2.7649646151715164, 2.220363216648347, 1.9706800009721985, 2.2831275840455563, 3.255130363298294, 2.4167220869380115, 2.2911502151493752, 2.903494364462375, 3.825979426200511, 2.946698019970297, 3.005031774197173, 2.038826778846574, 3.295207685119643, 1.8749393024783418, 2.142104517126456, 4.46045398794295, 2.558103063930981, 2.071285328241094, 2.1166524859906986, 1.8568239783102618, 2.702965732124735, 2.0134087189315806, 2.121856379674881, 1.8617264744943332, 3.050982020954474, 2.35606826980516, 2.308046110309463, 2.03549934843582, 2.0128856716598964, 2.2791102201838114, 1.857379494886743, 4.096903605616486, 2.288356119409212, 2.294176365534164, 1.916400922658175, 2.2746758823673257, 2.8597433392743614, 3.799133873794728, 1.9552443632545478, 2.0875454107305407, 2.0101152360562753, 3.3398184117546075, 2.4899450727115107, 2.52587348152596, 2.2988095851489567, 1.9262215219942012, 2.3525675865685347, 2.1356801408598614, 2.2944602980355584, 1.9356163280128502, 4.171614287694214, 1.8720464834419197, 2.454237737076564, 1.8703481819587209, 2.1728805128067483, 1.9876261663957684, 2.17242396440761, 2.611114818141946, 2.274506480680613, 2.2407698770958264, 1.93705959143242, 2.3316287265668514, 2.482503988617858, 2.939204619092534, 2.0486311483646396, 3.575403805901262, 2.167275368436131, 2.092365628750093, 3.799266078768212, 1.7655518235403578, 2.1845996841784925, 3.5453990206155455, 2.57395568474854, 2.209165320600557, 2.124661818122774, 2.024135917944571, 3.9393182364550077, 2.1632345088890723, 2.4224980875406783, 6.1178228157875605, 2.3698244008232656, 1.9993403098913678, 3.6328726435223455, 2.0794433191818396, 2.1112107391474177, 2.0363602794102795, 1.8488765150068374, 1.7519689395013078, 2.1394332526351354, 2.094114928208821, 1.884055948211592, 2.1843000173990603, 1.9917588316137387, 3.959933602129081, 1.8221520516907643, 2.1862141244679583, 5.578638117146689, 1.8929195836863826, 1.8797370692436308, 3.157501806129541, 2.0752920346078, 2.3623172356511555, 3.0790135812434025, 1.9951131999435758, 1.9270487484831083, 2.012079472097236, 2.2013324239823815, 2.281165448953366, 2.5995443596768752, 1.9575016744105476, 2.052897292754401, 2.0327639296929103, 3.7052283794237617, 3.5175157655660665, 1.8362314196228975, 3.6336949469336695, 4.682648433935964, 3.272235678583474, 2.184872092794542, 2.0636455745594198, 2.0418206946132686, 2.455528458499797, 2.8772577012538223, 2.1090092019044966, 3.6211236393526525, 2.179307246562943, 2.317208713860061, 3.7832358140567184, 2.331789837917, 2.2372901809960366, 2.2606537389747645, 2.423393169082329, 2.310198789007555, 2.726833705016167, 2.1057509068731366, 2.059290484487199, 1.9092224774044597, 3.355469728405269, 3.968157827480071, 2.260709020057866, 3.014363767347815, 1.9312001950905824, 2.363150040896407, 2.984047744890653, 2.60098017928693, 2.0481898020787983, 3.9153283832496086, 2.3300276308853554, 2.189259895615004, 1.863436037572015, 2.1763040974972676, 3.4759160225851375, 2.2850216159073664, 1.784554701091875, 3.433637289584641, 2.638373317508805, 2.119351207661515, 2.3507597212852347, 2.139440997316025, 3.7906892960701386, 2.168241217844675, 3.688709873152714, 3.9253114162214873, 2.119211718448357, 2.362635285792474, 4.413205782842387, 2.21528231562415, 2.257504018751314, 2.2840954810257417, 2.7551631474912455, 2.1009692760050194, 1.898519270825604, 2.53180144060965, 2.4826111256068173, 3.0423200500086303, 3.2225295033734556, 2.354232657251977, 2.3948222647348, 2.0012464428171985, 2.934089559919926, 4.3101466910910595, 2.06140170261557, 2.134936283811648, 3.94521411256198, 2.93159546169284, 2.1786710527864397, 2.1386202409665627, 1.9676313221387443, 1.9864114188531032, 2.0870337176684477, 2.81925184106532, 2.1610680728555622, 2.6149012000776652, 2.4340235112898707, 1.9754837224385784, 2.1869601519184423, 1.9818171959785247, 2.757362561702526, 4.343603971474533, 3.6302695809696823, 1.978156723435784, 4.179460322937001, 2.228284640374718, 5.788398107213983, 1.8673712807615404, 2.6641774946327783, 2.1177438115181264, 3.5615709082309808, 2.6262962564853303, 2.0629435452689333, 2.168250249811144, 2.162508815543201, 2.4229160173621644, 3.072328840192215, 2.130704456431177, 2.6153335813970595, 2.2865490676905207, 2.6658296191294153, 3.8022954839711005, 3.282528799293, 2.527171771617691, 2.024661621489575, 2.1202240809987987, 3.591138662576297, 2.445984466670652, 1.9840964904530223, 2.696005004291605, 2.1713611618193496, 2.7962883658279556, 2.2766608800369617, 2.5714968267307974, 3.837964645390355, 2.287505283389846, 2.1633265787806164, 2.0545233237713485, 3.6504931190832566, 2.1723260155717377, 2.724342485202135, 3.232508008831775, 1.8157926960660637, 2.406969887784897, 4.163950686513623, 2.1853385646400345, 1.9847995834155245, 2.07149903853127, 2.210920806211626, 2.042480791347467, 2.142403967154469, 2.010177735966238, 3.213781304606917, 2.9271966652854124, 2.3611812479551517, 1.99291355888328, 3.475875509531895, 2.9482892494380026, 2.1682032192751954, 1.9936632188903156, 2.2029707725860255, 3.235794076805097, 3.705669679695064, 3.6103555647761905, 2.6257680471035934, 2.188190583623394, 4.007372036069576, 2.2179999851265695, 2.236630936538919, 1.9371343761971802, 1.8346468962513363, 2.1062403672653724, 3.3841629859682785, 2.222913103460619, 3.7585912212804518, 3.7761528292392894, 1.8168804744625775, 2.1116390929861373, 2.731066862864965, 1.8314057153635261, 2.2673546038364543, 3.9514335554668856, 1.9755577585159223, 3.592942382477853, 2.381853460582224, 2.349048401581944, 2.3510465819229003, 2.202607610372434, 3.5252088648884206, 1.8814798503135262, 2.260281456001655, 1.8433215948347537, 2.106653599420651, 1.9002070678617136, 2.73474688815821, 2.200593442641121, 1.7763351755832173, 1.8775428750624654, 2.175882254893085, 2.1847661370837037, 1.8175433394229532, 1.8334881784791892, 2.2065762430629126, 2.2391550125788497, 2.099126981234065, 2.214793564033135, 1.8661798822896611, 2.136180740796126, 4.262640858277056, 2.201468724757479, 4.519306899036649, 2.222914642125912, 2.1707228407955985, 1.7880840744288427, 2.4459304357602893, 4.360525991392757, 1.9958523729132995, 1.8459535566478442, 2.7866167886331707, 2.095175215192891, 2.293868069845038, 1.9481807637033293, 2.1684542043416464, 2.1319221353455657, 2.152420707666783, 2.201856783103718, 2.2855734310960862, 3.0797807142822093, 1.833705734158492, 2.0268806205925447, 1.9063938209828197, 4.599034684252313, 1.9059671092036894, 1.9795980118758814, 2.138407607839337, 3.3686491597340282, 1.931059931320253, 2.375051172602384, 2.4506546925328045, 4.25325412249659, 2.0705819685433804, 2.185666656615785, 3.2002430576468637, 2.6260226570190692, 1.9415865628281925, 2.8327694980984965, 2.2323973827501593, 2.151316951390904, 3.7073527829838095, 2.011548851653402, 1.6929862428826763, 2.1151934028674537, 2.2387520047413, 3.0654674283515093, 2.0558128753197393, 1.9150244917144255, 2.0209625573510497, 2.1405739572383125, 2.1752142456593573, 2.2289135386554637, 2.0236282320128867, 2.5875387446420968, 3.7699905647122227, 2.0286478144052413, 2.0421477768196388, 3.598188833462998, 3.6894129709966035, 2.117505266088826, 2.080502163219218, 2.238041347653232, 2.279204366129914, 3.2270248585193784, 2.193375091232023, 2.165052061232794, 4.771050973626753, 1.8541021427808686, 2.0811978259599244, 2.786337414337752, 3.316568867442864, 2.415498047652595, 2.6632264861935075, 1.8824978706125273, 1.8306765051040608, 2.1326763754127045, 2.1168729948958522, 2.805306389499715, 2.6241244139843913, 2.0923259644357084, 2.0432710715356315, 2.2216364876148096, 2.0825141110899743, 2.0686632673979393, 2.01614620014133, 2.4711731315108922, 2.0039138701858006, 2.2577787906069955, 3.3881075287633022, 2.134269009774403, 2.1414799642191102, 2.029780978568168, 2.028291450806628, 2.053613523374288, 3.929291233444005, 1.898900606410412, 2.0861663016593446, 4.263702765563373, 2.360125415587394, 1.8691774679211144, 2.309453442850918, 2.3061579778418437, 2.0933723874546106, 2.4758333827724988, 2.300438602745946, 2.333476597579571, 3.177449486487662, 1.861559213642586, 1.8491144665310746, 2.7394038537954812, 2.1901547522707854, 1.9463389123040669, 2.8521988509446285, 2.2966022802311743, 1.8154734896376215, 3.6051078302765394, 2.138670467778258, 1.971326369379402, 3.8103962653771837, 2.2536795143644723, 2.08724519450855, 3.011149374036977, 2.3226452688028925, 1.9598304751389892, 2.1241655192293645, 3.186441002947573, 2.9551585011860686, 1.9888321718669846, 1.8549850705647601, 2.6110869039062554, 2.655427704076588, 2.2365295691545923, 2.2276623763545063, 2.550547675407256, 2.698409480543818, 2.902140161684832, 1.8862957628458727, 1.98951322813386, 2.221851536149899, 2.337544532576173, 2.2197084800878857, 2.1772053464758003, 2.093662523360239, 2.2921229942699357, 2.344068268286979, 2.5605742248373877, 4.727680005441414, 2.251545037850652, 2.031620815785153, 3.8066692761251963, 2.3961662670752975, 1.9069315291564761, 2.2789699174060454, 2.4657794241575908, 3.42894178450502, 2.228583086053243, 2.3170335700760902, 2.277940109720143, 2.475337082573408, 1.8618067499432627, 2.334205965331336, 1.8249745225466698, 5.115362668477295, 2.4244853565557123, 2.388304020330454, 2.0560615884541864, 2.040111920109198, 2.2732060023499097, 1.9676008459774468, 2.917207265126665, 1.8255283127148625, 2.28239317613561, 3.638402303593993, 2.0256478667430535, 2.139718217285544, 2.0627644591349603, 2.5546231834181232, 1.9176870556581112, 2.0100184364500153, 2.012873269198994, 2.0326176418647743, 1.9830613425195374, 1.9129398762285597, 2.3565168427555494, 2.217972907063864, 1.9560430290057476, 2.0646052552254, 3.8855889200543334, 5.914108881368227, 1.9383502511153303, 2.0504284898631004, 2.246407633466925, 5.564712795214515, 2.117818002377824, 1.9563814943315494, 1.8111628392659018, 2.164062142977687, 2.350767816854667, 2.6458394967494203, 1.9924007139784128, 2.466202104669162, 2.011613884577333, 3.627359761476971, 3.471150668478688, 2.291058136894638, 2.6221466481070435, 1.9847932308821847, 1.851925693824565, 2.7996851560770497, 3.5938429897014883, 2.241754927580251, 3.6258480333991607, 2.110737244878017, 4.512865940791245, 2.4802336709015123, 2.0239950410282135, 2.622520683261412, 4.043394128806385, 4.060700371958665, 1.9884579729447787, 2.575344044368812, 2.1551622791467437, 2.777501966853891, 1.7629921450010613, 2.157727130772448, 1.8650928525805635, 1.9892272402231372, 2.492829393312986, 2.2982408916511865, 2.1010110953995524, 2.258691917035986, 2.034477063061315, 1.9166845884243586, 4.028896646978152, 2.444819198461163, 3.624835210750641, 3.564427638896988, 2.0308075694298777, 2.195321685541001, 4.435458749404024, 3.2938320185660523, 2.1604028857506474, 3.590116770989246, 2.1808608862720824, 2.9462749949401967, 2.241888366865847, 2.1678742390550116, 2.00154117279937, 3.6826819294407267, 4.217793060184347, 4.557252037066297, 1.7971525346465005, 4.0442775042192665, 1.9940186229320838, 3.84861815085135, 2.5296112139291655, 2.8153999673164884, 2.5696197859847416, 2.4640327828033697, 2.3629764113104392, 2.186096853260001, 2.587502511061419, 1.8755643604977013, 2.7027810389427613, 1.9334190507176923, 2.0895688509636394, 2.139705197234264, 3.703567908041388, 1.9335176306348765, 1.8013613233996515, 2.8867746309289894, 2.1939399701802773, 2.1386523579785526, 2.0280468524096804, 2.989614445587494, 1.9708538656384165, 3.689748779267112, 1.9572737498255437, 2.2237547022621604, 1.972417993165043, 2.2746616540560574, 2.090669788871665, 2.031957545130576, 2.1431646684723527, 2.011739541348325, 1.9535727697379222, 1.9181480491014709, 1.9166671458052749, 1.9666456405730082, 2.235381528643956, 2.1390689495551247, 4.478211641790504, 2.300598727585106, 2.3971061541645993, 2.87861066865935, 3.4270044178417756, 2.6616868956445767, 1.9151158668211885, 2.2681111885245504, 3.686253163792826, 2.192047268725694, 1.992974917926824, 1.9306632400486918, 2.103183352555912, 2.401960083628633, 2.101475772820896, 2.522120709923448, 2.6735513778069757, 2.3869613196452275, 2.913916975291654, 2.2270410710123816, 2.418798775224517, 4.441525413534126, 2.6722760185039185, 2.6221651552134926, 3.3004011787182606, 4.331849921493411, 2.1135132175205986, 2.71593864559312, 2.2046034678854607, 2.0423350672070733, 2.069381269965557, 3.3024952883563286, 2.2067995639024978, 2.6889927548133556, 2.346746065965547, 1.8433797171908488, 3.183188887136995, 1.992805529731045, 1.982122384965128, 2.049942811288481, 1.8386002908611663, 2.3725112973086406, 2.15560064764266, 2.467080432100972, 2.4126888919693132, 3.3428881304186358, 2.373049109658568, 2.1763376471036824, 4.138162641462454, 2.7594897788198987, 1.9957760649039515, 1.9201960331744092, 1.9032895269374832, 1.9365381451252328, 2.586804606080523, 2.713698683328473, 3.201378942657532, 2.028511842105677, 3.268754793065107, 2.054877317072819, 5.526870665564772, 3.77991557968953, 2.025854449417211, 2.9034195069475617, 3.6708510191657933, 2.0595739652537084, 2.202014971445336, 4.230259002101844, 2.042461261270547, 1.6784100123693912, 1.9965039627882581, 2.588186352280858, 2.04998468458565, 2.1386107912060055, 1.8867498405936558, 3.4618453068169828, 2.21348584041921, 3.632705310735895, 5.11274933761892, 2.7245021021207516, 2.236364938277688, 3.7985051464972157, 4.240156864435205, 2.0728831505843988, 5.00558598408629, 2.1027625871146793, 2.1462147399788627, 2.0272774474054938, 2.152639431133273, 1.928468910326138, 1.821075219904134, 1.8842112649661116, 2.5864859575897916, 2.163990138525773, 2.16632817565669, 2.2842236168112824, 2.4615023471743855, 3.6040643258117044, 2.195742492602833, 2.841724024017899, 2.3630535730011326, 3.4882829818671306, 1.96550851341485, 2.454687519199075, 2.058900181190823, 2.2281987919194757, 3.439590741126145, 2.5332287738755346, 2.482946449374857, 2.098991442734102, 2.9688779834823618, 3.738099558278381, 2.37648154445455, 2.1555208491149798, 3.3038140834414302, 2.142212587276999, 2.289358337939822, 2.133635219255685, 2.0928313338761004, 2.0059026019139976, 2.3998693436673397, 2.2031872511023787, 2.7849348276151087, 2.0808258706821734, 1.8558521825638201, 2.2882690819349474, 2.4761582341419577, 3.034008612100729, 2.065424033885443, 1.9044983197790577, 2.2454543798821502, 2.2344620747712054, 1.9367401741345485, 1.8842332893797016, 2.5706661783594, 2.381172128008047, 1.8995907834368049, 3.943918412720888, 2.2300846338975164, 1.890422851138687, 2.3354256000810167, 2.1776838558138025, 2.20777395810078, 3.850083141048588, 3.848239003947235, 1.9156903138194956, 2.163174331123649, 2.2347242617794727, 2.0594629828756226, 2.5209229618597306, 2.657899747574181, 2.5830041860577344, 2.288754596741729, 4.364190757615763, 4.532671895405681, 2.0423758588969423, 4.247829855068019, 3.6464076195157, 2.008900673513284, 2.461427989250298, 2.1377277463415156, 3.1334855767927086, 2.5578379179468307, 3.5023391183345827, 1.8330152286565655, 2.2522786975986886, 3.6812720014875158, 2.200829208867889, 1.9416150696632641, 3.477959285022717, 4.3341879060291735, 2.0364229092083836, 2.0135784092076316, 2.012886984035055, 2.402611259470462, 2.308375119342702, 3.710049628591725, 2.0492810471763705, 2.404569549173525, 1.8792900015057612, 2.1887454054150943, 2.0778013546160716, 2.065552918980691, 4.917098930855245, 3.0432372489785333, 2.4539057940584392, 2.607276589445536, 2.876544597456182, 2.5232461543964817, 3.1130957464048907, 2.5909352300023896, 1.9127002715715933, 2.2946750180951145, 2.069542065122209, 2.910720719355412, 2.2231911602531382, 2.236492817522399, 1.9852866941558474, 2.068324085336445, 1.915565139097493, 2.021603154847939, 3.3086539486185003, 2.179914004558398, 2.2684109394239385, 2.3287968708627544, 2.148414957692329, 1.9323893697830616, 2.11064395261326, 1.9066970945458326, 2.0909933182938745, 3.3101764639405395, 2.19853744453892, 2.098714877663169, 1.9600220311274335, 2.00453873092345, 1.9320262087783668, 2.5791322572215383, 2.1715416677050303, 2.34404875634071, 2.1886193424486593, 2.5126898391211165, 2.301471834730334, 2.081568351001743, 1.9666153353949443, 2.176933795264571, 2.7414474686777455, 2.568879516052221, 2.1142318505829216, 3.7949290084937513, 2.685101799218549, 2.6385937292910926, 2.985278542379346, 2.046111251745832, 3.3695768535599973, 2.1556937677152863, 2.0733074425113154, 2.2823277235253023, 4.252366457160295, 4.112808063524062, 2.1695721343427676, 2.3913359660928455, 2.272575110339058, 2.0204847647487396, 4.128176176594273, 3.948823918841975, 2.5777803426102546, 3.0956852818340495, 1.9691817033063077, 2.119004464281186, 1.9517974654605945, 3.917679002124446, 3.9201113457338503, 2.7479479961822624, 2.2257336629085622, 2.3990690274933573, 3.993921125966536, 2.1899638081226875, 2.270576317535464, 2.1670151025047004, 3.9268555675895565, 1.829981405525591, 2.0759123494215093, 4.598391322448089, 2.0682888974925, 1.9876618003213515, 1.929492850567775, 2.4207167193193486, 1.8566749724684835, 2.3033451758823333, 2.2971986301181238, 2.0765976752082382, 1.9958069871468869, 3.0853935113760738, 1.8972674155710534, 3.508901886353401, 2.4813187582662515, 2.5316410959789852, 3.365512955324518, 1.9848221837988942, 2.6656547318862738, 3.2994036432655367, 2.023824661095122, 2.4449296844839763, 2.7946779761455973, 3.184566441600795, 3.8446431670216823, 2.020187681099027, 2.5692362722567603, 2.452863910591154, 1.8174552460175748, 3.493843994466133, 1.9395052669742099, 2.8015939524304962, 2.008459286815741, 2.2114276185376087, 2.044630478337777, 2.528157432538197, 2.4862358645531537, 2.329041417154879, 3.2918539506084326, 2.5114536859641365, 2.393980877328194, 3.785095507641717, 4.699647924607344, 2.218302213049635, 1.8774577747691332, 2.4926488345405082, 2.304920692181638, 2.590787405438732, 2.16745140863236, 2.744256071746425, 2.461805159235056, 1.8114408337925925, 2.2866186329506726, 2.312039429436883, 2.0799423007438302, 2.433171033797522, 2.8343007024977855, 4.289917975911134, 3.2061651703139376, 2.156678110510602, 2.0432666085561264, 2.047140610833719, 2.2003052733517725, 3.9559471415531435, 2.387179284133135, 1.9371910872615454, 2.286526314355986, 2.237189211540744, 2.0308585590422146, 1.930207714909868, 1.934557701120438, 2.7800226794925846, 1.9557852992269535, 4.171854686871989, 2.2435263460567496, 4.160341984914066, 2.112258220088304, 2.767479179807352, 2.5219141958851323, 2.732220796498362, 1.934540073501681, 2.556354915692735, 2.2723819134999217, 1.947663907553842, 4.351604271421511, 2.033338412658569, 2.7277678900263647, 1.96516292491738, 3.7750781694633813, 2.2211851278806685, 2.243048291689085, 2.09101031483132, 4.575375266643019, 2.1728466951594405, 3.7873686557028754, 2.5155999426620315, 1.9566652737849939, 2.5103918662244884, 1.9947957519719304, 2.6762657638736074, 2.134870056118663, 2.19213630365585, 2.335861502626396, 2.2646444990462067, 2.5869016679776444, 2.5214184984780053, 2.3044988188346287, 1.8840065994499475, 2.0411142697368465, 3.5290656685829855, 1.8970217587266154, 2.5160116752580373, 1.8562496129507076, 2.348140741626301, 1.9759792629756965, 2.082534082804183, 3.291878175116108, 3.042286695886114, 5.62432776302612, 3.997020693030364, 2.188315897902413, 2.206452935418327, 2.7558717079781085, 2.094391845572562, 1.8877144952331455, 2.8230506449000727, 1.9800647941648386, 1.9284152700937287, 2.3704297417769586, 2.1317543828727388, 4.518997096732537, 2.219011355939699, 2.650160120157738, 2.0827241155480394, 2.610738932890705, 2.0760448048074798, 2.775479306441771, 2.4679741407360387, 2.237494360641152, 3.5607868113022656, 1.8619774460698506, 2.4383495462599822, 1.7862169624540476, 2.4409993099438925, 2.405274558085124, 4.685644786621511, 1.9574881947866956, 2.1676120682476245, 2.018594303703159, 2.4255296638292285, 2.396041592337568, 2.219302648132451, 2.324189563550036, 1.8619566164253145, 2.2891162581871507, 2.1476186539718634, 1.908367795373676, 1.9509151687580146, 2.0040449925513824, 1.8607733425312907, 2.5522045841435355, 2.746057440004686, 2.4854057895401724, 2.394005786426269, 2.1230923472098966, 1.8536667248008567, 3.2569287145661354, 3.2136011413099945, 3.251086499761417, 2.1281842301279386, 2.1935165497714064, 2.2857678227042775, 1.9468276779115221, 2.135765268757352, 3.546263774939752, 3.1858451275557638, 2.1773051167176884, 2.1742062562184334, 2.003323419693042, 2.081720125069699, 2.1693937115673583, 2.4023252575432985, 2.0879317370152446, 2.8434258932772414, 1.8591968125437621, 3.703445183729172, 2.055171100989079, 2.254415707126477, 2.680581014597408, 1.8112052718064635, 2.143182440092476, 4.008354764409461, 2.000463709931428, 2.484140094201137, 2.594746413039653, 2.7891604919021558, 2.345237954192998, 2.0950428852507117, 1.9687752479118805, 3.76075180731054, 1.9074210294349074, 1.8568189381520803, 2.2345046249178715, 1.8969274848221427, 2.1151937369962344, 1.9544968041962827, 2.848024140887374, 2.3184268536527037, 1.836567504982681, 2.176414181962046, 4.488870458992904, 4.244932235494801, 2.2101433113880384, 2.1953564414165334, 2.0541924333521, 2.107158337779731, 1.9000412504821635, 2.640847792198481, 2.047688936616219, 2.3044572152793803, 2.1238585717859646, 2.277656190709682, 3.4493743907407226, 3.247760531330025, 1.968325358045198, 2.6588668084781655, 3.100477331911181, 2.321252839591015, 3.8419826026590256, 2.2260223373099253, 3.7849635173366805, 2.3839827524109904, 3.7228325322695666, 2.0087036312850204, 1.9876185014872694, 2.0841999921769876, 3.702489963528118, 2.813851186160992, 1.944100584947022, 4.827046093521096, 3.707525534278056, 2.2650477087066014, 2.132261659899034, 2.0150341650900496, 2.0310647220299956, 2.7865770406868533, 1.9206091477235834, 2.1244016846926463, 1.7482147916581763, 2.2964858392174277, 1.8053016844672674, 4.577720022276271, 2.11639840814138, 2.2770333609140723, 3.659725144676924, 3.7446520848724627, 3.4862144444569574, 2.3052347101029675, 2.029746985493277, 2.7673159057347347, 2.924761476877719, 2.0270993710409018, 2.118124503739586, 2.0830634826092074, 1.9620944139267336, 2.23783758276212, 2.2035762954007243, 2.09228920313464, 2.252095752059149, 2.106661023463694, 2.3385694825871903, 2.2505164013470718, 2.2037548301289913, 2.4261322564811003, 1.933444152592028, 2.2380351930238933, 2.8625614756369475, 2.7921624390467903, 1.8962764586349268, 2.3785084109159054, 2.023595248707376, 2.022568094157924, 2.0517035271240465, 2.101440268783454, 2.8059364548467736, 2.443754407796044, 2.0267905977471354, 3.847825303856191, 3.923134209289514, 2.0119559022585736, 2.016462306826178, 1.847800575383483, 1.9044399543730663, 2.138689750360933, 3.2653743528258707, 4.190467141225078, 3.8224088541476466, 2.1077894142036504, 3.085116447691756, 2.167984648173265, 1.8154680033978021, 2.3030902349749462, 2.1490178562822164, 2.4652523855045425, 2.1807363483814233, 2.02946188974583, 1.9494501848363148, 2.0544383603250864, 2.091551671015609, 2.139721012493589, 2.699133501515995, 2.959089054389189, 2.2428083844263402, 2.061583822273291, 2.0122251962376296, 2.128805138846711, 5.711834769965879, 1.9091363274555517, 2.2467975659129187, 1.8537204105727083, 3.6350565546017597, 2.255670651148267, 1.705313141607554, 2.393377698512162, 1.9814518292264982, 3.776961597207281, 3.80432539141327, 2.1632149736844117, 2.021578895678594, 1.9853609152328653, 1.9478665536280295, 2.1276395922422653, 2.251386153515356, 2.4951541190933386, 2.354417847216147, 2.3171605084794145, 2.993415613417142, 2.8857139257613915, 2.008134634559181, 2.1608756864441645, 2.7966097358576247, 2.093861833830406, 2.1270923229774845, 2.0503472349588954, 2.335120293488309, 2.6234173580266575, 2.1021006143175796, 2.7521461389047523, 2.222906516240576, 2.139218847560179, 2.678658259182483, 1.99676748141265, 2.3575823042302915, 2.1578229289725206, 3.4631736715605883, 2.6560133175396916, 1.9298455122531215, 2.5319130663510845, 2.189361586250339, 2.1247026001437685, 2.0080645614770685, 2.3389688609716828, 1.7731194306985234, 2.1695101942017043, 3.3582299538043863, 2.2184233933501885, 3.186063407455194, 3.249673449283115, 3.4187755024479647, 1.8253123978862522, 2.5565273407421905, 2.4714643317108274, 1.9796326167911187, 2.207279845810522, 2.0704622497470924, 1.8765724175609377, 1.8235839088310941, 4.722722423843393, 2.0366799319203603, 2.1711299054172106, 2.2331736196267298, 2.0441159758558314, 2.089821751979187, 2.216539284312441, 2.346474407342595, 2.018639237734687, 2.2899346249985046, 2.0971877402423234, 2.0409661296630826, 1.9751885463747687, 2.5763975192469695, 2.5120237087588198, 2.3573421437232693, 2.2524766460066683, 1.882403767165782, 2.1219074868933223, 2.359865440858463, 2.198563745004369, 3.4760867126778576, 3.7075793418165253, 2.1558480484019484, 3.651158713275299, 1.8215820451955445, 3.5913410566484796, 2.192676488230893, 1.9861110850250077, 2.0599929463683893, 3.1474330794870826, 3.3990093627377, 2.795714440274501, 2.7526108060706145, 2.2824469602726007, 4.814436609922467, 4.24487651427546, 3.787114000576297, 1.9509457625254165, 2.6884110016345777, 2.283740154178376, 3.5149691865073027, 1.9766205469909581, 2.1815245416372577, 4.023951557906389, 3.2754571965879817, 2.422673958157939, 2.3289747793476074, 2.092811812162373, 2.1521992931074196, 2.270257017318191, 3.7481332112585948, 3.230000131053428, 2.553262925059771, 2.0609076885584923, 2.017150910395448, 2.7479025975115223, 2.319933513589862, 1.8085538119649611, 1.9787026816310878, 3.4145139882006816, 2.335903591270719, 1.974371071726691, 1.8998337751192236, 2.2785239891303295, 1.8112512212606187, 2.073086515128682, 2.336478691826756, 3.2513903448498596, 2.1804243203681404, 2.173900436150518, 2.209417302532061, 2.555208414564158, 2.795868351357162, 3.967802890248956, 3.4292504904052166, 2.305432542834614, 2.0098110568390526, 1.9418224274200997, 2.1568748506585935, 2.1218621011269096, 2.1467347164185915, 2.2246293738456515, 1.8185894199498818, 3.6718812742390146, 2.562172060768411, 2.132767368141299, 1.9881665386804317, 2.1925477207417496, 2.145588532204385, 2.669152953360244, 3.694242998277111, 2.1536502202265915, 3.5552629366324693, 2.2593042139015895, 2.774200876832264, 2.0878009224799663, 2.5777561695851117, 2.221355368353528, 3.197611244962879, 2.3537605731973676, 2.1825989709814517, 2.248587955845236, 2.512888346871072, 2.5561427137519486, 1.9629663951007414, 2.4120303492225292, 2.456743125744565, 2.432875307536903, 2.546268673491779, 3.53545107556633, 2.3426686495868023, 2.78647582644906, 1.9161837133896895, 2.5178835511822952, 2.9990225435203746, 3.3251464633391463, 4.366402394416012, 2.0215872799359476, 2.185194035268695, 2.365822063647234, 2.2876140870024684, 2.4328349645418337, 2.2221765257706925, 3.2459176089215056, 2.448228342533345, 3.4614861092111813, 2.054901860912659, 2.2061245497254975, 2.7915784799253123, 2.1179050404743798, 2.0638696801505576, 2.950447061006168, 1.95386764372146, 2.2222474966693277, 1.969418280715064, 2.0366051471556, 2.3152659359317864, 1.929581232562492, 2.222448804498601, 1.725186241876282, 1.7126750318595765, 2.7294807726039707, 2.4105239674238605, 2.072905603144343, 2.1592471212043516, 2.307872324536877, 3.3017921437260407, 2.1987042078875967, 2.3125265401772053, 1.8760663808431395, 2.0068111226677985, 2.3075727516782347, 2.106267273135947, 3.521929327394299, 1.969929550953911, 2.304345189874508, 3.447532821157123, 2.0428344369324383, 3.9603422064165894, 2.261747679838304, 2.9900647769905726, 2.0979346777913666, 2.090921486754965, 2.86264458723113, 2.4720596751606334, 1.7943413073530103, 2.20845561402275, 2.2956130708740727, 2.1600108882264504, 1.9949210802673893, 2.151827460660298, 1.979219967564548, 3.440104517394783, 2.4500120284548643, 1.9435438292709413, 2.7701062685266513, 1.9914304375577156, 2.1918878476845234, 1.8650163093590064, 4.221714901531029, 2.1765835893987906, 3.3422170109922638, 1.8671868259938527, 4.0039739588899526, 2.628520056714012, 2.489938837784275, 2.2117544295644183, 2.7457475676604677, 2.8146126823280255, 2.252773097269388, 2.5029319107768697, 3.692069626400932, 2.139747944759425, 2.001072474561316, 4.657712191358835, 1.903055687537584, 1.9328139739846315, 2.62742534285545, 4.07062665611992, 2.2895596914053225, 2.015243032600539, 2.2892067046377798, 2.398510945951184, 2.082388778875672, 2.0513834215733997, 2.1423160004017787, 3.500518546765591, 1.8917043900620798, 2.5772903962501856, 3.9927776220915847, 2.6466073804013073, 2.1555306009558093, 2.107749699676731, 2.1040936362108598, 2.078542967336439, 2.311733057963262, 3.3829179293287064, 2.1116311259005816, 2.9563827383754866, 3.228651851544341, 1.731162670523768, 1.8652701802577396, 2.2940521948315102, 2.009857934327051, 2.1676742930591826, 3.581865934674724, 1.945668514057737, 1.836210577696325, 2.436234106272231, 2.2854386535655764, 2.000589484308525, 2.5576632408897275, 1.9863488925478792, 2.0445680837518823, 2.259868342856746, 2.15895638312905, 2.458100224515396, 4.4999947196907994, 3.484585316008606, 3.345324252610204, 2.2348863565037407, 2.0255368843649673, 2.130310403497652, 3.6992124513167823, 2.2505831720825697, 2.0519160741681697, 2.0199621376889385, 2.008541356688819, 2.038235502375212, 2.380937449822001, 2.6855588720040418, 2.1734520604818397]"
1.25,8000,0.6537135661400592,0.6537135661400592,0.025255918502807617,0.32857173585644334,"[2, 2, 3, 4, 3, 4, 4, 2, 2, 2, 2, 2, 5, 3, 3, 3, 4, 4, 4, 2, 2, 3, 3, 1, 3, 3, 2, 5, 3, 2, 3, 3, 2, 3, 3, 2, 3, 2, 2, 4, 1, 3, 1, 2, 3, 4, 3, 5, 2, 3, 2, 3, 3, 3, 2, 3, 4, 3, 4, 5, 3, 2, 3, 4, 3, 5, 2, 1, 2, 5, 3, 2, 2, 3, 5, 2, 2, 3, 3, 3, 3, 3, 1, 2, 2, 3, 2, 2, 4, 3, 2, 2, 3, 2, 2, 3, 2, 3, 4, 2, 3, 2, 1, 3, 4, 2, 1, 3, 3, 2, 3, 1, 4, 3, 3, 3, 3, 2, 1, 3, 3, 5, 3, 3, 3, 3, 2, 3, 4, 4, 2, 3, 1, 3, 3, 1, 3, 4, 4, 3, 2, 2, 2, 3, 2, 2, 2, 2, 1, 3, 2, 1, 2, 3, 1, 2, 2, 3, 2, 2, 3, 2, 2, 1, 2, 2, 2, 2, 2, 1, 1, 4, 3, 1, 3, 2, 3, 2, 2, 3, 2, 2, 2, 2, 3, 3, 3, 1, 3, 4, 1, 2, 4, 3, 4, 3, 1, 3, 2, 1, 2, 3, 2, 2, 1, 2, 2, 2, 3, 3, 2, 2, 1, 2, 2, 4, 3, 2, 3, 3, 3, 4, 3, 2, 4, 5, 2, 3, 3, 5, 3, 1, 2, 3, 3, 1, 2, 3, 3, 2, 4, 3, 4, 2, 3, 1, 3, 2, 1, 3, 3, 3, 2, 3, 3, 3, 2, 3, 2, 3, 2, 2, 4, 3, 4, 2, 3, 5, 2, 2, 3, 2, 4, 3, 4, 3, 2, 2, 5, 3, 3, 2, 2, 3, 2, 2, 2, 3, 4, 1, 3, 2, 2, 5, 2, 1, 4, 2, 2, 1, 2, 2, 2, 3, 4, 4, 2, 2, 1, 2, 1, 4, 4, 2, 5, 2, 4, 1, 2, 2, 5, 2, 2, 2, 3, 4, 5, 3, 4, 2, 4, 2, 2, 3, 2, 1, 3, 4, 2, 3, 3, 2, 3, 2, 2, 2, 2, 3, 4, 3, 3, 4, 1, 2, 5, 2, 3, 1, 3, 3, 2, 2, 1, 3, 1, 2, 2, 3, 1, 2, 1, 3, 4, 1, 3, 1, 4, 1, 3, 2, 2, 2, 2, 4, 3, 4, 1, 3, 4, 1, 2, 4, 2, 4, 1, 2, 2, 3, 3, 2, 3, 3, 2, 1, 3, 3, 2, 2, 3, 2, 2, 2, 2, 2, 3, 2, 2, 2, 2, 2, 5, 2, 3, 3, 2, 2, 2, 2, 3, 2, 3, 3, 2, 2, 2, 3, 2, 4, 3, 3, 3, 4, 3, 3, 2, 4, 2, 2, 3, 1, 2, 2, 2, 1, 2, 3, 2, 2, 3, 2, 2, 3, 2, 4, 2, 1, 1, 2, 3, 2, 1, 2, 4, 3, 3, 5, 2, 2, 2, 4, 3, 2, 3, 3, 5, 2, 2, 2, 3, 2, 2, 2, 3, 2, 2, 3, 1, 3, 3, 3, 2, 2, 1, 2, 3, 3, 5, 2, 3, 1, 3, 2, 2, 2, 3, 4, 3, 3, 3, 3, 3, 2, 1, 3, 3, 2, 2, 1, 3, 2, 3, 4, 3, 3, 3, 2, 3, 3, 4, 3, 2, 2, 2, 2, 2, 2, 2, 3, 3, 2, 3, 2, 1, 3, 2, 3, 3, 3, 3, 2, 2, 3, 3, 3, 5, 3, 4, 5, 3, 3, 2, 3, 2, 3, 2, 1, 4, 2, 2, 3, 4, 4, 2, 3, 2, 2, 2, 3, 3, 2, 4, 3, 3, 1, 2, 2, 3, 4, 2, 2, 2, 2, 4, 2, 3, 3, 4, 3, 2, 3, 1, 2, 3, 3, 1, 4, 2, 3, 2, 3, 4, 2, 3, 2, 3, 2, 3, 2, 3, 3, 2, 3, 2, 3, 3, 4, 2, 3, 3, 3, 5, 2, 1, 2, 2, 3, 3, 2, 2, 2, 2, 4, 4, 2, 2, 3, 3, 4, 4, 2, 2, 1, 2, 2, 2, 2, 2, 5, 3, 2, 1, 1, 3, 2, 3, 2, 2, 3, 3, 3, 1, 3, 2, 2, 2, 1, 2, 2, 3, 2, 3, 2, 2, 3, 4, 3, 2, 3, 3, 2, 3, 3, 3, 1, 3, 3, 3, 2, 2, 5, 4, 4, 2, 3, 3, 1, 2, 3, 3, 3, 2, 2, 3, 2, 4, 2, 3, 4, 1, 2, 5, 2, 4, 2, 3, 2, 2, 2, 3, 2, 4, 1, 2, 2, 2, 3, 1, 3, 3, 2, 1, 3, 3, 3, 3, 3, 2, 1, 1, 2, 2, 2, 1, 2, 2, 3, 3, 4, 2, 4, 4, 2, 2, 2, 4, 3, 2, 1, 1, 2, 3, 3, 2, 2, 3, 3, 3, 4, 2, 3, 4, 4, 2, 3, 2, 2, 3, 3, 3, 1, 2, 3, 2, 2, 3, 1, 4, 3, 3, 3, 2, 2, 2, 3, 2, 4, 3, 2, 2, 3, 4, 2, 1, 3, 2, 2, 2, 2, 2, 3, 2, 3, 2, 2, 2, 4, 2, 3, 1, 3, 2, 2, 2, 3, 3, 2, 4, 3, 1, 3, 3, 3, 3, 4, 2, 2, 2, 3, 3, 4, 2, 2, 3, 4, 3, 4, 1, 2, 4, 2, 3, 2, 2, 1, 1, 1, 3, 2, 2, 5, 2, 2, 3, 3, 2, 2, 1, 3, 2, 3, 3, 3, 4, 2, 3, 3, 3, 3, 2, 3, 2, 3, 2, 2, 2, 3, 3, 2, 2, 1, 3, 1, 2, 2, 2, 1, 3, 2, 3, 2, 3, 2, 2, 3, 3, 4, 2, 3, 3, 3, 2, 3, 3, 4, 4, 3, 1, 4, 3, 2, 3, 2, 3, 3, 2, 2, 5, 4, 2, 2, 2, 1, 3, 3, 2, 1, 2, 2, 2, 4, 3, 4, 2, 3, 3, 3, 3, 3, 2, 2, 2, 2, 2, 2, 1, 1, 4, 2, 2, 2, 2, 3, 3, 3, 2, 2, 3, 3, 3, 2, 2, 2, 3, 3, 3, 2, 4, 3, 2, 3, 2, 3, 3, 3, 3, 2, 1, 2, 4, 2, 2, 2, 5, 3, 2, 1, 2, 2, 2, 4, 2, 1, 3, 1, 2, 3, 3, 5, 3, 2, 1, 2, 2, 4, 2, 3, 2, 1, 2, 3, 1, 1, 1, 4, 2, 4, 2, 3, 3, 1, 1, 3, 2, 1, 2, 3, 4, 2, 4, 2, 3, 3, 4, 2, 5, 3, 3, 3, 2, 2, 2, 3, 3, 1, 3, 2, 3, 2, 2, 4, 4, 2, 3, 4, 3, 3, 3, 3, 5, 4, 3, 3, 3, 2, 3, 4, 3, 2, 3, 1, 3, 3, 3, 3, 2, 2, 2, 3, 2, 4, 1, 3, 1, 3, 3, 3, 1, 2, 2, 2, 3, 2, 4, 2, 1, 3, 2, 2, 2, 1, 2, 3, 2, 3, 2, 2, 1, 1, 2, 2, 5, 1, 2, 1, 3, 4, 2, 2, 3, 2, 3, 3, 4, 3, 1, 4, 2, 3, 3, 3, 3, 5, 2, 2, 2, 2, 2, 3, 2, 4, 1, 2, 2, 3, 1, 2, 2, 2, 3, 3, 2, 3, 3, 1, 3, 3, 1, 3, 2, 2, 3, 3, 2, 3, 1, 4, 3, 2, 3, 2, 4, 2, 1, 2, 3, 2, 4, 3, 1, 4, 4, 3, 2, 2, 3, 4, 4, 4, 2, 3, 2, 4, 1, 2, 4, 4, 2, 2, 3, 4, 2, 2, 3, 2, 2, 2, 3, 2, 2, 3, 2, 2, 2, 4, 4, 2, 1, 4, 3, 2, 3, 4, 2, 1, 3, 3, 3, 4, 4, 3, 3, 2, 2, 2, 2, 5, 4, 2, 4, 3, 1, 2, 4, 2, 1, 2, 3, 1, 3, 3, 4, 2, 2, 1, 2, 1, 5, 2, 4, 1, 4, 2, 1, 2, 2, 2, 3, 2, 3, 3, 2, 2, 2, 3, 2, 3, 4, 4, 2, 2, 3, 3, 2, 3, 2, 1, 4, 4, 1, 3, 5, 2, 2, 2, 2, 3, 3, 3, 3, 2, 1, 1, 1, 2, 3, 2, 4, 4, 3, 2, 3, 2, 3, 3, 2, 3, 1, 4, 3, 2, 1, 3, 3, 3, 2, 2, 3, 3, 2, 2, 4, 3, 4, 2, 2, 2, 2, 3, 1, 2, 3, 3, 2, 4, 2, 2, 2, 2, 3, 3, 2, 2, 2, 3, 4, 2, 3, 3, 3, 2, 1, 3, 5, 2, 2, 3, 3, 2, 2, 4, 2, 3, 3, 4, 2, 2, 2, 3, 3, 2, 2, 2, 2, 3, 1, 2, 2, 2, 2, 3, 2, 2, 1, 3, 2, 2, 1, 3, 2, 2, 2, 3, 3, 2, 1, 2, 3, 2, 3, 2, 3, 2, 2, 2, 3, 2, 1, 2, 2, 2, 4, 3, 3, 3, 2, 3, 2, 3, 3, 2, 2, 2, 3, 3, 5, 3, 2, 2, 3, 2, 2, 2, 2, 3, 2, 3, 3, 3, 2, 4, 3, 4, 2, 2, 1, 2, 2, 1, 2, 3, 3, 2, 2, 3, 1, 2, 3, 3, 2, 1, 3, 3, 1, 2, 4, 2, 3, 2, 3, 2, 3, 3, 3, 2, 2, 2, 2, 3, 3, 2, 4, 2, 2, 2, 2, 3, 1, 5, 1, 1, 2, 3, 3, 3, 1, 2, 3, 2, 2, 2, 3, 2, 3, 3, 1, 2, 4, 2, 3, 3, 5, 3, 3, 3, 3, 1, 3, 3, 2, 2, 3, 4, 2, 3, 3, 1, 4, 3, 3, 2, 3, 2, 1, 3, 3, 2, 4, 2, 3, 3, 2, 1, 1, 2, 2, 5, 4, 3, 2, 2, 2, 1, 2, 3, 4, 2, 3, 3, 2, 2]","[2.21470494981992, 2.3192464703344298, 2.3377375336653032, 2.671649999204391, 2.207221266494337, 3.092391675228011, 3.527530146358395, 2.1275786885648693, 2.6932245361337768, 2.260847215376858, 2.1040926370042676, 2.3069887355310876, 3.4522381354447025, 2.4522411238858903, 2.4460264582066604, 2.5853520909190046, 3.546592218260346, 3.850229549863753, 2.587378340085805, 2.2601738593540945, 2.128228010571097, 2.493618837783283, 2.746086652708476, 2.412400832100347, 2.533974085445046, 2.32468281170992, 3.0660143462542173, 3.8733510089544896, 2.660228062462715, 2.998888326436914, 2.4255363421400977, 2.448914649749991, 2.410505804607116, 2.6071651158233577, 2.0881429957076483, 2.629421294624509, 2.1605930350156797, 2.724954905998161, 2.2093722120372226, 2.3770722743158785, 2.108011806199724, 2.141147931853048, 3.1892487077426455, 2.9900655992902987, 2.553723288145341, 2.8418329513189624, 2.5848083332352276, 3.039604933460992, 2.264048383558786, 2.271160087946307, 2.4186969822451543, 2.9949804551694132, 2.2150696209299454, 2.7422112299822827, 2.695536006244487, 2.6640265961991467, 3.8851512838455746, 2.3548995144209925, 3.1225107867623425, 3.024544581262403, 2.407371670730805, 2.24710012325497, 2.816839413732924, 2.5696533200100276, 2.988610777349768, 2.9457819123137177, 2.3215237118273366, 2.1379810590726573, 2.2268455100175695, 3.487449376328159, 2.186877275923557, 2.1596582750107753, 2.6633492577611784, 2.4680251854146715, 3.5566088097732718, 2.284912134161183, 2.417428103546218, 2.2181639505666864, 3.26657373121813, 3.165951357346287, 2.445213816883638, 2.4098980128408805, 2.3568612698053277, 2.2414961233397657, 2.1197614547733203, 2.2305208354004997, 2.1439474325941115, 2.222560589629737, 3.1980430879366613, 2.1794062852412863, 3.3554094793426987, 2.1798749467538325, 2.228075165712069, 2.1735192089198487, 2.090947504471059, 2.174208083535593, 2.1398944437364573, 2.3024634476889436, 2.6101653382537138, 2.353889385607789, 2.352378187886624, 2.809199975907248, 2.174299713747639, 2.1696823302393566, 2.639813691333215, 2.591499758907638, 2.0899861473111128, 2.38047255114415, 2.4238030176314167, 2.225823899074269, 2.505497596026974, 3.1363511614483017, 3.6550926352566577, 2.626986455119183, 2.6339449179679675, 2.387033367426128, 2.4515542621438975, 2.6862972973854022, 2.33900397023403, 2.2784892138106505, 3.106494528329481, 3.2762407484513343, 2.923143872545174, 2.462866015135769, 2.5863303063792715, 3.142635741495379, 2.1089488365299602, 2.8035640118485055, 3.5316152606561806, 2.7697800357382483, 2.3551104076240685, 2.352910952929877, 2.0865740755301645, 2.4209314664631827, 2.357916335664178, 2.173310898509729, 2.1532162541814417, 2.6365846686501353, 2.6600718296551253, 2.407273787896541, 2.350450918242052, 2.5372894569872257, 2.2254385907365632, 2.346297510280862, 3.071041998978185, 2.3009436452672762, 2.2479611796144265, 2.3427022081020246, 2.245570755687002, 3.145114165794859, 3.1586799105715477, 2.1614712677494836, 2.15505715290624, 2.5374237710570418, 2.8024284876227066, 2.713332868947144, 2.4475547108765316, 2.675713727263057, 2.3422260935649706, 2.260320963957527, 2.3904321444157435, 2.4239593466381706, 2.127592239283344, 3.593883240194446, 2.1391931817517955, 2.316534111284836, 2.1058355886636235, 2.43864990612112, 2.1599013587567617, 2.629140761982341, 2.5878621984004395, 2.4647610976208534, 2.406645140313236, 2.1026013388229594, 2.271800245098982, 2.7136936217064416, 2.866634796918789, 2.555473655918982, 3.027981772202793, 2.3621321026464956, 2.154823462905014, 3.3940367715695388, 2.4696117696224276, 2.457998929403135, 3.1002020259444283, 2.4560788590687244, 2.607442313695052, 2.571704779953326, 2.5002454966034575, 3.154867534833885, 2.191222019633283, 2.36576943455769, 3.8995035753616567, 2.2530898957467858, 2.343684952681902, 3.046503486878265, 2.2463166954906897, 2.5607792990062395, 2.1376214871095813, 2.1267937439427973, 2.09165757466826, 2.259255790929379, 2.1580744856944993, 2.125088202459942, 2.190200738295061, 2.1803520569901433, 3.438614047406161, 2.4867849049734208, 2.17352658812391, 3.9058198363483534, 2.1047412998003363, 2.1053804040491055, 2.5116826845922575, 2.594015469675421, 2.3975143491486675, 2.932360298466132, 2.1794555612006423, 2.1429210423771607, 2.3181464133822547, 2.249126535282527, 2.258778879558071, 2.234922288060493, 2.1350502107074916, 2.363130190763379, 2.1776302082714603, 3.5613622444170767, 3.268276087405054, 2.2669201910473156, 3.286296804592136, 3.660263285315363, 2.685468011005875, 2.2404715090405274, 2.223095703475986, 2.5757210178446375, 2.459320764074188, 3.1193809324763837, 2.3731986914777474, 2.793060344318345, 2.676503598799673, 2.413224010769109, 2.996141304510142, 2.268456603282212, 2.2075488939431644, 2.2462505661630656, 2.3187633652125004, 2.2360634346560824, 2.4437497060468103, 2.35343947467454, 2.196261351690752, 2.701745754529651, 2.925535782010405, 3.329530780313853, 2.6049434127863136, 2.5445979745876004, 2.501415301940128, 2.487786267308227, 2.554966325227061, 2.4547686788784935, 2.774677182056005, 3.123487893215935, 2.4941186033240896, 2.2034830233089733, 2.139610626584733, 2.569201099770938, 3.152315102722626, 2.2251519991201087, 2.090077777523159, 3.0531604882640906, 2.380892788149311, 2.2132667180563796, 2.24577239989007, 2.172458374972111, 2.654676872776339, 2.541433040457176, 3.205326390477457, 3.186002599460214, 2.173439114885578, 2.480405689416577, 3.708059007607779, 2.587228571487485, 2.4760495374213916, 2.2849484479245548, 2.995773569978734, 2.1544063476771553, 2.1061377356649635, 2.778183479189868, 2.733605610463906, 2.5549835838303134, 2.508671624465793, 2.468024185058197, 2.525807900445877, 2.537853740882993, 2.421287845183814, 3.499067974477032, 2.463037673080623, 2.5911238443146924, 3.5630707695072914, 2.8064044106655213, 2.2039963832199883, 2.2322497148978275, 2.1210363672200656, 2.3592251974340916, 2.1120095664580174, 2.829002831090342, 2.4304263630966423, 2.787677448224807, 2.895391777258895, 2.12065567335347, 2.2498233204201745, 2.3395307480289675, 2.520070274658917, 3.3244811006648263, 3.450496986738994, 2.162028364279664, 3.780903851796441, 2.2684709140672275, 4.134749730279669, 2.464675439152241, 2.720517114751657, 2.140347576900053, 3.305974606566095, 2.434823912364942, 2.3953491931313007, 2.3855172751859346, 2.2111743850129617, 2.963544011554797, 2.9358568556241726, 2.382611019166891, 3.0185910766398907, 2.24906483219627, 2.581494134010917, 3.402343346489437, 2.7637313706151456, 2.3862839736289363, 2.158105835087256, 2.591837109706305, 2.856695082878621, 2.583812915618105, 2.3593374279635944, 2.3015749135029457, 2.2563171967023403, 2.4393713631984393, 2.3330054330388994, 2.301228281607781, 2.981910379025262, 2.2682017846359566, 2.204740301883976, 2.3443454443506027, 3.5218935896458055, 2.210698435278448, 2.635741393803315, 2.7777340445826084, 2.1084805046224937, 2.7420763640393715, 3.2309374804931315, 2.210067571156661, 2.1401212120310182, 2.1757522833321294, 2.674970935180912, 2.1572419401744023, 2.2154849233298677, 2.3779901605155804, 2.7281363155526526, 2.676471010295129, 2.5210444206613403, 2.5453860381100135, 3.014280532097151, 2.762208643339396, 2.4300804425659135, 2.119774309371413, 2.209212740383488, 3.0229178007994313, 2.7041958546639355, 3.1043445211488794, 2.4934012988342804, 2.2099293018258934, 3.503450640316844, 2.2189482458528884, 2.8587328053395322, 2.102597713167087, 2.087649247298852, 2.22742509337108, 2.9407260501145323, 2.6871784080574197, 2.962255954431236, 3.1293380623791687, 2.108427767809805, 2.3500954022538, 2.5180092910082563, 2.1077235665578735, 2.335124528039899, 3.5601017290560306, 2.4992647936002137, 3.0160382168258133, 2.3470888804027066, 2.2685539307529687, 2.332734955161108, 2.428412476062099, 2.604590368964659, 2.152258586623526, 2.226351432003694, 2.4890944108538764, 2.413147259712653, 2.5228350691328663, 2.1872402523419923, 2.3970153369328906, 2.0904762700640367, 2.1254039641259146, 2.4297081536288405, 2.2134311540807285, 2.108395631314573, 2.267053186696814, 2.408302889059592, 2.289529003631588, 2.338847174130427, 2.2086395571505792, 2.4846503824798525, 2.3823455222755126, 2.7151756802394047, 2.388633324837955, 3.7993561007654746, 2.158779006534712, 2.622828797535237, 2.4486021959508832, 2.428291299410943, 2.682650726786201, 2.1196681765358774, 2.306283215858839, 2.234192367738087, 2.1746044336434553, 2.802600768182686, 2.5022599789020012, 2.210886145371111, 2.2261800101840117, 2.2259200865527773, 2.289669351449213, 2.663489504722422, 2.8732398748722177, 2.2670426393342766, 2.5366109649314796, 2.33039849054236, 3.5839143775504563, 2.1845113434858727, 2.558820465894228, 2.172508474944165, 2.919893080819336, 2.142726575380372, 2.244594720941719, 2.724322661427491, 3.481909012144449, 2.338563155408449, 2.2299688477490482, 2.529527719897411, 3.0262375785606683, 2.315169557930082, 2.544671215400262, 2.407051048968398, 2.215052811070901, 2.8834620191387494, 2.1786587409214264, 2.253947707629504, 2.575499651123662, 2.421933630588486, 3.1122014375862648, 2.1565955846138882, 2.356291685049847, 2.3845956082596, 2.559355734668728, 2.2176867193220784, 2.586567713303482, 2.1581559350593107, 2.529253646301803, 2.9627638886632894, 2.3571775258789196, 2.1970924508982153, 3.1629029655209853, 3.068303679003389, 2.1735218457604835, 2.1952329838433253, 2.3348777546918824, 2.3567056494233847, 3.092575096806188, 2.428860079759793, 2.430233214520171, 3.8519065385424502, 2.485235925903235, 2.7738107850788523, 2.652652987523881, 3.198349504584169, 2.325540567229041, 2.497979705366788, 2.3244286861937766, 2.0878417366651654, 2.1727863320260177, 2.1735524990328585, 2.374174297404327, 2.7665792408131336, 2.593189644149226, 2.13728644354647, 2.2481421697131876, 2.1904089206703548, 2.5545024745528147, 2.0955290961811803, 2.4664084082695115, 2.1276169227540684, 2.286958184869403, 3.274549955287054, 2.1926263020736547, 2.398669961457523, 2.157857642462541, 2.576376931952451, 2.156702211857043, 3.378223515329965, 2.0845341496943557, 2.553653906276148, 3.3424686844664233, 2.4876556798931744, 2.1393322750952612, 2.418783164241613, 2.713523918599824, 2.3739567831601454, 2.6609371339703896, 2.662768823216525, 2.305150586875409, 2.6414604646108777, 2.0863445055924297, 2.1267822077650216, 3.0876205785665816, 2.6282811519355174, 2.354773524054576, 2.681004225142649, 2.6217297564342346, 2.248009377718235, 3.13984126565329, 2.4372498444581114, 2.120857226859464, 2.718378947369315, 2.300679668651487, 2.3941710197753308, 3.3092594005255145, 2.263162324686171, 2.3405966908554343, 2.571728841124115, 2.868975204036085, 3.140488323309376, 2.5384555997578007, 2.126497593779043, 2.3056918457459847, 2.6597220226093294, 2.4287130388416904, 2.662581678076639, 2.541017697478588, 2.7629778109141254, 2.766227789208163, 2.3648127975147784, 2.339157635079196, 2.606827270617072, 2.3333895508486044, 2.4570306844564773, 2.1955484429401535, 2.1746777707736005, 2.3054875441228386, 2.4813058408881545, 2.381594478250313, 3.449762321614088, 2.3143058965656524, 2.6438292498624527, 2.6210166650301243, 2.7942893328571423, 2.104061983731892, 2.222941236569311, 2.4330666148096207, 2.558274494709652, 2.304412028075056, 2.278902272921176, 2.604108028712819, 2.252521612653314, 2.1079176030932016, 2.4908574265807943, 2.091454006621567, 3.6639870903632628, 2.7172403071360813, 2.6983433672465353, 2.375765655835362, 2.3367045492764804, 2.34030123862152, 2.1608722105178497, 2.7300351952780137, 2.108008510148931, 2.285764849679785, 3.526435603116595, 2.3374057840826987, 2.2321964836775203, 2.156258563420301, 2.466078073434891, 2.1433749085713614, 2.335104911737954, 2.3380251120267097, 2.137802934705738, 2.3394704302994547, 2.268205018682375, 2.2719843296782827, 2.595437705718326, 2.567090748893809, 2.320603646284396, 3.0990067911289003, 3.8297111418080485, 2.3416380781034936, 2.1966909919116238, 2.871781565154758, 3.8865777699145734, 2.1735066839268353, 2.3559545629998784, 2.108704965681499, 2.1481095009844373, 2.5549892051982908, 2.3821872362177263, 2.520033325102406, 2.515219010515936, 2.358003351405114, 3.3061209143110823, 2.6711094806377713, 2.295075029820549, 2.348228049913668, 2.3194692833680386, 2.1266459160647297, 2.4933091643403262, 2.849130745467871, 2.7852100934793524, 3.0667612313639188, 2.17384996761693, 3.409478051079011, 2.57502416382878, 2.1631418981298673, 2.563676620729886, 3.1969478424869515, 3.5008652180747886, 2.3328143581495584, 2.7865366209566704, 2.600884628376308, 2.7349401901234827, 2.4697358659347857, 2.457633827831648, 2.106090373389925, 2.1598237367605857, 2.987477243235652, 2.6429581880209465, 2.1560722356941127, 2.35603220230021, 2.1377127877165485, 2.282936906977573, 3.306955249807299, 3.0300958483881417, 3.0404987143650724, 3.1464055283370405, 2.157807872095566, 2.45442050777101, 3.305782750038172, 3.1328859952806294, 2.1913593001488123, 3.2016124867982825, 2.4338137113638645, 2.8043790919183147, 2.446425280352617, 2.2261049241720885, 2.139309559523234, 3.0744699952006833, 3.3484007482429146, 3.0477057081231216, 2.08946701931121, 3.2734264570491427, 2.17950862761841, 3.171748739243878, 2.4896096542906796, 2.505324667233973, 2.5557771803547444, 2.296142052729366, 2.2811242049919374, 2.6389420236650625, 2.378621046883759, 2.0856655191290647, 2.7087358781623174, 2.1426122024178533, 2.3876639291212793, 2.259242606726207, 3.7374546784935014, 2.1426074231442036, 2.2686107354990623, 2.5059340400891776, 2.3956699898555556, 2.17249660916131, 2.5384995649831548, 2.5173616692656458, 2.120880134412476, 3.2828453750304147, 2.1613728806333112, 2.427387239462926, 2.3001520669761772, 2.664018520874704, 2.1781586931058996, 2.5562820123759735, 2.432028213755853, 2.3181628936362197, 2.202120546356784, 2.302783139521716, 2.10358998925833, 2.1609185200314918, 2.2275586106066423, 2.2322279609625935, 3.3912409505320262, 2.141490042176788, 2.828531433537544, 2.6321410683924515, 3.192004975555033, 2.818126775946116, 2.3029301433870857, 2.6643360953686126, 2.8446505884274402, 2.810872994750279, 2.139724861923156, 2.144413722924944, 2.592663264837579, 2.6818338247862923, 2.1543817920987474, 2.5144646472633845, 2.298214195883191, 2.650788969683211, 3.027177486163983, 2.295576695635268, 2.325380543963039, 3.706686037649941, 2.42175102429999, 3.075789057050733, 3.334120381331973, 3.6323345066394084, 2.3082089722543495, 2.809090650494403, 2.210801500811888, 2.3365967684155486, 2.1758549553143323, 3.019684045366386, 2.2029099038797133, 2.671617494252073, 2.147592340740722, 2.0872258695744867, 2.703221680824882, 2.1667785658886665, 2.7181286617030143, 2.569210035733283, 2.087457581945237, 2.6863201436093584, 2.2719947219700596, 2.531378186385611, 2.648150975288497, 3.160241318710418, 2.3689006527848684, 2.15603336918818, 3.0491245281156996, 2.855887053956423, 2.1794234247054103, 2.1567760162163627, 2.1075743833492653, 2.1360665479695236, 2.3654093611604665, 3.011306563276669, 2.9843481527776574, 2.3571841179805055, 2.619882007103961, 2.535253651214908, 4.150666925224554, 3.4148920900639697, 2.3978811893243055, 2.6085825221396592, 2.885231668809529, 2.734290898275784, 2.213328781677401, 3.283758897154518, 2.1978111247474326, 2.2546543809195305, 2.358735898693866, 2.5375618268589744, 2.1253833539341693, 2.232984044988312, 2.105040416409804, 3.2709750585969295, 2.6072328496671546, 3.0768929221386423, 3.580473156126753, 2.3369690994659096, 2.6260408262114927, 2.8142714831796303, 3.585367925672558, 2.142522476015836, 3.8604094218414664, 2.2140709544498796, 2.411229287756187, 2.177896199570458, 2.4109178109562452, 2.521464900818202, 2.1082244014758746, 2.3165604912222326, 2.5204060934982477, 2.2715879893021995, 2.1744906829808723, 2.2842854171388227, 2.4325401007216376, 3.276135110496516, 2.243003104940785, 2.574063962096069, 2.5569092310933104, 3.0136790028274225, 2.1410564664435414, 2.87731514872212, 2.34931641755909, 2.2279068383729266, 3.0076139119367147, 2.1668081936964088, 2.422590373508725, 2.373684364562101, 2.421383042583474, 3.652873782589083, 2.3281660064620278, 2.610043062573295, 2.493316602273474, 2.2264149885793514, 2.2738495646795505, 2.427029819522135, 2.1548008849570817, 2.178932477939788, 2.5462142667960928, 2.448301557266552, 2.403989209453443, 2.1056388685031493, 2.139978301050696, 2.6633588163084783, 2.5100098038078, 2.707688803933175, 2.1713202854009905, 2.171059806263738, 2.263846026334518, 2.247520369731082, 2.142451190336614, 2.152125096566408, 2.662631593497576, 2.677381256563901, 2.124335054853734, 3.3439514574680307, 2.3911362717047187, 2.124779527303174, 2.6461591747845357, 2.652872641869964, 2.2576104663196546, 2.9562110102537087, 3.574346099210124, 2.3515328836825793, 2.5897548296178057, 2.223141179102641, 2.535031332588918, 2.711831023403298, 2.996989828216061, 2.5693078529646254, 2.300647101694794, 3.5561994014127705, 3.2920169067213783, 2.336594790785073, 2.965522742839166, 3.173594545858385, 2.138952762024888, 2.600313863512963, 2.1725414354520955, 3.079619914331328, 2.7697928903363414, 3.0129975443259625, 2.087728352517885, 2.4793614733469, 2.6472950504273283, 2.2093165659834684, 2.1557375954140174, 3.0141795081403444, 3.338471846820868, 2.1625393800449006, 2.1522487256495912, 2.377858812891478, 2.5183019716252004, 2.256069031256069, 2.684066326554131, 2.1369950726563656, 2.531729777281625, 2.0854848955456062, 2.4027729126631354, 2.1754467394236148, 2.1577912909852195, 3.4992827013031476, 2.437553637010255, 2.6586643790562765, 2.4338123664534597, 2.8863310358671557, 2.6172340269655905, 2.805451174148699, 2.556134472403219, 2.1436166738970304, 2.643131065885041, 2.1775150752424017, 2.3393391790030194, 2.590180972075122, 2.388603229919357, 2.5386274888066573, 2.1759062089041636, 2.52209049125872, 2.120087662945449, 2.8716946693596257, 2.4032010696611503, 2.2342968821710922, 2.816538622062125, 2.4516908562708246, 2.270597914647894, 2.378123183201014, 2.1439077151820554, 2.5534198866698423, 2.611728927800129, 2.6278747488727365, 2.254835430032397, 2.1413224577425396, 2.5576113096608037, 2.1531438689563114, 2.5296612029823615, 2.5694319881289895, 2.564502269484775, 2.3892562784378386, 2.7122301751543345, 2.4968937134317937, 2.394446240016549, 2.1744427351736126, 2.4837481573211444, 2.669074426262708, 2.3643447488312166, 2.213514910681095, 3.5735948013420753, 2.2327195002627755, 2.6947119548265475, 2.8217853304747025, 2.1570659310620544, 3.034729428788985, 2.430686915911832, 2.1941911020451377, 2.2451997851702465, 3.3026042838753566, 3.3839374260051485, 2.206105425266069, 2.2100880607434474, 2.245672603656507, 2.5170038608723706, 3.3202027844554793, 2.9914240408583033, 2.9282566379319523, 2.4748452587008964, 2.104379850920657, 2.784766747469245, 2.16163837752469, 3.282233999003698, 3.17466798071406, 2.916768676042746, 2.646473426191717, 2.527269927721285, 2.82325841705508, 2.3975306744743814, 2.2457695075498223, 2.4102208610160583, 3.2264959748650046, 2.1077926188219873, 2.574068213174471, 3.604596623352049, 2.3751728611002347, 2.1399824482926317, 2.1428025493511513, 2.5181580689818808, 2.305763428648777, 2.4326020463246314, 2.291441500336532, 2.2106129395280822, 2.3189353231395673, 3.211555183370279, 2.144364877427049, 3.2508723364169785, 2.449714777763746, 2.7511457610707035, 3.1575042188731133, 2.3393850625839154, 2.6839469616693874, 2.546305393099398, 2.13989714452325, 2.695598086541018, 2.4935519184812334, 2.8403803722635215, 3.113380554104245, 2.520354094790726, 2.696243214663307, 2.758377858615637, 2.121922648099868, 2.9221630611262097, 2.7201947911426276, 2.8312610954578656, 2.611512220009642, 2.6272498176423773, 2.142224284275448, 2.2319887756762484, 2.4943305667110356, 2.470913402326989, 2.89314871043024, 2.513025159108093, 2.505931509036977, 2.690435504375919, 3.4800913660826236, 2.427651582736527, 2.0855737241144787, 2.5537712068323732, 2.2379872386475945, 2.7681954593194975, 2.210934762120308, 2.60845284116843, 2.5353493626384394, 2.487304197775863, 2.3253943601979254, 2.2636765086098842, 2.401653381832837, 2.5168203967937317, 2.5013497306914463, 3.7192308161973675, 2.444693628033317, 2.232108119490063, 2.184249334626271, 2.5754631018700826, 2.204615445505078, 3.1136564657844374, 2.4703171734894447, 2.3416942757695147, 2.424343995765718, 2.6060836815581636, 2.1578054000574713, 2.541297784356634, 2.102722633492143, 2.4401599433506727, 2.34079280587762, 3.058355447493571, 2.899700617229776, 3.160526271398291, 2.090869469175068, 2.899860433850962, 2.3377944102900603, 2.1340056086347623, 2.521170563482384, 2.383087357235571, 2.4648640992081354, 2.161838777412907, 2.762274597645596, 2.177602356642259, 2.802954392162974, 2.3873008419479826, 2.960581213973988, 2.2488979241338263, 2.2122734801858335, 2.5534190626571442, 3.281036504425484, 2.207614586067818, 3.4595597882509415, 2.329760955566488, 2.161402380287909, 2.599950731246293, 2.3389015319325774, 2.6857687580817355, 2.611044238001679, 2.1701808676777734, 2.1596976430691748, 2.3072763818609054, 3.0082170285507863, 2.537462982245407, 2.7301857085805015, 2.1051734120593033, 2.157308190795342, 2.8124368625885467, 2.7365110608853236, 2.382087009095174, 2.126436287234293, 2.726679204801823, 2.1209088738580237, 2.5339128177523023, 3.132703495065587, 3.3438687666259437, 3.724256983680954, 3.865983843611372, 2.602058681953806, 2.302969270334868, 2.545063482354857, 2.775773082034465, 2.483606358391159, 2.6284517465855317, 2.319698523700694, 2.142854791756221, 2.4170382279252522, 2.3953489914185377, 3.6084457514681536, 2.5870477831014873, 2.993295351818577, 2.3943902071530676, 2.4944727087291203, 2.534227425800497, 2.3710076957607567, 2.403399066257157, 2.8586909454944607, 3.0101639294591918, 2.1261585949549797, 2.393828210744278, 2.0899971890812696, 2.7562740564733805, 2.4982556687979196, 3.225489801810218, 2.1748852299925776, 2.569622499864827, 2.337747749352476, 2.6937572418880893, 2.6987021123491535, 2.165348557351291, 2.295870565599402, 2.0913289854401294, 2.284705034573489, 2.411161224307311, 2.1239095346963532, 2.1019296036713393, 2.132793734334581, 2.504829680956632, 2.511049506262749, 2.6311250619991093, 2.402553958833823, 2.8133772149439866, 2.6045639799928777, 2.1235029027423646, 2.726044476916854, 2.728145050087254, 2.5270627683118403, 2.181343694023143, 2.588283802148875, 2.245033005000119, 2.161879318837661, 2.411735890763076, 3.2101329700792585, 2.753961922564087, 2.201003999418865, 2.246448995162316, 2.537753046531266, 2.5937038280729396, 2.622893235328241, 2.9104512928604107, 2.3543033695873943, 2.5093239611083664, 2.1262934034324146, 3.291711453130791, 2.223506556207338, 2.8045134664578835, 2.4501756621246047, 2.08878572561229, 2.3715419315466293, 3.642916394039899, 2.1791961620032305, 2.4513597782462906, 2.6742530285430828, 2.8299682356144333, 2.5198837284514735, 2.603522064417245, 2.1408980912029363, 3.3560696242688652, 2.1040382521661822, 2.1064915027714375, 2.2674354897367994, 2.1443813576810142, 2.1736339114874466, 2.175030256227471, 2.6519502610266374, 2.6524436880376956, 2.0875561338639486, 2.206050939429093, 3.0210306986931856, 3.0832372439073543, 2.208865007024823, 2.249416258147235, 2.1583420610727355, 2.3932056064980514, 2.1442303985546936, 2.5877090296196563, 2.210346554677847, 2.2441269206371137, 2.173213829813874, 2.235973223720735, 2.9757309726213483, 3.38103317932374, 2.148048211340505, 2.916817565334884, 2.8688235935197723, 2.267853984055845, 3.210998455425687, 2.410695949827651, 3.0737720156117447, 2.374765013534278, 3.35790799659868, 2.178796680647115, 2.4986800741895294, 2.421364146689387, 3.075454818124909, 2.8291622925847686, 2.103927898410774, 3.7130142607471597, 3.0576091198288164, 2.261962074531398, 2.172806437935855, 2.3848830238887526, 2.357060351273227, 2.9735995315882144, 2.3026638224830083, 2.570326700974249, 2.251270160767783, 2.244513382592597, 2.4876018311624746, 3.390132088500091, 2.188766168955107, 2.2653736451632174, 3.1933595395036685, 3.1145128180968107, 2.993862105135337, 2.7102328487932033, 2.1578592904879375, 2.5534187449966397, 2.438146577759683, 2.337335413398267, 2.392673953505135, 2.1751916250922343, 2.3404869323640263, 2.1464779187891527, 2.388531147263371, 2.1747443509996196, 2.632406486260319, 2.5360789454232604, 2.353257042920363, 2.383751277921943, 2.552956818569356, 2.493529037703328, 2.524559525997558, 2.426694903993849, 3.088321409947273, 3.0400452441967016, 2.124495737329894, 2.499553323995137, 2.5566874266235167, 2.337555095183623, 2.180047824617927, 2.3586522060396575, 2.8171367280771014, 2.339361326086153, 2.556532512236244, 3.4315169273655415, 3.3460070111030515, 2.5174173504443567, 2.7562981865223803, 2.1069287239091334, 2.144017144068384, 2.172494796333374, 2.745552205044553, 3.6571724553839617, 3.5092729683436277, 2.592439957396351, 2.6035983600465915, 2.5729402676828714, 2.0885790632275665, 2.7391640896247074, 2.5705239697567217, 2.6746956345202464, 2.3896384555272907, 2.3372208756332093, 2.141834993640856, 2.3559271690105823, 2.214614473225651, 2.266370148915843, 2.606847959974838, 2.980703826745471, 2.6456456230350462, 2.3954151141471614, 2.1387915851411083, 2.128233704839538, 3.9455911042290386, 2.1373950212416557, 2.250992033094957, 2.0867245402488663, 3.0716521988605483, 2.2299108003448675, 2.6518799771595365, 2.343471565371224, 2.3594656443394433, 2.6808223533636273, 3.097942798896974, 2.3938237439140613, 2.3376030527226614, 2.319441761343917, 2.321259533356275, 2.559982808332103, 2.660420423794202, 2.392628305011109, 2.6402346612506626, 2.711322587131538, 2.503365915229766, 2.4254149367160527, 2.338254846766984, 2.1747550262544735, 3.131809842904045, 2.8194256214105065, 2.571586946137475, 2.3362083288295894, 2.2277269010355614, 2.766613519741381, 2.5727985744089943, 2.4479829220889258, 2.407511177659105, 2.371734091307863, 2.8382207654606337, 2.186503668566166, 2.2482230139397097, 2.2313187453513352, 2.7592156686009, 2.765033228188661, 2.481563795714716, 2.7035130823010443, 2.1899553473135196, 2.193367318095577, 2.178827663524569, 2.302205302965691, 2.090632173266547, 2.4100998959519537, 2.7808848189463546, 2.626910654015774, 2.8313977063532847, 3.0222449120300334, 3.047637248940384, 2.0881017950727356, 2.7162830814383536, 2.585913451878282, 2.1287941072948007, 2.8537613447499552, 2.175802548106723, 2.7168514148422696, 2.108102777201612, 3.478972686443468, 2.1774403557457815, 2.3901041875043463, 2.2077484698186827, 2.196997030227757, 2.354211739375348, 2.6476530527443396, 2.3949465976885778, 2.500511982310074, 2.6234437029891216, 2.196825834309013, 2.4170657396717474, 2.339852112981288, 2.9952035364790457, 2.76563107964824, 2.2536950506723867, 2.226729818634734, 2.0853339364192855, 2.2131427865465616, 2.315448829356581, 2.240084946086153, 3.193618056071634, 3.082715981539267, 2.6505954372872806, 2.8463520098468043, 2.2477132275544807, 3.1096501087581476, 2.2168401286758876, 2.5585047042282554, 2.3954922417357185, 2.2732130779261763, 2.79409844524739, 2.8342136556551614, 2.7703575579090574, 2.277243242664726, 4.072179549176078, 3.1884001200319605, 3.5739736823807347, 2.1019281204484823, 2.6563526681785765, 2.5184044216002155, 2.9924680404524233, 2.698478214575977, 2.2102524796061505, 3.480796019771396, 3.0209948847667754, 2.343719162731939, 2.2628554623573396, 2.16526597126952, 2.2387196949542534, 2.7048003007238846, 2.92844760934781, 2.36313547679256, 2.288578039309266, 2.5349612915095663, 2.1783871463360804, 2.605771896972006, 2.6219893205766955, 2.088914271593218, 2.7182944530579043, 2.6864808112549867, 2.468912800351999, 2.359808928029538, 2.104406091434685, 2.3464378531664343, 2.1087006808154682, 2.175675320546112, 2.242574480713595, 2.9089965780832934, 2.2643968033060538, 2.2862981874658117, 2.276513934364629, 2.55431448511599, 2.2671837695831525, 2.988947489605868, 2.9767066036560865, 2.141255692965403, 2.557355700921804, 2.1557275424590987, 2.370878106916912, 2.4124099331502515, 2.371369712892693, 2.206772014628737, 2.3211326082222987, 3.0918522008858265, 2.7219632725317986, 2.425403978522313, 2.1200407950780296, 2.2702034831665854, 2.5977357193577584, 2.60496562227716, 3.3990789262427796, 2.211603860431294, 3.0104317335861257, 2.246315992771307, 2.254711489051628, 2.3742268945226344, 2.7064576577284614, 2.454549053894448, 2.908268022965717, 2.32926754663706, 2.4770790657706154, 2.266752712815023, 2.5779018202289823, 2.591995056437417, 2.3603618405500693, 2.3751870143700677, 2.387362207506839, 2.3246980966463413, 2.2291655804222086, 3.4865886910127197, 2.26959710080276, 2.608525972882995, 2.0853641592302, 2.5461648582630123, 2.3494126203757797, 2.902084961283065, 3.7155227590552045, 2.3547384480070552, 2.190157395227133, 2.286723862693953, 2.2205770163882006, 2.2702294751833385, 2.610147345670671, 3.1051910182454012, 2.5184921876759128, 2.8015336368683323, 2.156639751694515, 2.4315778015309655, 2.7226801382102965, 2.1768382951582104, 2.335552744326855, 3.140716739629333, 2.1615380127780424, 2.5868908910837387, 2.36004904532981, 2.1774439814016535, 2.482702212806623, 2.14279826448512, 2.2082684218312836, 2.272303795610117, 2.2529931713198414, 2.7299766486664874, 2.303739971250862, 2.5542968009833293, 2.1914153330122943, 2.4432262982554387, 3.142316518976074, 2.174588969240663, 2.6621827853855238, 2.324740492598798, 2.345447321157243, 2.40841020254884, 2.213901043031499, 3.01204778728995, 2.1043435943619335, 2.206243126368771, 3.0535347263895853, 2.1970591607852055, 3.3514947894386786, 2.5036231633732995, 2.9898295842336857, 2.2349560721777837, 2.374075605791234, 2.444493910664144, 2.7341171575469847, 2.089603311011502, 2.2288640115232234, 2.5800960111161935, 2.430477616686474, 2.159547692506669, 2.193442962603787, 2.173831647356584, 3.2649007694382073, 2.8099280926178203, 2.1222041580160376, 2.53603379627909, 2.3390646864468323, 2.55353214423528, 2.086176901409604, 3.304090308375396, 2.19057484006007, 2.582396199539979, 2.1059888550254997, 3.329462286403516, 2.233517511212502, 2.9325153003590914, 2.2175831224707956, 2.453574103888732, 2.6174511478252356, 2.2333871082060566, 2.2213569090511727, 3.0685544748338036, 2.570973386282352, 2.192689394267897, 3.4223729125006463, 2.522696964604638, 2.1426415372699115, 2.1821586129588546, 3.6302764102442495, 2.224931987729674, 2.5172579863885134, 2.3006251829570203, 2.897113469390636, 2.1951415184338186, 2.0938207530551507, 2.281435002144786, 3.3331376202788063, 2.1247173967457256, 2.748932627765721, 3.2120273078064434, 2.508581242989178, 2.430694826433735, 2.353342570781225, 2.5743698657681913, 2.3945929142768394, 2.228860742508365, 2.9789528622715387, 2.1223946598775862, 3.0664208042793115, 2.979637220755384, 2.4513618144773504, 2.3252639054647317, 2.6133343881645485, 2.142242183806112, 2.2045295194357615, 3.0879043706101474, 2.161935516503682, 2.087573438130612, 2.879437124949659, 2.4642310926533333, 2.1791900643092634, 2.929231939361611, 2.200531520269463, 2.196975111489983, 2.1832990662818212, 2.148357034398994, 2.3268109930969922, 3.3424883338978115, 3.0040533279491974, 3.1672515214918224, 2.3002000931185913, 2.1381462183958324, 2.6183936044096865, 3.2823865647600243, 2.4685999409005626, 2.3560494524950037, 2.178250854635788, 2.5375000746329004, 2.3367955202783683, 2.667662366124801, 2.4837170386290524, 2.221107983135024]"
1.5,8000,0.6315538054072288,0.6315538054072288,0.020724773406982422,0.3142663953544552,"[2, 2, 3, 4, 3, 4, 4, 2, 2, 2, 2, 2, 5, 3, 3, 3, 4, 4, 4, 2, 2, 3, 3, 1, 3, 3, 2, 5, 3, 2, 3, 3, 2, 3, 3, 2, 3, 2, 2, 4, 1, 3, 1, 2, 3, 4, 3, 5, 2, 3, 2, 3, 3, 3, 2, 3, 4, 3, 4, 5, 3, 2, 3, 4, 3, 5, 2, 1, 2, 5, 3, 2, 2, 3, 5, 2, 2, 3, 3, 3, 3, 3, 1, 2, 2, 3, 2, 2, 4, 3, 2, 2, 3, 2, 2, 3, 2, 3, 4, 2, 3, 2, 1, 3, 4, 2, 1, 3, 3, 2, 3, 1, 4, 3, 3, 3, 3, 2, 1, 3, 3, 5, 3, 3, 3, 3, 2, 3, 4, 4, 2, 3, 1, 3, 3, 1, 3, 4, 4, 3, 2, 2, 2, 3, 2, 2, 2, 2, 1, 3, 2, 1, 2, 3, 1, 2, 2, 3, 2, 2, 3, 2, 2, 1, 2, 2, 2, 2, 2, 1, 1, 4, 3, 1, 3, 2, 3, 2, 2, 3, 2, 2, 2, 2, 3, 3, 3, 1, 3, 4, 1, 2, 4, 3, 4, 3, 1, 3, 2, 1, 2, 3, 2, 2, 1, 2, 2, 2, 3, 3, 2, 2, 1, 2, 2, 4, 3, 2, 3, 3, 3, 4, 3, 2, 4, 5, 2, 3, 3, 5, 3, 1, 2, 3, 3, 1, 2, 3, 3, 2, 4, 3, 4, 2, 3, 1, 3, 2, 1, 3, 3, 3, 2, 3, 3, 3, 2, 3, 2, 3, 2, 2, 4, 3, 4, 2, 3, 5, 2, 2, 3, 2, 4, 3, 4, 3, 2, 2, 5, 3, 3, 2, 2, 3, 2, 2, 2, 3, 4, 1, 3, 2, 2, 5, 2, 1, 4, 2, 2, 1, 2, 2, 2, 3, 4, 4, 2, 2, 1, 2, 1, 4, 4, 2, 5, 2, 4, 1, 2, 2, 5, 2, 2, 2, 3, 4, 5, 3, 4, 2, 4, 2, 2, 3, 2, 1, 3, 4, 2, 3, 3, 2, 3, 2, 2, 2, 2, 3, 4, 3, 3, 4, 1, 2, 5, 2, 3, 1, 3, 3, 2, 2, 1, 3, 1, 2, 2, 3, 1, 2, 1, 3, 4, 1, 3, 1, 4, 1, 3, 2, 2, 2, 2, 4, 3, 4, 1, 3, 4, 1, 2, 4, 2, 4, 1, 2, 2, 3, 3, 2, 3, 3, 2, 1, 3, 3, 2, 2, 3, 2, 2, 2, 2, 2, 3, 2, 2, 2, 2, 2, 5, 2, 3, 3, 2, 2, 2, 2, 3, 2, 3, 3, 2, 2, 2, 3, 2, 4, 3, 3, 3, 4, 3, 3, 2, 4, 2, 2, 3, 1, 2, 2, 2, 1, 2, 3, 2, 2, 3, 2, 2, 3, 2, 4, 2, 1, 1, 2, 3, 2, 1, 2, 4, 3, 3, 5, 2, 2, 2, 4, 3, 2, 3, 3, 5, 2, 2, 2, 3, 2, 2, 2, 3, 2, 2, 3, 1, 3, 3, 3, 2, 2, 1, 2, 3, 3, 5, 2, 3, 1, 3, 2, 2, 2, 3, 4, 3, 3, 3, 3, 3, 2, 1, 3, 3, 2, 2, 1, 3, 2, 3, 4, 3, 3, 3, 2, 3, 3, 4, 3, 2, 2, 2, 2, 2, 2, 2, 3, 3, 2, 3, 2, 1, 3, 2, 3, 3, 3, 3, 2, 2, 3, 3, 3, 5, 3, 4, 5, 3, 3, 2, 3, 2, 3, 2, 1, 4, 2, 2, 3, 4, 4, 2, 3, 2, 2, 2, 3, 3, 2, 4, 3, 3, 1, 2, 2, 3, 4, 2, 2, 2, 2, 4, 2, 3, 3, 4, 3, 2, 3, 1, 2, 3, 3, 1, 4, 2, 3, 2, 3, 4, 2, 3, 2, 3, 2, 3, 2, 3, 3, 2, 3, 2, 3, 3, 4, 2, 3, 3, 3, 5, 2, 1, 2, 2, 3, 3, 2, 2, 2, 2, 4, 4, 2, 2, 3, 3, 4, 4, 2, 2, 1, 2, 2, 2, 2, 2, 5, 3, 2, 1, 1, 3, 2, 3, 2, 2, 3, 3, 3, 1, 3, 2, 2, 2, 1, 2, 2, 3, 2, 3, 2, 2, 3, 4, 3, 2, 3, 3, 2, 3, 3, 3, 1, 3, 3, 3, 2, 2, 5, 4, 4, 2, 3, 3, 1, 2, 3, 3, 3, 2, 2, 3, 2, 4, 2, 3, 4, 1, 2, 5, 2, 4, 2, 3, 2, 2, 2, 3, 2, 4, 1, 2, 2, 2, 3, 1, 3, 3, 2, 1, 3, 3, 3, 3, 3, 2, 1, 1, 2, 2, 2, 1, 2, 2, 3, 3, 4, 2, 4, 4, 2, 2, 2, 4, 3, 2, 1, 1, 2, 3, 3, 2, 2, 3, 3, 3, 4, 2, 3, 4, 4, 2, 3, 2, 2, 3, 3, 3, 1, 2, 3, 2, 2, 3, 1, 4, 3, 3, 3, 2, 2, 2, 3, 2, 4, 3, 2, 2, 3, 4, 2, 1, 3, 2, 2, 2, 2, 2, 3, 2, 3, 2, 2, 2, 4, 2, 3, 1, 3, 2, 2, 2, 3, 3, 2, 4, 3, 1, 3, 3, 3, 3, 4, 2, 2, 2, 3, 3, 4, 2, 2, 3, 4, 3, 4, 1, 2, 4, 2, 3, 2, 2, 1, 1, 1, 3, 2, 2, 5, 2, 2, 3, 3, 2, 2, 1, 3, 2, 3, 3, 3, 4, 2, 3, 3, 3, 3, 2, 3, 2, 3, 2, 2, 2, 3, 3, 2, 2, 1, 3, 1, 2, 2, 2, 1, 3, 2, 3, 2, 3, 2, 2, 3, 3, 4, 2, 3, 3, 3, 2, 3, 3, 4, 4, 3, 1, 4, 3, 2, 3, 2, 3, 3, 2, 2, 5, 4, 2, 2, 2, 1, 3, 3, 2, 1, 2, 2, 2, 4, 3, 4, 2, 3, 3, 3, 3, 3, 2, 2, 2, 2, 2, 2, 1, 1, 4, 2, 2, 2, 2, 3, 3, 3, 2, 2, 3, 3, 3, 2, 2, 2, 3, 3, 3, 2, 4, 3, 2, 3, 2, 3, 3, 3, 3, 2, 1, 2, 4, 2, 2, 2, 5, 3, 2, 1, 2, 2, 2, 4, 2, 1, 3, 1, 2, 3, 3, 5, 3, 2, 1, 2, 2, 4, 2, 3, 2, 1, 2, 3, 1, 1, 1, 4, 2, 4, 2, 3, 3, 1, 1, 3, 2, 1, 2, 3, 4, 2, 4, 2, 3, 3, 4, 2, 5, 3, 3, 3, 2, 2, 2, 3, 3, 1, 3, 2, 3, 2, 2, 4, 4, 2, 3, 4, 3, 3, 3, 3, 5, 4, 3, 3, 3, 2, 3, 4, 3, 2, 3, 1, 3, 3, 3, 3, 2, 2, 2, 3, 2, 4, 1, 3, 1, 3, 3, 3, 1, 2, 2, 2, 3, 2, 4, 2, 1, 3, 2, 2, 2, 1, 2, 3, 2, 3, 2, 2, 1, 1, 2, 2, 5, 1, 2, 1, 3, 4, 2, 2, 3, 2, 3, 3, 4, 3, 1, 4, 2, 3, 3, 3, 3, 5, 2, 2, 2, 2, 2, 3, 2, 4, 1, 2, 2, 3, 1, 2, 2, 2, 3, 3, 2, 3, 3, 1, 3, 3, 1, 3, 2, 2, 3, 3, 2, 3, 1, 4, 3, 2, 3, 2, 4, 2, 1, 2, 3, 2, 4, 3, 1, 4, 4, 3, 2, 2, 3, 4, 4, 4, 2, 3, 2, 4, 1, 2, 4, 4, 2, 2, 3, 4, 2, 2, 3, 2, 2, 2, 3, 2, 2, 3, 2, 2, 2, 4, 4, 2, 1, 4, 3, 2, 3, 4, 2, 1, 3, 3, 3, 4, 4, 3, 3, 2, 2, 2, 2, 5, 4, 2, 4, 3, 1, 2, 4, 2, 1, 2, 3, 1, 3, 3, 4, 2, 2, 1, 2, 1, 5, 2, 4, 1, 4, 2, 1, 2, 2, 2, 3, 2, 3, 3, 2, 2, 2, 3, 2, 3, 4, 4, 2, 2, 3, 3, 2, 3, 2, 1, 4, 4, 1, 3, 5, 2, 2, 2, 2, 3, 3, 3, 3, 2, 1, 1, 1, 2, 3, 2, 4, 4, 3, 2, 3, 2, 3, 3, 2, 3, 1, 4, 3, 2, 1, 3, 3, 3, 2, 2, 3, 3, 2, 2, 4, 3, 4, 2, 2, 2, 2, 3, 1, 2, 3, 3, 2, 4, 2, 2, 2, 2, 3, 3, 2, 2, 2, 3, 4, 2, 3, 3, 3, 2, 1, 3, 5, 2, 2, 3, 3, 2, 2, 4, 2, 3, 3, 4, 2, 2, 2, 3, 3, 2, 2, 2, 2, 3, 1, 2, 2, 2, 2, 3, 2, 2, 1, 3, 2, 2, 1, 3, 2, 2, 2, 3, 3, 2, 1, 2, 3, 2, 3, 2, 3, 2, 2, 2, 3, 2, 1, 2, 2, 2, 4, 3, 3, 3, 2, 3, 2, 3, 3, 2, 2, 2, 3, 3, 5, 3, 2, 2, 3, 2, 2, 2, 2, 3, 2, 3, 3, 3, 2, 4, 3, 4, 2, 2, 1, 2, 2, 1, 2, 3, 3, 2, 2, 3, 1, 2, 3, 3, 2, 1, 3, 3, 1, 2, 4, 2, 3, 2, 3, 2, 3, 3, 3, 2, 2, 2, 2, 3, 3, 2, 4, 2, 2, 2, 2, 3, 1, 5, 1, 1, 2, 3, 3, 3, 1, 2, 3, 2, 2, 2, 3, 2, 3, 3, 1, 2, 4, 2, 3, 3, 5, 3, 3, 3, 3, 1, 3, 3, 2, 2, 3, 4, 2, 3, 3, 1, 4, 3, 3, 2, 3, 2, 1, 3, 3, 2, 4, 2, 3, 3, 2, 1, 1, 2, 2, 5, 4, 3, 2, 2, 2, 1, 2, 3, 4, 2, 3, 3, 2, 2]","[2.0619604993037073, 2.231787334920971, 2.6838126415277874, 2.6603476128949883, 2.295405072092038, 2.923870504208049, 3.9552867242279435, 1.9834955671779875, 2.639857868916648, 2.2502434467321617, 1.9796384526631912, 2.0253625516561176, 3.543542477672124, 2.5969871404049796, 2.3985682434565296, 2.7627929251564964, 4.236841855148893, 4.121437599783887, 2.656794676405609, 2.5596238878626028, 1.963240741879903, 2.25950968951687, 2.946115468778881, 2.3289736504170326, 2.599097920010732, 2.0622071516448504, 2.9132979134825123, 4.438482087674722, 2.6804207756057647, 2.9488956092075513, 2.4489427718960464, 2.3970863198743806, 2.3290122616363385, 2.5692854998629486, 1.8883782877556197, 2.5653636660288788, 1.9835465339726448, 2.679960953451756, 2.144011195859001, 2.223888213562775, 1.8573846454515794, 2.001323131646894, 3.5919941998025546, 2.9620815344469094, 2.469968966089751, 2.7347795037363607, 2.7385834038367296, 3.076701070559122, 2.0365518729962444, 2.189743499343261, 2.2460842905043608, 2.7739546130049693, 2.109659529637197, 3.0689595662752, 2.7914258424707006, 2.5619300476119697, 3.758334735580119, 2.5945410153145447, 3.147119344491996, 2.6931078969300875, 2.533292711476259, 2.229012105940694, 2.6777007131923023, 3.001882593796119, 3.2664744321211585, 3.021616382152308, 2.1607515034567752, 1.9318379766380076, 2.272040404595703, 4.315361659329158, 2.0046774438398254, 2.012705257092121, 2.5830588120726623, 2.4866515817572443, 4.0160261180933485, 2.142794234077603, 2.256128192390985, 2.2653818583076566, 3.846413891581614, 2.949287491377894, 2.423917619990757, 2.3479716006463223, 2.236018934745538, 2.067278251146292, 2.079658572471254, 2.18693026945968, 1.9139960460279695, 2.0691594376982883, 3.581209910875552, 1.985479834824501, 4.019239696681152, 2.029935008619135, 2.26322001753673, 2.169120156981399, 1.8304322381208862, 2.1476315352184563, 2.0404241979456836, 2.2979270961571117, 3.0634251869185403, 2.3287233166238015, 2.225159991208757, 2.7831193872993225, 2.1447732400748687, 2.5861344716218797, 2.539574861245978, 2.469157422864211, 1.8308833724932394, 2.172257656248919, 2.4409201924041195, 2.3039083391192627, 2.6510001357409054, 2.9725193307300404, 4.135489361922385, 2.848076366329992, 2.5749579681891803, 2.1358727929357864, 2.4783812446266045, 2.4953904394774606, 2.390106504573481, 2.2090523425499438, 3.117011732203469, 3.3191521311685745, 3.146970795244621, 2.83839832241707, 2.3529428913153825, 2.77647935410132, 1.8872296127748536, 2.6494101061880277, 4.308746201617286, 2.795818849141681, 2.2906349915899162, 2.359244356673225, 1.9373188808616515, 2.653615794434988, 2.2031074140454523, 2.1756181516963173, 1.8771124648968969, 3.1264855031181344, 2.6852942716419537, 2.3886597733780834, 2.2677102306736066, 2.393812526239482, 2.31592757301442, 2.06072689053054, 3.570967172469345, 2.210914871192718, 2.2612269906402163, 2.0889037757101265, 2.2767189025818677, 3.0308240990988398, 3.0506314485295762, 1.9561511116341948, 2.1562317716853245, 2.3896227590775685, 2.4895319661974655, 2.7902502834232727, 2.4524391393069354, 2.6221962302135404, 2.103755600655854, 2.3257337424365763, 2.286735738614942, 2.4981352651136537, 1.9239983581492939, 3.503757762368699, 1.8940272558087152, 2.418262473421741, 1.9252691551117844, 2.3216642941044765, 2.005122549651848, 2.472571632530809, 2.684493117005449, 2.4029537147822913, 2.449441078243681, 2.026157720206939, 2.2789720232789556, 2.778997031500048, 3.0683106834409744, 2.4153683317011834, 2.842438085968327, 2.2783623795993053, 2.1635214524651936, 3.694560331093302, 2.1497764549001386, 2.306884793676111, 3.5037769364937956, 2.612028697616377, 2.560638642971736, 2.497847978433849, 2.430848792675333, 3.86526671570863, 2.205692293584142, 2.3962262241182235, 4.648091211953544, 2.383026315010447, 2.1468599968225086, 2.933125697779588, 2.0599550415523273, 2.397551401926396, 2.111326368126187, 1.860294701838115, 1.778745190215784, 2.1020768053308023, 2.121184185775675, 1.9134970335665105, 2.237549946470495, 2.039951890334586, 3.330190143948088, 2.2028711824947713, 2.2279644820474385, 4.349196652229801, 1.9594041906395208, 1.939468096094858, 2.1562493309238127, 2.3906828268806417, 2.440847571491998, 3.04499257589566, 1.983942730062032, 1.9460130642910332, 2.266102299099833, 2.1658006003911385, 2.285225459664727, 2.463153778699204, 2.023262294683981, 2.292713674655337, 2.0408824369152265, 3.731361778206121, 3.4959834594946337, 2.097672600020176, 3.089439734273046, 4.417255931281324, 2.5212590386906486, 2.1583143823079167, 2.0524671996924813, 2.372566229064732, 2.6317329396080984, 3.2321436854384102, 2.315182753478898, 2.7863975086871715, 2.5089453642011077, 2.3713216429911954, 3.0331158554587865, 2.3241984300236838, 2.285185124708131, 2.255513025842122, 2.4326978336471856, 2.3253562588586334, 2.6053064695566697, 2.3427577514115607, 2.0484963423240328, 2.4610399633373374, 2.673649321178653, 3.7651085574133574, 2.63858887545774, 2.921832058655601, 2.335283600323959, 2.4756245110463846, 2.97611907033222, 2.6528982055147967, 2.5411918784133207, 3.7043677207250716, 2.4168295617755087, 2.243743135181745, 1.8810055622858604, 2.575947294659357, 3.5018279611946985, 2.3248674565660368, 1.8280250773496518, 3.242641907320824, 2.665919692728599, 2.1068244232571045, 2.2292574587181324, 2.2022116063326096, 2.6761871684710212, 2.471319170341701, 3.547522196283431, 3.207641185670812, 2.1716185948227364, 2.5037295349250797, 4.249637157366895, 2.602392018613058, 2.3621450635676102, 2.225959165803995, 2.97932766228129, 2.1765328643508415, 1.9453812951537302, 2.7859297064979796, 2.7466564947218712, 2.8245539540258413, 3.0969152684052887, 2.55341184520269, 2.517288372046107, 2.3762103633408422, 2.6849673894722135, 4.146439570551398, 2.204144217805515, 2.4808836300989645, 3.914364418537059, 2.9324884755350866, 2.2277294852316096, 2.1034626809472785, 2.0398891997539996, 2.1622790326958614, 2.0280518364634608, 3.0556630091553614, 2.296404402290776, 2.910294892449603, 2.897175474834845, 2.0517644907282575, 2.1440652193352245, 2.187833688917319, 2.6886122150989387, 3.9063446023622275, 3.7455418105675906, 1.9683104052964104, 4.260160857647522, 2.235140256359674, 4.7604079559577, 2.3037593945330137, 2.751663498274993, 2.1444382705922536, 3.497603523468584, 2.5133406833673027, 2.213014477608365, 2.380974709926152, 2.1720922562480895, 2.873838951481535, 3.2094114923693384, 2.332897181247312, 2.9658849028203513, 2.3107741419280763, 2.7782538950819196, 3.7474252959411634, 3.171971841800696, 2.4977480937498573, 2.061131768337795, 2.458634167182693, 3.363717006866592, 2.5582359929809235, 2.158778135226827, 2.591479157404083, 2.1140825390014637, 2.708032326229222, 2.240679769516037, 2.502380501037523, 3.035928677683233, 2.2186356615665117, 2.204523830055073, 2.185331257762581, 3.8357398334100097, 2.1869389403752137, 2.8574179032152283, 3.1762790533422005, 1.842764157343013, 2.709444507353329, 3.885347217186791, 2.2066179939896977, 2.0333504315471647, 2.0994620649029607, 2.556754977214353, 2.0880799394577343, 2.0967046667561884, 2.165718593398565, 2.367852576855199, 2.957323762393928, 2.497607467668653, 2.3934955878356368, 2.7607019357018654, 2.8142435885402852, 2.3071949805396796, 2.0792575886201754, 2.23328342008644, 3.0084460689025474, 2.627722829502293, 3.412387655962996, 2.625380109643685, 2.210931140798097, 3.814266410619014, 2.240916702573244, 2.6948560018143657, 2.0262708182162177, 1.9037801802919296, 2.085689020271751, 2.729522716308297, 2.5125013713821174, 3.7337303755886233, 3.6523197313418976, 1.8444092192961568, 2.3378746383047178, 2.693827630652044, 1.8663759371892317, 2.204114384453571, 4.011952061374843, 2.402366142282006, 3.590443481958958, 2.3061793508144888, 2.2667253941138723, 2.3081915147477035, 2.3592252056264598, 3.1915097602147044, 1.9069857618022699, 2.2874525787692197, 2.1899034124874746, 2.246615221058242, 2.2559097141416764, 2.4589542624819862, 2.3087273858749233, 1.815594577966208, 1.903647225122061, 2.318808089765155, 2.160769548193937, 1.845411678923854, 2.093523959407091, 2.3977295839103223, 2.196585727554537, 2.297768726930446, 2.251163187189673, 2.2694550650482714, 2.341179040017671, 2.918768259016961, 2.4225079765226405, 4.539190459396306, 2.167233567744411, 2.501193859752543, 2.2163548435781233, 2.5697659535519866, 3.0083346545539484, 2.0825682758008774, 2.0473703960980214, 2.6336090486431356, 2.135267866476859, 2.8477293162211015, 2.3384721655229366, 2.1810835479857418, 2.1245279048217585, 2.2166101892355963, 2.1626704895619926, 2.5786839754410202, 3.1868595455248196, 2.0938529717977197, 2.4149772764303994, 2.1361596196068495, 4.35973395811167, 1.910207910417566, 2.310968587499787, 2.200648797477123, 2.761054886900951, 1.9520792302432513, 2.2659937484592776, 2.7474579200738902, 4.092902732556858, 2.277091096842107, 2.1746116104207536, 2.188384941071671, 3.0211024610776107, 2.1906897802410246, 2.6576916917605518, 2.4367792420230763, 2.1101838931347614, 2.821764332970043, 2.008798588010316, 1.9135435470390263, 2.438546010352533, 2.422590342635914, 3.4355137661380617, 2.1082422300209545, 2.085514478544313, 2.2119157817198642, 2.4419577930240752, 2.221194007080409, 2.623006701213393, 2.0595689594823083, 2.746346387272924, 3.373029580363359, 2.2261537038452777, 2.022571194106205, 3.681340100769356, 2.8846877930246917, 2.169037903883742, 2.0805750504103395, 2.1822749293608243, 2.4476341137592117, 3.3464059140613567, 2.3452627422991505, 2.3024294416941657, 4.754924603441738, 2.2511897365497706, 2.6521923752883136, 2.918671109933734, 3.322098998819672, 2.389563075507559, 2.6508341533129536, 2.0701342939315626, 1.8977757041629544, 2.191981377311496, 2.168081711623477, 2.5565196874355274, 2.89566382806031, 2.416443468903155, 2.1217776523472542, 2.196506709910291, 2.0923212278212993, 2.4456631757320495, 1.9533502482780036, 2.3482273460166536, 1.982302897261958, 2.2472420964094013, 3.300277636075146, 2.1618873782630814, 2.361673321517513, 2.0688738411547787, 2.3521057710225044, 2.1049161203844413, 3.283995669450336, 2.0009519335367, 2.472133250721856, 3.5260686791590414, 2.529820981687798, 1.8896884049072982, 2.470742429573071, 2.5907955586319686, 2.291534987902454, 2.776451156960983, 2.6011647751944524, 2.2479563199944437, 3.1171051733856894, 1.9444800411764311, 1.8606545591403654, 3.124949848390134, 2.499386142367055, 2.132871699520444, 2.6854744756588738, 2.6240889014652824, 2.098782663781636, 2.970164576799273, 2.2561400847498656, 2.0454772695760854, 2.778402439647903, 2.2397350035421244, 2.249766189805321, 3.360324438834602, 2.316761091742024, 2.1545828741893978, 2.4970974189177273, 2.5830067162140056, 3.17512173648258, 2.357436093800587, 1.8695327528687389, 2.463056367868182, 2.7137747228226967, 2.3292638115470594, 2.5021191515438512, 2.4806003413121225, 3.0080061370042297, 2.8827007663723476, 2.0719547914176593, 2.1994725022358126, 2.579824178000277, 2.2877721832543045, 2.4210623164481135, 2.159346446048596, 2.1329802021982682, 2.207908085407835, 2.4756503837123542, 2.4664732963172975, 3.839013433421962, 2.2351993038277143, 2.350602304278577, 2.6166228669340934, 2.649284598797303, 1.980594644923456, 2.18438619012625, 2.5933917296163034, 2.4692439899545957, 2.401112419220407, 2.2257047116716837, 2.664647684959261, 2.355267765036293, 1.8898604542351225, 2.4093606169110675, 1.8441697630943992, 4.043470381862706, 2.7523366878085156, 2.6690397093312748, 2.2351093629096175, 2.275993587150023, 2.2653420687069614, 1.974837987258189, 2.9346744849568727, 1.857487461823651, 2.2844667639178864, 3.6728135466809446, 2.254119403991812, 2.1051231653562335, 2.118755204065265, 2.4634151400824797, 1.9318552498567882, 2.216694909124341, 2.2348002076795783, 2.105666326843651, 2.189715228526228, 2.1462057006322057, 2.352889931748443, 2.4940041466804908, 2.3052332262877737, 2.2780636161660315, 3.1503301159456427, 4.470022124935272, 2.1220980414334085, 2.0350942282245135, 2.7083337304868813, 4.360639761384446, 2.1695108591952708, 2.1255678539495255, 1.8357623624049442, 2.079537840892087, 2.448048831681047, 2.5867176365531197, 2.37284403176335, 2.5953499101918136, 2.2003930618227647, 3.55211413845181, 3.1142331556385585, 2.221393285744516, 2.6071882632169383, 2.2248369481689383, 1.8649060161255218, 2.7759404115917827, 2.715107063287853, 2.8014204691831877, 2.8899997235711115, 2.1588025340440247, 4.099005697304955, 2.580144369519783, 1.992649555895256, 2.7452597682272644, 3.7680330305393905, 3.894915572871895, 2.229071484992226, 2.836684175431569, 2.43760542503204, 2.890543065907478, 2.145905418491647, 2.288736446340731, 1.9173214495506579, 2.0075438752141315, 2.9181838372399316, 2.6303437085314307, 2.154104730448206, 2.43910423803112, 2.1084783546198063, 2.1868404517560927, 3.2239690592461323, 2.90042491758754, 2.952165439124259, 3.2779251106817187, 2.070426368373058, 2.3093119246235516, 4.053485390168159, 3.371419315115702, 2.201409991687364, 3.123658959139818, 2.283665949784719, 3.004294016607057, 2.3861274624358786, 2.156407378647287, 2.0586689631697705, 2.960854793244678, 4.052351510016624, 3.2599849933218383, 1.8470769510945, 3.2562372584519954, 1.9822873864716812, 3.042897456385976, 2.4316772783322893, 2.66931453202741, 2.680352625678034, 2.465578214792131, 2.3452518614999476, 2.4781537283947865, 2.529688685020695, 1.9656602138231591, 2.707598453318202, 1.9556469583541323, 2.2844751462536883, 2.102488070819088, 3.9653295044383134, 1.9557960420936358, 2.044938082784706, 2.7933546602105914, 2.3211566275936057, 2.20101893641658, 2.3354789542869527, 2.8507394550115914, 2.0447626957901885, 3.113128684811712, 1.959220180340529, 2.3912062381592984, 2.2386242706068136, 2.5621819477235452, 2.0834714935567624, 2.3901526164506492, 2.33041085894003, 2.2655882172394755, 1.9497000319871396, 2.1565511016007424, 1.9953179494040942, 1.9733934172305845, 2.2497960824980345, 2.104141269002951, 4.079100094615001, 2.286023960923271, 2.83871820009999, 2.860193817130661, 2.9480751459291774, 2.9541591329731185, 2.1519654914063535, 2.5522755902744567, 2.854860217026033, 2.6487615883178663, 2.045714100288762, 1.9289879307407547, 2.4328632435229727, 2.7382937805992476, 2.177298846322774, 2.6666562233991966, 2.5074550641265207, 2.7269298329806504, 3.093326079342778, 2.2306441854880346, 2.3945548103716305, 4.292465317153277, 2.5640041867404295, 3.018741382234735, 3.4181977015316303, 4.256611835984298, 2.0888416374766043, 2.999397764306643, 2.213261189290278, 2.2793556825167607, 2.0962593349129337, 3.1093192115418913, 2.211497959977596, 2.7632279000830287, 2.2433563140188033, 1.9169869432845132, 2.9061274566749864, 2.0428425280958526, 2.538784916136111, 2.357273622852203, 1.909758952327887, 2.707545879964714, 2.1252192729780384, 2.5751905010699794, 2.7295587135183914, 2.8160845736801723, 2.382525884126303, 2.164268683234468, 3.6658663308344233, 2.9488807350949475, 1.9849451896897292, 1.9343419083548608, 1.9301040399286673, 1.9915588663557358, 2.471170283639733, 2.9153126913235194, 3.37454215372982, 2.2259480711011346, 2.9621141134278903, 2.457317058449441, 4.557307693432778, 3.6327937486282633, 2.218006154059043, 2.8167687958404133, 2.766562222804857, 2.623413425045071, 2.2479372100227577, 3.8991333394181855, 2.084127297652016, 1.8914997168668974, 2.1775421231298746, 2.634868883359608, 2.051976411796207, 2.16453040672575, 1.9500736048740326, 3.41179227322389, 2.5671726234168792, 2.8852744781349218, 3.9160352176379294, 2.5557826837012376, 2.56927043046405, 2.726462683172871, 4.102993982806742, 2.0765948874808773, 3.9973948574153355, 2.0817372284716593, 2.306444067966645, 2.0325851556890564, 2.3161602151274017, 2.2986504800117973, 1.850752989452968, 2.0676410683771733, 2.644619901522517, 2.1379068132916608, 2.197890693216526, 2.2509556896724963, 2.525841431578724, 3.503400279860321, 2.1885417311303836, 2.741176886826466, 2.6659598295428415, 2.7794659236049135, 2.004176285971878, 2.721237384472006, 2.3030996259406153, 2.238933532788681, 3.3391276651302513, 2.3804171793708258, 2.390135413243724, 2.300032761054163, 2.875827458255391, 3.9551512133290805, 2.3916399078100103, 2.4795113845887227, 2.920377611442195, 2.2011723109690613, 2.2150459439435033, 2.2636208089575716, 2.1642257446138835, 2.0002596883097787, 2.5535005929332066, 2.32759924263418, 2.661345161475766, 2.10862913741545, 1.869536395981285, 2.582760644593655, 2.619110180679328, 3.0060959820618125, 2.098978234856016, 1.909294342412187, 2.1862363719638136, 2.2159030185015784, 1.9606695381298247, 1.9111498248711654, 2.795934652204366, 2.6544773394017493, 1.936990574584847, 3.785913913518495, 2.303260141678587, 1.9231257868110059, 2.619104511239697, 2.464122936719573, 2.182937998811191, 2.9076071342401835, 3.915136114703624, 2.0952248917882574, 2.5235884102388604, 2.1987349181065934, 2.4642520227456637, 2.83709856335765, 3.096728761966231, 2.6744835901273767, 2.270288146167931, 4.130663457427763, 3.7131513539777634, 2.2794173723400037, 2.9931450968514928, 3.5582459656725978, 2.0697988354465098, 2.6372707745353186, 2.199620633756408, 3.2828921990312536, 2.7954178652906023, 2.800723208530695, 1.9013125873622136, 2.36803063630215, 2.6658421979418248, 2.230044704366188, 1.9667342063759854, 2.7638532575058568, 3.958798739302011, 2.0114443887099256, 2.0755653362136632, 2.169815825825614, 2.4991806165747406, 2.290095737113626, 2.6668492468371885, 2.1308666196383745, 2.500834462459034, 1.9712945510126771, 2.401958626858095, 2.1089931425939885, 2.100480851594318, 3.9507994974071776, 2.1134557446400075, 2.7882725244196824, 2.633840896307826, 3.0719140404139975, 2.698256658686438, 2.8998085624306587, 2.7488675337951642, 1.924313668965344, 2.6249509898162806, 2.0740111296614234, 2.7387346191039064, 2.5693699152332163, 2.4529840068693933, 2.3520742199970583, 2.094660540327222, 2.2791359325926273, 2.099020152997078, 3.2781866906781554, 2.3886027801260075, 2.187290016602372, 2.5984717846983276, 2.3058483807090617, 2.1306366764115006, 2.250180875230979, 1.9152349833114308, 2.479433213138932, 2.3155976435809604, 2.5120634010434704, 2.0716927166207055, 1.9958790047457082, 2.348686773594215, 1.9384449461670665, 2.7336331428662834, 2.5687450077957488, 2.5472530770081385, 2.403075682201128, 2.8246475006997915, 2.409923520159593, 2.241181022737351, 1.9720398842317868, 2.3151675401881975, 2.842555871954791, 2.5933258401706074, 2.0990823504401206, 3.879497444814121, 2.511281419208104, 2.71558822872722, 3.130435473795376, 2.093570333726352, 3.343613951463102, 2.288276768078524, 2.0334151027724587, 2.2882908852585144, 3.900064180642345, 3.8638659996235267, 2.191477690103962, 2.383202377373852, 2.2735418766848587, 2.4378072987919626, 3.7922038710724517, 3.4471473518250217, 3.0495757484516433, 2.1277684897461837, 2.0297536677403607, 2.646978145931625, 1.9509383215701699, 3.651328165259665, 3.72655026466503, 3.1145113701868903, 2.520690047717181, 2.5012194307560938, 2.935328193716173, 2.292652046101545, 2.2705190753459568, 2.3379007370019194, 3.2060533204227384, 1.864221934194334, 2.4241234988399833, 4.387340448656385, 2.2536008874266757, 2.0376790008113748, 1.9497093128670033, 2.587643764691662, 2.0635845379736963, 2.4601971129110813, 2.2756623924129324, 2.0508711604775884, 2.2414932004445203, 3.364217459796251, 1.9009743525051146, 3.6697932340464883, 2.385058429869881, 2.7883026192863425, 3.5543750087064634, 2.1923781725628793, 2.7739199112255664, 2.283352893857181, 2.0698772053903247, 2.754675465629623, 2.768367985788717, 3.2868618028270644, 3.5307753342106523, 2.3923752593030914, 2.852700484603029, 2.7100688216925883, 1.8439707520087953, 2.837931835804011, 2.474334473303094, 3.133239902085558, 2.3493850749186747, 2.5315573851882256, 2.056359367792446, 2.3863892245476555, 2.6581497971961707, 2.4928234148057196, 3.2133574002970287, 2.663784487442601, 2.5485184920059116, 2.6453938751558317, 4.251468366858821, 2.3829603651191644, 1.9685236497853502, 2.570340533799247, 2.2948827438414034, 2.8452478200150524, 2.1795670064976873, 2.883229027988931, 2.5561977887639005, 2.186672463074907, 2.225851856313751, 2.3007217376988707, 2.268609082336999, 2.5453965758208774, 2.684110472535051, 4.242338412172127, 2.83901466699565, 2.19185385760375, 2.086652937292429, 2.3806116101793267, 2.237955831098881, 3.674826843092748, 2.4407134132595907, 2.1203450222895897, 2.48613659449291, 2.603019551539606, 2.070503480652112, 2.2687775361633364, 2.022374077714708, 2.683433509211117, 2.148465300051144, 3.196965915244138, 2.7624429332826006, 3.351797558122043, 2.098701753475477, 3.0319100210817687, 2.386665890412156, 2.521446845019274, 2.307831982037782, 2.4036330902673537, 2.399740703155057, 1.944687086148223, 3.068258034855845, 2.0417512352592304, 2.8721701927934244, 2.1275292443421843, 2.8552581199865883, 2.2569061292702974, 2.226419059426348, 2.47945891723195, 3.6095960151895197, 2.173938474693326, 3.758211082617205, 2.4895736497133125, 1.958299973810489, 2.647940353669533, 2.207461334345768, 2.8106748797029306, 2.448280911572006, 2.223132777126631, 2.3068497701432644, 2.2862046552494135, 2.9944418227425595, 2.578877712618553, 2.6007665844502936, 1.9459249642609477, 2.086013330379097, 2.6821485691065106, 2.469860404998533, 2.421572128968914, 1.8714451373892689, 2.6304875790288733, 1.9937432510457844, 2.4991427586081256, 3.4272351436172412, 3.353423553948299, 4.226797596821469, 4.1366214262187295, 2.560302638999534, 2.1683136106826604, 2.586380881580843, 2.566081096602749, 2.3020221509019176, 2.8753663845004085, 2.2176860694913656, 1.9480796733696701, 2.42061366252524, 2.272095280330169, 4.267271489351293, 2.6080314966211793, 3.0689247580419696, 2.242928901062567, 2.561763602291483, 2.4893289358939015, 2.6808557127254775, 2.3999951502684684, 2.696161769739674, 2.88911444360056, 1.8801074167362923, 2.5558322611981548, 1.8305389376468, 2.7123058394563033, 2.5357109205148305, 3.6190648465473974, 1.9582367862811885, 2.5628022214900166, 2.243452205389395, 2.652778003732193, 2.741823360707293, 2.130576241045289, 2.3100890283633597, 1.877606904956811, 2.233552154881475, 2.3085672260499215, 1.950264168219277, 2.04711169683511, 2.0936503830041273, 2.228776120495097, 2.7254126208622553, 2.6137595900664774, 2.4263572680675995, 2.697088107970702, 2.48646692521431, 1.8537511043223174, 2.433104987390373, 2.3675801134692094, 2.265276164925339, 2.072730955669575, 2.569475357094369, 2.293493393685332, 1.9434224447717436, 2.2906411915792564, 3.0261446218115777, 3.110636916669348, 2.211875865224738, 2.1945628289665375, 2.379351403507626, 2.4004041148600015, 2.4991837996785455, 2.8479300757251447, 2.3158095802916216, 2.6713384912148985, 1.875902227118568, 3.202319738366075, 2.0396511389137695, 2.788064975508013, 2.7121976065204247, 1.868329095201678, 2.366863402900635, 4.072253850582806, 1.9920343785440588, 2.527574240505041, 2.7699617973264425, 2.8154471015194167, 2.622760121445412, 2.405456706407811, 2.0091166126499136, 3.7013198014431783, 1.981334922802371, 1.9048086970695568, 2.1834648061699338, 1.900460270644757, 2.165542147233311, 1.9537128659100427, 2.889810973902534, 2.6457756128398575, 1.9066847428029492, 2.143054358754363, 3.306138561546896, 3.273144066872119, 2.244130547339983, 2.1567630412860543, 2.083300235821171, 2.279881105185062, 1.9051692604856316, 2.6729994071680103, 2.0296434627986666, 2.3217576143677863, 2.178646093853823, 2.2986330260924905, 2.785629058996775, 3.4095353469050913, 2.038323395486398, 3.1083488380921303, 3.1772573164578954, 2.213213258499894, 3.733013927978599, 2.3821554188710135, 3.593708012727914, 2.3678661202318776, 3.6439739699203018, 2.004495722839124, 2.420605766687489, 2.242545485073787, 2.909548720323235, 2.9547569635772604, 2.014314531809064, 4.538122776640707, 3.5091000670933683, 2.299441022354979, 2.1913541974418598, 2.20295019407523, 2.2298088258724196, 2.9982558617361335, 2.16027305426973, 2.461175300747261, 1.9970664268913054, 2.309702394742404, 2.177388144676851, 4.218573115764114, 2.1435649076617325, 2.247781587719258, 3.740592031345013, 3.390572316819831, 2.8088402080488275, 2.6343820442421566, 2.068822432968743, 2.7718243199054293, 2.8348498125364885, 2.2563145335355386, 2.2964653860001945, 2.116951129792322, 2.1580066593793785, 2.109847404120997, 2.425695284056857, 2.1309033114824243, 2.622947509853551, 2.490647500785939, 2.2568196674990935, 2.3653542388281967, 2.5824898358604758, 2.5782691452996964, 2.2611918501770707, 2.412802817112916, 3.2212372706755312, 3.1585933044293633, 1.9319782764463618, 2.4952321148302827, 2.377506202685855, 2.249461822336974, 2.0245422899039847, 2.2687645814259896, 3.0391450373522115, 2.4084964703832292, 2.3823385721732153, 3.702991979716989, 3.83164873153615, 2.424908984915594, 2.525712520541045, 1.8911701053142729, 1.9118214797586572, 2.2010754854212196, 2.4133748786467653, 4.159558099497053, 3.8261520529475828, 2.4398290527308166, 2.911144594278346, 2.5183829232660493, 1.8747756817305608, 2.766772587634763, 2.5346819437284624, 2.8179123222152844, 2.391154123859438, 2.259887402465023, 1.9798910588885907, 2.2651570945905997, 2.06478280871707, 2.1323991458042624, 2.740119642682563, 3.1765783764931106, 2.546512379562937, 2.210958150166935, 2.074826556040806, 2.0812121370351786, 4.454431765921771, 1.9501187275923195, 2.2506574091778733, 1.9326253134765876, 3.402291529616954, 2.235496840472412, 2.2501728066851707, 2.309819714952373, 2.1547785783532456, 2.768041120229954, 3.0949083184048227, 2.3196735565062534, 2.2479658441233332, 2.225695464875735, 2.1689922356783056, 2.4223969782374732, 2.5356855755425123, 2.4585067614179392, 2.7153008767741076, 2.629926212177619, 2.848564484937297, 2.750057331118934, 2.227633906546195, 2.189644820176392, 3.1763451104334717, 2.5751443429347294, 2.501523663735405, 2.2914725919653867, 2.3331582291492836, 2.8945945377907667, 2.4637283653619235, 2.6959653403155257, 2.4224260764818957, 2.3608692084088667, 2.881632076219913, 2.0163316796141295, 2.312133891782336, 2.1325031652388726, 2.6350241411263267, 2.9438898473804453, 2.3657374566746237, 2.8486346317724163, 2.2452046253712177, 2.0886493155140275, 2.003529248941652, 2.2764423575480115, 1.8107313635672262, 2.3416740978569432, 2.4887965344936354, 2.5421371898743828, 3.1209894609262876, 3.029436031260943, 3.486957214572416, 1.8896634924065132, 2.6062696803322747, 2.55178678096296, 1.9455820299766236, 2.6816628105146227, 2.0978941152288706, 2.4103551350186363, 1.8545469135824062, 4.286364243539886, 2.0468046599465444, 2.3766261704857357, 2.278959593379202, 2.025547728077675, 2.3186678754352092, 2.5678672816287933, 2.4618710042510963, 2.4225360889933527, 2.650284590837785, 2.144399512625088, 2.208357190597045, 2.1778090926403486, 2.979863958888879, 2.8253291595967984, 2.3641492290981208, 2.2756492592554123, 1.9760035408535517, 2.1106903188469928, 2.3678188521071024, 2.1202498004445216, 2.952517464714268, 2.981100523101972, 2.4760831062805693, 2.8017864057627273, 2.10802071481226, 3.4158160522027536, 2.2476023922469723, 2.320818395944236, 2.2085522470604624, 2.8893574936580038, 2.5266687051048744, 3.0361663411081317, 2.9550272656457524, 2.2183816706506705, 4.059721858544314, 3.3236659709009237, 3.8676787028445023, 2.047157964202542, 2.693408624642041, 2.4116871155841384, 2.8523263926164666, 2.5629669737904144, 2.200849995516487, 4.021106318949664, 3.068429140369058, 2.331633465952102, 2.3263332959818803, 2.149100623142662, 2.1538856221607166, 2.551597649919216, 2.8483191595209076, 2.943988829066391, 2.4081109455762624, 2.4664368706521826, 2.0172706570690075, 2.757414517025143, 2.6956523150143323, 1.8643192566908895, 2.5336132526209147, 3.185702117137418, 2.5256925512922153, 2.1440702532019995, 1.9698606156791918, 2.2421896724794306, 1.835896023688637, 2.10186282719083, 2.3701841256134606, 2.5712426038737703, 2.1939553077634666, 2.1290952101638374, 2.2364940840019907, 2.4863411379862583, 2.6137900482772096, 2.9843519026994865, 2.7551954128636127, 2.2933342049775542, 2.3566601832483594, 1.9670477963108035, 2.387570620235834, 2.2696152434906356, 2.372235558341371, 2.229758740755702, 2.004679540707879, 2.898230358639395, 2.8618931560079477, 2.284799723939538, 2.0709448849381946, 2.1810948303802924, 2.5268803264947244, 2.739762410869394, 3.915984049374597, 2.158695282967174, 2.880760613369751, 2.253472120856503, 2.5823297361293895, 2.283109186211195, 2.6309785453453207, 2.3849622889624436, 2.534894501016974, 2.3572786762637166, 2.354929921323879, 2.204763217644544, 2.7475975295297244, 2.7235220950170023, 2.126822806787006, 2.5485319457241666, 2.3705301403053882, 2.415842940209034, 2.495041128991975, 3.649598271577696, 2.3181592258292447, 2.7143072881052417, 2.004598031591396, 2.707700077738759, 2.6946550007418186, 2.727767733385892, 4.358006830752559, 2.142917413478824, 2.238901981763235, 2.3431632629091834, 2.2787209147596132, 2.387044827292827, 2.53533290831586, 2.7669424294778646, 2.606758585924514, 2.6060575336603753, 2.1068644906351963, 2.3195611646107994, 2.831876838451773, 2.1246597322086034, 2.311922768370407, 3.1679965618980255, 1.954069080099747, 2.6129255559317826, 2.136580080496591, 2.0466915619372656, 2.432092227684265, 1.9498429741506962, 2.2627403106849235, 1.929737478697199, 1.9433191683909312, 3.0075439047212864, 2.317181977157022, 2.452078917349311, 2.199662113362149, 2.4859158923498685, 2.7864371197364446, 2.224362025871094, 2.6194455261487644, 2.060407865133599, 2.255519499001561, 2.482993833444894, 2.087037412451945, 2.8303497461430966, 2.030884647833147, 2.305331289557774, 3.340823356732149, 2.0236096394641274, 3.69829494874437, 2.4270294221564224, 2.988816684930618, 2.103015371315374, 2.2878284576892765, 2.6959268459230064, 2.730699393776375, 1.8428254941093436, 2.2090756583391187, 2.531466086293031, 2.2948056077050643, 2.0161547463751193, 2.165949882624667, 1.9911020396138421, 3.349026226543269, 2.720705087048918, 2.003461359129069, 2.7203648893406096, 2.2023719239282284, 2.5645432381153963, 1.9497082536962664, 3.853709419293911, 2.22588028824038, 2.3055863827667054, 1.9204881938104599, 3.796782398494743, 2.506974116476075, 2.9167318549166676, 2.2539628425243556, 2.560043908508765, 2.893272651143045, 2.1861320747518063, 2.3270566515960147, 2.922673398791113, 2.520662931396514, 1.9916473194427333, 4.285556075848389, 2.260217720131472, 1.954731892642696, 2.490369360720995, 4.073213996467163, 2.3317304494018094, 2.4298801565052504, 2.270971875042206, 2.8434693428832993, 2.0834282047353234, 2.0066399739226597, 2.112524501041546, 3.6423489188945073, 1.9250638754245535, 2.857338672313748, 3.8486063817851806, 2.567406117258991, 2.2880300087855527, 2.3457805527504627, 2.44425106133774, 2.2366056941801697, 2.297789397156689, 2.6851260552968883, 2.1452051571720356, 3.21470653667882, 2.987779994982299, 2.130271836061264, 2.044080625248646, 2.5540659411477282, 2.026263758022358, 2.2110989370490453, 3.5561390641397495, 1.9416694256279246, 1.906144956849574, 2.9491204098645816, 2.4194865874113876, 1.992224588832391, 3.0191523839556877, 1.9992678049628074, 2.02623145695195, 2.1594217272868597, 2.0718163313495173, 2.4090081667958017, 4.086078886228648, 3.4388961756161054, 2.849655911511092, 2.1750345828288467, 2.094958001692405, 2.4712724447167687, 3.127440723804064, 2.346594158760141, 2.261342607186747, 2.0215221140541635, 2.3872425600641134, 2.2731558552808497, 2.7303000477119848, 2.645027648864007, 2.173546274773397]"
1.75,8000,0.6324847299130123,0.6324847299130123,0.022158384323120117,0.3157286199268286,"[2, 2, 3, 4, 3, 4, 4, 2, 2, 2, 2, 2, 5, 3, 3, 3, 4, 4, 4, 2, 2, 3, 3, 1, 3, 3, 2, 5, 3, 2, 3, 3, 2, 3, 3, 2, 3, 2, 2, 4, 1, 3, 1, 2, 3, 4, 3, 5, 2, 3, 2, 3, 3, 3, 2, 3, 4, 3, 4, 5, 3, 2, 3, 4, 3, 5, 2, 1, 2, 5, 3, 2, 2, 3, 5, 2, 2, 3, 3, 3, 3, 3, 1, 2, 2, 3, 2, 2, 4, 3, 2, 2, 3, 2, 2, 3, 2, 3, 4, 2, 3, 2, 1, 3, 4, 2, 1, 3, 3, 2, 3, 1, 4, 3, 3, 3, 3, 2, 1, 3, 3, 5, 3, 3, 3, 3, 2, 3, 4, 4, 2, 3, 1, 3, 3, 1, 3, 4, 4, 3, 2, 2, 2, 3, 2, 2, 2, 2, 1, 3, 2, 1, 2, 3, 1, 2, 2, 3, 2, 2, 3, 2, 2, 1, 2, 2, 2, 2, 2, 1, 1, 4, 3, 1, 3, 2, 3, 2, 2, 3, 2, 2, 2, 2, 3, 3, 3, 1, 3, 4, 1, 2, 4, 3, 4, 3, 1, 3, 2, 1, 2, 3, 2, 2, 1, 2, 2, 2, 3, 3, 2, 2, 1, 2, 2, 4, 3, 2, 3, 3, 3, 4, 3, 2, 4, 5, 2, 3, 3, 5, 3, 1, 2, 3, 3, 1, 2, 3, 3, 2, 4, 3, 4, 2, 3, 1, 3, 2, 1, 3, 3, 3, 2, 3, 3, 3, 2, 3, 2, 3, 2, 2, 4, 3, 4, 2, 3, 5, 2, 2, 3, 2, 4, 3, 4, 3, 2, 2, 5, 3, 3, 2, 2, 3, 2, 2, 2, 3, 4, 1, 3, 2, 2, 5, 2, 1, 4, 2, 2, 1, 2, 2, 2, 3, 4, 4, 2, 2, 1, 2, 1, 4, 4, 2, 5, 2, 4, 1, 2, 2, 5, 2, 2, 2, 3, 4, 5, 3, 4, 2, 4, 2, 2, 3, 2, 1, 3, 4, 2, 3, 3, 2, 3, 2, 2, 2, 2, 3, 4, 3, 3, 4, 1, 2, 5, 2, 3, 1, 3, 3, 2, 2, 1, 3, 1, 2, 2, 3, 1, 2, 1, 3, 4, 1, 3, 1, 4, 1, 3, 2, 2, 2, 2, 4, 3, 4, 1, 3, 4, 1, 2, 4, 2, 4, 1, 2, 2, 3, 3, 2, 3, 3, 2, 1, 3, 3, 2, 2, 3, 2, 2, 2, 2, 2, 3, 2, 2, 2, 2, 2, 5, 2, 3, 3, 2, 2, 2, 2, 3, 2, 3, 3, 2, 2, 2, 3, 2, 4, 3, 3, 3, 4, 3, 3, 2, 4, 2, 2, 3, 1, 2, 2, 2, 1, 2, 3, 2, 2, 3, 2, 2, 3, 2, 4, 2, 1, 1, 2, 3, 2, 1, 2, 4, 3, 3, 5, 2, 2, 2, 4, 3, 2, 3, 3, 5, 2, 2, 2, 3, 2, 2, 2, 3, 2, 2, 3, 1, 3, 3, 3, 2, 2, 1, 2, 3, 3, 5, 2, 3, 1, 3, 2, 2, 2, 3, 4, 3, 3, 3, 3, 3, 2, 1, 3, 3, 2, 2, 1, 3, 2, 3, 4, 3, 3, 3, 2, 3, 3, 4, 3, 2, 2, 2, 2, 2, 2, 2, 3, 3, 2, 3, 2, 1, 3, 2, 3, 3, 3, 3, 2, 2, 3, 3, 3, 5, 3, 4, 5, 3, 3, 2, 3, 2, 3, 2, 1, 4, 2, 2, 3, 4, 4, 2, 3, 2, 2, 2, 3, 3, 2, 4, 3, 3, 1, 2, 2, 3, 4, 2, 2, 2, 2, 4, 2, 3, 3, 4, 3, 2, 3, 1, 2, 3, 3, 1, 4, 2, 3, 2, 3, 4, 2, 3, 2, 3, 2, 3, 2, 3, 3, 2, 3, 2, 3, 3, 4, 2, 3, 3, 3, 5, 2, 1, 2, 2, 3, 3, 2, 2, 2, 2, 4, 4, 2, 2, 3, 3, 4, 4, 2, 2, 1, 2, 2, 2, 2, 2, 5, 3, 2, 1, 1, 3, 2, 3, 2, 2, 3, 3, 3, 1, 3, 2, 2, 2, 1, 2, 2, 3, 2, 3, 2, 2, 3, 4, 3, 2, 3, 3, 2, 3, 3, 3, 1, 3, 3, 3, 2, 2, 5, 4, 4, 2, 3, 3, 1, 2, 3, 3, 3, 2, 2, 3, 2, 4, 2, 3, 4, 1, 2, 5, 2, 4, 2, 3, 2, 2, 2, 3, 2, 4, 1, 2, 2, 2, 3, 1, 3, 3, 2, 1, 3, 3, 3, 3, 3, 2, 1, 1, 2, 2, 2, 1, 2, 2, 3, 3, 4, 2, 4, 4, 2, 2, 2, 4, 3, 2, 1, 1, 2, 3, 3, 2, 2, 3, 3, 3, 4, 2, 3, 4, 4, 2, 3, 2, 2, 3, 3, 3, 1, 2, 3, 2, 2, 3, 1, 4, 3, 3, 3, 2, 2, 2, 3, 2, 4, 3, 2, 2, 3, 4, 2, 1, 3, 2, 2, 2, 2, 2, 3, 2, 3, 2, 2, 2, 4, 2, 3, 1, 3, 2, 2, 2, 3, 3, 2, 4, 3, 1, 3, 3, 3, 3, 4, 2, 2, 2, 3, 3, 4, 2, 2, 3, 4, 3, 4, 1, 2, 4, 2, 3, 2, 2, 1, 1, 1, 3, 2, 2, 5, 2, 2, 3, 3, 2, 2, 1, 3, 2, 3, 3, 3, 4, 2, 3, 3, 3, 3, 2, 3, 2, 3, 2, 2, 2, 3, 3, 2, 2, 1, 3, 1, 2, 2, 2, 1, 3, 2, 3, 2, 3, 2, 2, 3, 3, 4, 2, 3, 3, 3, 2, 3, 3, 4, 4, 3, 1, 4, 3, 2, 3, 2, 3, 3, 2, 2, 5, 4, 2, 2, 2, 1, 3, 3, 2, 1, 2, 2, 2, 4, 3, 4, 2, 3, 3, 3, 3, 3, 2, 2, 2, 2, 2, 2, 1, 1, 4, 2, 2, 2, 2, 3, 3, 3, 2, 2, 3, 3, 3, 2, 2, 2, 3, 3, 3, 2, 4, 3, 2, 3, 2, 3, 3, 3, 3, 2, 1, 2, 4, 2, 2, 2, 5, 3, 2, 1, 2, 2, 2, 4, 2, 1, 3, 1, 2, 3, 3, 5, 3, 2, 1, 2, 2, 4, 2, 3, 2, 1, 2, 3, 1, 1, 1, 4, 2, 4, 2, 3, 3, 1, 1, 3, 2, 1, 2, 3, 4, 2, 4, 2, 3, 3, 4, 2, 5, 3, 3, 3, 2, 2, 2, 3, 3, 1, 3, 2, 3, 2, 2, 4, 4, 2, 3, 4, 3, 3, 3, 3, 5, 4, 3, 3, 3, 2, 3, 4, 3, 2, 3, 1, 3, 3, 3, 3, 2, 2, 2, 3, 2, 4, 1, 3, 1, 3, 3, 3, 1, 2, 2, 2, 3, 2, 4, 2, 1, 3, 2, 2, 2, 1, 2, 3, 2, 3, 2, 2, 1, 1, 2, 2, 5, 1, 2, 1, 3, 4, 2, 2, 3, 2, 3, 3, 4, 3, 1, 4, 2, 3, 3, 3, 3, 5, 2, 2, 2, 2, 2, 3, 2, 4, 1, 2, 2, 3, 1, 2, 2, 2, 3, 3, 2, 3, 3, 1, 3, 3, 1, 3, 2, 2, 3, 3, 2, 3, 1, 4, 3, 2, 3, 2, 4, 2, 1, 2, 3, 2, 4, 3, 1, 4, 4, 3, 2, 2, 3, 4, 4, 4, 2, 3, 2, 4, 1, 2, 4, 4, 2, 2, 3, 4, 2, 2, 3, 2, 2, 2, 3, 2, 2, 3, 2, 2, 2, 4, 4, 2, 1, 4, 3, 2, 3, 4, 2, 1, 3, 3, 3, 4, 4, 3, 3, 2, 2, 2, 2, 5, 4, 2, 4, 3, 1, 2, 4, 2, 1, 2, 3, 1, 3, 3, 4, 2, 2, 1, 2, 1, 5, 2, 4, 1, 4, 2, 1, 2, 2, 2, 3, 2, 3, 3, 2, 2, 2, 3, 2, 3, 4, 4, 2, 2, 3, 3, 2, 3, 2, 1, 4, 4, 1, 3, 5, 2, 2, 2, 2, 3, 3, 3, 3, 2, 1, 1, 1, 2, 3, 2, 4, 4, 3, 2, 3, 2, 3, 3, 2, 3, 1, 4, 3, 2, 1, 3, 3, 3, 2, 2, 3, 3, 2, 2, 4, 3, 4, 2, 2, 2, 2, 3, 1, 2, 3, 3, 2, 4, 2, 2, 2, 2, 3, 3, 2, 2, 2, 3, 4, 2, 3, 3, 3, 2, 1, 3, 5, 2, 2, 3, 3, 2, 2, 4, 2, 3, 3, 4, 2, 2, 2, 3, 3, 2, 2, 2, 2, 3, 1, 2, 2, 2, 2, 3, 2, 2, 1, 3, 2, 2, 1, 3, 2, 2, 2, 3, 3, 2, 1, 2, 3, 2, 3, 2, 3, 2, 2, 2, 3, 2, 1, 2, 2, 2, 4, 3, 3, 3, 2, 3, 2, 3, 3, 2, 2, 2, 3, 3, 5, 3, 2, 2, 3, 2, 2, 2, 2, 3, 2, 3, 3, 3, 2, 4, 3, 4, 2, 2, 1, 2, 2, 1, 2, 3, 3, 2, 2, 3, 1, 2, 3, 3, 2, 1, 3, 3, 1, 2, 4, 2, 3, 2, 3, 2, 3, 3, 3, 2, 2, 2, 2, 3, 3, 2, 4, 2, 2, 2, 2, 3, 1, 5, 1, 1, 2, 3, 3, 3, 1, 2, 3, 2, 2, 2, 3, 2, 3, 3, 1, 2, 4, 2, 3, 3, 5, 3, 3, 3, 3, 1, 3, 3, 2, 2, 3, 4, 2, 3, 3, 1, 4, 3, 3, 2, 3, 2, 1, 3, 3, 2, 4, 2, 3, 3, 2, 1, 1, 2, 2, 5, 4, 3, 2, 2, 2, 1, 2, 3, 4, 2, 3, 3, 2, 2]","[2.190815948461385, 2.2429687828443794, 2.345724576757575, 2.6624409175307244, 2.161672602361146, 2.7936758538348228, 3.818984738006133, 2.05991642817114, 2.7106722674999792, 2.2495341205051482, 2.0184614953062936, 2.2383003669190256, 3.789316083747871, 2.5132190264069294, 2.435217943187282, 2.6332567135898057, 4.010226115599782, 3.872787515502269, 2.5418112622481437, 2.2470538779079345, 2.062445051461934, 2.505981397444256, 2.775040527402987, 2.387628119778416, 2.5623766952477203, 2.264139264187885, 2.6732831998489677, 4.314393038090257, 2.6560170110872443, 3.0650357018423433, 2.398490562986543, 2.4423016634186943, 2.383024155470427, 2.5785754078403174, 1.9994158664468382, 2.6999153517134227, 2.1092893992129604, 2.755045110608151, 2.1654439067762006, 2.3375702763176776, 2.033723726392173, 2.0766315622322526, 3.4926989767836627, 2.714870278263446, 2.4996583464853863, 2.9233592306752754, 2.6364910708082023, 3.366064033815786, 2.258783130972046, 2.2671474564970078, 2.39653870192262, 2.568924504630508, 2.189460319906859, 2.7752574478260157, 2.872467912470775, 2.6708094573383874, 3.76342047284047, 2.2971081760592136, 3.3135136886990564, 2.5277734396868654, 2.369231561878811, 2.230838329906691, 2.884161403973698, 2.592440839398853, 3.1196436897055166, 3.1455709104379532, 2.2518369342738684, 2.073914279996026, 2.195028056985786, 3.909107870108194, 2.144744906208441, 2.105649208526315, 2.668171731012204, 2.5413349696691423, 3.8422336437163924, 2.2873502207806706, 2.3929852437744508, 2.1776747647854124, 3.594945521638913, 2.7239598008110155, 2.432053313378423, 2.3806572613850343, 2.3033177015653243, 2.228245578614856, 2.0364135266816086, 2.2079528240913584, 2.0875335225979157, 2.197572133313116, 3.588526111476283, 2.1394866418543526, 3.725562839921201, 2.13853597809589, 2.19842877088441, 2.116560885206197, 2.0089494544994784, 2.119243536311658, 2.071750164072411, 2.315850308351807, 2.657132883029798, 2.291744436640735, 2.3874301767917103, 2.372671873497121, 2.1196003674156385, 2.103049157719718, 2.631875861266538, 2.5606368538987856, 2.00659356261035, 2.3379793486602405, 2.489147661093005, 2.191049646889433, 2.4202361074290986, 2.678366880265611, 4.084735263180288, 2.6807183502788288, 2.615960754997071, 2.3539135009600725, 2.432908949363261, 2.1955219314695746, 2.3591832610984773, 2.280621906790727, 3.291432886322636, 2.8786018305922716, 3.034729691095698, 2.5242613935391645, 2.556960589858337, 2.7028406164511765, 2.0345970086723995, 2.7827278552218075, 3.88452918781892, 2.824242235244121, 2.296499403636037, 2.2879341735753944, 1.993306096465022, 2.3930910604318023, 2.3074263935215837, 2.1157496720489473, 2.099792992911209, 2.6084400174635323, 2.655408601219307, 2.375789755551913, 2.2879694967437905, 2.478727160461375, 2.189549159261546, 2.2910257155548908, 3.4037853455521723, 2.309390614516758, 2.231415750426244, 2.2912450402323854, 2.224882587739543, 3.358470646680974, 2.804594450038228, 2.112709458481143, 2.087731281202541, 2.4792502132486836, 2.375147946000508, 2.7336216271046943, 2.518904414623959, 2.6741024727705716, 2.2893909304133238, 2.244709015425234, 2.353370252107658, 2.392349345659232, 2.062744947703426, 3.3504090396223427, 2.078634590733028, 2.328966600021845, 2.025248987672647, 2.424334552878235, 2.10659583780396, 2.621087816046948, 2.6430317037781506, 2.465109055547022, 2.3679897571937434, 2.0126540049107624, 2.2628008218684905, 2.7350264891309752, 2.959376398897976, 2.5064747190669907, 2.6167590546416273, 2.314128527340792, 2.08682123353088, 3.7884246165962336, 2.3874383671000254, 2.456618230625813, 3.359325099990306, 2.4393260634936267, 2.5796548861081128, 2.5266165125408304, 2.4178254831698585, 3.3498061772409233, 2.142433796950795, 2.396512773172414, 3.9369041499880013, 2.2261647334493464, 2.2909084704921847, 2.640369291626375, 2.2300220139169786, 2.5201968543251274, 2.0628986989895104, 2.0637990303469533, 2.01310252134518, 2.254339905343039, 2.0967057847517245, 2.0571572226219725, 2.138456670419565, 2.1289493789418095, 3.1269501488571656, 2.4112485896931997, 2.1138138720591733, 3.864940833857002, 2.0209875514668427, 2.0234763842388475, 2.0427519941994223, 2.5704336646942085, 2.36161969855418, 3.1341355077601754, 2.139678534840126, 2.0835365008072904, 2.2386848842489355, 2.238729688278163, 2.2428673751530095, 2.2056629409802655, 2.0625008189291543, 2.303894803918639, 2.1325701511932147, 3.9530993470138194, 3.6001448813938284, 2.168395947645637, 2.9035423076581743, 4.084052953492063, 2.1922924816220433, 2.221479723070129, 2.1996560012890574, 2.5422567535552067, 2.4411472780597756, 3.2382519080021734, 2.323873444791084, 2.3487227501925694, 2.681342055738127, 2.3893461034628136, 2.5595663959621944, 2.252555588848299, 2.1629484660926432, 2.2275299408041427, 2.323427539695267, 2.2029256973355644, 2.512755605159167, 2.2899923702488905, 2.1620582241045745, 2.6350043498522195, 2.466590999496751, 3.6900569586527494, 2.5699235371339237, 2.564446903905366, 2.425156749150928, 2.4919367371300645, 2.580241349368964, 2.4342238921327612, 2.746752529479359, 3.3841926411682874, 2.5083690045900475, 2.156730259985533, 2.0802602259603327, 2.516866551872369, 3.3606844864775853, 2.1884330993877668, 2.0069503937143303, 3.3757864874099215, 2.3260786971642493, 2.185215112050533, 2.231019727481863, 2.112429730860299, 2.2338175262312276, 2.485148193518815, 3.5064499503850985, 2.834478617493133, 2.116248978881495, 2.4829667448858532, 4.161800781846401, 2.544003775262364, 2.4824576777845078, 2.2920966545167367, 3.140256444642886, 2.0851968818686974, 2.025037749317315, 2.833131705328999, 2.7695024961073225, 2.663053928170879, 2.508338876581262, 2.453980685768157, 2.5498061504782275, 2.4809246239506333, 2.4749897094386637, 3.8439144410697046, 2.4634079051909823, 2.559172947876882, 3.948649775158365, 2.9584692625202207, 2.158729412663407, 2.216073390729874, 2.0413783565743953, 2.31252343062196, 2.0354132627308954, 2.8976725616367736, 2.4175335351399516, 2.8366526391626135, 2.9153815244429793, 2.0398958388582193, 2.241443144946558, 2.278894576626285, 2.6120370304563485, 3.7725041604904668, 3.775596238475285, 2.1134910577478556, 4.175263483488239, 2.2567749430832467, 4.100029280055995, 2.368215054046943, 2.825113623008061, 2.0679632793909297, 3.66081982565582, 2.5073834710801024, 2.3670667842950577, 2.3370062641497946, 2.1770670406546153, 3.013528621465882, 3.0506864692770588, 2.3339160143528344, 3.089828431605368, 2.2214933152072494, 2.6163037829877984, 3.7236071913058684, 2.8795107377503983, 2.347073330086009, 2.0996036168006107, 2.5619505828013884, 3.0192640131090944, 2.632273076137093, 2.3129604845460796, 2.299899259325883, 2.2483479728018265, 2.5058617543726287, 2.3550540823553323, 2.217297753379211, 2.5402745049182047, 2.2671714718294544, 2.161626419144281, 2.2907048416348603, 3.8109133158796813, 2.175213572618115, 2.6190348411271147, 2.8979137599472433, 2.0355489559959845, 2.7712733203248017, 3.5442306451930183, 2.172756828974166, 2.072633256876505, 2.1252570389093073, 2.6753734779197558, 2.096239392615245, 2.1910776119608695, 2.3425326309729457, 2.2723210207970235, 2.7598330075969018, 2.5408712787899175, 2.486421631417456, 2.601017572957434, 2.9648530856599855, 2.416186433544171, 2.0364635857213758, 2.169427902829662, 3.3441464279953403, 2.3187175554650765, 3.4459111276775745, 2.4985364599511537, 2.1722183734053906, 3.956112026966896, 2.1807290079937593, 2.868370156034664, 2.012639885694418, 1.9974930858937372, 2.20690041771139, 2.485455187676862, 2.703681814652914, 3.0730521016908017, 3.3269052458335127, 2.0353435855764275, 2.2838092783971913, 2.6067867911093163, 2.0326012486927825, 2.3619184967362945, 3.8577650259455303, 2.4167821285109365, 3.1556292567587803, 2.3810526185235026, 2.2657670678002835, 2.3512250238102683, 2.4096909522431247, 2.738922349635098, 2.096063594448569, 2.193103992867563, 2.417466637142393, 2.3933106463599803, 2.4655044247789175, 2.1379731540512585, 2.3666157934735272, 2.0085022239471066, 2.058386878009069, 2.414736646738612, 2.1830797176842522, 2.03521843797701, 2.168913866172457, 2.3744454479760004, 2.2943262801997317, 2.272068943410649, 2.167195783082103, 2.402936221961636, 2.332882102646878, 2.324849813398489, 2.3409135031470543, 4.1915640230818365, 2.097961684992119, 2.6061227554144, 2.3486880882666514, 2.3995039361840265, 2.2793117374094827, 2.0360502777520173, 2.235552895774892, 2.195881073502682, 2.1207870233711406, 2.7693614246939275, 2.427058258986787, 2.175944562955225, 2.2020517504621653, 2.186819206332504, 2.2962607047316586, 2.668717887971713, 2.9510062567428417, 2.1688727920885458, 2.476084941657264, 2.2625619024835357, 3.973216581925861, 2.145146687219234, 2.519508039318117, 2.1126248327588777, 2.44878052553886, 2.082779197385175, 2.2264335493001344, 2.6643919829686618, 3.8201594117767863, 2.2723507778477043, 2.2071911200840404, 2.069178764294263, 3.109243649320371, 2.236707577305675, 2.6578336223471393, 2.3695704676417697, 2.1893948580856253, 2.489601805522704, 2.136575516157134, 2.160944120752727, 2.5386189462133553, 2.3926881400863103, 3.2129690914535107, 2.093722321410551, 2.310714912492273, 2.344420253316057, 2.5146531365622145, 2.1785920558506966, 2.5414302271922926, 2.0997987186991893, 2.543994117349699, 3.2493893139534222, 2.3045492823001044, 2.165294733560278, 3.2937477781501574, 2.673329988044712, 2.116571153727175, 2.158053500923216, 2.3623453740321616, 2.2929965529509535, 3.2622510326526193, 2.411434033679113, 2.416781365978325, 4.262846163411565, 2.405216475401278, 2.729158225524794, 2.641826554795799, 3.5000983232035017, 2.3402043524978433, 2.5067506098233316, 2.263149635478645, 1.9982426879251198, 2.113706878156918, 2.116690525283542, 2.4111012451898315, 2.8117775343421423, 2.5672176922804604, 2.0615939550427633, 2.2348963210406225, 2.147494827462559, 2.502692694434339, 2.0143004522420886, 2.5473300931465226, 2.060065321725319, 2.285702739818753, 3.6245769017129215, 2.1479024261540576, 2.356163038412583, 2.098637092263571, 2.544811048148445, 2.0941375547275927, 3.04064511293219, 1.9853621119235387, 2.499388156027157, 2.9749487003210833, 2.487364378825486, 2.0791762552146094, 2.3844832493816472, 2.7366001713988553, 2.3268256445722133, 2.653226814723175, 2.6659113728319563, 2.316158186496182, 2.699810778394065, 1.9924120933573886, 2.063754105567675, 3.1952499806762513, 2.617740278208171, 2.30480281153928, 2.8575559131947363, 2.5976791883621924, 2.1378187697280646, 2.690370736718019, 2.4257219281174502, 2.040680738930463, 2.3221151563271873, 2.3056866799100937, 2.3624786807656455, 3.5085261807108923, 2.2503222962553884, 2.283045626231578, 2.5267102127947534, 2.3796923641074077, 3.3404564519730333, 2.4832684138638257, 2.062645747084629, 2.3159316294851005, 2.746001771620299, 2.4135373625783565, 2.6632535069962278, 2.648716009053835, 2.797752660034093, 2.8888908319841966, 2.320062615325787, 2.2774415809079205, 2.577259753590031, 2.3537741841430178, 2.4386273050484784, 2.1551183535930596, 2.1210726166108365, 2.318858257623519, 2.486472161234664, 2.426517774084175, 3.1301159644723526, 2.3252996696811095, 2.6402324946342914, 2.187381101638429, 2.8564080881520764, 2.018342123749926, 2.194791037458646, 2.399716255491986, 2.094993363401602, 2.2143872715471815, 2.280842588099025, 2.566670341331631, 2.2380722257908876, 2.0319690009773588, 2.5025087293665886, 2.009534026519929, 3.5970007461026197, 2.734617838597952, 2.718315023446296, 2.3338698499630133, 2.2678886474857216, 2.3596301318469552, 2.1103765788714894, 2.8447780583367277, 2.0337108907409505, 2.2810555922937183, 3.9018309178573665, 2.2706194322832665, 2.215866094962634, 2.092409876073071, 2.5479727617403496, 2.0853039699806017, 2.268498824043426, 2.273031251147937, 2.0636053015892983, 2.2786596842089173, 2.1692357653399603, 2.2580660006832245, 2.569032835682228, 2.5278789490936138, 2.244090343083032, 2.7114678821436247, 3.8373800028024223, 2.2871010502352647, 2.1637313512414016, 2.8857343397115325, 3.833073672991588, 2.1165121097315525, 2.3080141995823746, 2.0364230638442233, 2.08986291615007, 2.596543553115551, 2.4205986802882005, 2.453205853667542, 2.5324060018504015, 2.3077652547138525, 3.6586138352078166, 2.8287805806310478, 2.3049207096983606, 2.366258196669606, 2.243836472867007, 2.0632233513896328, 2.491238290985086, 2.4420397625494172, 2.7447040491200814, 2.6761917584159414, 2.117848942806355, 3.8069206003560527, 2.621883118424328, 2.115051689151037, 2.589984190580664, 3.4979990174689233, 3.9460437421481216, 2.2623545815887605, 2.8390495383704626, 2.5746363122890052, 2.8382144200039066, 2.387921629368545, 2.456584308042799, 2.0262411835121314, 2.1062935582176747, 3.0438925249606688, 2.6318300621306956, 2.090296394206593, 2.291761855196093, 2.0632542465283685, 2.187702782007466, 3.0144966504491375, 3.105443368037795, 2.6266005136877455, 3.5235746981148455, 2.098443273930114, 2.449522523972208, 3.6564924331879833, 3.33502831491971, 2.1429684018242043, 2.7698610691740524, 2.417792454024231, 2.9330448751771745, 2.4367710569851804, 2.2003714718244405, 2.0694724777630134, 2.6796002216434447, 3.6347543424454223, 2.8049265916402115, 2.0045719475428374, 2.9692129960325095, 2.139885188824805, 2.82471273013131, 2.5809361602858294, 2.6096659997133544, 2.5858331849299505, 2.29262108044497, 2.2772040901860593, 2.6326449924529305, 2.416326358906392, 1.9897679492055942, 2.8139735621626305, 2.0823338002877607, 2.3467537495807367, 2.2542885627381497, 4.114400041871765, 2.0823151885934883, 2.174979353157556, 2.5950429652313014, 2.362764548217001, 2.1125786244144775, 2.4861155687514014, 2.530735511360355, 2.040769946706458, 2.9043219085115224, 2.112326314292157, 2.4056984229304272, 2.2116766591537247, 2.6707780099928926, 2.131852454504437, 2.50962266252926, 2.409551208603208, 2.2387490625050472, 2.1706550664691187, 2.2219227177419283, 2.0165040584948923, 2.1105569197711627, 2.197805050127731, 2.2159886754318068, 3.778967029548319, 2.064085077800319, 2.8087919059833313, 2.701233105863318, 2.7599050797933526, 2.8020661097189685, 2.2224951877864427, 2.6720147249881614, 2.4245929036255016, 2.7987998069868287, 2.071089769817023, 2.087961499673454, 2.5651678387802583, 2.680092912833676, 2.0851012562670914, 2.441277313333126, 2.2991030397415426, 2.6343258186635676, 3.190638957013867, 2.2954297361458864, 2.3395811816310004, 4.156454091329751, 2.478380933062286, 3.176633135633302, 3.6230137933519266, 4.039175671373482, 2.320787346748979, 2.867359432029996, 2.1742270609289553, 2.267468921690752, 2.125656869444882, 3.3315533705811387, 2.15856220675415, 2.7588747609344835, 2.0809095899588863, 1.9958443464942324, 2.885743365599858, 2.1095417595903503, 2.6557372250648466, 2.5305804861050065, 1.9967466927751603, 2.690724199616464, 2.270497537805011, 2.5503385354987325, 2.629504497513829, 2.7283348764847166, 2.3944861888028193, 2.0914331066760714, 3.361499486589615, 2.9423041170331627, 2.139553387240708, 2.1040402847731343, 2.0292445421126994, 2.0664586919835513, 2.402391518792756, 3.167294858646004, 3.114488543430782, 2.304574953602549, 2.7645794715482532, 2.4707992204839195, 4.13282730277972, 3.8265741869524037, 2.362706678533248, 2.73540166220869, 2.4964932666639585, 2.67561075342814, 2.168460717683017, 3.6188025943590487, 2.1538730942785187, 2.1636960843747888, 2.3106179781980094, 2.5694088890887925, 2.0513672426745253, 2.2047127207914206, 2.0221523868152667, 3.6106553543972115, 2.5788391804729356, 2.68903570885696, 3.487449498285836, 2.3584401179142507, 2.609015886072372, 2.470156669997774, 3.978535476112923, 2.076432883849966, 3.801991324705244, 2.1883470109487755, 2.3858415809137226, 2.1336059882468543, 2.3846286118732145, 2.460168644565806, 2.0345516258960115, 2.2475759144275185, 2.534122041360072, 2.268913618444179, 2.1175683000416967, 2.2807460025486193, 2.411886213240006, 3.6257395965001855, 2.224498826895531, 2.69449104739831, 2.498186461928056, 2.598675066609364, 2.0762753729108336, 2.97079824148277, 2.283551465593074, 2.1991611366793675, 3.2397600472732786, 2.1057352948826784, 2.48858894416045, 2.32576477799869, 2.3837466129827227, 3.986473440723539, 2.336208137448186, 2.589782856705071, 2.5789592324079287, 2.1887464793635325, 2.2707813880159575, 2.412533982223674, 2.086733309320007, 2.1376415169911462, 2.5719870521071373, 2.4440777514434764, 2.3686922549983778, 2.016155660990415, 2.0816920428541805, 2.6682089544007486, 2.5203474825444188, 2.7974051183129136, 2.116225166161543, 2.1262139869629997, 2.259824370197343, 2.2324748754375348, 2.081706778725551, 2.0955437505740657, 2.649569142083437, 2.685201270296555, 2.0542242763176763, 3.7086999156347265, 2.3560124945727865, 2.0559551638850038, 2.6401318856631044, 2.653443354614326, 2.2465447224630086, 2.600639531854689, 3.9605954569034463, 2.3004103849258173, 2.5538416601416984, 2.1928937207615204, 2.469933455808975, 2.727773062625252, 3.0534788475861667, 2.6138427015402703, 2.3041719811731363, 3.937199730402882, 2.8984019165162764, 2.267461220300019, 2.6846086729643805, 3.387453630850668, 2.068083018518199, 2.574143073071694, 2.1127531892711007, 3.2628883555559214, 2.8242922942838877, 2.5960212957191526, 1.9978011415230725, 2.4885156220367897, 2.2249424941450435, 2.169832225843164, 2.099996412855548, 2.6006241602474707, 3.70266972460786, 2.1127053321076, 2.08640987603674, 2.342021130271737, 2.544411828221183, 2.2377662368066247, 2.283394395508058, 2.060459283474712, 2.563252111788616, 1.989064555518612, 2.362525645595944, 2.124067174041, 2.0969908281015854, 3.2711554035310306, 1.926339980700659, 2.6471518847851097, 2.4099013620974103, 2.9727989921085634, 2.5969681594335565, 3.0333388646675985, 2.5817728772164164, 2.0862454649977575, 2.6325032920373053, 2.1307339193931387, 2.3538908623153554, 2.552725416482468, 2.3394084311485135, 2.483937793075069, 2.125856463821389, 2.462604851167799, 2.036295988580199, 2.9549457429099624, 2.364192996689721, 2.217106201189642, 2.8871536699517932, 2.4430561985645878, 2.1757785547650785, 2.3388870303476352, 2.087378853000687, 2.4984768247903735, 2.1789698118992797, 2.6161576424124613, 2.2467412249469705, 2.0773112099644737, 2.5147992806672153, 2.0967353570046057, 2.5455812456233367, 2.5177656892404916, 2.5222041649243274, 2.3433394412280695, 2.729327459988273, 2.5137242888306335, 2.3635504576427078, 2.1297726461368485, 2.49137813721777, 2.7489714142339157, 2.3047027558253848, 2.186181636587573, 3.960445463569596, 2.199760674212158, 2.7915237779177424, 2.8817572521387005, 2.095553968839974, 3.1903615501904885, 2.418548193369075, 2.1594478438778775, 2.2234379351944726, 3.649124984599858, 3.771343389330592, 2.1655546783081414, 2.1645093717074837, 2.225279209362312, 2.44279623241898, 3.681531060497675, 3.2898337865618528, 2.9572329861874636, 1.9854303638192574, 2.0168042289480432, 2.7525928654888436, 2.1133602259981137, 3.6267430053498586, 3.461241291168878, 2.94168351157627, 2.6455192841592816, 2.5541117777880236, 2.3996614848154314, 2.3686226475421344, 2.2256565775082477, 2.3819145134222586, 2.8918170991782937, 2.03287015558589, 2.535820316249783, 3.996471827562077, 2.331561358090682, 2.0720928759600463, 2.0830750591458487, 2.5296310990145465, 2.2335287135771345, 2.4048464829666067, 2.2935465811531675, 2.183108073137202, 2.241757097368994, 3.3703258033205072, 2.0891591578252204, 3.4206496175066894, 2.5273162586524953, 2.7947419684641, 3.286602448259395, 2.2783272408422595, 2.766057070579751, 2.0900610829509043, 2.0703728068035323, 2.7076242095432397, 2.4921836366976087, 2.904165362154772, 3.4691500413210115, 2.4530671367416157, 2.704585001545458, 2.7971408472582695, 2.054445074646235, 2.4506810260212557, 2.663783253033547, 2.8101481670868935, 2.590899106664792, 2.613724002940713, 2.0766595249867654, 2.203854422850578, 2.4941274331994476, 2.46384415005721, 3.07207350495869, 2.5238625923968367, 2.5154687685350816, 2.299870327843214, 3.909641466478546, 2.406727842158456, 1.989410476319053, 2.59640537977897, 2.2090295993816054, 2.818071495918999, 2.176133888810754, 2.656314906852225, 2.567732370720226, 2.4132708465432735, 2.349250302824296, 2.2523246578460676, 2.3677812281164505, 2.5386422029967575, 2.601026164217706, 4.087928067770324, 2.509192681681843, 2.2013016464790933, 2.1345110414888984, 2.5412523638470614, 2.159752322173099, 3.3839625782221296, 2.468262046211029, 2.287319898088605, 2.393847266156875, 2.5743640306742797, 2.0984336471916976, 2.4943365959128174, 2.0131263568757434, 2.5089326839275645, 2.283809347479305, 2.6498978628732086, 2.913335876682493, 2.7863615027371282, 1.9961546921091187, 2.99213470815216, 2.3598248167699687, 2.050247601917487, 2.4590224209116545, 2.426238720524324, 2.465510169647719, 2.11414063359243, 2.386005360055624, 2.132461689940386, 2.8652700693735618, 2.354955114056762, 2.6034378687795576, 2.2236190828351137, 2.177183569402562, 2.4984736158775678, 2.9710909392995064, 2.170043855430416, 3.797010320047321, 2.335479896560254, 2.112441193370597, 2.6432828599565905, 2.276444250807948, 2.689665421266403, 2.593681685763846, 2.1076243623818627, 2.091923769529613, 2.3075402877774662, 3.0821333807979423, 2.5717997129143977, 2.761194836067163, 2.0226703053420865, 2.096497389204813, 2.3852771247799835, 2.679651606518863, 2.4298236879492046, 2.0624070039718942, 2.752991320820348, 2.0449456833882675, 2.4655776775666864, 3.3302537951083804, 3.5552421100184786, 3.6851127020276735, 4.31068518895607, 2.5683049866423264, 2.3146029650316664, 2.6621369582048673, 2.7482444901485006, 2.3988705294369717, 2.605614324229547, 2.244729192409518, 2.083278504217722, 2.3945843075991005, 2.3642902491502227, 4.011461301059483, 2.543299739792821, 3.056087712524144, 2.3633322515719284, 2.574650589820414, 2.4668028404758555, 2.316771199742462, 2.4569194523238598, 2.868207143264141, 2.5849864863633387, 2.0613256003564153, 2.347264948009717, 2.006636562041945, 2.8004925051700984, 2.509412768457527, 2.8939338705341493, 2.1314958323134428, 2.5185075898811404, 2.2719511310975804, 2.711358882947647, 2.705491731051061, 2.1139298517676903, 2.292410515300224, 2.007659287766186, 2.2911487416739695, 2.3855765247159817, 2.052567193744877, 2.0100380991916573, 2.0537135321023654, 2.4384532002521118, 2.5161689030541883, 2.7842853215776877, 2.453628391350461, 2.8748423550819213, 2.5692926044116478, 2.057823234262494, 2.2641748747487886, 2.272355035272762, 2.0595796225276635, 2.1400920251284177, 2.5481131090011844, 2.222788451242624, 2.1142985121024642, 2.38781442050659, 2.793426657908105, 2.8620845580162335, 2.1539158847971276, 2.2223097796452485, 2.4805324948057916, 2.5692200538711396, 2.606373692395796, 2.9405760971480137, 2.293356594434256, 2.602151470732447, 2.0618505784914074, 2.899404783424811, 2.2012559652139174, 2.7768099530982298, 2.4305578651852646, 2.0019188184351875, 2.317421604704193, 4.05813603797807, 2.1386683690889305, 2.4421084854012816, 2.67559530002927, 2.9869532088750583, 2.442808356589416, 2.580843333880917, 2.075658619869602, 3.7267035667596247, 2.0182497070611256, 2.027803282265886, 2.266963076282543, 2.089223336081332, 2.1170075658687333, 2.132060600967224, 2.7137076943384124, 2.642157583149581, 1.9971304787467072, 2.1694063147965874, 2.6845629570843674, 2.7653071566463767, 2.168073741625709, 2.2398579420206035, 2.099135665420832, 2.358719118522633, 2.0886354632553505, 2.6363425259978817, 2.1834585783082963, 2.2192599307216128, 2.1153716621204506, 2.2039622680644912, 2.537028463549844, 3.684291218230974, 2.0796673335771994, 2.931817187118269, 2.9595728747878858, 2.2597243488445082, 3.4461346171599745, 2.38098887918368, 3.321714442583911, 2.407708167999379, 3.733862651228864, 2.1371126881607876, 2.4145050839841, 2.4014736185856758, 2.686111313172427, 2.8976525376809716, 2.016432086955322, 4.160279662350799, 3.3018383470903725, 2.2396553265003094, 2.113785175629374, 2.345539522102642, 2.3040929748991514, 3.1111917832634552, 2.221458067167681, 2.5267016190708174, 2.150517079482289, 2.2207649108274277, 2.4144299058486474, 3.776577917323438, 2.141097538893363, 2.2589337346604315, 3.335836082787228, 3.4716302866695705, 2.5645693681707806, 2.72655966701566, 2.098643510089182, 2.579224981005634, 2.4969285072262903, 2.2703453911296703, 2.3566487279804753, 2.1230736946363935, 2.2826181990458756, 2.086185067738788, 2.3405155979591625, 2.1213318967655272, 2.609969714789061, 2.47123737418771, 2.3880769098278636, 2.3368687876848178, 2.4925098966415096, 2.4890770019758817, 2.469444144136152, 2.4030022943911824, 3.192427695184126, 3.1226238291767703, 2.0548500143147637, 2.514466164343748, 2.5112014476296034, 2.271200887283637, 2.1392092080025, 2.306128433504832, 2.87475742310386, 2.3591870199011185, 2.5105981720221555, 3.848249198964748, 3.639311275774033, 2.444406464864818, 2.7182463838865054, 2.029505931400524, 2.0878049966212675, 2.1125715648063053, 2.29707658910272, 3.9992917114789943, 3.8683464634714255, 2.5642982234099474, 2.6534659951771244, 2.5286520630392366, 2.0011140231035487, 2.6807094387315065, 2.5220181404904403, 2.6692910893745907, 2.3448277349872955, 2.2698993522496953, 2.0793071537295416, 2.2996800780089237, 2.190463609835333, 2.258209352234874, 2.6711249993987565, 3.108082668904658, 2.6422956103548003, 2.3673234973195036, 2.0674553551734283, 2.0569157271270253, 3.9240722659319767, 2.0716321012087007, 2.22899832047693, 1.99389204394332, 3.397792199760173, 2.2041893192602537, 2.5700133282909263, 2.3738054511854743, 2.313459791378627, 2.270761547575067, 2.7114880530811956, 2.358350551547102, 2.2713876460089213, 2.2437292951793006, 2.250808156828401, 2.5170951192072577, 2.6649935570043715, 2.4314302825962293, 2.6212239635257064, 2.7294155075198967, 2.596486627249953, 2.399447823340405, 2.273925896038132, 2.118597719269726, 3.2573658666188186, 2.81104598365179, 2.526157638009633, 2.2659562401942037, 2.1942967909704993, 2.8119110251148545, 2.530876023398952, 2.5067930351074437, 2.3713623245524036, 2.3181699231704536, 2.9179613068069883, 2.1432899851423928, 2.229659649553582, 2.212447961042135, 2.304443516912112, 2.8057569721363214, 2.39091627637451, 2.710447916964842, 2.137501056186064, 2.1548519470650067, 2.1372333432822774, 2.3162329026509574, 2.0091093502499215, 2.3814434450224002, 2.3485381029173427, 2.612403214429938, 2.9846340731438397, 3.341526029798307, 3.2064300116801476, 1.9992554208065596, 2.825080116784502, 2.6376773432987926, 2.0646495745593647, 2.8586253547542264, 2.1254527825904477, 2.6603786216743663, 2.0340779903659083, 3.905285046453697, 2.13183081768281, 2.346641412505007, 2.1637256647741534, 2.1649231414573924, 2.2929997633302763, 2.6358927107009613, 2.3543959778317185, 2.418863245571182, 2.598902034691758, 2.1486482505557545, 2.3943498572848325, 2.2801460526204598, 3.0649065385891525, 2.7268335220474, 2.228521359013761, 2.194577525627883, 1.9884766826926306, 2.1847324915645747, 2.320135220284281, 2.224038167697928, 2.772179714864025, 2.6952572825347914, 2.647351096547111, 2.4312186667864544, 2.136665486465741, 3.3864031883423595, 2.1752952188342483, 2.5182783839310203, 2.367623851558106, 2.247826214223692, 2.36515644336547, 2.900968738043617, 2.8181640030340076, 2.2771576564185527, 4.027200357727322, 2.846832697137968, 3.9619209216775997, 2.0100323231486072, 2.7336275252557556, 2.5402057754015757, 2.5591405294863074, 2.622279727012989, 2.1734769090077375, 3.817412626985904, 3.336658109072249, 2.3733817828024124, 2.249127297126592, 2.1008755858821617, 2.2174334678077487, 2.729239611160005, 2.5548187848005792, 2.3780702051413525, 2.292352448613928, 2.469660698220501, 2.1355178584964163, 2.6608418392762423, 2.593238303589917, 2.002419408832857, 2.6563828583213285, 2.775120013252472, 2.45744117733769, 2.31479662445343, 2.0196821657375343, 2.373912335834477, 2.0364063774976344, 2.1249573264532664, 2.213214338995908, 2.4466373402060437, 2.2505246478480814, 2.2913599863297924, 2.264260834706966, 2.6670460754851817, 2.2478406357122647, 2.647442737290096, 2.5408278163116456, 2.063172462998413, 2.5138038759149257, 2.09995726411932, 2.3148365045480213, 2.3904393111815514, 2.3167509419278276, 2.165374795405578, 2.2599291957145042, 2.7110641844025625, 2.7392313126240975, 2.4075904230481298, 2.037501348122699, 2.26352200314825, 2.5610855997398767, 2.6665704523479734, 3.6235443291296807, 2.1787395260088815, 2.586029383025151, 2.2277847284809056, 2.2327214074341772, 2.327877526189881, 2.812040972552179, 2.444571422063846, 2.4465759128656277, 2.3404978120866797, 2.4750223337752852, 2.264304171131843, 2.5299312246432306, 2.630685420784231, 2.3169498049459714, 2.3177377263621293, 2.4347584271273006, 2.3369235600454226, 2.1901842468523567, 3.8369532152808086, 2.2556090983813597, 2.6626984542943317, 1.987206503111458, 2.485532710232614, 2.3718598613998156, 2.4224975147377092, 4.073487960145234, 2.3059542850076635, 2.1382878816059914, 2.280626605864717, 2.18290822589313, 2.253908098916228, 2.587413211703983, 2.643154017333302, 2.5295443664760704, 2.367499547541522, 2.09389431913693, 2.419241776532189, 2.826597606608293, 2.1267104926247824, 2.2634032291660877, 3.341345962602739, 2.1129693804183947, 2.542688762794639, 2.315731701644975, 2.1318449368991543, 2.491909984874993, 2.0830583727992598, 2.165750488754472, 2.1893610585695855, 2.157226916158748, 2.7484310315971623, 2.318045662707931, 2.5018917497980673, 2.1431866078949833, 2.4243134156913744, 2.7015974836302963, 2.116563176658265, 2.663629194044631, 2.264363888084275, 2.2780995478639356, 2.370699729271156, 2.1876853331282655, 2.592322702819446, 2.016663036784598, 2.1605394218046854, 3.2998503818607317, 2.165165093482933, 3.731136174507685, 2.50871403850737, 3.2112990243126527, 2.2123922909177245, 2.3272883697987776, 2.5188708692053665, 2.7714945891770237, 2.0051027017208796, 2.2028886097943245, 2.545415330176322, 2.4177331295164586, 2.1052185724278067, 2.149694832954527, 2.1273929164002334, 3.610836197248574, 2.8756309408911247, 2.0459260278024574, 2.6339124624132113, 2.277079615543452, 2.4947503595623624, 1.9917594004927346, 3.6549119379534334, 2.139913516833296, 2.145863064119074, 2.0258458454544845, 3.6884023513174693, 2.20019238642932, 2.97381728934924, 2.176800748829899, 2.5284666976398813, 2.667421117564212, 2.214951187242143, 2.1945143546426067, 2.679011475311305, 2.5237682815346014, 2.1577634403331265, 3.8140701476626773, 2.464966610992703, 2.082448037583639, 2.1224474023499194, 3.9568486660440336, 2.187576319668678, 2.4437858611282195, 2.304086624092508, 2.922086226858949, 2.157697311601797, 2.0076477342135686, 2.282036836192008, 3.6169521256341683, 2.055713211859463, 2.7861234704508844, 3.443201853174612, 2.6035225703001474, 2.4185789989320083, 2.2896150021029547, 2.535607152546767, 2.3641216441221005, 2.198712254990972, 2.549575312619645, 2.039728515928702, 3.2288890649421864, 3.2827934377324883, 2.3594347372525246, 2.266402189498377, 2.594272857928841, 2.0781171050757834, 2.1608055792486147, 3.2701683664252754, 2.1145173599558045, 1.9971978659156244, 2.879320295713634, 2.4630450828304755, 2.1386446231341694, 2.961031055384143, 2.1644669990148464, 2.164837784376764, 2.1407673627016446, 2.090826873556865, 2.342375960899206, 3.7133006375192563, 3.140478978667608, 2.731798716797927, 2.3092707849632803, 2.0649421346641015, 2.598466314587831, 2.9025351858613777, 2.4685140844386133, 2.3001562806692712, 2.134987104318374, 2.47954735857448, 2.268242911459457, 2.6597445321403472, 2.5566009572407395, 2.1891395684571733]"
2.0,8000,0.652197634026588,0.652197634026588,0.016696929931640625,0.3134701948431303,"[2, 2, 3, 4, 3, 4, 4, 2, 2, 2, 2, 2, 5, 3, 3, 3, 4, 4, 4, 2, 2, 3, 3, 1, 3, 3, 2, 5, 3, 2, 3, 3, 2, 3, 3, 2, 3, 2, 2, 4, 1, 3, 1, 2, 3, 4, 3, 5, 2, 3, 2, 3, 3, 3, 2, 3, 4, 3, 4, 5, 3, 2, 3, 4, 3, 5, 2, 1, 2, 5, 3, 2, 2, 3, 5, 2, 2, 3, 3, 3, 3, 3, 1, 2, 2, 3, 2, 2, 4, 3, 2, 2, 3, 2, 2, 3, 2, 3, 4, 2, 3, 2, 1, 3, 4, 2, 1, 3, 3, 2, 3, 1, 4, 3, 3, 3, 3, 2, 1, 3, 3, 5, 3, 3, 3, 3, 2, 3, 4, 4, 2, 3, 1, 3, 3, 1, 3, 4, 4, 3, 2, 2, 2, 3, 2, 2, 2, 2, 1, 3, 2, 1, 2, 3, 1, 2, 2, 3, 2, 2, 3, 2, 2, 1, 2, 2, 2, 2, 2, 1, 1, 4, 3, 1, 3, 2, 3, 2, 2, 3, 2, 2, 2, 2, 3, 3, 3, 1, 3, 4, 1, 2, 4, 3, 4, 3, 1, 3, 2, 1, 2, 3, 2, 2, 1, 2, 2, 2, 3, 3, 2, 2, 1, 2, 2, 4, 3, 2, 3, 3, 3, 4, 3, 2, 4, 5, 2, 3, 3, 5, 3, 1, 2, 3, 3, 1, 2, 3, 3, 2, 4, 3, 4, 2, 3, 1, 3, 2, 1, 3, 3, 3, 2, 3, 3, 3, 2, 3, 2, 3, 2, 2, 4, 3, 4, 2, 3, 5, 2, 2, 3, 2, 4, 3, 4, 3, 2, 2, 5, 3, 3, 2, 2, 3, 2, 2, 2, 3, 4, 1, 3, 2, 2, 5, 2, 1, 4, 2, 2, 1, 2, 2, 2, 3, 4, 4, 2, 2, 1, 2, 1, 4, 4, 2, 5, 2, 4, 1, 2, 2, 5, 2, 2, 2, 3, 4, 5, 3, 4, 2, 4, 2, 2, 3, 2, 1, 3, 4, 2, 3, 3, 2, 3, 2, 2, 2, 2, 3, 4, 3, 3, 4, 1, 2, 5, 2, 3, 1, 3, 3, 2, 2, 1, 3, 1, 2, 2, 3, 1, 2, 1, 3, 4, 1, 3, 1, 4, 1, 3, 2, 2, 2, 2, 4, 3, 4, 1, 3, 4, 1, 2, 4, 2, 4, 1, 2, 2, 3, 3, 2, 3, 3, 2, 1, 3, 3, 2, 2, 3, 2, 2, 2, 2, 2, 3, 2, 2, 2, 2, 2, 5, 2, 3, 3, 2, 2, 2, 2, 3, 2, 3, 3, 2, 2, 2, 3, 2, 4, 3, 3, 3, 4, 3, 3, 2, 4, 2, 2, 3, 1, 2, 2, 2, 1, 2, 3, 2, 2, 3, 2, 2, 3, 2, 4, 2, 1, 1, 2, 3, 2, 1, 2, 4, 3, 3, 5, 2, 2, 2, 4, 3, 2, 3, 3, 5, 2, 2, 2, 3, 2, 2, 2, 3, 2, 2, 3, 1, 3, 3, 3, 2, 2, 1, 2, 3, 3, 5, 2, 3, 1, 3, 2, 2, 2, 3, 4, 3, 3, 3, 3, 3, 2, 1, 3, 3, 2, 2, 1, 3, 2, 3, 4, 3, 3, 3, 2, 3, 3, 4, 3, 2, 2, 2, 2, 2, 2, 2, 3, 3, 2, 3, 2, 1, 3, 2, 3, 3, 3, 3, 2, 2, 3, 3, 3, 5, 3, 4, 5, 3, 3, 2, 3, 2, 3, 2, 1, 4, 2, 2, 3, 4, 4, 2, 3, 2, 2, 2, 3, 3, 2, 4, 3, 3, 1, 2, 2, 3, 4, 2, 2, 2, 2, 4, 2, 3, 3, 4, 3, 2, 3, 1, 2, 3, 3, 1, 4, 2, 3, 2, 3, 4, 2, 3, 2, 3, 2, 3, 2, 3, 3, 2, 3, 2, 3, 3, 4, 2, 3, 3, 3, 5, 2, 1, 2, 2, 3, 3, 2, 2, 2, 2, 4, 4, 2, 2, 3, 3, 4, 4, 2, 2, 1, 2, 2, 2, 2, 2, 5, 3, 2, 1, 1, 3, 2, 3, 2, 2, 3, 3, 3, 1, 3, 2, 2, 2, 1, 2, 2, 3, 2, 3, 2, 2, 3, 4, 3, 2, 3, 3, 2, 3, 3, 3, 1, 3, 3, 3, 2, 2, 5, 4, 4, 2, 3, 3, 1, 2, 3, 3, 3, 2, 2, 3, 2, 4, 2, 3, 4, 1, 2, 5, 2, 4, 2, 3, 2, 2, 2, 3, 2, 4, 1, 2, 2, 2, 3, 1, 3, 3, 2, 1, 3, 3, 3, 3, 3, 2, 1, 1, 2, 2, 2, 1, 2, 2, 3, 3, 4, 2, 4, 4, 2, 2, 2, 4, 3, 2, 1, 1, 2, 3, 3, 2, 2, 3, 3, 3, 4, 2, 3, 4, 4, 2, 3, 2, 2, 3, 3, 3, 1, 2, 3, 2, 2, 3, 1, 4, 3, 3, 3, 2, 2, 2, 3, 2, 4, 3, 2, 2, 3, 4, 2, 1, 3, 2, 2, 2, 2, 2, 3, 2, 3, 2, 2, 2, 4, 2, 3, 1, 3, 2, 2, 2, 3, 3, 2, 4, 3, 1, 3, 3, 3, 3, 4, 2, 2, 2, 3, 3, 4, 2, 2, 3, 4, 3, 4, 1, 2, 4, 2, 3, 2, 2, 1, 1, 1, 3, 2, 2, 5, 2, 2, 3, 3, 2, 2, 1, 3, 2, 3, 3, 3, 4, 2, 3, 3, 3, 3, 2, 3, 2, 3, 2, 2, 2, 3, 3, 2, 2, 1, 3, 1, 2, 2, 2, 1, 3, 2, 3, 2, 3, 2, 2, 3, 3, 4, 2, 3, 3, 3, 2, 3, 3, 4, 4, 3, 1, 4, 3, 2, 3, 2, 3, 3, 2, 2, 5, 4, 2, 2, 2, 1, 3, 3, 2, 1, 2, 2, 2, 4, 3, 4, 2, 3, 3, 3, 3, 3, 2, 2, 2, 2, 2, 2, 1, 1, 4, 2, 2, 2, 2, 3, 3, 3, 2, 2, 3, 3, 3, 2, 2, 2, 3, 3, 3, 2, 4, 3, 2, 3, 2, 3, 3, 3, 3, 2, 1, 2, 4, 2, 2, 2, 5, 3, 2, 1, 2, 2, 2, 4, 2, 1, 3, 1, 2, 3, 3, 5, 3, 2, 1, 2, 2, 4, 2, 3, 2, 1, 2, 3, 1, 1, 1, 4, 2, 4, 2, 3, 3, 1, 1, 3, 2, 1, 2, 3, 4, 2, 4, 2, 3, 3, 4, 2, 5, 3, 3, 3, 2, 2, 2, 3, 3, 1, 3, 2, 3, 2, 2, 4, 4, 2, 3, 4, 3, 3, 3, 3, 5, 4, 3, 3, 3, 2, 3, 4, 3, 2, 3, 1, 3, 3, 3, 3, 2, 2, 2, 3, 2, 4, 1, 3, 1, 3, 3, 3, 1, 2, 2, 2, 3, 2, 4, 2, 1, 3, 2, 2, 2, 1, 2, 3, 2, 3, 2, 2, 1, 1, 2, 2, 5, 1, 2, 1, 3, 4, 2, 2, 3, 2, 3, 3, 4, 3, 1, 4, 2, 3, 3, 3, 3, 5, 2, 2, 2, 2, 2, 3, 2, 4, 1, 2, 2, 3, 1, 2, 2, 2, 3, 3, 2, 3, 3, 1, 3, 3, 1, 3, 2, 2, 3, 3, 2, 3, 1, 4, 3, 2, 3, 2, 4, 2, 1, 2, 3, 2, 4, 3, 1, 4, 4, 3, 2, 2, 3, 4, 4, 4, 2, 3, 2, 4, 1, 2, 4, 4, 2, 2, 3, 4, 2, 2, 3, 2, 2, 2, 3, 2, 2, 3, 2, 2, 2, 4, 4, 2, 1, 4, 3, 2, 3, 4, 2, 1, 3, 3, 3, 4, 4, 3, 3, 2, 2, 2, 2, 5, 4, 2, 4, 3, 1, 2, 4, 2, 1, 2, 3, 1, 3, 3, 4, 2, 2, 1, 2, 1, 5, 2, 4, 1, 4, 2, 1, 2, 2, 2, 3, 2, 3, 3, 2, 2, 2, 3, 2, 3, 4, 4, 2, 2, 3, 3, 2, 3, 2, 1, 4, 4, 1, 3, 5, 2, 2, 2, 2, 3, 3, 3, 3, 2, 1, 1, 1, 2, 3, 2, 4, 4, 3, 2, 3, 2, 3, 3, 2, 3, 1, 4, 3, 2, 1, 3, 3, 3, 2, 2, 3, 3, 2, 2, 4, 3, 4, 2, 2, 2, 2, 3, 1, 2, 3, 3, 2, 4, 2, 2, 2, 2, 3, 3, 2, 2, 2, 3, 4, 2, 3, 3, 3, 2, 1, 3, 5, 2, 2, 3, 3, 2, 2, 4, 2, 3, 3, 4, 2, 2, 2, 3, 3, 2, 2, 2, 2, 3, 1, 2, 2, 2, 2, 3, 2, 2, 1, 3, 2, 2, 1, 3, 2, 2, 2, 3, 3, 2, 1, 2, 3, 2, 3, 2, 3, 2, 2, 2, 3, 2, 1, 2, 2, 2, 4, 3, 3, 3, 2, 3, 2, 3, 3, 2, 2, 2, 3, 3, 5, 3, 2, 2, 3, 2, 2, 2, 2, 3, 2, 3, 3, 3, 2, 4, 3, 4, 2, 2, 1, 2, 2, 1, 2, 3, 3, 2, 2, 3, 1, 2, 3, 3, 2, 1, 3, 3, 1, 2, 4, 2, 3, 2, 3, 2, 3, 3, 3, 2, 2, 2, 2, 3, 3, 2, 4, 2, 2, 2, 2, 3, 1, 5, 1, 1, 2, 3, 3, 3, 1, 2, 3, 2, 2, 2, 3, 2, 3, 3, 1, 2, 4, 2, 3, 3, 5, 3, 3, 3, 3, 1, 3, 3, 2, 2, 3, 4, 2, 3, 3, 1, 4, 3, 3, 2, 3, 2, 1, 3, 3, 2, 4, 2, 3, 3, 2, 1, 1, 2, 2, 5, 4, 3, 2, 2, 2, 1, 2, 3, 4, 2, 3, 3, 2, 2]","[2.145457414206213, 2.165097777187414, 2.4681069586560245, 2.557067277728905, 2.0594568074868516, 3.0567034851085797, 3.8031425572859945, 2.1239364729711787, 2.541387401260398, 2.181522807948505, 2.043876136386653, 2.2191595720639903, 4.020311204273002, 2.659155135408715, 2.257549310216652, 2.299247638105907, 4.162515044997402, 4.198490391881432, 2.3123915431370126, 2.303571181936992, 2.131398318169908, 2.562166901535937, 2.3798704978489083, 2.2630169282036112, 2.2935983218444282, 2.2275708450987013, 2.6234071436445405, 4.384548288682289, 2.36782817397217, 2.7967881311614704, 2.2170066499632517, 2.293793164532116, 2.2392040931980475, 2.3428159375807907, 2.0555114703135025, 2.6529438344165954, 2.108390699467141, 2.5110864917301425, 2.24751455642778, 2.2458614001667967, 2.088914243155936, 2.079857064697279, 3.9784404119778287, 3.118467877619258, 2.31344969557726, 2.8322191270099712, 2.4823093018349383, 3.7860538252547586, 2.380631623523452, 2.379916280476465, 2.4101620977098555, 2.5868019337276222, 2.1516837785225893, 2.5506162713677965, 2.9718752148849825, 2.4114799683847346, 4.130671586623256, 2.410423827405558, 3.4289234868834857, 2.731657872534342, 2.3975869442477173, 2.1278853991959097, 2.922109874788004, 2.587028147505706, 2.9488528370217137, 3.3645117480795372, 2.191267263724479, 2.133030215201284, 2.0900490782290535, 4.067634180922899, 2.199725496812229, 2.097648672571915, 2.403696165398243, 2.638492205724659, 4.263447680868549, 2.3359019418329345, 2.3945626349945046, 2.1714505480900184, 4.073584900382654, 2.7713014100834976, 2.2482106405022018, 2.232219503072943, 2.2075083919065888, 2.2426177536404612, 2.029013649104821, 2.133302821043856, 2.112028223172104, 2.219939962869195, 3.8575529851894856, 2.129663239188291, 4.119839973882499, 2.1370846350580677, 2.1051978000415366, 2.062010438632708, 2.088758007536913, 2.0699268124729837, 2.0654522944989204, 2.1803508265003155, 2.667822010821479, 2.1733562461023554, 2.4210725181501758, 2.413282289702372, 2.070979803825901, 2.243377428783672, 2.512377206692746, 2.3577181961187583, 2.07669250500959, 2.3576922661669997, 2.4652237802768884, 2.0783089821917637, 2.359293388856924, 2.639824836285272, 4.2225609116554885, 2.632088065861431, 2.439845600030594, 2.343521460846402, 2.305280954455257, 2.3653878206301124, 2.283171860775356, 2.2819551561448814, 3.4418289290645094, 2.688003985055251, 2.7212806980104114, 2.610264224008991, 2.4794799154797524, 2.712045649688402, 2.101718015689365, 2.5330012121438803, 4.183329597005272, 2.4572242964595916, 2.1873879240407774, 2.1621123438320877, 2.0374818341988066, 2.3814053892517237, 2.2196329434198536, 2.059616587787227, 2.2027507014236907, 2.5165082738911364, 2.366032785838059, 2.391372960256605, 2.223408299934405, 2.319520841383839, 2.0738811156753605, 2.3548104923076902, 3.982930910022678, 2.4198626303084363, 2.1398160979637, 2.239720616210136, 2.110310291722761, 3.493751233680871, 2.7874470693124453, 2.118483129178823, 2.044773734474627, 2.3210643448957584, 2.6041642174811264, 2.393321453175852, 2.5244016933417552, 2.6068201020450124, 2.2342492276875148, 2.1775109146140363, 2.296066778639304, 2.198884214250907, 2.122056538789595, 3.3354401662587723, 2.1469596241953584, 2.146104925562254, 2.063905698524155, 2.3529297687109336, 2.100442129848089, 2.4004299360629586, 2.32809316202008, 2.277918474262727, 2.1948383100443865, 2.0267385127309936, 2.2956710937875235, 2.3974671331606285, 2.678565869282852, 2.3335644818350523, 2.6688151080220615, 2.275204272071468, 2.0420882277508206, 3.948426465705578, 2.3214842805715183, 2.380359277655705, 3.3847474540378304, 2.462109957725936, 2.346001425810299, 2.325163876740546, 2.285705821525103, 3.38346365251204, 2.070522086742427, 2.3800367565925984, 4.40542073440165, 2.1839793533297533, 2.254067553219076, 2.5941178550081068, 2.373823779746717, 2.399624736963179, 2.039332048564689, 2.109826947702528, 2.095900127853628, 2.251782786672404, 2.081483819684085, 2.090227293905156, 2.058785778443817, 2.214305377910219, 3.0535592042056594, 2.323909032623188, 2.0641308942204435, 4.465828720749095, 2.051330406108023, 2.0586748314076857, 2.3201835059829046, 2.386628111590484, 2.295012432980496, 3.1502572022864785, 2.1302295061208847, 2.1002332049239607, 2.1524561993443894, 2.1511724165978316, 2.1567361850658866, 2.1981327975121308, 2.0993496428626557, 2.2637567665661797, 2.1092530093134934, 4.106826073421804, 3.8676885145428725, 2.148551136744847, 2.8773392208801587, 4.297248139000905, 2.355857870112345, 2.232878799422501, 2.2260893566154576, 2.3713174725509583, 2.2174351849547302, 2.9096061928818377, 2.20032933253624, 2.425787786416294, 2.6128436236547348, 2.3701853690321264, 2.6103204005635927, 2.255211147285303, 2.063221819734332, 2.1181225027493493, 2.2454965187023808, 2.183240144990487, 2.410973278378893, 2.1681859828047587, 2.1284328234141876, 2.442912952427067, 2.5715130999900304, 4.001087828348102, 2.3172846850112307, 2.6044707031678307, 2.2971132746314087, 2.425438212085775, 2.3551786787859865, 2.447053696474694, 2.5013241739222005, 3.730680420109047, 2.407623941191851, 2.106063912989843, 2.1517567952330183, 2.296392213730624, 3.338864327367692, 2.070587676893485, 2.077745496362507, 3.746906251428941, 2.3091045128156344, 2.1289296164779623, 2.301937926475613, 2.0498196016925507, 2.579593508237126, 2.37426265526463, 3.9392522480293217, 2.801149393630283, 2.061090018133575, 2.262777588187947, 4.246463340613757, 2.308634784439708, 2.39388555274075, 2.1729796267695516, 3.0998502771141787, 2.0372948444518397, 2.0683957236923627, 2.5380020668079992, 2.4313660997700843, 2.8575727778593274, 2.42321283911984, 2.29962456603409, 2.378886689663436, 2.3260054500032417, 2.6327552360342135, 4.19915357061496, 2.51101899263199, 2.353398280154723, 4.134602636606414, 2.737543289184029, 2.1119633159832545, 2.1521528416190843, 2.0436646223173507, 2.234674053716378, 2.1450337768068612, 2.540284960143466, 2.2732015410131723, 2.541745826840527, 2.524073739770215, 2.0392897841424613, 2.159179696166417, 2.2032749946354304, 2.6538431365410085, 3.951163764941967, 4.0053915003015215, 2.1259029702156687, 4.292720499535637, 2.2523221197820256, 4.550436784900662, 2.26475721223712, 2.7989446546231056, 2.0747308981182035, 3.9110612148866553, 2.3201214792884954, 2.259952726387913, 2.2375506818516313, 2.104885051340129, 2.7804693543364296, 2.8587074086647677, 2.2947366024502194, 3.0913665388406457, 2.226272563513137, 2.512907786389637, 3.808843037311921, 2.926059370313085, 2.3710586605278228, 2.0798084233911975, 2.361594946657286, 3.024841108638997, 2.534465502397043, 2.2359637787367674, 2.1793004654277426, 2.3106327403478413, 2.193247528506621, 2.3933702920204767, 2.378421319281055, 2.64679592343828, 2.1774914400366754, 2.1205122421830165, 2.2636934130003556, 3.728190386920307, 2.0994155566868473, 2.49663929327292, 2.886960838402804, 2.0943004075582676, 2.678292660464041, 3.7959164514289094, 2.0921658248541735, 2.0680582587104563, 2.087672368186712, 2.5952306387947903, 2.0698807603120764, 2.156456329258832, 2.2553916897209727, 2.4563420942665015, 2.54118693202886, 2.4137120340036633, 2.396772227021578, 2.613668963478479, 3.2112676705186622, 2.269226309268976, 2.029161370913324, 2.08234232458874, 3.7892140938860965, 2.3883258354844115, 3.7503264834775, 2.5011608482363434, 2.0905768684780988, 4.036235525686266, 2.1804634722780265, 2.5822133109589545, 2.0266968476055185, 2.0498374377715245, 2.186275560434253, 2.5491155846780345, 2.5563837349258414, 2.89794511277188, 3.3903685204803367, 2.0936943693695382, 2.221358455235947, 2.6281231751102876, 2.0856018656806627, 2.4187402266597466, 4.045592611997209, 2.2724001736166333, 3.089474029546244, 2.286515559109034, 2.1835738702832286, 2.392297683901345, 2.2500584576810736, 2.6108436231610757, 2.191745426690235, 2.084371257948396, 2.3524849490182955, 2.2695590309760245, 2.348339251830502, 2.339790109480923, 2.2841887710163618, 2.0823248724260925, 2.093855947560172, 2.2649480584304156, 2.1328549295465073, 2.0933250648482815, 2.1500794893020485, 2.2138887417332227, 2.300409616448697, 2.1984730187498656, 2.075755447024989, 2.299379636934371, 2.2916855789438357, 2.7979437439222177, 2.1827756569225816, 4.319004953940846, 2.1872886745879594, 2.4174604840866225, 2.2749721441591344, 2.2557907207870653, 2.5611186798374437, 2.027941719058506, 2.211051917420397, 2.194833875809534, 2.074481568235152, 2.4323658021156755, 2.3078379176661685, 2.1015726738648555, 2.1719673775722232, 2.2427539682043287, 2.301004630457796, 2.405307848206395, 3.0027790613258833, 2.1499582816643024, 2.3117237813119687, 2.2774615003846543, 4.125790526425838, 2.26210285230756, 2.3720251803872827, 2.0503953379718434, 2.503615113529501, 2.0979984391030215, 2.2884043361735524, 2.712014295620902, 4.196891691326511, 2.1941913192090334, 2.1259416899565435, 2.330329563332853, 2.7370221458620763, 2.2078129811971596, 2.7467154992091385, 2.199502910228262, 2.1514906038499317, 2.48698461224688, 2.1210726478630537, 2.194399220294802, 2.370809237495081, 2.266189078731934, 2.9217564383041896, 2.0624530047614633, 2.29052892320551, 2.315507345572392, 2.3832654936061686, 2.163930671014573, 2.301040368387194, 2.08038415967049, 2.23935222234514, 3.645089742400508, 2.2111427271696247, 2.1379836064946924, 3.1369486573064513, 2.9127995377746485, 2.062040740542144, 2.116615078733967, 2.414886541589705, 2.212844836320567, 3.490026684730501, 2.255202206807913, 2.270981926146951, 4.34118105082135, 2.3061085546986058, 2.5651413253839195, 2.4960584746823606, 3.843808212719929, 2.2338123638249128, 2.464208688627545, 2.2246504985767626, 2.0520494771603865, 2.0535884016787107, 2.062393000239343, 2.586545939071657, 2.4204415661424052, 2.3771379323288517, 2.0354818121969185, 2.139860335031332, 2.1517620418255476, 2.3224039098157347, 2.1505689575902824, 2.8041338605791055, 2.1243758506580077, 2.269848585949093, 3.9397862264389167, 2.0866597473866833, 2.2823216724281985, 2.0769562561654906, 2.3788550725232787, 2.0636783382243005, 2.963186170651788, 2.014039519511023, 2.312652376585213, 3.0480011485167995, 2.330300167027242, 2.1485580499181314, 2.3236220791048083, 2.6504582831327728, 2.2090411314992227, 2.3800479566761297, 2.3970259575835415, 2.378641689207776, 2.6325193923648675, 2.0348436742084948, 2.1096943768487435, 2.8418538547159344, 2.3905515135866717, 2.2730825988474663, 3.0008220694103427, 2.407884063595475, 2.1261574263745477, 2.874331765447356, 2.4284423238741546, 2.041605986345011, 2.5227828765584444, 2.3221738822856297, 2.246413454477833, 3.360663009355266, 2.1175435780281298, 2.2155245415251206, 2.325440381664153, 2.503253480464685, 3.4405922151826163, 2.3329218608321143, 2.106423664498945, 2.22661121540476, 2.537529411386105, 2.348167644697311, 2.6528701515415074, 2.860945019062984, 2.379054839460216, 3.0183428744464256, 2.3726589162625196, 2.198987274450171, 2.3389335054342437, 2.399820132918947, 2.4430060178654402, 2.123293738786142, 2.0753243400913535, 2.3814960893392314, 2.2731219025218197, 2.2952316663313854, 3.211189374384996, 2.3734045221437743, 2.627207424003452, 2.6803367456716054, 2.7820853937389844, 2.0435238766894543, 2.3240585959878497, 2.387494495493275, 2.2708310688785236, 2.1997269761431144, 2.28771975537876, 2.3076846613278916, 2.2003660700731853, 2.0888495125619753, 2.461749029900948, 2.0955964306864465, 3.770371699359447, 2.5119983178029477, 2.4159904698762533, 2.2298282413726365, 2.170797029327561, 2.46141936653623, 2.111598914128727, 2.5678879621476156, 2.0888763657691407, 2.2561350780597533, 4.096324924172155, 2.1788554433683207, 2.1515411218223357, 2.0585800419616156, 2.5423429168942335, 2.1054489210857117, 2.2440161087203094, 2.18597260434721, 2.041417198707786, 2.2025818384570712, 2.1663695362536015, 2.205167007967021, 2.40806122959606, 2.451272704309149, 2.1837475853363317, 2.6157523052574345, 4.383082042221286, 2.2274919018831834, 2.133370140782991, 2.6268078326505138, 4.439628333005841, 2.0618665045628846, 2.287672629204715, 2.0968798575990464, 2.1700359445547885, 2.5035138161324983, 2.2114596079409803, 2.317160141853313, 2.2729943180002206, 2.220632906431257, 3.914778202327825, 3.1064666220980364, 2.2755949264021336, 2.120474496511192, 2.1676582885347946, 2.1081281469047464, 2.505191200878691, 2.4823074502534603, 2.4274411425354976, 2.631990159492419, 2.065811434397644, 4.156408600985209, 2.449259865532232, 2.1407350768120006, 2.5030780052194315, 3.7951652805768514, 4.0065245034838135, 2.2156579872992768, 2.6202374384752196, 2.5454472903944234, 2.769766409001884, 2.322910364184372, 2.375145794399702, 2.0668336205234534, 2.099550117389053, 2.9384243122216596, 2.36429172061805, 2.057456638406718, 2.204087923529838, 2.0403812521789266, 2.1376866076392878, 3.1721598486026448, 3.0184736037440514, 2.6146785754811184, 3.843831799114571, 2.076384307624877, 2.4308386678857277, 3.881410203170179, 3.3054253723205047, 2.072099679902463, 2.6996592285749506, 2.4815746860127987, 3.04705504977543, 2.262132474018917, 2.1721223358216766, 2.058730952212045, 2.706820502041104, 3.7162337432821095, 3.1365557326141795, 2.0707268165892865, 2.920745432233439, 2.1308393320482937, 2.9269274124039386, 2.692628721062584, 2.350600021891229, 2.4260564558446225, 2.106689117566022, 2.1290323887399816, 2.4993067376188165, 2.260043913034701, 2.0270409325286054, 2.8645892140326596, 2.0966840937812146, 2.261201661203199, 2.2516312771252216, 4.1669774829713635, 2.096629171570361, 2.167978448432299, 2.433412004758114, 2.267710552927354, 2.0502589793793793, 2.4280822932863164, 2.594814560519875, 2.04186923418324, 2.7639026927162313, 2.1173524891829754, 2.2382766965183087, 2.1405942963726012, 2.411387168787085, 2.11736187975361, 2.3428539109466677, 2.36538317357676, 2.1526455862783673, 2.269538782632285, 2.1708299203821717, 2.0380998349003274, 2.1121310914132048, 2.0982438508622767, 2.1519028508662332, 4.141757028475926, 2.0939667886532276, 2.7089477884078996, 2.531037445019401, 2.858968121553842, 2.6311433350293845, 2.1725192518332546, 2.4150366550048394, 2.43082261225157, 2.5294638050933247, 2.0635035029482878, 2.118404542202731, 2.371088913657598, 2.497000783704256, 2.037012657920213, 2.4725187647102036, 2.3249011949286484, 2.4415420891465636, 2.9971134154441685, 2.353097855785912, 2.2319734166959875, 4.230685515144059, 2.443678444594746, 2.975604980954509, 3.7765338590239987, 4.15595482154805, 2.4824723133930466, 2.503330305528832, 2.101617787692602, 2.1695584387793456, 2.0888522487853947, 3.7520525897009547, 2.19311513596752, 2.568870635437891, 2.169182008169846, 2.0449720874376327, 3.0724109880889263, 2.163680776240804, 2.436256600994497, 2.4796983269535975, 2.0476348677293617, 2.4569547196670753, 2.292816834005179, 2.5217617215321853, 2.5038464604977575, 2.719439914887652, 2.489793496629335, 2.152683017251404, 3.9259854474174523, 2.730116310959332, 2.129860201599628, 2.1540925354257183, 2.085923145395608, 2.111029135081072, 2.3072144551075287, 3.1729929852335657, 2.8281299154348405, 2.2112184819432157, 2.841498878749322, 2.2961258734295495, 4.528250307507309, 3.9931659404159285, 2.3628233575052136, 2.860738073513394, 2.5073209812174264, 2.427064358515963, 2.2054520592674414, 4.0761479048961275, 2.220015993266405, 2.2025201320237744, 2.2290511556465744, 2.3399168829746992, 2.0987082394959837, 2.2343651459780762, 2.054767778959722, 3.8987044127204324, 2.34359431787944, 2.7346641690745335, 3.7216782832053745, 2.287794059867379, 2.3648062537817167, 2.720852863632722, 4.206089625377058, 2.0997242917952663, 4.313476302237222, 2.1381716988560835, 2.2475181795996773, 2.1123097144278966, 2.243938766547495, 2.33259362213958, 2.091357334604251, 2.3164167762979293, 2.506120872994464, 2.2881427644746046, 2.07521002985815, 2.3317533508695933, 2.3076703603717443, 3.7050967516935795, 2.1703695511462024, 2.688533384295066, 2.360240028860434, 2.606756340388286, 2.0788059672137016, 3.013462038790541, 2.2103709033993666, 2.1022455967772298, 3.1498596558461305, 2.2001702962913594, 2.4482348955389566, 2.2059105654805684, 2.3947374109818402, 4.179796379292499, 2.337756818857868, 2.3758885778613505, 2.780537530099142, 2.248441257831685, 2.319221359027675, 2.324753200325918, 2.0418287676512707, 2.1242183648364263, 2.492240486873166, 2.2836941764523, 2.4793425116214034, 2.0677520068041355, 2.155982017730065, 2.40380600981995, 2.3037153084447377, 2.8617169506552194, 2.1273248464376273, 2.212879713949581, 2.217002217123515, 2.132714766012346, 2.094833783436251, 2.190211392525014, 2.663622045158028, 2.4626433057067616, 2.081572311022366, 3.967810711751893, 2.400849283136106, 2.0866800766317497, 2.404130138940414, 2.554035354147533, 2.233892957852444, 2.543299320382878, 4.061108666856293, 2.3264258585556434, 2.3376659075491792, 2.23170109015652, 2.2935710436901875, 2.376062621882447, 2.7780245505030554, 2.309795891031723, 2.322817458824746, 4.2709197593974615, 2.899834462833312, 2.1695357123472685, 3.24154416187186, 3.654615177156371, 2.0546307250914237, 2.474275086828007, 2.0507741118397993, 3.017030465238725, 2.4573720182680945, 2.5989251906682997, 2.0507464950546184, 2.340343775788305, 2.3202277325766536, 2.083535462272801, 2.1421592647157714, 2.6125080215731944, 4.120121561117373, 2.133811090505769, 2.102066050792651, 2.2538822758571686, 2.308422931739465, 2.218214829384937, 2.3519269613464475, 2.0321334512041895, 2.3573733529125156, 2.024965251732208, 2.2399056997741376, 2.0841611344307625, 2.077211589489952, 3.508376699560189, 2.248009535995598, 2.351894373143793, 2.3273800572781216, 2.9481165124940008, 2.473792749443116, 3.2318381858512497, 2.337542826700228, 2.1082272274071676, 2.366278389555478, 2.1089477573133806, 2.228517845241381, 2.3445986851292933, 2.1834476415017945, 2.334897166553504, 2.089441242150066, 2.3397827501533808, 2.0337801791966363, 3.010992714758944, 2.2448259723188833, 2.1807675121611023, 2.9155997691070694, 2.3964167158751306, 2.1959037505346375, 2.2599738364140123, 2.111571800661217, 2.309963082122727, 2.5532478488765484, 2.3858812317947766, 2.2905511669780507, 2.081862672328105, 2.358129861041325, 2.2039545242509733, 2.2440357612224133, 2.2990455246756545, 2.4515686277563002, 2.1899344830269456, 2.3806495734233915, 2.346895269131353, 2.249576216275264, 2.162189426150026, 2.4645280124554776, 2.5396463376557623, 2.313863207169746, 2.131781783703669, 4.050439285068795, 2.2674741092571264, 2.7131153354487547, 2.7382553601627917, 2.0678581078571923, 3.3622498160112886, 2.2761957484393625, 2.19726157464092, 2.1060471918389188, 4.097789749138534, 4.042559344135091, 2.137217724592798, 2.0985082529239825, 2.1114807029747444, 2.281328472981104, 4.100013552352889, 3.8634722489609543, 2.5118992523782815, 2.2867062729394667, 2.0492123821133337, 2.5119123777486894, 2.120403512689359, 4.048445880688585, 3.728966173690168, 2.5849853621475334, 2.4046879536355346, 2.396705767245008, 2.5951949161453496, 2.2901109004418507, 2.1125942981465347, 2.23592959310957, 2.950413446688314, 2.08639539693403, 2.3523238569423155, 4.242314660910358, 2.2230159933574516, 2.0664636207263625, 2.0988715128686595, 2.380542806386775, 2.205078653522734, 2.3770666522211545, 2.2318036637312417, 2.1890169449050916, 2.161522151873911, 3.1626552633883427, 2.116825394209764, 3.2368428310614474, 2.5492246387782376, 2.438008498841442, 3.064729340398065, 2.2016008141390655, 2.7705745091162344, 2.329227591637446, 2.0665011590767497, 2.384442394414216, 2.5079808704161852, 2.7621094424813584, 3.606349761056192, 2.3218641742569153, 2.395927355814342, 2.7633202754506554, 2.143415595363879, 2.5347902954188997, 2.4600000409073055, 2.5871550311710916, 2.556111389343614, 2.378699679258335, 2.0952797194912134, 2.253987667001263, 2.227874175552574, 2.3338445520981472, 3.0228479220239777, 2.247783129349083, 2.3453967988313726, 2.4312269179925607, 4.188180656347011, 2.241314462939314, 2.0259860473063487, 2.3261772615240583, 2.206365844462119, 2.4390147427576174, 2.10213136532009, 2.3539985614144854, 2.3094026614848833, 2.3298766149128314, 2.321698245457726, 2.12345245036824, 2.3166063890862163, 2.2913970463748523, 2.3965227624897434, 4.377937476128961, 2.7169822838535502, 2.224299230437151, 2.1695258563201145, 2.3683535670342044, 2.1200952518918568, 3.559719049350518, 2.515285402708736, 2.2281377113280483, 2.203304505289951, 2.3303883669731613, 2.0763558995847804, 2.365583531465942, 2.028132400565071, 2.2023096932974635, 2.2177782460394573, 3.0137581199920227, 2.810703036427146, 2.987272024523314, 2.097021695877373, 2.901543556372429, 2.4585822923716805, 2.223238717500297, 2.3292111714987347, 2.573435758474896, 2.279102142600089, 2.12270645780653, 2.749329717173053, 2.108932945395071, 2.8032921260236447, 2.346595210784863, 2.667294170116073, 2.222318842404495, 2.120569060102953, 2.3099536127760283, 3.0285547391495466, 2.1555784488055467, 4.119717214241213, 2.3611747119315325, 2.1176914917947958, 2.691385727710194, 2.196044201496154, 2.739673060350242, 2.387393834100507, 2.117284427958234, 2.10827935855069, 2.3821891630620406, 2.724859117665263, 2.3367453299033865, 2.644971127155663, 2.0562961315169233, 2.0706420957866674, 2.45047977740497, 2.6159175325795987, 2.299873879119592, 2.1057191451045476, 2.6972948070862217, 2.13583686798979, 2.280717352481108, 3.2096907584199412, 3.6265307584528474, 4.340776980867467, 4.281565776640461, 2.3737001398249378, 2.348485409023178, 2.749187676770367, 2.515953636499176, 2.2873819746668715, 2.6917449470539774, 2.1702926607864272, 2.0994718694493693, 2.324451337294773, 2.2619860639860185, 4.286547873210235, 2.3065572097739704, 2.6597593335955088, 2.2489323006997393, 2.733739059052913, 2.284332749050746, 2.400610395783576, 2.422617819552354, 2.581732268146651, 2.5663620012401407, 2.10252797526702, 2.252652257457661, 2.076819394255355, 2.5707151475376198, 2.272980461618089, 3.0009705703011873, 2.1672744653273326, 2.301234837632439, 2.182785222248362, 2.5485269496349563, 2.493886646009889, 2.1732182443423698, 2.359528418954576, 2.095177546525947, 2.170182381754698, 2.2467360115623487, 2.0766823403870567, 2.019019101302055, 2.0734187838624023, 2.3363504596129485, 2.2250794237038134, 2.921813188388563, 2.4129060575779677, 2.87926967356209, 2.568883501982229, 2.163611139930465, 2.4323032107366878, 2.4564424693415097, 2.30200295961778, 2.157016592750016, 2.3207612298223124, 2.1041305960670624, 2.1231723496641157, 2.2533399339501576, 2.7080084235736646, 2.991905614526331, 2.169177305585531, 2.2847602504209696, 2.3248482958366368, 2.383046804668962, 2.418200986998476, 2.591775361276417, 2.17811364588388, 2.7334164268718197, 2.104077160386959, 2.924788339550728, 2.2308107728795266, 2.4543460496731497, 2.3204983353941175, 2.06289756073864, 2.181290264063442, 4.067367192545411, 2.127248555780073, 2.3290167609971455, 2.6180405419168253, 3.05153925806111, 2.4192566602407894, 2.4821186747668174, 2.0769859587781743, 3.9019667583379554, 2.043251159504526, 2.0714432984964755, 2.1666497161392577, 2.117014781143742, 2.063328571693194, 2.168941070346338, 2.802903951396691, 2.4595398685188914, 2.0487674015945494, 2.2302289543827594, 2.8922023959392997, 2.8828186340448863, 2.0783462602818066, 2.154501838897163, 2.0835409008234933, 2.2353191678854083, 2.1152799968285043, 2.587381287197879, 2.184937889383616, 2.093718102436958, 2.058501098746097, 2.181185635793235, 2.5605163218640774, 3.9817401579813927, 2.1433608527975627, 2.6562672697865466, 2.7098259362561326, 2.434542905524195, 3.4386431349294595, 2.2434248498835982, 3.4861370404806236, 2.4676191994788317, 3.923092870823189, 2.122657816500449, 2.265680725199098, 2.3481929412318023, 2.8127930345561034, 2.8957852933318606, 2.043000829715267, 4.318675280732082, 3.495321707481799, 2.2681080566130465, 2.0538194537381638, 2.3188102537009665, 2.209796186069042, 2.9661828373659804, 2.1694587589801717, 2.4019468791943495, 2.1636295251314137, 2.0981592260387396, 2.333296942940472, 3.871019446029938, 2.1328839522466314, 2.1429555168292835, 3.1866648009895253, 3.877356272948428, 2.5739501363878823, 2.6106024809499417, 2.076975194858888, 2.5902999557407935, 2.1822260857092224, 2.178046761160235, 2.2292095453952814, 2.0812294246927845, 2.2142632245448275, 2.245941407431458, 2.1816014579319187, 2.0760894633046245, 2.422166329743758, 2.307645602550608, 2.4332077548066624, 2.4055488478884692, 2.3076951034137867, 2.476658024611844, 2.3701919320693943, 2.2303205514218973, 2.8539789439529053, 2.7954269614666014, 2.0834188336286505, 2.2878927887995086, 2.347512829522524, 2.1805712889901603, 2.139071303995496, 2.231142864157805, 2.676692167956525, 2.2882963321723895, 2.345732592343132, 3.989289789174154, 3.678547239915253, 2.286080191154609, 2.4850419799113683, 2.076467733854909, 2.11282932990283, 2.0502381468166417, 2.4615565158556656, 4.2653446907206884, 4.101145636828961, 2.3685227207021975, 2.866143256054183, 2.341397446648314, 2.0605226485865575, 2.493244126099794, 2.3115943029210295, 2.3391612730726887, 2.1943263660258934, 2.1767305219690884, 2.0877526059748175, 2.196773940488722, 2.1444176799386745, 2.3177467110450607, 2.353383814407424, 3.0371202613121944, 2.395175047941825, 2.2607102741238245, 2.0527785208771197, 2.1355350665316912, 4.44345487204208, 2.1262956158290303, 2.2484194715725114, 2.039210936906025, 3.7695728776714654, 2.1273102794163874, 2.4546417812273997, 2.3365479961748687, 2.2374372090831156, 2.314648037262239, 2.6004716906639835, 2.2444583032463647, 2.181122404968036, 2.1673420123550518, 2.1882313911728133, 2.3904716664440278, 2.4606226258972814, 2.480010707792941, 2.332993635908863, 2.624143307692953, 2.3321618477228476, 2.441070924379532, 2.188612658206862, 2.0782477962791557, 2.9440240778506506, 2.6099202957267864, 2.3238097601626038, 2.165094588745487, 2.1032312855940294, 2.420835490965079, 2.3377334875486584, 2.442810016285142, 2.204790593424925, 2.1834985157136244, 2.7210065391746507, 2.1954320950189503, 2.1448606878120544, 2.141454373718673, 2.4256846579148488, 2.402675177865939, 2.2639093580696517, 2.462660530175357, 2.0559658069968862, 2.1888126844797577, 2.123013863936327, 2.176366464445829, 2.084116472821523, 2.234539493014172, 2.4777408279575823, 2.37480209615707, 2.913787202934393, 3.7814814253717794, 3.052574680548901, 2.0550380029785575, 2.931455976356685, 2.560639992469311, 2.1379037593520485, 2.6146485921923803, 2.088249998335345, 2.5111448573484076, 2.089959659031494, 4.175325071268592, 2.107071271834068, 2.1996784407801084, 2.065515295504804, 2.1368870561469606, 2.1770606545309628, 2.492017492950609, 2.263468823329955, 2.2887682082475256, 2.3349607668561405, 2.20971111115226, 2.3883627848488853, 2.2069680398479994, 2.6806698840124166, 2.6126497969055245, 2.1909336415454215, 2.0887195819525286, 2.0232304674169703, 2.1275054267344484, 2.296972762277944, 2.3220738824928078, 2.713147785665072, 2.620413535515103, 2.525830636143022, 2.450374919315448, 2.122754143170965, 3.5004472403580866, 2.1542018642161285, 2.3683965267322664, 2.261596604974841, 2.2635791410729307, 2.5252477816573133, 2.6759756688463185, 2.4699680028978537, 2.26661894126776, 4.385634966547073, 2.859761002751499, 4.054793290680947, 2.019002056477997, 2.8514596516027604, 2.4729398847869417, 2.557929895642692, 2.40536320502727, 2.0942907462534053, 3.989701933521398, 3.7671164264295562, 2.3404111505916094, 2.114017193317461, 2.1483340749077584, 2.2107117368732054, 2.563965493189729, 2.598306012031408, 2.4856613553174123, 2.2248682563154105, 2.292766149220782, 2.117951551191098, 2.6020662712824607, 2.3182473699325916, 2.0643747788236677, 2.4381618335503146, 2.770210970942917, 2.309836309514178, 2.241382138917875, 2.0474782758709127, 2.4423737415350413, 2.096830616996212, 2.0867879312050355, 2.07587785325624, 2.5753555006200974, 2.2950695195705477, 2.352847945648868, 2.328957997884337, 2.9083898141109104, 2.2736796238077477, 2.6222690466482925, 2.571728028355569, 2.091273706452062, 2.3551924696953277, 2.142043738686045, 2.1736617583628126, 2.2610858595498535, 2.179311170603373, 2.1469136575396495, 2.2763388555183806, 2.8032495494895957, 2.4797608757409737, 2.3050516166206063, 2.0322237576357463, 2.272232368151122, 2.4135877969103934, 2.3297168073410233, 3.43247299695505, 2.1098204748395926, 2.5694395389172815, 2.1188743688772416, 2.2357098570667353, 2.2121451833471206, 2.833319338676272, 2.3396963480977195, 2.564947472801489, 2.3504154415249503, 2.4774545456198407, 2.1588034154645537, 2.4116461223341044, 2.5231340624849303, 2.247736070552833, 2.2333569173272405, 2.4352865280659053, 2.224130903759963, 2.126889022001029, 4.025209948979176, 2.2693352857849662, 2.896799376950745, 2.0245956081745424, 2.441871277090769, 2.5198328576275157, 2.493893282911663, 4.3353254159839345, 2.368352536686967, 2.058287690807455, 2.270209297883765, 2.2022343770989, 2.279655856577536, 2.379122628620876, 2.6715895081278784, 2.3854002422068996, 2.596934301101965, 2.062960561744524, 2.288469237557653, 2.828890715310988, 2.102188198603301, 2.157560776511846, 3.4432171180875497, 2.1192501462614337, 2.3047542461625006, 2.2441415065459327, 2.107112936959543, 2.2891686574377665, 2.098822272265825, 2.0714904532718066, 2.210418166467405, 2.1834299290788026, 2.394752122511436, 2.1970559698736887, 2.3200403608796907, 2.072743595477988, 2.225370576264468, 2.70837722477725, 2.077357338653051, 2.3902913582112877, 2.228233699367624, 2.2554742766465736, 2.218175444809257, 2.1362191195667712, 2.5880108216631537, 2.0487957308585822, 2.1428714622957443, 3.4383215245878764, 2.1376010448880574, 4.059585924775538, 2.5738112063812055, 3.462001343315545, 2.257027186497871, 2.2104066112932035, 2.2572036947982537, 2.437244670200758, 2.0722930465332836, 2.1132451899026656, 2.4317720731206376, 2.2737905343778433, 2.096377886244923, 2.0970624326336806, 2.1551669586381257, 3.84469269775112, 2.7658596595689198, 2.0570845804590245, 2.6403316561712553, 2.1979191321425353, 2.314306601278955, 2.0329176090899397, 4.114866768975321, 2.063084861845115, 2.353107033903293, 2.0656669970101498, 4.0013185413711465, 2.1819894552598553, 2.560838729987509, 2.1637579898682446, 2.6037533221837483, 2.538303200887422, 2.16929479073713, 2.2381853018459545, 2.6556511459143914, 2.3167588846106066, 2.176950843081016, 4.109668504976217, 2.3467521893237673, 2.0970212025236954, 2.181648853445074, 4.330318816704475, 2.06805936132488, 2.284248819503043, 2.3225655742025557, 2.5438589927628854, 2.1155639812503892, 2.130937108014134, 2.3865274990385283, 3.5102988807587803, 2.085966087890653, 2.4125757274775506, 3.4555555868209833, 2.6251369628136714, 2.276286654167672, 2.167072387632969, 2.3568082005025035, 2.2512617599876674, 2.1162611066517085, 2.5975414674567556, 2.064362919019093, 3.205785692140913, 3.6995218977583675, 2.306684986253733, 2.234248628390762, 2.419818630717752, 2.094467588580857, 2.1180899832974394, 3.1305542540257623, 2.12381815910898, 2.048966257875226, 2.611460711665253, 2.271827790465998, 2.127178482614501, 2.5231071711310933, 2.2512780944581365, 2.13663517152477, 2.184576378069777, 2.1728805363031363, 2.2504474340327145, 3.9133723407417937, 3.3151000639709127, 2.784206913837568, 2.4092822603799084, 2.0453621285425454, 2.4560584161516887, 2.758630160474287, 2.4904622585849556, 2.198179191538838, 2.1163853212471007, 2.3219412064000764, 2.171842445203119, 2.43848666140173, 2.625930091617841, 2.2052826299758292]"
2.25,8000,0.6331862721623781,0.6331862721623781,0.024358272552490234,0.31785382626375647,"[2, 2, 3, 4, 3, 4, 4, 2, 2, 2, 2, 2, 5, 3, 3, 3, 4, 4, 4, 2, 2, 3, 3, 1, 3, 3, 2, 5, 3, 2, 3, 3, 2, 3, 3, 2, 3, 2, 2, 4, 1, 3, 1, 2, 3, 4, 3, 5, 2, 3, 2, 3, 3, 3, 2, 3, 4, 3, 4, 5, 3, 2, 3, 4, 3, 5, 2, 1, 2, 5, 3, 2, 2, 3, 5, 2, 2, 3, 3, 3, 3, 3, 1, 2, 2, 3, 2, 2, 4, 3, 2, 2, 3, 2, 2, 3, 2, 3, 4, 2, 3, 2, 1, 3, 4, 2, 1, 3, 3, 2, 3, 1, 4, 3, 3, 3, 3, 2, 1, 3, 3, 5, 3, 3, 3, 3, 2, 3, 4, 4, 2, 3, 1, 3, 3, 1, 3, 4, 4, 3, 2, 2, 2, 3, 2, 2, 2, 2, 1, 3, 2, 1, 2, 3, 1, 2, 2, 3, 2, 2, 3, 2, 2, 1, 2, 2, 2, 2, 2, 1, 1, 4, 3, 1, 3, 2, 3, 2, 2, 3, 2, 2, 2, 2, 3, 3, 3, 1, 3, 4, 1, 2, 4, 3, 4, 3, 1, 3, 2, 1, 2, 3, 2, 2, 1, 2, 2, 2, 3, 3, 2, 2, 1, 2, 2, 4, 3, 2, 3, 3, 3, 4, 3, 2, 4, 5, 2, 3, 3, 5, 3, 1, 2, 3, 3, 1, 2, 3, 3, 2, 4, 3, 4, 2, 3, 1, 3, 2, 1, 3, 3, 3, 2, 3, 3, 3, 2, 3, 2, 3, 2, 2, 4, 3, 4, 2, 3, 5, 2, 2, 3, 2, 4, 3, 4, 3, 2, 2, 5, 3, 3, 2, 2, 3, 2, 2, 2, 3, 4, 1, 3, 2, 2, 5, 2, 1, 4, 2, 2, 1, 2, 2, 2, 3, 4, 4, 2, 2, 1, 2, 1, 4, 4, 2, 5, 2, 4, 1, 2, 2, 5, 2, 2, 2, 3, 4, 5, 3, 4, 2, 4, 2, 2, 3, 2, 1, 3, 4, 2, 3, 3, 2, 3, 2, 2, 2, 2, 3, 4, 3, 3, 4, 1, 2, 5, 2, 3, 1, 3, 3, 2, 2, 1, 3, 1, 2, 2, 3, 1, 2, 1, 3, 4, 1, 3, 1, 4, 1, 3, 2, 2, 2, 2, 4, 3, 4, 1, 3, 4, 1, 2, 4, 2, 4, 1, 2, 2, 3, 3, 2, 3, 3, 2, 1, 3, 3, 2, 2, 3, 2, 2, 2, 2, 2, 3, 2, 2, 2, 2, 2, 5, 2, 3, 3, 2, 2, 2, 2, 3, 2, 3, 3, 2, 2, 2, 3, 2, 4, 3, 3, 3, 4, 3, 3, 2, 4, 2, 2, 3, 1, 2, 2, 2, 1, 2, 3, 2, 2, 3, 2, 2, 3, 2, 4, 2, 1, 1, 2, 3, 2, 1, 2, 4, 3, 3, 5, 2, 2, 2, 4, 3, 2, 3, 3, 5, 2, 2, 2, 3, 2, 2, 2, 3, 2, 2, 3, 1, 3, 3, 3, 2, 2, 1, 2, 3, 3, 5, 2, 3, 1, 3, 2, 2, 2, 3, 4, 3, 3, 3, 3, 3, 2, 1, 3, 3, 2, 2, 1, 3, 2, 3, 4, 3, 3, 3, 2, 3, 3, 4, 3, 2, 2, 2, 2, 2, 2, 2, 3, 3, 2, 3, 2, 1, 3, 2, 3, 3, 3, 3, 2, 2, 3, 3, 3, 5, 3, 4, 5, 3, 3, 2, 3, 2, 3, 2, 1, 4, 2, 2, 3, 4, 4, 2, 3, 2, 2, 2, 3, 3, 2, 4, 3, 3, 1, 2, 2, 3, 4, 2, 2, 2, 2, 4, 2, 3, 3, 4, 3, 2, 3, 1, 2, 3, 3, 1, 4, 2, 3, 2, 3, 4, 2, 3, 2, 3, 2, 3, 2, 3, 3, 2, 3, 2, 3, 3, 4, 2, 3, 3, 3, 5, 2, 1, 2, 2, 3, 3, 2, 2, 2, 2, 4, 4, 2, 2, 3, 3, 4, 4, 2, 2, 1, 2, 2, 2, 2, 2, 5, 3, 2, 1, 1, 3, 2, 3, 2, 2, 3, 3, 3, 1, 3, 2, 2, 2, 1, 2, 2, 3, 2, 3, 2, 2, 3, 4, 3, 2, 3, 3, 2, 3, 3, 3, 1, 3, 3, 3, 2, 2, 5, 4, 4, 2, 3, 3, 1, 2, 3, 3, 3, 2, 2, 3, 2, 4, 2, 3, 4, 1, 2, 5, 2, 4, 2, 3, 2, 2, 2, 3, 2, 4, 1, 2, 2, 2, 3, 1, 3, 3, 2, 1, 3, 3, 3, 3, 3, 2, 1, 1, 2, 2, 2, 1, 2, 2, 3, 3, 4, 2, 4, 4, 2, 2, 2, 4, 3, 2, 1, 1, 2, 3, 3, 2, 2, 3, 3, 3, 4, 2, 3, 4, 4, 2, 3, 2, 2, 3, 3, 3, 1, 2, 3, 2, 2, 3, 1, 4, 3, 3, 3, 2, 2, 2, 3, 2, 4, 3, 2, 2, 3, 4, 2, 1, 3, 2, 2, 2, 2, 2, 3, 2, 3, 2, 2, 2, 4, 2, 3, 1, 3, 2, 2, 2, 3, 3, 2, 4, 3, 1, 3, 3, 3, 3, 4, 2, 2, 2, 3, 3, 4, 2, 2, 3, 4, 3, 4, 1, 2, 4, 2, 3, 2, 2, 1, 1, 1, 3, 2, 2, 5, 2, 2, 3, 3, 2, 2, 1, 3, 2, 3, 3, 3, 4, 2, 3, 3, 3, 3, 2, 3, 2, 3, 2, 2, 2, 3, 3, 2, 2, 1, 3, 1, 2, 2, 2, 1, 3, 2, 3, 2, 3, 2, 2, 3, 3, 4, 2, 3, 3, 3, 2, 3, 3, 4, 4, 3, 1, 4, 3, 2, 3, 2, 3, 3, 2, 2, 5, 4, 2, 2, 2, 1, 3, 3, 2, 1, 2, 2, 2, 4, 3, 4, 2, 3, 3, 3, 3, 3, 2, 2, 2, 2, 2, 2, 1, 1, 4, 2, 2, 2, 2, 3, 3, 3, 2, 2, 3, 3, 3, 2, 2, 2, 3, 3, 3, 2, 4, 3, 2, 3, 2, 3, 3, 3, 3, 2, 1, 2, 4, 2, 2, 2, 5, 3, 2, 1, 2, 2, 2, 4, 2, 1, 3, 1, 2, 3, 3, 5, 3, 2, 1, 2, 2, 4, 2, 3, 2, 1, 2, 3, 1, 1, 1, 4, 2, 4, 2, 3, 3, 1, 1, 3, 2, 1, 2, 3, 4, 2, 4, 2, 3, 3, 4, 2, 5, 3, 3, 3, 2, 2, 2, 3, 3, 1, 3, 2, 3, 2, 2, 4, 4, 2, 3, 4, 3, 3, 3, 3, 5, 4, 3, 3, 3, 2, 3, 4, 3, 2, 3, 1, 3, 3, 3, 3, 2, 2, 2, 3, 2, 4, 1, 3, 1, 3, 3, 3, 1, 2, 2, 2, 3, 2, 4, 2, 1, 3, 2, 2, 2, 1, 2, 3, 2, 3, 2, 2, 1, 1, 2, 2, 5, 1, 2, 1, 3, 4, 2, 2, 3, 2, 3, 3, 4, 3, 1, 4, 2, 3, 3, 3, 3, 5, 2, 2, 2, 2, 2, 3, 2, 4, 1, 2, 2, 3, 1, 2, 2, 2, 3, 3, 2, 3, 3, 1, 3, 3, 1, 3, 2, 2, 3, 3, 2, 3, 1, 4, 3, 2, 3, 2, 4, 2, 1, 2, 3, 2, 4, 3, 1, 4, 4, 3, 2, 2, 3, 4, 4, 4, 2, 3, 2, 4, 1, 2, 4, 4, 2, 2, 3, 4, 2, 2, 3, 2, 2, 2, 3, 2, 2, 3, 2, 2, 2, 4, 4, 2, 1, 4, 3, 2, 3, 4, 2, 1, 3, 3, 3, 4, 4, 3, 3, 2, 2, 2, 2, 5, 4, 2, 4, 3, 1, 2, 4, 2, 1, 2, 3, 1, 3, 3, 4, 2, 2, 1, 2, 1, 5, 2, 4, 1, 4, 2, 1, 2, 2, 2, 3, 2, 3, 3, 2, 2, 2, 3, 2, 3, 4, 4, 2, 2, 3, 3, 2, 3, 2, 1, 4, 4, 1, 3, 5, 2, 2, 2, 2, 3, 3, 3, 3, 2, 1, 1, 1, 2, 3, 2, 4, 4, 3, 2, 3, 2, 3, 3, 2, 3, 1, 4, 3, 2, 1, 3, 3, 3, 2, 2, 3, 3, 2, 2, 4, 3, 4, 2, 2, 2, 2, 3, 1, 2, 3, 3, 2, 4, 2, 2, 2, 2, 3, 3, 2, 2, 2, 3, 4, 2, 3, 3, 3, 2, 1, 3, 5, 2, 2, 3, 3, 2, 2, 4, 2, 3, 3, 4, 2, 2, 2, 3, 3, 2, 2, 2, 2, 3, 1, 2, 2, 2, 2, 3, 2, 2, 1, 3, 2, 2, 1, 3, 2, 2, 2, 3, 3, 2, 1, 2, 3, 2, 3, 2, 3, 2, 2, 2, 3, 2, 1, 2, 2, 2, 4, 3, 3, 3, 2, 3, 2, 3, 3, 2, 2, 2, 3, 3, 5, 3, 2, 2, 3, 2, 2, 2, 2, 3, 2, 3, 3, 3, 2, 4, 3, 4, 2, 2, 1, 2, 2, 1, 2, 3, 3, 2, 2, 3, 1, 2, 3, 3, 2, 1, 3, 3, 1, 2, 4, 2, 3, 2, 3, 2, 3, 3, 3, 2, 2, 2, 2, 3, 3, 2, 4, 2, 2, 2, 2, 3, 1, 5, 1, 1, 2, 3, 3, 3, 1, 2, 3, 2, 2, 2, 3, 2, 3, 3, 1, 2, 4, 2, 3, 3, 5, 3, 3, 3, 3, 1, 3, 3, 2, 2, 3, 4, 2, 3, 3, 1, 4, 3, 3, 2, 3, 2, 1, 3, 3, 2, 4, 2, 3, 3, 2, 1, 1, 2, 2, 5, 4, 3, 2, 2, 2, 1, 2, 3, 4, 2, 3, 3, 2, 2]","[2.2450131022469573, 2.2211966532994385, 2.7739885540172295, 2.5208700812182556, 2.3091507827725337, 2.360784283346264, 3.8736199833021, 2.154932318305755, 2.704303904452873, 2.3627354526365867, 2.0470975117467476, 2.1352661797278962, 3.295135838807419, 2.596370797645738, 2.4715332157092367, 2.8053327659412233, 4.187706433561174, 3.3178068782646424, 2.5614602726763893, 2.8279699299798553, 2.1493674105481957, 2.327183902771238, 2.8728732109500767, 2.425003282737506, 2.672709397377589, 2.174605381167811, 2.3358989011396774, 4.2774530991386825, 2.653793280364257, 2.8802677267233694, 2.4561570155421015, 2.5176613118900515, 2.3939903929911015, 2.5356104237075483, 1.9928079172576534, 2.6077782295207976, 2.135820255203666, 2.69619595209676, 2.1480997382965175, 2.322187178307711, 2.013508914949154, 2.1114879433383877, 3.595425113908921, 2.283326352199377, 2.420674704851507, 2.7219787217374893, 2.8794624634502965, 2.986444834305188, 2.169056691247486, 2.3568957118854463, 2.3354534225615815, 2.1807496971122666, 2.28914166037831, 3.1876426272165665, 2.7936137865607, 2.621238569982535, 2.9588753367203204, 2.8154301468173655, 2.9443592807918217, 2.128121285833164, 2.608455264977831, 2.349342340097609, 2.6492791763071484, 2.99541550570952, 3.1342285819591873, 2.9410468700529973, 2.2016799285801603, 2.0552290826549853, 2.331947801558506, 4.121630322333877, 2.1257221891270506, 2.1438314625135333, 2.6270435879732883, 2.486690774135515, 3.790608900830734, 2.2646307423474843, 2.3227011833044298, 2.2868055461356604, 3.768094442075376, 2.2319985081870133, 2.4784978248850047, 2.3991993726382788, 2.280791942292877, 2.2305704533626636, 2.10379385822033, 2.324075984197413, 2.0874952813897427, 2.2018709600795234, 3.465561810910931, 2.1655677590340416, 3.961659129351472, 2.2088050844763036, 2.345036195142129, 2.2160219810938226, 1.9923992909094905, 2.2101180941835183, 2.1222307576541226, 2.4714371421905135, 3.1483154365635553, 2.3062619883822344, 2.366957486852442, 2.136877800679925, 2.20933279247966, 2.766730622284684, 2.5891026519271816, 2.478884416558101, 1.9770114887397487, 2.210202013362959, 2.5896370833170876, 2.340703350591275, 2.6154392922115646, 2.2232615105795785, 4.0118261314510315, 2.7940343143999447, 2.521265231329669, 2.2373736379145903, 2.4483414090939672, 1.853311394409188, 2.4573956953065847, 2.3900018215113135, 2.9378945296121346, 2.5522277830586795, 3.1101312659262175, 2.861127606962024, 2.4036422247846603, 2.169400548034713, 2.0527321622576635, 2.5960622756664007, 4.087589404184495, 2.860796336984298, 2.295797419454377, 2.314647485173257, 2.006254090316528, 2.8244320007527457, 2.271749673393411, 2.217807271298278, 2.0322416965773673, 3.1832670316980454, 2.655132248017599, 2.4911593735817252, 2.252330784547679, 2.370534780157263, 2.3440055725042632, 2.1211268373858205, 3.616810680679431, 2.3529534407937547, 2.3892167098620156, 2.211156479076401, 2.3624495340037384, 2.9416241073104334, 2.437424082832044, 2.1282935055995966, 2.1832646248697007, 2.3693836634510674, 1.944711657090331, 2.771617384084311, 2.530362933511228, 2.5569234344968694, 2.2152369406275656, 2.4144995161835148, 2.3625258697118894, 2.469672396844661, 2.1075622720262803, 2.815592246122612, 2.0448407840364955, 2.518203250853544, 2.0321598304157966, 2.3915796526643764, 2.1417481531372897, 2.5382551318628463, 2.783820301460161, 2.501954440605693, 2.4270775831252602, 2.0598784382183606, 2.387555462374405, 2.7685256117286516, 3.139061298352175, 2.405673464929416, 2.267364924330803, 2.401007826151668, 2.185267426697168, 3.4947517134862958, 2.1866217826063252, 2.4167354013881974, 3.336465026539046, 2.6805684093173894, 2.5332347448120625, 2.457550657781477, 2.353301120461496, 3.7928598815971615, 2.2552863246375066, 2.443173382871575, 3.9862873638895095, 2.39307217585777, 2.273614895940693, 2.3121301421158367, 2.1772937484049653, 2.478337101214132, 2.141710759631853, 2.0435247772754526, 1.9626867947100108, 2.2693475143742767, 2.204658981156974, 2.0581418408244327, 2.264039048844003, 2.098245483337949, 2.6770946822556074, 2.230425621970516, 2.2632126509049697, 3.6583941158678135, 2.0415382536417344, 2.0360609154986338, 1.7137442707438715, 2.4573239300304, 2.550617712301272, 3.0438540617942307, 2.1651454475062475, 2.0962917904034684, 2.2306245109851512, 2.331975308171987, 2.356834829504288, 2.617131440552342, 2.0803474378733697, 2.251248513803053, 2.1807893354054166, 3.5530597483319353, 3.235679375827638, 2.096700309922859, 2.4068273091803833, 4.321916263692787, 1.8604186573117358, 2.2866056542341755, 2.1972848546255146, 2.4231301496465223, 2.5958338390548814, 3.1719701075850506, 2.3317581286719364, 2.155097354934004, 2.4792731019370677, 2.5235639888038537, 2.4070703885775067, 2.3689576840972757, 2.306342905457298, 2.3566233298159385, 2.4398811016508843, 2.348011288802151, 2.7166976215159298, 2.3101178762447057, 2.2120975557515545, 2.4061786993059737, 2.082861229607062, 3.614433599114375, 2.5546511651998474, 3.029716280313714, 2.2960215836167834, 2.5308955095935164, 3.03818656911545, 2.691797093752059, 2.5450653784804556, 3.574403077310722, 2.536398330757674, 2.257788758433156, 2.041263141561902, 2.479008038150219, 3.4603307418568416, 2.346461758948526, 1.9762261870358901, 3.061252554427294, 2.7383562557677266, 2.2573392316886376, 2.43019088689671, 2.2251136844530635, 2.157009821926984, 2.5004115698692786, 3.365650252202924, 2.501826193095907, 2.2167084138781306, 2.5588584118103306, 4.130836662205692, 2.515489927815123, 2.476645961208576, 2.4069362396767167, 2.895489568305019, 2.188842244345488, 2.053197285131284, 2.81295933355135, 2.7888565571784056, 2.8839492708198775, 3.216401911755882, 2.498172015311332, 2.57589629767482, 2.365698677578105, 2.8460511599656493, 3.9845638236587737, 2.2907080250409955, 2.482106130922313, 3.7274327625425108, 3.000807253743885, 2.2533890915131565, 2.285631949988484, 2.0928674301968577, 2.2605322882638332, 2.2155163266837783, 3.021251419044366, 2.414247892957761, 2.8391761839077665, 2.847384393963659, 2.0961301045420258, 2.326003625431134, 2.238336957473983, 2.660850922725142, 3.836963995377984, 3.428192848393018, 2.147145957193017, 4.0203315765298795, 2.2979541677575437, 3.905411168766058, 2.228927793282004, 2.722756646337721, 2.2128550783334964, 3.2945571589477667, 2.6745035177868073, 2.332904266489475, 2.357394038277545, 2.275271228868834, 2.801213621949247, 3.190748752176894, 2.3225285604200114, 2.912644734309147, 2.3205413423812167, 2.730514790118799, 3.682411603344062, 3.206901833391056, 2.6921519848354833, 2.1571363942587642, 2.475993206867816, 3.4832232612248433, 2.59250727248999, 2.25957043491792, 2.691694783012765, 2.2820130978937723, 2.8023303851394465, 2.342005125620268, 2.7024605070472436, 2.4561856022876665, 2.4067313035177156, 2.247013458615283, 2.315208172492143, 3.685657607796199, 2.279350278006862, 2.954224620118892, 3.159742811874861, 2.0094920119891286, 2.645079876955694, 3.799424288312282, 2.2847569954931406, 2.1202872771783863, 2.1968837830951093, 2.492408544105926, 2.164540263919964, 2.2855823792744907, 2.2906936291431848, 1.8767037098894885, 2.9784749261996057, 2.5333208954572135, 2.325327689984359, 2.2063249325376093, 2.760123659685214, 2.417212548131141, 2.1036836899956874, 2.292083182431836, 2.9384757886016466, 2.1646588933014206, 3.195538333252514, 2.742669319214866, 2.285942010114611, 3.7029383723146703, 2.2800838720193597, 2.6961973172657254, 2.0599095113073624, 1.9970395070144167, 2.2435805530444948, 2.0964049954265684, 2.554586448877002, 3.711422130046863, 3.7130893039957344, 2.0099439841927884, 2.302631588085259, 2.6312603330071287, 2.0159792255247813, 2.347470725506544, 3.868555371750365, 2.314452162634142, 3.562688710344629, 2.4715053231724524, 2.450967205047438, 2.391577123979447, 2.431507581485014, 3.351720785498412, 2.040449229313199, 2.336182216141542, 2.257886292678783, 2.3713522352402987, 2.303430361281281, 2.723836685462132, 2.436759634479252, 1.9728109720719869, 2.0554356572550208, 2.420403189406351, 2.303183871780761, 2.0102194047543938, 2.0955604925217552, 2.4128701193858464, 2.3320896002510945, 2.315076283560783, 2.296995555320362, 2.24871919691364, 2.3248039579828106, 2.553350037148828, 2.3904615142123946, 4.265815586732773, 2.3042366246815553, 2.508950763475196, 2.1756975086452375, 2.5979347983417305, 2.6761498005821007, 2.104593284055553, 2.14131272036498, 2.7415218831327675, 2.206721240590389, 2.687717621962036, 2.3124093742871223, 2.2777415394444613, 2.254251334290272, 2.1972622731003475, 2.3072598162642755, 2.6258416243941807, 3.1405166649244816, 2.095650886962487, 2.3763496850399717, 2.149803423577004, 4.271535232434671, 2.0625990006005672, 2.376990178954666, 2.224684310859587, 2.0603402065886454, 2.0979584379044636, 2.4402839911696845, 2.827544252895832, 3.9406385167648503, 2.293883463400288, 2.3051797477967635, 1.7517897017508113, 3.003658875178351, 2.172737137955438, 2.759130754416157, 2.4235988095702172, 2.289285726518227, 2.26436065619082, 2.1719744650209174, 2.0168954721240415, 2.4722812488910435, 2.4272603955991485, 3.2682355467467503, 2.170079748241067, 2.202273450579237, 2.2582660530287577, 2.4905375258866695, 2.2436416661764933, 2.521153704492233, 2.156707020665287, 2.7131651468445366, 3.3886373730619876, 2.2780815214840553, 2.204974756304506, 3.7354662085877948, 2.326531367714188, 2.2159993824836395, 2.2209110137229175, 2.325958699977214, 2.4475143534951087, 3.173355783690441, 2.4276714674064523, 2.4159032411536643, 4.459271684640662, 2.243700893039881, 2.4932739976326173, 3.0002699591306072, 3.0710401679365114, 2.465198227754375, 2.7868308613846904, 2.176783322224196, 1.995389808471059, 2.222302982311555, 2.2157366736402624, 2.760279980596751, 2.888228224920166, 2.4644015322570825, 2.1445821955382285, 2.3404116518359213, 2.2024817875340945, 2.413996815542436, 2.1657761149071453, 2.451881828776777, 2.154604638458102, 2.3304954247717906, 3.181910220136641, 2.243251152301932, 2.3286274965973615, 2.1592634884422375, 2.417508745363506, 2.1691659169417927, 2.6684092324740525, 2.0237369401193375, 2.421269330781947, 2.8875046597016514, 2.520906887919301, 2.0436487073493432, 2.465368750406676, 2.5912171935159187, 2.325261028244329, 2.742224123442745, 2.6320181070398174, 2.400298562173107, 3.143937667300771, 2.008221581815584, 2.043623646195003, 3.074719409449148, 2.5456222787824982, 2.2152846003920885, 2.7507996098534186, 2.589250783078952, 2.067788954669254, 2.3809544365472477, 2.3674325391475266, 2.094402723276164, 2.16235255237759, 2.320481053352341, 2.3430016080018587, 3.2059506821931487, 2.4026672564145173, 2.229201469307512, 2.4573444454635576, 1.9237733805480808, 2.9812691316370663, 2.360540544803839, 2.046062883681629, 2.6564112904514476, 2.7892742626285036, 2.4636664132101385, 2.525740041016409, 2.482437219817131, 2.91909368919071, 2.8900204328959354, 2.153427984166873, 2.241534660814875, 2.538505870637243, 2.3859670190015216, 2.365816891858677, 2.2890882913766406, 2.2060927167446747, 2.373783769314519, 2.551143811259115, 2.6050014268001864, 3.266731951615414, 2.311283056725751, 2.377336491939539, 2.169137976994465, 2.663520348649265, 2.047360220590125, 2.3514782238194893, 2.568672914991127, 1.8873869416158915, 2.393618988714377, 2.4100887221859795, 2.5618106873884434, 2.5391479147465588, 2.0379432232577708, 2.5282015987906, 2.011685353335797, 3.205966951037566, 2.67891263191332, 2.709099070662338, 2.309758381658803, 2.2625584303507305, 2.3036609508773087, 2.133427627350543, 2.997854177703837, 2.0135371632118826, 2.3407227082927267, 3.4940529966646583, 2.2565486124551937, 2.2860881594315527, 2.1729681331050794, 2.5625948720485954, 2.092402004625723, 2.240121749142105, 2.251240763888466, 2.140155692768637, 2.2388539006819186, 2.156569773508063, 2.3984969520173074, 2.5632696694621027, 2.3302944053359584, 2.280446067517747, 2.5059901901807455, 3.8204984517053235, 2.220276430698371, 2.208415394704865, 2.691948416269209, 3.632321711018445, 2.216129324492192, 2.228789655850961, 2.0075683052973026, 2.2880945172273397, 2.5409694210727896, 2.6596943602670136, 2.3510692050084114, 2.6424633117100513, 2.2710039192573728, 3.340557164484898, 3.2116644603196844, 2.3915852728914766, 2.628542306599732, 2.2192870707389765, 2.044791711858836, 2.8615937229572825, 2.176624447867023, 2.6457781679379413, 2.3294978448053474, 2.2131872679289946, 4.071223441049646, 2.643646497835926, 2.184856510032403, 2.6922334861180746, 3.7087601475566525, 3.7250963095990848, 2.2124986509231475, 2.812807344527302, 2.4809979741782344, 2.790129423709626, 2.1855582355145886, 2.396237488490829, 2.029976239706866, 2.142413399724551, 2.8223722945553065, 2.6108185275111544, 2.1981919803569645, 2.4296590655760126, 2.1409282827542677, 2.1504150522654237, 2.563569096748245, 2.7687587939027694, 2.280193035641869, 3.217028128238035, 2.159690037209441, 2.4112575647087637, 4.0400434785324775, 3.31772656111818, 2.254109784494855, 2.3444835180237824, 2.384362197925923, 2.8746932151327793, 2.4681151759190607, 2.278521802675062, 2.1272434118753356, 2.3348683911447656, 4.009015647107757, 2.7522754695136573, 1.9814605901195235, 2.62409123219869, 2.164690650476315, 2.4677379407188673, 2.516314959071288, 2.83422187831059, 2.6884971017775134, 2.5019866648702287, 2.4397112865077233, 2.5256922686089314, 2.6068577766131966, 2.0140407239377014, 2.7745041591824653, 2.0989386526211504, 2.315369536767749, 2.2694605074251917, 3.63270753500054, 2.0989796126021067, 2.0822117759692946, 2.8170365662282504, 2.4246627549174073, 2.22478600460541, 2.3948985037823953, 3.0354547019632205, 2.0942063978501997, 2.495623914202855, 2.129136716242049, 2.4402942036067845, 2.1938587262798235, 2.62130777822622, 2.2235139548791523, 2.3987455784951957, 2.341302800565515, 2.230483269671508, 2.1026655948057473, 2.1713095505566162, 2.0514053718128786, 2.1330307392592043, 2.3258362899171456, 2.285818388522493, 4.036538140894288, 2.3448255032654437, 2.750119328635046, 2.9633551333477346, 2.2002500000936975, 3.0271936395749597, 2.170049678038915, 2.618586058112307, 2.215020898981046, 2.664075772980898, 2.1236841307715157, 2.1071259726213394, 2.4689127798148602, 2.6476452352939206, 2.189052693902817, 2.7748582106432225, 2.6718319934637966, 2.6387702961241852, 3.06753090787742, 2.280815222195793, 2.466569680909855, 4.142603476045343, 2.6544772676811443, 2.949546406795272, 3.2438316776680867, 4.015887560867534, 2.1967356976818873, 2.930041249610886, 2.3020939277911645, 2.26348214854196, 2.1960038497111096, 2.9661901591648014, 2.2738083841999552, 2.7949094287607688, 2.410661534448626, 2.000667996361922, 3.0112684455304377, 2.106991507760879, 2.456755059659377, 2.40663922920596, 1.9986821434920925, 2.6453420880047265, 2.267753950074261, 2.587075161756335, 2.64885963808282, 2.2094982153288947, 2.3571210965731995, 2.2568867911377235, 3.613667390686971, 2.9698651936271085, 2.1654208680678524, 2.085133364343505, 2.064511687815543, 2.0716370860609667, 2.623610807079922, 2.869949951689861, 3.2772313128414856, 2.278025024958598, 3.1147520770988857, 2.3879823196316616, 3.723709279044732, 3.506998006143088, 2.251987514355182, 2.73819835676339, 2.2491941639317656, 2.509222641202468, 2.2448445436324036, 3.8117951752806065, 2.1395987859104224, 2.010839044595002, 2.2647257428659127, 2.760096028196518, 2.1737470736962243, 2.2201218003464387, 2.038974723799102, 3.212548285892219, 2.535029921908473, 2.314103093212878, 3.2622787850640482, 2.73417536349567, 2.564822622959215, 2.1653406360485343, 3.963591582266919, 2.1942154621719454, 3.1930707462706294, 2.2504466555828277, 2.387789899322146, 2.1785097006032084, 2.3904593601500106, 2.3151731640976134, 2.011686902003151, 2.1482972159676126, 2.6916611096197656, 2.271239785694986, 2.254950034056817, 2.340882785902214, 2.632402011668126, 3.3943416503228088, 2.3010551391562535, 2.7474300619926826, 2.629639663696217, 2.211480240485602, 2.11227183262911, 2.6572344084971657, 2.262053836578907, 2.3228518609598554, 3.3407466757809257, 2.5550933777858367, 2.5291489827781244, 2.3275957471588584, 3.0095774899549212, 3.6389468949662267, 2.3834806373717226, 2.51094545310596, 3.1455435639735274, 2.193020796451629, 2.3699921050228183, 2.383584344181126, 2.1854609272968597, 2.1696284468012963, 2.532773567009181, 2.4520348523607325, 2.8842650802672547, 2.175607524494426, 2.0381120478545123, 2.6269616680113748, 2.62733489502108, 2.9961205414419685, 2.1750944260547045, 2.0702998393025345, 2.3606615912005653, 2.345740686599696, 2.1003185802554487, 2.0415932839537123, 2.7615818094343667, 2.6852488666016545, 2.064596568857947, 3.5873191058787524, 2.4384799300681683, 2.060787290628978, 2.654265863559013, 2.513885544919344, 2.3070754551230332, 2.404810876707337, 3.632767129624339, 2.183284908788385, 2.49383904684669, 2.315029893399007, 2.389887664952714, 2.784488704996656, 2.9674193624519787, 2.7518538965924435, 2.3443871191479304, 4.067878437216278, 3.125829487128791, 2.263499097499597, 2.466104460034388, 3.550075829363194, 2.1303012863157202, 2.7577489191795213, 2.2244018282322995, 3.2382857283950983, 2.860686168759656, 2.2173205688047664, 1.9963615487089275, 2.484407669929628, 2.102994721760618, 2.291193362155881, 2.0940329795161907, 2.2071907417902445, 3.9158369516153138, 2.1900202924592147, 2.123933765614549, 2.2918193224129246, 2.616041299166736, 2.3675399835904094, 2.1461923331917623, 2.1470793419634484, 2.608543847956416, 2.015588728735236, 2.3768638506658055, 2.1995023970500625, 2.1834590989307965, 3.191716899564743, 1.585121597831873, 2.7144484846050525, 2.739633047053986, 2.983034835666767, 2.8037208127081414, 2.9257682928056488, 2.6979541452140214, 2.0903299945545704, 2.6093369061310328, 2.205403020182361, 2.8681438780906046, 2.537440774878152, 2.4143463938109377, 2.359067397902536, 2.195564589225678, 2.3098116438317007, 2.124625100617897, 3.365845825282927, 2.3731944013373436, 2.38622181880682, 2.5809761938842826, 2.3637707270906976, 2.183315763169294, 2.3604344481389425, 2.087835672955624, 2.4232749574356864, 1.7761978849280147, 2.5491052895769504, 2.2238314680066096, 2.1099921978269016, 2.3873530541366996, 2.0801159743465494, 2.709672249158129, 2.4770292473460715, 2.6590725976526204, 2.385122592556665, 2.7810678403802065, 2.5251338610695235, 2.3406428780640103, 2.1247070263640686, 2.3875956203578794, 2.8167043758691186, 2.6891951333770328, 2.2552121375051644, 3.5919520927110655, 2.6707448278199357, 2.728748827426716, 3.1164312234025537, 2.1660487211496777, 3.367465380163555, 2.412014867789055, 2.2173211344551667, 2.3656288759738566, 3.841267258549377, 3.744727459464293, 2.2589408486007554, 2.4263431290579467, 2.3615766626854207, 2.35340577528781, 3.763290794809276, 3.5110464848825025, 2.9476882543754668, 1.647486628985863, 2.091889904052226, 2.5661777677617907, 2.12686131867925, 3.5885945044337544, 3.590587889252067, 3.091430128641928, 2.5806917553109665, 2.586993188736068, 2.488931357272815, 2.4323430186016157, 2.3607461637611964, 2.3964324553039997, 2.477534425129127, 2.0153874244206142, 2.437295240991843, 4.226048122178637, 2.314838831710565, 2.1214765290392656, 2.097307315448566, 2.5580578991287606, 2.1457674713973005, 2.4545196428235925, 2.375471929321339, 2.2203099369060837, 2.2238632893010304, 3.312440766123119, 2.0839176389151493, 3.6409697854177545, 2.5118504345319566, 2.8295149524877528, 3.545465720926016, 2.239585530686593, 2.7014622988746995, 1.8226097406370245, 2.145834567038515, 2.7326270486890953, 2.859513238407312, 3.26618362702472, 3.462248017926405, 2.3719470570394816, 2.821605908064521, 2.683834814282194, 2.0018716808359387, 2.1590204928465195, 2.4390476361678735, 3.105611487673797, 2.355737561775381, 2.5544611601903173, 2.173144109541184, 2.5588726028677455, 2.6305009140936826, 2.4970374086110407, 3.222549173587245, 2.6612653553822927, 2.5552602709875956, 2.2333680755016294, 4.229977123401242, 2.4380286929359403, 2.014827438054697, 2.6940247947834393, 2.355150598255104, 2.8743766892911338, 2.2773248775692125, 2.8225182844211494, 2.660922809754027, 2.2259751081776047, 2.38305124669323, 2.3982605274288353, 2.303058581588454, 2.6287388932632987, 2.832142307637422, 4.115734080342617, 3.07270867652125, 2.2276287761665983, 2.1482445290006655, 2.4253405762050453, 2.271710475767277, 3.693695077276976, 2.5479898455029257, 2.219794797818846, 2.466375824584219, 2.544878678708844, 2.1597112234064877, 2.336182067852857, 2.0588389021499434, 2.795571988281598, 2.227520697675153, 2.6933467956452226, 2.6086227751730604, 2.6333877722296095, 2.205710683926748, 2.89267803627613, 2.537231541886861, 2.690525354806754, 2.3176957339592885, 2.5552058576608077, 2.5010716823954198, 2.1251438243053435, 2.604511848000884, 2.1810280332254743, 2.9325544198677505, 2.2350812913941542, 2.3081400684492324, 2.2747178884861396, 2.336732482058802, 2.423282019501369, 3.031409689994063, 2.2696337895049825, 3.5867911547924063, 2.4879461678364403, 2.128883894290627, 2.573448299354888, 2.2437295508288972, 2.87240669460321, 2.5023650433021087, 2.2557404868768876, 2.379763625372223, 2.288128335134145, 2.967117664161716, 2.7136892476760925, 2.5921495224401845, 2.0378349063979977, 2.163972473839116, 2.109136594267178, 2.3475783832091484, 2.577153315940803, 2.046588301368383, 2.6096822816278396, 2.105067890842733, 2.399473712909708, 3.308182849581941, 3.183421582209377, 3.578375742447792, 3.915306972782489, 2.4959742532268656, 2.30085839764783, 2.7085149827491515, 2.5829270595254403, 2.2576668341329644, 3.002768833028552, 2.217322404066193, 2.096859580484316, 2.5742748906873336, 2.3801599073048982, 4.193059800964028, 2.5170393450257937, 3.0110450484484073, 2.3411230985303986, 2.5224472350429785, 2.396777416232251, 2.868360999869208, 2.502641554682734, 2.69655607020238, 2.2416056002726537, 2.0489682175032784, 2.5822091569239447, 1.9769168570596076, 2.7263470438020407, 2.596861470423177, 3.1465996865078054, 2.1209146970927373, 2.475396497760351, 2.2536178551970885, 2.7233653931904858, 2.6468078105582316, 2.3313333913369556, 2.349177525970389, 2.0363837829009275, 2.409022373879233, 2.3883732259474937, 2.068243419576226, 2.065635434162475, 2.099686198537457, 2.266759208256094, 2.678197364061892, 2.6651037273324842, 2.50988440924638, 2.608070515080542, 2.4027671569043734, 2.035582279672937, 1.8946314698302755, 1.8766288519932575, 1.7729151650324901, 2.2670982950012446, 2.506446246502521, 2.3670582380679304, 2.12479637067378, 2.38344814134074, 2.3548601379700487, 3.1002022806849654, 2.242888713720555, 2.235932964174996, 2.366561662004467, 2.459994803271401, 2.508398509938849, 2.825902640289482, 2.302714006583506, 2.7509827094753527, 2.0478128635576733, 2.4082322383844206, 2.1937637086763786, 2.671325155100555, 2.790377484570625, 1.9872995060255514, 2.3459571179325316, 3.7617762692260506, 2.1673685857829983, 2.6620944313861807, 2.82878225531861, 2.811634279572588, 2.599728658612867, 2.4472864614644334, 2.113629161653225, 3.438176163778558, 2.047563608081772, 2.0265384261327797, 2.366044796199858, 2.083776397601506, 2.215038941550863, 2.119671773532673, 2.8299875756584427, 2.600961847826652, 1.9978375204365033, 2.2705156102271893, 2.870291688400307, 2.616592309754266, 2.295063374149717, 2.329492285878132, 2.1787388142288258, 2.351275524155103, 2.0850701680344814, 2.7481319147275087, 2.1989659885399897, 2.3748236854920575, 2.218639182635639, 2.3251574707932066, 2.154740850854038, 3.141452719615629, 2.0765335601228756, 2.96091356883746, 3.2620643122808874, 2.372710976699195, 3.7666143905068217, 2.4396146966339405, 3.5354166771993905, 2.390261579039411, 3.4224206952416103, 2.17079227522572, 2.319463404442218, 2.325114083477797, 2.3611628835274066, 2.970364529475592, 2.0721363328777596, 4.44277281841677, 3.4829547453088447, 2.29396404106251, 2.22213066790891, 2.2558028045188125, 2.2790857472240615, 2.9537618422720753, 2.172332137667396, 2.4568421013120565, 2.0398429483517235, 2.3715115766871144, 2.2234242900532006, 4.153923423822633, 2.2165607216780927, 2.3837154969498138, 3.773009870649183, 3.344662172332687, 2.190334332656124, 2.5721688554482665, 2.159249364310873, 2.825433108734175, 2.883708075966304, 2.2571517128644523, 2.355831968933247, 2.201688812585266, 2.230142136456379, 2.336812480564045, 2.391337210356985, 2.2055221018375546, 2.5344501079583024, 2.428163183046675, 2.406679315998114, 2.418371783611855, 2.498124474745935, 2.529488324242909, 2.335905098623898, 2.4462277511929535, 3.163220873184458, 3.111040676487694, 2.0632194660499215, 2.585740129386877, 2.395271042179562, 2.2552689661535825, 2.207323463096182, 2.3363238851360846, 2.967255659546004, 2.4779599916213657, 2.3965987105278126, 3.5555009440122025, 3.7932612183161973, 2.3498620307284908, 2.51159616603557, 2.022791294081814, 2.08689783063303, 2.224801541149911, 1.9184270647037085, 4.050461615104936, 3.615547856061172, 2.470826599614732, 3.0725313530707927, 2.4942160248999006, 1.9890706720986429, 2.703727314356342, 2.467670597904044, 2.720784706189324, 2.3818472064932688, 2.2581333399942753, 2.105599592972584, 2.2887974999501983, 2.2457885170588607, 2.232558406494534, 2.859343237138974, 3.035193756392804, 2.5877863064952864, 2.3323393012349007, 2.131682626363155, 2.243826432892994, 3.7829077704841456, 2.0602516237681527, 2.3040245831637294, 2.0049645571229613, 3.211890541086006, 2.3529311456230757, 2.260595027802399, 2.4663608159932173, 2.2584715774977724, 2.1739942733693765, 2.444228092992717, 2.3932317908826173, 2.2548579539308795, 2.2195229437327613, 2.203944026837868, 2.485163293902529, 2.5923716107154466, 2.475404460590493, 2.6341600670039025, 2.5864563877847244, 2.94551686524171, 2.975022802572005, 2.2492718599762735, 2.252684523385973, 3.102152655997809, 2.567706307257188, 2.4585605331740292, 2.2668112063045407, 2.3952748525017062, 2.887934442987787, 2.448176471794949, 2.6809739120927927, 2.419655352093287, 2.3443102442154466, 2.9066608863725603, 2.128924129707352, 2.434226613790505, 2.293610671796213, 2.0395638826237352, 2.9014780725530755, 2.275172282545957, 2.759857074189407, 2.266142132004157, 2.2480081957187874, 2.17052674155607, 2.4500225731675975, 1.9714748292449182, 2.397469166546144, 1.9975814508105176, 2.5573679064251036, 3.15464255785011, 2.9442426714377166, 3.4375715864591068, 1.9931610205417625, 2.639497597601867, 2.621758883055259, 2.144515771424537, 2.6554043804263014, 2.1964529970884965, 2.3843014699535945, 2.012729262897841, 4.239564583771372, 2.1824164353385913, 2.3778557269697, 2.3046324731490735, 2.2057925435105026, 2.3034993082873645, 2.5113652653742706, 2.5253702929778004, 2.351017248419878, 2.5870808415763156, 2.171670012047751, 2.2785528513891666, 2.235582751857932, 2.971064308747035, 2.904149256902637, 2.3878857948207757, 2.3329393155802842, 2.0168824991682115, 2.2584013663672375, 2.384887763137729, 2.301026428330528, 2.3054151205389313, 2.3837436544872124, 2.4861480412363353, 2.200439145760477, 2.0703270610754303, 3.420880474628584, 2.250897232458367, 2.3796963625240783, 2.3316782918870484, 3.0253376052575653, 2.01554654467214, 2.964630119779586, 2.997608514147949, 2.3770532568281975, 3.159899824742334, 2.811499646377398, 3.5887049549103986, 2.0656481458807034, 2.7450035551425302, 2.4725465499766237, 2.2022819353772394, 2.434182614562098, 2.283172267954059, 3.762572943717222, 2.9549558250775867, 2.487865779456865, 2.4052971696745615, 2.167208863929379, 2.254365377472207, 2.594544287270676, 2.2849691224642203, 3.0669726120927514, 2.6120989823581398, 2.3904879405357, 2.1743021218697645, 2.831564363970366, 2.599545387505367, 1.9861978237791311, 2.4553341720441217, 3.3763344891936016, 2.490556283679667, 2.2555295209345756, 2.044411101961246, 2.3344681268421277, 2.0076050280388498, 2.1975433800298254, 2.3881286172372884, 2.0099974289124254, 2.2494706413902237, 2.2763787558646293, 2.253206111853982, 2.4760626370502776, 2.7573412187426283, 2.4936958518361267, 2.1463793650863345, 2.346833954745456, 2.389543706911313, 2.0941191367175134, 2.351646318046097, 2.377671371612715, 2.3474330896601074, 2.300481865866157, 2.12163179343976, 2.3407343151279414, 2.792716124159352, 2.3738913917774958, 2.10139981795407, 2.283105468454188, 2.4496234706955646, 2.828221591581064, 3.7218614494475917, 2.2715904802352807, 2.2393104289259447, 2.3560626018007733, 2.7566494985878904, 2.3229460831137096, 2.675894493581413, 2.4226750375786454, 1.9689874789863238, 2.3740400679677816, 2.3613519512368866, 2.371896423824114, 2.758844281009507, 2.62996693141244, 2.2507908748618313, 2.5509870937791295, 2.4963533551451014, 2.472418483707838, 2.5483335790220525, 3.3827067947942524, 2.3828101931877113, 2.8182138255001266, 2.040250435558819, 2.767008729891077, 2.9227178549072668, 2.0219783950391443, 4.147513375912435, 2.27394692567071, 2.264410513498886, 2.4033845126486653, 2.337005629388821, 2.448271400380067, 2.5573056239928826, 2.1083476486844726, 2.578821345695779, 2.023261696818043, 2.1697012215205023, 2.4516335907757667, 2.8223535887211426, 2.2348302089282805, 2.2724297857612843, 2.9793115270299655, 2.12772147827934, 2.5183839623316815, 2.2534716349947876, 2.18238536224959, 2.5391764347540895, 2.0973440381901134, 2.300176309703617, 2.0505610099948917, 2.025076169010281, 2.938092759241884, 2.507750818437964, 2.4157595071367086, 2.2536295640284667, 2.4955315273104275, 2.1721363922799903, 2.2777346438220762, 2.637040648152985, 2.1741110365700584, 2.21181326826986, 2.4828312748308887, 2.2519028535264938, 2.2254603057100493, 2.092200634942242, 2.3522685280232682, 3.2816041056826633, 2.205260063758066, 3.640804996596935, 2.396280738046398, 2.898812743088995, 2.203220864755841, 2.324242678372958, 2.876563212418743, 2.7844724268029073, 1.9802925244556906, 2.314648565463433, 2.6219045477118437, 2.413808632472329, 2.144779191728082, 2.259879053205465, 2.129944254273975, 3.2404236544679117, 2.6968473463191036, 2.0828590707120695, 2.667767646108489, 2.242331261823825, 2.4931937404866353, 2.0096580059753393, 3.82853152929813, 2.2608328710242924, 1.8716392059085147, 2.0308462861989107, 3.6386475709737076, 2.6291708501273257, 2.9111900865168137, 2.268156482033887, 2.7150442733011872, 2.851571771253938, 2.3703919313253734, 2.5660348732129976, 2.3850100138646453, 2.463818947280982, 2.1593104065575126, 4.151693525435725, 2.304613963489615, 2.0986872430828645, 2.6145185064390137, 3.923186330524755, 2.3483473304856686, 2.351227834231425, 2.3445749700950764, 2.8326289139273078, 2.22169490301364, 2.180417189479445, 2.234657863594567, 3.431017100943919, 2.061319770381415, 2.848482248496957, 3.8759315600951982, 2.6044785173961373, 2.411947071958506, 2.3109483751689304, 2.4583369329467395, 2.339385830372582, 2.3855574501230237, 2.1271281740367067, 2.1993611859254982, 2.994735856844425, 2.950508724420962, 2.1520466506756097, 2.1696252124487367, 2.6244994231519128, 2.149363748514737, 2.248819935016785, 3.592570363233887, 2.124314737794255, 1.9976892170571776, 2.78117496356486, 2.506496761252472, 2.167420845069046, 2.939329593434036, 2.116284082267267, 2.2059803944576486, 2.368474877936576, 2.2859730726964123, 2.501564163287874, 4.107431050799636, 3.4499379171990485, 2.17360175255138, 2.3120720204630687, 2.13721363620544, 2.463561834289808, 2.4995560723746935, 2.444572325585444, 2.2877494894029624, 2.1754701875335973, 2.368729716168897, 2.261778778299418, 2.6378890865812665, 2.590443611172283, 2.261574197866361]"
2.5,8000,0.6281398645655142,0.6281398645655142,0.027476072311401367,0.3189027303300776,"[2, 2, 3, 4, 3, 4, 4, 2, 2, 2, 2, 2, 5, 3, 3, 3, 4, 4, 4, 2, 2, 3, 3, 1, 3, 3, 2, 5, 3, 2, 3, 3, 2, 3, 3, 2, 3, 2, 2, 4, 1, 3, 1, 2, 3, 4, 3, 5, 2, 3, 2, 3, 3, 3, 2, 3, 4, 3, 4, 5, 3, 2, 3, 4, 3, 5, 2, 1, 2, 5, 3, 2, 2, 3, 5, 2, 2, 3, 3, 3, 3, 3, 1, 2, 2, 3, 2, 2, 4, 3, 2, 2, 3, 2, 2, 3, 2, 3, 4, 2, 3, 2, 1, 3, 4, 2, 1, 3, 3, 2, 3, 1, 4, 3, 3, 3, 3, 2, 1, 3, 3, 5, 3, 3, 3, 3, 2, 3, 4, 4, 2, 3, 1, 3, 3, 1, 3, 4, 4, 3, 2, 2, 2, 3, 2, 2, 2, 2, 1, 3, 2, 1, 2, 3, 1, 2, 2, 3, 2, 2, 3, 2, 2, 1, 2, 2, 2, 2, 2, 1, 1, 4, 3, 1, 3, 2, 3, 2, 2, 3, 2, 2, 2, 2, 3, 3, 3, 1, 3, 4, 1, 2, 4, 3, 4, 3, 1, 3, 2, 1, 2, 3, 2, 2, 1, 2, 2, 2, 3, 3, 2, 2, 1, 2, 2, 4, 3, 2, 3, 3, 3, 4, 3, 2, 4, 5, 2, 3, 3, 5, 3, 1, 2, 3, 3, 1, 2, 3, 3, 2, 4, 3, 4, 2, 3, 1, 3, 2, 1, 3, 3, 3, 2, 3, 3, 3, 2, 3, 2, 3, 2, 2, 4, 3, 4, 2, 3, 5, 2, 2, 3, 2, 4, 3, 4, 3, 2, 2, 5, 3, 3, 2, 2, 3, 2, 2, 2, 3, 4, 1, 3, 2, 2, 5, 2, 1, 4, 2, 2, 1, 2, 2, 2, 3, 4, 4, 2, 2, 1, 2, 1, 4, 4, 2, 5, 2, 4, 1, 2, 2, 5, 2, 2, 2, 3, 4, 5, 3, 4, 2, 4, 2, 2, 3, 2, 1, 3, 4, 2, 3, 3, 2, 3, 2, 2, 2, 2, 3, 4, 3, 3, 4, 1, 2, 5, 2, 3, 1, 3, 3, 2, 2, 1, 3, 1, 2, 2, 3, 1, 2, 1, 3, 4, 1, 3, 1, 4, 1, 3, 2, 2, 2, 2, 4, 3, 4, 1, 3, 4, 1, 2, 4, 2, 4, 1, 2, 2, 3, 3, 2, 3, 3, 2, 1, 3, 3, 2, 2, 3, 2, 2, 2, 2, 2, 3, 2, 2, 2, 2, 2, 5, 2, 3, 3, 2, 2, 2, 2, 3, 2, 3, 3, 2, 2, 2, 3, 2, 4, 3, 3, 3, 4, 3, 3, 2, 4, 2, 2, 3, 1, 2, 2, 2, 1, 2, 3, 2, 2, 3, 2, 2, 3, 2, 4, 2, 1, 1, 2, 3, 2, 1, 2, 4, 3, 3, 5, 2, 2, 2, 4, 3, 2, 3, 3, 5, 2, 2, 2, 3, 2, 2, 2, 3, 2, 2, 3, 1, 3, 3, 3, 2, 2, 1, 2, 3, 3, 5, 2, 3, 1, 3, 2, 2, 2, 3, 4, 3, 3, 3, 3, 3, 2, 1, 3, 3, 2, 2, 1, 3, 2, 3, 4, 3, 3, 3, 2, 3, 3, 4, 3, 2, 2, 2, 2, 2, 2, 2, 3, 3, 2, 3, 2, 1, 3, 2, 3, 3, 3, 3, 2, 2, 3, 3, 3, 5, 3, 4, 5, 3, 3, 2, 3, 2, 3, 2, 1, 4, 2, 2, 3, 4, 4, 2, 3, 2, 2, 2, 3, 3, 2, 4, 3, 3, 1, 2, 2, 3, 4, 2, 2, 2, 2, 4, 2, 3, 3, 4, 3, 2, 3, 1, 2, 3, 3, 1, 4, 2, 3, 2, 3, 4, 2, 3, 2, 3, 2, 3, 2, 3, 3, 2, 3, 2, 3, 3, 4, 2, 3, 3, 3, 5, 2, 1, 2, 2, 3, 3, 2, 2, 2, 2, 4, 4, 2, 2, 3, 3, 4, 4, 2, 2, 1, 2, 2, 2, 2, 2, 5, 3, 2, 1, 1, 3, 2, 3, 2, 2, 3, 3, 3, 1, 3, 2, 2, 2, 1, 2, 2, 3, 2, 3, 2, 2, 3, 4, 3, 2, 3, 3, 2, 3, 3, 3, 1, 3, 3, 3, 2, 2, 5, 4, 4, 2, 3, 3, 1, 2, 3, 3, 3, 2, 2, 3, 2, 4, 2, 3, 4, 1, 2, 5, 2, 4, 2, 3, 2, 2, 2, 3, 2, 4, 1, 2, 2, 2, 3, 1, 3, 3, 2, 1, 3, 3, 3, 3, 3, 2, 1, 1, 2, 2, 2, 1, 2, 2, 3, 3, 4, 2, 4, 4, 2, 2, 2, 4, 3, 2, 1, 1, 2, 3, 3, 2, 2, 3, 3, 3, 4, 2, 3, 4, 4, 2, 3, 2, 2, 3, 3, 3, 1, 2, 3, 2, 2, 3, 1, 4, 3, 3, 3, 2, 2, 2, 3, 2, 4, 3, 2, 2, 3, 4, 2, 1, 3, 2, 2, 2, 2, 2, 3, 2, 3, 2, 2, 2, 4, 2, 3, 1, 3, 2, 2, 2, 3, 3, 2, 4, 3, 1, 3, 3, 3, 3, 4, 2, 2, 2, 3, 3, 4, 2, 2, 3, 4, 3, 4, 1, 2, 4, 2, 3, 2, 2, 1, 1, 1, 3, 2, 2, 5, 2, 2, 3, 3, 2, 2, 1, 3, 2, 3, 3, 3, 4, 2, 3, 3, 3, 3, 2, 3, 2, 3, 2, 2, 2, 3, 3, 2, 2, 1, 3, 1, 2, 2, 2, 1, 3, 2, 3, 2, 3, 2, 2, 3, 3, 4, 2, 3, 3, 3, 2, 3, 3, 4, 4, 3, 1, 4, 3, 2, 3, 2, 3, 3, 2, 2, 5, 4, 2, 2, 2, 1, 3, 3, 2, 1, 2, 2, 2, 4, 3, 4, 2, 3, 3, 3, 3, 3, 2, 2, 2, 2, 2, 2, 1, 1, 4, 2, 2, 2, 2, 3, 3, 3, 2, 2, 3, 3, 3, 2, 2, 2, 3, 3, 3, 2, 4, 3, 2, 3, 2, 3, 3, 3, 3, 2, 1, 2, 4, 2, 2, 2, 5, 3, 2, 1, 2, 2, 2, 4, 2, 1, 3, 1, 2, 3, 3, 5, 3, 2, 1, 2, 2, 4, 2, 3, 2, 1, 2, 3, 1, 1, 1, 4, 2, 4, 2, 3, 3, 1, 1, 3, 2, 1, 2, 3, 4, 2, 4, 2, 3, 3, 4, 2, 5, 3, 3, 3, 2, 2, 2, 3, 3, 1, 3, 2, 3, 2, 2, 4, 4, 2, 3, 4, 3, 3, 3, 3, 5, 4, 3, 3, 3, 2, 3, 4, 3, 2, 3, 1, 3, 3, 3, 3, 2, 2, 2, 3, 2, 4, 1, 3, 1, 3, 3, 3, 1, 2, 2, 2, 3, 2, 4, 2, 1, 3, 2, 2, 2, 1, 2, 3, 2, 3, 2, 2, 1, 1, 2, 2, 5, 1, 2, 1, 3, 4, 2, 2, 3, 2, 3, 3, 4, 3, 1, 4, 2, 3, 3, 3, 3, 5, 2, 2, 2, 2, 2, 3, 2, 4, 1, 2, 2, 3, 1, 2, 2, 2, 3, 3, 2, 3, 3, 1, 3, 3, 1, 3, 2, 2, 3, 3, 2, 3, 1, 4, 3, 2, 3, 2, 4, 2, 1, 2, 3, 2, 4, 3, 1, 4, 4, 3, 2, 2, 3, 4, 4, 4, 2, 3, 2, 4, 1, 2, 4, 4, 2, 2, 3, 4, 2, 2, 3, 2, 2, 2, 3, 2, 2, 3, 2, 2, 2, 4, 4, 2, 1, 4, 3, 2, 3, 4, 2, 1, 3, 3, 3, 4, 4, 3, 3, 2, 2, 2, 2, 5, 4, 2, 4, 3, 1, 2, 4, 2, 1, 2, 3, 1, 3, 3, 4, 2, 2, 1, 2, 1, 5, 2, 4, 1, 4, 2, 1, 2, 2, 2, 3, 2, 3, 3, 2, 2, 2, 3, 2, 3, 4, 4, 2, 2, 3, 3, 2, 3, 2, 1, 4, 4, 1, 3, 5, 2, 2, 2, 2, 3, 3, 3, 3, 2, 1, 1, 1, 2, 3, 2, 4, 4, 3, 2, 3, 2, 3, 3, 2, 3, 1, 4, 3, 2, 1, 3, 3, 3, 2, 2, 3, 3, 2, 2, 4, 3, 4, 2, 2, 2, 2, 3, 1, 2, 3, 3, 2, 4, 2, 2, 2, 2, 3, 3, 2, 2, 2, 3, 4, 2, 3, 3, 3, 2, 1, 3, 5, 2, 2, 3, 3, 2, 2, 4, 2, 3, 3, 4, 2, 2, 2, 3, 3, 2, 2, 2, 2, 3, 1, 2, 2, 2, 2, 3, 2, 2, 1, 3, 2, 2, 1, 3, 2, 2, 2, 3, 3, 2, 1, 2, 3, 2, 3, 2, 3, 2, 2, 2, 3, 2, 1, 2, 2, 2, 4, 3, 3, 3, 2, 3, 2, 3, 3, 2, 2, 2, 3, 3, 5, 3, 2, 2, 3, 2, 2, 2, 2, 3, 2, 3, 3, 3, 2, 4, 3, 4, 2, 2, 1, 2, 2, 1, 2, 3, 3, 2, 2, 3, 1, 2, 3, 3, 2, 1, 3, 3, 1, 2, 4, 2, 3, 2, 3, 2, 3, 3, 3, 2, 2, 2, 2, 3, 3, 2, 4, 2, 2, 2, 2, 3, 1, 5, 1, 1, 2, 3, 3, 3, 1, 2, 3, 2, 2, 2, 3, 2, 3, 3, 1, 2, 4, 2, 3, 3, 5, 3, 3, 3, 3, 1, 3, 3, 2, 2, 3, 4, 2, 3, 3, 1, 4, 3, 3, 2, 3, 2, 1, 3, 3, 2, 4, 2, 3, 3, 2, 1, 1, 2, 2, 5, 4, 3, 2, 2, 2, 1, 2, 3, 4, 2, 3, 3, 2, 2]","[2.2578753590476373, 2.176734177068563, 2.760857720024637, 2.437640413315433, 2.2478244678614754, 2.708544941723756, 3.790020183377341, 2.191259548190532, 2.6482804018275057, 2.341526362235036, 2.0507064945488427, 2.150502869172654, 3.2875785383541705, 2.597390342805872, 2.4153855583025465, 2.680654922325683, 4.140266630595983, 3.606065946884409, 2.44291619577709, 2.834687594706967, 2.1921316140631038, 2.353533049503991, 2.7042892950562205, 2.3903842954803394, 2.5823461566005705, 2.184035404717934, 2.588933868249535, 4.194639614207294, 2.5401343584335057, 2.772814159430314, 2.3780978274288276, 2.478809512758127, 2.3481425326532186, 2.4395626481700243, 2.0195168060241646, 2.5865963622786907, 2.1558948418605723, 2.611191262702316, 2.1505848157367375, 2.3035509304247688, 2.055970098233012, 2.1200106058340555, 3.6689328796679614, 2.6351308212305704, 2.3384820852565325, 2.6814669072987347, 2.823459387227466, 3.0690293698146194, 2.225848869942249, 2.401812784300769, 2.3460344363987335, 2.4544577770940936, 2.298061790988286, 3.086282411350643, 2.7943656016904312, 2.54523594378805, 3.289570214852808, 2.8298362942335618, 2.9143420228272596, 2.4619555300124105, 2.586709676444149, 2.3209207376732794, 2.6427273283829513, 2.9191660587558133, 3.01080663557311, 2.9586996256220077, 2.1797926050450087, 2.088283084132954, 2.283949296680755, 4.031529373588615, 2.1557844240534823, 2.1546394211424946, 2.5443262507077784, 2.4894193276553183, 3.791889188701546, 2.2911126899094008, 2.324481948779205, 2.257037707504312, 3.806374987305495, 2.4863567411604013, 2.4142941479427367, 2.347326243582649, 2.2467897258251925, 2.2584457723633973, 2.081519025650459, 2.3087337401051795, 2.1237704492293283, 2.2232459088439853, 3.468977959020992, 2.190930473685201, 3.974528368087602, 2.231256568967371, 2.3054491062095037, 2.1830238906648955, 2.0431317072986737, 2.1839490773012784, 2.1183271202942637, 2.44443028080919, 3.0923543497074006, 2.242798364434308, 2.3933227476206014, 2.387417046844819, 2.1840721404041084, 2.763552092195569, 2.547241450178999, 2.4087547651352414, 2.0219922336177794, 2.2156151318550963, 2.5878688810064765, 2.2825772316188075, 2.5421319831444964, 2.4423170327004433, 3.965200748155638, 2.722264597069834, 2.4401177892661887, 2.2519008577642543, 2.377629729812073, 2.153973049819971, 2.420540523253458, 2.407059668244131, 2.922759528581169, 2.708343810280925, 2.9717133118985615, 2.82539522466912, 2.3865600784487415, 2.4507574793970544, 2.096925231893316, 2.503158732779808, 4.028709889437215, 2.745879143789121, 2.2444382466804713, 2.241484289539522, 2.017409682392976, 2.798807922534964, 2.2482067221998636, 2.1827441213088217, 2.091038959649357, 3.0842929329583355, 2.5399245314164505, 2.487336556307948, 2.2107060801550342, 2.3066421100481955, 2.2820597468446775, 2.150179318857938, 3.716469256230347, 2.394179709716309, 2.361773835199762, 2.218004858545563, 2.3188667348059027, 2.9544679518441224, 2.6895766712061158, 2.157074344153703, 2.1484599269556095, 2.306822499308639, 2.2958998144445046, 2.640762288172021, 2.5248121529450773, 2.502643161138794, 2.2173654173511825, 2.3805162489708316, 2.3434848319579644, 2.375979858308361, 2.1515810835538307, 3.0555811999170865, 2.0899110142072597, 2.453248093932547, 2.0530473495408015, 2.3703783152116067, 2.1549658925034194, 2.478845506397896, 2.6840260987990687, 2.4503156126090997, 2.3429575034321872, 2.0487036204166342, 2.3904501603093773, 2.641246793805285, 3.0307831956871754, 2.340832900391706, 2.55038794422798, 2.39280699208939, 2.14814607177609, 3.460262450104387, 2.176673537038673, 2.4061335120493648, 3.2540101629889153, 2.653957143380962, 2.4399349361897364, 2.372400631685509, 2.2770498852135823, 3.6906198225435523, 2.2165681570455167, 2.4210764080727407, 4.287230267604686, 2.3433303474515847, 2.278869720204526, 2.5529613189531815, 2.231962483902352, 2.4472002544297506, 2.1152744470672316, 2.090963676119623, 2.0242370285618456, 2.292066399841998, 2.192208991455881, 2.0886730645167693, 2.2151965346566014, 2.119546506831755, 2.9065813888095517, 2.209506427857253, 2.2227304650391138, 4.01555653766999, 2.0515776750753507, 2.0524360180839376, 2.1019285325311907, 2.412133467050167, 2.5194091270801415, 3.018811259225375, 2.1909966533034497, 2.1223919654084207, 2.1752567558250564, 2.323642291472554, 2.318900171176968, 2.5925217167248755, 2.084346835534524, 2.210029247646637, 2.18854513005355, 3.5324453483455622, 3.2229800352211284, 2.0771518410310703, 2.6491953260253878, 4.269870120078711, 2.152859284472057, 2.296766337475168, 2.223964588511051, 2.377794602577532, 2.4827056871143514, 3.03509204404975, 2.278500219171739, 2.4155171893320935, 2.4441589950446483, 2.5228022304257665, 2.654500164003495, 2.3462628495076614, 2.2482644848550466, 2.3197797479339126, 2.383587895864783, 2.3106944461321395, 2.6717493810465096, 2.242194115745953, 2.2233361850281304, 2.3352749253168765, 2.3816610659760573, 3.6124302406330555, 2.436578810599431, 2.9926943099956667, 2.2389243175723026, 2.4977471744505375, 2.918033238575482, 2.652197518079707, 2.4722994851161735, 3.564416597295679, 2.5138777101649246, 2.2153295724598134, 2.0904716596019863, 2.369038087336243, 3.3894668238482835, 2.28167484264356, 2.0221152967206093, 3.0970037027730926, 2.685800342071751, 2.2559437552735426, 2.4626723047690158, 2.1815991475121685, 2.5101764391268775, 2.451145434543766, 3.3970863242530225, 2.7183352139975225, 2.182916321118177, 2.4810956072428816, 4.0656427552208125, 2.4030183866531503, 2.459993216262255, 2.3912899202729125, 2.848530721198996, 2.147585869054395, 2.0733014771581715, 2.711985416164258, 2.6777580761812927, 2.897827764498466, 3.124276536420025, 2.409518177717388, 2.5164300724782844, 2.3073999662785725, 2.8669639789820605, 3.965460217207414, 2.320398241120582, 2.4082498965425163, 3.6935266222662335, 2.92197860121607, 2.216019035706783, 2.2912073637095287, 2.0832312849373156, 2.2499645768089915, 2.259822571926791, 2.869088883115297, 2.3846653245280525, 2.70703059147691, 2.7028047972196676, 2.08271999758563, 2.3245781022616994, 2.2137454586339467, 2.6283206778277215, 3.8064117132302897, 3.384481764309654, 2.1776708793611412, 3.9422426365541603, 2.286737073769779, 4.169854701406433, 2.170043844378486, 2.685130934921504, 2.1983290241749445, 3.2931480229278254, 2.625548243454022, 2.3180179154429603, 2.2971872988138378, 2.2531336668679156, 2.705807963852979, 3.0825457946407613, 2.285658127928104, 2.879925002717256, 2.2906019087285303, 2.647112446529241, 3.641921075673637, 3.1596734194612965, 2.6930409235157704, 2.1525544311628946, 2.40920784098325, 3.432612483538962, 2.550985005061921, 2.2501153069763067, 2.6218719303598497, 2.320190461230155, 2.68660422036059, 2.3575356783245565, 2.7284476308899634, 2.7248604402487087, 2.3987264625884372, 2.2170181487394705, 2.3194534511911815, 3.58396673936964, 2.252494447010051, 2.8846770615150366, 3.0890065921415872, 2.056599579284178, 2.58352295309241, 3.767337792718199, 2.2516471708272583, 2.1186316793401163, 2.1860230004550845, 2.4421005654469536, 2.151394185146646, 2.2986195590083063, 2.284935357034467, 2.2297018961516657, 2.8708362268983167, 2.482558242611326, 2.272336253830762, 2.4901472369866346, 2.7953816090841617, 2.384200739181218, 2.0815362898986978, 2.250499098319383, 3.0368492003813734, 2.467936937223815, 3.195051955419013, 2.7236200411584184, 2.251461469490434, 3.665821755459694, 2.2580910479833904, 2.6065586810432184, 2.048698751013285, 2.0188536818225846, 2.2572534179951784, 2.3721342216045516, 2.513444263611677, 3.552210450486398, 3.6642696423814485, 2.056528751599096, 2.2499252715212825, 2.585856029129108, 2.0555829806667356, 2.380230041029516, 3.8249414041153114, 2.23603609737657, 3.454378112065915, 2.4588731692614845, 2.438896072953879, 2.3968690793329994, 2.381960592303985, 3.265782005044762, 2.089752773155572, 2.2832857298061433, 2.252304852021815, 2.3516901143297613, 2.277460607732107, 2.769427484566801, 2.419497273864286, 2.0226504884160095, 2.0890971452811975, 2.383700739991842, 2.295861263347396, 2.056485590978499, 2.0773304595993864, 2.3451839274454356, 2.3446359480609846, 2.272372386780835, 2.2497292899171484, 2.2066396773035604, 2.2853015548010194, 2.9505305045270513, 2.3089982310842885, 4.155428416116784, 2.3244675641098738, 2.4428939986277185, 2.138688153466897, 2.5207361704415834, 3.014913568268843, 2.0813937491824706, 2.149555327548167, 2.6907830635418053, 2.1844813916219725, 2.529339340056413, 2.259907084999953, 2.25274654930164, 2.255581220617697, 2.1825779558140637, 2.3249761089887553, 2.5445146080827934, 3.0852030987343637, 2.07731629406237, 2.305730867612313, 2.146531899855565, 4.200909922067675, 2.1251325978195625, 2.34532780235622, 2.1816664338129965, 2.3145376929940396, 2.122130788319681, 2.4610906340265295, 2.8166250332961753, 3.9326463613292004, 2.2521426061802123, 2.288144066329734, 2.1356638123250176, 2.8742625545188663, 2.1437844351267654, 2.770371072999347, 2.3435026552708025, 2.298039214663666, 2.52622867767334, 2.1899264912491643, 2.049960596665785, 2.4171939618677074, 2.36563328842698, 3.097217067105742, 2.1505261033313596, 2.2185504676143775, 2.2486268480213405, 2.445288349605569, 2.2167001027233164, 2.402130827224467, 2.1526217174637226, 2.576006414776187, 3.4415547438563907, 2.2472144705991686, 2.2244523850777185, 3.6215119264660496, 2.662889112077742, 2.1830274320491494, 2.221955045169032, 2.360050282481482, 2.385519044630972, 3.1523248091019296, 2.3825617422811183, 2.3844059181314394, 4.314856801830639, 2.207426085944486, 2.3984817019340983, 2.917158691282913, 3.0899911041158923, 2.420164236619293, 2.7572433101180422, 2.183694103810445, 2.019112202873134, 2.1820396071787718, 2.1830686006411035, 2.801856836153818, 2.741580345977678, 2.4110243497690864, 2.114824469930445, 2.322320248463196, 2.207850181247989, 2.3395285643036186, 2.22791995848446, 2.531541024256432, 2.1913108982622167, 2.321334901965995, 3.231406095044207, 2.21845416549734, 2.277297948331807, 2.1522210983699774, 2.378675521910739, 2.150669308057135, 2.9008933229613696, 2.0146699789993994, 2.3383889025833464, 3.1234348154321063, 2.4456527453433665, 2.0900978222266633, 2.4133211288394736, 2.5531127972194985, 2.2795183671447923, 2.6204799979233497, 2.543546703498845, 2.4273040861691366, 3.0546806608437693, 2.017101360626354, 2.090948182563511, 2.940828540880448, 2.47769101513106, 2.2165115156300805, 2.7849284889956385, 2.500962937418071, 2.0419851779890403, 2.689780797747216, 2.38072035652827, 2.082990692144553, 2.4561706153195084, 2.32205780158403, 2.3164355806909263, 3.110285739312768, 2.3522615990383047, 2.2151770632186656, 2.3724329468168275, 2.216846898821267, 2.948255257179855, 2.3082082872345704, 2.0905659344005847, 2.627401137863076, 2.719482992242088, 2.4541316371427895, 2.5149342772571393, 2.526397466971989, 2.7367434790961274, 2.8918887153942405, 2.184814774261853, 2.2132443527619916, 2.439108908312468, 2.397748227974079, 2.332178942900475, 2.281923715275192, 2.1845798863715395, 2.4079083015603535, 2.4823045472926246, 2.5644495975405044, 3.4971555997902075, 2.3226527686958858, 2.3807386723611033, 2.5767444404539326, 2.6356304939478026, 2.0506653259568886, 2.3947661694752753, 2.514040432222431, 2.1938092431620837, 2.3455255652383875, 2.427462755336689, 2.4354568558004295, 2.526685337527756, 2.0756919115296877, 2.5217201982077424, 2.063660292195736, 3.431030669250355, 2.5733559598454745, 2.610862106188866, 2.2819477567431035, 2.209949758723101, 2.322154347976456, 2.156269785918475, 2.892687793044585, 2.055965671502694, 2.3197322042544997, 3.48584843728323, 2.2108915455981752, 2.291135872014899, 2.150073470156383, 2.5594584538382708, 2.1230015261731574, 2.2200237615190326, 2.2117233282248567, 2.1155181385712165, 2.213664449469134, 2.1384224125236435, 2.3586266803947833, 2.5132852474279885, 2.3112552348265245, 2.2381019152916077, 2.712326402423494, 4.154421504423377, 2.2165756886625188, 2.2239132093250324, 2.606378085003427, 3.979944988231039, 2.1830070690896886, 2.2379460308866443, 2.0569010396188077, 2.3278435954294414, 2.520210529283869, 2.5728716464162993, 2.293546083409372, 2.547388656566048, 2.248323587880249, 3.333041183984932, 3.2382307388460263, 2.3994071014891065, 2.515351685683115, 2.1770334240380342, 2.0907651372648774, 2.8227379602918083, 2.4605830376591262, 2.4962142850368703, 2.589936965339508, 2.183468113052269, 4.0764506737709905, 2.5843612479126543, 2.2188630644299536, 2.6134141299335663, 3.702150983301407, 3.662349428198551, 2.177250791053797, 2.7177207951330544, 2.4677948412800474, 2.714270383299575, 2.1768402034351317, 2.3857948338829282, 2.053389535794354, 2.1548616430044394, 2.754459089896922, 2.507171543080104, 2.169671556340681, 2.364766245843322, 2.1153970674970295, 2.108431613517712, 2.85362821462735, 2.706661731580569, 2.5174223824486064, 3.2710789420375996, 2.1521542547421815, 2.4135499272991114, 4.006174379722191, 3.2543624112180396, 2.216752530363246, 2.5415660505021864, 2.4081762029749822, 2.8380915881418978, 2.4159211926709787, 2.2753287089502146, 2.1175415969994016, 2.5948069185312095, 3.9303954447275324, 3.092380669957765, 2.021295023592754, 2.8571180856361464, 2.191067923661563, 2.761190405255099, 2.548025150778248, 2.759308310980588, 2.60828809039299, 2.4160920582857774, 2.3861538064218912, 2.4865257693317404, 2.5406078263372174, 2.0161894541809238, 2.7786295749225345, 2.1219771807776597, 2.2802220104859456, 2.2920486929207273, 3.5467779759412448, 2.121970762018699, 2.079422311010979, 2.7271692105292322, 2.3978420861013885, 2.181650497583853, 2.380034711118148, 3.023596779553345, 2.0830214579202604, 2.7172140924913775, 2.156942206253722, 2.3805836578386885, 2.141320945147841, 2.5452250982987716, 2.2289515704909846, 2.3419185560021027, 2.314162498344329, 2.175278889476645, 2.158551145059164, 2.1448545826238834, 2.050031418175405, 2.156331981479438, 2.2849070197849723, 2.2911781472894326, 4.0421888344058825, 2.31895339293256, 2.6722888094904325, 2.8888609076218303, 2.4660882557838337, 2.947158038200644, 2.1450520147960495, 2.545651613764875, 2.4545660044748976, 2.58014594070207, 2.118099365019422, 2.144245028016516, 2.410317400937362, 2.5459629346326555, 2.1475528899135288, 2.7526584168016397, 2.661651443949909, 2.5320537030773176, 2.9828989777997013, 2.2877300184943565, 2.4199493188623724, 4.063798800707007, 2.624809634278244, 2.8623638098802795, 3.2278602955043674, 3.9248669841503627, 2.259515785867003, 2.7730323473880096, 2.2724812001162364, 2.209805004641715, 2.1861608931044785, 3.032506135266754, 2.2664788946441723, 2.71775348326416, 2.426390687688374, 2.0182850683132862, 3.0428677581676022, 2.119022367404981, 2.367046507541806, 2.393494850882764, 2.018596267454615, 2.539765862248898, 2.2914696911523498, 2.550498675842746, 2.560581482270442, 2.4841711572333063, 2.352627584756394, 2.2612350657405305, 3.6772645297925814, 2.882006646581604, 2.1909534926828527, 2.1232941476043194, 2.095079285350867, 2.0857118178279626, 2.592488651149396, 2.851686551799596, 3.1174325979389366, 2.247223324059804, 3.1089402306413305, 2.303907940067516, 4.002517494145947, 3.4980406626972984, 2.24876431255487, 2.715759456482896, 2.5286053891808713, 2.3985217201719706, 2.2230695962529454, 3.8392240356897336, 2.152763416505388, 2.050909687645883, 2.2493074286933403, 2.68640629879707, 2.1883111244624796, 2.219539422106207, 2.051979400851675, 3.2266048633417137, 2.4396536174780517, 2.598061007987694, 3.541162196848704, 2.7011674859205703, 2.474682166534172, 2.501602376578794, 3.9317246005281232, 2.201250002175028, 3.538064522719566, 2.2570238774710427, 2.3491141999579366, 2.1889023671901824, 2.3486958739429213, 2.2756204159390716, 2.0562556223384982, 2.177723228123636, 2.652709979564923, 2.290923432631155, 2.2240252836570185, 2.3498159791542683, 2.5859874791722786, 3.3611377651959002, 2.287943992676545, 2.71029407894914, 2.541244255273081, 2.4893393587036687, 2.119887764067742, 2.6485298252098444, 2.2091823995797086, 2.285374703843029, 3.2658222195438906, 2.5612086908670673, 2.5266952549078594, 2.2791524978840405, 2.9582010628490094, 3.5828223538176913, 2.351036131535707, 2.4434278477468565, 3.173785251963481, 2.183242629371255, 2.3932024798843594, 2.3724776775075718, 2.1481157486734146, 2.1902941312020427, 2.4809511472838475, 2.4184411089042857, 2.897597483223735, 2.171873137770367, 2.090965461368917, 2.5443390882256995, 2.532766529207391, 2.955858298744917, 2.172444696105323, 2.124772247414541, 2.365402219261769, 2.3214851457887766, 2.1217609350016438, 2.089573490577708, 2.713484634712986, 2.605011180336497, 2.0876615566391923, 3.562173140501381, 2.4558945441551656, 2.0882585012225237, 2.571015594242827, 2.4875295449884285, 2.3097049938512004, 2.6630082179495562, 3.5596518649304434, 2.2045332529536235, 2.406411254105092, 2.3232673236352017, 2.303609357107592, 2.6387452485027962, 2.8298093947821275, 2.649338186640889, 2.3418623947376456, 4.071496062038452, 3.324981789747799, 2.209802348603524, 2.8803564023144186, 3.558240225597423, 2.117062403442519, 2.7183174447514142, 2.1817107011161725, 3.122333970311894, 2.74589640803736, 2.4884241322105, 2.0189599233502076, 2.452218899866329, 2.3820591599622536, 2.250638540324388, 2.1218995062177526, 2.4900115577024, 3.9420117671502166, 2.218053858127892, 2.117213812176549, 2.28475895183131, 2.551529198768636, 2.347331447649168, 2.4311334906468436, 2.114433146970367, 2.5518576767153713, 2.0159468693595177, 2.310282661443114, 2.185612642554641, 2.1719803175378374, 3.42920609182945, 1.9632955202709859, 2.5777309318018293, 2.6869378433206483, 2.9140704128995485, 2.750810584018116, 2.9600147084117943, 2.576697235156587, 2.123326226841955, 2.5074037250852634, 2.2082388336127092, 2.7913698775821505, 2.4466802445661644, 2.3288061442856423, 2.3084391412206346, 2.186229728760918, 2.2764606093533564, 2.1018054683991476, 3.326791037959155, 2.310857693711373, 2.3931984521555716, 2.582778357226705, 2.3503388985718088, 2.181332832965241, 2.3446590076175466, 2.1237171071290013, 2.3380746047307954, 2.16730399344535, 2.477145199282897, 2.258655392601104, 2.120245001204374, 2.3437038563392, 2.130638407149889, 2.576553779979961, 2.3693481797949922, 2.630835342367796, 2.309834883114319, 2.6392813255442604, 2.4855340829530133, 2.3168052126724477, 2.156789941287963, 2.3854562181279646, 2.714338039487598, 2.6538069806579085, 2.2562770880664598, 3.5189461775235378, 2.6613306598874455, 2.6858847779802604, 3.015152620825547, 2.151157797747685, 3.3616470993268432, 2.3850152575596604, 2.2526264685184647, 2.318368506308654, 3.874302828134959, 3.734654925294276, 2.238699896884274, 2.3707646805847546, 2.3190035207727173, 2.2696290577906852, 3.80846534225526, 3.6156443078783633, 2.7664809849155714, 2.0329170281199724, 2.0907888983270273, 2.4681445705972203, 2.1572987793808065, 3.6386927164167506, 3.563217891619451, 2.9397668323768777, 2.5118926509638486, 2.5382419664944256, 2.8032647433151285, 2.4201893931494465, 2.3191336666440554, 2.34775984181726, 2.71960263055896, 2.0556757206668896, 2.3755748186597603, 4.165801514200823, 2.281151609295479, 2.1184453139937443, 2.1222328244535023, 2.478681754872184, 2.148857232177078, 2.4141748383383943, 2.3548304597559553, 2.2447536719301384, 2.1763162937265794, 3.206842369886327, 2.1243310946240554, 3.517364231574547, 2.5277132106587312, 2.7110838834207396, 3.415777871050765, 2.2135497971539078, 2.6561750525700485, 2.1878139132892422, 2.1381790794622777, 2.6071750825073186, 2.823063988979701, 3.1491368493489165, 3.4340321170359753, 2.3138252220530364, 2.6874348434290005, 2.6472559078813283, 2.056947313507794, 2.416828028409554, 2.369821403441408, 2.974566635024525, 2.3452725264559184, 2.476305891214676, 2.181001186634039, 2.561107607530261, 2.509565955333444, 2.43324684596106, 3.1582036585612325, 2.5444422248666383, 2.479966598789707, 2.558777547005629, 4.210361914137903, 2.3809386816101616, 2.0160661697415776, 2.6187031674250094, 2.3331265250657798, 2.743750993188924, 2.2528118435738245, 2.6762689470413172, 2.5841932098255986, 2.2102038592187943, 2.392493591917776, 2.3529521689678536, 2.2813048032788035, 2.549539383490865, 2.7661921905731246, 4.0982152017908255, 3.1066508879862833, 2.2183630185242986, 2.152254991971242, 2.377448210930178, 2.2366987934441926, 3.6690466611285206, 2.5561325080670327, 2.216651164414434, 2.3764964577364274, 2.4381102379528126, 2.1521509346944434, 2.3120254567874565, 2.0488665240923227, 2.6876633155890817, 2.2154404536725645, 3.036726199098461, 2.535809108315789, 2.889652927937332, 2.221661889834437, 2.803071292875225, 2.562450788631081, 2.696099460865702, 2.275225108921708, 2.5976385077564546, 2.4504539479315253, 2.157567924584118, 2.943850621371543, 2.188507724182366, 2.8930739547670257, 2.252260086929529, 2.596223402559604, 2.2506810806069386, 2.314154792107091, 2.3380734980482156, 3.264305326913059, 2.260575093143957, 3.5951367944825234, 2.4524198725821718, 2.156981825490065, 2.5418439555724803, 2.2129003958163125, 2.853569118950555, 2.4447724670808344, 2.2304594074492847, 2.353175613061325, 2.2857375617355618, 2.8402915513356257, 2.6465768826565377, 2.545562266598295, 2.0521580194199913, 2.1514831624260298, 2.3917643173532404, 2.301375029383903, 2.5452627546027133, 2.090483597216677, 2.5729236023527258, 2.134979101060617, 2.3021071461743072, 3.2021982611083657, 3.1479437860696082, 3.9541802515351456, 3.8274752371857943, 2.4052302170135174, 2.3251328297991667, 2.7312012396761403, 2.5134679871777865, 2.2052375104754534, 2.9909472396003274, 2.177341303131625, 2.1223029881290367, 2.5553991619612497, 2.3577143083374485, 4.170971049865743, 2.4027755804952284, 2.8578050756561884, 2.316729958257048, 2.52922486856647, 2.302529677583124, 2.8612389084865177, 2.4911518771157994, 2.606502461568185, 2.48461847215644, 2.090110645187417, 2.5144584932294283, 2.0220070631643434, 2.6453172160038405, 2.514837527132185, 3.404061044416426, 2.157384229833104, 2.369604044807351, 2.211350818868629, 2.668844179230593, 2.5386897386658513, 2.360765020854373, 2.347669693516936, 2.083340715563942, 2.390963006238956, 2.3490227879768777, 2.0870900657551874, 2.047801452777903, 2.0813162959590796, 2.2435099675083277, 2.541788842714255, 2.6962586803106348, 2.490016863462361, 2.578532458842557, 2.368011470412688, 2.098766323589582, 2.2268924717555865, 2.2297136269870075, 2.1323532820569837, 2.2927741520116673, 2.404435604364337, 2.3181445137545826, 2.157622373367025, 2.349794588407755, 2.580483688921687, 3.0717557559287587, 2.2242225236070032, 2.239766118552775, 2.307264729667369, 2.4117149196986354, 2.442980541205428, 2.7053247280101416, 2.2433543617622016, 2.7629059253794894, 2.090291698457408, 2.6311358571322643, 2.224516380445143, 2.5319081716597296, 2.718683086500188, 2.020380018436101, 2.276275123177586, 3.6511225822789743, 2.1906482696274527, 2.6210317431210264, 2.784041260227236, 2.810460143783142, 2.54374753293108, 2.4194179802936158, 2.11967505967598, 3.3897336838768037, 2.0506334534986017, 2.0539282688740084, 2.358000633558586, 2.1243532282756434, 2.1831779408799488, 2.1575790059670794, 2.792148158131342, 2.51442772524952, 2.0187286266911117, 2.2905457650841106, 3.1754495488183005, 2.868146004303447, 2.2500320782708734, 2.324031401067473, 2.172720024173912, 2.3151389913808944, 2.1241504840270964, 2.7150042998943977, 2.224547574336715, 2.3169276055902683, 2.182613754100968, 2.290724957274193, 2.4188362675119275, 3.1528726998952443, 2.0840980678478407, 2.8076333201892427, 3.15281282998412, 2.4294432652585107, 3.6960702871409095, 2.388094569223549, 3.4967012196294087, 2.3879779425494383, 3.3922026927114577, 2.1901117499129565, 2.2352507954182235, 2.3175458337689205, 2.6678969525839524, 2.9325576723840863, 2.070333575816721, 4.370022840317629, 3.46522512165318, 2.2703694866468838, 2.1820666102337096, 2.2490128589050373, 2.2470571003363773, 2.8816355909240916, 2.1446943349863856, 2.4026205285425446, 2.046364542292264, 2.3174466397200093, 2.210603592966476, 4.0690606702866985, 2.205643898857686, 2.3552314924083975, 3.6544794044434523, 3.4071917109404137, 2.452955787497324, 2.5089960927663486, 2.1522233117351366, 2.7883520331494096, 2.7445042793893255, 2.210797034905894, 2.314424959780662, 2.185270013628057, 2.215029653099089, 2.3974196909560557, 2.3088610024444423, 2.1846693063239555, 2.4380516128904386, 2.3447130075700526, 2.434199749490799, 2.4185019143300863, 2.396997681135933, 2.4801283865605335, 2.319473287265291, 2.3796538231354716, 3.0211631135444983, 2.9743428593804744, 2.0878773597421763, 2.516580330858233, 2.34246304383117, 2.2110920764815636, 2.23148875097253, 2.3087400217580365, 2.8501227034615573, 2.440868798603648, 2.342254987506242, 3.530137166927542, 3.728697239342824, 2.270184391109031, 2.4378470750108914, 2.054515474650641, 2.1238640745755464, 2.181648062882178, 2.2628608156581382, 4.030742178387163, 3.5919679724784377, 2.410017489958343, 3.1003534421690624, 2.4137566057760735, 2.020102462445186, 2.603549933438111, 2.3708147555492207, 2.569333567670865, 2.3103481624946474, 2.2106432060273566, 2.1209333577687643, 2.2455351904531784, 2.2577538453004187, 2.2564413779899124, 2.7589900841868285, 2.945238713790305, 2.5107808776445775, 2.3181064500493127, 2.1168459363299874, 2.2715325893031673, 4.115982593948854, 2.0874960114824805, 2.293190217945244, 2.017611762631976, 3.2308491533010044, 2.3277627701071477, 2.2389971434614893, 2.4662373490934835, 2.250287506785662, 2.4267767026682394, 2.6513524218622018, 2.3556658388829685, 2.211156485407685, 2.176996460839882, 2.179437802610051, 2.4461305350484968, 2.5327667567193686, 2.4614344049275316, 2.5035137358186526, 2.5303079875931145, 2.8360709549513485, 2.9636160607100415, 2.2120318713279947, 2.2243803074284916, 2.974533969358966, 2.5067559083930755, 2.372242376076654, 2.209283314473783, 2.344678036382451, 2.741626383972981, 2.373869642141412, 2.61240653644003, 2.3441206268231425, 2.2765332015551034, 2.828663099123748, 2.15528265417198, 2.401822153154501, 2.289957033731316, 2.3306767382655167, 2.739503988122197, 2.2024942656976227, 2.632170345464147, 2.2148669645844548, 2.271368425059335, 2.1901533611779422, 2.42423525004156, 2.022859872760033, 2.3475973808146033, 2.329851296342846, 2.4758503806649927, 3.091143427759688, 3.0359454833870307, 3.3178709214918007, 2.019461471895194, 2.664192554299145, 2.5935027745243455, 2.1928919049951556, 2.5724075244932183, 2.1860905080924287, 2.3378568303317975, 2.056092275989778, 4.208859481868101, 2.188290150387255, 2.3109736594885275, 2.2485325233757787, 2.2243242312350233, 2.2432312986593717, 2.4408227606264377, 2.476263868595194, 2.277407786359762, 2.471194124380401, 2.171288463260695, 2.284298615549779, 2.2141770648399146, 2.8405195133898165, 2.8473481682248254, 2.3441430951379005, 2.283793918446606, 2.0157441251109707, 2.2557773102136, 2.3516620566454516, 2.3481662125955043, 2.5485348161475363, 2.6211335152961786, 2.4447745027809793, 2.4568510826648544, 2.0415874362700017, 3.4056376459211517, 2.215563097041235, 2.3449037215917916, 2.3182100355387454, 2.961210126606952, 2.3497404546026948, 2.843129719523858, 2.865744770970296, 2.38553794640031, 3.4610644314036803, 3.0644600542740217, 3.5194550301735483, 2.04779946074926, 2.7583641062490707, 2.451538333751496, 2.4510835019094857, 2.3308864862165013, 2.251895510398077, 3.688375154187497, 3.0342666459140726, 2.4864182143240967, 2.351849470445734, 2.156687555093228, 2.254716916080348, 2.546879853763001, 2.561003604196595, 3.030694464044761, 2.5946479281902137, 2.303515289088343, 2.1895617286709923, 2.788728800793223, 2.46924082962775, 2.0205526609184883, 2.3672691720767824, 3.3331654797695682, 2.4107116242110194, 2.2507485507482423, 2.0511274766020486, 2.3578703536937358, 2.056895284869395, 2.185919636302168, 2.314842615610668, 2.329831238950313, 2.2537910945487516, 2.3128225477917206, 2.252359283184684, 2.526549982388598, 2.7271549184699753, 2.758582697302422, 2.4201465796859436, 2.318638652406977, 2.3433605634030683, 2.1218860046902837, 2.2753835796916166, 2.350699854757709, 2.27604382651849, 2.279291817322017, 2.1517930542808923, 2.640142980407516, 2.6667183729442896, 2.3504457749946446, 2.081894191044878, 2.2890639845612375, 2.3719500196535095, 2.7167653642714304, 3.5576370200482286, 2.253710469828302, 2.4849781439947467, 2.319867618530717, 2.7281097496423192, 2.2798811376943213, 2.6763281726812265, 2.381651856978665, 2.2891560959825985, 2.3525155448078565, 2.349025074127873, 2.3570836363732908, 2.678448487429489, 2.5442683417081593, 2.2514911347590236, 2.4796539367273795, 2.499541715805224, 2.4190327643501086, 2.485548564642864, 3.3532500747407425, 2.3676429159813184, 2.8633082135962153, 2.0356330474771367, 2.715528773094044, 2.942950442507905, 2.28085199257977, 4.0932351301835, 2.308080115769795, 2.215138323152925, 2.3805651934551757, 2.3198235487846075, 2.4280372162075183, 2.4832645679924132, 2.3809303499248142, 2.498978821773635, 2.354242989178034, 2.150585421517616, 2.4259084169955174, 2.7872776229382112, 2.2271782223257452, 2.208402837813608, 2.948562029590866, 2.1571639854426348, 2.4025648681321097, 2.2510710380518812, 2.1882950197906044, 2.4841799315916853, 2.1222270697040893, 2.249230840083384, 2.0843822409953594, 2.0486786155658017, 2.7721258923473577, 2.4858413676922084, 2.339252336331799, 2.2168277847786455, 2.41162482956121, 2.450328750565793, 2.2440056180042434, 2.542759630848372, 2.1841128724984924, 2.176511762984437, 2.404873049532038, 2.256795679523169, 2.4871485698694773, 2.0907402042935335, 2.318278162673558, 3.261269726479516, 2.2244076751015105, 3.6715458017520595, 2.388960318237331, 2.9326698940186198, 2.2221879348552407, 2.2796779507727423, 2.792725669529491, 2.678445104726588, 2.0214780688913874, 2.2866602263272666, 2.582153715556163, 2.3847341601844914, 2.1544909043403386, 2.2393993057172907, 2.155969225487076, 3.2636267399455248, 2.646554324019769, 2.084799675488849, 2.6198323443887297, 2.2131195189670345, 2.397770366912874, 2.0168762613897027, 3.876298619498659, 2.2156989685476516, 2.235974345499759, 2.053253192500571, 3.6321865824262085, 2.5906350442635047, 2.7722005418224556, 2.2364092998385874, 2.7313797616791704, 2.7546381855036257, 2.3721282568041477, 2.5843825213592093, 2.6518903599835744, 2.371418340228028, 2.1910646181709925, 4.103537668637295, 2.277275127731799, 2.1220165786774863, 2.5915935998200017, 3.9299024587172835, 2.281379358394859, 2.2699703586981737, 2.341832956981033, 2.7051170998010776, 2.221832203402718, 2.225625584160836, 2.278816809332654, 3.314446485834597, 2.0881750573560365, 2.708111555348972, 3.796693737255323, 2.5908993884228084, 2.385025881712423, 2.2420639698746148, 2.3958282822675825, 2.3170022021715817, 2.346200831611713, 2.4231633963974035, 2.184297186746975, 2.909833339770092, 3.044060835682428, 2.1423944334253266, 2.184815837272931, 2.566938223335046, 2.1611768945305103, 2.2167350593356585, 3.4907303063807884, 2.1576978491189402, 2.0187518670252795, 2.638650865712429, 2.449603794374026, 2.1906400801763652, 2.767790854416556, 2.156417018373038, 2.2242947934784114, 2.394641956018364, 2.3281760428762945, 2.4615671340512244, 4.075008814920704, 3.427626447356054, 2.448406250703184, 2.3534844251256493, 2.115979182533797, 2.4094630711003955, 2.7165978916311646, 2.454584535325784, 2.245699422147962, 2.1893786833723583, 2.3069249781154917, 2.2100719364798675, 2.5247873685425053, 2.559959460100162, 2.2609916630240128]"
2.75,8000,0.6287681696559859,0.6287681696559859,0.02341318130493164,0.31844772830722423,"[2, 2, 3, 4, 3, 4, 4, 2, 2, 2, 2, 2, 5, 3, 3, 3, 4, 4, 4, 2, 2, 3, 3, 1, 3, 3, 2, 5, 3, 2, 3, 3, 2, 3, 3, 2, 3, 2, 2, 4, 1, 3, 1, 2, 3, 4, 3, 5, 2, 3, 2, 3, 3, 3, 2, 3, 4, 3, 4, 5, 3, 2, 3, 4, 3, 5, 2, 1, 2, 5, 3, 2, 2, 3, 5, 2, 2, 3, 3, 3, 3, 3, 1, 2, 2, 3, 2, 2, 4, 3, 2, 2, 3, 2, 2, 3, 2, 3, 4, 2, 3, 2, 1, 3, 4, 2, 1, 3, 3, 2, 3, 1, 4, 3, 3, 3, 3, 2, 1, 3, 3, 5, 3, 3, 3, 3, 2, 3, 4, 4, 2, 3, 1, 3, 3, 1, 3, 4, 4, 3, 2, 2, 2, 3, 2, 2, 2, 2, 1, 3, 2, 1, 2, 3, 1, 2, 2, 3, 2, 2, 3, 2, 2, 1, 2, 2, 2, 2, 2, 1, 1, 4, 3, 1, 3, 2, 3, 2, 2, 3, 2, 2, 2, 2, 3, 3, 3, 1, 3, 4, 1, 2, 4, 3, 4, 3, 1, 3, 2, 1, 2, 3, 2, 2, 1, 2, 2, 2, 3, 3, 2, 2, 1, 2, 2, 4, 3, 2, 3, 3, 3, 4, 3, 2, 4, 5, 2, 3, 3, 5, 3, 1, 2, 3, 3, 1, 2, 3, 3, 2, 4, 3, 4, 2, 3, 1, 3, 2, 1, 3, 3, 3, 2, 3, 3, 3, 2, 3, 2, 3, 2, 2, 4, 3, 4, 2, 3, 5, 2, 2, 3, 2, 4, 3, 4, 3, 2, 2, 5, 3, 3, 2, 2, 3, 2, 2, 2, 3, 4, 1, 3, 2, 2, 5, 2, 1, 4, 2, 2, 1, 2, 2, 2, 3, 4, 4, 2, 2, 1, 2, 1, 4, 4, 2, 5, 2, 4, 1, 2, 2, 5, 2, 2, 2, 3, 4, 5, 3, 4, 2, 4, 2, 2, 3, 2, 1, 3, 4, 2, 3, 3, 2, 3, 2, 2, 2, 2, 3, 4, 3, 3, 4, 1, 2, 5, 2, 3, 1, 3, 3, 2, 2, 1, 3, 1, 2, 2, 3, 1, 2, 1, 3, 4, 1, 3, 1, 4, 1, 3, 2, 2, 2, 2, 4, 3, 4, 1, 3, 4, 1, 2, 4, 2, 4, 1, 2, 2, 3, 3, 2, 3, 3, 2, 1, 3, 3, 2, 2, 3, 2, 2, 2, 2, 2, 3, 2, 2, 2, 2, 2, 5, 2, 3, 3, 2, 2, 2, 2, 3, 2, 3, 3, 2, 2, 2, 3, 2, 4, 3, 3, 3, 4, 3, 3, 2, 4, 2, 2, 3, 1, 2, 2, 2, 1, 2, 3, 2, 2, 3, 2, 2, 3, 2, 4, 2, 1, 1, 2, 3, 2, 1, 2, 4, 3, 3, 5, 2, 2, 2, 4, 3, 2, 3, 3, 5, 2, 2, 2, 3, 2, 2, 2, 3, 2, 2, 3, 1, 3, 3, 3, 2, 2, 1, 2, 3, 3, 5, 2, 3, 1, 3, 2, 2, 2, 3, 4, 3, 3, 3, 3, 3, 2, 1, 3, 3, 2, 2, 1, 3, 2, 3, 4, 3, 3, 3, 2, 3, 3, 4, 3, 2, 2, 2, 2, 2, 2, 2, 3, 3, 2, 3, 2, 1, 3, 2, 3, 3, 3, 3, 2, 2, 3, 3, 3, 5, 3, 4, 5, 3, 3, 2, 3, 2, 3, 2, 1, 4, 2, 2, 3, 4, 4, 2, 3, 2, 2, 2, 3, 3, 2, 4, 3, 3, 1, 2, 2, 3, 4, 2, 2, 2, 2, 4, 2, 3, 3, 4, 3, 2, 3, 1, 2, 3, 3, 1, 4, 2, 3, 2, 3, 4, 2, 3, 2, 3, 2, 3, 2, 3, 3, 2, 3, 2, 3, 3, 4, 2, 3, 3, 3, 5, 2, 1, 2, 2, 3, 3, 2, 2, 2, 2, 4, 4, 2, 2, 3, 3, 4, 4, 2, 2, 1, 2, 2, 2, 2, 2, 5, 3, 2, 1, 1, 3, 2, 3, 2, 2, 3, 3, 3, 1, 3, 2, 2, 2, 1, 2, 2, 3, 2, 3, 2, 2, 3, 4, 3, 2, 3, 3, 2, 3, 3, 3, 1, 3, 3, 3, 2, 2, 5, 4, 4, 2, 3, 3, 1, 2, 3, 3, 3, 2, 2, 3, 2, 4, 2, 3, 4, 1, 2, 5, 2, 4, 2, 3, 2, 2, 2, 3, 2, 4, 1, 2, 2, 2, 3, 1, 3, 3, 2, 1, 3, 3, 3, 3, 3, 2, 1, 1, 2, 2, 2, 1, 2, 2, 3, 3, 4, 2, 4, 4, 2, 2, 2, 4, 3, 2, 1, 1, 2, 3, 3, 2, 2, 3, 3, 3, 4, 2, 3, 4, 4, 2, 3, 2, 2, 3, 3, 3, 1, 2, 3, 2, 2, 3, 1, 4, 3, 3, 3, 2, 2, 2, 3, 2, 4, 3, 2, 2, 3, 4, 2, 1, 3, 2, 2, 2, 2, 2, 3, 2, 3, 2, 2, 2, 4, 2, 3, 1, 3, 2, 2, 2, 3, 3, 2, 4, 3, 1, 3, 3, 3, 3, 4, 2, 2, 2, 3, 3, 4, 2, 2, 3, 4, 3, 4, 1, 2, 4, 2, 3, 2, 2, 1, 1, 1, 3, 2, 2, 5, 2, 2, 3, 3, 2, 2, 1, 3, 2, 3, 3, 3, 4, 2, 3, 3, 3, 3, 2, 3, 2, 3, 2, 2, 2, 3, 3, 2, 2, 1, 3, 1, 2, 2, 2, 1, 3, 2, 3, 2, 3, 2, 2, 3, 3, 4, 2, 3, 3, 3, 2, 3, 3, 4, 4, 3, 1, 4, 3, 2, 3, 2, 3, 3, 2, 2, 5, 4, 2, 2, 2, 1, 3, 3, 2, 1, 2, 2, 2, 4, 3, 4, 2, 3, 3, 3, 3, 3, 2, 2, 2, 2, 2, 2, 1, 1, 4, 2, 2, 2, 2, 3, 3, 3, 2, 2, 3, 3, 3, 2, 2, 2, 3, 3, 3, 2, 4, 3, 2, 3, 2, 3, 3, 3, 3, 2, 1, 2, 4, 2, 2, 2, 5, 3, 2, 1, 2, 2, 2, 4, 2, 1, 3, 1, 2, 3, 3, 5, 3, 2, 1, 2, 2, 4, 2, 3, 2, 1, 2, 3, 1, 1, 1, 4, 2, 4, 2, 3, 3, 1, 1, 3, 2, 1, 2, 3, 4, 2, 4, 2, 3, 3, 4, 2, 5, 3, 3, 3, 2, 2, 2, 3, 3, 1, 3, 2, 3, 2, 2, 4, 4, 2, 3, 4, 3, 3, 3, 3, 5, 4, 3, 3, 3, 2, 3, 4, 3, 2, 3, 1, 3, 3, 3, 3, 2, 2, 2, 3, 2, 4, 1, 3, 1, 3, 3, 3, 1, 2, 2, 2, 3, 2, 4, 2, 1, 3, 2, 2, 2, 1, 2, 3, 2, 3, 2, 2, 1, 1, 2, 2, 5, 1, 2, 1, 3, 4, 2, 2, 3, 2, 3, 3, 4, 3, 1, 4, 2, 3, 3, 3, 3, 5, 2, 2, 2, 2, 2, 3, 2, 4, 1, 2, 2, 3, 1, 2, 2, 2, 3, 3, 2, 3, 3, 1, 3, 3, 1, 3, 2, 2, 3, 3, 2, 3, 1, 4, 3, 2, 3, 2, 4, 2, 1, 2, 3, 2, 4, 3, 1, 4, 4, 3, 2, 2, 3, 4, 4, 4, 2, 3, 2, 4, 1, 2, 4, 4, 2, 2, 3, 4, 2, 2, 3, 2, 2, 2, 3, 2, 2, 3, 2, 2, 2, 4, 4, 2, 1, 4, 3, 2, 3, 4, 2, 1, 3, 3, 3, 4, 4, 3, 3, 2, 2, 2, 2, 5, 4, 2, 4, 3, 1, 2, 4, 2, 1, 2, 3, 1, 3, 3, 4, 2, 2, 1, 2, 1, 5, 2, 4, 1, 4, 2, 1, 2, 2, 2, 3, 2, 3, 3, 2, 2, 2, 3, 2, 3, 4, 4, 2, 2, 3, 3, 2, 3, 2, 1, 4, 4, 1, 3, 5, 2, 2, 2, 2, 3, 3, 3, 3, 2, 1, 1, 1, 2, 3, 2, 4, 4, 3, 2, 3, 2, 3, 3, 2, 3, 1, 4, 3, 2, 1, 3, 3, 3, 2, 2, 3, 3, 2, 2, 4, 3, 4, 2, 2, 2, 2, 3, 1, 2, 3, 3, 2, 4, 2, 2, 2, 2, 3, 3, 2, 2, 2, 3, 4, 2, 3, 3, 3, 2, 1, 3, 5, 2, 2, 3, 3, 2, 2, 4, 2, 3, 3, 4, 2, 2, 2, 3, 3, 2, 2, 2, 2, 3, 1, 2, 2, 2, 2, 3, 2, 2, 1, 3, 2, 2, 1, 3, 2, 2, 2, 3, 3, 2, 1, 2, 3, 2, 3, 2, 3, 2, 2, 2, 3, 2, 1, 2, 2, 2, 4, 3, 3, 3, 2, 3, 2, 3, 3, 2, 2, 2, 3, 3, 5, 3, 2, 2, 3, 2, 2, 2, 2, 3, 2, 3, 3, 3, 2, 4, 3, 4, 2, 2, 1, 2, 2, 1, 2, 3, 3, 2, 2, 3, 1, 2, 3, 3, 2, 1, 3, 3, 1, 2, 4, 2, 3, 2, 3, 2, 3, 3, 3, 2, 2, 2, 2, 3, 3, 2, 4, 2, 2, 2, 2, 3, 1, 5, 1, 1, 2, 3, 3, 3, 1, 2, 3, 2, 2, 2, 3, 2, 3, 3, 1, 2, 4, 2, 3, 3, 5, 3, 3, 3, 3, 1, 3, 3, 2, 2, 3, 4, 2, 3, 3, 1, 4, 3, 3, 2, 3, 2, 1, 3, 3, 2, 4, 2, 3, 3, 2, 1, 1, 2, 2, 5, 4, 3, 2, 2, 2, 1, 2, 3, 4, 2, 3, 3, 2, 2]","[2.280359430918474, 2.159882821482751, 2.691585547560497, 2.4251267633396485, 2.2091753015035245, 2.726937317802107, 3.8336454174846786, 2.1795596390503493, 2.7118710013526868, 2.3397809695857745, 2.012322431163597, 2.173971251241162, 3.25748039403853, 2.5298335724266208, 2.4510223950108108, 2.730812113413534, 4.130413796714962, 3.58612627956739, 2.449125997058353, 2.8241042685397852, 2.1857359321552803, 2.366972674086353, 2.7527899737395596, 2.4223534124953088, 2.634157835440302, 2.211592816572179, 2.661546482689303, 4.224684359953044, 2.5895252671674545, 2.8547274088213817, 2.3868051472386123, 2.5232083488739114, 2.374518924334471, 2.476843978863052, 1.9912937751005217, 2.6109148322008693, 2.1577004508341524, 2.677798742176968, 2.0896102917688983, 2.3327725624138282, 2.049601219571809, 2.1034232727518947, 3.5996427620950193, 2.5656349343354177, 2.3605588078560524, 2.73005645741564, 2.8700148654348023, 2.999794635868425, 2.215301006384427, 2.3896143742352676, 2.35945722264143, 2.5086100827553346, 2.3136373054314983, 3.1447017634429777, 2.767779984060903, 2.625656581831299, 3.3131520155269776, 2.8154658212057644, 2.888838611156235, 2.5072246648388443, 2.5636051371358177, 2.327133612575776, 2.6630459479923547, 2.867901230672219, 3.019899901586216, 2.9199300732101223, 2.1815437397883173, 2.070964835735987, 2.265156446744427, 3.9599010857640877, 2.1416771361951383, 2.1488090969023843, 2.619213798922348, 2.444955204629958, 3.713198953417736, 2.2854076577117532, 2.3324831837501954, 2.207716531435267, 3.706875246558022, 2.522410494777638, 2.4432926231071526, 2.3687376631743224, 2.256305621216033, 2.269158014145137, 2.030679918838144, 2.3150203922138846, 2.1300518745218078, 2.2197278153218756, 3.4052209361633197, 2.205967500042221, 3.898458413774943, 2.2402345220042834, 2.291757399910034, 2.1499701542822383, 2.0328745904262093, 2.1565226682869616, 2.09150020540263, 2.4766004673205906, 3.0664050058576566, 2.228037323357857, 2.4020716812581653, 2.3790805973493176, 2.157394246704815, 2.691294348447629, 2.595880536717191, 2.4585194105172374, 2.008825669030863, 2.2125219280472734, 2.6034403879945707, 2.2554389744201973, 2.5174577192233136, 2.4770835854307602, 3.973070969631989, 2.6920868994863176, 2.4655343985810245, 2.277263253439562, 2.368248611874327, 2.124821645110523, 2.4102110758111834, 2.4192854840023803, 2.896985454211361, 2.762237586829695, 3.032467061385664, 2.7548040636969384, 2.4344863435225896, 2.5368619512336603, 2.0883233240222503, 2.574356562162162, 3.936914224863634, 2.8474764116337217, 2.239651576051875, 2.2187305588492343, 1.9763703460754103, 2.801587600814538, 2.266341313718004, 2.1479887242099966, 2.0828623181573866, 3.0731345647787314, 2.5880391946132733, 2.4881511958664935, 2.192995502830039, 2.3349245809446812, 2.251773955821383, 2.1488178058992986, 3.6152756228476988, 2.3794025154579836, 2.3651330593811988, 2.252308798803991, 2.312586404450457, 2.973157028086942, 2.751869333419885, 2.1660541223966336, 2.1050436331469125, 2.336202164416894, 2.307664528387294, 2.702604722590804, 2.518613972416426, 2.5084943158620057, 2.2477800397227363, 2.364584468330967, 2.356641275723323, 2.3718049064464597, 2.1498793768915934, 3.1466121983199113, 2.0824944387275517, 2.4648518771131283, 2.0289012321477964, 2.391091015864428, 2.151121287849027, 2.5551914565966323, 2.75468803226663, 2.4985417051805414, 2.3377966293405357, 1.9981373356543286, 2.368229761803231, 2.70603617071433, 3.1117877291420584, 2.377208150258963, 2.603528156305609, 2.410773357716518, 2.1028207946639705, 3.4266917119234686, 2.2139120919452084, 2.444454290677606, 3.212614238304985, 2.6325194152113762, 2.479480660335766, 2.4009142450588965, 2.2737407071645923, 3.65542757402988, 2.187674801728626, 2.3987651154529805, 4.240587929878181, 2.293467766274274, 2.3063703108195774, 2.6066438373611396, 2.207130835498125, 2.5021978433343306, 2.0698800443612075, 2.0975704272342086, 2.0247241372212708, 2.307403479134977, 2.163553389339369, 2.0813474685177296, 2.1779604645785615, 2.077274409612663, 3.003116282906573, 2.246578514508539, 2.1798495000004676, 3.9698988685672516, 2.0184924539201976, 2.0245715566260154, 2.1015008873030765, 2.4824486273311375, 2.530674045486402, 3.035498671079722, 2.2064362085798797, 2.120288942172186, 2.1494191777072658, 2.3464086633418235, 2.305202565757479, 2.5655507056961975, 2.043086867061346, 2.180581277189416, 2.189073614054445, 3.5411708867382243, 3.145247664500484, 2.054208647436988, 2.7202007103190624, 4.245822397971488, 2.116933546911535, 2.289221129552941, 2.224817770578655, 2.4391163422586835, 2.4766028923006522, 3.128440274169789, 2.2810228096841594, 2.400958503622974, 2.471293770505464, 2.547084611118232, 2.6686977552489264, 2.3066161831874843, 2.2122916646234745, 2.3190527011656448, 2.3483671548818443, 2.262196496214342, 2.6797286031512537, 2.2237578106227147, 2.235608479536385, 2.3923032603541206, 2.4155039153004405, 3.5445122015969197, 2.4557113374042783, 2.967801153088378, 2.255058635976444, 2.508801280945556, 2.9267199046797976, 2.620057097905742, 2.563288857955645, 3.459155939126441, 2.5564647446982414, 2.1712820400726947, 2.0864651368074476, 2.3770994621020165, 3.407580401669577, 2.2490479218849684, 2.0096972474487163, 2.998050954384463, 2.652299925972773, 2.266679098449761, 2.4588793528457358, 2.1398795962323804, 2.45501589879783, 2.478670021801073, 3.292776064936997, 2.748059068626682, 2.149208306960158, 2.516668757553965, 4.084833651906064, 2.41789225610087, 2.5003717328113053, 2.4257776832049176, 2.875819671713408, 2.0988532317582393, 2.046679805213264, 2.792055455499252, 2.7647543230012244, 2.8375790037391395, 3.1019862338923563, 2.3942261403567593, 2.551810960638506, 2.3402919991150575, 2.8282232621771923, 3.888693160329213, 2.339788607084965, 2.454943744382124, 3.676658846807344, 2.987533355391234, 2.176165073834588, 2.3165607623527738, 2.0428067725081296, 2.278791090326979, 2.2366733361030344, 2.928109603505731, 2.4333185911496535, 2.7493429067286543, 2.7967349565004898, 2.0391856463476246, 2.3530364215265056, 2.222142152988944, 2.577763879412546, 3.7676305610375924, 3.3154416310545747, 2.1862577526786815, 3.939131480811846, 2.2620385730208405, 4.117813008918787, 2.166958156063993, 2.6863064159709276, 2.155428678478459, 3.2424667984716606, 2.670562699635257, 2.36103349731224, 2.2800823218633104, 2.2467770128507256, 2.7799012563232846, 3.122370106299634, 2.265007425968088, 2.918141042211106, 2.2379417173766463, 2.626278421968147, 3.66131222652211, 3.134082300174633, 2.7035804022016046, 2.1340424265855193, 2.461728261275053, 3.4394531831755923, 2.5738115776761585, 2.2798586171301407, 2.602290008500371, 2.321830140471109, 2.7184884972801826, 2.348482673905112, 2.6969985689799665, 2.7385402594112653, 2.4269769803105374, 2.1832411619248564, 2.3424620041456343, 3.6309852150053743, 2.242249821356553, 2.9160676325930592, 3.0620686879030736, 2.054059437234353, 2.5997581579479827, 3.6971093751816424, 2.2362490980048593, 2.093657205228108, 2.1712109592497026, 2.4567152106384955, 2.1258251350992134, 2.3175876248793217, 2.3265988365198838, 2.2614248369416687, 2.8935154562216066, 2.5041657399676325, 2.276584777662653, 2.561507784205019, 2.7368724870572847, 2.4300282258635497, 2.0308021906305767, 2.2281180238080887, 2.9717510276112984, 2.4951569898445487, 3.092860182361628, 2.7261613154603572, 2.234933892442667, 3.683329218414626, 2.2151766783607405, 2.707068478206362, 1.9981028487385142, 1.9865972842014425, 2.2683339668743034, 2.399500325787977, 2.5775024558766133, 3.5432200507223026, 3.676294753867436, 2.0535578093679625, 2.2194230217926707, 2.528350831059661, 2.0468595097645697, 2.383543894554808, 3.8142604394754525, 2.2346031921372966, 3.4481959057643268, 2.4894494465421517, 2.460135718205294, 2.3757190678022977, 2.414162677001874, 3.2696222793231975, 2.0737530696211555, 2.260456820671183, 2.298355484181788, 2.3996442100922954, 2.3281186424808538, 2.725285403209357, 2.451404597258346, 2.013487673014128, 2.084350965367742, 2.4264870466442505, 2.2980523546575844, 2.0532521298868813, 2.0554736902125414, 2.3535649878030984, 2.3465629118225295, 2.260353792013679, 2.222665955935259, 2.226275126616391, 2.2624820431782293, 2.9043734064939275, 2.297152756114517, 4.118105917450681, 2.2871559252629137, 2.492817187698873, 2.1447538096890657, 2.517342099338115, 2.99872480618983, 2.0297926645494657, 2.1672604109411093, 2.6331306570502764, 2.1602927152203013, 2.567529699304296, 2.2779977057174015, 2.244035303043486, 2.256490846466245, 2.1163292889413383, 2.332993310073493, 2.62054781552953, 3.060851197817464, 2.055373364639263, 2.3284708249261534, 2.1306060827097113, 4.180019219736641, 2.1168371724000337, 2.409042708729758, 2.1403561427054516, 2.317117310940941, 2.1184391894148717, 2.4476773755544072, 2.844313468784981, 3.856161550254975, 2.242747653527283, 2.294865357131393, 2.1405583624016358, 2.988858998244308, 2.1187681685974455, 2.7556058139122057, 2.341657596324658, 2.313477411549086, 2.562722893054703, 2.1988569250361385, 2.0614984520187285, 2.466819877106445, 2.365105628332873, 3.1323370214122463, 2.1196770585617672, 2.2485523566198484, 2.25407550531567, 2.488657026115957, 2.1733679949449165, 2.4116062319001665, 2.1345189730585905, 2.589257438637122, 3.362755609831356, 2.2593138208272925, 2.2435138211932797, 3.6811403262462346, 2.6900081515494563, 2.149995235675558, 2.225826736141774, 2.36629203074905, 2.3591574178520376, 3.089027482744724, 2.4184202435178617, 2.431481379088999, 4.270626000171421, 2.2318447635204057, 2.41735857996725, 2.94624629445651, 3.0028438821736296, 2.4151667221134154, 2.7720461358376176, 2.209175597291011, 1.9884282259137671, 2.1429990945264956, 2.150286806872897, 2.774467551189116, 2.817030735317995, 2.474593448460882, 2.0666931398225468, 2.337045465698232, 2.1925098293678515, 2.367970359581969, 2.2105954820473244, 2.4994286026149286, 2.1799233192534824, 2.3072049349797843, 3.2049241371430233, 2.2010322112583505, 2.2572665879673224, 2.13168164043932, 2.445355338846913, 2.1206912874041253, 3.0008031494538216, 1.9569667531686001, 2.3598988536943324, 3.158210023464436, 2.45027625942929, 2.0838174822251565, 2.3924215586242497, 2.5918710879317968, 2.28823371026352, 2.6558882029823585, 2.61369275721789, 2.4217539945513575, 3.028192749197135, 1.9741866972695299, 2.0974606961384357, 3.045326131350511, 2.5470149223744705, 2.234111744416137, 2.7751424656116153, 2.5270769396887016, 2.0050135866760974, 2.7291789610119777, 2.405247484259197, 2.041102805349485, 2.4040715138784288, 2.3047041300486995, 2.349826817259664, 3.1699369430588695, 2.3492329306161777, 2.232281306238358, 2.401143112772937, 2.224839736101965, 2.9291564262691, 2.346016827140237, 2.0947534732470108, 2.641449901407547, 2.775456022322915, 2.4892090667434665, 2.5440755004474336, 2.4764972207040574, 2.7827742548047842, 2.8710930475193575, 2.1942506576622622, 2.218593135834233, 2.4736304253439894, 2.3819455236938674, 2.2975552438722446, 2.27354108806044, 2.1609902914720003, 2.4100545241917075, 2.5252309181984147, 2.586106952677079, 3.5413904275851262, 2.301297259783947, 2.4218640963304585, 2.513110019841478, 2.6871145300856183, 2.0120308599662575, 2.3700588469278863, 2.4697890201867243, 2.152629301227223, 2.298507616291423, 2.4381190431743502, 2.4477652384832393, 2.527748113912457, 2.063609745703937, 2.55291845217068, 2.0525969714739394, 3.3991475051793367, 2.602082739620309, 2.6907088288701972, 2.3054395460807076, 2.1952596021116713, 2.2825259649893637, 2.160355943351856, 2.9513461682447617, 2.0495698678301597, 2.295854036915621, 3.4852221858504056, 2.20192968514758, 2.316054431725136, 2.116471342978117, 2.56412363594643, 2.1246060769973076, 2.2075177225495692, 2.207820677403501, 2.071605957739007, 2.22156841611676, 2.1111435465747412, 2.3276024499707, 2.5704996983951887, 2.352355142232653, 2.217505891349708, 2.758715590176294, 4.099460163436458, 2.2421868890124843, 2.2396951790603836, 2.698168782804636, 3.9175529577705968, 2.1498510176639707, 2.2602502593924156, 2.0561944908406766, 2.3186868753742553, 2.563344259322227, 2.5791760611085914, 2.3163732804350867, 2.586444144472345, 2.267168999697548, 3.2736676201004125, 3.1694173133139465, 2.4165562219042704, 2.5049559757345214, 2.16200219921825, 2.0961643016212337, 2.799807828823594, 2.497532698352547, 2.5327940617921056, 2.6686507873470555, 2.153116301556755, 4.020705118456576, 2.6255675152118134, 2.2266587428944478, 2.5874827339123603, 3.635168788501446, 3.658736912264841, 2.1559210253908043, 2.765965189604148, 2.4995257323053437, 2.6928145128890857, 2.215092485018308, 2.426076899346635, 2.031324721777295, 2.1503829543331836, 2.7987982369127073, 2.5559386709867145, 2.1296035879311437, 2.337847071089766, 2.070748487604896, 2.0758753114426285, 2.883787797135154, 2.7478447179882157, 2.547191550785104, 3.2315749139928607, 2.131208229140414, 2.43789039301629, 3.960822156114225, 3.278932484991981, 2.1889806017683235, 2.572776428987893, 2.414941600193353, 2.7776469455503596, 2.4548159557503872, 2.270681212699939, 2.085936838846945, 2.636431255959495, 3.916426200637649, 3.068207056647897, 2.0038877697210835, 2.9238770336689153, 2.206940971620435, 2.8153479945453883, 2.5344864165730554, 2.8184279553574356, 2.617888567045503, 2.4015673436549996, 2.389401824956208, 2.5428755783951895, 2.54291936059186, 1.9677282384897548, 2.794354720470397, 2.1173512839796382, 2.2855965252562607, 2.3072780721683794, 3.5487393936146576, 2.117305823954246, 2.0702889557289623, 2.7163442239920754, 2.4237031979608457, 2.1402432764355135, 2.418622483794424, 3.017146823755614, 2.041320699953948, 2.825060206746751, 2.165118272908399, 2.40441071776183, 2.1089414687119885, 2.625579770064258, 2.223909670127444, 2.384897164898477, 2.3108660648954076, 2.1495759364155127, 2.1536514303835785, 2.1339679964836176, 2.0075412905620644, 2.16079643532203, 2.271939396050273, 2.3163538408578876, 3.9779183536888203, 2.255723172619777, 2.6925181321797202, 2.925855467242563, 2.489288939866948, 3.0133032565131175, 2.1353662841611807, 2.628600510372177, 2.454917843515608, 2.6760235372083816, 2.0898871582947685, 2.149391764321415, 2.4695865753194735, 2.556474411091639, 2.0986196612829513, 2.7517972890522477, 2.640175199978647, 2.539784339983482, 3.050854289765506, 2.2538296799879376, 2.4136445950563377, 4.0717740839220085, 2.613731165530259, 2.940684054551638, 3.2209044094258696, 3.8872805884308423, 2.238633008389641, 2.824675893388935, 2.258134749226397, 2.1942344001597363, 2.1721875660020813, 2.9409918338790777, 2.223113464746815, 2.755586352518066, 2.3882905816518027, 1.982570152986578, 3.019740368623154, 2.0811829077438055, 2.4174531028570083, 2.4321319207122505, 1.9847741804245302, 2.5716741459902805, 2.2955567200182077, 2.541628725872468, 2.5570702801580385, 2.573641722301391, 2.290859797324053, 2.216325934226149, 3.5374815033542304, 2.9452669940943377, 2.206130529098798, 2.119057882777902, 2.075249647754453, 2.0527541765989366, 2.6075522049159736, 2.8905497839928302, 3.1468525386935076, 2.2593765243105914, 3.0973182975360443, 2.3155601777149326, 3.9894872612419414, 3.4943827326704193, 2.2474284325514526, 2.6411499027948575, 2.5795556431462625, 2.4405039462564697, 2.1593894103835187, 3.739656102978373, 2.1126605957640785, 2.0682202654283586, 2.274136924279126, 2.7428070007680048, 2.1586778115247705, 2.185856457696407, 2.02133762447488, 3.1709200381500904, 2.477488257153947, 2.6594779212459647, 3.544919921810055, 2.7050642605448054, 2.5257051435753772, 2.4803752970280315, 3.9071102760234973, 2.1761161252058114, 3.501233318902555, 2.274328923412213, 2.381400631626513, 2.191603699605551, 2.3784378920406453, 2.3150857234772007, 2.051623406908195, 2.1743769101771395, 2.6448043806427326, 2.2916879150986724, 2.189019884432916, 2.3241601142799397, 2.6024700521540853, 3.3623620296764076, 2.2858277140664094, 2.6843937136154365, 2.5399089904190317, 2.5557860913540047, 2.102553261921124, 2.666169523966743, 2.1822042333543177, 2.275251707555532, 3.2905264304985335, 2.5149100406446823, 2.5471920919989395, 2.285642488816198, 2.9251195742056617, 3.546673778777615, 2.302450479228389, 2.504218752084221, 3.137333090773536, 2.121036752949995, 2.387722707173742, 2.413580123684084, 2.1026060352336717, 2.201460687180121, 2.477542401476958, 2.4726629346843048, 2.888018468899735, 2.116457513656966, 2.0899624235884375, 2.6193047189731313, 2.5494637866866907, 2.9185362428768413, 2.141623342144976, 2.1219056849722038, 2.3832099700816936, 2.3311309596360736, 2.115819751400065, 2.072483324084355, 2.693596068418097, 2.6643803182974555, 2.074183595550843, 3.491379176109804, 2.465335490529403, 2.078411377912264, 2.6310999051323427, 2.542364041471759, 2.3066578756469, 2.7319731717559335, 3.5339892456651745, 2.215856214330584, 2.441921798488048, 2.299773219155754, 2.3134455027406813, 2.6883193015082574, 2.881382795874149, 2.708883662365121, 2.3192989337496708, 4.040073470938545, 3.35943633031438, 2.194215589114746, 2.8171199580235626, 3.530705130920108, 2.082543012813398, 2.7659270540759775, 2.1406696601219455, 3.187442417003928, 2.847598683426154, 2.549304118767992, 1.9873497260010282, 2.5044008421602677, 2.3608749195068928, 2.2291056036700447, 2.1091805165712603, 2.560546853323465, 3.8680320731524622, 2.2209276445209385, 2.0759946980353767, 2.3253494696151553, 2.6157689960241055, 2.3218050379640793, 2.4343696226087945, 2.0639216458607406, 2.61047475091206, 1.9660101630473679, 2.298628919611658, 2.168304652798804, 2.1459550887883854, 3.386695144574106, 1.9191236343732445, 2.6044608052285003, 2.6890946189730887, 2.9056444668504273, 2.7961872304677167, 2.9338749243647313, 2.5789087892366482, 2.1269057272472907, 2.557583069836225, 2.2028830566270994, 2.774657404259791, 2.4757843829828334, 2.3117710736217254, 2.3476518204672527, 2.1726750855847294, 2.3210362840422554, 2.048687359617652, 3.3305528794735855, 2.302701510851914, 2.4105561236335498, 2.6154711113240285, 2.3672124579265255, 2.1637137153117196, 2.372577869538256, 2.1296740860349326, 2.3576728800372253, 2.1266743364653826, 2.5431492526291, 2.263021974769805, 2.10508334747223, 2.3975413223056776, 2.111982951727701, 2.5931340814920696, 2.379295651604557, 2.671751606255778, 2.3030782352862524, 2.692115997421999, 2.5404830369762994, 2.3524446876873886, 2.156419228653229, 2.4084374024255943, 2.731396916248476, 2.62557936121325, 2.2690398845959603, 3.497033811856676, 2.6167854476550754, 2.706886706258681, 3.031306037282737, 2.124150952095136, 3.3529421005571773, 2.4357969463270384, 2.25829475721005, 2.3090577659278178, 3.7882288316675234, 3.684879213327998, 2.211130671672253, 2.3258714592887233, 2.313555173267423, 2.272652708741828, 3.7504184019483704, 3.516042103605813, 2.8479767613428297, 2.0124723958378037, 2.04486353974786, 2.5262415689010926, 2.167643655698258, 3.5761056306196055, 3.4794047504712893, 3.018432979448132, 2.5893753034557934, 2.580622211590396, 2.8108947915887463, 2.456306442065229, 2.3144769144719155, 2.371808566268881, 2.7341734392336114, 2.0475163287521245, 2.4233950114085947, 4.108374801351147, 2.2998009353450644, 2.092337296904669, 2.1191618470598907, 2.4767110198052578, 2.162316241283, 2.3908471976589043, 2.3521852576104596, 2.254005745964882, 2.156923217071048, 3.286277258710697, 2.1340225726017032, 3.577747626390085, 2.539160336306356, 2.800911761997215, 3.4807421519269344, 2.220756406008041, 2.629629355052939, 2.184367761910339, 2.10643047273925, 2.664595963250417, 2.8021168845960718, 3.1520203957359536, 3.3956930490228876, 2.334328990840873, 2.7303506752773226, 2.66651191903578, 2.0489015721984822, 2.4132320499572164, 2.4371059421099313, 3.0075528224463626, 2.378168634589417, 2.537204962412375, 2.1583751742303234, 2.535311971989067, 2.5184380387218175, 2.4366126954428364, 3.1659085916420984, 2.565576425230508, 2.493431407161425, 2.584380141070639, 4.169641036156081, 2.4069251274421113, 1.9668550924848192, 2.691783379530715, 2.2954001261713115, 2.832404061835775, 2.2444977412328146, 2.6845077191024522, 2.647239349643512, 2.2515179814054007, 2.4114405887320953, 2.354123802313483, 2.2856446169212714, 2.601676388152703, 2.808092443175698, 4.083898792432952, 3.0692198496971197, 2.1775247323530804, 2.1166803925780764, 2.436663068474618, 2.1969581168596446, 3.638683225887162, 2.560411768828579, 2.2427214362076064, 2.375463654696944, 2.466557472427886, 2.1311847153341774, 2.3730514339645095, 1.9992910797470262, 2.7259894014698003, 2.2341467348664974, 3.024155924850948, 2.5600064593278695, 2.852975806383867, 2.1662735248775755, 2.7993199401784965, 2.543080776019274, 2.6133063728041908, 2.3122860129479097, 2.577183668868138, 2.499521447107085, 2.1695498415905408, 2.8858024913284956, 2.1888086918375076, 2.9358215823748557, 2.2798074472744103, 2.6358529733130136, 2.206544947362586, 2.301945241346535, 2.357665042101813, 3.294354680545469, 2.240390252529729, 3.550691968978424, 2.392144381554868, 2.165398870996161, 2.501319252095212, 2.216157105508075, 2.857514694451261, 2.5137418436102243, 2.175499035299599, 2.2982293392997692, 2.2320977167291147, 2.9481320429029183, 2.7120576442190045, 2.589864483478705, 2.0226026672504336, 2.126455305106366, 2.4098695752361055, 2.3215973230964804, 2.5758872845232803, 2.094170330852332, 2.5988892397286465, 2.098876952653248, 2.302806289211959, 3.2199136735447373, 3.169935179324381, 3.8804870717758, 3.8863261407355694, 2.425936609473559, 2.326482617385451, 2.729527866868965, 2.603522116353587, 2.2163444624489452, 2.9887686589284255, 2.164182712849965, 2.1196587721650335, 2.5857005301940803, 2.390840734024676, 4.14498736524931, 2.4161726130714007, 2.9541212970556767, 2.351911708079349, 2.46029417308919, 2.305798812952394, 2.8380024960421757, 2.4953289980236852, 2.706670311087415, 2.522351026472008, 2.0915289466183706, 2.495611825212802, 2.0089306973653884, 2.7120024641336555, 2.5557732602649983, 3.442447665462523, 2.1606281999696604, 2.381107782271892, 2.2051824283437043, 2.7318426287465294, 2.556431993252882, 2.351980332770573, 2.3013386779988, 2.066312358821645, 2.42346235708411, 2.380753218161453, 2.0701360857039064, 1.991747850706182, 2.0216234647281706, 2.287535905151051, 2.546784191285861, 2.6801758898493144, 2.4872904114647807, 2.585400088321012, 2.354455902209061, 2.093741969031803, 2.2415274541038808, 2.2615079190570397, 2.1171119624091363, 2.2989188483260725, 2.4279295161899235, 2.307471367800358, 2.1699354680128287, 2.386219394318025, 2.6561579323778286, 3.021580752291272, 2.1751755158385344, 2.1958201056212174, 2.3393342034076685, 2.4794843201581873, 2.4934301142481186, 2.8069613910919764, 2.2319751021090206, 2.7254654350894434, 2.092811232851831, 2.6512551808002227, 2.228725765175252, 2.5857231149834394, 2.714057918613163, 1.9974073647221537, 2.2652638567440917, 3.6336829820037844, 2.2039688265120723, 2.6507982372583703, 2.8088089739909523, 2.8181782267510025, 2.521278992995829, 2.467329903426239, 2.1010468107348705, 3.326917411007866, 2.011805127426382, 2.035140228736026, 2.389878896077535, 2.13417933130995, 2.151061194891637, 2.1620076766022334, 2.7356911880457244, 2.54061929593526, 1.9857115974998472, 2.267895292894906, 3.1890733713133086, 2.8520732577832684, 2.2248104150640775, 2.349164481432805, 2.151193964817999, 2.3406438921305566, 2.132743421542408, 2.730107688677981, 2.236567339296311, 2.29885277402094, 2.147065415418422, 2.2464338401369304, 2.4561936305399685, 3.1029168387129578, 2.033704354838219, 2.836495089872955, 3.2220348336699765, 2.4005453163774924, 3.722768268919201, 2.4061367241271596, 3.4461488223117693, 2.348976499705825, 3.3444038449128155, 2.200168995424166, 2.229041393168694, 2.3424487453804703, 2.717986267267502, 2.9488812792161765, 2.0256600300244276, 4.355536243928775, 3.4230917085639785, 2.2126962235028302, 2.1431903401505568, 2.2568093771874973, 2.2581992664116566, 2.9332742918283863, 2.1328330634359096, 2.430184388478934, 2.036029864689843, 2.302528765729331, 2.254349043676341, 4.0352081056427345, 2.1768841213297936, 2.3702668140887564, 3.7071392974132755, 3.338625894434684, 2.4979724368136953, 2.530757569595358, 2.1316973163101447, 2.7696394220012164, 2.7515521803260867, 2.201260325463365, 2.335586856202509, 2.1658780279951406, 2.2312372932414335, 2.375354874160973, 2.2961808521233857, 2.161623596653318, 2.4509009731661697, 2.3532194581234593, 2.4402404274684946, 2.392754662137683, 2.3979819505783047, 2.442976817307914, 2.374330678011335, 2.3978252844283747, 3.1116106878112917, 3.061700835899692, 2.075711992956251, 2.568116440952365, 2.3887534291213526, 2.2033499190442973, 2.2418789208537944, 2.3180545802840506, 2.867852323662358, 2.428514790549278, 2.3872798972638307, 3.521833793010373, 3.7446114091801017, 2.2765857847317443, 2.519152400709884, 2.039299037265818, 2.130714963857692, 2.1402260329776066, 2.2964003152774772, 4.021007687462787, 3.5569876877022093, 2.467462494822727, 3.0714571070073147, 2.4424752497156903, 1.9954416105207367, 2.635903085369774, 2.389682483613001, 2.5964566125978794, 2.3067134697304996, 2.200170852441049, 2.1099585432987107, 2.247420537632595, 2.2794988256101982, 2.2397208568414295, 2.834405149449563, 2.9400188412651453, 2.581501313540548, 2.361660532145228, 2.081009912646743, 2.2454084063022037, 4.0891692289138195, 2.065390496070725, 2.256273080719047, 1.977801553081705, 3.117782435736971, 2.324122370777882, 2.310033161449631, 2.482515598329373, 2.281078199880302, 2.4035132384774607, 2.7038812577290505, 2.3763327155764187, 2.203806086885296, 2.1617404121754773, 2.1790308976951183, 2.494621694964754, 2.6039241435968274, 2.418016781270057, 2.53003272686182, 2.5560276413279484, 2.85941479148132, 2.963470592178283, 2.2100058937964637, 2.1915342941131972, 3.0689308935080755, 2.592212443084029, 2.3997934202949307, 2.190539597406355, 2.318253892704294, 2.8173567934311485, 2.4113183205252477, 2.5697362375386703, 2.3460342994589136, 2.267091663282251, 2.893005165036958, 2.1381234162791793, 2.3974327595547615, 2.307705462923902, 2.325492207632051, 2.8023252008973465, 2.1969157881488157, 2.6492426692463265, 2.175626327412764, 2.2653635753280845, 2.20046370179567, 2.4592404400061425, 2.0149706103941445, 2.370657957350348, 2.371115169092719, 2.533978868196652, 3.1059410365807403, 2.9653505695535745, 3.3383514851415423, 1.9909018783299044, 2.6711709732563778, 2.6236008469288357, 2.1911205937835634, 2.6574449626374115, 2.171689073309856, 2.402968619328699, 2.0504665276413325, 4.159000255040276, 2.18726775373544, 2.311143470825559, 2.214190012580345, 2.24260618827253, 2.231103523691168, 2.46290661909626, 2.476440666854923, 2.2762754954769457, 2.501001538742737, 2.118193178541292, 2.299227255456326, 2.2251989477997602, 2.957367201940293, 2.906017602946576, 2.299223946041103, 2.264056000612533, 1.9645742532798256, 2.265500272963744, 2.3145041598400438, 2.3428270628044174, 2.6297524526218825, 2.6897280386096876, 2.490894318866674, 2.4711016125550254, 2.002196632688899, 3.4068156045848297, 2.1653153001022694, 2.406039211879746, 2.3623941628998235, 2.891972131268783, 2.378688246716763, 2.869794471070007, 2.9423972172563335, 2.392529339715609, 3.467562422159766, 3.1297864981861463, 3.5006376945592743, 1.9917337424224397, 2.7477573374802193, 2.476718878854381, 2.484712217683084, 2.3612227112699937, 2.2380079307113903, 3.6266770507513018, 2.9534604215330416, 2.499775300070543, 2.346314083468619, 2.096604397800417, 2.24274887456677, 2.6144374180655086, 2.5939022359947606, 2.9538668113724875, 2.609347810193906, 2.3127792782306313, 2.1962735415242287, 2.801046318199084, 2.487167582739942, 1.9986300826464802, 2.4190300954619732, 3.3441022311529514, 2.402678569905436, 2.2843434837730863, 2.0153039817944545, 2.3432323212313753, 2.0561537335765325, 2.1704788960821895, 2.2840861037040754, 2.373962814300071, 2.2209505691159372, 2.313496251018624, 2.20318930393701, 2.4699567438614483, 2.683240685132784, 2.8243721328646796, 2.4654737460681893, 2.253494063788505, 2.3951099947407672, 2.1090848937592295, 2.2589496159759035, 2.392630825485326, 2.2636257282429106, 2.247280365720362, 2.175488172002447, 2.6985600671908285, 2.694056324111714, 2.38321069117222, 2.03333697894293, 2.2785186160188444, 2.3824815490741265, 2.7866913654940753, 3.579541802841846, 2.2508621447876416, 2.5248983554810214, 2.319675033237385, 2.6976238001489894, 2.290802985491688, 2.698161602099998, 2.3967348043369667, 2.337223707508954, 2.3129282312876165, 2.3426661723201234, 2.383384382794863, 2.6834286057480172, 2.518621035729102, 2.2896027384347724, 2.4489813369188314, 2.5032798926935023, 2.4071532169478305, 2.4362705267761107, 3.3228539964293344, 2.3323690717414753, 2.833928582631802, 1.9797663076592182, 2.717438161440437, 2.9093054017249242, 2.278410975348855, 4.048628083077383, 2.3208701452140397, 2.1775481891758717, 2.349689816391331, 2.2753831317396074, 2.3830978936197305, 2.5350198390069427, 2.4420569013694866, 2.4947937047647244, 2.3438665207723024, 2.120097171899869, 2.474080126394388, 2.78140379097068, 2.2113501624226966, 2.1843037359922906, 2.931329101965403, 2.1666889951650337, 2.4146802701688896, 2.2866274581522448, 2.1873022406512543, 2.5385130835481804, 2.119121089795746, 2.2191357498255373, 2.105417014660026, 2.052418987637064, 2.804758849987579, 2.51855180116092, 2.3660140109030467, 2.189513581376363, 2.4243875228925678, 2.5338255350549166, 2.204859352277368, 2.6081184175526277, 2.2121414720510435, 2.143066307780007, 2.399299477236605, 2.272712741130187, 2.5402701144117192, 2.0445186705897167, 2.272058783072235, 3.235290664039405, 2.2431971686026206, 3.637653566590945, 2.3589237468096824, 2.897474287821026, 2.2046142047252397, 2.289363940549981, 2.841736601106926, 2.7696201133052103, 2.005184164238286, 2.284356253330516, 2.629776665621682, 2.4338061107323017, 2.147757245970047, 2.2237047911952885, 2.1506066157514314, 3.2484957025211036, 2.690281530967855, 2.0539146945745097, 2.56911540849103, 2.21770901671972, 2.4034543970832063, 1.9725924612066583, 3.8023637643901527, 2.1815188872557676, 2.251389897948724, 2.0303590881344933, 3.558765271313913, 2.5521885934052255, 2.8884847791409296, 2.1872871686133433, 2.7249156796883067, 2.736741667538385, 2.3869978569950168, 2.582105517898512, 2.7304216926342275, 2.393957293586896, 2.199296913471767, 4.012676980358991, 2.326805004505744, 2.1176303144803175, 2.5302389500758977, 3.8911869625166524, 2.246955193129871, 2.275069928022996, 2.3190904446677023, 2.8131115387510506, 2.2249567253110034, 2.1943458743504434, 2.264902640162856, 3.324107355740692, 2.077820397582173, 2.779860635066729, 3.8070775096173968, 2.5716904146632467, 2.4358721905069967, 2.2228360694182223, 2.4411688817128145, 2.3538398401907865, 2.3290388918316856, 2.486839958002251, 2.1302496197841823, 2.8873890396560506, 2.9865987449259905, 2.1710030553850213, 2.2171201286249675, 2.6249530141938613, 2.143640855279012, 2.1812362180463776, 3.5345258259224295, 2.170470015207951, 1.9858761941435066, 2.667778604428607, 2.493500345123319, 2.203910825790021, 2.8572537416968857, 2.138536755734406, 2.2423976991905614, 2.3920410636019134, 2.3210413911721246, 2.4570600552316932, 4.048596577913521, 3.399377897938624, 2.504968384971723, 2.342520758242362, 2.0748712416317914, 2.4482946004962787, 2.8206960443091553, 2.469554716886907, 2.2485836872477876, 2.194977147007026, 2.3369279572360773, 2.1961249101811946, 2.539790517344281, 2.493340958795569, 2.235719907076506]"
3.0,8000,0.6198418417132507,0.6198418417132507,0.025493621826171875,0.3165678135540314,"[2, 2, 3, 4, 3, 4, 4, 2, 2, 2, 2, 2, 5, 3, 3, 3, 4, 4, 4, 2, 2, 3, 3, 1, 3, 3, 2, 5, 3, 2, 3, 3, 2, 3, 3, 2, 3, 2, 2, 4, 1, 3, 1, 2, 3, 4, 3, 5, 2, 3, 2, 3, 3, 3, 2, 3, 4, 3, 4, 5, 3, 2, 3, 4, 3, 5, 2, 1, 2, 5, 3, 2, 2, 3, 5, 2, 2, 3, 3, 3, 3, 3, 1, 2, 2, 3, 2, 2, 4, 3, 2, 2, 3, 2, 2, 3, 2, 3, 4, 2, 3, 2, 1, 3, 4, 2, 1, 3, 3, 2, 3, 1, 4, 3, 3, 3, 3, 2, 1, 3, 3, 5, 3, 3, 3, 3, 2, 3, 4, 4, 2, 3, 1, 3, 3, 1, 3, 4, 4, 3, 2, 2, 2, 3, 2, 2, 2, 2, 1, 3, 2, 1, 2, 3, 1, 2, 2, 3, 2, 2, 3, 2, 2, 1, 2, 2, 2, 2, 2, 1, 1, 4, 3, 1, 3, 2, 3, 2, 2, 3, 2, 2, 2, 2, 3, 3, 3, 1, 3, 4, 1, 2, 4, 3, 4, 3, 1, 3, 2, 1, 2, 3, 2, 2, 1, 2, 2, 2, 3, 3, 2, 2, 1, 2, 2, 4, 3, 2, 3, 3, 3, 4, 3, 2, 4, 5, 2, 3, 3, 5, 3, 1, 2, 3, 3, 1, 2, 3, 3, 2, 4, 3, 4, 2, 3, 1, 3, 2, 1, 3, 3, 3, 2, 3, 3, 3, 2, 3, 2, 3, 2, 2, 4, 3, 4, 2, 3, 5, 2, 2, 3, 2, 4, 3, 4, 3, 2, 2, 5, 3, 3, 2, 2, 3, 2, 2, 2, 3, 4, 1, 3, 2, 2, 5, 2, 1, 4, 2, 2, 1, 2, 2, 2, 3, 4, 4, 2, 2, 1, 2, 1, 4, 4, 2, 5, 2, 4, 1, 2, 2, 5, 2, 2, 2, 3, 4, 5, 3, 4, 2, 4, 2, 2, 3, 2, 1, 3, 4, 2, 3, 3, 2, 3, 2, 2, 2, 2, 3, 4, 3, 3, 4, 1, 2, 5, 2, 3, 1, 3, 3, 2, 2, 1, 3, 1, 2, 2, 3, 1, 2, 1, 3, 4, 1, 3, 1, 4, 1, 3, 2, 2, 2, 2, 4, 3, 4, 1, 3, 4, 1, 2, 4, 2, 4, 1, 2, 2, 3, 3, 2, 3, 3, 2, 1, 3, 3, 2, 2, 3, 2, 2, 2, 2, 2, 3, 2, 2, 2, 2, 2, 5, 2, 3, 3, 2, 2, 2, 2, 3, 2, 3, 3, 2, 2, 2, 3, 2, 4, 3, 3, 3, 4, 3, 3, 2, 4, 2, 2, 3, 1, 2, 2, 2, 1, 2, 3, 2, 2, 3, 2, 2, 3, 2, 4, 2, 1, 1, 2, 3, 2, 1, 2, 4, 3, 3, 5, 2, 2, 2, 4, 3, 2, 3, 3, 5, 2, 2, 2, 3, 2, 2, 2, 3, 2, 2, 3, 1, 3, 3, 3, 2, 2, 1, 2, 3, 3, 5, 2, 3, 1, 3, 2, 2, 2, 3, 4, 3, 3, 3, 3, 3, 2, 1, 3, 3, 2, 2, 1, 3, 2, 3, 4, 3, 3, 3, 2, 3, 3, 4, 3, 2, 2, 2, 2, 2, 2, 2, 3, 3, 2, 3, 2, 1, 3, 2, 3, 3, 3, 3, 2, 2, 3, 3, 3, 5, 3, 4, 5, 3, 3, 2, 3, 2, 3, 2, 1, 4, 2, 2, 3, 4, 4, 2, 3, 2, 2, 2, 3, 3, 2, 4, 3, 3, 1, 2, 2, 3, 4, 2, 2, 2, 2, 4, 2, 3, 3, 4, 3, 2, 3, 1, 2, 3, 3, 1, 4, 2, 3, 2, 3, 4, 2, 3, 2, 3, 2, 3, 2, 3, 3, 2, 3, 2, 3, 3, 4, 2, 3, 3, 3, 5, 2, 1, 2, 2, 3, 3, 2, 2, 2, 2, 4, 4, 2, 2, 3, 3, 4, 4, 2, 2, 1, 2, 2, 2, 2, 2, 5, 3, 2, 1, 1, 3, 2, 3, 2, 2, 3, 3, 3, 1, 3, 2, 2, 2, 1, 2, 2, 3, 2, 3, 2, 2, 3, 4, 3, 2, 3, 3, 2, 3, 3, 3, 1, 3, 3, 3, 2, 2, 5, 4, 4, 2, 3, 3, 1, 2, 3, 3, 3, 2, 2, 3, 2, 4, 2, 3, 4, 1, 2, 5, 2, 4, 2, 3, 2, 2, 2, 3, 2, 4, 1, 2, 2, 2, 3, 1, 3, 3, 2, 1, 3, 3, 3, 3, 3, 2, 1, 1, 2, 2, 2, 1, 2, 2, 3, 3, 4, 2, 4, 4, 2, 2, 2, 4, 3, 2, 1, 1, 2, 3, 3, 2, 2, 3, 3, 3, 4, 2, 3, 4, 4, 2, 3, 2, 2, 3, 3, 3, 1, 2, 3, 2, 2, 3, 1, 4, 3, 3, 3, 2, 2, 2, 3, 2, 4, 3, 2, 2, 3, 4, 2, 1, 3, 2, 2, 2, 2, 2, 3, 2, 3, 2, 2, 2, 4, 2, 3, 1, 3, 2, 2, 2, 3, 3, 2, 4, 3, 1, 3, 3, 3, 3, 4, 2, 2, 2, 3, 3, 4, 2, 2, 3, 4, 3, 4, 1, 2, 4, 2, 3, 2, 2, 1, 1, 1, 3, 2, 2, 5, 2, 2, 3, 3, 2, 2, 1, 3, 2, 3, 3, 3, 4, 2, 3, 3, 3, 3, 2, 3, 2, 3, 2, 2, 2, 3, 3, 2, 2, 1, 3, 1, 2, 2, 2, 1, 3, 2, 3, 2, 3, 2, 2, 3, 3, 4, 2, 3, 3, 3, 2, 3, 3, 4, 4, 3, 1, 4, 3, 2, 3, 2, 3, 3, 2, 2, 5, 4, 2, 2, 2, 1, 3, 3, 2, 1, 2, 2, 2, 4, 3, 4, 2, 3, 3, 3, 3, 3, 2, 2, 2, 2, 2, 2, 1, 1, 4, 2, 2, 2, 2, 3, 3, 3, 2, 2, 3, 3, 3, 2, 2, 2, 3, 3, 3, 2, 4, 3, 2, 3, 2, 3, 3, 3, 3, 2, 1, 2, 4, 2, 2, 2, 5, 3, 2, 1, 2, 2, 2, 4, 2, 1, 3, 1, 2, 3, 3, 5, 3, 2, 1, 2, 2, 4, 2, 3, 2, 1, 2, 3, 1, 1, 1, 4, 2, 4, 2, 3, 3, 1, 1, 3, 2, 1, 2, 3, 4, 2, 4, 2, 3, 3, 4, 2, 5, 3, 3, 3, 2, 2, 2, 3, 3, 1, 3, 2, 3, 2, 2, 4, 4, 2, 3, 4, 3, 3, 3, 3, 5, 4, 3, 3, 3, 2, 3, 4, 3, 2, 3, 1, 3, 3, 3, 3, 2, 2, 2, 3, 2, 4, 1, 3, 1, 3, 3, 3, 1, 2, 2, 2, 3, 2, 4, 2, 1, 3, 2, 2, 2, 1, 2, 3, 2, 3, 2, 2, 1, 1, 2, 2, 5, 1, 2, 1, 3, 4, 2, 2, 3, 2, 3, 3, 4, 3, 1, 4, 2, 3, 3, 3, 3, 5, 2, 2, 2, 2, 2, 3, 2, 4, 1, 2, 2, 3, 1, 2, 2, 2, 3, 3, 2, 3, 3, 1, 3, 3, 1, 3, 2, 2, 3, 3, 2, 3, 1, 4, 3, 2, 3, 2, 4, 2, 1, 2, 3, 2, 4, 3, 1, 4, 4, 3, 2, 2, 3, 4, 4, 4, 2, 3, 2, 4, 1, 2, 4, 4, 2, 2, 3, 4, 2, 2, 3, 2, 2, 2, 3, 2, 2, 3, 2, 2, 2, 4, 4, 2, 1, 4, 3, 2, 3, 4, 2, 1, 3, 3, 3, 4, 4, 3, 3, 2, 2, 2, 2, 5, 4, 2, 4, 3, 1, 2, 4, 2, 1, 2, 3, 1, 3, 3, 4, 2, 2, 1, 2, 1, 5, 2, 4, 1, 4, 2, 1, 2, 2, 2, 3, 2, 3, 3, 2, 2, 2, 3, 2, 3, 4, 4, 2, 2, 3, 3, 2, 3, 2, 1, 4, 4, 1, 3, 5, 2, 2, 2, 2, 3, 3, 3, 3, 2, 1, 1, 1, 2, 3, 2, 4, 4, 3, 2, 3, 2, 3, 3, 2, 3, 1, 4, 3, 2, 1, 3, 3, 3, 2, 2, 3, 3, 2, 2, 4, 3, 4, 2, 2, 2, 2, 3, 1, 2, 3, 3, 2, 4, 2, 2, 2, 2, 3, 3, 2, 2, 2, 3, 4, 2, 3, 3, 3, 2, 1, 3, 5, 2, 2, 3, 3, 2, 2, 4, 2, 3, 3, 4, 2, 2, 2, 3, 3, 2, 2, 2, 2, 3, 1, 2, 2, 2, 2, 3, 2, 2, 1, 3, 2, 2, 1, 3, 2, 2, 2, 3, 3, 2, 1, 2, 3, 2, 3, 2, 3, 2, 2, 2, 3, 2, 1, 2, 2, 2, 4, 3, 3, 3, 2, 3, 2, 3, 3, 2, 2, 2, 3, 3, 5, 3, 2, 2, 3, 2, 2, 2, 2, 3, 2, 3, 3, 3, 2, 4, 3, 4, 2, 2, 1, 2, 2, 1, 2, 3, 3, 2, 2, 3, 1, 2, 3, 3, 2, 1, 3, 3, 1, 2, 4, 2, 3, 2, 3, 2, 3, 3, 3, 2, 2, 2, 2, 3, 3, 2, 4, 2, 2, 2, 2, 3, 1, 5, 1, 1, 2, 3, 3, 3, 1, 2, 3, 2, 2, 2, 3, 2, 3, 3, 1, 2, 4, 2, 3, 3, 5, 3, 3, 3, 3, 1, 3, 3, 2, 2, 3, 4, 2, 3, 3, 1, 4, 3, 3, 2, 3, 2, 1, 3, 3, 2, 4, 2, 3, 3, 2, 1, 1, 2, 2, 5, 4, 3, 2, 2, 2, 1, 2, 3, 4, 2, 3, 3, 2, 2]","[2.141158020250277, 2.2500307124810073, 2.767573728494111, 2.584093935870091, 2.2266213165139837, 2.847749771247341, 3.8148461492846586, 2.1561583680975778, 2.6426049652997308, 2.2521102254055094, 2.06791979115802, 2.167275873572375, 3.380189019682512, 2.6089004009978365, 2.3613724546977863, 2.55218111733448, 3.9848938127938216, 3.6899933927002952, 2.5488319900444147, 2.73593326398385, 2.1487431426565076, 2.3664588548749257, 2.68754474245877, 2.3533845426772624, 2.4707027119252465, 2.1879479607996397, 2.7414514457085146, 4.195213324214475, 2.5543577853097346, 2.822630850532777, 2.3726310057530595, 2.4086157876053664, 2.3215414379220944, 2.4921213253090047, 2.0273263431963056, 2.5404418070515273, 2.090900725207012, 2.5920102720059623, 2.196554368780796, 2.284617688263834, 2.023163071306727, 2.0902252801907557, 3.716307535297262, 2.8202666925104003, 2.4342116681735084, 2.6968080449790848, 2.7116915200075433, 3.036863226656566, 2.183307673823505, 2.3463473547647578, 2.359781880686855, 2.6617047204960014, 2.1904777197886376, 3.0439065682106072, 2.6990524968702263, 2.510978716479473, 3.5893288992025343, 2.8678756534055703, 3.038772274488508, 2.8340330876324735, 2.644344373863076, 2.2166818670995476, 2.725601375356537, 2.981001537829818, 3.044840746738902, 2.9970359104602156, 2.2240247264036697, 2.0693306059226453, 2.2252509874047472, 3.9920894586235405, 2.1220907096123645, 2.1015756385830913, 2.5187138881959195, 2.464189971775082, 4.070538583983832, 2.2248424406913427, 2.3475303002915267, 2.263757783974038, 3.886311219866837, 2.8422712232936527, 2.370652778720608, 2.3284823900608425, 2.2659466861907904, 2.1665588591082354, 2.111720230021151, 2.21002106478218, 2.0582551191330243, 2.160064155953961, 3.3658559618559454, 2.0987918997514576, 3.985499180164874, 2.1469240339970987, 2.237950492585602, 2.166022022392553, 2.022041103627194, 2.158155108092128, 2.1045400529584666, 2.2793902384510223, 3.097541979645905, 2.299885457860542, 2.288273487447452, 2.5896266748769716, 2.1571086955679566, 2.789364805614566, 2.584341485224407, 2.4482813636706795, 2.0062776423503843, 2.270601531696842, 2.443782050925042, 2.236917734234492, 2.7178656918357884, 2.7954650564054444, 3.914845537222967, 2.7554423447016427, 2.5176520247140273, 2.2527375377585055, 2.4068623618113993, 2.4340062501850497, 2.33238923984521, 2.296543170515525, 3.0524238166690334, 2.9798333887225077, 2.9105985469192137, 2.8156219792469726, 2.4466800715662016, 2.723695460727836, 2.0659464566428443, 2.608614935412901, 4.166919806412154, 2.6397050399065214, 2.2859414463648844, 2.311059111018825, 2.045243334617369, 2.790807374115152, 2.253897885867508, 2.1684009170518204, 2.0610227882993533, 3.181152430467843, 2.556141956304185, 2.5117516267359545, 2.2820923804266657, 2.3991476446650593, 2.241317936539371, 2.215403683518526, 3.702854435914495, 2.3411512977537363, 2.2603328714530084, 2.2049049071587135, 2.2341471696612563, 3.003380364085305, 2.8484600438377745, 2.0808713504924277, 2.154120227184422, 2.3976137845801677, 2.495776120777177, 2.616116207934314, 2.4236672667624517, 2.6179126994702715, 2.2103421118031936, 2.311604216500831, 2.351210215913681, 2.390640216982908, 2.1025193938416393, 3.236521038285117, 2.0554882244203423, 2.314699406672952, 2.0480153687557965, 2.3582340183492527, 2.098799634134975, 2.4638980935111405, 2.5235158130976925, 2.370161360850199, 2.3656300346689254, 2.0849503431925998, 2.3426127717689753, 2.611996429129618, 2.939552231194487, 2.414222554110156, 2.7534725697935976, 2.3929488238540717, 2.156788955528442, 3.410326719284386, 2.2810732376994, 2.360006690886358, 3.238203910605251, 2.699263173893127, 2.4889557392196946, 2.451601483022797, 2.430196942314251, 3.7568242153054987, 2.186594361663377, 2.358083676461749, 4.375024963181071, 2.337122454568313, 2.2739083508656983, 2.7415269334209347, 2.2165493382416193, 2.487342934755596, 2.130497106076041, 2.031411832864828, 1.987190023968827, 2.186481895643737, 2.1731466605554046, 2.0508890328875786, 2.198257344419294, 2.1395481835772827, 3.0943550544928997, 2.3076944436117466, 2.2194219779604163, 4.269199885754272, 2.0605120938646055, 2.0532135547122015, 2.2344145575333187, 2.419552070178817, 2.514586781462536, 2.9366517485850667, 2.0982291707141787, 2.0699764450332743, 2.2625933088818053, 2.193540341205283, 2.2489884060798846, 2.5341462714497065, 2.1028007504008164, 2.302973073302247, 2.1190746115733905, 3.523906689336976, 3.2873445787546576, 2.179381547474799, 2.91655067194367, 4.2569286602090015, 2.443476659936183, 2.2317441298314242, 2.153953182094277, 2.405736243429171, 2.485773928646494, 3.028940317272636, 2.302111701293916, 2.6314292453021046, 2.5286660667165473, 2.5008605795639034, 2.9158690065819926, 2.3273127714876676, 2.222879827128997, 2.2263837673911, 2.340798387012722, 2.3088262358025267, 2.5225317358152024, 2.3050234186356997, 2.1290454369077807, 2.4920092301610013, 2.6440355431470373, 3.6304212784383516, 2.517493064946332, 3.0124279856038636, 2.3633535970698487, 2.4884780240803384, 2.854841625555155, 2.714225367359246, 2.5500861823459804, 3.6672968139813933, 2.4464811507087347, 2.2122516642266326, 2.0507210249172383, 2.480193387819939, 3.384841171867108, 2.2445907987327773, 2.005231229826213, 3.104797024867627, 2.749087752107154, 2.1575825563985562, 2.3851451193724005, 2.1781366940078244, 2.6987305958330468, 2.5390229148199452, 3.516408445925975, 2.9248512092552534, 2.166936692332746, 2.414238459139685, 3.9781848708552876, 2.497058114370228, 2.4033493148647294, 2.229930994502225, 2.880888392967826, 2.161552390957718, 2.0713069776885153, 2.652355284908145, 2.607340063568577, 2.8718284545081096, 3.116443822696364, 2.441514219235687, 2.4498397318355387, 2.392703550271601, 2.813000703446117, 4.093133079634485, 2.327279323320605, 2.4525742898714618, 3.718332319528829, 2.746678995837284, 2.2063891192395935, 2.163535232921605, 2.097160792454623, 2.2389507486967006, 2.2449299739555135, 2.8204398252807925, 2.3167872064415267, 2.7096119872570785, 2.7306944111447784, 2.1015082977259105, 2.1855830891329875, 2.2411228255312916, 2.5915345389855275, 3.614813607723251, 3.5337834167327054, 2.1012514483192235, 4.030299026391351, 2.24692300445112, 4.516726439897419, 2.33744588938376, 2.6653768067864205, 2.2063337459030135, 3.30230447771214, 2.4088782533729023, 2.271891628330322, 2.3538535555702325, 2.1814768970584115, 2.780786054259129, 3.061228850903348, 2.356724763537163, 3.0252216463845656, 2.299286163915243, 2.6673858989687425, 3.610108238870332, 3.1521895204860924, 2.687520678540216, 2.1193044263127567, 2.4444288341077685, 3.3379468972168507, 2.5071949625350594, 2.2376690815582823, 2.530216270966281, 2.2432066300747997, 2.4710670000197226, 2.2867718282259593, 2.8125857916543304, 2.9893584726984335, 2.251923724285497, 2.1978936046099, 2.3198497941434697, 3.6117942217084615, 2.186912219665978, 2.9233614592486177, 3.0813066754955103, 2.017810558323376, 2.667202600769419, 3.776653213489788, 2.1941166569726827, 2.101950370164834, 2.1405204222081613, 2.5461690100165355, 2.1291700638158257, 2.1857349867654148, 2.2473933600569413, 2.401681853715768, 2.7802447959443812, 2.4471782311900396, 2.4153022424005086, 2.664036357996558, 2.7660410673982647, 2.320737601923965, 2.111573431141861, 2.2038787824454826, 3.0046918938848997, 2.4860368602637757, 3.188490587724612, 2.7185178810883057, 2.1956956859435097, 3.4972511208150854, 2.2548011703004205, 2.64680272772683, 2.0849917480047075, 2.0329649257905817, 2.161571967971192, 2.639816769979366, 2.5208806809016933, 3.5743924701206122, 3.659954606227034, 2.0184128101358483, 2.339636581279107, 2.561586645402735, 2.026454753869273, 2.289313980182079, 3.9595025141140288, 2.3879122967603377, 3.489200560005851, 2.2971201685264115, 2.30138645862932, 2.343344898030788, 2.3397856975303286, 3.0611909779796105, 2.0719593048064753, 2.230893334072851, 2.3348042255282615, 2.2913761502648673, 2.3414784757828295, 2.7545315597256788, 2.3865749121840354, 2.000680464568216, 2.047283050160398, 2.3249891233126396, 2.2091889307873993, 2.0187798073340737, 2.1778627436852194, 2.3466986253512285, 2.2559203367863208, 2.3291555444755003, 2.210424506832296, 2.33207058572158, 2.3597567250055804, 3.1003477156551282, 2.348586514611809, 4.282991833289414, 2.3219777640201094, 2.478920211709372, 2.2982639691075293, 2.5283643189451177, 3.0888694114331257, 2.112785462914462, 2.1753328736011115, 2.6761924899957354, 2.1536288093140126, 2.6766753367821954, 2.3804495404817545, 2.184768579620958, 2.17579075685629, 2.2303160227447725, 2.227575458739573, 2.5171122747821246, 3.2043395021664622, 2.177983194047714, 2.406895990639904, 2.231292345831318, 4.186322213834028, 2.092049335942325, 2.376002148461106, 2.177564554785975, 2.628248575219673, 2.0721972485917677, 2.398594155159682, 3.011352039719957, 4.066350018547536, 2.3056569114822443, 2.1895826238110505, 2.2533626989473805, 2.8471617143319654, 2.239528646051879, 2.6670411362020294, 2.3609945777497994, 2.1906696875538634, 2.6325080610184983, 2.1073288191932584, 2.1047891026620857, 2.461748466233635, 2.383455701718458, 3.1875801548400675, 2.1365514125924445, 2.2153911101583983, 2.2805766277900568, 2.5035999696185316, 2.215723515647924, 2.504605082395277, 2.118732287090908, 2.524609895252297, 3.3981020614405852, 2.262335057352868, 2.1195543247505935, 3.6423728146929175, 2.9201650454685355, 2.1659919098019293, 2.1407893472509985, 2.265390006846264, 2.4549186533206004, 3.336292939897112, 2.3346740852719665, 2.3189929537047083, 4.431307457917645, 2.325383708566219, 2.611537344077899, 2.952969457743446, 3.194952447517131, 2.3204632786063324, 2.723292909188201, 2.1908500617209925, 2.030766706675056, 2.1743914405490097, 2.1656418509359296, 2.739882606457906, 2.6762579608497874, 2.428982957154757, 2.1343232871221565, 2.2047817476924694, 2.1655618187858825, 2.425313397644224, 2.2103985668937205, 2.5022436397410277, 2.155721735533535, 2.2585368480114125, 3.2156973154764574, 2.170557525119377, 2.3425857737959177, 2.1221387739052067, 2.3982457365115417, 2.1353337347091013, 3.0874084423411343, 2.0685391875385797, 2.4350040057142928, 3.421065318171216, 2.4400610805022356, 2.053899785264946, 2.469342118216934, 2.6048551948040384, 2.2934543314896203, 2.6532286749268748, 2.5253424222069474, 2.3501684370577367, 3.05191774584195, 2.0478650120385393, 2.031543575448806, 2.9230007300127916, 2.473714798054446, 2.2327284342099567, 2.669009267933605, 2.5716975457137172, 2.1726045387834283, 3.04261951858911, 2.370646673555384, 2.0992065665801163, 2.621527289799486, 2.2675155394430018, 2.2853463102283453, 3.1623577328138905, 2.255989883849015, 2.2289498107716867, 2.451326705633356, 2.5415155227466153, 3.0562072582237327, 2.3858303514617565, 2.034793853199245, 2.483201106818216, 2.5883271673653945, 2.4130036436461606, 2.5986267136192804, 2.5160660863330184, 2.717386113530932, 2.9078163648802584, 2.2266975808034424, 2.2453837571045363, 2.4959795009826578, 2.3358694474084705, 2.4226209514311146, 2.2174131584226777, 2.1527913028872927, 2.3195782889726138, 2.403958773515541, 2.4020272978842816, 3.7425635831011825, 2.2775820482108697, 2.456330390399554, 2.7945300756074234, 2.655343446932393, 2.0682698500240195, 2.3660781091836234, 2.6056137408258846, 2.3705510789982793, 2.4641228748304562, 2.318568168605137, 2.5270331100632824, 2.422189852848485, 2.050980979017561, 2.4801476487844116, 2.042998986786581, 3.5434437561831675, 2.6230504063790536, 2.5645580129117684, 2.272797094321806, 2.2733978765690877, 2.3120712433264243, 2.087712554674735, 2.7297886872317223, 2.023200712045006, 2.272164677305522, 3.5040341941193494, 2.2653898095001144, 2.16414313084482, 2.140400178081528, 2.434868944238583, 2.064793315372181, 2.2880896784780456, 2.258317114777388, 2.128424983433752, 2.2418116510418074, 2.2449352175184636, 2.317344402318129, 2.537020768665217, 2.390173079289223, 2.314758168319436, 2.8903808206065627, 4.281100853895567, 2.2170572195122644, 2.124138966673042, 2.663463893841274, 4.266205771259996, 2.166165057198015, 2.245983140280435, 2.0152472240465387, 2.2781456309785755, 2.447945389330085, 2.4255761241157634, 2.400216367953396, 2.4621471783501674, 2.2529041703769277, 3.3541178761615207, 3.2010799043895313, 2.276387308760295, 2.3982313205911954, 2.24748619857331, 2.033100019976666, 2.8532806167772424, 2.5790943838346325, 2.6525384195962984, 2.7329220544143698, 2.1622447743062008, 4.036251450916515, 2.4989449198383142, 2.1420191721204715, 2.6481234573900467, 3.7193380737832475, 3.5267765159215605, 2.2607634623164232, 2.7190641983975237, 2.5531162428925342, 2.7234035626823054, 2.279656063903175, 2.3374340200547783, 2.0451057396867878, 2.099686073521458, 2.888732694093254, 2.5288413350658923, 2.1692701444272755, 2.4358672735550724, 2.1294544576256973, 2.219209006412524, 3.063343531392234, 2.8491541578451134, 2.7530409348115126, 3.1536310875322027, 2.1227071490532277, 2.3972961100214407, 3.9465847480467726, 3.250272492216172, 2.185026624914034, 2.884073992996741, 2.4330532774297438, 2.9192542032592987, 2.3568179253659616, 2.2033903482851027, 2.1112194019661716, 2.8069897322374, 3.9342342119993816, 3.153064814153217, 2.0122060586294124, 2.9831026841882355, 2.0976231548278776, 2.9415423828956397, 2.4671760782070393, 2.494713368002132, 2.5762332962764884, 2.3248381457644083, 2.273603661091067, 2.5140695486374014, 2.4092416252902202, 2.0556190041241256, 2.7376330588095423, 2.0735033822100677, 2.3025967601327255, 2.1866324585968555, 3.6531375097520806, 2.073557961280573, 2.1600756128112204, 2.592795536398376, 2.3751965969167927, 2.177700061443782, 2.4619786290526506, 3.015276662668492, 2.0989449634490733, 2.9044088773579553, 2.081994926530072, 2.351493849172181, 2.245350292911807, 2.5110709362882577, 2.1665235664192575, 2.4049911630470975, 2.350051101312808, 2.2624051051904077, 2.113690672180288, 2.2153035735801603, 2.0736600037456503, 2.0871837023019073, 2.217107413677968, 2.16378366179425, 4.021780675320805, 2.353739525665386, 2.8652038532618813, 2.7823065079001648, 2.84935279474562, 3.034211347332493, 2.2136247966528924, 2.5074442511550235, 2.630257557341104, 2.6356911411141, 2.1064766689429493, 2.0796722192994217, 2.4349941830580004, 2.635399785250968, 2.1618328144579007, 2.8828835354174194, 2.5881856535559344, 2.628257688168618, 2.9161753981795293, 2.268731034840296, 2.3222907364498044, 3.993864120385632, 2.520699939769965, 2.913677619915793, 3.2859726799982214, 3.952004680288395, 2.2330882126292635, 2.744872043053716, 2.212477329190781, 2.2746287287108284, 2.139347913210753, 3.0416212222109613, 2.2687049054274184, 2.6181588278038515, 2.41776213986866, 2.037799878622589, 2.9321878246870225, 2.128879422996942, 2.5276548030758694, 2.4729393790334604, 2.035153734721537, 2.5877422247567843, 2.2066812911564586, 2.5714948548722716, 2.6815495872685857, 2.7453782017779065, 2.3738822687713212, 2.273106469181939, 3.730413308681725, 2.841202064904248, 2.098596167912404, 2.077430686564542, 2.081642644505415, 2.091194228752319, 2.4443493104976723, 2.869179734640977, 3.0954469850727757, 2.2622597758763088, 2.966508989937836, 2.4223964466634205, 4.29026929502314, 3.3948975744277394, 2.294533306859116, 2.715655718409784, 2.6122987486362104, 2.5658204234185527, 2.2619149693861194, 3.9127950370844635, 2.162904055443879, 2.096718928374951, 2.2445385162942992, 2.5634414453619856, 2.1812289818286685, 2.206706170108063, 2.0570961968657366, 3.256522460214452, 2.49134780813736, 2.779320025528106, 3.599345120291884, 2.5679155616768887, 2.4992992078630527, 2.611457693291126, 3.953858587819842, 2.181496504749256, 3.807467195970261, 2.1483982162583475, 2.3132792958697346, 2.116037003994231, 2.3168363456371512, 2.357125730685637, 2.020735243687696, 2.2468103887158453, 2.6648288186588234, 2.2113261582601544, 2.2084120620136494, 2.3122258569002296, 2.5600695550909016, 3.2601583819768787, 2.206409409173925, 2.616399871900075, 2.665249484660547, 2.670905792732575, 2.091269810678013, 2.7315749744237765, 2.2950483225424856, 2.213130669678734, 3.1322381086802737, 2.5547661752862822, 2.3774040487130557, 2.296565338508425, 2.9995872998499093, 3.7727804745170266, 2.3420378422049013, 2.45925531468022, 3.0917470303098993, 2.2246642658920988, 2.3192096427436684, 2.3252574742275396, 2.1570467945856566, 2.1042027558791423, 2.4910945492077063, 2.335390935100331, 2.9184262457582806, 2.210714580481148, 2.046522200562155, 2.518604730054909, 2.491317970153016, 2.9902696108360476, 2.1608155279246932, 2.0799878680456407, 2.2446060643148185, 2.2118826729689056, 2.0753421322750234, 2.0734837547067966, 2.8654778105423926, 2.6043728519066067, 2.0594899415844545, 3.5815069704299622, 2.473303700856175, 2.0544140880274577, 2.5725125619107434, 2.5206599352251535, 2.2320135347889254, 2.69266842806725, 3.598369273602625, 2.2394182950753474, 2.4682083705158706, 2.2871444169600426, 2.4249353144603756, 2.6332672103313888, 2.924537945606826, 2.512667958561389, 2.2946295653480084, 4.108907694339858, 3.6019338213454346, 2.274651313153796, 3.056201463982926, 3.649652550387908, 2.1152940118849326, 2.748756414562505, 2.17718814740318, 3.0389823743903754, 2.639558241027231, 2.678688015371871, 2.0320615480718724, 2.3691031494195474, 2.494370658511787, 2.202693099189677, 2.0892894011595127, 2.665190046624826, 3.9561885435024537, 2.148899899077972, 2.129132122628411, 2.248893343477381, 2.426939913800395, 2.3031008732743468, 2.4931775145512662, 2.137650728386068, 2.4392723950126913, 2.0576817165818446, 2.3527904783926377, 2.144009718646675, 2.1496386173775788, 3.709139188539837, 2.190014367602213, 2.625699198778543, 2.6792509071690205, 3.010155526293065, 2.778266547137807, 2.854975170001681, 2.5489869060290515, 2.0620323672193765, 2.52686707834313, 2.1471315379722995, 2.6781359142491103, 2.516826070285318, 2.3756723099631056, 2.3838673869604783, 2.1387625997305064, 2.349981518560179, 2.1347370615644294, 3.380789645097723, 2.3479009464901246, 2.2738672474302035, 2.648810062899514, 2.3482422576026147, 2.2710926887565064, 2.326100586092393, 2.0587086900292926, 2.4376764981321406, 2.365753321752345, 2.4783559010843135, 2.1799019941433375, 2.088232203098854, 2.389810653298957, 2.1153336497335813, 2.5199556179640314, 2.477556654103457, 2.685505810343944, 2.341472415076975, 2.628708916925736, 2.391623396896338, 2.2822033085820035, 2.098415191919527, 2.3705643845184414, 2.6472005394234346, 2.715327980180091, 2.1547482088061067, 3.5534648326644547, 2.635952358288853, 2.6287157410721362, 3.052588064407259, 2.1311800792399533, 3.435921944327585, 2.3138117060805286, 2.1758537188390967, 2.2383836347546193, 3.920319214430684, 3.7040548740754637, 2.2090460754474655, 2.354335344045412, 2.2329840708484183, 2.4080705879100868, 3.808372206014032, 3.6125201781580776, 2.800854452789214, 2.2096210157003053, 2.11812404804595, 2.6005412032878, 2.0789629650616543, 3.6627881705414485, 3.61732486867029, 2.9767299735634407, 2.4886974876907573, 2.459885564967686, 2.9639222241462364, 2.3806897827540285, 2.231877433143, 2.3247954797463612, 2.959450937863736, 2.0256661804023164, 2.4246111916394493, 4.224426501412198, 2.2795667811013822, 2.1035350452464026, 2.071329629574424, 2.480140225701437, 2.1812688180277955, 2.4772085258323626, 2.2643978114106726, 2.1575704838132737, 2.253583998174596, 3.2182100488893886, 2.05348791962992, 3.5355905826148257, 2.398999408930952, 2.6297699732734965, 3.436605107849851, 2.2427865461632477, 2.6910152483079277, 2.311242176049312, 2.131251322963882, 2.5959089838248017, 2.850508376402954, 3.196681732879834, 3.281573560361231, 2.4232953067148353, 2.695510103764565, 2.7269440341377256, 2.029979302324156, 2.7360360758205737, 2.5040597062853367, 3.1069556318956804, 2.4369743536601556, 2.4854925850621155, 2.1581597269306014, 2.5105866329114046, 2.4779546126265233, 2.435261612692791, 3.0746088611426843, 2.4872008537490324, 2.4540895774231606, 2.5808944935868503, 4.120801134333497, 2.3484750619621617, 2.056667298685211, 2.467358126093248, 2.313598601501709, 2.6578008248344123, 2.1842133787313345, 2.619726408807131, 2.4549971138781066, 2.301764145295804, 2.265072749741933, 2.250117928677406, 2.3085152595421876, 2.4438594256570503, 2.536530967952244, 4.218041370994047, 3.0358665094168056, 2.216709196305852, 2.152101670242646, 2.4086816311995456, 2.226061571186734, 3.6193971251642423, 2.56862912050846, 2.216415444924598, 2.386247542825685, 2.504471251538523, 2.1227353796069375, 2.353372742843305, 2.083565164023913, 2.4620614533863416, 2.2267101868440538, 3.34587804946352, 2.7275413657351124, 3.2230031314836864, 2.2636112785995133, 2.891193244090433, 2.4995030716507416, 2.7513160777964107, 2.360487048614, 2.536352134820562, 2.368985087778963, 2.076674408174258, 3.096982532481757, 2.1193926758118526, 2.9076123423804807, 2.2496829918471204, 2.6943178668575416, 2.24770802008011, 2.2491516227041286, 2.4376859083167104, 3.4310385738276024, 2.2185536460222153, 3.6977077968673155, 2.457534166005453, 2.08165804192247, 2.620362552234085, 2.248308442468857, 2.95770065962884, 2.447821940427808, 2.2540539609729633, 2.3685471858686977, 2.300798555132558, 2.830217942231289, 2.5110860202813794, 2.5838317140314646, 2.055577393076157, 2.1284134849764067, 2.5526615878495442, 2.534963020181494, 2.3696605069523646, 2.0354939709312445, 2.6470419476680926, 2.1485250058400145, 2.4377086989955394, 3.202448390265972, 3.2837427112019317, 4.148956751432737, 3.7979879593928976, 2.493376343481492, 2.241368400597116, 2.6090772411177716, 2.591055284097024, 2.343993289571626, 3.1028493833144144, 2.2448682852259676, 2.0707330238726933, 2.5143626128339114, 2.3253781575962282, 4.180469647249345, 2.499122708864861, 2.8616875082402355, 2.2828432011327555, 2.5469995048276752, 2.4341158905267566, 2.906658581856038, 2.373830266849274, 2.64728076510298, 2.7110477580707957, 2.038665203131296, 2.556682301117465, 2.006151545877148, 2.6227620422594926, 2.433130139446327, 3.555970456983233, 2.093361922805498, 2.475381019430899, 2.2614845829036114, 2.6632636045897957, 2.61201811222518, 2.304014022125332, 2.3456013928477057, 2.071168835400329, 2.232710763024169, 2.314056577115207, 2.064349360896344, 2.0926215256539713, 2.128569599826993, 2.324361556286068, 2.5097627122737918, 2.6007322498028067, 2.383481352144149, 2.6849131770203396, 2.5394890462082844, 2.0654170975850206, 2.425570548264881, 2.401582105759327, 2.2815123250697384, 2.2103773508447646, 2.4850074320100317, 2.240288256111564, 2.07621142709342, 2.307493914396168, 2.8438306981143007, 3.122893612899516, 2.236986015108573, 2.245356575610754, 2.3938534748260416, 2.423111001983148, 2.4781843352760067, 2.7243928448717862, 2.295157781132631, 2.7054562464178646, 2.0371256969356626, 2.9900749210132243, 2.1492612640677318, 2.6548324163585755, 2.715120442476652, 2.0199863992317946, 2.321031818390129, 3.6527659214131916, 2.101191496816779, 2.5678873301957017, 2.8468820046936534, 2.7731146486386433, 2.7192541283933074, 2.473088607307269, 2.0930784481523452, 3.3984345404966865, 2.0685408633396323, 2.040524861838167, 2.207190548706499, 2.053299715938522, 2.164712124700425, 2.0917057303211983, 2.878361990308707, 2.5826187729193335, 2.034028276646979, 2.2595765464799653, 3.2836930399999176, 3.034446541123832, 2.207849880333975, 2.1902317203105115, 2.1433488500110665, 2.296371282470424, 2.0550236617517252, 2.6766384347307777, 2.133870472870222, 2.250635695064611, 2.1695094367941525, 2.283114327398433, 2.658795297662854, 3.3023958487867078, 2.120041583884766, 2.947502272450098, 3.075008958590018, 2.4072690315139895, 3.6503139990616047, 2.372854214552357, 3.4956898867797306, 2.3639717628314525, 3.37744041872127, 2.1057535542962595, 2.394589763731129, 2.306156861053113, 2.8723934610863977, 2.993158357105997, 2.0965432106680364, 4.32272781608789, 3.4575317945847033, 2.2909355393575934, 2.1741618320455043, 2.2772943554120806, 2.2636731855987056, 2.859820303534978, 2.2166661683058795, 2.4905052099154084, 2.1353665564034743, 2.2462223185013346, 2.2983651866291614, 3.9632967221999884, 2.1843219627444075, 2.2307367125372686, 3.682975166154205, 3.3397902642402624, 2.674476222994251, 2.5889548247471716, 2.1221199535360666, 2.8099514546383473, 2.565280328189433, 2.2661934392623824, 2.3024427335549147, 2.146923111789512, 2.2302032473563957, 2.373428577873877, 2.349753377498475, 2.152030959974046, 2.535220839306005, 2.4664558530272145, 2.3317212318142033, 2.500579761401312, 2.5231910516854477, 2.558255137654164, 2.3752694887439643, 2.3594002862477996, 3.0219657214756306, 2.988866777511568, 2.0576549555933266, 2.4183109807856704, 2.4003613522387135, 2.263684684056051, 2.1449497772743364, 2.325720620871631, 2.891737972760761, 2.3550503664117466, 2.402130466937852, 3.4277803171528882, 3.6941494440668547, 2.403348557292918, 2.5372358405332047, 2.0355318179053854, 2.0574590175184118, 2.1777207638498357, 2.4255308192538263, 4.1499149425867, 3.6644878621275234, 2.4375443430764396, 3.135066494789888, 2.4909764995077017, 2.022346473521922, 2.777589945980292, 2.465086277511444, 2.611876391238846, 2.3371079714734617, 2.2675014549175967, 2.0823790682963845, 2.276614071419213, 2.1421912585160507, 2.213853433386491, 2.582921142222196, 3.021017322583508, 2.4981509591096653, 2.2711388135647312, 2.117134643986802, 2.2556465658225027, 4.31754930205176, 2.0760231291887483, 2.2772776242431934, 2.043525034914908, 3.2500707304852656, 2.2437297480337626, 2.3932612540291127, 2.334853748373193, 2.236204856839208, 2.5302235291659945, 2.8223052210981687, 2.3427964092350875, 2.2631370113140834, 2.247800498737944, 2.227041631576775, 2.496438819160848, 2.521842935220065, 2.4361956453770546, 2.55994387710628, 2.6032521792679932, 2.6240506711827356, 2.9535432667494557, 2.2556935553193034, 2.2053932748036296, 2.9724537943955176, 2.593153495479582, 2.4529471394162905, 2.2790646897170728, 2.295411883813828, 2.67586649717168, 2.43911040402473, 2.556063660292067, 2.355739930685975, 2.3188373633484316, 2.793470530842482, 2.1263572872963508, 2.3108269620256907, 2.174166859448663, 2.5457165305152247, 2.693913349139808, 2.36731925508346, 2.6943636160644853, 2.2010596973842063, 2.212003403968108, 2.1053997313564317, 2.2555961256622714, 1.9989000576475933, 2.3261768948412205, 2.4675092401483663, 2.4893658170310804, 3.0029724338907697, 3.0123762506046687, 3.3063951730784984, 2.0277968524248, 2.6530930731582076, 2.5366911672584975, 2.1422783458569956, 2.6465163576667705, 2.1399464009493983, 2.4851806935520955, 2.0221241869302116, 4.133576400905575, 2.1212427180982925, 2.331789335154562, 2.2206006804261706, 2.120644024123786, 2.2962041936568025, 2.5267831611356484, 2.4904261513902233, 2.42715368862435, 2.52895822759042, 2.200898136748588, 2.2981842522363705, 2.237452853549036, 2.813154020217254, 2.965496916273853, 2.330211615020189, 2.226572177318359, 2.059405662395048, 2.1589978481578673, 2.321590017819535, 2.2860669052455878, 2.8096926367675286, 2.7734571592317505, 2.493181274073499, 2.6108274082412026, 2.1759865591178453, 3.317502058609951, 2.225391539275025, 2.379608131188286, 2.2702580202889897, 2.9434741609004256, 2.5090297519448725, 2.865973641001878, 2.7935624422100074, 2.284029986989154, 3.760798745102982, 3.189986178110545, 3.549138029799221, 2.092638463986197, 2.774602490996641, 2.420266684907944, 2.690396373249585, 2.5293243760544284, 2.1920050115552003, 3.792049055916662, 3.026651500597186, 2.358768311524438, 2.2594942365828405, 2.199637405022417, 2.19826553499801, 2.5423771002972804, 2.672867123032886, 3.0247493678557396, 2.455902367616837, 2.425735180148816, 2.110430416027493, 2.7465831705735537, 2.5455672033562693, 2.018518410438892, 2.525761473940408, 3.2506838628932986, 2.4313662761955217, 2.232284573947393, 2.064340156947635, 2.2990516124046647, 2.015296157006302, 2.1413993334469885, 2.2683644827942766, 2.5834327586305808, 2.2363889433944544, 2.2357558928408334, 2.263689264183612, 2.529894786891927, 2.687847231683139, 2.7874607106856075, 2.6476536391321086, 2.3564157821570615, 2.392729692552536, 2.0894042054112654, 2.3286126630796296, 2.2997963834180015, 2.3229985469652354, 2.2549178833594197, 2.17143090439344, 2.827647384927804, 2.7064009179304223, 2.317082385787886, 2.10853017745196, 2.2271371503744772, 2.4856841581649323, 2.5509331206246517, 3.6247005813015143, 2.176572308860587, 2.707989448085583, 2.2256365987362514, 2.664602700443602, 2.290369672987612, 2.6299396600543403, 2.3726619870106047, 2.538268596598282, 2.3294583074718775, 2.3896648767092614, 2.2149878276411066, 2.781963280108581, 2.5794326787192516, 2.2259703401009996, 2.546826280034827, 2.387717063644046, 2.330084251310584, 2.4661770258378226, 3.433382498547443, 2.341030458638984, 2.9199894262361585, 2.085802632235829, 2.8326332548789086, 2.8784998072873336, 2.6088788575368804, 4.260387201558536, 2.3365214721155994, 2.19875232012767, 2.3414391343281196, 2.3164270293046147, 2.4140351128250845, 2.5115486325426644, 2.705837224922828, 2.5030667194728444, 2.5862216110451044, 2.1360470266994986, 2.35712206175256, 2.7743857493444923, 2.1816024461740433, 2.2865514325608745, 3.05359875506096, 2.0801091255422666, 2.5009144080069676, 2.2295424461637285, 2.1212013132861847, 2.388012274743412, 2.0713785625341874, 2.2146628539625723, 2.1179010476059044, 2.115689860467842, 2.7824931934683796, 2.3182966277443464, 2.4276621797128675, 2.1843867323632815, 2.393350143903174, 2.72734096623021, 2.234031750608958, 2.5320349454730504, 2.1872892478797477, 2.282173007564832, 2.4256994491452604, 2.150338596316658, 2.689534194107122, 2.1185380961670246, 2.314441987045365, 3.236640039100916, 2.119934496207217, 3.629073053857419, 2.4713715361302637, 2.9678796147270172, 2.1841857163954113, 2.2920973828746427, 2.5462783236765913, 2.6014982209875916, 2.0106496141015535, 2.202199799282354, 2.6231951635818644, 2.31620189296128, 2.10283848535237, 2.1879734148066587, 2.1053937847965547, 3.217273387507588, 2.6727450339178294, 2.08382467888218, 2.5784852486174756, 2.2464452259240195, 2.5166208608187532, 2.0497790435800542, 3.9033488875773505, 2.1939851206245655, 2.317819962506604, 2.0462650744257975, 3.6579455883906054, 2.5501887541044486, 2.7522207368951275, 2.243648699462855, 2.6223472225874795, 2.7557179292252147, 2.257514708599319, 2.493066778049523, 2.7926696405784144, 2.459953962847028, 2.112776809374226, 4.111730335115711, 2.3430556227167427, 2.07316837963938, 2.6022027094672175, 4.120208477274074, 2.247103318012937, 2.405168486988734, 2.2948798762575673, 2.711032771504458, 2.141833877738256, 2.2299077615440086, 2.2342330245282906, 3.306274998463244, 2.0551236159440274, 2.655043846991297, 3.7722751196616686, 2.5035771282882107, 2.313721368308658, 2.3061300563411185, 2.4479084466829097, 2.2805282957285637, 2.2824634698456645, 2.622001475994599, 2.215359721263646, 3.0166076704556697, 2.998345925187495, 2.26674926098298, 2.181311898640956, 2.582121215121243, 2.131213202310939, 2.200300729822877, 3.425732321748755, 2.0755696525057536, 2.033830662771011, 2.795199365194616, 2.37621399156555, 2.1012611321825956, 2.7897165583322963, 2.1318372721048564, 2.1208943350333453, 2.3217576599144483, 2.275318811533782, 2.359439303265474, 3.972883919410968, 3.5315371430897384, 2.773939186850294, 2.2961584010806098, 2.1245047005419373, 2.4725096935312303, 2.909648468126468, 2.4545292680980793, 2.275217600029042, 2.1119868605553522, 2.3967424014889964, 2.272358992192572, 2.6048176719984975, 2.5612115726992486, 2.2301370765427486]"
-1.0,8000,0.6182499655866516,0.6182499655866516,0.003119230270385742,0.31463608464399057,"[2, 2, 3, 4, 3, 4, 4, 2, 2, 2, 2, 2, 5, 3, 3, 3, 4, 4, 4, 2, 2, 3, 3, 1, 3, 3, 2, 5, 3, 2, 3, 3, 2, 3, 3, 2, 3, 2, 2, 4, 1, 3, 1, 2, 3, 4, 3, 5, 2, 3, 2, 3, 3, 3, 2, 3, 4, 3, 4, 5, 3, 2, 3, 4, 3, 5, 2, 1, 2, 5, 3, 2, 2, 3, 5, 2, 2, 3, 3, 3, 3, 3, 1, 2, 2, 3, 2, 2, 4, 3, 2, 2, 3, 2, 2, 3, 2, 3, 4, 2, 3, 2, 1, 3, 4, 2, 1, 3, 3, 2, 3, 1, 4, 3, 3, 3, 3, 2, 1, 3, 3, 5, 3, 3, 3, 3, 2, 3, 4, 4, 2, 3, 1, 3, 3, 1, 3, 4, 4, 3, 2, 2, 2, 3, 2, 2, 2, 2, 1, 3, 2, 1, 2, 3, 1, 2, 2, 3, 2, 2, 3, 2, 2, 1, 2, 2, 2, 2, 2, 1, 1, 4, 3, 1, 3, 2, 3, 2, 2, 3, 2, 2, 2, 2, 3, 3, 3, 1, 3, 4, 1, 2, 4, 3, 4, 3, 1, 3, 2, 1, 2, 3, 2, 2, 1, 2, 2, 2, 3, 3, 2, 2, 1, 2, 2, 4, 3, 2, 3, 3, 3, 4, 3, 2, 4, 5, 2, 3, 3, 5, 3, 1, 2, 3, 3, 1, 2, 3, 3, 2, 4, 3, 4, 2, 3, 1, 3, 2, 1, 3, 3, 3, 2, 3, 3, 3, 2, 3, 2, 3, 2, 2, 4, 3, 4, 2, 3, 5, 2, 2, 3, 2, 4, 3, 4, 3, 2, 2, 5, 3, 3, 2, 2, 3, 2, 2, 2, 3, 4, 1, 3, 2, 2, 5, 2, 1, 4, 2, 2, 1, 2, 2, 2, 3, 4, 4, 2, 2, 1, 2, 1, 4, 4, 2, 5, 2, 4, 1, 2, 2, 5, 2, 2, 2, 3, 4, 5, 3, 4, 2, 4, 2, 2, 3, 2, 1, 3, 4, 2, 3, 3, 2, 3, 2, 2, 2, 2, 3, 4, 3, 3, 4, 1, 2, 5, 2, 3, 1, 3, 3, 2, 2, 1, 3, 1, 2, 2, 3, 1, 2, 1, 3, 4, 1, 3, 1, 4, 1, 3, 2, 2, 2, 2, 4, 3, 4, 1, 3, 4, 1, 2, 4, 2, 4, 1, 2, 2, 3, 3, 2, 3, 3, 2, 1, 3, 3, 2, 2, 3, 2, 2, 2, 2, 2, 3, 2, 2, 2, 2, 2, 5, 2, 3, 3, 2, 2, 2, 2, 3, 2, 3, 3, 2, 2, 2, 3, 2, 4, 3, 3, 3, 4, 3, 3, 2, 4, 2, 2, 3, 1, 2, 2, 2, 1, 2, 3, 2, 2, 3, 2, 2, 3, 2, 4, 2, 1, 1, 2, 3, 2, 1, 2, 4, 3, 3, 5, 2, 2, 2, 4, 3, 2, 3, 3, 5, 2, 2, 2, 3, 2, 2, 2, 3, 2, 2, 3, 1, 3, 3, 3, 2, 2, 1, 2, 3, 3, 5, 2, 3, 1, 3, 2, 2, 2, 3, 4, 3, 3, 3, 3, 3, 2, 1, 3, 3, 2, 2, 1, 3, 2, 3, 4, 3, 3, 3, 2, 3, 3, 4, 3, 2, 2, 2, 2, 2, 2, 2, 3, 3, 2, 3, 2, 1, 3, 2, 3, 3, 3, 3, 2, 2, 3, 3, 3, 5, 3, 4, 5, 3, 3, 2, 3, 2, 3, 2, 1, 4, 2, 2, 3, 4, 4, 2, 3, 2, 2, 2, 3, 3, 2, 4, 3, 3, 1, 2, 2, 3, 4, 2, 2, 2, 2, 4, 2, 3, 3, 4, 3, 2, 3, 1, 2, 3, 3, 1, 4, 2, 3, 2, 3, 4, 2, 3, 2, 3, 2, 3, 2, 3, 3, 2, 3, 2, 3, 3, 4, 2, 3, 3, 3, 5, 2, 1, 2, 2, 3, 3, 2, 2, 2, 2, 4, 4, 2, 2, 3, 3, 4, 4, 2, 2, 1, 2, 2, 2, 2, 2, 5, 3, 2, 1, 1, 3, 2, 3, 2, 2, 3, 3, 3, 1, 3, 2, 2, 2, 1, 2, 2, 3, 2, 3, 2, 2, 3, 4, 3, 2, 3, 3, 2, 3, 3, 3, 1, 3, 3, 3, 2, 2, 5, 4, 4, 2, 3, 3, 1, 2, 3, 3, 3, 2, 2, 3, 2, 4, 2, 3, 4, 1, 2, 5, 2, 4, 2, 3, 2, 2, 2, 3, 2, 4, 1, 2, 2, 2, 3, 1, 3, 3, 2, 1, 3, 3, 3, 3, 3, 2, 1, 1, 2, 2, 2, 1, 2, 2, 3, 3, 4, 2, 4, 4, 2, 2, 2, 4, 3, 2, 1, 1, 2, 3, 3, 2, 2, 3, 3, 3, 4, 2, 3, 4, 4, 2, 3, 2, 2, 3, 3, 3, 1, 2, 3, 2, 2, 3, 1, 4, 3, 3, 3, 2, 2, 2, 3, 2, 4, 3, 2, 2, 3, 4, 2, 1, 3, 2, 2, 2, 2, 2, 3, 2, 3, 2, 2, 2, 4, 2, 3, 1, 3, 2, 2, 2, 3, 3, 2, 4, 3, 1, 3, 3, 3, 3, 4, 2, 2, 2, 3, 3, 4, 2, 2, 3, 4, 3, 4, 1, 2, 4, 2, 3, 2, 2, 1, 1, 1, 3, 2, 2, 5, 2, 2, 3, 3, 2, 2, 1, 3, 2, 3, 3, 3, 4, 2, 3, 3, 3, 3, 2, 3, 2, 3, 2, 2, 2, 3, 3, 2, 2, 1, 3, 1, 2, 2, 2, 1, 3, 2, 3, 2, 3, 2, 2, 3, 3, 4, 2, 3, 3, 3, 2, 3, 3, 4, 4, 3, 1, 4, 3, 2, 3, 2, 3, 3, 2, 2, 5, 4, 2, 2, 2, 1, 3, 3, 2, 1, 2, 2, 2, 4, 3, 4, 2, 3, 3, 3, 3, 3, 2, 2, 2, 2, 2, 2, 1, 1, 4, 2, 2, 2, 2, 3, 3, 3, 2, 2, 3, 3, 3, 2, 2, 2, 3, 3, 3, 2, 4, 3, 2, 3, 2, 3, 3, 3, 3, 2, 1, 2, 4, 2, 2, 2, 5, 3, 2, 1, 2, 2, 2, 4, 2, 1, 3, 1, 2, 3, 3, 5, 3, 2, 1, 2, 2, 4, 2, 3, 2, 1, 2, 3, 1, 1, 1, 4, 2, 4, 2, 3, 3, 1, 1, 3, 2, 1, 2, 3, 4, 2, 4, 2, 3, 3, 4, 2, 5, 3, 3, 3, 2, 2, 2, 3, 3, 1, 3, 2, 3, 2, 2, 4, 4, 2, 3, 4, 3, 3, 3, 3, 5, 4, 3, 3, 3, 2, 3, 4, 3, 2, 3, 1, 3, 3, 3, 3, 2, 2, 2, 3, 2, 4, 1, 3, 1, 3, 3, 3, 1, 2, 2, 2, 3, 2, 4, 2, 1, 3, 2, 2, 2, 1, 2, 3, 2, 3, 2, 2, 1, 1, 2, 2, 5, 1, 2, 1, 3, 4, 2, 2, 3, 2, 3, 3, 4, 3, 1, 4, 2, 3, 3, 3, 3, 5, 2, 2, 2, 2, 2, 3, 2, 4, 1, 2, 2, 3, 1, 2, 2, 2, 3, 3, 2, 3, 3, 1, 3, 3, 1, 3, 2, 2, 3, 3, 2, 3, 1, 4, 3, 2, 3, 2, 4, 2, 1, 2, 3, 2, 4, 3, 1, 4, 4, 3, 2, 2, 3, 4, 4, 4, 2, 3, 2, 4, 1, 2, 4, 4, 2, 2, 3, 4, 2, 2, 3, 2, 2, 2, 3, 2, 2, 3, 2, 2, 2, 4, 4, 2, 1, 4, 3, 2, 3, 4, 2, 1, 3, 3, 3, 4, 4, 3, 3, 2, 2, 2, 2, 5, 4, 2, 4, 3, 1, 2, 4, 2, 1, 2, 3, 1, 3, 3, 4, 2, 2, 1, 2, 1, 5, 2, 4, 1, 4, 2, 1, 2, 2, 2, 3, 2, 3, 3, 2, 2, 2, 3, 2, 3, 4, 4, 2, 2, 3, 3, 2, 3, 2, 1, 4, 4, 1, 3, 5, 2, 2, 2, 2, 3, 3, 3, 3, 2, 1, 1, 1, 2, 3, 2, 4, 4, 3, 2, 3, 2, 3, 3, 2, 3, 1, 4, 3, 2, 1, 3, 3, 3, 2, 2, 3, 3, 2, 2, 4, 3, 4, 2, 2, 2, 2, 3, 1, 2, 3, 3, 2, 4, 2, 2, 2, 2, 3, 3, 2, 2, 2, 3, 4, 2, 3, 3, 3, 2, 1, 3, 5, 2, 2, 3, 3, 2, 2, 4, 2, 3, 3, 4, 2, 2, 2, 3, 3, 2, 2, 2, 2, 3, 1, 2, 2, 2, 2, 3, 2, 2, 1, 3, 2, 2, 1, 3, 2, 2, 2, 3, 3, 2, 1, 2, 3, 2, 3, 2, 3, 2, 2, 2, 3, 2, 1, 2, 2, 2, 4, 3, 3, 3, 2, 3, 2, 3, 3, 2, 2, 2, 3, 3, 5, 3, 2, 2, 3, 2, 2, 2, 2, 3, 2, 3, 3, 3, 2, 4, 3, 4, 2, 2, 1, 2, 2, 1, 2, 3, 3, 2, 2, 3, 1, 2, 3, 3, 2, 1, 3, 3, 1, 2, 4, 2, 3, 2, 3, 2, 3, 3, 3, 2, 2, 2, 2, 3, 3, 2, 4, 2, 2, 2, 2, 3, 1, 5, 1, 1, 2, 3, 3, 3, 1, 2, 3, 2, 2, 2, 3, 2, 3, 3, 1, 2, 4, 2, 3, 3, 5, 3, 3, 3, 3, 1, 3, 3, 2, 2, 3, 4, 2, 3, 3, 1, 4, 3, 3, 2, 3, 2, 1, 3, 3, 2, 4, 2, 3, 3, 2, 1, 1, 2, 2, 5, 4, 3, 2, 2, 2, 1, 2, 3, 4, 2, 3, 3, 2, 2]","[2.1846787954559455, 2.213488229640986, 2.6774393869947986, 2.560174100298142, 2.2053490297283864, 2.73016624276123, 3.889329368447605, 2.1330508009491216, 2.682879881599492, 2.2761347327189108, 2.02902651690216, 2.170483263665884, 3.4950315714917126, 2.586343690859884, 2.401346061967415, 2.6314136411702025, 4.1304685513194626, 3.687763819968171, 2.5190193948593858, 2.6729763860576456, 2.1312573474579652, 2.39681300667488, 2.735599602966486, 2.3773117007820277, 2.542737791058675, 2.1984728361605854, 2.6160297587107695, 4.324230201636484, 2.58843786969911, 2.896221868231236, 2.3810792640744807, 2.4485881890624266, 2.3457328907361066, 2.5044158948397612, 1.996218745117131, 2.606524026178541, 2.1035541128481734, 2.656929588460371, 2.1559185015422337, 2.3027614770934064, 2.018201613990182, 2.080400947293456, 3.710805161153369, 2.661708788554468, 2.4214404046444145, 2.7684720279251973, 2.756804856422873, 3.1541518862664892, 2.205396971281422, 2.344687203561362, 2.3649261400197474, 2.5047829326422884, 2.220484511369603, 3.037571875806031, 2.7879893803426796, 2.577946166775844, 3.5097453467381268, 2.7440686933752323, 3.0925411281341106, 2.5772540462487443, 2.5703112096528886, 2.2489246685806004, 2.7556878633797757, 2.8924652338897423, 3.0866746261270026, 3.0477031591108443, 2.207198397067179, 2.0590602641304008, 2.2280074024036907, 4.063239491738222, 2.1245032010883302, 2.1061359575694523, 2.5798170027780403, 2.4907634679800075, 3.999645850063885, 2.2547194886880746, 2.350024357917537, 2.228623744633609, 3.858174474915877, 2.634194559004479, 2.403590609978809, 2.3474116360344275, 2.2633172857676946, 2.2042277154375247, 2.0626099345625524, 2.2362624819988284, 2.07266861367562, 2.179667098564367, 3.5003236146807843, 2.1284524816224573, 3.9971131784071767, 2.1639709718627844, 2.2430175200213567, 2.1447128231481156, 2.006879055231881, 2.1428101237590207, 2.083863131875623, 2.3449993835621727, 3.0263244357240824, 2.271525749424046, 2.345733111883851, 2.392913479630616, 2.142557037428796, 2.6306433967004192, 2.59981881545076, 2.4708229181632992, 1.9911278862731985, 2.2615614826942894, 2.5111195779284334, 2.230829132909193, 2.600154879662065, 2.58559131960184, 4.056310973771721, 2.742094483441659, 2.523996223016997, 2.2735279574317415, 2.4027639413607567, 2.1943463629675275, 2.3659873426852944, 2.3293998611886284, 3.0967303077415096, 2.8141012343765213, 2.996815851145287, 2.764424548974505, 2.4617386798475227, 2.5682330568019003, 2.0524264507224217, 2.6337304630468483, 4.135428332162304, 2.747018848700129, 2.2681532375164375, 2.274228219824299, 2.000552165735357, 2.7218792674794057, 2.260403151440186, 2.1452881848772583, 2.063753651888948, 3.0522135120891094, 2.5888693909959666, 2.4785491855186614, 2.2509352214268348, 2.389969984726649, 2.23189337003161, 2.202231674976866, 3.696377052338493, 2.349245800099752, 2.2833593484751296, 2.225563861144743, 2.2531488433008877, 3.106971008738441, 2.730988538897665, 2.101128398722698, 2.118844441838386, 2.389599003864899, 2.321353463183695, 2.6723442259831405, 2.4838442363746154, 2.604169348268174, 2.226878908641177, 2.3144012124836317, 2.349447540118859, 2.3854349890635356, 2.096200421136428, 3.1731092161467815, 2.0557123325498283, 2.3645904912206923, 2.0242124143330047, 2.3799514452867765, 2.105464550488372, 2.520579598882623, 2.6244806233722824, 2.4264615569638517, 2.3563962007573838, 2.033145542445682, 2.336193824706822, 2.6713478123556933, 3.0160651835237964, 2.416605818469396, 2.5924863279237673, 2.3776043661561923, 2.1194899030187058, 3.5688127284768703, 2.2694531890268475, 2.403369987335236, 3.312940497450339, 2.6362762509647157, 2.503650263171709, 2.4486361236140963, 2.3753772002705933, 3.7058033372403063, 2.172678270507022, 2.3856072725005335, 4.2575839077285735, 2.3042860005249954, 2.27806890937294, 2.593058214461375, 2.2143242365206603, 2.4939837993750578, 2.0901411294771535, 2.043186469100334, 1.9865113367028153, 2.2320361218181444, 2.147323399530303, 2.0478972432576894, 2.1754990906300415, 2.1124384050427336, 3.0022007879053643, 2.2988816210356466, 2.18150539367315, 4.096527524081708, 2.0272348841759693, 2.02546965254178, 2.051636337776584, 2.4638744238631713, 2.488819251631012, 3.0446771649041864, 2.1283163794412756, 2.0755035447271233, 2.2165266311774, 2.2433276370762196, 2.2634410833287815, 2.481796158048288, 2.0671553851676414, 2.262688170148414, 2.133358077631136, 3.691607281086331, 3.378139538322319, 2.1274315499325334, 2.772924185971637, 4.318126571767348, 2.196636885294304, 2.2438706935162704, 2.1781890926035077, 2.4375431130609275, 2.478300929164945, 3.1265774171514393, 2.295053992561685, 2.4158498969476594, 2.546768263047368, 2.492202143805539, 2.6856413810010435, 2.308616145672897, 2.204444109540463, 2.2512711794300704, 2.345031385252865, 2.274452448311341, 2.581381534063363, 2.272768421513096, 2.1587594327271784, 2.4838763627181644, 2.4443660510336147, 3.697226245869932, 2.510552327965213, 2.930066554236018, 2.335333198708165, 2.499950522206698, 2.837714844433906, 2.639895021333927, 2.589882116833047, 3.620037596697985, 2.494141592534916, 2.1855864945993004, 2.054559333135336, 2.455551388953601, 3.436756115992395, 2.232684947600423, 1.9908747999429743, 3.1935722212154856, 2.641932110000462, 2.188651249419733, 2.3764812285686596, 2.1476428891690733, 2.448959402245219, 2.507370573206393, 3.520660984292572, 2.7791571051836916, 2.144934046091441, 2.460111887736731, 4.1405996906985365, 2.4826201095669296, 2.448781280644595, 2.2981087187182303, 2.9614565074246926, 2.1206419920507154, 2.041784348257328, 2.7404940961221027, 2.693211421123495, 2.8508092019810944, 3.011095843675952, 2.4341346743966534, 2.505117696145805, 2.38841140991606, 2.7708012526733765, 4.0716026005534705, 2.3576444816140176, 2.471861209384956, 3.834140074818982, 2.8863027669765113, 2.1841685738823076, 2.2130807712153646, 2.0590885751190022, 2.2567880226009054, 2.191224400319301, 2.8859323981427374, 2.3675728295593546, 2.7610449811576596, 2.7944928076083397, 2.0601400668866603, 2.241403088507537, 2.234323561394442, 2.6144097580772043, 3.781158376564764, 3.5918730746888365, 2.1179961517965595, 4.121640450747654, 2.253357190434168, 4.319800525888523, 2.2830875322808097, 2.7258185029398696, 2.156237464223541, 3.4277373572983905, 2.5157231346148636, 2.310734738697411, 2.32620965438054, 2.194430357420678, 2.840121642371618, 3.1072333094669045, 2.322555613334643, 3.029150919986375, 2.2669091986861347, 2.660524610510739, 3.716841030081074, 3.128311157183679, 2.627041438920207, 2.110423859063537, 2.4698911416921323, 3.3478806381917585, 2.5620876620124715, 2.256478037365505, 2.5131118355380364, 2.265284352386462, 2.5633383188066206, 2.322380117374155, 2.661726829387929, 2.740118827490971, 2.304315305907559, 2.1821138406185816, 2.3130575570082654, 3.7208330038230706, 2.195744949725871, 2.870477910208157, 3.0744641505631045, 2.0169070500996114, 2.679824177355364, 3.784425450365675, 2.1974874217979896, 2.0832367887274423, 2.138544981827006, 2.5510015415924836, 2.11280997155101, 2.219337429441249, 2.2818197624089227, 2.2325079571944073, 2.830995460301191, 2.488186905729532, 2.384292798240128, 2.5283366664894467, 2.8377049220713397, 2.368528275975075, 2.0625744296457222, 2.1998484987671847, 3.123381095286771, 2.365381767260214, 3.282783831418153, 2.6869128163536855, 2.1978693272495327, 3.7277751577381912, 2.226457489515737, 2.711936004223457, 2.033155556652993, 1.9975824980763963, 2.196318856749655, 2.4424582899281644, 2.577459436883491, 3.5093964943835667, 3.652681835056495, 2.017052711296863, 2.288730123065455, 2.5832893256113834, 2.0189977434714086, 2.33493356786193, 3.9715431293230727, 2.3412729892173276, 3.4559097796392697, 2.3737442088221843, 2.3401556163555637, 2.3599401403322076, 2.3731352665293883, 3.0933009614354603, 2.066398768192783, 2.2293720657454386, 2.329315625109421, 2.338437085518782, 2.3530322628083042, 2.6289213191025302, 2.3981651629783776, 1.9897741475212443, 2.047025096839147, 2.3695565529894207, 2.225010022691704, 2.0171414735889375, 2.1270642106007154, 2.3518174320600376, 2.2904616987790307, 2.2914310482645384, 2.2014316539048098, 2.3047772579943926, 2.323288926424555, 2.8136720870297403, 2.3292842369761213, 4.313194204334047, 2.26254158024763, 2.5079257853706416, 2.250621153926838, 2.502315293954348, 2.823361914764578, 2.0628675728051906, 2.1724319373703613, 2.5758446077881185, 2.1417153888234286, 2.666478693910887, 2.351406643065766, 2.1952264869019045, 2.1997578265785096, 2.1870739291209436, 2.271667576371521, 2.5794296350316004, 3.143401582543855, 2.1270933428401655, 2.391844007067535, 2.1993717975387193, 4.234961852470859, 2.1009502884920206, 2.407361794738836, 2.1475045110316846, 2.404731990347535, 2.076040670391987, 2.3797340251797774, 2.898365836463252, 4.04213502209791, 2.27380904330366, 2.219380617996483, 2.0792089550941535, 2.9577188827726655, 2.1946611125129984, 2.715354673376025, 2.35527506472979, 2.220530940876227, 2.495244019662352, 2.1305172290934946, 2.0864007483714277, 2.47496748902904, 2.3793488612147837, 3.208352138065866, 2.114595231599821, 2.234802788640013, 2.2802611462746825, 2.49791574131836, 2.1931289243378345, 2.4844454264449847, 2.1102854809261484, 2.5557758337863894, 3.423790094930626, 2.262443773775428, 2.1564639032967463, 3.6269775979608214, 2.7201940472870856, 2.144705540088253, 2.1615998260735787, 2.3172086896804927, 2.3925924481621084, 3.297599204117523, 2.371898967117718, 2.3681063136942875, 4.453851177554908, 2.3031599635136617, 2.5788733231438705, 2.900628730717074, 3.2638342823028026, 2.3564001938903454, 2.7043547865340622, 2.19917474105484, 1.997050834706429, 2.146737058598667, 2.1446208745173507, 2.700434512057112, 2.7558595729907998, 2.466155387173878, 2.091066533270941, 2.2460464943611633, 2.163242845503973, 2.4192882604550268, 2.1598827995228542, 2.527086025673876, 2.1329451965811144, 2.2791559274839615, 3.360810862953071, 2.168799585938965, 2.318248539195719, 2.111109377073101, 2.4357314519201148, 2.114300722866629, 2.976951430800842, 2.006186522921533, 2.421632040157048, 3.1864009709302836, 2.4567730186573353, 2.055328151142078, 2.431588767189383, 2.6350522481127414, 2.292960112851198, 2.6601052900491178, 2.5814201863302877, 2.367713771338267, 3.0015763026535263, 2.0011862471346413, 2.043218332487233, 3.035446431822141, 2.522953876397819, 2.2389960103558844, 2.7696718977776262, 2.566180809360333, 2.102802654373164, 2.791873226570136, 2.3905437109554595, 2.0595833679984152, 2.414798715459381, 2.288030246794862, 2.313988900882253, 3.2753137979550004, 2.2814215447477464, 2.2313793844450003, 2.44856966569285, 2.31478524628999, 3.119747771693586, 2.3867490515024294, 2.0440044477611483, 2.5017407031363663, 2.6899566588355492, 2.4342497673786854, 2.6003922259596512, 2.5531109740410614, 2.7658068671893385, 2.9239493707502766, 2.2279530295156196, 2.235354114364995, 2.505349036884652, 2.3581321207213257, 2.392642501833251, 2.2159479436382457, 2.1415128287210012, 2.348376605779755, 2.4576256331761486, 2.4689739570402374, 3.5051966129176018, 2.297167666643298, 2.4832934838856624, 2.505371700363985, 2.7176996359188417, 2.0291111824730623, 2.332592784201963, 2.5309432920986996, 2.153531851921149, 2.3616649941885828, 2.3466654514074827, 2.512859692367922, 2.4180150577751753, 2.0368682828500972, 2.5098743328928457, 2.0238865520168554, 3.4904511052173737, 2.6481499076040325, 2.636884510025655, 2.2879639337854787, 2.242129635993387, 2.318914705129647, 2.102783018885224, 2.840007090333615, 2.0182107178150104, 2.2824519672630132, 3.6527599000908078, 2.2401927972611864, 2.21322779798634, 2.1155260976885053, 2.50954328654254, 2.074249948048279, 2.253273138255418, 2.2384821885759667, 2.089639963920361, 2.2344901613887984, 2.179102232615225, 2.310553660547436, 2.551978531181425, 2.4012048366838687, 2.264959083368699, 2.7338453723772798, 4.142908126038549, 2.2285030309905287, 2.157572749160822, 2.722668414181794, 4.072813562917573, 2.1447474176824626, 2.2541404093897666, 2.0162870796288104, 2.245237574337052, 2.5180649775532102, 2.4790179727330517, 2.3791772685733488, 2.517678739776173, 2.2601628104647213, 3.4641462016069164, 3.1618956837802363, 2.3236375406509158, 2.4307732030775475, 2.2128728110825997, 2.0435947756438795, 2.7791996759892585, 2.4363457332417857, 2.6376511143407493, 2.613966832004698, 2.143799254326605, 4.07835757631144, 2.5696766517129155, 2.1517334787092484, 2.6328759762558542, 3.724583552501665, 3.734916197933436, 2.2227867871888813, 2.770921231003604, 2.5419385708861317, 2.7628427111940823, 2.2691104300220655, 2.3859719364651313, 2.0235086886737848, 2.1056789455630764, 2.9111025038742935, 2.5592766349490184, 2.1344472184523684, 2.3760460601046827, 2.089888953529412, 2.1600540588823085, 2.934664749996616, 2.890170839280232, 2.5795559244754047, 3.320332283042853, 2.111246844828007, 2.41997897083288, 3.977177476325685, 3.321526389155637, 2.172299096202927, 2.6826944912252033, 2.425166163881595, 2.9153565751371233, 2.400244499163202, 2.2183716932544213, 2.085478605591388, 2.646173764640114, 3.9431541227783455, 3.0041809396452033, 1.9925617386836407, 2.8919077939821576, 2.1281698078615414, 2.8036101851981794, 2.526414095499806, 2.6284425043493065, 2.6011956998867496, 2.3440528545391186, 2.308671431475156, 2.547006968325853, 2.458780217947933, 2.003061635049252, 2.7919362862873034, 2.076356573113526, 2.301874033800101, 2.2320725371174572, 3.79342255228465, 2.076369773659527, 2.1227621981781466, 2.650170527224199, 2.3834745896121814, 2.147537284801066, 2.448572285114602, 2.9368788213402195, 2.0595200964158593, 2.795858990185763, 2.10140014789382, 2.375967011242202, 2.189366417124548, 2.5779684711466735, 2.1687113334508314, 2.414373105430278, 2.3497466366475765, 2.216481112053259, 2.1291742844760484, 2.182099288955433, 2.0304148501884614, 2.102655110146388, 2.2260377899021084, 2.2131408564592308, 4.051867858957186, 2.2635207857395376, 2.812293706711127, 2.826566192688062, 2.6373741603215404, 2.9917247579841226, 2.181693258368095, 2.577091317624476, 2.448720107139524, 2.680443423679196, 2.084331523663034, 2.0897871771234984, 2.4676092679989425, 2.6290343429733243, 2.1207098155456854, 2.759452284488939, 2.5542512269485083, 2.609553025535619, 3.0418420899117007, 2.2720371503358945, 2.356842184585755, 4.144391888930725, 2.553600218206131, 2.99626890672131, 3.3936384966176774, 4.042308517743075, 2.2538321905032803, 2.8088498909654507, 2.213866754669818, 2.2424273310652696, 2.1382613976836073, 3.132312857825724, 2.2307076647494846, 2.7038744971012756, 2.3386983721842225, 1.9987518843755794, 2.987638951202417, 2.103155323997046, 2.5154874367295257, 2.468977185581129, 1.9981118854901565, 2.609917710926751, 2.2436242913103333, 2.5683629058724913, 2.6419709872796044, 2.596467066993239, 2.3635569048684677, 2.2149057127287985, 3.6800526657874135, 2.911949551145822, 2.1284051417333507, 2.0840091591324814, 2.0562227456757833, 2.0643482207818638, 2.4920360071399097, 2.9653273646100113, 3.148662935762248, 2.2624255661257715, 2.9991294928942116, 2.39559296213179, 4.16863315488486, 3.58807082257884, 2.290339446419113, 2.729158929341955, 2.4903561761120887, 2.5477080118131354, 2.2118909624073493, 3.887569677964053, 2.141077080247686, 2.0844488883282604, 2.2581394853966525, 2.624860685464798, 2.139114403475948, 2.1976507049983702, 2.0264087120728096, 3.3706848713617426, 2.504228811239541, 2.6394815430089, 3.534279915666972, 2.5757995545244095, 2.5291417461335506, 2.4656250423474955, 4.0334805162131016, 2.1502303054106493, 3.7001007483209314, 2.186429916161651, 2.3437346011863154, 2.1326233989674996, 2.344594912632581, 2.356816722789389, 2.0176144172887627, 2.2159510139782266, 2.643927038812768, 2.244747703294134, 2.1788425249109, 2.3116699345798843, 2.5457993621602757, 3.430009843754448, 2.2301530847840647, 2.6774545133352396, 2.59670546302872, 2.5299981145205943, 2.080653578432439, 2.7807018866124884, 2.254068757932703, 2.2250759708090087, 3.2479825655561485, 2.4545171164873656, 2.4592495214820036, 2.293712543973249, 2.867883804810292, 3.826796536785869, 2.335746808178168, 2.496466890191013, 3.033277266622717, 2.1857069898229886, 2.330533521619885, 2.3652729824566534, 2.119552264218779, 2.129761156441512, 2.512213997144105, 2.395062146879746, 2.808977235815746, 2.135194619876702, 2.0535438014757497, 2.579790601686039, 2.5203855411377436, 2.9604866322374037, 2.139105101294086, 2.09133036592769, 2.2862583723600376, 2.247763930915004, 2.076801294956384, 2.0667674730983254, 2.7843191184767533, 2.6430530953908504, 2.049977467230934, 3.6606311737309696, 2.44626033174884, 2.0487498164528506, 2.605654809067833, 2.5553036499514037, 2.254987050642213, 2.601753670481476, 3.7326066744517794, 2.236265552338809, 2.475642483027351, 2.270095867552503, 2.3962070151164525, 2.6764923837661123, 2.9566850249330088, 2.598867149157743, 2.30652667413049, 4.144387269236124, 3.322721133608545, 2.2424327933601664, 2.8518716415452112, 3.6205497067416887, 2.0864640946290414, 2.722575148193827, 2.147413472783403, 3.1643909139258573, 2.746983343783299, 2.5318803303038258, 1.9973640062805194, 2.4329083413843113, 2.310366585500656, 2.1995617282850963, 2.0868773191446075, 2.528615698720431, 3.967034278114402, 2.153397657887844, 2.096513717725263, 2.2821825498283266, 2.509163477223111, 2.296057508454022, 2.344119010931074, 2.091871311385754, 2.518848947326205, 2.0035605246498376, 2.3370037361075644, 2.139388906388581, 2.129699118613218, 3.4882559919825846, 1.9489384584130298, 2.629569778328509, 2.634317693508213, 3.0000398309478964, 2.752702298758191, 2.9572970993450913, 2.5750771297326414, 2.0735821824971303, 2.558799139336779, 2.15208255577871, 2.65456044094041, 2.5112784126079624, 2.3477738364431278, 2.3862742870376388, 2.138119833207529, 2.3550888168369957, 2.0801154105656297, 3.315048367073842, 2.3358211492623804, 2.2994587933461905, 2.701299233794623, 2.372298949763632, 2.2093059099208463, 2.336671776677831, 2.0727783147647996, 2.4222784117198506, 2.1628952822296457, 2.524076377999137, 2.2141576232372557, 2.0799188997688027, 2.410701532877063, 2.100766534974825, 2.5546501458463817, 2.4549136660243853, 2.6493590900337787, 2.3275636140835907, 2.6753899105794168, 2.4613449116780775, 2.313228731509098, 2.1120742933732566, 2.4073903268751824, 2.710898553147478, 2.610777137612993, 2.1879657314101695, 3.6978688371904704, 2.5498250138546066, 2.703546173760933, 3.03648199878922, 2.113296115796836, 3.4075679797709357, 2.3668531722066852, 2.1896092606445055, 2.2541734787853023, 3.912379284446262, 3.795943346007891, 2.1967497910358085, 2.3078696852855076, 2.252867535113696, 2.369138294503124, 3.8486004601293566, 3.5921538684486247, 2.857441385694975, 1.9996601445641435, 2.0650461726992804, 2.6087879407221477, 2.1006668348039077, 3.7077167470575736, 3.6172277237588215, 2.996375036894495, 2.549567405769737, 2.5194859941130825, 2.72221302170861, 2.396741779966488, 2.252599882663747, 2.346519916392505, 2.807633601851416, 2.018807018341258, 2.4421082260210314, 4.2412961633310395, 2.2896012566808315, 2.0836200597527097, 2.075830827229697, 2.4961591251315918, 2.1738676105457695, 2.4401940684766106, 2.2968605430106317, 2.1842998553919957, 2.214347630704769, 3.3048378921026083, 2.0715156142611275, 3.5708426922996956, 2.4778780447734507, 2.7216261422376737, 3.4578243923749317, 2.234725950451849, 2.7099170436647597, 2.128136145552166, 2.1022621482855888, 2.6444670857250676, 2.7785291792906612, 3.1540154484987557, 3.4234355687357545, 2.3966977658873927, 2.7163111202767425, 2.736791831382713, 2.026552918564702, 2.4904945939199745, 2.509780704135965, 3.0323085617461634, 2.4489194881705747, 2.5258024631865648, 2.132647446896532, 2.4598109240873955, 2.498512139113727, 2.444561016213318, 3.1415056526232954, 2.5237382455818267, 2.483155766069858, 2.436965942225744, 4.1907660504279995, 2.3752368844909797, 2.0033151765707173, 2.5649186681217397, 2.287545300420187, 2.751395512486289, 2.1950922054856887, 2.661155658620682, 2.538939220149106, 2.297447313433963, 2.326716310463481, 2.280001348074546, 2.3100082121524688, 2.513255646483389, 2.6461466779737837, 4.242229230700873, 2.967079622586529, 2.2000700464464655, 2.1317616806238586, 2.4382554873537345, 2.200865175049399, 3.6439083154281016, 2.551690682810929, 2.228347810777208, 2.3843725727060843, 2.5074028597658953, 2.1112536726966282, 2.378898823353068, 2.032810521692004, 2.5611602287164725, 2.2308377068677223, 3.038939662181358, 2.7257002712618905, 2.9584964273205125, 2.1727528766824884, 2.9106870794417543, 2.4932175305532627, 2.5754612915747264, 2.357629694346548, 2.5385251307553913, 2.4261770624379704, 2.100113322254353, 2.822134569992861, 2.1334350049509343, 2.926325343819045, 2.2727891820469326, 2.5762811750964882, 2.230557253282785, 2.2466140406324393, 2.4222806876760576, 3.2390180589540534, 2.210987904308043, 3.7509060134044514, 2.423373875075424, 2.1013186686616074, 2.606105586897271, 2.2360614815541466, 2.8893070423817804, 2.4937016033994457, 2.197471647137923, 2.2900919823260044, 2.2864957557964165, 2.930631044127198, 2.588320746078746, 2.6290800844127387, 2.0260413727409916, 2.112626984671963, 2.3839730684580767, 2.4980863033055902, 2.4492070909498334, 2.044173778902953, 2.663896903998956, 2.1029789081524135, 2.399296398071904, 3.2784922708473188, 3.35189911913043, 3.9730088168198634, 4.013262038905649, 2.488432357396863, 2.281706274877949, 2.677458264090571, 2.6236681492085667, 2.307660894508727, 2.984413830487479, 2.212239640065798, 2.07568653160617, 2.5117548357723347, 2.3475482480195504, 4.23066471669666, 2.4831194543587567, 2.9434781820973166, 2.3133834965311775, 2.548074515830825, 2.398427437992052, 2.776438571186025, 2.4353953614155146, 2.712051622798775, 2.539706888508634, 2.0449407761447294, 2.4990005141276357, 1.991097388460024, 2.694059767142198, 2.4876708493170585, 3.329235182744523, 2.11085210489007, 2.454387464949315, 2.23924827543526, 2.699815002977082, 2.6224918246478346, 2.2744839298492874, 2.3264448979531864, 2.042638341638914, 2.298781036181793, 2.3439225951690177, 2.0511527710162554, 2.0350009019456703, 2.073387863645031, 2.325902546568627, 2.5291950781838533, 2.6885374219136393, 2.4377295821014666, 2.710031167378596, 2.493242521642405, 2.0590011438817175, 2.238285699621628, 2.2324838320586124, 2.086017250491927, 2.2151336611200625, 2.4797055200481792, 2.2546341323216095, 2.100001345208966, 2.34233534331022, 2.689248286911046, 3.07671286319742, 2.1991588973254967, 2.225640056541975, 2.3886895317645616, 2.464735190500678, 2.5077478055952502, 2.7996714292302305, 2.2703823090256234, 2.7144819945594794, 2.0445684297092557, 2.793061081217656, 2.177054300838672, 2.6611957443630794, 2.6659829352773023, 1.994443499275631, 2.2996300301115826, 3.8138451002572045, 2.1290328504552556, 2.5706799784761447, 2.8123956738222153, 2.8595949863471946, 2.6071934126963576, 2.4911156752460424, 2.081091017215434, 3.5199568712242972, 2.0291767300118257, 2.022400753192192, 2.269618891049219, 2.0714700951369864, 2.144396010044094, 2.110451536597629, 2.8286353335816243, 2.58657615081079, 1.9978396811277932, 2.2404384743492747, 3.069975423924714, 2.8608853476159832, 2.2008089522865606, 2.2425274108738202, 2.128177869484425, 2.3166554111744344, 2.0718870503141185, 2.698578247206642, 2.1666291449682866, 2.2571367737668835, 2.1455562925184486, 2.256295138450564, 2.4810894550840175, 3.3842572339318155, 2.078027994028333, 2.927618757449799, 3.120458495848079, 2.378950510598025, 3.689319064217937, 2.382020654174417, 3.5083157453464713, 2.37744701779212, 3.5148792129263655, 2.130136234024434, 2.3428880077418515, 2.3324276094260323, 2.7053983114550753, 2.9842982397348727, 2.0478880076133987, 4.403010223646685, 3.476096991027827, 2.2596536299255, 2.1466815252672147, 2.2794672927496626, 2.2627674147480707, 2.959242587681759, 2.182428847414214, 2.4775741483175, 2.0937962404706205, 2.256069350305776, 2.296625238051976, 4.036475443250271, 2.167780191798351, 2.275313788670503, 3.6664902476001897, 3.438763347286388, 2.5078718604064987, 2.6073293630728065, 2.111104825160687, 2.768412080029487, 2.621940653713508, 2.2403871639212687, 2.318123858119224, 2.140093542430284, 2.2316825418117796, 2.311688737300643, 2.329566455545796, 2.1413289314594715, 2.528245433255562, 2.430126418525705, 2.3801186311243083, 2.436570268409681, 2.47877685270894, 2.519181131691069, 2.385082195789085, 2.3778792696473663, 3.1071366117342194, 3.058387544795933, 2.049533655770559, 2.484086673482194, 2.413253334976409, 2.2397803939964684, 2.163493476250545, 2.3135900761480155, 2.902069816803329, 2.3834067875437457, 2.4136812147433346, 3.619013675847811, 3.7657009600965807, 2.367996219678426, 2.563784319137647, 2.0211931308287303, 2.0724760677805034, 2.147542291904722, 2.261265892504609, 4.1663670553586964, 3.7521477977050814, 2.4682260521310537, 3.046231934678196, 2.4820366090081416, 1.9950143090923596, 2.7183128222678827, 2.4518975688588007, 2.6253391763181417, 2.32650802559476, 2.2407035218340488, 2.078503255008017, 2.265897309724008, 2.18492869544748, 2.2290718751304293, 2.685715461047708, 3.048338515391394, 2.551853831375341, 2.310552662200847, 2.0869092716631403, 2.204867524026312, 4.1704880408725575, 2.0606789241848555, 2.2615861923090828, 2.0001365761319496, 3.3113910758333858, 2.2563538994443575, 2.391023677775456, 2.3904606174528014, 2.2561238985796876, 2.353078995326994, 2.681564733431098, 2.3517610429588025, 2.239647933345218, 2.212948828019915, 2.20792806862716, 2.4961837386447936, 2.576225322932217, 2.4417821630127907, 2.566799125404565, 2.62272593805443, 2.707478560515264, 2.8567475510891898, 2.2378476519854407, 2.1781123981596777, 3.0838024477679946, 2.636693668896795, 2.4489615853517046, 2.2435002168212734, 2.280792393245355, 2.755764893212586, 2.445615019344856, 2.5679686411881537, 2.3540041707837727, 2.2990992771240983, 2.865476751861494, 2.125535119632607, 2.319449103723427, 2.2156521465380914, 2.33720113132138, 2.7601297220264693, 2.313302534754766, 2.6945108735873076, 2.1761768703885016, 2.2102910611301434, 2.130050658071049, 2.327305913576393, 1.9893435366068701, 2.3468540267637, 2.317398436942367, 2.526739246761387, 3.0647945456158885, 3.1252396411254493, 3.338289866187928, 1.9963325429274836, 2.7141505991378483, 2.5930988485803543, 2.129693765543721, 2.6955796651538435, 2.138406148498376, 2.48892753079246, 2.0179503484249235, 4.193855888574693, 2.1338824579412408, 2.325221655146535, 2.2038928729471152, 2.156727459025523, 2.2706353953558476, 2.532907412818452, 2.4590985322325274, 2.374641156033233, 2.5363151049069352, 2.162204968149906, 2.3142122693264997, 2.233435938473692, 2.9198012232431987, 2.9061360148718394, 2.302614538286537, 2.2283269466551605, 2.003977479826969, 2.188993553233274, 2.3240985534421132, 2.288476587181178, 2.658001821084054, 2.6467604928612434, 2.5247804283943127, 2.444020712763204, 2.1036206330339784, 3.41568984544281, 2.1954672417449594, 2.408233941157378, 2.310339632699867, 2.805855242897605, 2.3460819551291223, 2.8949510263662135, 2.8558625657916803, 2.314434807503862, 3.7098436321651445, 3.031946302185803, 3.6968223525264685, 2.035004998666843, 2.7796627558189333, 2.4653909761676878, 2.511722323117588, 2.492901439461606, 2.1969766972251272, 3.829287436663513, 3.128692266691546, 2.4081832196780315, 2.2822691108392523, 2.144146123341608, 2.2118963222815635, 2.6056483831419297, 2.5414005515297107, 2.898303043239779, 2.4721484022806592, 2.3964004713940517, 2.1312673842593384, 2.7623621558339653, 2.540332167612381, 1.994088450107331, 2.515029514340667, 3.215015700619471, 2.431680283222969, 2.25517573522383, 2.028160743160998, 2.332052842122489, 2.0162989146010872, 2.1387575561367447, 2.261424675260968, 2.394780198849282, 2.2345223350550762, 2.2692976298176424, 2.2478279411011055, 2.563158321181076, 2.608355960943355, 2.6901885580879012, 2.4783947229348686, 2.2641680676848233, 2.4114075344924903, 2.0869050858103337, 2.301463540431983, 2.340473611132852, 2.3001057049588565, 2.231721596595202, 2.17819092782505, 2.681749975036466, 2.7204120286664186, 2.3513571445833374, 2.061838385408362, 2.2485717649132217, 2.4702848407923006, 2.654101601276198, 3.669225933460126, 2.193244129045563, 2.5389672027413424, 2.2510904685072304, 2.5960312920225648, 2.2922140544065264, 2.7061964422769345, 2.394492206121849, 2.3599795451966585, 2.3327043099205818, 2.3957229127833366, 2.271504748362382, 2.707616790558219, 2.586261869329655, 2.2536485686088987, 2.473626925697319, 2.43964143992809, 2.3587271315164346, 2.405664035570366, 3.553876600537034, 2.3238725217521665, 2.8652428051095047, 2.0223004792996195, 2.733585291346996, 2.804125373800088, 2.3770574101918895, 4.252471033632604, 2.3194440352337624, 2.1756188059265322, 2.3350225630299732, 2.2771781880776056, 2.3773453065596017, 2.5329918082660985, 2.517934243314057, 2.5136427519550812, 2.3790445052252793, 2.114473240347123, 2.4012054624865193, 2.8118765256279845, 2.1723583256770107, 2.2453109675796035, 3.1191168766329915, 2.1009440462699267, 2.4835527964205792, 2.254512521585095, 2.13387244373393, 2.453768797787679, 2.075842662201974, 2.2024567445804655, 2.1125618176493837, 2.089037216041676, 2.795267139990974, 2.378286526337107, 2.4198563391243066, 2.1721443311808475, 2.409080216350217, 2.569114762236512, 2.1969775304008476, 2.5830388463847425, 2.1983135192260916, 2.2346676446492966, 2.406740456162606, 2.186899218331545, 2.534503597428073, 2.0651463147723903, 2.2699953594197857, 3.3032858686259643, 2.156555851927511, 3.731828567960763, 2.4527672185666876, 3.0412308307323426, 2.1922038866036546, 2.292631919966141, 2.6412220171814895, 2.6917985075101574, 1.9921852955269945, 2.2224322200788977, 2.609523966638458, 2.367431265083276, 2.1064413908924386, 2.1849504128076056, 2.113762142496406, 3.370776406124918, 2.7329595989153423, 2.055863089982369, 2.610366239667057, 2.2356108422251504, 2.4771877800851767, 2.0016491766271556, 3.908274825022466, 2.17446580651204, 2.1637680556183665, 2.0237890864784935, 3.7158219048961874, 2.485676208190069, 2.8456787888256923, 2.21182153909851, 2.651283191745354, 2.751745489465691, 2.2835651495289473, 2.4608094340436044, 2.664233249707639, 2.450656262343475, 2.1385376096355095, 4.11960277294725, 2.3534137130686057, 2.076275549072555, 2.4889799636261625, 4.103618264903388, 2.2332926279077054, 2.3684363896088696, 2.3065872145655972, 2.789737424709327, 2.1618524572125613, 2.164601311931313, 2.252642230102423, 3.433117213211811, 2.0489214235508624, 2.727738905418572, 3.778509713029437, 2.5625563640792617, 2.3668313230270974, 2.2730360739630453, 2.4596815255190787, 2.3128236113042426, 2.277660677504452, 2.4721904663144465, 2.1473692966389235, 3.060369478100252, 3.10932820896668, 2.242998976589423, 2.1968678318433725, 2.5978149731102613, 2.11419153158139, 2.1826960302163454, 3.472825482207004, 2.0998461249956453, 1.997791886047445, 2.785110011646181, 2.4279254519962272, 2.1290496925311877, 2.854747563928309, 2.1335632384257264, 2.1567879994606303, 2.301765224772354, 2.244553877092454, 2.3897041787412117, 4.029517822531254, 3.4606940525967507, 2.593790501170095, 2.314486568850097, 2.088691800564503, 2.4900882540014795, 2.7971262426018493, 2.4644013678147996, 2.2655595578228818, 2.131643827415985, 2.3893882503201263, 2.2418783704281284, 2.6029963962816454, 2.5610962129975006, 2.2204922082970553]"
0.1,8500,3314749.1887452113,3314749.1887452113,0.0410456657409668,656.9994980231052,"[4, 2, 3, 1, 4, 2, 3, 1, 3, 3, 2, 2, 3, 2, 2, 2, 4, 1, 2, 2, 4, 3, 4, 3, 2, 2, 2, 1, 1, 2, 5, 3, 2, 3, 1, 3, 3, 3, 2, 2, 1, 1, 1, 1, 2, 2, 4, 2, 2, 2, 3, 2, 3, 3, 2, 3, 3, 2, 3, 3, 2, 2, 3, 2, 2, 1, 2, 3, 2, 2, 2, 3, 1, 1, 3, 2, 2, 3, 3, 3, 3, 2, 2, 2, 2, 4, 3, 2, 2, 4, 4, 1, 3, 2, 1, 2, 3, 2, 2, 2, 3, 3, 2, 4, 3, 2, 3, 2, 2, 3, 5, 4, 5, 4, 2, 2, 1, 4, 3, 3, 3, 2, 2, 2, 2, 2, 2, 4, 2, 2, 3, 3, 2, 2, 2, 1, 3, 2, 3, 4, 3, 4, 1, 2, 3, 4, 2, 2, 2, 3, 2, 2, 3, 3, 3, 3, 2, 3, 3, 2, 1, 3, 3, 3, 1, 2, 2, 2, 3, 5, 3, 2, 2, 1, 1, 3, 2, 1, 5, 3, 4, 4, 3, 2, 4, 1, 2, 2, 1, 1, 2, 2, 5, 2, 3, 4, 1, 2, 2, 3, 2, 4, 1, 3, 2, 2, 1, 4, 3, 3, 2, 3, 3, 4, 3, 2, 3, 3, 3, 2, 1, 4, 2, 3, 2, 2, 3, 2, 3, 5, 2, 2, 2, 3, 3, 2, 3, 2, 1, 1, 3, 3, 2, 2, 3, 2, 3, 4, 3, 3, 1, 2, 2, 2, 2, 2, 5, 3, 3, 3, 3, 4, 2, 4, 3, 2, 3, 3, 1, 3, 4, 2, 4, 3, 2, 3, 2, 2, 3, 3, 2, 3, 2, 2, 4, 3, 1, 3, 3, 2, 3, 4, 4, 2, 5, 2, 2, 2, 3, 2, 1, 3, 2, 2, 1, 2, 4, 2, 3, 2, 3, 4, 3, 5, 2, 1, 2, 5, 3, 2, 2, 2, 3, 5, 3, 2, 2, 3, 3, 3, 3, 3, 1, 2, 2, 3, 3, 2, 4, 3, 2, 3, 3, 2, 2, 3, 2, 3, 4, 2, 2, 2, 1, 3, 4, 2, 1, 3, 3, 2, 3, 1, 4, 3, 3, 3, 2, 3, 2, 1, 4, 3, 5, 3, 3, 4, 2, 3, 2, 4, 3, 4, 2, 2, 3, 1, 3, 4, 3, 1, 3, 4, 2, 3, 4, 3, 2, 2, 2, 3, 2, 1, 2, 2, 3, 3, 1, 3, 2, 3, 2, 3, 1, 2, 2, 3, 2, 2, 3, 2, 2, 3, 2, 2, 2, 2, 2, 2, 2, 1, 4, 3, 1, 3, 2, 3, 2, 2, 3, 2, 2, 2, 2, 3, 3, 3, 1, 3, 4, 1, 2, 4, 3, 2, 3, 1, 2, 2, 4, 3, 1, 2, 2, 1, 2, 2, 2, 3, 3, 2, 2, 5, 1, 2, 4, 1, 3, 2, 3, 3, 3, 4, 3, 2, 4, 5, 2, 3, 3, 5, 3, 1, 2, 3, 3, 1, 2, 3, 3, 3, 4, 3, 4, 2, 3, 2, 1, 1, 3, 2, 1, 1, 3, 3, 3, 2, 3, 3, 3, 1, 2, 3, 3, 3, 3, 2, 2, 2, 4, 3, 4, 2, 3, 5, 2, 2, 1, 2, 4, 3, 4, 3, 2, 2, 2, 2, 3, 4, 3, 2, 3, 2, 2, 2, 3, 4, 1, 3, 2, 2, 5, 2, 1, 4, 2, 2, 2, 2, 2, 2, 2, 3, 1, 4, 2, 2, 3, 1, 2, 1, 3, 4, 4, 2, 5, 2, 4, 4, 1, 2, 2, 5, 1, 3, 2, 3, 4, 5, 3, 3, 4, 2, 4, 4, 2, 2, 2, 1, 3, 4, 2, 3, 3, 3, 2, 3, 2, 2, 1, 2, 3, 4, 3, 3, 4, 1, 1, 2, 5, 2, 3, 1, 3, 3, 3, 4, 2, 3, 1, 2, 3, 3, 4, 1, 2, 1, 3, 4, 1, 4, 3, 1, 2, 1, 2, 2, 2, 2, 2, 5, 3, 4, 2, 1, 3, 4, 1, 3, 4, 2, 4, 3, 2, 2, 2, 3, 3, 2, 3, 3, 3, 2, 1, 2, 3, 3, 2, 2, 3, 2, 2, 2, 2, 2, 3, 2, 2, 2, 3, 2, 5, 2, 3, 3, 2, 3, 2, 2, 3, 2, 3, 3, 2, 2, 2, 3, 2, 4, 3, 3, 3, 4, 2, 2, 2, 4, 2, 2, 2, 1, 2, 2, 2, 2, 3, 2, 3, 2, 2, 3, 2, 2, 3, 2, 4, 2, 4, 1, 4, 2, 3, 2, 3, 1, 2, 4, 3, 3, 2, 2, 2, 2, 2, 3, 2, 3, 3, 5, 2, 2, 2, 3, 2, 2, 2, 3, 2, 2, 2, 1, 3, 3, 3, 2, 2, 2, 3, 3, 3, 3, 5, 2, 3, 1, 2, 2, 3, 2, 3, 4, 3, 3, 3, 3, 3, 2, 1, 2, 3, 3, 2, 4, 1, 3, 2, 2, 4, 3, 3, 3, 2, 3, 3, 4, 3, 2, 2, 2, 2, 2, 2, 2, 3, 3, 1, 3, 2, 1, 1, 3, 2, 3, 3, 3, 3, 2, 2, 2, 4, 3, 3, 5, 5, 3, 2, 5, 3, 3, 2, 3, 3, 2, 3, 2, 1, 4, 2, 2, 3, 4, 4, 2, 3, 2, 2, 2, 3, 3, 2, 4, 3, 2, 1, 2, 2, 3, 4, 2, 2, 2, 2, 4, 2, 3, 3, 4, 3, 2, 3, 3, 1, 3, 2, 3, 3, 1, 3, 2, 3, 3, 2, 3, 4, 2, 3, 2, 3, 2, 3, 2, 3, 3, 2, 3, 2, 2, 3, 4, 2, 3, 3, 3, 5, 2, 2, 3, 2, 2, 3, 3, 2, 2, 2, 2, 4, 4, 2, 2, 3, 3, 4, 4, 2, 2, 1, 2, 2, 2, 2, 2, 5, 3, 2, 1, 2, 2, 2, 2, 2, 2, 3, 3, 2, 3, 1, 2, 2, 2, 2, 1, 2, 2, 3, 2, 3, 2, 2, 3, 4, 3, 2, 3, 3, 2, 2, 3, 3, 3, 1, 3, 3, 3, 2, 1, 1, 5, 4, 4, 2, 3, 3, 1, 1, 3, 3, 2, 3, 3, 3, 3, 2, 2, 3, 2, 4, 2, 3, 4, 1, 2, 5, 2, 4, 2, 3, 2, 2, 2, 3, 2, 4, 1, 2, 2, 2, 2, 3, 1, 3, 3, 2, 1, 3, 3, 3, 3, 2, 3, 2, 3, 1, 1, 1, 2, 2, 1, 2, 2, 3, 2, 3, 4, 2, 4, 4, 2, 2, 2, 4, 3, 2, 1, 1, 2, 3, 1, 3, 2, 2, 3, 3, 3, 4, 4, 2, 3, 4, 4, 2, 3, 2, 2, 1, 3, 3, 3, 1, 2, 3, 2, 2, 3, 1, 4, 3, 2, 3, 3, 2, 2, 2, 3, 2, 4, 3, 3, 4, 2, 3, 4, 2, 1, 2, 2, 2, 3, 1, 2, 2, 3, 2, 3, 2, 2, 2, 2, 4, 2, 1, 3, 1, 3, 2, 2, 2, 3, 3, 2, 4, 3, 3, 1, 3, 2, 3, 2, 3, 4, 2, 2, 2, 3, 3, 4, 2, 2, 2, 4, 3, 4, 2, 1, 2, 3, 2, 3, 1, 2, 1, 2, 1, 3, 2, 2, 5, 2, 2, 3, 3, 2, 2, 1, 3, 2, 3, 3, 3, 4, 2, 3, 3, 3, 3, 2, 3, 2, 3, 2, 2, 2, 3, 3, 2, 2, 1, 3, 1, 3, 3, 2, 2, 2, 1, 3, 2, 3, 2, 3, 2, 2, 3, 3, 4, 2, 3, 3, 3, 4, 3, 2, 3, 4, 4, 3, 1, 4, 2, 3, 2, 3, 2, 3, 3, 3, 2, 5, 4, 2, 2, 2, 1, 3, 3, 2, 4, 1, 2, 2, 2, 4, 3, 4, 2, 2, 3, 3, 3, 3, 3, 2, 2, 2, 2, 3, 2, 2, 1, 1, 4, 2, 2, 2, 2, 3, 3, 3, 3, 2, 3, 3, 3, 3, 2, 2, 1, 2, 3, 3, 3, 2, 4, 3, 5, 2, 3, 2, 2, 3, 3, 3, 3, 2, 1, 2, 4, 2, 2, 3, 5, 3, 2, 2, 4, 2, 2, 2, 4, 2, 1, 3, 1, 2, 3, 3, 5, 1, 2, 1, 2, 2, 4, 2, 3, 2, 1, 1, 2, 2, 1, 1, 1, 2, 4, 2, 4, 2, 3, 3, 1, 1, 3, 2, 1, 2, 3, 4, 2, 4, 2, 4, 3, 3, 4, 2, 3, 3, 3, 2, 2, 2, 3, 3, 3, 2, 4, 2, 3, 3, 3, 3, 3, 3, 3, 3, 3, 3, 4, 3, 1, 3, 3, 2, 2, 1, 1, 3, 2, 3, 2, 4, 2, 2, 2, 2, 3, 2, 3, 2, 3, 2, 1, 1, 1, 4, 3, 2, 3, 3, 3, 2, 4, 3, 4, 2, 3, 3, 5, 2, 2, 2, 2, 3, 2, 4, 2, 1, 1, 2, 2, 2, 3, 2, 3, 3, 1, 3, 3, 3, 3, 1, 4, 3, 2, 1, 2, 1, 2, 3, 2, 1, 4, 2, 3, 4, 4, 4, 2, 3, 4, 2, 4, 1, 2, 2, 2, 3, 3, 3, 2, 2, 4, 3, 2, 1, 4, 3, 3, 4, 2, 4, 3, 3, 5, 4, 4, 3, 1, 4, 2, 2, 3, 4, 5, 1, 2, 4, 2, 3, 2, 3, 2, 3, 3, 2, 2, 2, 4, 4, 3, 3, 3, 2, 1, 4, 3, 2, 2, 3, 3, 2, 2, 1, 1, 3, 4, 3, 2, 3, 3, 2, 3, 3, 2, 2, 3, 3, 2, 2, 2, 3, 2, 2, 2, 2, 4, 3, 3, 2, 5, 3, 4, 4, 2, 2, 2, 2, 3, 2, 2, 3, 2, 1, 2, 2, 1, 3, 2, 3, 2, 3, 3, 3, 2, 2, 2, 3, 2, 1, 2, 2, 4, 3, 2, 2, 2, 3, 3, 2, 2, 3, 5, 3, 2, 2, 2, 2, 3, 2, 4, 2, 1, 2, 2, 1, 2, 3, 3, 2, 3, 1, 2, 4, 3, 3, 3, 2, 2, 2, 3, 3, 3, 2, 2, 5, 1, 3, 2, 1, 2, 2, 3, 3, 2, 3, 3, 1, 3, 2, 3, 3, 3, 3, 3, 3, 3, 2, 4, 3, 2, 1, 2, 4, 1, 2, 3, 4, 2, 3, 3, 2]","[-1832.5985965685927, 886.9674482201066, -1394.4285237030322, -238.97479322754384, 1893.5248820527331, 765.3661693747522, -1419.0804254358386, 5245.124806012562, 1865.3871491329855, 568.0470969392976, -86.47225721371785, 2345.7242457511034, 154.65138658802277, 629.4811386749129, 95.34624695333957, 1645.023599119506, 281.7847757223957, 1297.2734803570556, 381.84314721011026, 3262.6603137384927, 83.96427687821244, -688.7386191371703, -975.350940831068, 629.4125999946492, -12.232184655735978, -1673.1064116707853, -420.0545962502622, 160.03089349054324, 2656.934130620683, -865.8452073560564, 5010.965791886881, 1095.2455818321682, 2567.765718399839, 1077.5896100839288, -2932.0025081080444, -749.5317386492528, 1374.7835879630445, 706.7894827152747, 1035.035214975263, -2658.27281150683, 774.027731196058, 6418.3806058963555, -1226.7975967445673, 1475.1548094215677, -2456.9098612994044, 2413.917676085778, 1074.8346439176253, -255.2316823278528, 615.5133288077805, -485.07914703542303, 659.8669004391029, -3201.929550902058, 3321.4910845838745, -205.83987758197247, -670.1543518954267, -53.21087940905625, -1183.406949940727, -1229.0755988697742, 1118.3900203994444, 2609.556882061112, 465.07117057313013, 1569.2962731710004, -299.9874349538933, 1540.4143069690858, -3628.3391175135544, 310.44075036961766, 292.986491442493, -848.5950059538312, 2073.434088022133, 2257.295517002685, -307.20554017423035, 565.1805736129623, 529.142567170356, 1289.0086538597068, -1987.2114657767374, 571.2020087999047, 1341.1017365601024, 3387.2655991507067, -781.112725558591, 1595.071009548753, 860.044919542197, 3717.870387325543, -288.3042041524212, 1314.1362604392157, -465.28387972895086, -1185.7490526293577, 480.94218305555205, 1225.286447342109, 1312.7774178997552, -2216.7912337784187, -1869.8291398886868, 80.28848643647473, -2667.9331488888947, -234.4887564251785, 1206.82227023624, -167.42717637562976, -687.9181409051024, 3028.852505743244, -796.6955498171525, -1205.061540261535, -602.1943603709468, -2517.082496248341, 183.68684016584604, 1787.818616654305, -1682.3082822766555, 1914.6904349448782, 1358.0533182296153, 675.5279927630407, -411.4243555289877, -1392.8651746230266, 4274.173880326351, 509.69049593702994, 4280.826794095859, -2269.8261120455804, -1806.0877356018873, 904.7856744895936, -98.87416289987584, -3066.2793341825904, 1882.642663466971, 500.82465838685073, -594.1292078606656, 525.0602762384639, 2867.465820063396, -478.44232307374466, 692.7166634571694, 1793.9448086717962, 920.9551763214574, -1792.4998043722703, 3361.2853388073854, 834.7178228661302, 1089.1089087027576, 381.9014580609031, 5219.466622946551, 2315.6500939252624, 2158.749860918141, 1851.1629779966001, 264.24324772054035, -194.9970352904437, 1476.0265214079664, 971.5633338076565, 1180.197563677007, 3593.7384931885604, 2540.929713877468, 1326.4463257878056, -3915.468465094799, 428.24859103351037, 1046.4401374948345, -631.6160337553762, -1287.549916933986, 1479.0069542186852, -869.5874432629279, 852.8206367020186, -923.6955313632037, -2277.989698244237, -160.73882072651793, -1702.5589429678726, 2443.7903463565576, -737.3105927177195, 764.05218057124, -80.30241984558995, -897.9122436883559, -3090.618316294596, 2141.4813889494003, 867.5145771830998, -1314.0236441310317, -1233.2639623276618, 2773.2444240623054, -3458.0502910641194, -300.2825180492513, 247.86129031657947, -941.550560393638, -240.79304931613922, 2161.556626065965, -227.1878146282089, 1495.7083266705263, -1394.2778608042695, 264.4248180386182, 622.5934749562823, 3420.782265926254, 1728.7877962795528, -2703.3069231369923, 3987.427850604758, -778.3773037999987, 1449.3074337480093, -306.40540818311104, -1969.1111927040056, 590.3671719105121, -2720.639015799386, -645.5390204781901, -701.722814628452, -2443.8379220046513, 33.595367634034915, 1091.8111489998832, -808.6390383206334, -270.39693829158887, 2418.4125976541154, -3810.5765974867304, 3012.9321190176943, 1255.7040265071496, -527.2315123015914, 2490.969863902373, 1273.247786396907, -2705.48174209775, 245.94870051394832, 2489.992647015883, 2158.16435985768, -791.1971035477044, 1989.5356696102654, 469.20356807078906, 143.07427521301486, 79.2777033717237, 2128.356940634485, 54.153731666728845, -437.7132611612816, -3394.9723720704665, 318.48657292248726, -1032.2909745881634, -508.87500553528537, -4820.841971954902, 3730.8513372853026, 1632.0722843827166, 4172.086507439832, 2022.1146993618727, 1161.5755610997946, 2244.08147125948, 2958.5095844234315, -90.94796960385293, 1756.8610940758585, 2357.8399544615118, 1947.302099520938, 2062.888171789014, 754.991093295732, 1185.469018892139, 75.28640507407636, -3899.377650855937, 1798.567623711117, 4195.368224004222, 1007.3032855579597, 447.2211067180703, -509.61821726359665, -741.5372878333004, 370.37108033124014, 305.66203867168383, -496.90784464105616, 1223.064943675579, 264.0636875401892, 200.22567221349868, -73.1398499273273, -1366.7064937015316, -408.2531871816435, 500.68568691336, 2270.2159225470587, -1243.5727238393697, 62.08778782101331, 1280.7971217691638, 2470.601090442879, 4125.511652348818, 1474.1004659737873, -510.5648615851238, -3388.6465063335086, 1590.0391992715995, 9.451946216180204, 1924.359392363629, -1899.9554417516838, 1790.575762388823, 2502.701423795882, 1259.5099850889587, -4103.82675741698, 310.9702457260196, -1998.18788155202, 5047.793260727938, -2100.4818707328177, -392.662838069523, -1868.2376933307737, -530.7881700927818, -1251.5777743886456, 1816.6144208534092, -37.82426958530971, -1081.0612423482626, 2165.4715300078583, 1263.4040487165657, 1724.3776720678602, -716.0807173579273, 1525.067476922452, 1017.3433367035738, 3635.2291416269068, 2684.0300418702473, 1357.524800741188, 1344.2407221621288, 1209.418193233043, -429.54067140916334, 1444.0974952086412, 559.8393546180174, 317.8455874800992, 5891.865852687409, -397.38335586137725, 5697.1402246155, 2342.808482993183, -1152.3453954752713, -494.0292533575199, 1880.5774369330347, -2193.1342439341965, 1704.357973842556, 1817.3111377002283, 1490.4241006731218, 1118.7664773955835, 2778.4602819135425, -572.4771323127699, 725.7024734708694, -279.0209231315149, 2954.593004604388, -1410.3392678035484, -1826.8929049443518, 3538.051413463688, 1079.4151231382202, 2402.892002092132, -935.7135868780398, -848.0025805923827, 2303.0904844208153, 1389.6929606253916, -750.7141125816703, 560.6411790945655, 1684.1182375223643, 4665.351381006462, -1239.8892948861858, 2190.2859699759024, 2053.348604161071, -15.30630075592876, 4159.787795115959, -769.0271943117342, -801.5257769805422, -255.44013978979206, 541.1183403040297, 2567.435825924038, 295.57568456397314, 215.35880191227585, 254.9262170155688, 1888.5892806780034, 2437.289244214056, 1699.820196354075, 2990.150654902847, 4908.167933714425, -660.2972484766937, -242.8294787878175, 3004.7537186461986, 3.817575836568608, 908.7215716806421, 732.2731671611446, -920.2236040318443, -522.9453764523236, 831.741940956295, -2809.3529801705686, 36.625174489955896, 33.12500173191097, 952.0907473254363, -94.60066922270971, 2825.399917309087, 2342.04075178527, 1590.072330990647, -1301.4947092743482, -383.2245638516605, -2205.288326993114, 1003.5931349604957, -762.3512590415645, -324.91596749398434, 2207.243263711008, 3409.8278211398524, -768.2194214311472, -646.4791549333091, -407.7486487791226, 1585.8259094403152, 3309.575164508047, -4881.449823194933, -2856.712955590707, -399.04804513323154, 3746.662127412214, 3397.0546219026405, -244.75003997567342, 2689.8199331309647, 1382.9093917389841, -38.292866545994684, 1219.0002062087678, 403.4016809695885, -85.76642245421885, -873.2668030803096, 1603.729912777199, 68.23118146447507, 3307.9894976724013, 918.8777765971686, -317.41365989911526, 2050.1402329878515, -2088.5372781069227, 2319.153281414304, 3627.0405617828824, -1924.1758291642468, 1514.9254026184663, 425.17915838642193, 281.7727209236827, -1439.4518417412896, 3296.569190916212, 2192.417011130212, 1041.6183308494196, 2689.90057972133, -300.4330156463576, 1066.1896532638316, -161.7648322704389, -826.6009869866115, -4100.838420573829, -1956.4816809560443, 4394.8394719594935, -257.7087422593547, 329.8629959281982, 1303.8958067960994, -2640.4265003241476, 1007.7411770056106, 887.2898835101695, 1896.4283723905965, -456.04078934169627, 1054.9558853589187, -1816.210708766816, 2535.2494625473646, -1063.5213896616206, 2027.7767799489416, 2836.8846065807347, -1799.9922324305785, 1904.8495738522997, 1041.9456316196265, 1476.7275074127047, 445.78050134183286, -2489.9189252368515, -398.08889276699927, -1420.1098919850397, 746.8475530380464, 1087.4844777323758, -2511.261332244535, 943.8578729914974, 197.1670719318908, -842.4342190284875, 1274.3286624675331, -341.379920119972, 1979.9979031869752, 2431.5760065701347, 808.4112831403717, -530.8892247975404, 558.220531958842, -981.812355774526, -586.7242814507148, -120.60442224819292, -1478.25947060208, -499.7930336546891, 343.2630629765137, -484.5991407787327, -865.832203802233, 1583.2534549458092, -2490.878324546363, 3411.6574706019164, 1532.5731235089825, 94.9043043649641, 4868.837074739851, -556.3585879811684, -58.414157325646215, 492.91985008357017, 2202.7828854178993, -865.4561431062015, 2146.0237912416774, 280.598663455413, 1984.9656494155174, -569.8950983252249, 2869.8103175954025, 1513.0465971283943, 1741.8736970885307, 912.9460276724577, -1795.30436459269, 257.47077069645974, 1356.6899447760688, 1439.2458427037586, 767.6852455499401, 1992.375437273191, -129.8045157176523, 446.5226614764882, -513.6124886146634, -516.6837023720531, 1353.5208969629248, 548.8158868326151, 1229.0869751847458, 3294.942591928531, 3119.5814840950225, 1314.9990701425586, -1338.5479660018618, 1113.2100217168086, -943.3997240409434, 1376.4299896547059, 2080.183296554889, 851.2634508928959, -2675.6724638985966, -1871.8889356834507, -204.71383838175075, -2487.264897563763, 1664.6597686714285, -551.8117146453852, -2385.2493514067323, 220.02307004105717, -1249.4016265739529, -583.1992883441252, -1059.4257623718022, 2312.1127626321445, -366.70608621323686, -344.90225551869196, -956.4279972428016, -684.0330460993513, 1926.1582348236338, 1304.5068793368139, 899.135636008276, -129.76136983887898, 2957.45238751389, -1876.5274967481068, -194.0780142810588, 627.9444296294039, 533.5646812756667, 1811.6578771719624, -3550.200568607593, 89.11907639332276, 167.63379381396214, 2882.6043577518217, 2214.93446506992, 2375.3214983002254, -807.7394454962717, -525.9147321550728, 2986.348001165321, -1483.1506101238429, 80.6666061512758, -1542.0640972417223, 2858.207515962474, 4150.004419920375, -746.9697565364494, 797.827933280851, 414.10832678995496, -622.6541416148926, 273.1952566560528, 611.3787718836448, 4489.403135116473, -3185.204660976509, -271.50662437333233, -1391.9842814147223, 1525.0018934984546, 2193.033728255478, -1623.8714143663024, 3015.1181192684976, -433.9739864444483, 1504.3640965784116, -490.7253017597617, 1848.1774855966974, -1443.9556635802692, -1977.243124613823, 1727.9911988739404, -2812.5056239606324, -1466.6103963087921, -563.5464454454794, 483.81088241504597, 1496.6631056270876, 2756.3355732165187, 764.5072123763375, -229.194432762955, 2587.8380545715436, 1035.8696753622994, -342.1095706347468, -267.3410983862012, 1096.3192572083858, 752.0497550362821, 1387.5071803835026, 2466.8635018010323, -3528.9980927483725, 1676.9907912790181, -2460.7960336460706, -2315.9030753245183, 615.7448037964899, 149.46936547054895, 3018.4259493039335, 931.3775163183864, 202.7969022133766, 1798.5017398477476, 715.9494911104075, 2677.8354977099466, 81.64590102054456, 1541.2691162061788, 719.7084960964881, 190.1661106681574, 1582.8831320380123, 664.1551388274933, 845.3675889006884, 411.5475491849819, 3426.6114248371377, 210.65907734746008, 2057.707444607089, -375.0732301766342, 48.68175971357647, 5.089347373083342, -1695.7380098959852, 598.7522518743664, -419.3134356040847, 2580.6623443977114, 37.11924793285914, -1293.3447246172855, 93.71920993955052, -169.80594067101902, 436.02457419054247, 833.8519906345498, 26.185579776361692, -685.7217340066703, 361.1491157772016, 1427.690588086662, -2209.2344725830603, 1896.698364325452, -2219.1104751158687, -3986.291627209914, 1803.0049187806603, 2057.8320251310683, -1709.4692162795482, 3156.684740253802, -75.75435422936891, 1830.978833679057, 121.77455647763702, -121.72893257236308, -741.9278498641723, -927.3100400696798, 2851.844449370667, 1518.5452110870688, 610.7404817144572, 1114.5215494070676, -347.60570891259056, 989.9144777005359, 556.7082222075014, 1115.8995753683682, 524.5400623232979, 1622.623279486324, -1505.1982594032975, 2199.9108331247808, -2608.2902109728775, -89.83394868808932, 943.852046348068, -661.7479129420996, 3495.590287349311, 2415.9090783379065, 375.4076890463308, 300.1781894110312, -653.6722812419424, 6512.486296944255, -1926.2704178326899, 2690.0951771262294, 1550.6115656321704, 730.5977026883138, -397.11213925466234, 378.9151437222655, 265.5055013870026, 2059.872249594901, 745.5494106452865, 1988.6881387029157, 1451.0477515006964, -956.6166920930544, 2722.896374514291, -4315.374699218573, 1189.751945279865, 1865.412773526703, 2832.96237820325, -31.818713371774834, -205.41713080291845, 2580.827721645833, 1718.32440056504, 2439.350262928273, -142.03102869442785, -1899.0936315479644, 410.386180889201, 1193.1330341608495, 147.62001866590424, 1376.4543867799234, -221.79681809563408, -3184.9491758068584, 3098.7734998558603, -1112.614991127779, 790.7446158299133, 566.5884433723351, 2604.994982142891, 1701.8128532310511, 1715.0521086657914, 1903.530332581383, 903.0719460268899, 3000.88516622127, 2315.8392865328096, 242.11206789884557, 526.9954819389076, 2821.456116085605, 1362.617293367889, -826.563786131762, 1499.2267606226696, 192.0668058539527, -858.8967922428075, 1220.7138189143093, 503.6928248409006, 354.11460514141186, -1273.783472864753, 68.95240246345736, 1605.583457831222, 111.12369475654583, 1504.574692767554, -1419.1602598557356, 1597.4779455511361, 262.17802118660404, 2217.994382106277, -1602.2961423757006, 145.72814195418795, -2562.421272667691, 765.5216485086052, -54.520560510837754, 1005.2538525324577, 854.5865634891451, 1714.331227267381, -700.4996045708202, 559.8764005781179, 1358.8408791344054, 38.84307406038175, 2020.1230112268045, 215.94283773208463, 307.6372862315808, 2811.6327914526564, -604.7161740058467, -1655.532115323324, 1922.74779984334, 1533.8882858758302, 43.394076728721416, 3208.0204869973795, 3153.2495103805627, 255.22960607335477, 182.57707801223967, -1246.8577561701704, 60.64271523576542, 983.5971483083914, 1591.394488764949, -1274.776950468326, 1107.6191703369843, -2601.6706740925933, 1597.346369421778, 3265.6254022543485, 442.29684766681646, -527.1136446923477, -3087.4840980354725, 293.1166775776419, 358.6749947027581, 1639.029103288558, 853.1579919221714, 762.8507619912693, 143.53186597427168, -1860.4873686829987, 1991.2029261726452, 851.789958243596, -3688.310270453047, 3758.1639041389913, 654.3517608361343, 1981.0818998043792, 1449.640079792415, 3712.7709033238093, -241.88537522944682, 936.3064915721799, 1451.0738243051387, -668.5774541872914, 2778.0528957588836, -61.53523906218118, 430.1066889594423, -1396.2860406341788, 1430.3638153450374, 262.58857647474747, -1282.1814787146986, 4464.1824473959305, -812.1381728958494, 190.62093742776904, 2119.5222121009133, 2057.607698463988, -505.2312615425175, -230.91017136338576, -312.5788818348427, -3361.9287475274864, 510.45169874821283, -25.055854020533047, 94.07700184216793, 1223.473654325577, 3068.339196599584, -150.55806991057523, 2004.2289628266844, 1518.9832333138402, 2283.905424143436, 743.6157498449465, 5365.898881821281, 3.0011176501900536, 82.92004563098976, 744.9882432028929, 1769.9175795425322, 331.2938652192631, -3390.332666368559, 873.347797432545, -454.3823962887965, -2130.422835246852, -1033.02120469978, 2886.686069284797, -135.28761769223763, 1399.1571646997136, 66.71593464987058, -2273.7746641920626, -958.534908368055, 1659.8034327134415, 2016.9232256752912, -2081.617374568841, 1521.533896726536, -1129.3297894237949, -1737.4813749719501, -115.94174737645812, 1972.8599229182464, 2650.249824109431, -776.942332623696, 1139.4451823307813, 930.0035741078511, -2261.1136838077277, 687.9097195394621, -1816.365573781292, 1240.4094097372208, 708.9520126588418, 481.2148176384402, -1123.3939107222532, 1313.0313797898052, -578.1093364805807, -100.327419606121, 2619.8605165344347, 699.3025196131939, 580.1932799870575, -735.1937856041628, -1020.6934679517695, 1035.102591221123, 2451.077039545197, 3558.895179600127, -4651.397188844881, 1514.0388628227458, 2314.955568649434, 3330.5075449723604, 797.7868628089102, -1202.0245107645283, 1610.8280951454885, 970.1206221274764, 554.6930167855044, 171.98602217137744, 1561.3456111398882, -511.91825558825906, -1069.6909291758711, -858.1270671191443, -2755.9658463482697, 4345.671788872485, 1703.097328583348, 2828.015466948999, 2272.4708538043424, 2738.0774298238225, 1269.8219179031025, 2555.5842593679085, 1505.1288854906209, -261.5546606742895, -1409.7458114042056, -100.51065300687185, 157.12557453858665, -2175.6313053344743, 13.569451847134246, 2485.4473874970254, -1981.5531378620467, 3021.2496561643375, -2784.089800653636, -1298.99712183472, -1411.9803838936646, 714.3709756922781, -80.5244788379772, 2178.371794822296, 1824.3346363103747, -2556.5861578018767, 2682.8499124222835, 316.3498832097357, 3815.511558289917, 170.54806121627263, 1231.2182998551198, 172.44844152336668, 1044.57084820927, 2154.8792622577744, 1196.2733642243193, 392.2943844886275, 159.8704304753586, 909.781147420653, 1280.4616660019692, -531.2890045964119, 491.08621497965134, 2119.742660726166, 255.43012478240007, -3972.992618749878, 908.0330910542925, 1685.8932788738953, 1458.3367528788654, 1157.2996303174486, 184.44462633832848, 2575.653420263287, 301.5620924926726, -247.31397069007915, 2230.86935196213, 2932.211264776986, 2201.5306602808155, 870.5890362740869, -2660.285408695775, 160.1495369746193, 533.8128638281541, -2117.9806529475186, 950.0331940234068, 3149.2882615313943, 2027.932405982377, 3153.0600214943133, -3642.863113516097, 343.8404382225267, -65.64019892245335, -126.65968913438303, -1703.080370795125, -2193.6994590786694, -1833.064537824273, -124.40348868467333, 2563.031698494021, -548.7573937195335, -703.66906468743, -1077.4496745395463, 2135.43226998596, 657.1895930553876, 705.8633151573612, -1019.7241714272453, 2218.864099979001, -585.8837731623338, 2752.1662751639888, 2476.007880285963, -528.9139153056684, 1996.0735801798837, 1448.9354589131626, 1261.8685843297133, -1456.2641354738876, -59.11883092043695, -744.846948244785, 127.59389007355492, 454.3402961699229, -60.702287794163794, 1753.0699166119734, -2461.6025778920534, 4559.085448720529, 727.168288538643, 1942.7048585155271, 706.754987550081, 543.810136399342, -450.64064214700625, -3041.008935987317, 2844.5990752516477, 1206.6684536342696, -367.76919838153174, 813.5159489574246, 699.3076011395066, -1639.548352748127, -432.8015412179286, -189.28578038595458, 2639.5295292548244, -2681.1146752704744, 2253.3142821528018, 667.0371057941775, 2652.103174888328, 1393.0274322704995, -1339.236348180384, -2505.896294157184, -1287.5992909791885, 1134.5573777682594, 2047.071896423146, -1757.8908899656176, 1278.4272304460405, 630.6622154310609, 1881.7973079990043, 558.3760314435032, 312.0213521952627, 1812.9166010198305, 1880.086120299457, 1920.287464003074, -2564.1375415880702, 586.2330640020225, -608.9646400185153, 2070.020048945735, 571.0124943192619, 696.111619202809, -2516.70643536553, 2003.596299456041, -588.8760828847027, 22.776589476841195, -511.0888281726674, -1395.29959603523, 1088.5998213703788, 486.5938190449565, 1015.1911042490176, -123.90386847783452, 3344.74991043787, 964.8149213137615, 1100.8273809547195, 1840.9154550542626, -680.3925808111211, 2461.181860476719, 206.66965475115387, 2628.6962698459974, -168.52331006442307, 599.6482587956266, -1532.9791776834813, -108.03348468236709, -300.512603043751, 1017.4486946929368, 3131.745279674275, 2439.8805239409767, -3307.1713229396087, 195.8246370202416, 848.0039115829164, 1573.3993740553133, 1602.0765196408283, 1468.0345566367673, 2361.96610562203, 321.98502590843066, -1115.0859552582938, -499.5172661470905, 1178.8310583014013, 121.70391842985276, -1383.9141129845534, -384.74409385651745, 1592.5685733543633, -869.4334575944807, 421.36310612323246, -223.18153558637084, 399.20173131958074, 3371.0014185621667, 181.64028553304695, 3878.6240321214177, -3568.523443894693, -249.6808394849652, -119.11471178638578, 593.4692545115666, 5354.661295547196, 788.7135166801514, -1177.6915222313141, 1192.0955761432165, 1837.1005111119948, 1431.9392868708828, -722.2730965437246, 1702.2179435629673, 169.58924370439286, 2219.1240741760903, 1920.063611303834, -1358.3264277940948, -1650.7502823342975, 1981.3848889143414, 548.9854657894546, -643.7470046646439, -875.741387330981, 1406.7719564705212, 1117.087490634357, 1216.0720379923491, 4354.679081783103, -885.9280502346325, 2523.9647471083813, 2536.9643398079897, 2197.705953330156, 1717.413812242492, -552.3247708942359, 711.6387419615045, -3625.2021422471794, 1212.9861122524762, 656.7120197320614, 490.2315089350076, -447.1342326110167, 942.4129748712517, 2851.769158824861, 1979.7506436876497, 874.1205974041335, -1968.0591734809523, -638.9668151406514, 432.73838050825395, 3717.4849104464092, 1801.7896636978994, 3518.645155897738, 1212.3169638333106, -1537.8897511957884, -857.4722163872763, 1484.1907037309225, 1204.5454149379289, 1620.1433445310886, 4085.9304825599925, -1056.8095821926108, -772.0351955501059, -1299.9471191913872, 1831.7840330359072, -877.7183647532607, -918.0757331572971, -22.407785018995696, 2327.3113897168632, 1190.2559654237439, 3098.663595988983, 1085.7795185839623, 221.2141442426941, 1583.3124614182075, 1324.3234216354058, 109.69191141013664, 1211.2330417125947, 2760.1483912638973, 3166.2954873465715, 212.3240111638779, 1835.7569150356367, -224.7072347958807, 1471.3324924888402, -392.4662579150845, 1632.5660655096622, 433.3137480041094, 2661.1329898165977, -86.28004050275877, -937.3730945118058, -1052.791844112348, 1324.776208560199, 3079.2298880230087, 18.9786023973611, -555.7119046337701, -919.2632012711098, 652.5976706119072, 679.3280496529025, -1380.1592366898262, -30.8217642243186, -1088.91572087342, 2857.437298104886, 70.27985680814788, -50.63121485887052, 979.1198320675227, 1031.7830001008756, 1821.2299620037256, 2064.0943612787823, 1636.1822606869755, -349.46380683852226, 1695.3561200751524, 89.87709730838276, 1167.615550963092, -2050.6074348570764, 845.292119895296, 3117.9914410856572, 1825.985089142761, -747.291737182576, -1968.7116161886652, 374.80626310453954, -412.1349739609219, 984.251782796165, 3235.0880835228486, 970.9386074168061, -128.55441851615967, 1824.1479844659839, 3050.978257213336, 820.4104531776152, -637.3041216480173, 1933.1233065582237, 2184.7577499555464, -246.91288214277063, 2332.3324323232373, 2092.263762616111, -804.7332850408551, 495.16775537360957, 1082.4362448751294, -201.81155995310894, -2935.726791102297, 1348.3877064122157, 2826.961272473343, -719.361198974624, 1272.1963091846715, -526.7339638761595, -3178.1524832887485, -1705.0945950765877, -2537.8418132513684, 1063.8951760409177, 1481.7056566895835, -4178.514875974787, -119.82278945516407, 3139.8796033639796, 406.58491209011765, 3262.080179118353, 571.5585883974501, 138.6833194915739, -592.9148795262109, -1723.800824213497, 2086.5801419324803, -1296.7836074788165, 2017.0112454540413, -1922.4012003459466, -2678.0676482204235, -616.4982036310902, 2165.164557227067, -873.5891874390799, 3521.081261114461, 1926.6922481335591, 915.9975365576275, 2055.4880836305074, -1014.1465737947925, 200.82779773964, -2538.1771690289975, -129.3792972205125, -622.5024477160727, 1213.756136697637, -627.2903924982999, 447.3102223812784, 556.3776826649635, -2249.474942526757, 1534.3147019125392, -2757.812014240017, -761.209064753261, 300.28027609724666, 51.23888050690641, 3113.81052165502, -2895.994028018686, 2241.4417572659027, -1394.366345928198, 1023.0104988169552, -2702.933723106187, -896.4913721482598, -1449.4126094750836, 760.8462703244942, 611.8202674274002, 1435.2216109360804, 247.5185412785048, 594.9358248942939, -473.99157720783217, 1542.1134318954478, -204.2367194140653, 3341.4580554345016, 2521.7712608851502, 1459.9325191412854, 1807.5147344281959, 1063.9067003914327, 2345.6471875210855, -538.1715870942099, 2244.134183868655, -261.45170831036637, 2432.9517897504056, 1420.0126550108591, 962.5400254086644, 3086.03535878355, -3542.387264212352, -1400.4825422939948, 1121.8492931712203, -1050.7390071996383, -3035.23880714036, 6329.905557390782, 807.4928215637999, 1927.344592624806, 2267.078367485917, 1926.4064846480915, -2088.220397807607, -76.54784957554114, 886.6916807125078, 1409.0981095442453, -115.21400678007933, 49.59858875612031, 438.1865918092383, -1553.687278390731, 461.5211498020433, 2498.720702866739, 935.4874926226452, 3141.653836123083, -959.4245563549115, 3869.6132287161095, 2486.5247538322647, 248.16530448328024, -1329.392632248795, -790.1349870445373, -386.01315963369984, 4399.5713505733065, 5718.263056506598, -3739.53297002098, 3062.4335837885405, 1695.6576623035517, 1053.9244923638635, -173.19129487542693, 2098.6557264895064, 4820.043568850294, 1577.8818406903342, -2905.9218820506276, 2247.951285068448, -197.65607922073934, -204.93098096270148, -1072.896947252409, 1087.5851852159944, -755.4391812744083, -139.84646036176036, -1935.098036905069, 2605.5514335806697, 259.4875392115634, 968.1432152804972, 1395.4705133941002, 502.12469447602984, 940.2310279412694, 1949.9497836189003, -1123.273306269788, 2031.8879681624217, 396.3788673873604, 169.59225001065272, 1862.051331045861, 152.65946765242825, -548.8242389234202, 1934.3952705175393, -1640.4991845859508, -1118.199763501675, -2292.4460677376965, -2036.043966196159, 879.2157947183966, 612.634053873576, 2757.8535652446685, 735.2809725062311, 744.8347230775495, 2057.5066423819794, -2394.9102011025225, -39.743155291865946, -2315.462565445979, 800.2312106565455, 483.8085069535458, -2823.341683254305, 1536.728604043427, 1711.5547495932806, 3248.622138548029, -1667.0497382629283, 909.3533881603571, 4180.044374116952, -2193.1945792605293, 2597.032979453848, -485.2042516442592, 1248.3442090169028, 612.2366638947116, -3001.612209537438, -596.9988808577879, -588.4580215297789, -2903.474813512071, -1084.8192550381846, -252.43051381463295, 1464.3107056763233, -494.22970115802434, 1245.5606253202554, 1339.4483434237318, -1898.0325578290117, 157.24551392923718, -2783.2522727185496, -37.113651153375145, -3949.761721296168, -1505.7788693892198, 2170.895043942178, 4498.07974009506, -939.2937168399363, 1151.1142154552158, -1544.6147606544178, -1968.6709272624744, 3533.0448610577823, 2547.036277816069, 890.9260141416099, 1362.1732755594603, 758.9183215897465, -285.31221246865186, 989.308086781295, 2064.331263043919, 1706.0144859616744, -1678.4896021894679, -1468.2617142251097, 1298.9006501416848, 726.2831914526703, 1451.0573839278927, 790.2763167231059, -3703.9456567846305, 1383.2490819436375, -2060.901531505389, 1107.9105762380523, 1290.8875628098294, -1646.5699925802396, 1493.1290618590942, -296.9695012336573, 1869.1284526951, 449.9864643706502, 1105.847482009448, 2658.4449974643503, -361.2098475181376, 2170.4075969256915, -738.0326758275145, 1219.1148813494535, 973.1644108217399, 2607.620347704658, -1428.6072381187832, 307.06660218882973, 3832.2910289696506, -52.35593881976024, -538.4666194562009, -3253.4638943482446, 623.6566200719371, -182.9282770743954, 2014.1584580153149, 1170.9297289433948, 706.0908047021408, 1684.9125518885658, 913.8321172525135, 81.72916967836943, 1099.170634488874, 117.50949754870328, 548.2606642273656, -1650.406855797944, -516.925768959525, 2685.4558296349996, -927.2108920425973, 3158.8117338342818, 1263.473794094305, -730.1412146514816, 2060.186330765115, -47.952906074182806, 1360.5297434500226, -798.5940242382711, 846.9078162718483, 1537.2590403783925, 652.528735829461, 801.0093665656962, -2640.566700432243, 787.4306209484191, 1991.5855532265887, 660.5382819785868, 2586.029923644069, 2829.353350959765, -1596.25505643002, 315.35492620492903, -1341.1373755542154, 1778.5228920854697, 1203.2252506835262, 1780.7685948261264, 506.33717154307067, 545.6042768870647, -3610.844404621435, 2844.5519804113596, 323.0431077983307, 2209.5368954202427, 1935.6304756805353, 4568.906143360528, 1734.4070439807874, -1019.1391064218682, 2529.5703619862084, 1292.4201849223837, 855.6514841075048, 447.7579277797589, 694.5518926305298, 134.19522546423366, -1340.0358660314323, -7.053000184270445, 1214.4604616940373, -374.72111778809926, 1631.6580267708573, -1801.5709245468975, 2227.286432243548, -1497.7772272725279, 2395.5967723607546, -152.11561393037573, -249.54294933950007, 622.8987173712856, 2418.3788212352074, -224.50616685185867, -650.8896934083476, -108.90954693306287, 1576.787412435829, 2139.6953339970505, -151.22363242663926, -201.76097399868547, 2477.436441585424, 698.5644976594118, -626.599171472979, 1748.4869219555721, -1513.1828835487668, -2712.1269377282006, -778.1759380020993, 550.256039952486, 437.29649303363584, -352.1684721416424, -234.1516744535769, 5012.399409257056, 1591.2761430271958, -2451.4591788629646, -342.6986576679848, -299.4517112331372, 2214.19039944514, 1327.2226953329628, 2235.004612037511, 1646.7347868190532, -351.38599276316506, 1613.0855202877515, 1056.959697209522, 1532.2091028573063, -498.0324719099398, 612.3981589610294, 218.03713088168627, 922.0942352974802, 604.5473083532695, 2306.947245201142, -1205.186513893325, -1244.9425770065304, -331.64506408349393, 4682.248976589615, 1511.5484177916696, 355.96820310889797, 1273.7330691726183, 2972.3293847410755, -1310.367485751624, -481.3507296362641, 241.1788086768923, 1867.428972642802, -1198.5316374898812, 188.02360927540428, 884.4687503602819, -836.7622734294506, -2145.9686694531483, -1989.0157547813478, 1990.654617146448, 631.7497411444756, 224.0079252090223, 1764.9910144706992, 2208.8442680015037, -237.96592038666995, 645.2596825605023, 3336.3206861562435, 3111.9046451305767, 2441.979441428848, -474.073668676896, 2321.6026559734387, -1009.505656183664, -3283.557307846287, 104.34279918551641, 1280.3828645531548, -2617.2380032792294, 2015.2445060309196, 1845.3248287391666, 2193.0649862442087, 727.1409361571588, -167.9141110672448, 2062.7207847990157, -3699.6605717147436, -3859.3865415957293, 254.90446452055403, 1754.2467894904535, 333.98635733203093, 984.82774788394, 987.3703894663386, -2431.4050983261855, -3755.7422296928266, 354.6776263480176, -1343.331175853301, 1224.758843909026, -258.1929672288928, -1114.69883544937, -3349.655401268665, -1512.7474456150535, -729.1043585843635, 2169.3228114941444, 665.8990934257199, 115.58159736882362, -2292.40787121772, 1125.5845410720276, 1788.1469773884905, -334.989168155798, 3056.705289109947, 243.26859802240745, 6271.562870142492, 3358.182545632443, 574.7051962889459, 1891.5246575728515, 1161.111518982044, -747.1507067110098, -407.5287164414865, 167.0981681340375, -332.18816494423425, -25.19095638033798, -1847.9587316801926, 689.7641259332908, -977.1361305015611, 753.4550660374208, -66.92836028962654, -2697.988501900813, 1282.4141122791902, 1182.0069018750387, 1186.776577468001, 2518.954817984837, 1544.753989587658, 1144.1769449198314, -2051.899067185503, -270.7856922304096, 5823.998777002308, 830.9356290971592, -1271.943649339832, -20.458830438540986, 2441.621820831334, 1596.508105617851, 2196.301226086529, 2930.677096494633, 529.152199597552, 2521.69945068312, 1362.6107179914657, 3903.629160122295, -801.3734913160182, -1099.8392674680886, 871.0209867190895, 2161.565162410778, -1035.5839762205028, 643.936512503245, -859.567669056736, -2281.777073758851, 880.2756032299593, -98.70441717375991, -2644.1410514524277, -2215.4553762460578, -559.7737188020484, -850.8980904300992, 163.42754291048516, 2302.42241389103, 304.04619498855305, 777.5311351159731, 1717.8271410653438, 162.12109694446406, -840.7222211183524, 2154.4230712589933, -26.02730957568349, 1149.3673718009227, -1753.5660159607123, 3233.825106321936, 463.5169068749889, 1005.6734402683086, 162.4751969191276, -1436.273696318889, 2205.399232098766, 3150.423393338198, 195.37287851001054, -343.00102862614915, -171.2954818098939, 1311.6635518898859, 615.8399645161724, -492.92071442884696, 2701.6434872783097, 1682.480535901997, -569.7290885461047, 1948.415615336548, -991.7793680835056, -69.43104559624555, -354.3703294080301, -1168.361924215978, 2231.162457878267, 812.9192248596661, -1636.8379079095193, 1040.9430684362642, -361.9471061824938, 1721.9376332613688, 4376.066915749091, 109.25960124895727, -2976.4662194094462, 2688.327881928118, 769.1627261431112, 517.6132875259411, 1350.0996176462136, 130.54723622170098, 1260.8760134876488, 1032.2045166701498, 1170.169618449775, 4401.674590330485, -731.511450762336, 2768.074742834784, 2691.3288897507555, 2530.3374461273843, 1514.4070338448516, 2204.8361715330348, 1652.3654293613772, 1515.7788168268353, 3116.1416962078047, -295.02517919570846, -952.0493398625434, 2070.0183225219976, -3084.843985572836, 595.3838181467403, -718.7288518694799, -708.734305349902, -295.58104868091516, 6113.976875833836, 2492.6380730750534, -1724.9746474425942, 2205.044396223422, 1961.5451613997534, -1820.3338541244798, 1787.5832364335056, 2775.8095035746323, 1560.0639112933252, -686.9781879736166, 1702.5072087769518, -2680.980454522059, 2273.756594407014, 250.45245727060228, 1451.305350236286, 357.1829926485549, -1608.1363326361316, 2247.3516983344375, 1038.7853221651321]"
0.25,8500,330517.2065301717,330517.2065301717,0.04111886024475098,178.49633663052342,"[4, 2, 3, 1, 4, 2, 3, 1, 3, 3, 2, 2, 3, 2, 2, 2, 4, 1, 2, 2, 4, 3, 4, 3, 2, 2, 2, 1, 1, 2, 5, 3, 2, 3, 1, 3, 3, 3, 2, 2, 1, 1, 1, 1, 2, 2, 4, 2, 2, 2, 3, 2, 3, 3, 2, 3, 3, 2, 3, 3, 2, 2, 3, 2, 2, 1, 2, 3, 2, 2, 2, 3, 1, 1, 3, 2, 2, 3, 3, 3, 3, 2, 2, 2, 2, 4, 3, 2, 2, 4, 4, 1, 3, 2, 1, 2, 3, 2, 2, 2, 3, 3, 2, 4, 3, 2, 3, 2, 2, 3, 5, 4, 5, 4, 2, 2, 1, 4, 3, 3, 3, 2, 2, 2, 2, 2, 2, 4, 2, 2, 3, 3, 2, 2, 2, 1, 3, 2, 3, 4, 3, 4, 1, 2, 3, 4, 2, 2, 2, 3, 2, 2, 3, 3, 3, 3, 2, 3, 3, 2, 1, 3, 3, 3, 1, 2, 2, 2, 3, 5, 3, 2, 2, 1, 1, 3, 2, 1, 5, 3, 4, 4, 3, 2, 4, 1, 2, 2, 1, 1, 2, 2, 5, 2, 3, 4, 1, 2, 2, 3, 2, 4, 1, 3, 2, 2, 1, 4, 3, 3, 2, 3, 3, 4, 3, 2, 3, 3, 3, 2, 1, 4, 2, 3, 2, 2, 3, 2, 3, 5, 2, 2, 2, 3, 3, 2, 3, 2, 1, 1, 3, 3, 2, 2, 3, 2, 3, 4, 3, 3, 1, 2, 2, 2, 2, 2, 5, 3, 3, 3, 3, 4, 2, 4, 3, 2, 3, 3, 1, 3, 4, 2, 4, 3, 2, 3, 2, 2, 3, 3, 2, 3, 2, 2, 4, 3, 1, 3, 3, 2, 3, 4, 4, 2, 5, 2, 2, 2, 3, 2, 1, 3, 2, 2, 1, 2, 4, 2, 3, 2, 3, 4, 3, 5, 2, 1, 2, 5, 3, 2, 2, 2, 3, 5, 3, 2, 2, 3, 3, 3, 3, 3, 1, 2, 2, 3, 3, 2, 4, 3, 2, 3, 3, 2, 2, 3, 2, 3, 4, 2, 2, 2, 1, 3, 4, 2, 1, 3, 3, 2, 3, 1, 4, 3, 3, 3, 2, 3, 2, 1, 4, 3, 5, 3, 3, 4, 2, 3, 2, 4, 3, 4, 2, 2, 3, 1, 3, 4, 3, 1, 3, 4, 2, 3, 4, 3, 2, 2, 2, 3, 2, 1, 2, 2, 3, 3, 1, 3, 2, 3, 2, 3, 1, 2, 2, 3, 2, 2, 3, 2, 2, 3, 2, 2, 2, 2, 2, 2, 2, 1, 4, 3, 1, 3, 2, 3, 2, 2, 3, 2, 2, 2, 2, 3, 3, 3, 1, 3, 4, 1, 2, 4, 3, 2, 3, 1, 2, 2, 4, 3, 1, 2, 2, 1, 2, 2, 2, 3, 3, 2, 2, 5, 1, 2, 4, 1, 3, 2, 3, 3, 3, 4, 3, 2, 4, 5, 2, 3, 3, 5, 3, 1, 2, 3, 3, 1, 2, 3, 3, 3, 4, 3, 4, 2, 3, 2, 1, 1, 3, 2, 1, 1, 3, 3, 3, 2, 3, 3, 3, 1, 2, 3, 3, 3, 3, 2, 2, 2, 4, 3, 4, 2, 3, 5, 2, 2, 1, 2, 4, 3, 4, 3, 2, 2, 2, 2, 3, 4, 3, 2, 3, 2, 2, 2, 3, 4, 1, 3, 2, 2, 5, 2, 1, 4, 2, 2, 2, 2, 2, 2, 2, 3, 1, 4, 2, 2, 3, 1, 2, 1, 3, 4, 4, 2, 5, 2, 4, 4, 1, 2, 2, 5, 1, 3, 2, 3, 4, 5, 3, 3, 4, 2, 4, 4, 2, 2, 2, 1, 3, 4, 2, 3, 3, 3, 2, 3, 2, 2, 1, 2, 3, 4, 3, 3, 4, 1, 1, 2, 5, 2, 3, 1, 3, 3, 3, 4, 2, 3, 1, 2, 3, 3, 4, 1, 2, 1, 3, 4, 1, 4, 3, 1, 2, 1, 2, 2, 2, 2, 2, 5, 3, 4, 2, 1, 3, 4, 1, 3, 4, 2, 4, 3, 2, 2, 2, 3, 3, 2, 3, 3, 3, 2, 1, 2, 3, 3, 2, 2, 3, 2, 2, 2, 2, 2, 3, 2, 2, 2, 3, 2, 5, 2, 3, 3, 2, 3, 2, 2, 3, 2, 3, 3, 2, 2, 2, 3, 2, 4, 3, 3, 3, 4, 2, 2, 2, 4, 2, 2, 2, 1, 2, 2, 2, 2, 3, 2, 3, 2, 2, 3, 2, 2, 3, 2, 4, 2, 4, 1, 4, 2, 3, 2, 3, 1, 2, 4, 3, 3, 2, 2, 2, 2, 2, 3, 2, 3, 3, 5, 2, 2, 2, 3, 2, 2, 2, 3, 2, 2, 2, 1, 3, 3, 3, 2, 2, 2, 3, 3, 3, 3, 5, 2, 3, 1, 2, 2, 3, 2, 3, 4, 3, 3, 3, 3, 3, 2, 1, 2, 3, 3, 2, 4, 1, 3, 2, 2, 4, 3, 3, 3, 2, 3, 3, 4, 3, 2, 2, 2, 2, 2, 2, 2, 3, 3, 1, 3, 2, 1, 1, 3, 2, 3, 3, 3, 3, 2, 2, 2, 4, 3, 3, 5, 5, 3, 2, 5, 3, 3, 2, 3, 3, 2, 3, 2, 1, 4, 2, 2, 3, 4, 4, 2, 3, 2, 2, 2, 3, 3, 2, 4, 3, 2, 1, 2, 2, 3, 4, 2, 2, 2, 2, 4, 2, 3, 3, 4, 3, 2, 3, 3, 1, 3, 2, 3, 3, 1, 3, 2, 3, 3, 2, 3, 4, 2, 3, 2, 3, 2, 3, 2, 3, 3, 2, 3, 2, 2, 3, 4, 2, 3, 3, 3, 5, 2, 2, 3, 2, 2, 3, 3, 2, 2, 2, 2, 4, 4, 2, 2, 3, 3, 4, 4, 2, 2, 1, 2, 2, 2, 2, 2, 5, 3, 2, 1, 2, 2, 2, 2, 2, 2, 3, 3, 2, 3, 1, 2, 2, 2, 2, 1, 2, 2, 3, 2, 3, 2, 2, 3, 4, 3, 2, 3, 3, 2, 2, 3, 3, 3, 1, 3, 3, 3, 2, 1, 1, 5, 4, 4, 2, 3, 3, 1, 1, 3, 3, 2, 3, 3, 3, 3, 2, 2, 3, 2, 4, 2, 3, 4, 1, 2, 5, 2, 4, 2, 3, 2, 2, 2, 3, 2, 4, 1, 2, 2, 2, 2, 3, 1, 3, 3, 2, 1, 3, 3, 3, 3, 2, 3, 2, 3, 1, 1, 1, 2, 2, 1, 2, 2, 3, 2, 3, 4, 2, 4, 4, 2, 2, 2, 4, 3, 2, 1, 1, 2, 3, 1, 3, 2, 2, 3, 3, 3, 4, 4, 2, 3, 4, 4, 2, 3, 2, 2, 1, 3, 3, 3, 1, 2, 3, 2, 2, 3, 1, 4, 3, 2, 3, 3, 2, 2, 2, 3, 2, 4, 3, 3, 4, 2, 3, 4, 2, 1, 2, 2, 2, 3, 1, 2, 2, 3, 2, 3, 2, 2, 2, 2, 4, 2, 1, 3, 1, 3, 2, 2, 2, 3, 3, 2, 4, 3, 3, 1, 3, 2, 3, 2, 3, 4, 2, 2, 2, 3, 3, 4, 2, 2, 2, 4, 3, 4, 2, 1, 2, 3, 2, 3, 1, 2, 1, 2, 1, 3, 2, 2, 5, 2, 2, 3, 3, 2, 2, 1, 3, 2, 3, 3, 3, 4, 2, 3, 3, 3, 3, 2, 3, 2, 3, 2, 2, 2, 3, 3, 2, 2, 1, 3, 1, 3, 3, 2, 2, 2, 1, 3, 2, 3, 2, 3, 2, 2, 3, 3, 4, 2, 3, 3, 3, 4, 3, 2, 3, 4, 4, 3, 1, 4, 2, 3, 2, 3, 2, 3, 3, 3, 2, 5, 4, 2, 2, 2, 1, 3, 3, 2, 4, 1, 2, 2, 2, 4, 3, 4, 2, 2, 3, 3, 3, 3, 3, 2, 2, 2, 2, 3, 2, 2, 1, 1, 4, 2, 2, 2, 2, 3, 3, 3, 3, 2, 3, 3, 3, 3, 2, 2, 1, 2, 3, 3, 3, 2, 4, 3, 5, 2, 3, 2, 2, 3, 3, 3, 3, 2, 1, 2, 4, 2, 2, 3, 5, 3, 2, 2, 4, 2, 2, 2, 4, 2, 1, 3, 1, 2, 3, 3, 5, 1, 2, 1, 2, 2, 4, 2, 3, 2, 1, 1, 2, 2, 1, 1, 1, 2, 4, 2, 4, 2, 3, 3, 1, 1, 3, 2, 1, 2, 3, 4, 2, 4, 2, 4, 3, 3, 4, 2, 3, 3, 3, 2, 2, 2, 3, 3, 3, 2, 4, 2, 3, 3, 3, 3, 3, 3, 3, 3, 3, 3, 4, 3, 1, 3, 3, 2, 2, 1, 1, 3, 2, 3, 2, 4, 2, 2, 2, 2, 3, 2, 3, 2, 3, 2, 1, 1, 1, 4, 3, 2, 3, 3, 3, 2, 4, 3, 4, 2, 3, 3, 5, 2, 2, 2, 2, 3, 2, 4, 2, 1, 1, 2, 2, 2, 3, 2, 3, 3, 1, 3, 3, 3, 3, 1, 4, 3, 2, 1, 2, 1, 2, 3, 2, 1, 4, 2, 3, 4, 4, 4, 2, 3, 4, 2, 4, 1, 2, 2, 2, 3, 3, 3, 2, 2, 4, 3, 2, 1, 4, 3, 3, 4, 2, 4, 3, 3, 5, 4, 4, 3, 1, 4, 2, 2, 3, 4, 5, 1, 2, 4, 2, 3, 2, 3, 2, 3, 3, 2, 2, 2, 4, 4, 3, 3, 3, 2, 1, 4, 3, 2, 2, 3, 3, 2, 2, 1, 1, 3, 4, 3, 2, 3, 3, 2, 3, 3, 2, 2, 3, 3, 2, 2, 2, 3, 2, 2, 2, 2, 4, 3, 3, 2, 5, 3, 4, 4, 2, 2, 2, 2, 3, 2, 2, 3, 2, 1, 2, 2, 1, 3, 2, 3, 2, 3, 3, 3, 2, 2, 2, 3, 2, 1, 2, 2, 4, 3, 2, 2, 2, 3, 3, 2, 2, 3, 5, 3, 2, 2, 2, 2, 3, 2, 4, 2, 1, 2, 2, 1, 2, 3, 3, 2, 3, 1, 2, 4, 3, 3, 3, 2, 2, 2, 3, 3, 3, 2, 2, 5, 1, 3, 2, 1, 2, 2, 3, 3, 2, 3, 3, 1, 3, 2, 3, 3, 3, 3, 3, 3, 3, 2, 4, 3, 2, 1, 2, 4, 1, 2, 3, 4, 2, 3, 3, 2]","[208.935852665313, -159.3032440820256, 221.84664511883193, 105.78778188778506, -466.731169247685, -522.9572962152225, 300.75317941746437, -2223.76204842841, -1007.7913998194182, -121.05099725650427, -87.22789783495591, -656.0952270937589, 245.35070613808188, -111.27222579716084, 29.462066369299293, -345.69182164359773, 61.5897542609452, -365.9406302940665, -17.47636905122465, -664.2251288065662, -205.89095697092708, 430.79628369003103, 350.8554454343101, -188.62740487487764, 61.78927039301115, 58.97862008553935, -243.24186873672775, -115.69953292251384, -616.0372140019454, 272.6376207841546, -1338.4480688677058, -282.20492658910734, -588.2366104452071, -338.57187174157514, 715.0561052089329, -208.54714963209142, -285.1221577505395, -148.29376712608357, -337.89630142995657, 644.225604275998, -135.06062687368376, -2494.610249303373, 265.227535463436, -274.54428586002115, 228.193301453672, -522.9929135568136, -773.0418129629127, 92.15655341525076, -158.37365479230945, 38.19637192845926, -522.1961600897025, 760.2698725143948, -1429.615609415273, 95.07854079666896, 223.55720374799904, 405.1286093332319, 595.5035712861425, 315.93866272090764, -409.6966705265552, -615.075731567078, -55.56865004721277, -307.59179420946225, -438.46724233070876, -267.1982408625594, 799.4944318408282, -267.4524556771771, -40.28821151850562, 189.8646380884819, -416.4637348569325, -650.5590621725061, 134.31643620839992, 97.1298250758698, -65.44619204409815, -240.52750872831734, 490.9793315109946, -108.69501024216189, -247.4598587547038, -1707.9237113978006, 58.31191472711379, -575.8574256280452, -252.17526575896122, -999.3505548601386, 117.91674980570167, -268.55336735671415, 173.18426521808715, 24.521406006489485, 60.95066672949571, -320.43989999900487, -275.7524074727056, 445.97135981901795, 256.8734970358553, -32.14762677163117, 596.0650668382561, 44.55638776301237, -226.19590793860849, -234.16842766947215, -60.9704376531657, -518.9977947727514, 201.78550363639374, 5.493274360484804, 551.1062166584877, 576.6027835634608, 139.43003499733328, -840.2887049967983, 399.8494477041561, -354.62022743358614, -302.16365520079535, -95.5628611288945, 91.77723061759187, 26.005611015911654, -1620.5187626862737, -440.20915090371676, -1203.5833284020714, 504.05584136849313, 79.92338753537365, -26.11930570354707, 59.58797574417687, 383.899384872076, -404.1168860041839, -67.6142096544906, 564.1645648686319, -93.8231567487058, -734.3863995707345, 176.41962388518692, -182.72963397265528, -499.1381605382478, -167.66004494413082, 263.69606005466505, -594.8592435766758, -128.8278388718105, -280.6960597667828, -242.71282840721352, -2223.329432405883, -525.8624019004911, -926.3430020180555, 299.67401754671045, 11.438742265052497, 79.69571752595621, -342.9228357831371, -449.77223669241954, -295.9442907432268, -1293.1804232907343, -536.5938295602714, -270.8876575525534, 879.3007516357027, -85.29833420605014, -225.5451389633343, 169.42186638265355, 345.9798712668662, -326.02723197384296, 235.46671256930262, -166.18627312887645, 280.0210088841549, 529.0701610785902, 103.48730700513352, 135.4443298189928, -584.4003709870466, -138.20468651988207, 142.52219270689704, -282.11946596679286, 234.89798147064107, 672.9624033901591, -522.5913785416947, -166.27251284519542, 202.8464807121901, 332.632203223226, -666.1751003098888, 766.8321400332036, 120.86194177620052, -864.1967840528332, 106.05533153291685, 52.36738303430809, -466.8192751172586, 121.09782039636417, -291.35020563796064, 278.2215340927529, -72.04906255354912, -200.05232984734621, -1034.2156777240486, -523.5580661672045, 622.3910882870788, -1485.7672457130957, 172.59971964072986, -306.97252029724666, 105.56622370473906, 414.838012161144, -158.4517075991919, 337.5851776706161, 211.62871849532866, 231.31916288207248, -35.67104355020467, 27.016764050728625, -448.85841232023716, 240.94351544821575, -671.0290821850961, -773.1747542315655, 928.5151455768228, -658.5245094943335, -338.09123368808935, 613.8276729430729, -417.1201782920949, -1412.6008939307953, 581.7928376108256, -22.846559030418604, -607.8975102319941, -448.35677114631966, 229.81426830508025, -432.9615456328546, -651.3702523105883, 402.2187258586431, 17.4415350808151, -462.87537004794575, 275.9369099821886, 377.3828185020916, 751.3227300998868, -270.20028518077095, 417.2559346328867, 949.3539080056266, 1128.9425071035946, -1857.3131613135392, -324.8789674301918, -1864.6717447960589, -426.657570285323, 307.77333887817235, -580.7257482753832, -724.7697194773405, 583.2174806672075, -667.8431430465869, -548.3729743769957, -711.4613846315365, -436.68282965288324, -29.036307402581173, -265.6052854514595, -80.3762770613676, 839.1053478795187, -330.67220574400085, -1986.8061280090897, -281.03934872058426, -68.80815347933593, 160.58049449611144, 34.963966737815696, -377.65077248522084, -72.7855433148456, 164.29598254109465, -277.6011710325752, -27.30061782324205, 416.8547457674015, -149.63424076772424, 383.07107715958136, 257.4281066597558, -63.36090554482871, -338.3426434914211, 358.94351895391264, 21.283366700418924, -232.63234055839905, -563.961289164186, -2014.2896542916449, -424.01724968566623, 122.02974276060746, 782.6747137373145, -338.04856321053904, -1373.4659538788596, -445.62443200472705, 499.87032284497104, -1154.4782848222399, -395.5054827217935, -282.34303451754045, 931.4898660417443, -10.838099437695917, 458.42133235296, -2070.5850967238343, 122.92743019458135, 48.38069504885323, 411.1906241437574, -117.02553998365443, 310.1039211848391, -387.882059329365, 17.545983359381154, 235.27045806177006, -444.277295036703, -535.4411346133342, -359.3270223614644, 61.317431357129976, -419.9852309166241, -201.4549527901362, -905.5333234936373, -577.6550511516696, -263.25019509454023, -376.33447503613456, -1065.706870764179, 92.70495375405329, -646.0690089421822, -877.237517189071, -22.623863346524956, -2365.152377614893, 49.54136183525668, -2218.4923022713815, -552.2278893186756, -86.69296367522318, 679.5916481031173, -403.6090942851324, 1041.335337706585, -877.2913329147805, -244.6121942216316, -346.4628694816677, -146.20400924914122, -1344.283134352069, 53.42461236727286, 217.056109319842, 103.88192198030043, -968.6039986014023, 762.3198406035767, 205.66850244908346, -1354.7005880292857, -227.77678850478662, -541.8218133015228, 271.22368993239957, -255.25849937757448, -556.4511980126423, -277.03574720545623, 136.41727079755879, -102.57168265122218, -682.3495724833396, -1289.903462888744, 298.099252559677, -607.0517279698759, -509.7445950015518, 59.213450920834106, -1123.2868293157826, -199.552714527973, 193.57034180755323, 71.05272221258252, -107.17426910738172, -479.27870129814596, 3.734816470299279, 16.889690426976756, -50.288708291807836, -466.2871650886692, -1425.1955198515066, 154.661046167294, -865.0806561225359, -1498.6685621307654, 232.19337930482607, 118.48784290882219, -621.9492533001745, 57.84300331923927, -152.89980037722745, 262.7393799747334, 773.5005573738431, 154.4545328827973, -229.16772249521614, 353.63447048630803, 49.776369153734976, 917.1601529565828, -176.02569768946242, -1.4013739983592473, -606.5385117759124, -626.3515424511831, -309.3684751862983, 361.16085754384073, 529.2688268403468, 151.04640682491925, -205.6072425918185, 163.46315794590328, -5.48028042334937, -544.2520793549666, -783.5280375476773, 136.42521461901185, -137.0334836439809, 35.65668406925141, -609.9360206019885, -1411.619462145439, 762.0438560132167, 538.5811091172125, 309.1324937431732, -1659.8339085559744, -747.0952596093762, 411.7185495033134, -521.7021835817023, -295.5583745022591, -81.44567850547514, -462.5028533281851, 333.50604124885336, 46.96228012700311, 240.5905167687671, -306.15794745468645, 622.6105422210494, -1939.0284067129096, -200.05662868932183, 136.82637813399748, -472.3319144223786, 1337.756539740728, -499.6925278197633, -1037.7834128484847, 424.9445255626389, -120.436834157687, -100.20734952427301, -76.31451299358197, 395.0813443764831, -849.2958557397167, -474.4071342333715, -274.8953598571396, -613.8703018366319, 166.52313190691785, -392.9503647296656, -315.3774362107491, 238.51926920310643, 1080.0724157196482, -12.355331300930004, -1198.709055829473, 128.0224529145354, -88.13880588006764, -722.3384089201637, 583.4256731789137, -439.672144330512, -299.717126053964, -434.5377021901146, 206.05573922634466, -180.74254568003198, 448.9341771735278, -292.9744938865263, -120.2850268515233, -466.83325552179195, -648.5306159764946, 454.34923038016996, -386.0724897209418, -274.08837530945743, -298.4355410797708, 355.99343230512454, 561.6982659409181, 88.49834694600196, 357.4182350879861, -101.34641868133315, -165.04102521902496, 551.6669282359479, -60.55083570164584, -61.3880704758414, -110.12043507524226, -86.63618819650003, 148.59527170353738, -1494.9827751371463, -581.3971456772276, -168.09656185851665, -407.12691314117774, 219.06778465878256, 210.86743887763646, 125.47664811274774, 91.74952585288216, 670.6927061614267, 175.7931314651206, -203.83182928565418, -403.0954031846545, 285.2741662630713, -336.380104705084, 224.7930830586929, -859.7700053344831, -396.37940160981157, 47.19915359873602, -1856.1114862229174, 483.9739661585131, 41.12444732252527, 0.8366099248602836, -465.20358190637495, 265.7012824069017, -539.3719690529931, 683.4901917458047, -477.46206897716854, 256.2822272550662, -1202.013517451463, -289.7371464494513, -346.00046892036096, -876.336095557591, 396.7846579501852, 237.69820741494198, -756.2788477036495, -377.6515033486842, -708.8883472788502, -419.345369530981, 69.54251716730002, -74.51256308991756, 134.146593278085, 598.5173913465103, -283.8055866840246, -158.02277897968406, -243.4225694266193, -1787.9521982770602, -1734.0471866448165, -268.07304059552484, -179.56996855459442, -477.6244680428815, -64.0275427792007, -288.85864400912, -513.3957282818212, -228.09147169541856, 705.8802474341724, 236.1121573530702, 70.33257351582921, 366.38126102002366, -576.9192098473428, 128.6447331504461, 503.33211451509874, -9.12867926586327, 354.2285075174543, 178.67238802917598, 201.76524356079676, -676.1744183026399, 168.4266715642733, 102.45220309983301, 228.52055062610134, 194.06228696881675, -448.10850638893777, -267.8427309679573, -255.1410861560302, -228.5535953581607, -1310.176512399472, 430.85731990558986, 640.0024774925903, -149.67789418436442, -102.19276891497181, -386.6633592036413, 1264.4729408013102, 334.4090465576304, -203.071512440439, -517.8105582658609, -627.9487166663789, -618.8707945659427, 534.9480331164889, 154.79985580836058, -685.2802281009954, 345.88727085077244, -142.9348870905809, 420.31133864592914, -614.6051459414167, -1942.7448430605432, 777.4255227718766, -149.13816941091375, 118.03153692243524, 211.87799420981383, -125.03880362502915, 43.46057815479904, -1617.026754167862, 256.4672555848896, 125.53889363622346, 326.9982291947169, -354.96475369207343, -181.80028603657212, 374.61113979188474, -1193.7009732008305, 957.9686969420015, -827.3478902090544, 185.31586715837807, -343.449891925029, 222.65672093492333, 414.4879883955098, -335.27383474354565, 1531.042654683981, 302.26735603886766, 62.59627091425159, -125.9910514516518, 25.630164692774997, -828.7459897330608, -156.22431514538525, 31.692137748970566, -1384.5855761405699, -213.5433017438524, 109.60639281277417, 376.1401826782553, -292.948967500531, -108.50166177491917, -315.28182390952935, -237.37644872572088, 803.7569923461053, -335.3436336468935, 445.258387074598, 470.72545614943033, -74.98740831751815, -73.16486611250446, -732.3357411572628, -197.25388604474898, -278.37867107740595, -156.48481991992685, -899.6494701287413, -1514.8982024456573, 3.4499602419887765, -999.7885828314758, -218.05453934905609, -593.686412164555, -1432.5982311673745, -146.828992512927, -532.5320068526787, 84.09679766734433, -1821.2910720226182, -88.21000933125981, -623.7172755840352, 113.49226454276692, 35.059649591321744, -237.03321765302755, 404.9858445007103, -118.80065549113169, 10.776500076599689, -714.6289163671944, 13.031071976743732, 297.3539159648064, -96.09345697261637, 279.08822680908514, -45.88229256562843, -140.3672331064441, -31.0999353954588, 520.000523545971, -252.88924946048428, -325.1619999287891, 847.7309723064532, -935.9509215670387, 786.3915010291707, 950.7769934379862, -550.9965053890223, 404.0523050198451, 486.4906304608436, -786.7159382393356, 44.11576938995674, -275.0039937379022, -507.60391938470957, 76.95972058048812, 719.7739003329119, 316.0237546029508, -618.9167554083141, -459.1297709995153, -305.45264560188554, -392.6393298573156, 132.49762630989562, -172.86326910336766, -78.10009403827073, -441.9916959279359, -64.31454192735475, -656.6722525228831, 814.3963384414436, -476.249692756787, 641.5161642266188, -75.41859945926689, -288.06045613106954, 49.42546612428373, -1454.7941766131057, -122.05471747219943, -89.93439508395733, 2.6031663535558778, 207.7523590733325, -2511.872533728751, 145.90757670477734, -1601.4151515812275, -350.60420585706566, 164.93191936314048, 144.67011923230234, 13.476091043210204, -9.831714535344105, -632.7648947009883, -101.02723531507218, -400.81032388589193, -337.1659039659676, -88.50149339661118, -1132.9833882604116, 1638.5226785126633, -251.58685852978152, -399.8804522338112, -614.2740882627, 69.53438811772736, -235.38469510647485, -552.2799735339231, -281.6919059333677, -772.4467034676888, 39.64136701287654, 791.3095468204602, 649.016298203077, -204.04209219448896, 107.85752029716514, -388.7410685193246, 56.90446173091553, 1161.0492872085397, -740.339073938698, 314.71967775287067, -186.18005432409325, -90.42970025040938, -574.4010087256721, -419.5935893848728, -395.8175905511022, 429.85448752738637, -64.48144908626057, -649.6862995604624, -493.0015514407388, -57.160066702888486, -25.170228157701388, -611.4449629708415, -279.7812668033702, 211.47889503257602, -386.9080640582355, 70.59032178325154, 258.21234761222473, -289.55011625844185, -95.4277280799312, 54.44604729231247, 327.3160743380198, -385.4617878884494, -64.77577245512595, -85.27640683090337, -347.5926958686981, 552.1262416111688, 239.76324839736287, 11.946533984104065, -501.8511077567688, 1008.8857006753492, 22.950458052984033, 560.7193188772338, -154.81673464895567, 60.434727209068285, -227.55543432498698, -261.0055318713791, -468.48554087281576, 124.07067785719153, 90.27331301586, -278.8527333742474, -16.583698498291824, -508.03108870974074, -163.00681373557396, -118.70040905227182, -517.0887890181298, 207.46746042148055, 60.533645934728355, -402.22553443152935, -98.06814380243063, 237.9345000907564, -933.9287832285034, -693.0253297201775, 26.371807156033896, -3.7382717665896905, 156.86117225013027, 411.9064486480354, -225.7572110987229, -482.23785913567394, 321.6842064015883, -167.93224288533193, 279.0656017052155, -333.96908710092237, -741.8110637785692, -70.15951860507377, 139.12322414270534, 656.9003699545681, -7.412852723923123, -246.06257801170494, -431.9572829281146, -1121.4867084556138, -57.03551136577704, -37.217670824955235, 432.78956246036023, 49.33981734558748, -144.7777668947774, 873.9835668899032, -1123.8032967665067, -135.01576364623568, -318.1718009900146, -16.645304398477208, -867.2225910770035, 118.25570955154149, -177.31072162848432, -232.8994260838273, 391.0797527523506, -902.1071697089229, 17.49982433251671, -103.38362147140788, 43.24293446795306, -341.0982299095873, -192.6290848911806, 846.7337044082504, -2041.1490822376848, 162.50277064601062, 319.23964975079804, -483.5152065539679, -417.756058967383, 183.00640789802674, 115.55715927315333, 61.59726014872655, 743.1980625950623, -150.1698393456279, 76.69459830821495, 12.14572084993381, -240.77014924516374, -672.1478358997446, 24.10954667760643, -524.5034434856332, -353.48490353940895, -341.70857717199124, -229.80892458376596, -2286.364985289752, 52.16761037831776, -55.22198641874286, -118.5176808523982, -89.51803622741261, -16.799745358961417, 723.150705812613, -126.57377892840486, 98.8129627175017, 549.7302581238143, 189.78160207916397, -660.7756505730515, 135.99529127991065, -466.01403798591866, 3.5942332976279374, 625.6557781972712, 187.51562606897284, -296.1685084077989, -426.86078474205567, 903.867127450816, -285.94783703643554, 1046.30792513872, 150.29186748285974, -7.906376046967694, -480.74646378149066, -872.6184456644175, 219.14331310363747, -219.03223484760264, -232.60598570822867, 802.9800388726428, -92.7311018146616, 107.03748530482488, -379.37506350437366, -160.19299262111048, -698.7752251297, 305.6176837696845, -291.093795725472, 123.35843122756137, -304.2270062951084, -1311.1632399574537, -178.97549025097157, -111.59822891996845, 485.29825991713005, 84.90936376806903, -213.35469339106183, -620.9638217079299, -1258.8542599430793, 1060.2487036360085, -319.3618279494427, -689.2355595029388, -863.5166578955339, -164.40701598952992, 265.01254446335975, -446.36817446425835, -332.80011781733015, 2.583960459791001, 16.494249053614567, -282.26271419417486, -120.19799598364443, 247.75370435301795, 213.55842731112995, 933.622538114146, -1622.8195095868405, -520.5553848932161, -618.9338977655186, -396.89640590416843, -629.7275709487744, -229.93379028001095, -364.9434101140233, -317.1710693901061, 283.0666249554288, 65.91518229608127, 355.0983146366981, 72.92065255815635, 504.4000691590817, 318.8230198095012, -500.13990808950155, 376.76421174531833, -597.316990693516, -465.3055589765924, 183.10331278520505, 287.2551599807748, -155.6492497969323, 51.549547955671386, -692.2464495873273, -383.9041415635586, 496.42196526325097, -577.3648844550687, -124.75407207941913, -1875.5076208663813, -10.183416746164852, -288.6062642018277, 22.25669200351635, -454.6038548930015, -459.3013236529215, -226.54907507143116, -64.70573903746927, 31.225476950857853, -191.94383549695297, -173.51638397756696, 168.45331012394035, -1.9671403956797349, -583.0610622527237, 60.88687980432667, 657.6471891764877, -722.0070833291787, -382.7719635165185, -305.66595986988136, -160.28233314910062, -181.25613102615603, -1123.8109586951527, -156.25784577155918, 119.59047635590548, -515.4968156342012, -638.6771074468336, -183.88948625209838, 409.65301969657685, 649.5193516891827, -75.79087471674245, -103.72101339991595, 493.7517616864909, -207.71702947958494, -1695.727213938101, -227.89270457201692, -1109.343319005764, 895.716524535012, -46.915886513461174, -65.70356801019972, 519.15297289971, 69.87518983556345, 475.9352441528325, 57.17565674482307, 89.3696149049243, -777.6903491734756, 19.791699963187057, 176.35030269278332, 250.14642845021842, -631.9055198296485, -1204.991474353648, -163.3449886822491, 126.7685598806537, -468.59548089744396, -186.49634684367953, -571.5960911498415, -592.3219218042505, 152.862448773383, -408.50237536818946, -291.6021153748202, -507.66525842754237, 315.77193998893415, 107.88199423567886, 381.1444333285265, 39.16153610289177, -62.332978393048904, -601.9596200994454, -803.9014519209305, 196.05499062506385, -2072.7091682451173, -114.136163733725, -465.60389009323325, -172.44230123535803, -394.376262668746, 163.70768855169416, 311.48646448556303, -616.9579559574548, -592.1943207583311, 86.91957247190157, -151.72325810310403, -101.40972006540215, 18.01508487602436, 235.42564731505973, -267.2951471181136, -560.8372570612745, 81.60255296601798, -616.2880261238815, -71.35552596647949, -897.5427186396787, -260.2271934051423, 306.09314371737764, 633.7909495805254, 340.1158699731541, -306.9547497263401, -471.5774810112163, 406.10142877539647, -226.17349753665525, -163.56043625914842, -392.156750059479, -144.70968049276607, -176.80016167947872, -1513.8399205332355, -391.7360083494077, -416.8995392821137, 521.3984684848963, -15.266287407996344, 208.51206052924368, -394.10210158512143, 571.2411581088068, -94.7477603560377, 180.60782936438318, -427.9804627772315, 147.16081270861775, 37.902472925349, 77.49892305275108, 887.7533732456309, -151.5035398129736, -132.551452817206, -317.7381460136156, 68.09168368429565, -839.987300753874, -193.7230926362995, -188.38191932676568, -387.98098365080085, 208.4461251228002, -534.6140897556786, -24.94102729069371, -787.959616210772, 398.85229053143905, -27.790250432556462, 531.0431262940781, -445.5961052913026, 578.332672005112, -206.66452730469854, -659.0496994829708, -529.3765808820328, 464.284272190303, 10.632881782276883, -137.97072383711242, -333.95721278846673, -341.008263515868, -265.75791453912063, -481.53098254730423, -103.83021789846813, 207.01253676035446, 187.47760904805466, 432.07760913598634, 374.96826992507397, 335.09157588528603, -304.11618517996396, -487.5027641280021, 176.59036376598317, -755.4671580884965, 61.25662132283327, -411.00072376256566, -1616.6880402882507, -673.0202634946902, -1098.5470984579538, 733.2868055683945, 137.10838685109377, 61.03799893451995, -87.138786637388, -2227.1899876936322, -75.22392546148842, 96.09557476434617, 207.74856281115387, -363.5384117075095, -338.3437131095755, 619.6863900865021, -402.8343148097646, -81.63854394591141, -492.74372933989423, -383.937130478551, 230.9831669044105, 418.23382818395055, -528.2717546850516, -138.00429354802333, 217.62634616167225, 129.95502521510906, -535.8199326298566, -30.730549139576055, -324.43520320999903, -1126.5464645380903, 134.89144869123106, -550.0509580148453, -580.6632596639242, -400.70267109913743, -373.2784875809044, 230.30951825793755, -139.69851148130417, 775.7035838151323, -107.77484814940777, -135.59609703943744, 51.890577199821735, 102.90694716194855, -1071.405104457883, -1715.2074235447549, -543.1488762232566, -536.1697829478748, 123.27510230020562, 111.29065860163598, -72.4902938016154, -1020.4108610583166, -460.6088532830599, -804.0228035297969, -272.2065777991294, 488.68577746948245, 216.72908851133877, -145.07711522040825, -325.51250739044144, -316.0697741659807, -1971.650186156443, 229.30753244662208, -195.28645379527893, -443.46335019509047, -402.299411814344, 544.4261036348156, 189.31992763264714, -519.9966154507522, -1039.521857243081, -107.36969708474314, -1820.2956811680638, -219.93884338152728, -46.145606544510926, -336.3946130399141, -266.8390218423099, -18.724853715728216, -298.97129360788904, -596.370803082426, -697.9077024124163, 115.63018976953953, -492.46518432450364, 171.40846849931023, -344.2128956582405, 385.7504963107898, -1254.8488475095355, -92.804654445915, -610.8087023303974, -253.61795565488876, 504.45161355279754, -117.04703416204916, -255.19806926386596, -1151.89832940003, -0.33197255425181993, 177.79001362691776, -83.88606802882006, 477.96372365939567, 588.7658176762797, -226.52019410970252, 27.576510771690266, 1136.6322341062837, -1454.4004936354017, -124.95925310478754, -18.088593075284052, -349.11457794076136, -304.57406136600054, -345.45216883061903, -893.9919458048907, -349.3940810476333, 150.58291357525331, -358.06743125362505, -174.4374149896889, -345.42823577877573, 427.1354711951768, 46.577731972088486, -717.648323106823, -246.74491944164808, 135.5757873774162, 464.1983125676236, 19.367860087713808, 53.1684455427677, -176.07485021562425, -779.7318370246412, -173.49391832767427, 66.88566816368888, -377.98210693052624, -728.5873227263626, 66.86194157171681, 167.18106401012756, -398.900491733075, -1240.817746195214, -336.34922747794496, -315.542286929741, -438.029470769703, 241.64018753797325, 65.93762915774641, -251.1367175386249, 67.26949113697691, 337.6977549987548, -1315.215250197289, -683.6019724452306, 152.21287518214405, -171.2891343283383, 122.47869084767751, 715.6401284851024, 257.77411221142864, 579.3575434514559, -307.28603766864205, -229.5662671601982, 1449.8553456022387, 61.21209895248049, -1098.2871467645548, -70.56893003851997, -671.6758678401703, -69.99917515835739, 107.49272193987031, 204.5657934554718, 64.8751209507341, -406.091769305385, -57.05506963981827, -407.77432460431294, 51.3407138751009, 377.073887684232, 198.61210813040498, -489.2462418998186, -161.10884704089204, -989.7481432947275, -323.00682175130214, -182.10479354779233, -631.9946275564361, 222.34434202086243, 23.006997540370378, 302.23751852087315, 102.34533428773233, 98.6320557673925, -210.2723625629273, 140.94228995359094, -51.201641263369595, -43.45444637650756, 245.69624118410889, -616.8286166491569, 687.2929644248086, 619.8570457894269, -138.65645361187725, 387.1874080503119, -1265.0710304194974, 624.3392191539668, -480.5850508485957, 300.55269675221825, -164.0648678410357, 1100.8091556980387, 253.14158072524685, 399.18747515130076, -194.1076834787072, -91.6508787695316, -354.04493262273513, 44.23919738102569, 417.4912103877683, 103.24963606513728, 302.1068647569068, -203.1931745616588, -1149.7899224895514, -587.0229063463169, -432.96597525619757, -245.73014629620624, -155.5273445877292, -506.20677015845297, 119.41479817616391, -963.6937573536928, 27.87117764392022, -633.4255315108344, -278.61452167955656, -249.57568155633894, -679.830589232097, 838.104454855205, 325.5610937538812, 112.8891134205536, 272.47456868045435, 680.5009415267364, -2538.671006321623, -184.42191178728353, -520.8606296092737, -520.1806457798464, -580.953339702705, 319.9736895267513, 618.4603320614616, -170.98772166495962, -1387.5190111207155, 70.06147070960259, 581.182908750347, -377.58356055243803, 597.7127151364782, -48.81964032886802, -409.4634591094212, -221.76899966219062, -1108.4032521212807, 271.177530905535, -1063.6918578787115, -1183.3264246474482, -6.840392467912693, 546.0258626969282, 229.55311827813944, 93.75482190656533, -1343.3136877415702, -1395.2361272303785, 809.0110313368118, -865.7099696381779, -668.2514233315808, -119.47310875356925, -42.40111545545298, -451.35339018843194, -1578.387027609072, -632.3817195177169, 896.8037167378834, -435.2891741810719, 6.309158064100814, 3.1092081763164856, 500.4445452757259, -109.8490120998074, 221.02221739807374, 42.6308942805268, -133.1532217489955, -558.3589658277115, -82.58738168490973, -424.32745214500756, -356.0233342043699, -103.46276941326494, -160.6472511764708, -408.91387678817955, 178.68037675411938, -456.09181970281077, -22.145273525252946, -67.12988499917304, -403.6578584044395, 0.09111833588056584, -67.17414394860884, 162.79916614635522, 533.7501541196457, 275.13718476352386, 486.1130034290612, 730.8819469956334, -184.4285180549903, -406.1794306425903, -535.3058603065786, -426.9332077928864, -83.91555819512513, -480.4040597206151, 528.9350015796437, 497.7821956950555, 922.5807732894946, -879.724445435544, -62.737857439798105, 749.0293895472144, -474.4831313338492, -387.6444233043746, -743.8912667919976, 206.80673635228078, -263.52953771016996, -1456.6249892362157, 1037.8235103850532, -761.1239199595984, 82.88678331944612, -150.340494916577, 299.4019710201859, 716.8925853949384, 117.13811367275355, 5.0539551023264835, 686.8867149440334, 196.64141043140023, 419.48314265976126, -531.0446848173995, 123.88944364122756, -218.0923550363209, -282.3101748158854, 91.53531313405301, 68.2872546325556, 600.9148229168233, 56.15476843420538, 865.808041998092, 337.34927819624477, -523.1778320266365, -1513.0482276438668, 260.351679099948, -317.86637184702494, 352.77427214295585, 423.9427797244912, -1064.3805958222533, -555.7237169333923, -248.40070776875882, -325.1012908127646, -205.3859276864001, 124.32946273051289, -207.14379119964957, -322.1073866554174, -387.7193056935634, 415.07172368020565, 330.47415121651716, -309.8517055078287, -113.91853871127432, -343.0444135945097, -112.02455311624539, 881.3546112762269, -308.35871417322403, 83.41239539354376, 87.00523111030915, -578.632729764739, 249.73244648851062, 7.918602268203273, -198.5002475997219, -280.3724184821137, 826.4157866394078, -273.0594076014309, -535.1553507702599, 79.43063767722461, -468.9955253417652, 439.74923355685075, -240.9706608403419, -125.31043676225295, -670.1115991632828, -103.36400959771674, -110.71924425401801, -1072.1436108169203, 145.96719956273898, 119.48733985031407, 796.0947529853877, -70.47683896724038, 80.73997677662408, -430.5774547118093, -463.8427002795857, -141.86106366364191, -8.134216526102534, -216.44444077956453, 131.89941175227727, -455.5068577218299, -157.45495855472024, -70.14689252903233, 68.67626608941868, 100.9766389647462, -583.8817608161328, 220.9467593391845, -1339.021290262164, 177.35111263870914, 127.44743246957256, -580.9393592981716, 43.54094712948719, -278.9086491442238, 485.9501767033562, -197.63981511011465, 381.63701436524764, 134.68639609925697, -125.45131057266718, 500.9044445911246, -179.48907794506866, -755.4042485374948, 724.1101436159428, -559.4352166275091, -607.5105702095252, 371.3475747477862, -8.407189065015928, 199.3407734823984, -85.75774348405687, -305.70749017699103, -361.43997120190204, -42.210445914074796, -85.15746619106551, 860.8126328865978, -1112.5943982984502, -210.6124896960335, -871.476535444822, -417.14537068156324, -1368.14802381001, -224.22798378542015, 285.85996575353926, -551.4292498236994, -270.7470319563405, -44.81612894234041, -117.12645887049506, -195.4358440153644, -90.94916574945049, 203.3661467436973, -7.648387972697947, -284.48589711009527, 118.00959578972743, -394.3207518251272, -85.99089512856688, -549.5650070131203, 795.0860798443209, -500.85980087387367, -1027.1570183667563, 344.7327997238816, 158.5052549637278, -1017.9034928895883, 64.02653135060109, 176.59257342260236, -443.12627298509153, -1384.0903039863729, -443.815662344516, 62.67192963758268, 108.39004186711173, -571.9028594489523, -128.6731249814921, 120.19701031743375, -282.5219034479093, 595.4687725986516, 279.87304534401443, 238.3649455647249, -100.01821572113448, -42.106263857994634, 145.37178734889324, 107.14635517692426, -2208.850396607864, -369.6801357007402, 628.5013647670103, 230.41481668074448, 139.25062437910668, -479.7607097856576, -494.7207389210304, -1545.9307790155112, -346.112563353669, 91.11693898987173, -437.3306348599796, -148.90763018897235, -466.44341621094975, 181.2363910487614, -124.70033758207455, -434.6978049180646, -183.21905821934783, -102.90480138655055, -506.09414779484837, 331.6047454726672, 134.6133766695948, 110.94484702015745, -1804.357621861777, -351.65685335082344, -28.742738946461856, -281.4312447286628, -251.50985736919347, 336.3112419326469, 168.69646574668542, -27.54989353772723, -222.77307516175352, 367.8468540015658, -37.499790135561454, -347.88459963719185, 208.11032732963156, 365.48243827787564, 394.7478428977537, -413.04611819236766, -168.24195649911366, -23.327968102184457, -317.8125819697652, -1563.0031168651403, 57.35340981798558, -210.34725026797832, -949.4263606036948, -1495.813077215392, 25.63372880986188, 155.1549213055057, -482.66634899699875, 229.42886717001124, 753.3090337486448, 6.094934933144231, -267.7873316510115, 644.5034272589221, -660.6304974969756, -119.11875561365295, -490.23017464588713, -156.62939552578794, 139.81592150718177, -442.5178142769353, 587.8195813154543, 543.6493638862712, 8.823328279387766, -554.9794191816623, -44.492994596843886, -204.51992777222648, -112.23972539409354, 555.5366813902372, 942.2588511284353, 781.6858224892632, -7.328746448483457, -419.41705352903114, 95.23414412893311, 401.29675021430467, 740.1803289504132, 287.66261703511645, 199.26814515042804, -523.560802952933, -122.5760423594781, -17.82351322655242, 540.8408783778434, -295.54072032029194, -293.54563282630016, 100.01480284838567, -663.4111843096839, -385.18270435409124, -2452.6350026176824, -1136.0786779226348, -82.52513616143406, -526.5627293141755, -226.7089677024089, 197.8291859798793, 126.07622995523172, -153.8712442227236, 325.3053129882577, 68.28954843270142, 417.9567762193067, 352.474817438114, 281.40854098309023, -138.22790161872086, -63.80690663846639, 314.50022340493115, -328.2253646700061, -276.5063129535712, -225.29127876337284, -2009.3006164355988, -1420.8736728949862, -400.3733641178992, 134.48660080879387, 32.51566851924727, -2342.5892829318004, -131.22955832602702, 1002.9365741869628, 121.94557250825426, -512.1763020413077, -366.6703458775443, -675.1150250177334, -638.2998907412525, -71.32470167264029, -659.8504483511609, -425.0852736667794, -1371.0324200066646, 778.6650944121536, -93.72687204542004, -227.07325423494106, -488.36123347518594, 274.6244362576753, -150.0833172669444, 231.34607345965475, 532.3508684798933, -235.60966624773903, -49.34821690465287, 441.93249668852775, 168.82519532913295, 172.91257910164865, 818.2580553210298, -20.1849274888138, -525.746705008878, -127.22024591254319, -531.8245228187536, -551.2083344364275, -10.460898837648699, 618.2524165983375, -537.5257231265584, -324.84517381831375, -350.5340166441125, 759.1971409281937, -1806.796717597108, -40.30998075038303, -130.42137759312214, 526.7826922007118, 12.499183334827933, -737.943062146269, -619.6926988578365, 111.68517345971804, 111.17489039089435, -337.3133838444347, -218.10206472762323, -35.262761154663025, 152.94830008284714, -1331.2717920318944, -387.8089897249181, 124.82458333805721, -408.5366600825984, 290.8851176494833, -374.1117890181746, 231.97787647998717, 239.10726472460846, -510.9649760524107, -217.08357605041778, 26.556463985723894, -116.28127509095964, 257.9251584413628, -799.975642940928, -1707.5221772946004, -6.866276114833624, 845.9253162823112, -572.8356499657207, 78.97755230456005, -124.89948202436278, -267.3006545344969, 49.49518683483396, 286.27442514419823, -511.5018542134653, -211.30772238060922, -1194.5135130412161, 232.76736234270243, -1234.9246695707905, -439.6655305673702, -551.6178581764899, -277.36728526471006, -510.7528621626922, -407.43560479729615, -618.839158266336, -626.5249027287684, 71.38296959863786, -497.55028859988835, -432.5598285387765, 680.9454318617188, -144.02146733036045, 202.59318784888245, 301.4794065836036, -291.47547577891646, -2295.8036186366735, -590.5347625977807, 581.5519554319687, -477.5119178870009, -394.1364898640718, 341.6332695562527, -380.7439585929834, -700.0979363225921, -330.67832911687685, 189.1052768547994, -36.95955450693555, 220.999033531225, -517.0414320929365, -35.70621173458616, -298.06095839656405, -94.8561649063779, 326.97005422759867, 173.36464158955084, -199.96344248306752]"
0.5,8500,2089985.811068512,2089985.811068512,0.041168212890625,489.8775123905377,"[4, 2, 3, 1, 4, 2, 3, 1, 3, 3, 2, 2, 3, 2, 2, 2, 4, 1, 2, 2, 4, 3, 4, 3, 2, 2, 2, 1, 1, 2, 5, 3, 2, 3, 1, 3, 3, 3, 2, 2, 1, 1, 1, 1, 2, 2, 4, 2, 2, 2, 3, 2, 3, 3, 2, 3, 3, 2, 3, 3, 2, 2, 3, 2, 2, 1, 2, 3, 2, 2, 2, 3, 1, 1, 3, 2, 2, 3, 3, 3, 3, 2, 2, 2, 2, 4, 3, 2, 2, 4, 4, 1, 3, 2, 1, 2, 3, 2, 2, 2, 3, 3, 2, 4, 3, 2, 3, 2, 2, 3, 5, 4, 5, 4, 2, 2, 1, 4, 3, 3, 3, 2, 2, 2, 2, 2, 2, 4, 2, 2, 3, 3, 2, 2, 2, 1, 3, 2, 3, 4, 3, 4, 1, 2, 3, 4, 2, 2, 2, 3, 2, 2, 3, 3, 3, 3, 2, 3, 3, 2, 1, 3, 3, 3, 1, 2, 2, 2, 3, 5, 3, 2, 2, 1, 1, 3, 2, 1, 5, 3, 4, 4, 3, 2, 4, 1, 2, 2, 1, 1, 2, 2, 5, 2, 3, 4, 1, 2, 2, 3, 2, 4, 1, 3, 2, 2, 1, 4, 3, 3, 2, 3, 3, 4, 3, 2, 3, 3, 3, 2, 1, 4, 2, 3, 2, 2, 3, 2, 3, 5, 2, 2, 2, 3, 3, 2, 3, 2, 1, 1, 3, 3, 2, 2, 3, 2, 3, 4, 3, 3, 1, 2, 2, 2, 2, 2, 5, 3, 3, 3, 3, 4, 2, 4, 3, 2, 3, 3, 1, 3, 4, 2, 4, 3, 2, 3, 2, 2, 3, 3, 2, 3, 2, 2, 4, 3, 1, 3, 3, 2, 3, 4, 4, 2, 5, 2, 2, 2, 3, 2, 1, 3, 2, 2, 1, 2, 4, 2, 3, 2, 3, 4, 3, 5, 2, 1, 2, 5, 3, 2, 2, 2, 3, 5, 3, 2, 2, 3, 3, 3, 3, 3, 1, 2, 2, 3, 3, 2, 4, 3, 2, 3, 3, 2, 2, 3, 2, 3, 4, 2, 2, 2, 1, 3, 4, 2, 1, 3, 3, 2, 3, 1, 4, 3, 3, 3, 2, 3, 2, 1, 4, 3, 5, 3, 3, 4, 2, 3, 2, 4, 3, 4, 2, 2, 3, 1, 3, 4, 3, 1, 3, 4, 2, 3, 4, 3, 2, 2, 2, 3, 2, 1, 2, 2, 3, 3, 1, 3, 2, 3, 2, 3, 1, 2, 2, 3, 2, 2, 3, 2, 2, 3, 2, 2, 2, 2, 2, 2, 2, 1, 4, 3, 1, 3, 2, 3, 2, 2, 3, 2, 2, 2, 2, 3, 3, 3, 1, 3, 4, 1, 2, 4, 3, 2, 3, 1, 2, 2, 4, 3, 1, 2, 2, 1, 2, 2, 2, 3, 3, 2, 2, 5, 1, 2, 4, 1, 3, 2, 3, 3, 3, 4, 3, 2, 4, 5, 2, 3, 3, 5, 3, 1, 2, 3, 3, 1, 2, 3, 3, 3, 4, 3, 4, 2, 3, 2, 1, 1, 3, 2, 1, 1, 3, 3, 3, 2, 3, 3, 3, 1, 2, 3, 3, 3, 3, 2, 2, 2, 4, 3, 4, 2, 3, 5, 2, 2, 1, 2, 4, 3, 4, 3, 2, 2, 2, 2, 3, 4, 3, 2, 3, 2, 2, 2, 3, 4, 1, 3, 2, 2, 5, 2, 1, 4, 2, 2, 2, 2, 2, 2, 2, 3, 1, 4, 2, 2, 3, 1, 2, 1, 3, 4, 4, 2, 5, 2, 4, 4, 1, 2, 2, 5, 1, 3, 2, 3, 4, 5, 3, 3, 4, 2, 4, 4, 2, 2, 2, 1, 3, 4, 2, 3, 3, 3, 2, 3, 2, 2, 1, 2, 3, 4, 3, 3, 4, 1, 1, 2, 5, 2, 3, 1, 3, 3, 3, 4, 2, 3, 1, 2, 3, 3, 4, 1, 2, 1, 3, 4, 1, 4, 3, 1, 2, 1, 2, 2, 2, 2, 2, 5, 3, 4, 2, 1, 3, 4, 1, 3, 4, 2, 4, 3, 2, 2, 2, 3, 3, 2, 3, 3, 3, 2, 1, 2, 3, 3, 2, 2, 3, 2, 2, 2, 2, 2, 3, 2, 2, 2, 3, 2, 5, 2, 3, 3, 2, 3, 2, 2, 3, 2, 3, 3, 2, 2, 2, 3, 2, 4, 3, 3, 3, 4, 2, 2, 2, 4, 2, 2, 2, 1, 2, 2, 2, 2, 3, 2, 3, 2, 2, 3, 2, 2, 3, 2, 4, 2, 4, 1, 4, 2, 3, 2, 3, 1, 2, 4, 3, 3, 2, 2, 2, 2, 2, 3, 2, 3, 3, 5, 2, 2, 2, 3, 2, 2, 2, 3, 2, 2, 2, 1, 3, 3, 3, 2, 2, 2, 3, 3, 3, 3, 5, 2, 3, 1, 2, 2, 3, 2, 3, 4, 3, 3, 3, 3, 3, 2, 1, 2, 3, 3, 2, 4, 1, 3, 2, 2, 4, 3, 3, 3, 2, 3, 3, 4, 3, 2, 2, 2, 2, 2, 2, 2, 3, 3, 1, 3, 2, 1, 1, 3, 2, 3, 3, 3, 3, 2, 2, 2, 4, 3, 3, 5, 5, 3, 2, 5, 3, 3, 2, 3, 3, 2, 3, 2, 1, 4, 2, 2, 3, 4, 4, 2, 3, 2, 2, 2, 3, 3, 2, 4, 3, 2, 1, 2, 2, 3, 4, 2, 2, 2, 2, 4, 2, 3, 3, 4, 3, 2, 3, 3, 1, 3, 2, 3, 3, 1, 3, 2, 3, 3, 2, 3, 4, 2, 3, 2, 3, 2, 3, 2, 3, 3, 2, 3, 2, 2, 3, 4, 2, 3, 3, 3, 5, 2, 2, 3, 2, 2, 3, 3, 2, 2, 2, 2, 4, 4, 2, 2, 3, 3, 4, 4, 2, 2, 1, 2, 2, 2, 2, 2, 5, 3, 2, 1, 2, 2, 2, 2, 2, 2, 3, 3, 2, 3, 1, 2, 2, 2, 2, 1, 2, 2, 3, 2, 3, 2, 2, 3, 4, 3, 2, 3, 3, 2, 2, 3, 3, 3, 1, 3, 3, 3, 2, 1, 1, 5, 4, 4, 2, 3, 3, 1, 1, 3, 3, 2, 3, 3, 3, 3, 2, 2, 3, 2, 4, 2, 3, 4, 1, 2, 5, 2, 4, 2, 3, 2, 2, 2, 3, 2, 4, 1, 2, 2, 2, 2, 3, 1, 3, 3, 2, 1, 3, 3, 3, 3, 2, 3, 2, 3, 1, 1, 1, 2, 2, 1, 2, 2, 3, 2, 3, 4, 2, 4, 4, 2, 2, 2, 4, 3, 2, 1, 1, 2, 3, 1, 3, 2, 2, 3, 3, 3, 4, 4, 2, 3, 4, 4, 2, 3, 2, 2, 1, 3, 3, 3, 1, 2, 3, 2, 2, 3, 1, 4, 3, 2, 3, 3, 2, 2, 2, 3, 2, 4, 3, 3, 4, 2, 3, 4, 2, 1, 2, 2, 2, 3, 1, 2, 2, 3, 2, 3, 2, 2, 2, 2, 4, 2, 1, 3, 1, 3, 2, 2, 2, 3, 3, 2, 4, 3, 3, 1, 3, 2, 3, 2, 3, 4, 2, 2, 2, 3, 3, 4, 2, 2, 2, 4, 3, 4, 2, 1, 2, 3, 2, 3, 1, 2, 1, 2, 1, 3, 2, 2, 5, 2, 2, 3, 3, 2, 2, 1, 3, 2, 3, 3, 3, 4, 2, 3, 3, 3, 3, 2, 3, 2, 3, 2, 2, 2, 3, 3, 2, 2, 1, 3, 1, 3, 3, 2, 2, 2, 1, 3, 2, 3, 2, 3, 2, 2, 3, 3, 4, 2, 3, 3, 3, 4, 3, 2, 3, 4, 4, 3, 1, 4, 2, 3, 2, 3, 2, 3, 3, 3, 2, 5, 4, 2, 2, 2, 1, 3, 3, 2, 4, 1, 2, 2, 2, 4, 3, 4, 2, 2, 3, 3, 3, 3, 3, 2, 2, 2, 2, 3, 2, 2, 1, 1, 4, 2, 2, 2, 2, 3, 3, 3, 3, 2, 3, 3, 3, 3, 2, 2, 1, 2, 3, 3, 3, 2, 4, 3, 5, 2, 3, 2, 2, 3, 3, 3, 3, 2, 1, 2, 4, 2, 2, 3, 5, 3, 2, 2, 4, 2, 2, 2, 4, 2, 1, 3, 1, 2, 3, 3, 5, 1, 2, 1, 2, 2, 4, 2, 3, 2, 1, 1, 2, 2, 1, 1, 1, 2, 4, 2, 4, 2, 3, 3, 1, 1, 3, 2, 1, 2, 3, 4, 2, 4, 2, 4, 3, 3, 4, 2, 3, 3, 3, 2, 2, 2, 3, 3, 3, 2, 4, 2, 3, 3, 3, 3, 3, 3, 3, 3, 3, 3, 4, 3, 1, 3, 3, 2, 2, 1, 1, 3, 2, 3, 2, 4, 2, 2, 2, 2, 3, 2, 3, 2, 3, 2, 1, 1, 1, 4, 3, 2, 3, 3, 3, 2, 4, 3, 4, 2, 3, 3, 5, 2, 2, 2, 2, 3, 2, 4, 2, 1, 1, 2, 2, 2, 3, 2, 3, 3, 1, 3, 3, 3, 3, 1, 4, 3, 2, 1, 2, 1, 2, 3, 2, 1, 4, 2, 3, 4, 4, 4, 2, 3, 4, 2, 4, 1, 2, 2, 2, 3, 3, 3, 2, 2, 4, 3, 2, 1, 4, 3, 3, 4, 2, 4, 3, 3, 5, 4, 4, 3, 1, 4, 2, 2, 3, 4, 5, 1, 2, 4, 2, 3, 2, 3, 2, 3, 3, 2, 2, 2, 4, 4, 3, 3, 3, 2, 1, 4, 3, 2, 2, 3, 3, 2, 2, 1, 1, 3, 4, 3, 2, 3, 3, 2, 3, 3, 2, 2, 3, 3, 2, 2, 2, 3, 2, 2, 2, 2, 4, 3, 3, 2, 5, 3, 4, 4, 2, 2, 2, 2, 3, 2, 2, 3, 2, 1, 2, 2, 1, 3, 2, 3, 2, 3, 3, 3, 2, 2, 2, 3, 2, 1, 2, 2, 4, 3, 2, 2, 2, 3, 3, 2, 2, 3, 5, 3, 2, 2, 2, 2, 3, 2, 4, 2, 1, 2, 2, 1, 2, 3, 3, 2, 3, 1, 2, 4, 3, 3, 3, 2, 2, 2, 3, 3, 3, 2, 2, 5, 1, 3, 2, 1, 2, 2, 3, 3, 2, 3, 3, 1, 3, 2, 3, 3, 3, 3, 3, 3, 3, 2, 4, 3, 2, 1, 2, 4, 1, 2, 3, 4, 2, 3, 3, 2]","[1725.5228705563286, -1025.215793478172, -980.6640380833919, -938.3999931717922, 722.3485258666285, 708.761499110707, 427.6442870716446, -4314.0288364365415, -177.2961524949788, 367.87325102760576, 944.4659937212627, 1072.2270313648237, 445.69295919364237, 908.5755494593138, -858.5788929742886, -1433.7636560602002, 3069.026740521853, -1626.3494757161811, 27.01829187899068, 870.0546407482409, 717.5903464332151, 325.2107869615495, 594.6937891707514, 555.870587999852, -540.5998615183737, 1242.9537134941115, 827.6327400244414, -2313.4451256523134, -1499.1237794589015, 166.70824512498132, 910.8381410441768, 632.573193541421, -1191.0666700957393, 822.0878154862705, -1827.020821111199, -853.2117070157456, -1548.1206773882466, -968.1111593077508, 1845.023639125403, 340.4773265611045, 1350.6745191742853, -4166.343315201993, 844.0162216166257, -42.211537538632115, 625.3756292745474, -1328.1514096254068, -2271.4599581083303, -1709.6401566970248, 1151.121336019742, 939.2919363734472, 646.7113953898672, -146.52520983264458, -3397.2966987506443, 1606.0253360746133, -186.01835083186188, 1198.9302034117827, -368.19271955413797, -444.7943889849532, -74.9224935633149, -1280.744230205752, -797.8384121859245, -1064.587598381701, 1166.906219082307, -1009.0211749411524, 250.54378639524134, 335.53223479493965, 569.9253379742281, 1420.1888527157541, -1268.52961231883, -388.72455184875867, -381.62650080789183, -938.9422331052479, -572.3685838319883, -461.89077944786413, 498.81568462982045, 419.98347045073916, -229.96534152716902, -1629.3664237230653, 1196.0589114583738, 368.1745783342062, -75.68796859182146, 72.72007564678916, -911.8143301283909, -104.29348719470573, -296.4315351460832, -717.5095746817831, 354.8208163354111, -752.5321391763039, -1774.7035418743828, 37.56127734872143, 990.5688811054979, -574.343644935046, 580.7016377600876, -1568.5782946380114, -677.5976908707906, -266.9280888793114, 2927.623914320767, -458.9559211587539, -2457.8250807721497, -830.4830494158022, 1410.8149364188012, 1279.4036464982412, -745.5821887345996, 561.7264159834508, -1952.1695211838112, -1306.854994645837, -4.083295917389449, -391.26119560430175, -870.4423832075944, -1426.4926944232957, 281.1207764246253, -1986.8765111226917, 1799.3588067036308, 626.1458219887913, 794.6217414388215, -614.2111060974676, -1533.907142936246, 1213.7906398226683, -1561.826413327876, 581.2945143545787, 1736.6442598877102, -1870.1712589899837, -1692.5894990904358, -289.3399049323531, -904.4065596808132, 2024.3798437179148, -1043.533188110946, 263.91082751872887, -378.1171879260962, -217.05463139625397, 635.8805009056719, -2773.022392979252, -4560.201136849394, -0.17075093331027347, -1750.6411992331614, 3393.201168370026, 90.39774934968284, 832.9198754968695, -587.6650585511311, -938.5715261934793, 1202.9110774461737, -372.8732461473872, -616.6017838184326, 1052.9532543270093, 213.047866767904, -22.97412713764325, 163.85795591538798, 288.23026642282156, -1153.2810957588615, 190.73033725252907, 2087.6253083082825, 788.2086420199912, -309.37506431455245, -1356.1134391091189, -1364.4440708951192, -1219.5851580359213, 1205.7893466373384, -276.4050488690531, 2197.2660919411355, 149.50770438310064, 431.7483254119004, 2083.5243723046005, -1261.3256794839278, -1534.7329517721032, 1086.0431717318734, -1182.5380455195423, -1081.8078338710668, -33.47373599818002, -905.358720561632, -1884.9497284454596, -1222.9262296332631, -250.15972675522974, -1452.1441437550686, -972.510487468425, -573.2897957648911, -955.7626335897767, 1340.3374784937103, -1262.7364718426766, 195.60783616832742, 1403.3728953542927, 1379.7677045903158, -553.3070103979111, 1382.3456242209606, 726.737755492816, 1155.9838602643972, 2259.099398908842, -150.34728162125393, -1699.1491410685817, -459.2851308056929, -169.004798525379, -3301.765121537789, -1605.3004605587769, 2218.0486535918376, -644.1242036742162, -2031.445769714313, 2557.50437502659, 1208.762258952901, -1130.9839910590913, -823.9443004893536, 1766.0394168954329, 52.139475076735835, -1743.7675775825703, -439.06410257179186, 855.2765102405144, -394.1324685975531, -670.3142364577633, -1160.7856303905203, 942.847625482822, 628.9755490743994, 1762.0066346923722, -218.77873065735196, -283.1101830880901, 759.8558667677294, -809.4745067232759, -67.46903957879726, -1778.8447225108262, 1444.7793741885146, 4540.747351805976, -574.0290327074322, -3757.9246927597696, -646.7819815224273, -245.0748864278189, -1116.9925548309282, 1249.2181284028243, -301.6014843908293, 1216.7485560139862, 3994.294940350098, -2401.1990853843217, -1597.930095968499, 1140.7600859064967, -1138.9670681837872, -25.72221679068025, -171.0710257823127, 1882.271649927972, 1671.6378678039396, -1148.1506914661288, -2213.250781639338, -1401.7096190645173, -1568.2199478377458, -1312.5401567578774, 542.602763201975, -1888.4002184635906, -736.9088303707599, -812.1290575716907, -546.8503271487668, 845.5135933095046, 1867.3270244864407, 1582.2619429985348, -330.61866292599734, 1096.3238565163902, -569.7718630354603, -310.09579773771884, -1053.6004525465432, -1264.5347381809256, -197.4646864669345, -83.68026188064482, -1680.583667960339, -268.80082058728726, -557.0108993775244, -1085.897940387349, -1664.1308433958159, -4218.893401778226, 841.8521760881581, 1999.0532768653356, -803.1714583217996, -435.3918651910692, -1717.633344594917, 574.5625115090058, -207.5257945503414, -1055.2720192278716, -2772.0513947657105, -346.7198545642286, -125.53467063166227, 669.7137453089297, 763.9227453977851, 102.35221434024731, -1526.2410581298307, -291.7892715852778, 1025.4734212001465, -414.2518149845066, -1273.0802641935081, -1216.5302950845428, -31.232848541022236, -229.11448332922032, -204.3400439658974, -1326.3672835565408, -953.7250367481844, -758.8175274890284, 1513.3990273777272, -2160.606822111817, 1454.3436704607168, -395.4445535196619, -2234.2950542285394, 679.9095156674821, -3882.582703555738, -122.99058804377705, -2602.010256792722, 13.554639255060067, 182.2923545645789, 581.4887981643656, -1560.713377195676, 2527.24462602002, -2845.754114129, -846.0083218835628, -595.4245104441811, -110.63679867042157, -294.5939699311923, -328.62659213981146, 2298.539976421345, -1436.8185911760738, 418.85309895473085, 2970.34514433437, 668.0316397233032, -1038.380501067088, 406.08692831701853, -842.2088362293666, -822.8991526844029, -412.7442419552549, -1088.4229576021712, -1036.154839603476, 67.43399365943674, -1889.347281496169, -1594.8401720820734, 4427.146114594285, 1234.4542125944863, -1627.6305189325217, 33.43491381729572, -86.70071531630941, 1629.5737821567213, 2222.9699787165755, -400.2000088667451, -174.50706428376614, 176.19624746402883, -906.4028548915061, 73.51140117259422, -1307.1381016004004, 1372.472963436713, -1385.0322043224528, -3680.1650593701006, 3549.176908572424, 959.9368989799517, -2044.049884706369, -835.2107815476797, -416.3214271001774, -730.4541089706809, -549.2497423171835, -516.9388754458348, 183.85672064985283, 2866.8086193126724, 749.6642638057208, 254.58510504115918, 60.30275462975612, -566.9311163029863, 3778.605184864411, 1050.331460957163, 753.829511881298, -769.9145607708696, 125.6045822574095, -1528.0270542883347, -625.7645531556419, 4251.208353391532, 2284.787665108605, -1868.0718818523753, 771.5347052468744, 1057.9550544103797, -501.7476710677034, -1124.8877037731677, 281.8500200979013, 714.6443592520712, -1487.4440934254528, -131.22167028279682, -48.589933368846005, 1647.0774914019876, -149.1980783210779, 869.6889076134673, -910.5922992891133, -1078.0029621637777, 1205.9306526883563, -684.6021586710333, 749.7825400894719, 1698.5017987459214, 2929.5028763017663, 1252.2399049310168, 514.0504151351947, 938.4669928591577, -111.50598702615764, 2645.7292460371127, -758.1984782202237, -27.393961631491152, -376.1249222115898, -377.0776043337209, 5392.092788809438, -1277.0789516736097, -426.33252730499385, 699.8611239753702, 1192.5868201248234, 718.6810563758195, 1330.9879749832319, -551.4137395246944, 131.17078092361413, -1468.7760836733687, 401.4745824617886, -996.2854803310009, -1153.0354371862338, -1306.7916087351293, 72.91182818987079, -1141.7050109813806, 1513.5607569781587, -544.3297283286804, 722.8930218589458, -148.30181746385972, 1305.0701336191505, -716.4962672835125, 305.87660720117674, -2150.3125813744264, 1473.011508848065, -294.2359150657063, -713.0504938808564, 267.6321085377557, 406.6562928836761, 1242.6945039342274, -385.579698088971, -365.0250130736144, -1076.10542915307, -1657.1063782650021, -533.7924045853692, -297.6007106671001, -1083.061362317611, 214.38057335749136, -1570.2594640883588, -877.6294165183704, 453.1817122122309, 90.30285525523993, -572.6767075980994, 236.2641473901656, 3011.6052474033804, 1116.5849058865967, 383.6325834349501, 733.8903473825076, -103.20795359359306, -3359.3009664403876, 1212.3721603334916, -1926.759944810068, -1185.4648567026313, 2088.8016391523456, 971.9840847898583, 1279.0558711528179, 2340.0900927843722, 3683.176091702077, -537.8336807066511, -1452.1957704008944, -388.9805661182873, -12.196543873206451, -1660.4737246757306, 123.68152493836351, -1013.6334289523638, -1973.162023584642, -78.33903729441158, -3270.0164548497933, 2321.841495870303, -199.5897508093371, -280.6033707226583, -954.3615663977583, -340.7626832425872, -523.77282914343, 1664.620360170029, 1193.0684246953092, 32.19107445523474, 1418.2144300577766, -322.63354979089047, -445.9579532386298, -1547.3821075896653, -1684.6154674111995, 1170.2810082635287, -2014.9985202502908, -771.7228109544744, -1570.9051747336473, -1100.9648345272508, 1057.785484236183, -1827.8440849340423, -1090.3876556957957, 993.0929614794316, -276.6592769424676, 872.047924467953, -1209.5981790351582, -2520.715653249138, -2153.4658588292396, 1059.1226546026314, 917.6614986854793, 1166.5136819437407, 874.6671540300557, -1096.7656137740678, -1488.2901563582468, 504.0647128182627, 622.0980103512418, 555.0589129909886, 318.15554686542504, 555.0816379105527, 645.6897393009157, 1780.241158971425, 2207.971821724419, -377.40911028914, -393.8391152349467, -1272.8842694192158, -876.22774268341, -1993.2893178065406, -21.195727025247947, -2181.3140864961624, -1727.254450649183, 836.4810821173062, -1625.2794927908687, -1510.2456478611045, 2273.285713351919, 1079.546630256636, -940.3864146252957, 1454.1831382911657, 3035.4605317899272, 1664.4228171631528, 84.75048532870652, -1523.569771412551, 1562.996030022985, 2341.619846323446, -259.14121306205743, -419.5333033469674, 1937.1307012923303, -632.3327298185193, -530.0505966535675, -303.75579251385693, -1156.657444091988, 1762.1771545922336, 801.1815721819587, -496.111744270538, -787.5959347566724, -3203.8219781105463, 3332.8326276542, -1497.1759325684466, 690.2374758187755, -211.61818187245763, 417.43033332809637, 2106.2011361659024, 190.10741800771677, 77.87925067575998, -400.8661253787743, -601.9785771236025, -614.0599154004408, 152.10855172417655, 1578.0168672590848, -3292.1764972355677, 3225.3599019239114, -627.9283985933491, -22.719540719372276, -367.1278233909163, -418.9525619425481, -311.54094484883603, 83.33752005761448, 3987.248016925652, 398.24128949105057, -868.4589580248418, 1222.1012402217416, 828.6211570597661, 2620.9702784611836, 315.80328847683666, 826.3676666683771, -1050.6545645946803, -1885.4670465470413, -402.8160082796403, -601.8979972811471, 468.1148969923977, -172.50138507591282, -279.9577605438029, 524.5314595634397, 333.12643806008555, -1478.750103420043, 349.06465938267047, 1145.9971196313186, -99.0410003507252, 102.28894311867066, -1473.9468727638377, 225.86996899509182, -1304.2531241774489, 2134.7768852167205, -3891.859440422285, -219.76279168616838, -2151.197999859468, 825.1331752920644, -1055.0752216039375, 3097.4036539970257, -4705.282714609063, 2164.9084822700916, -1167.785304837868, 295.4953816178038, -2838.938129107787, 69.3112725732077, -965.0390363492667, 766.090748257944, -1093.4300258710518, 995.1172685770657, 877.9561493118832, 857.3778808638974, -1370.0723085359652, 2328.2504096921307, -154.95575066393565, 605.4667028316816, -961.4777533874578, 1581.7655512557064, -69.94106226601235, -736.5891148799835, 688.7327986637831, 1240.4193793236236, -966.8167918242128, -301.6142635731764, 184.6682278256833, -2414.395069584929, -94.38817857310647, -2298.822973044936, -1718.9100107031127, 4482.427999656407, 2784.374696355221, 2096.6012136336967, -546.3658683010675, 421.6457784433038, 393.4334053654029, -1001.588644448393, 3305.132732313911, 1049.4071064276682, -1044.1671727475064, -990.5829061605278, 925.9319407672558, 970.1854576862138, -879.854292618082, -560.6970959574618, -847.2254154232477, 941.4393401425801, -569.8881033088002, -451.65875878432337, 2597.6954071087775, -1472.8148147816366, -329.7362289099473, -643.7618653722718, 1674.1662032415584, -1567.1736225492054, -2711.124296757826, 933.2040092822638, -774.4976506067651, 71.03092064940608, -714.9023378260698, -3957.0602123134768, -2470.648882751706, -3197.0180841957613, 947.7636207080368, 1475.899324693226, -853.1732264776351, -395.78103098745873, -238.0418282631353, 389.9172257718617, 91.00247796690837, -318.97592206820264, -1629.2233298046938, 992.9293678253032, 482.37281025845084, 4272.2188451329375, -1611.6749406681015, -1552.5405118820947, -1033.990842395965, 1237.2194311627743, -1356.4929616373793, -898.1050311705422, 1497.9837167857627, 2806.220758027328, 2079.3944882795913, 3169.375947338922, 4156.955598429483, -1505.7376754731995, -1382.2670460460645, -1216.780968608018, -452.6394022069278, -208.27038987881156, -997.2483798536271, -727.5596577034019, -738.3393678238426, -1824.189602072564, 76.73602532867221, 825.6700799671198, -456.48529111069325, 2990.5660923419437, 141.7315647034169, -864.490830975505, -1015.2923443776109, -702.6591185313544, -1078.969814841218, -1027.7896410879944, 1033.4592214973386, 133.29512781800486, -1599.0688193054932, 1032.680072677416, -604.2983473177569, 1604.955395673937, 908.6093439774374, 122.5679905364583, 634.3209014722661, 2583.7198920980773, 688.7096606488799, 602.955394492097, 1971.9721280139438, 1145.5208740919356, 1314.2935695181968, 91.51078548188275, 52.45995760356652, 2258.782703262801, -625.7312251154849, 2578.8587791736736, 1726.3983998661263, -1037.8100202934097, -1388.966530411277, -127.765102236943, -1851.119172355846, 40.371315130807034, 3243.5313724861608, 1035.4944875676465, 1461.9128251622785, 599.1006818254159, 1510.0897851855075, -2352.9955899663264, -354.1299508465138, -221.28569570642162, 1493.4827553387177, -1063.439616355943, -92.65325109080027, 466.2575648227293, 2637.5391253173893, -1206.6068459839817, 862.5173779246209, -1425.592317754427, -1760.0820819866856, 1176.9663523593583, 937.7275851979482, -1632.0182192862828, 374.85576953771283, -1391.8919731511082, -1091.6280761427636, -1408.0684219225589, 267.849876708213, 996.7170472734847, 328.0305096512409, 2370.802109385107, -445.1644544377241, 611.9547674075559, 24.486301311367242, -4151.396497888854, 1492.322757395344, -444.5484736459597, 1705.5390069768348, 2297.117584276099, -746.2566287139476, -144.39504966789355, -850.2079861859027, 115.17006638713053, -974.2719052729335, -227.2474901696762, -1095.914460815246, -416.8302436177544, -1311.8072060060522, -1248.630449276822, 1781.0029395237425, 2267.451381135208, -539.0110060656332, -803.9772075938859, 3001.760848311373, 1491.9663277394818, 2756.3456449787786, 3336.297235012903, -1838.124786050448, -1489.501649603109, 1286.9147913680956, -154.4698688911556, -356.1195278513278, -274.90223624610405, -422.74523563458774, -1183.7148618759215, -85.27761769399422, 427.7417261791014, -13.687538529776702, -1637.896518716057, -850.4514599598353, -1160.845160434395, 1303.9883895166965, -527.8523316543258, -610.816210100887, -317.47363724258616, -1327.9603891895856, -3364.0993593068015, -808.8102773487826, 603.1373769232728, -688.696760163043, -139.85774427321417, -465.73972236724626, 1205.0506186974, 282.1271913843933, 1467.7319050794633, 3766.8672792344587, -95.4384456906921, -1102.94550045526, 1141.3461936982414, 541.0222651478155, 171.8707980620211, 1432.7609991352451, 179.4372295910864, -18.344555445295384, -1113.5904867424633, 2292.12249142609, -67.20714896460504, 3205.095052801895, 114.25691053591481, 245.3299866225209, -115.42822109472002, -9.854491393916476, 1489.9359007251562, 1413.7364753240945, 3596.874417864614, 1243.2700138805578, -137.93366291302152, -721.5158131791206, -1375.7032496697839, -434.2573875042511, -181.49494147172436, -1241.7515677525723, 20.18089176456644, 1274.4129204299272, 1435.320194180999, -469.1185444627256, 1105.9638700847784, -748.7434437488084, -609.7533612738457, -1742.0871935379182, -1885.0536331265098, 1162.4656782781565, -1985.2363968633276, 609.6703422192202, -1623.1711137308628, 61.408774377132886, -147.12056216129048, 297.86750623224543, 1090.665537514707, -1343.0946690965222, 661.1087888050706, -697.7749604207354, -639.8826845105968, 1282.5847957587184, -752.9056081689098, -775.6758158114703, -1972.4747135773541, 4385.211804902841, -1552.4337125501804, -1405.065113452511, -1291.3253051631646, 1428.9125515990384, -227.8343415166948, -191.54969445010113, 96.71340362511546, -1618.3691578462292, 2110.0047824210023, -669.0209250875702, 2663.214817912325, -263.50957359371785, 1615.382571266047, -233.29121332371233, -710.57897275543, 445.8009713753852, -603.2228078884498, -2953.33399901137, 762.9253303773203, -96.18333577914132, -177.17733299584015, 771.2258727406515, -1221.2105662631034, -1270.4012438830136, -1682.0899401953488, -953.0890161012129, -1097.6891139536187, -2145.1490725517488, 635.9124800975028, -715.7283248214094, -380.1313432849064, -2430.162175044411, -1188.5448776152018, 835.3502943765475, 516.4042005315914, -113.35197391018278, 237.50914683466698, 1486.1012279136826, -588.6179358815361, 1118.7868134238815, 780.4294811148545, 1258.5315134195353, 550.8175764033488, -99.52553367122778, -180.76983164602257, -1593.1509391938164, -35.283001276305356, 1018.4574850713755, 1836.7483257998574, 2298.966564322365, -413.90454864168635, -118.35854541516989, -1087.4801788062532, 147.5292030659832, 1447.2518920192856, -1617.3389540741368, 96.53295626358022, 1591.2753044144663, -730.7101740758035, -44.184906711534055, -2417.2338978222165, 902.9004655803249, -356.47449170511584, -1183.9080349235446, 802.5185975742431, -1396.8018184665211, 2618.5190712876442, -1055.9144988101184, 2640.1398775119633, -490.8421331679301, -480.14609902374946, 410.1273236977845, -1176.430684218562, 54.32220064046089, 749.1124749527572, 939.9754949602816, -4206.388119124758, 827.4092949781698, 324.65500696015874, 1503.737966921444, -656.4252136755281, -1114.3253884554276, 1188.4259829750213, 288.50287599929754, -582.9568005962525, -1068.0830760814363, 1782.2734821835438, 707.6846869357203, -119.20850220930362, 1685.986084210609, -95.9568092155173, 1262.966762954337, -397.68175658835503, 1153.0572426597387, 587.9039932403327, -4724.295481773202, -679.0928483937761, -290.8140593582714, 830.5537429436883, 130.96667012809246, -564.3239406530067, 2175.190269702637, 371.48366041237347, 294.22311872590853, -633.9693976610544, -1149.5093861709565, -404.0770116407739, 377.10747221766974, 2399.730711567773, -1461.0865355674184, -669.7413088728864, -1013.7981347212278, -346.57816405930515, -1674.445163573323, -2240.4062671049496, -257.95024999390716, -82.0433360055518, -1016.6648787946272, -1413.2550442109919, 543.6276995482567, -375.4239506515955, -1623.6763614338993, 63.81310431148722, -2130.964902450417, -1041.369699906038, 126.89462739614788, 195.8903667545818, -979.2141136826076, -1040.4474699679297, 732.9076647710405, -1693.0383190861712, 176.36751827538723, -218.99602137732495, 1527.8360176088972, 3071.4872333353105, -142.35400640947216, 372.61931900085347, -1367.0127801579574, -254.80517996649826, 1235.55376406727, -61.7099987080901, 1846.8394168868595, -861.6405417659118, 960.60084221688, 60.697148226177774, 1054.6053810013266, -1429.816550789029, 727.8502826224128, -100.47153780380802, -1279.3373339729608, -960.5022196566483, -1353.6240365366082, 356.44449881570137, 634.7385241783095, 1424.849468378488, 3635.9053773660917, -64.77801582901594, 2170.6110869652166, 4082.2553996615434, 699.4837617674918, -1058.8956800692742, -1342.1438638587758, -191.40343441434982, -652.7303015794175, -484.2156131591604, -1655.16295227352, -1670.6182539949234, -1393.89293570069, -1164.030911018839, 529.3142235004215, 1456.0523907631086, -17.98118689943601, 4770.568321296843, 569.0379562884448, 1777.057401872756, -1309.8114384790601, -1085.496030379168, -1458.6228471926513, -1282.4477070937614, -1246.3087596736466, 538.8326593423938, -1321.7009959950717, -113.2489157559703, -1617.5458144180768, 206.0639098309639, -796.5084161768721, 792.0237478966135, -867.0374585764043, -3333.0603555699136, 12.223546633918772, -1437.4746155960047, 1372.163812087353, -237.27906996473632, -1878.9255448082372, -196.10918820821053, -504.5872957122442, 2406.4679278251106, 1271.3553011344902, -281.9913214468203, 834.9010865097289, -2545.298725354882, -1735.0448952809772, 392.5603182658401, 2266.5160018263414, 1354.817691384244, -845.3641848630045, 543.6154380755183, -2062.5870355514126, 1029.5202809311104, 100.90981842204167, -1387.4603349554825, -1174.4665312097877, -419.3815488839921, -472.77624343607454, -1468.918745368353, -1970.7261232761496, 729.457689269417, -1040.3136475385072, 113.8980250931879, -717.3416542663581, 1723.8261275850684, 1070.7696468641257, -4089.1351678425817, 60.85717139312611, -1169.9374535543475, -1433.1075615016662, 2582.2317246130333, 151.82982640788686, 1607.9485711570937, -598.2513559063747, 131.48704999756177, -185.54049550091023, -622.7375239445851, -2425.0700174531266, 113.52575417752973, -796.372805443147, -380.3524235035379, -2674.2713656017063, 1012.4031969048858, -90.43130537094862, -2271.9813135720015, -1341.570603166161, -300.6984064944993, 677.633220368928, -2216.721122861317, 190.9699410086605, -124.18284228622281, -907.5558689588061, -1652.3649704294492, -431.3958035954829, -1660.5055257080792, -1260.9250452457436, -371.29185245669305, 1090.063862913098, -994.7483684778346, 649.7463473261389, 1034.6095255864805, -1656.5599474447163, -153.84496478387672, -831.7917714104527, 1000.5578806140259, -3492.052995895188, -1340.724873341105, -186.3657953341646, -2064.5809042627416, 3089.2520521213773, -131.36173649193108, -741.1679545355743, -136.68528696443138, 937.5993630633484, -1027.6978010091684, -1763.9091202915533, 2083.5292500002643, 4272.012242469198, -1194.9357969734547, 224.43790453420075, 4358.336808414083, 1119.0696553420225, -785.0726957874698, 470.1319932971372, -2438.76535330265, -223.26360237968697, -968.1225448525184, -588.9840285137257, -1688.9992506923943, -98.8512121618395, -1460.8899366535272, -300.6159471488966, -1021.4521976459848, 988.6043444025177, 853.976871039763, -1227.605547261639, -850.6830736388022, 65.58953378321985, -195.03541543098777, 1387.644922497428, -115.04032995663545, -461.5243253342696, -1330.7145140632936, -1618.2304493060592, -1517.9112236649173, -1010.3000913014889, -971.4895436512884, 3402.5159044996803, 634.677409735012, -809.0308485648114, -1328.4364039999227, 969.3374530075665, 1012.0528684846165, -894.7982328088941, 764.9126571299935, 1701.7927457600497, -1334.4424092054714, -2258.431589941435, -1951.5936289230985, -1731.637146586771, 40.383206146474095, 1090.5388423879156, -372.2242717748811, 1766.7257202232843, 595.6794149936593, 1805.1700595537386, -1284.431276336844, -1144.4507717753934, -46.23919916197258, 5351.886083807874, 792.4053602847964, -639.1866525875442, -2066.320535518542, 2736.1681814980457, -335.2277766061284, 1184.8324192648686, -227.64590217613488, -1095.896679566828, -1207.2516588417498, 0.13553226938972784, -334.2404175955144, -1277.715447266828, -1149.350892037708, -734.9369882056665, -974.0882263814729, -227.9414717345261, 933.7969593920332, -917.2010656206357, -300.8603715623291, 283.41925385244485, -1325.6120862204289, -587.0638056382354, -1880.866427812597, 42.53668666248802, -1316.6855070554825, 98.6670357655156, 505.8988219237556, -788.2663014490062, -450.92507063719637, 2376.0016724852576, -435.6931877279213, 1421.385488243222, 1879.8968803946655, 1762.221468066472, 2457.0546563345147, -3097.0039273912803, -131.40744928733147, -1235.1969920705483, 674.3254040020745, -962.4133839341357, 611.3503151516279, 1458.2449207456211, 865.0963638814283, 1072.795393345224, -876.9275796368083, 969.3471441179413, 235.5330316441565, 3885.8526442984266, 423.27973988218076, 4275.3832752942835, 327.93008289634145, -198.00943850960823, -275.13763489360065, -438.99298206944366, 1474.2937862236008, 42.808320758394416, -1291.3576151981158, 1512.889371014427, -1278.2485463791027, 323.7513323940848, -1718.4124463600742, -792.4948207461598, 704.0937152933461, -718.1399776190262, -223.03900266589744, 1717.6239082718928, 2523.9383837157393, 514.1129991946864, 518.6573146454323, -2088.621187016982, -487.3651115263564, -1965.9208991341698, -1289.0143587319255, -730.395861406958, -946.7528854252816, 3231.5150475942714, -1545.068287285387, -2036.5997881207556, -2072.860043771571, 1848.5085830115518, -1388.3382433575207, 2342.010496716274, -535.9246007605316, 2679.212409165626, -816.3473001748753, -1404.7434231570576, -1070.1208871647584, 1265.9597602780113, -1330.4640337649976, -584.8179457548658, 466.0012223716402, -1161.3580489727944, 1950.8860075564332, 39.734590636610164, 374.6298605999475, 1393.2491281362143, 180.37552727982967, -1042.648709137859, 197.04966216061257, 2031.2047081792225, -1418.2442432714972, -347.4824155447641, 819.854850471911, 2565.198589869052, -1130.3416043483292, 29.368666940805838, -925.6100424995967, 1846.8875681816066, 42.28973654945088, -1180.0570559937514, -236.80528665460707, 64.1444729585262, -911.4296637245913, 822.9972662420319, 2024.697867909953, 470.76954095191695, -62.789019638047975, -533.9206267199692, -1078.099892268632, -86.79858481948554, 152.760413630944, 1074.8089231000404, -1498.5957268495933, -1454.6079815204964, 905.5539423835974, 882.6109398187989, 1392.7154242923637, 2584.418416846873, -1132.8076988082862, -401.6655795272753, 2917.596091513262, 253.98208159122424, -250.1111550388548, -816.7850432448688, -1428.9425144306842, -292.4918184740373, -1696.0685907987768, 433.5582610832723, 2571.6761506382063, 3173.1704234862336, -3637.8852247835985, 1754.346368953531, 1208.9443154608316, 1055.2433403707275, 67.2132004922035, -1038.0072833968852, 2180.2983052811387, 2007.778385271138, -2880.001280955392, 4842.29956378967, 703.1970437199321, 444.3408470598474, -291.61064825704125, 864.671390933524, 5.516034828452575, 65.69326487771315, -673.8256546175361, -307.3748314516919, -327.52288877313003, 1470.070536378149, -37.72865087748261, -305.8140358535982, 81.52627932963844, -1789.0776084959346, 928.1598218019275, -167.45330414068513, -397.15034193638166, -1047.1913248362366, -343.4900610277268, -1320.6516341766555, 1092.8633717649775, -449.36444035749855, -1340.9707886800984, 27.443288317181157, -1039.72080540682, -2713.9601487571376, 2697.3879810353055, -1399.894538603772, -627.3503185105183, -581.3236957719367, 553.8333284437687, -297.3048122914799, 717.6707404067138, 816.4877717154742, -191.6139836768836, 332.43268338212283, 1234.151795471437, -656.0842374074848, -678.6158329085476, -1889.2290792891727, 66.89729544669524, -2450.990912832825, -17.662336730227167, 551.4515488011996, 4407.795806055834, 2042.1497818166163, 2990.4716675829563, 1309.317844863956, 871.2520401324181, -393.33027069695436, 4073.94239029075, 1146.860506687637, -638.7265671510943, -897.5050617362242, -1456.9142986073537, 1652.0013758138462, -1204.2238045682504, 1311.8214488978265, -497.52764469034486, -1583.8422045817288, -572.6848529059359, 506.0725653012166, -630.6116891031667, 1513.04837617617, 2017.097472565316, -651.0641254813108, 31.999882654677606, -1372.7051649483508, 405.1242330620305, 347.2863105019171, 3357.2075787108106, -804.6763213029515, 433.2474338241884, 170.4535848761359, -192.12641797602532, -582.6721183129237, -564.30132172843, -2292.483872756592, -1214.4940110090288, 1982.559326773002, 676.045615562698, 1869.318550187776, 1316.3484621700825, -1817.5149920884123, 753.6717028842429, 19.78584773348075, 2536.874552657856, 1806.414935602103, 4878.002095127674, 697.3673472053999, -211.62761872070365, 857.0908545721497, -476.55276052784393, -1048.3041096460338, 4195.485248764884, -1160.909271501695, -772.0452299382235, -751.8891526173456, 749.6147427169321, 1045.6370169586755, 115.5050544883743, -467.297849556189, -726.9205830408138, 219.9238631079952, 158.76045797409904, 73.85594434291829, -2900.250045641633, -1961.2995152742942, 412.02976503293473, -1590.3837403768882, -2109.569645665553, -801.3278714338276, -1037.9382424280095, -1390.4814330285965, -1763.7321857141276, 1852.9831816562128, 1241.5316709867154, 328.52250525157524, 590.5211908438077, 840.061677513112, -1088.3748578923178, -706.6968316344166, 669.7800705461229, -725.3518560242558, 2003.3256008737444, -1567.570130003222, 2016.8634177173371, -538.2758411439144, -2235.1992711479616, 663.53003078132, 2548.962399076614, -1779.4269590176832, -998.9383415147715, -960.7802475577016, -500.0606552890654, -2621.9930134336773, -660.3605133326622, -505.6923479272516, -438.4549456147794, -1402.3850390545635, 1584.794937067143, 1232.7873625714294, -368.91645540802756, 1564.7789498394397, -99.25169347765996, -647.8021595705953, -1883.7502998028215, 81.11739343537855, -357.3941141582844, -228.75643581995678, -1118.5619872537197, -184.79560541246087, 3091.9054619217013, 1610.5654280983842, 121.45588509557456, -1480.5106646099896, -1282.4921736039958, -2976.733529281932, -1434.6858859983088, 2192.2245510523035, -481.5327434242217, 59.29221937100613, 524.472341586544, -278.7819621926292, 137.780600386961, -854.6735364985741, 750.8742300427747, 1525.3955788016156, 784.521249275366, -937.6695874329807, -98.20660611963692, -1668.4578198056317, -2909.4558410791487, -606.8092800249678, -739.0383033734258, 41.36037930871146, 892.7224464779733, 654.037541528377, 2014.5101055945474, 597.8466443762691, 1742.608982705827, 2277.14969341437, 1107.098732110977, -153.83432116453957, -121.20904307017219, 878.8942159796586, 1230.4287271465328, -840.0368551046632, 882.3703026394076, 607.1007447897019, -1226.1757755775247, -4002.6368688570847, 1871.097217393881, 1630.108307094362, 2883.4122590972756, -553.0940854612072, 3175.3874857664027, 1490.5870796467157, -498.3973465788125, 1506.910267930294, 1172.4875577371565, 671.5932383925938, -1757.24477511502, -1489.399206517322, -74.64914043156506, 463.382194698926, -729.1243651978657, -526.8370229480673, -964.4548063566344, -1398.8774145712207, -1254.8949070634224, 81.22561974521932, 82.6909356652753, -1061.4920764650703, 807.8293699764538, 457.0639831717699, 1371.3198293090502, 1233.228547528123, -1958.5904841480137, 3580.3245520064143, 81.83212772012166, 1237.7907321872437, 866.9787811421838, -318.07165218406215, -91.89223242249591, -863.5522955651452, 600.7713213471318, -1016.330017267972, -1686.0745737215318, 2200.5569305302306, 1486.6806484901908, 356.22171342977913, -746.4123701484729, -2186.6566599307216, -894.5746075772487, -1064.880353922003, -3827.216597234282, -1289.8013274605269, -856.9247302895603, 1958.4459821761143, -1172.9633897696099, 350.496687761314, 687.4614445319255, 1012.788077550415, 1215.8293452754388, 2288.667823476741, 1178.7856891499807, 4328.555922208996, -800.5748279757096, -1473.261556242325, -931.125326439433, -519.717292380946, 531.7003189317695, -689.2062638427053, -1378.4330046349048, -1461.3247320247478, -2109.710361490109, -828.8210745309757, 667.0990927184688, 2903.804781726939, -3586.005766870408, 237.22612719399285, 2216.3665662503595, 340.0634321583856, -563.0806463757959, -392.59701712242395, -1710.8738604439259, -1086.6533519651903, -832.3743333164673, -1670.1213274945878, -701.561657832327, -1951.0279969812714, 1787.1315725736138, 413.9951852588341, 753.4171164659722, -972.1483634082103, 765.945883365584, -659.2183993406102, 671.0834038698113, 1220.9507131829698, -566.591503034238, 1456.0413953549353, 2108.589047275901, 495.2458049042149, -1285.5092792615965, 1593.8226078516816, 119.74890604272127, -1403.5794713846553, -296.0383397402413, 442.2047369624232, -137.9834317079186, -1934.5688584984327, 3457.770560284397, -1788.3016045372217, -1179.7461917676264, -1874.396043551824, 979.0918529356235, -1720.0179660777665, -372.51638065184267, 346.933065966389, 4117.715255897486, 1635.3158686159254, 3412.911208878042, 546.6642954460851, 180.3624797271815, 899.9454878315923, 1708.585777990142, -1501.8599430124495, -606.8506705892005, 993.4832878247796, -513.1947752978381, -438.93112125428473, -1045.1259629008705, -1077.273065427569, -532.6824224687862, 1133.6856971875586, 52.15749342575248, 292.52170062258733, -214.63742209464272, 989.7122531602504, 183.40488169417597, 204.04588927729708, 288.48348722392825, -938.9966746829967, -1718.3876185959355, 148.94225373870495, -2162.4514920238457, -696.0407626251505, 1909.5286460840189, -851.1381385668092, -1014.8163468975881, -741.4285191465528, 1456.909894928249, -133.4576291045712, -397.8435002978521, 979.2098515909911, -412.9510266738321, -702.2013116789178, 3340.8571784801406, -1390.8948464491277, -1062.1593488826627, -1515.4700190886672, 852.3193450752182, -2791.8751434188293, -914.3646173894231, 1901.8488156749443, -1404.0744945391987, -882.8092436134847, 25.390483881618366, -893.0518992022194, 855.1800891382632, -536.8627547421967, -19.452885652121495, -3650.0427738565795, 1439.463841337205, 1354.9255553382857, -1475.5815045959619, -304.34744718786226, 2591.1587702559464, -1510.594950214336, -1123.1909968841549, -1647.9759189627441, -1284.7122599671072, 3828.9338059013785, 461.15339305926136, 23.01155927596278, 332.8481328130653, -1329.3608668598579, 1290.3462556417644, 1365.6561960655176, 3400.2826452859244, -654.7943571910938]"
0.75,8500,0.9634292617925565,0.9634292617925565,0.02404332160949707,0.36700796602514896,"[4, 2, 3, 1, 4, 2, 3, 1, 3, 3, 2, 2, 3, 2, 2, 2, 4, 1, 2, 2, 4, 3, 4, 3, 2, 2, 2, 1, 1, 2, 5, 3, 2, 3, 1, 3, 3, 3, 2, 2, 1, 1, 1, 1, 2, 2, 4, 2, 2, 2, 3, 2, 3, 3, 2, 3, 3, 2, 3, 3, 2, 2, 3, 2, 2, 1, 2, 3, 2, 2, 2, 3, 1, 1, 3, 2, 2, 3, 3, 3, 3, 2, 2, 2, 2, 4, 3, 2, 2, 4, 4, 1, 3, 2, 1, 2, 3, 2, 2, 2, 3, 3, 2, 4, 3, 2, 3, 2, 2, 3, 5, 4, 5, 4, 2, 2, 1, 4, 3, 3, 3, 2, 2, 2, 2, 2, 2, 4, 2, 2, 3, 3, 2, 2, 2, 1, 3, 2, 3, 4, 3, 4, 1, 2, 3, 4, 2, 2, 2, 3, 2, 2, 3, 3, 3, 3, 2, 3, 3, 2, 1, 3, 3, 3, 1, 2, 2, 2, 3, 5, 3, 2, 2, 1, 1, 3, 2, 1, 5, 3, 4, 4, 3, 2, 4, 1, 2, 2, 1, 1, 2, 2, 5, 2, 3, 4, 1, 2, 2, 3, 2, 4, 1, 3, 2, 2, 1, 4, 3, 3, 2, 3, 3, 4, 3, 2, 3, 3, 3, 2, 1, 4, 2, 3, 2, 2, 3, 2, 3, 5, 2, 2, 2, 3, 3, 2, 3, 2, 1, 1, 3, 3, 2, 2, 3, 2, 3, 4, 3, 3, 1, 2, 2, 2, 2, 2, 5, 3, 3, 3, 3, 4, 2, 4, 3, 2, 3, 3, 1, 3, 4, 2, 4, 3, 2, 3, 2, 2, 3, 3, 2, 3, 2, 2, 4, 3, 1, 3, 3, 2, 3, 4, 4, 2, 5, 2, 2, 2, 3, 2, 1, 3, 2, 2, 1, 2, 4, 2, 3, 2, 3, 4, 3, 5, 2, 1, 2, 5, 3, 2, 2, 2, 3, 5, 3, 2, 2, 3, 3, 3, 3, 3, 1, 2, 2, 3, 3, 2, 4, 3, 2, 3, 3, 2, 2, 3, 2, 3, 4, 2, 2, 2, 1, 3, 4, 2, 1, 3, 3, 2, 3, 1, 4, 3, 3, 3, 2, 3, 2, 1, 4, 3, 5, 3, 3, 4, 2, 3, 2, 4, 3, 4, 2, 2, 3, 1, 3, 4, 3, 1, 3, 4, 2, 3, 4, 3, 2, 2, 2, 3, 2, 1, 2, 2, 3, 3, 1, 3, 2, 3, 2, 3, 1, 2, 2, 3, 2, 2, 3, 2, 2, 3, 2, 2, 2, 2, 2, 2, 2, 1, 4, 3, 1, 3, 2, 3, 2, 2, 3, 2, 2, 2, 2, 3, 3, 3, 1, 3, 4, 1, 2, 4, 3, 2, 3, 1, 2, 2, 4, 3, 1, 2, 2, 1, 2, 2, 2, 3, 3, 2, 2, 5, 1, 2, 4, 1, 3, 2, 3, 3, 3, 4, 3, 2, 4, 5, 2, 3, 3, 5, 3, 1, 2, 3, 3, 1, 2, 3, 3, 3, 4, 3, 4, 2, 3, 2, 1, 1, 3, 2, 1, 1, 3, 3, 3, 2, 3, 3, 3, 1, 2, 3, 3, 3, 3, 2, 2, 2, 4, 3, 4, 2, 3, 5, 2, 2, 1, 2, 4, 3, 4, 3, 2, 2, 2, 2, 3, 4, 3, 2, 3, 2, 2, 2, 3, 4, 1, 3, 2, 2, 5, 2, 1, 4, 2, 2, 2, 2, 2, 2, 2, 3, 1, 4, 2, 2, 3, 1, 2, 1, 3, 4, 4, 2, 5, 2, 4, 4, 1, 2, 2, 5, 1, 3, 2, 3, 4, 5, 3, 3, 4, 2, 4, 4, 2, 2, 2, 1, 3, 4, 2, 3, 3, 3, 2, 3, 2, 2, 1, 2, 3, 4, 3, 3, 4, 1, 1, 2, 5, 2, 3, 1, 3, 3, 3, 4, 2, 3, 1, 2, 3, 3, 4, 1, 2, 1, 3, 4, 1, 4, 3, 1, 2, 1, 2, 2, 2, 2, 2, 5, 3, 4, 2, 1, 3, 4, 1, 3, 4, 2, 4, 3, 2, 2, 2, 3, 3, 2, 3, 3, 3, 2, 1, 2, 3, 3, 2, 2, 3, 2, 2, 2, 2, 2, 3, 2, 2, 2, 3, 2, 5, 2, 3, 3, 2, 3, 2, 2, 3, 2, 3, 3, 2, 2, 2, 3, 2, 4, 3, 3, 3, 4, 2, 2, 2, 4, 2, 2, 2, 1, 2, 2, 2, 2, 3, 2, 3, 2, 2, 3, 2, 2, 3, 2, 4, 2, 4, 1, 4, 2, 3, 2, 3, 1, 2, 4, 3, 3, 2, 2, 2, 2, 2, 3, 2, 3, 3, 5, 2, 2, 2, 3, 2, 2, 2, 3, 2, 2, 2, 1, 3, 3, 3, 2, 2, 2, 3, 3, 3, 3, 5, 2, 3, 1, 2, 2, 3, 2, 3, 4, 3, 3, 3, 3, 3, 2, 1, 2, 3, 3, 2, 4, 1, 3, 2, 2, 4, 3, 3, 3, 2, 3, 3, 4, 3, 2, 2, 2, 2, 2, 2, 2, 3, 3, 1, 3, 2, 1, 1, 3, 2, 3, 3, 3, 3, 2, 2, 2, 4, 3, 3, 5, 5, 3, 2, 5, 3, 3, 2, 3, 3, 2, 3, 2, 1, 4, 2, 2, 3, 4, 4, 2, 3, 2, 2, 2, 3, 3, 2, 4, 3, 2, 1, 2, 2, 3, 4, 2, 2, 2, 2, 4, 2, 3, 3, 4, 3, 2, 3, 3, 1, 3, 2, 3, 3, 1, 3, 2, 3, 3, 2, 3, 4, 2, 3, 2, 3, 2, 3, 2, 3, 3, 2, 3, 2, 2, 3, 4, 2, 3, 3, 3, 5, 2, 2, 3, 2, 2, 3, 3, 2, 2, 2, 2, 4, 4, 2, 2, 3, 3, 4, 4, 2, 2, 1, 2, 2, 2, 2, 2, 5, 3, 2, 1, 2, 2, 2, 2, 2, 2, 3, 3, 2, 3, 1, 2, 2, 2, 2, 1, 2, 2, 3, 2, 3, 2, 2, 3, 4, 3, 2, 3, 3, 2, 2, 3, 3, 3, 1, 3, 3, 3, 2, 1, 1, 5, 4, 4, 2, 3, 3, 1, 1, 3, 3, 2, 3, 3, 3, 3, 2, 2, 3, 2, 4, 2, 3, 4, 1, 2, 5, 2, 4, 2, 3, 2, 2, 2, 3, 2, 4, 1, 2, 2, 2, 2, 3, 1, 3, 3, 2, 1, 3, 3, 3, 3, 2, 3, 2, 3, 1, 1, 1, 2, 2, 1, 2, 2, 3, 2, 3, 4, 2, 4, 4, 2, 2, 2, 4, 3, 2, 1, 1, 2, 3, 1, 3, 2, 2, 3, 3, 3, 4, 4, 2, 3, 4, 4, 2, 3, 2, 2, 1, 3, 3, 3, 1, 2, 3, 2, 2, 3, 1, 4, 3, 2, 3, 3, 2, 2, 2, 3, 2, 4, 3, 3, 4, 2, 3, 4, 2, 1, 2, 2, 2, 3, 1, 2, 2, 3, 2, 3, 2, 2, 2, 2, 4, 2, 1, 3, 1, 3, 2, 2, 2, 3, 3, 2, 4, 3, 3, 1, 3, 2, 3, 2, 3, 4, 2, 2, 2, 3, 3, 4, 2, 2, 2, 4, 3, 4, 2, 1, 2, 3, 2, 3, 1, 2, 1, 2, 1, 3, 2, 2, 5, 2, 2, 3, 3, 2, 2, 1, 3, 2, 3, 3, 3, 4, 2, 3, 3, 3, 3, 2, 3, 2, 3, 2, 2, 2, 3, 3, 2, 2, 1, 3, 1, 3, 3, 2, 2, 2, 1, 3, 2, 3, 2, 3, 2, 2, 3, 3, 4, 2, 3, 3, 3, 4, 3, 2, 3, 4, 4, 3, 1, 4, 2, 3, 2, 3, 2, 3, 3, 3, 2, 5, 4, 2, 2, 2, 1, 3, 3, 2, 4, 1, 2, 2, 2, 4, 3, 4, 2, 2, 3, 3, 3, 3, 3, 2, 2, 2, 2, 3, 2, 2, 1, 1, 4, 2, 2, 2, 2, 3, 3, 3, 3, 2, 3, 3, 3, 3, 2, 2, 1, 2, 3, 3, 3, 2, 4, 3, 5, 2, 3, 2, 2, 3, 3, 3, 3, 2, 1, 2, 4, 2, 2, 3, 5, 3, 2, 2, 4, 2, 2, 2, 4, 2, 1, 3, 1, 2, 3, 3, 5, 1, 2, 1, 2, 2, 4, 2, 3, 2, 1, 1, 2, 2, 1, 1, 1, 2, 4, 2, 4, 2, 3, 3, 1, 1, 3, 2, 1, 2, 3, 4, 2, 4, 2, 4, 3, 3, 4, 2, 3, 3, 3, 2, 2, 2, 3, 3, 3, 2, 4, 2, 3, 3, 3, 3, 3, 3, 3, 3, 3, 3, 4, 3, 1, 3, 3, 2, 2, 1, 1, 3, 2, 3, 2, 4, 2, 2, 2, 2, 3, 2, 3, 2, 3, 2, 1, 1, 1, 4, 3, 2, 3, 3, 3, 2, 4, 3, 4, 2, 3, 3, 5, 2, 2, 2, 2, 3, 2, 4, 2, 1, 1, 2, 2, 2, 3, 2, 3, 3, 1, 3, 3, 3, 3, 1, 4, 3, 2, 1, 2, 1, 2, 3, 2, 1, 4, 2, 3, 4, 4, 4, 2, 3, 4, 2, 4, 1, 2, 2, 2, 3, 3, 3, 2, 2, 4, 3, 2, 1, 4, 3, 3, 4, 2, 4, 3, 3, 5, 4, 4, 3, 1, 4, 2, 2, 3, 4, 5, 1, 2, 4, 2, 3, 2, 3, 2, 3, 3, 2, 2, 2, 4, 4, 3, 3, 3, 2, 1, 4, 3, 2, 2, 3, 3, 2, 2, 1, 1, 3, 4, 3, 2, 3, 3, 2, 3, 3, 2, 2, 3, 3, 2, 2, 2, 3, 2, 2, 2, 2, 4, 3, 3, 2, 5, 3, 4, 4, 2, 2, 2, 2, 3, 2, 2, 3, 2, 1, 2, 2, 1, 3, 2, 3, 2, 3, 3, 3, 2, 2, 2, 3, 2, 1, 2, 2, 4, 3, 2, 2, 2, 3, 3, 2, 2, 3, 5, 3, 2, 2, 2, 2, 3, 2, 4, 2, 1, 2, 2, 1, 2, 3, 3, 2, 3, 1, 2, 4, 3, 3, 3, 2, 2, 2, 3, 3, 3, 2, 2, 5, 1, 3, 2, 1, 2, 2, 3, 3, 2, 3, 3, 1, 3, 2, 3, 3, 3, 3, 3, 3, 3, 2, 4, 3, 2, 1, 2, 4, 1, 2, 3, 4, 2, 3, 3, 2]","[3.359850996190895, 2.255437050195682, 2.863113480968501, 2.4722344097682334, 2.4907665453706773, 1.5293301042865182, 3.123606178016576, 1.022546892635944, 1.4837938684636733, 2.623257616058162, 3.0666944660667528, 2.876588068421372, 3.0318684893044647, 2.528675842281429, 2.4088203981779097, 2.106296912824483, 3.8848481078771266, 2.134570395833363, 2.361896473425265, 2.206845163045973, 2.776727802883612, 2.9618298963879326, 3.188854068509978, 2.790569883768994, 2.432345787908744, 2.001994592701649, 1.7578292820633323, 2.3465098330927114, 1.8993399879700705, 2.8920755117544386, 2.5700879559255903, 2.6430994243001003, 1.919243386351966, 2.623745070071602, 2.9808178227642586, 2.861216354081118, 2.157103608373309, 2.278291114087411, 2.6289645815612372, 3.154265828373455, 2.50495848307922, 0.7988014378872916, 3.090497180989715, 2.151518861339775, 2.1467587196621607, 1.9597452893174045, 2.2309005866295664, 2.4683516389720523, 2.739842440433997, 3.1553502796584647, 2.9527864937945347, 3.25414382256706, 1.5222241481826846, 2.9848067926714474, 2.5617855428467737, 3.4337292552473277, 3.0748978941488616, 2.6544328751199977, 2.3647960816908387, 2.1284354216997157, 2.3384410186088584, 2.2246044292619187, 2.1548892365176995, 2.2428808632845794, 3.6046370635094056, 2.7298103856908833, 2.5901571048749754, 3.0231706731500325, 2.067237483407235, 2.1556821329572857, 2.49037891211818, 2.6093642625429263, 2.3281959825894925, 2.1834205279169896, 3.026961838380928, 2.5354209215088037, 2.17553210806376, 1.7345199224121495, 3.030294384574791, 2.2529065326302975, 2.451045138433519, 2.6042713434370026, 2.4819394891519275, 2.4297612465029244, 2.521479280143201, 3.1542854988153257, 2.7010052189704243, 2.3870608578620414, 2.166942331260582, 3.2608726372841885, 3.1540364036699557, 2.419226443227502, 3.3645849734219446, 2.512219625444227, 2.197229510552138, 2.791556695097322, 2.2427177310679514, 2.0578124499272046, 2.5654378221181706, 2.825789959404074, 3.062804216192792, 3.341987736952327, 2.601048287382762, 2.9997184479493453, 2.8281278008735127, 2.1389741218729283, 2.3806156181815727, 2.301756466019584, 2.712220358550109, 3.0161269475260704, 2.287557863308791, 2.415291925321286, 2.924514619363328, 3.2886216905232795, 2.0234365983641402, 2.4638999106469663, 2.4399502104214688, 2.2690065915448336, 2.0595476847405867, 2.8815620597995, 3.642320219589063, 2.3171972087430177, 1.832731557096538, 2.5240680752419613, 2.2987371861421377, 2.5854258279222906, 2.2487502969361035, 3.3755822097088695, 1.99476992462908, 2.272797808030702, 2.644306754749746, 2.275310204443854, 1.02523450439839, 2.1969385833478734, 1.8336284094972304, 3.357605534040236, 2.3850331040612733, 2.6861630935151104, 2.352684773821513, 2.20094364943493, 2.6613782941252806, 1.8065212583118777, 1.9418380672867979, 2.3962755247177996, 3.6005838119571623, 2.55882483915197, 2.441922465341011, 2.764982458519694, 2.6714501602851315, 2.3591795576097168, 3.0748872612982385, 2.484735979282286, 2.6093069064989662, 3.1663350540365807, 2.4949872385408414, 3.0896503585666757, 2.3895883491543763, 1.6023861902098684, 2.9308579197277163, 1.4802074095377025, 2.8173736346663603, 3.6656042560308246, 1.988156086620354, 2.2545434425397186, 3.3034824317382534, 2.6607699293844154, 1.8685836550842156, 3.510591257671996, 2.484296105318064, 1.864448947057535, 3.251708006749096, 2.7439142307966313, 2.0070344740369723, 2.5406923853995838, 2.142754387867849, 2.6570256563497683, 2.808915672889717, 2.267307091614658, 2.7854075723730425, 2.550658301855657, 3.378625572520437, 2.112033570648811, 3.009356026658889, 2.369743417809481, 3.5065983834022374, 3.4520398474777467, 2.51433540363603, 2.0826255301109806, 2.554582332079426, 2.567996329294473, 2.7418143623671587, 2.4138881252343944, 3.5401203488832302, 2.873739602402397, 2.6362886009245856, 3.347987115035969, 3.672760040066352, 1.8466158231615895, 2.149829934328133, 3.4660826140839007, 2.4718643557695867, 1.4589978257441167, 3.3625307523374994, 2.6017717153621844, 2.14768381585714, 2.0147830240613476, 2.576157981245496, 2.5576088843547837, 1.6712633432735422, 3.1532692800429767, 2.6656264415345636, 2.2719316719609424, 3.054000805439553, 3.074827040175273, 3.4981812937232286, 2.272039623920942, 3.060500528523808, 4.235225772517365, 3.560847091177003, 1.3181050100106426, 2.1159261122031148, 1.8860660963351008, 2.036828694948662, 3.0437712428560566, 2.1834702462960403, 2.379137086479893, 3.733786638904923, 2.1962337313032663, 1.9558234584215595, 2.8047867869373295, 2.0288069128264934, 2.4147201621102914, 2.41220950705574, 2.8256591975936574, 3.8758213532760677, 2.1920917217730205, 1.4492967311168614, 2.292667717466603, 2.3348716893717203, 2.5207600879213454, 1.8604123198265885, 1.1689609261813632, 2.575861390185236, 2.8124095373496965, 2.531412198824714, 2.598207768746402, 3.184891062807192, 2.814717658882298, 2.694104597783985, 3.3863877945335767, 2.6232239167221665, 2.204706396742584, 2.9950931600045365, 2.4409144769635143, 2.1873964515208604, 2.166453489494307, 1.6738192817513209, 2.3187635733550596, 2.73408566891268, 3.281437018566322, 2.114754171062642, 1.0563988109922298, 2.5275659183324137, 3.3133866993559526, 1.3436045636097924, 2.158967147015603, 2.2658765088360275, 3.6400018496261275, 2.6629089601636493, 3.014959031268173, 1.4888380903719989, 2.069553841943236, 2.9216685513666176, 3.2119734797733726, 3.101372135590932, 2.88223310072959, 2.0725380960209145, 2.645799348547661, 3.06418536283275, 2.015705794701209, 2.3016360704360563, 2.093045159627633, 2.9601094785589357, 2.0913222739030424, 2.4857919680357963, 1.6887627835975842, 1.9113240916839733, 2.1675802608560186, 2.809611787383746, 0.8220549209783654, 2.9430862141972867, 2.4689919345986504, 1.507435748039435, 2.9175614033028934, 0.9023880686776091, 2.9225972670971148, 1.365806192739759, 2.280049766664975, 1.8924587986147947, 3.355332996248483, 2.059953997872679, 4.123767389260477, 1.8986294572201796, 2.2867298310173827, 2.349852190843497, 2.59207485595756, 2.0671407508842394, 2.9420906815564276, 3.1228225080564207, 2.475392324486563, 2.2870275388598347, 3.7101725389071336, 3.2898658240519874, 1.916527705389305, 2.4377953441962945, 1.9540410632617082, 2.6069505715674697, 3.2658004756408916, 1.9587214618195923, 2.1588911049198756, 2.992111639524821, 2.310197013924396, 1.9750239147633053, 3.080885583243369, 3.427728312123635, 1.9510054984408456, 2.2941324067878472, 2.495854119015427, 2.7399092911029763, 2.102529096167423, 2.7913293847511933, 2.6886131437235763, 2.538979204268591, 2.088410950315803, 2.378868753400099, 2.423354092735619, 2.492431373511441, 2.0355497518596026, 1.7751275892521179, 3.38619127763849, 2.9582220400628607, 1.4283857195385563, 2.5956308607428262, 2.477713551343526, 1.89345098986869, 2.429188154425054, 2.2558779089330283, 2.8789111432145953, 3.8233551105000534, 2.748323338869263, 2.6902204199108355, 2.0029591200451637, 2.4227335800980994, 3.7117554331610974, 2.8580437818679716, 2.8724692730742554, 1.885871335577718, 2.156324295812493, 2.157613414165872, 2.678914431734362, 3.584041549279677, 2.3198355202137977, 2.2254109315860084, 3.0002439547413786, 2.89495356250465, 2.200951608091783, 1.7582966690221826, 2.76666946067759, 1.5939575324863275, 2.462935677622511, 2.6278882978310234, 2.05074099743191, 2.827461054495428, 3.4579103520495282, 3.04596016292676, 1.2020583189099225, 1.773403860614522, 2.909109402369942, 1.9959165100672052, 2.6722359046260253, 3.064296796735447, 3.52217830001273, 3.1996184926854436, 2.6623126532786023, 2.817245655018777, 2.126222966630361, 3.567980727082001, 1.0536153193866007, 2.4646587279355625, 2.49238725988538, 2.24445428314407, 4.546008882781581, 1.9783892576071334, 2.0273222403583824, 3.222978761179763, 2.7532218045078984, 2.553915685323192, 2.8055026425801404, 2.706056148958139, 1.9732509262036169, 2.000962994948848, 2.651289676765741, 2.056806210572539, 2.5653364672667847, 2.3758582584687997, 1.831252233409436, 2.5831233492242243, 3.8561031157261105, 2.0034406437497148, 2.6865840166044572, 2.483001285916724, 2.7960413510757016, 1.1700973710493374, 3.356812924269667, 2.1364355183217376, 2.7543597817689887, 2.274695589118381, 2.6285827324852904, 2.553889785086939, 2.9933191110436717, 2.5823921686985822, 1.8702627738905546, 2.2488540739173, 1.8686572607891334, 2.7651870217108248, 2.0646202319491467, 2.455763327997217, 2.141767908638836, 2.9757811511368653, 3.1046211524263105, 2.709596736611455, 2.9177505323304675, 2.292445809586711, 2.3925335234855014, 3.331400940093941, 3.610314993145357, 2.8197875920271684, 1.9474898989906162, 2.6947875709382663, 2.4994627722397844, 1.863905721133214, 2.3919914011070373, 2.2917222399497947, 2.695808535931966, 3.140818368400307, 3.0446591145990487, 2.9716501680007075, 2.9751187048557397, 4.229948692481637, 2.5259082339003287, 2.2947138556513273, 2.4348506062807407, 2.7013317677633344, 2.1160891999252316, 2.148720912877476, 1.79329146824298, 2.098511295765949, 2.415988500870724, 1.5205146699710137, 3.935360837671836, 2.4614694069529826, 2.4210539709741483, 2.003644380386018, 2.597848876173958, 1.9817493786761493, 3.436936677469717, 2.4774972381365603, 2.6277920376734327, 2.0140069083849426, 2.141703637580404, 2.096684142544558, 2.915801196792649, 2.9703229127057975, 3.0187209353926554, 2.3040455957752117, 2.3752380103071253, 2.5147023707881324, 2.0426796040507935, 2.6756974875097517, 2.332648716709163, 2.511312117194403, 3.1674969596607196, 2.160494570151208, 2.519357563032935, 2.1881283776279066, 1.9087948384992117, 1.6562264860528813, 2.398527660364255, 2.1044491036147788, 3.5264687901142033, 1.6523737519345936, 2.2196832237494943, 1.9978555021480529, 2.688740138598036, 3.2434205627827533, 3.4694217715440776, 2.683354009664997, 2.0705491076104536, 2.472822571646431, 2.969502231639293, 2.5636782142394536, 2.4774665527578796, 2.6710260118811324, 2.5352364443704687, 2.5935071642397642, 1.912082693451892, 2.605493968232032, 2.481272677807233, 2.7203102923904527, 2.7800157631724756, 2.0383922319533854, 2.170929863811084, 2.901902631867253, 1.829314211840714, 2.281163306347327, 3.2206855723681382, 3.6978080234739705, 2.742117512739075, 2.669425020232575, 2.0735132475379365, 3.9609283926083454, 3.2331094941184535, 2.864467813479478, 2.233222433231038, 2.96882192739632, 2.15528966896609, 3.1728144537929754, 2.520813618160091, 1.8392517989722696, 3.1480132852221017, 3.2802588043634815, 2.726244107149819, 1.879416761250763, 1.2427218932088981, 3.6473527896833877, 2.268253608511182, 2.569877421974034, 2.552440340808647, 1.6591728536811865, 3.0407162042073157, 2.039155428219286, 2.2325856892781064, 2.483355499406296, 2.902775553645482, 2.343049348117606, 2.431859661270122, 3.173338342915414, 1.643110596776536, 4.002629621352858, 2.3941641223814583, 2.5288450161633858, 2.118635672764973, 3.0962306041351892, 3.223977693059327, 2.5818299962223157, 4.465861700012807, 2.901710672982501, 2.7169605136720145, 2.765753609314866, 2.9022809070573063, 3.2244433645273585, 2.497390012344949, 2.8989492803400534, 2.390836835540037, 2.219060837778735, 2.484651749403861, 2.8970312777214047, 2.6707993761684703, 2.289061942261032, 2.3724604737904653, 2.382707099998924, 3.6279584494323034, 2.1707846287079584, 3.2860502023330254, 3.5084658356653597, 2.315878608979135, 2.8197301097632925, 1.8179862018093917, 2.464559911271877, 2.345109775026614, 2.9381190341590164, 2.311590471525627, 2.1729642207575544, 2.399713882632323, 3.064712565220245, 2.2505610454818124, 2.749619279549209, 1.9278718607751202, 2.739714179551774, 2.3460980889048435, 2.5251550835538144, 1.5911005766864137, 2.8076916321067245, 2.218139552274149, 2.749502511541306, 2.415640794941068, 3.000664242330515, 3.511452986415939, 2.592904209313887, 2.7141348809909287, 2.8737944090162024, 2.472945715286912, 3.0418081995938087, 2.9084728646191653, 3.3984180161281463, 2.409419566255407, 2.268247382185906, 2.8487057593201612, 3.70244628771686, 2.5019739026451724, 2.3645547811346086, 3.276719431332507, 2.0841615081455234, 3.6415915158483108, 3.178797361082253, 2.0122446849860016, 3.535994996391402, 2.6474142708503408, 2.467193453845554, 2.432248964310564, 2.5019009532884393, 3.2056504152684937, 2.449167432812012, 3.8524190269985734, 3.33076035060149, 1.8783082474648023, 2.3041766838115474, 2.7485874523619955, 3.1711551019356587, 2.493606480516297, 2.2399039983684785, 2.320412324490584, 2.5807857753167163, 2.329101480426727, 2.4464629212125955, 4.2864176586881655, 1.9994886587266838, 3.339448126285335, 2.6158887910408994, 2.6571377832043273, 2.8176538685140486, 1.4950529867403697, 2.751337396827259, 2.562139615267142, 2.3779632555628645, 2.5538220866924015, 0.7826474480326382, 1.6042799957531604, 1.5228636106919853, 2.7300568570897084, 3.102184075246268, 2.5033463867398855, 2.7608237906298134, 2.440607141997482, 2.24719295516932, 2.2927012064125973, 2.0504861988083247, 2.129505190205784, 1.9038980058086854, 1.8274110676292972, 4.889669160586432, 2.3806492416415788, 2.062937497156901, 1.8820231103867906, 2.729557072135031, 2.3396903726682576, 1.9316281393419656, 2.8987956139998454, 3.3462282190040202, 2.8936026573297795, 4.1590254551840005, 3.9304936057910034, 2.33439547601937, 2.56055755062694, 2.1818958553361343, 2.679633764121653, 3.8154853486011904, 1.806899376541943, 2.6417541935678477, 2.482786519952162, 2.4100754682021006, 2.3723814177731803, 2.5284840129754897, 2.3080192110405995, 3.3335376637470286, 2.6773764079445064, 1.851346328296489, 1.9814016386406132, 2.588364225707053, 2.4072687687015426, 1.8842868549798772, 2.389159240432866, 2.8009761381670915, 2.1377038235645807, 2.738609350817302, 2.594198003075762, 2.6278563149040366, 2.6116062223367718, 2.5517714513603513, 2.89132262470719, 3.7378079542023754, 2.5372009548326178, 2.8194008259978482, 2.5767302327055326, 3.2152636466713695, 2.9729662842867803, 2.385439417193366, 2.2161513900225316, 3.595409402137827, 2.4012686377769854, 3.568767805854598, 2.757916301244946, 2.43594484259906, 2.217210782004601, 2.220872454451389, 2.0525183610439464, 2.9822324259416586, 3.479801411095824, 2.3899022130172636, 2.8532966758608462, 2.2346130388278915, 3.7384195209796633, 2.3300639077414123, 2.0171771673457424, 2.5489112210327582, 2.0008974066276792, 2.0563781610756253, 2.5316309347497805, 3.2003943672559885, 3.1379391580875517, 1.819009748072564, 2.6833169258720426, 2.3869378150127125, 1.7301671497227733, 3.26469258364403, 2.4487731744496517, 2.2838851962881788, 2.8891576967777888, 2.293036733850402, 1.9526581167613961, 2.1156769417025036, 2.017121382651733, 2.854931842852067, 2.774694206965679, 3.915033624374015, 2.3746317691143464, 3.3722004613888905, 2.302508385052503, 2.2810461860751157, 2.922823663029768, 2.378872739531109, 3.2198902189065803, 3.0881764720128286, 2.2647182624100175, 3.34747408962602, 2.233017705904653, 2.516701635683292, 2.241915344995768, 2.571033939810384, 1.7592387228772608, 2.4775278081974266, 2.243369690789856, 2.3288742934196973, 3.077035356664231, 2.714928091676419, 2.648103865071277, 2.5513781217400067, 4.147595424085224, 2.5866097275233355, 2.991714859733555, 3.956348262331832, 1.401130930309317, 2.552729167984082, 3.216292644944236, 2.233164441927895, 2.036926949143067, 2.5293385370125323, 2.475368544124021, 2.6904130929206946, 3.491680283609749, 2.753431134317793, 2.439589489371981, 2.401988954937401, 2.221864700509868, 1.8357150222748801, 2.8881991145249097, 2.35725820512498, 2.3442334606739896, 2.2020131211241423, 2.243497142074039, 1.2142854967492167, 2.426988399655759, 2.606297245588732, 2.2857304558125136, 2.5103828575182896, 2.367120780643951, 3.7151285848288613, 2.269918508031521, 2.9479735807290277, 3.1026033976877048, 2.8140458531142123, 1.8588593098323893, 2.8611958925648704, 2.6060683665957183, 2.629952855161415, 3.463221960275884, 3.032998349559955, 2.447486132290367, 2.1970813459772613, 3.8327984046419212, 2.1423942292876412, 3.8806387520673797, 3.3269753030352183, 2.871947151710491, 2.2494246241330944, 1.0381710104732877, 3.122716420000562, 2.435426556614247, 2.330237069880933, 3.880309533912599, 2.301680867249161, 1.675040127981596, 2.1355240412879875, 2.5012388000051557, 2.7763285454521753, 2.6391540707570957, 2.3894732444611884, 2.96995526179255, 1.7020072403351825, 2.0959833194068094, 2.7233577362176744, 2.5647158135600607, 2.986716335538164, 2.7722698027887653, 2.2192117540849408, 2.5347918533237928, 1.5628842749294303, 3.7453705943416566, 2.129706494323645, 2.454927220472962, 1.9642135018685372, 2.490842566444944, 3.0879837034267372, 2.135785119316955, 2.4415531677225717, 2.447045695856865, 2.3961026565260957, 2.9147250818433754, 2.9658935024714044, 2.839367487145794, 2.6404274014431235, 3.63229475537539, 2.050910471004629, 2.034260911654778, 1.8806359818816807, 1.6056083655033064, 2.1138301344150165, 2.189555715594266, 2.325109204776718, 2.1314594452649582, 3.0901327016138445, 1.5215419081739423, 3.1009522057682557, 2.515029399160116, 3.279531322841759, 2.846485642854461, 1.9932590491478677, 3.4379649840086404, 1.9330713368618113, 1.6894393983095901, 3.06691916325296, 3.1174885443765663, 2.5025330569372164, 2.6636417370505563, 1.9202876972912544, 2.0733796040343573, 3.1507316586638145, 1.9115562706165976, 2.3275575246306555, 1.8539645144661407, 2.614245669134743, 2.398488013372286, 2.398372064975178, 2.1268292556017285, 2.0107085650284313, 2.4903023459217173, 2.5706192476946432, 2.4032070506297583, 2.468808785738901, 2.5339198413464668, 2.5902875172389925, 2.9715699111688734, 2.4234324147153736, 2.7285036221575107, 2.561828541496851, 2.1703053679793687, 2.3161163106985505, 2.1406653399435105, 2.614765406737242, 3.003160412984987, 2.0742397873636733, 3.95990248655637, 2.4785958312874983, 2.2415295525646592, 1.8624968621530895, 2.430187972955227, 3.4320767452646725, 2.9599920964795166, 2.817628890423043, 2.8011423546435896, 3.0408874729516686, 2.4585292041142814, 1.7313927210062077, 2.911334156772451, 2.11702342411398, 3.123033082852619, 2.5825124729010014, 2.616641941975703, 3.48516989426058, 1.7805900285589105, 3.498585778378277, 2.0169420958105766, 2.4544143954546804, 3.035172364659819, 2.699096337872082, 3.0662271241907026, 3.0016933438923306, 2.9750216673666676, 2.1099930155255966, 2.5010542062206413, 3.080391503782888, 2.648531619660842, 2.625322418369425, 1.938424330352651, 2.3832498642937336, 3.1352546621786375, 2.0466728004572907, 2.1472357225021375, 2.8965272300136493, 3.133282094416372, 2.48679642360592, 3.0491748726085293, 2.409557144437032, 2.565493475905002, 1.6803440777268515, 2.6055971297313847, 2.1350877762726608, 1.1504372750506668, 2.28923635769514, 2.35404547372697, 3.45626645437149, 2.9771714199211763, 2.516237981356528, 2.466940421134044, 2.2996908526182227, 2.4786808365230004, 2.705992018065143, 2.297799101659275, 2.297078060527205, 2.04649397678632, 3.956573347265442, 1.716256404125852, 1.9224395174660402, 2.1137355679678884, 2.169059591501574, 2.374996178301409, 1.825087717305978, 2.165316235028292, 2.985573014168901, 2.9064271302821627, 2.669099489209631, 2.6935479716813076, 2.2450579483688933, 2.774581376572636, 2.190223089408241, 2.3117380570075117, 2.0644347700376873, 2.5229897327322792, 3.083384159973174, 2.3301371648030447, 2.0647714294899924, 2.2794430858212675, 2.9335649469337737, 2.6968455993042615, 2.5497470651902057, 2.6601378492548955, 3.688475418829975, 2.3000672236674222, 2.362220909302918, 2.0381116241687307, 2.7518530211144316, 2.6480390315435653, 2.944967707255463, 2.7905102902527594, 2.3014993747099166, 2.7628457088010667, 2.4102878386421938, 2.6745365928466303, 1.7435513478409164, 2.4627021985762427, 2.222803738746061, 2.070117490030986, 2.556718659494209, 1.9504465230658026, 2.6047787137743086, 3.02461388708141, 2.8964729233445463, 3.3391047021460203, 3.3143088123264115, 1.90915167470561, 3.9810746151178322, 2.4523470181812006, 1.8661062566961868, 1.9546373527996708, 2.096179242728448, 2.391412642087085, 2.267823515016547, 2.1180278940126445, 2.1123859459498746, 2.282671673686678, 2.0128320144027336, 2.7905101098578884, 3.1211887318008227, 2.5305747492114365, 3.7053799898236486, 3.0167120567642587, 3.229537994875858, 2.7870875659848244, 2.0583667487171726, 2.56400145516299, 3.0125153311772883, 2.613403945600623, 2.92584929139501, 1.9662434951401975, 3.069119992481805, 1.5905004601571027, 3.5094977764943964, 2.517206481158344, 2.67123398814737, 2.313179950739338, 1.0104381988303084, 2.425762987393735, 2.792923830676559, 2.843113265331438, 2.080309582703912, 2.130904208892165, 3.196142738559839, 2.0792976453873706, 3.043073367993444, 2.575343138894592, 2.0639874037404256, 3.0911858137373267, 2.799520920571683, 2.0023385486132064, 2.686428898993827, 3.204641216461135, 3.0033230793070276, 2.0594982332676355, 2.504710476789482, 2.158419405473646, 2.4907873825569755, 3.165350749808618, 1.9380946038501914, 1.9253032564934593, 2.0927351249715254, 2.088902196276515, 2.711221458278628, 2.280489719495121, 3.755377753987271, 2.400904102370007, 2.5162372778180435, 2.919744322943442, 2.94890796031552, 2.170604063160283, 1.6900328635815347, 2.2252409481060114, 2.2102431737640664, 1.8280012478354262, 3.1997884836588297, 2.3998322881688896, 2.8245676750284203, 2.0471136933005165, 1.9673422194970898, 2.406927436338538, 3.13872868095412, 2.57739503714832, 2.359349174816978, 2.1598948910573954, 2.1206333994447517, 1.4661067670734986, 3.059414085767321, 1.8758192434142198, 1.8638890168201239, 2.289328046321473, 3.0878939866322694, 3.029759172215206, 1.1557166168831328, 2.868390139606798, 2.3719518148616907, 1.11638780396919, 2.2116019489508605, 2.5948360728366344, 2.1160775909786005, 2.169391537765128, 2.6167769819696276, 2.625000795267398, 1.896348550529708, 2.1400724777416538, 2.9772263609788077, 2.030989428899041, 2.559879699880834, 2.221049851398502, 3.1418689224912075, 1.990509716560258, 2.3273740216788212, 2.128968200822119, 2.352035921403303, 3.471654893617595, 1.8705122256258055, 2.174023226236342, 2.108720787078397, 2.633831673932465, 2.532188955262455, 2.921712054527764, 3.161222626714533, 3.879942307068065, 1.862506072687158, 2.649142443942811, 4.138564160079091, 2.565097467413418, 2.3531414028115845, 2.861458327811869, 2.205399858736836, 2.186010787717855, 2.2481762721263623, 2.470822707678315, 2.105675974797033, 2.5010531979282606, 2.096394481348058, 2.5600647903531244, 2.3834524685252387, 3.3968504184376407, 2.5302723720651192, 1.8133522390380326, 2.285023315862594, 2.991438320620211, 3.046512590948826, 3.084023236432399, 2.925499503754918, 2.271289650174939, 1.777720429801708, 2.304972724052795, 2.445789510576969, 2.075776710896383, 1.8163026233132258, 3.2842671781894617, 3.0881628122047156, 2.0566972664906635, 2.2593599921547534, 1.932183910448323, 2.5947653468478307, 2.025387937426281, 3.1336970529174653, 2.19203497310789, 2.232297472740838, 2.4531209822265403, 2.008938852498799, 2.2894000988941805, 2.1163808746204076, 2.995384800005543, 2.3711478507253014, 2.964568429321027, 3.4626052549199153, 3.4610027297016623, 3.1164098971129874, 2.213117252711808, 2.523030505251098, 3.975138318467407, 2.6713732955069447, 1.089962701157347, 2.3381456935563625, 3.1675138142870845, 2.322211429983782, 3.081407112478209, 2.5465894317065154, 3.1291842559202774, 2.1656996461959315, 1.9185152199458733, 2.044913904425342, 1.7961904938716358, 1.8021356679510765, 2.546508450314737, 1.9984512292167351, 1.8352558547068103, 2.856127018297334, 2.181839028832154, 2.2442126293995237, 2.5072132461465952, 2.823718908321559, 2.491476839510889, 1.7270270523409756, 2.4601141070159662, 2.73643295043233, 2.2029464949160507, 2.7538976263177504, 2.341935311544854, 2.365703501295733, 2.771989928535315, 0.9588494761644708, 3.4727200543386374, 3.4287442723457033, 3.099856411538946, 3.4844028040478916, 1.7019143576787417, 3.1711260050129866, 1.9936782403204414, 3.1211043094002293, 2.2715376713139652, 3.5834579701076485, 3.1159649529455367, 2.9687417019315423, 2.7112496048813184, 2.3095695683370305, 2.580933233855312, 2.431189288007768, 3.919668650735936, 2.723737582969858, 3.7781844389448223, 3.0347659449116646, 2.0823183375426475, 2.184297445672777, 2.3204289278606063, 2.515958825189559, 2.5623626042968595, 1.9731768405697185, 2.9644582849453505, 0.7538680994087492, 2.900574814103063, 1.9158575600666619, 2.1552863863735636, 2.669207945273699, 1.8951370041673758, 3.3187651646070293, 3.131749150991772, 3.2379860643876897, 2.8474408064412033, 3.4344883861791162, 1.2472074846222136, 2.4818518591310297, 2.0106100637052657, 1.9760402983624976, 2.216060545620867, 2.9720614861428136, 3.5178142180816727, 2.2507705348845746, 2.1917243976575707, 2.509221093551644, 3.2625418421212737, 2.4466745788559465, 3.7301042346437785, 2.341499835428863, 3.2497106073367323, 2.4543097738657957, 2.0504048464981244, 2.6092550880910856, 2.79227753059102, 2.4095983213945065, 2.411386699355063, 2.94395802897233, 2.575949020206134, 2.939243371627715, 2.4713242585179174, 2.247703944149627, 3.7838303309923824, 2.790282835768173, 0.9223860560304693, 2.3177629464709666, 3.093197128756533, 2.019409611145846, 2.1789924225121116, 2.872745841751093, 4.050843497720816, 2.1060402642518308, 2.8856632627725896, 2.6892721880973602, 2.518643599059354, 2.641075231828702, 2.5691229595869807, 2.6658712172730294, 1.955938017602254, 1.9267639907034873, 2.8051662643624753, 3.562090421000122, 2.5840331038404862, 2.544290437969691, 2.24967873143196, 2.0510264366786357, 2.8192078823399718, 2.252766007697379, 2.746361904319772, 2.3643040739782166, 2.093870400044744, 2.6201254599861326, 3.3777945450459588, 2.9090414790446837, 4.102239286490951, 3.0462873970073017, 3.283630405941137, 4.217841424173335, 2.47482222009387, 2.482338429615704, 2.111491265396605, 1.1447550033614329, 2.330986805777769, 2.012550716752304, 3.3108703773593198, 3.4680699158728023, 4.091944497986654, 2.1507321622066993, 2.8538459844900883, 3.5666231291547423, 2.6847718209834497, 2.7911218901112633, 1.790012311218658, 2.217492193576809, 2.897532004077921, 1.4233642835250166, 4.351080907238503, 2.306702216144257, 2.9445959397286243, 2.317657759326716, 2.9375194936366107, 3.217093728776222, 2.773488869581538, 3.017496187329261, 3.195425770506382, 2.8218762282342857, 2.9129808454541317, 3.2418934397911165, 2.7332322707179655, 2.1966892726818266, 2.161695087383274, 2.5204580157269167, 2.5452773741967176, 3.377831343997439, 2.432520203342852, 3.371363342833432, 2.918082371630697, 2.4409174473016066, 1.272102910450402, 2.60293415726771, 2.396140484723875, 2.9280833385361675, 2.834519935705166, 3.282412357843799, 1.933555505717387, 2.2215964424022947, 2.143837724800922, 2.7069081400758845, 2.5163431858478638, 3.2540398043495533, 2.619943193131307, 2.312157659897307, 2.9662238296064194, 3.1403632706267723, 2.4154437445161476, 2.2894104918946083, 2.127142910183652, 2.2839016248661377, 3.1232485514518964, 2.3756585979700446, 2.406226227416247, 2.6849397365752257, 2.7390303282046724, 2.551600906785645, 2.57664021732934, 2.914938751808823, 2.4278931405244966, 3.634462785255838, 2.6457343739507455, 2.2497748321675233, 2.7023411449669466, 2.0052931320422904, 2.3933412337534348, 2.1900902896085817, 3.0988605467987718, 2.1119475261011345, 1.6864471693416445, 2.3341046892960198, 2.792539153742182, 2.564116258776657, 2.9645163296785064, 3.0836549107681983, 2.3803782150438817, 2.617286435162164, 2.0360336227217437, 2.435040318880785, 2.5088828695098497, 3.326153263429464, 2.458570257279451, 2.5774494361023006, 2.576995876093585, 2.886923468289375, 2.3244346838809795, 1.7749477992615006, 2.5304336199715864, 1.9086831969426923, 3.0433583501070727, 2.4174180810785835, 3.2116747205758225, 2.98727185814119, 1.9742409457405392, 2.6572335985101265, 1.584081511462002, 4.089150005116926, 2.701398991812774, 3.809048641906209, 2.9386367576745496, 2.5688589384135536, 3.5852968427425305, 2.485798900985642, 1.979796639772044, 3.8014573414766395, 1.928244272016287, 1.8850935361534265, 2.940603446860611, 3.019099936948861, 3.0775702311697786, 2.5110502313322645, 2.263563525792871, 2.086671566692457, 2.3397638760555366, 2.3194442674257827, 3.3345938227213687, 1.6916223916828719, 2.2939711643015697, 2.305012760769215, 2.049122850665757, 1.4169116340518078, 2.3030404010342376, 2.6210033420818735, 1.9369917539202262, 2.170947417848351, 3.1380566913695915, 2.7728466757065373, 2.717211220828407, 2.8148617278650434, 3.3062396971804864, 2.6326642472864035, 2.4017849542155503, 2.719161664931655, 2.4092817929862758, 2.220302881706173, 1.9689143981964379, 3.5712964731210084, 1.9704309028394764, 2.4894363964843196, 3.111389773728277, 3.3388725207156, 2.031472894148591, 2.746222980580018, 2.928797906802491, 1.649390426921687, 1.9479542135085595, 2.0184166243569175, 2.4470968070518855, 2.4696337244882014, 1.9346544036222217, 2.898810839130375, 3.0376779217610035, 2.279802713540278, 2.759776062502258, 2.188650695386207, 2.578316964084262, 2.3122401885314896, 2.82991874210327, 2.4992249294511644, 2.5365494220484655, 1.5087743250260794, 2.1034847450761838, 3.806854475261558, 3.7851282410881275, 2.7830035130635524, 1.9966792936419302, 2.0830221924022445, 1.8184564138373736, 2.105960253372178, 2.9347911999773246, 2.302891761525973, 2.274300038142914, 2.9399816841061113, 2.527922245523524, 2.524955596738085, 2.6755774072667435, 2.4711070759372413, 2.858002992590358, 2.2057319385690577, 2.65760635081009, 3.6141131396254345, 2.483385224859474, 1.5595844392410425, 2.345696187949523, 2.359905960929972, 2.3972048029175768, 2.4849962463919955, 2.8985201716185425, 3.041371244514715, 2.6003497600171808, 2.678357138279428, 3.222974953898212, 2.7621653855812234, 2.63970398213367, 2.8006222059121595, 3.5788042308692907, 3.6057456150756217, 2.0453785435252305, 2.7342877000882817, 2.6037279634868638, 2.1684260194763167, 1.8141616660531046, 2.9101165245300002, 2.9447690891549687, 3.3463042952056274, 2.294813011627995, 3.3525830765823543, 3.0352187840348117, 1.9849885219150183, 3.054828270613352, 3.4880633936475265, 2.6272709072549647, 2.1733156429611182, 3.213041074387428, 3.1358629851176087, 2.4597626117401337, 1.9953224774823033, 2.337190693381502, 2.541625053155211, 2.0264794596442552, 1.9555375578297811, 2.4108803720288132, 2.676299739485434, 2.2754820847763475, 2.584451166988414, 2.4564044856461296, 2.878651621098001, 3.3251315464438056, 3.279713687606921, 3.8545512807464544, 3.2266021102674816, 2.8055699149964584, 2.69859627535714, 2.770761453902892, 3.489265622710457, 2.768787719952705, 2.786522718376591, 1.9850389438325533, 2.291848933156443, 2.8452802763600333, 3.4011941060902555, 2.6347701457095245, 2.239368028452107, 2.479322374773189, 1.8403642647833611, 1.4071064350702314, 0.8300467771278826, 1.9217109936162433, 2.3168715957680637, 2.69642598832564, 2.2015018841470644, 2.7877127760236102, 2.7256162392586094, 2.7879207863957274, 3.0489990439252805, 2.9563470381530674, 3.2127045621764987, 3.793328503872573, 2.6151000521025813, 2.2769835363778546, 2.3903695828270206, 1.9763284777078003, 2.606275845585891, 2.408169874862718, 2.295140670227812, 1.0125611777318793, 2.165035429352411, 2.3652357910665995, 2.0694371900076436, 3.1320732167243217, 0.9181006373256366, 2.3364454464969593, 3.9460819989869123, 3.003348765199183, 1.96137592446713, 2.3313415848227073, 1.9246336765910987, 1.862798694765501, 2.3258337025673606, 1.9286688972631807, 2.1059690937611433, 1.4848274296120163, 3.4252415103923703, 1.8844891161351465, 2.6872134214987113, 1.9991593749612393, 2.8468195871791133, 2.511669579170621, 2.8121900993782036, 3.396742215674505, 2.454938368814746, 2.8551694211648417, 3.979530496575265, 2.099254910047235, 2.530627692557877, 3.4452187957138234, 2.610925791632856, 2.0980464101255896, 2.5557116824951795, 1.5245763812583562, 2.249223072886473, 2.3862415594494797, 3.664608201369578, 1.9808891672638544, 1.4577273874729577, 2.219491850853279, 3.1965126565881734, 1.8445291231979546, 2.4724272820607225, 2.2867504927875704, 3.6862884931459936, 1.960120840968222, 3.5436136570461017, 2.267071671544138, 2.6537792827559086, 3.0047107535226227, 1.924388080933503, 2.252892996399666, 2.394510255119199, 2.744776665056107, 2.0798933193759477, 2.3144273495810292, 2.741004882339523, 2.0513282692910475, 2.6203413508892544, 1.8996264790037647, 2.6282554076794713, 3.0742797637805497, 2.2112003149016393, 2.4697581979337553, 1.9854175793815563, 2.3203169147298337, 2.7028833978279914, 2.473996835974675, 1.6002310688586288, 2.62158280464031, 3.194452890791709, 1.9128389186020267, 3.133550268074139, 2.5341620538859173, 2.16668070810942, 2.4447607090889365, 3.3450577931479617, 2.5626220412045173, 2.2068009464322533, 2.6875996588173683, 2.5714965673211037, 2.361287268136752, 3.0306334673334865, 1.9368408376140205, 2.465411578311593, 1.9859254570362959, 2.5382123102524465, 2.079712263469088, 1.912041870656688, 2.921342375922384, 2.7727574324304953, 2.0297645103062485, 3.439526950251703, 2.5188614622259777, 2.786841823791629, 2.6908919010801435, 1.7262591735517072, 0.9696097980041756, 2.382338421365864, 3.9009989001773504, 1.9984786803697683, 2.055826314258683, 3.47307869978232, 2.0782496977634715, 1.8554848112590763, 2.1206515159512986, 2.613836687332369, 3.633280825707735, 2.3945402167242165, 2.3644119991810877, 2.5961648753739484, 2.144409084614757, 2.79066640878545, 3.185559616899246, 3.428656750985456, 2.28847189639543]"
1.0,8500,0.6340274000776392,0.6340274000776392,0.021966934204101562,0.3279961425557587,"[4, 2, 3, 1, 4, 2, 3, 1, 3, 3, 2, 2, 3, 2, 2, 2, 4, 1, 2, 2, 4, 3, 4, 3, 2, 2, 2, 1, 1, 2, 5, 3, 2, 3, 1, 3, 3, 3, 2, 2, 1, 1, 1, 1, 2, 2, 4, 2, 2, 2, 3, 2, 3, 3, 2, 3, 3, 2, 3, 3, 2, 2, 3, 2, 2, 1, 2, 3, 2, 2, 2, 3, 1, 1, 3, 2, 2, 3, 3, 3, 3, 2, 2, 2, 2, 4, 3, 2, 2, 4, 4, 1, 3, 2, 1, 2, 3, 2, 2, 2, 3, 3, 2, 4, 3, 2, 3, 2, 2, 3, 5, 4, 5, 4, 2, 2, 1, 4, 3, 3, 3, 2, 2, 2, 2, 2, 2, 4, 2, 2, 3, 3, 2, 2, 2, 1, 3, 2, 3, 4, 3, 4, 1, 2, 3, 4, 2, 2, 2, 3, 2, 2, 3, 3, 3, 3, 2, 3, 3, 2, 1, 3, 3, 3, 1, 2, 2, 2, 3, 5, 3, 2, 2, 1, 1, 3, 2, 1, 5, 3, 4, 4, 3, 2, 4, 1, 2, 2, 1, 1, 2, 2, 5, 2, 3, 4, 1, 2, 2, 3, 2, 4, 1, 3, 2, 2, 1, 4, 3, 3, 2, 3, 3, 4, 3, 2, 3, 3, 3, 2, 1, 4, 2, 3, 2, 2, 3, 2, 3, 5, 2, 2, 2, 3, 3, 2, 3, 2, 1, 1, 3, 3, 2, 2, 3, 2, 3, 4, 3, 3, 1, 2, 2, 2, 2, 2, 5, 3, 3, 3, 3, 4, 2, 4, 3, 2, 3, 3, 1, 3, 4, 2, 4, 3, 2, 3, 2, 2, 3, 3, 2, 3, 2, 2, 4, 3, 1, 3, 3, 2, 3, 4, 4, 2, 5, 2, 2, 2, 3, 2, 1, 3, 2, 2, 1, 2, 4, 2, 3, 2, 3, 4, 3, 5, 2, 1, 2, 5, 3, 2, 2, 2, 3, 5, 3, 2, 2, 3, 3, 3, 3, 3, 1, 2, 2, 3, 3, 2, 4, 3, 2, 3, 3, 2, 2, 3, 2, 3, 4, 2, 2, 2, 1, 3, 4, 2, 1, 3, 3, 2, 3, 1, 4, 3, 3, 3, 2, 3, 2, 1, 4, 3, 5, 3, 3, 4, 2, 3, 2, 4, 3, 4, 2, 2, 3, 1, 3, 4, 3, 1, 3, 4, 2, 3, 4, 3, 2, 2, 2, 3, 2, 1, 2, 2, 3, 3, 1, 3, 2, 3, 2, 3, 1, 2, 2, 3, 2, 2, 3, 2, 2, 3, 2, 2, 2, 2, 2, 2, 2, 1, 4, 3, 1, 3, 2, 3, 2, 2, 3, 2, 2, 2, 2, 3, 3, 3, 1, 3, 4, 1, 2, 4, 3, 2, 3, 1, 2, 2, 4, 3, 1, 2, 2, 1, 2, 2, 2, 3, 3, 2, 2, 5, 1, 2, 4, 1, 3, 2, 3, 3, 3, 4, 3, 2, 4, 5, 2, 3, 3, 5, 3, 1, 2, 3, 3, 1, 2, 3, 3, 3, 4, 3, 4, 2, 3, 2, 1, 1, 3, 2, 1, 1, 3, 3, 3, 2, 3, 3, 3, 1, 2, 3, 3, 3, 3, 2, 2, 2, 4, 3, 4, 2, 3, 5, 2, 2, 1, 2, 4, 3, 4, 3, 2, 2, 2, 2, 3, 4, 3, 2, 3, 2, 2, 2, 3, 4, 1, 3, 2, 2, 5, 2, 1, 4, 2, 2, 2, 2, 2, 2, 2, 3, 1, 4, 2, 2, 3, 1, 2, 1, 3, 4, 4, 2, 5, 2, 4, 4, 1, 2, 2, 5, 1, 3, 2, 3, 4, 5, 3, 3, 4, 2, 4, 4, 2, 2, 2, 1, 3, 4, 2, 3, 3, 3, 2, 3, 2, 2, 1, 2, 3, 4, 3, 3, 4, 1, 1, 2, 5, 2, 3, 1, 3, 3, 3, 4, 2, 3, 1, 2, 3, 3, 4, 1, 2, 1, 3, 4, 1, 4, 3, 1, 2, 1, 2, 2, 2, 2, 2, 5, 3, 4, 2, 1, 3, 4, 1, 3, 4, 2, 4, 3, 2, 2, 2, 3, 3, 2, 3, 3, 3, 2, 1, 2, 3, 3, 2, 2, 3, 2, 2, 2, 2, 2, 3, 2, 2, 2, 3, 2, 5, 2, 3, 3, 2, 3, 2, 2, 3, 2, 3, 3, 2, 2, 2, 3, 2, 4, 3, 3, 3, 4, 2, 2, 2, 4, 2, 2, 2, 1, 2, 2, 2, 2, 3, 2, 3, 2, 2, 3, 2, 2, 3, 2, 4, 2, 4, 1, 4, 2, 3, 2, 3, 1, 2, 4, 3, 3, 2, 2, 2, 2, 2, 3, 2, 3, 3, 5, 2, 2, 2, 3, 2, 2, 2, 3, 2, 2, 2, 1, 3, 3, 3, 2, 2, 2, 3, 3, 3, 3, 5, 2, 3, 1, 2, 2, 3, 2, 3, 4, 3, 3, 3, 3, 3, 2, 1, 2, 3, 3, 2, 4, 1, 3, 2, 2, 4, 3, 3, 3, 2, 3, 3, 4, 3, 2, 2, 2, 2, 2, 2, 2, 3, 3, 1, 3, 2, 1, 1, 3, 2, 3, 3, 3, 3, 2, 2, 2, 4, 3, 3, 5, 5, 3, 2, 5, 3, 3, 2, 3, 3, 2, 3, 2, 1, 4, 2, 2, 3, 4, 4, 2, 3, 2, 2, 2, 3, 3, 2, 4, 3, 2, 1, 2, 2, 3, 4, 2, 2, 2, 2, 4, 2, 3, 3, 4, 3, 2, 3, 3, 1, 3, 2, 3, 3, 1, 3, 2, 3, 3, 2, 3, 4, 2, 3, 2, 3, 2, 3, 2, 3, 3, 2, 3, 2, 2, 3, 4, 2, 3, 3, 3, 5, 2, 2, 3, 2, 2, 3, 3, 2, 2, 2, 2, 4, 4, 2, 2, 3, 3, 4, 4, 2, 2, 1, 2, 2, 2, 2, 2, 5, 3, 2, 1, 2, 2, 2, 2, 2, 2, 3, 3, 2, 3, 1, 2, 2, 2, 2, 1, 2, 2, 3, 2, 3, 2, 2, 3, 4, 3, 2, 3, 3, 2, 2, 3, 3, 3, 1, 3, 3, 3, 2, 1, 1, 5, 4, 4, 2, 3, 3, 1, 1, 3, 3, 2, 3, 3, 3, 3, 2, 2, 3, 2, 4, 2, 3, 4, 1, 2, 5, 2, 4, 2, 3, 2, 2, 2, 3, 2, 4, 1, 2, 2, 2, 2, 3, 1, 3, 3, 2, 1, 3, 3, 3, 3, 2, 3, 2, 3, 1, 1, 1, 2, 2, 1, 2, 2, 3, 2, 3, 4, 2, 4, 4, 2, 2, 2, 4, 3, 2, 1, 1, 2, 3, 1, 3, 2, 2, 3, 3, 3, 4, 4, 2, 3, 4, 4, 2, 3, 2, 2, 1, 3, 3, 3, 1, 2, 3, 2, 2, 3, 1, 4, 3, 2, 3, 3, 2, 2, 2, 3, 2, 4, 3, 3, 4, 2, 3, 4, 2, 1, 2, 2, 2, 3, 1, 2, 2, 3, 2, 3, 2, 2, 2, 2, 4, 2, 1, 3, 1, 3, 2, 2, 2, 3, 3, 2, 4, 3, 3, 1, 3, 2, 3, 2, 3, 4, 2, 2, 2, 3, 3, 4, 2, 2, 2, 4, 3, 4, 2, 1, 2, 3, 2, 3, 1, 2, 1, 2, 1, 3, 2, 2, 5, 2, 2, 3, 3, 2, 2, 1, 3, 2, 3, 3, 3, 4, 2, 3, 3, 3, 3, 2, 3, 2, 3, 2, 2, 2, 3, 3, 2, 2, 1, 3, 1, 3, 3, 2, 2, 2, 1, 3, 2, 3, 2, 3, 2, 2, 3, 3, 4, 2, 3, 3, 3, 4, 3, 2, 3, 4, 4, 3, 1, 4, 2, 3, 2, 3, 2, 3, 3, 3, 2, 5, 4, 2, 2, 2, 1, 3, 3, 2, 4, 1, 2, 2, 2, 4, 3, 4, 2, 2, 3, 3, 3, 3, 3, 2, 2, 2, 2, 3, 2, 2, 1, 1, 4, 2, 2, 2, 2, 3, 3, 3, 3, 2, 3, 3, 3, 3, 2, 2, 1, 2, 3, 3, 3, 2, 4, 3, 5, 2, 3, 2, 2, 3, 3, 3, 3, 2, 1, 2, 4, 2, 2, 3, 5, 3, 2, 2, 4, 2, 2, 2, 4, 2, 1, 3, 1, 2, 3, 3, 5, 1, 2, 1, 2, 2, 4, 2, 3, 2, 1, 1, 2, 2, 1, 1, 1, 2, 4, 2, 4, 2, 3, 3, 1, 1, 3, 2, 1, 2, 3, 4, 2, 4, 2, 4, 3, 3, 4, 2, 3, 3, 3, 2, 2, 2, 3, 3, 3, 2, 4, 2, 3, 3, 3, 3, 3, 3, 3, 3, 3, 3, 4, 3, 1, 3, 3, 2, 2, 1, 1, 3, 2, 3, 2, 4, 2, 2, 2, 2, 3, 2, 3, 2, 3, 2, 1, 1, 1, 4, 3, 2, 3, 3, 3, 2, 4, 3, 4, 2, 3, 3, 5, 2, 2, 2, 2, 3, 2, 4, 2, 1, 1, 2, 2, 2, 3, 2, 3, 3, 1, 3, 3, 3, 3, 1, 4, 3, 2, 1, 2, 1, 2, 3, 2, 1, 4, 2, 3, 4, 4, 4, 2, 3, 4, 2, 4, 1, 2, 2, 2, 3, 3, 3, 2, 2, 4, 3, 2, 1, 4, 3, 3, 4, 2, 4, 3, 3, 5, 4, 4, 3, 1, 4, 2, 2, 3, 4, 5, 1, 2, 4, 2, 3, 2, 3, 2, 3, 3, 2, 2, 2, 4, 4, 3, 3, 3, 2, 1, 4, 3, 2, 2, 3, 3, 2, 2, 1, 1, 3, 4, 3, 2, 3, 3, 2, 3, 3, 2, 2, 3, 3, 2, 2, 2, 3, 2, 2, 2, 2, 4, 3, 3, 2, 5, 3, 4, 4, 2, 2, 2, 2, 3, 2, 2, 3, 2, 1, 2, 2, 1, 3, 2, 3, 2, 3, 3, 3, 2, 2, 2, 3, 2, 1, 2, 2, 4, 3, 2, 2, 2, 3, 3, 2, 2, 3, 5, 3, 2, 2, 2, 2, 3, 2, 4, 2, 1, 2, 2, 1, 2, 3, 3, 2, 3, 1, 2, 4, 3, 3, 3, 2, 2, 2, 3, 3, 3, 2, 2, 5, 1, 3, 2, 1, 2, 2, 3, 3, 2, 3, 3, 1, 3, 2, 3, 3, 3, 3, 3, 3, 3, 2, 4, 3, 2, 1, 2, 4, 1, 2, 3, 4, 2, 3, 3, 2]","[2.7145116975089847, 2.205942203983227, 2.452803498016465, 2.2217138753962526, 2.442671497559749, 2.77059969168215, 2.5086504438517157, 2.773365870588573, 3.343871499418287, 2.582258544514967, 2.6432722048674293, 3.368514688899908, 2.569842372591386, 2.2993276794864927, 2.2132728551660628, 2.2077828376801762, 3.4209627168797314, 2.27280069309201, 2.1769573610846216, 2.4145252458996476, 2.56038513197082, 2.4652595706922282, 2.6707004721257883, 2.5538819456991364, 2.2037588602525653, 2.792437196478007, 2.7862269434823075, 2.3163032783839714, 2.210604100334418, 2.399995441524149, 3.487502398631058, 2.4592387663043827, 2.201134806729666, 2.4876827400152517, 2.298450000114477, 2.717479881948008, 2.2163794528504215, 2.2243745285405487, 2.4694380916386836, 2.374619751349455, 2.281173084461132, 2.748456297003895, 2.4906117570275565, 2.1611064594673133, 2.827545182129629, 2.1911442187696615, 2.6667313089513254, 2.249432754307449, 2.448821145896477, 2.632687318738596, 2.9317104848653788, 2.4010580523838447, 2.5985025289429458, 2.495608675519971, 2.20216136155863, 2.8798376546398674, 2.4633299762046708, 2.2381796289156415, 2.4133694361808287, 2.480565263691505, 2.204917798991152, 2.304632198533189, 3.301365851367433, 2.2856922562294444, 2.636071553179754, 2.57018782283663, 2.3170162060588155, 2.4637717173081626, 2.2193348110504365, 2.388012210781588, 2.2030426363986657, 2.380523757784351, 2.195820586472332, 2.179160046727721, 2.357743585099519, 2.317691740259883, 2.170033749703532, 2.9406646598980517, 2.607066495986045, 2.4245081397324943, 2.3653854910603678, 3.381099176594547, 2.221594098812564, 2.348512975905622, 2.2026588068918445, 2.8430017328711883, 2.496950758951247, 2.365908086883054, 2.2254816799391324, 2.5533416911147446, 2.5833994846834467, 2.2803574869931778, 2.5241236767194977, 2.34562163304953, 2.188213274304923, 2.6345254936643716, 2.9969154667614597, 2.2729544484731266, 2.285129163917456, 2.615628284597566, 2.4395007987538952, 2.4967316044917873, 2.330815599382752, 3.4308298219263538, 2.408134642790102, 2.247966685481644, 2.3196022913884593, 2.186923240382036, 2.3800753168443127, 2.6963195001030122, 3.311014396259415, 2.5613929837692213, 3.6260041480172975, 2.5158375350622357, 2.8106198730947582, 2.314060928997611, 2.2405596214260566, 2.8168127900059763, 2.208359799764524, 2.5448474129267984, 3.1149761191111214, 2.242074594626924, 2.2488549198404355, 2.202626856917966, 2.2818445218760797, 2.5590612476360244, 2.2060247294762947, 2.7135163233954747, 2.2645088434933216, 2.1780569846250657, 2.4592238658681342, 2.3638344138465532, 2.78255635410737, 2.303421860892582, 2.454702043945658, 2.8056602081247135, 2.1766718171476698, 2.3158313348302197, 2.338394309883714, 2.4251220384833525, 2.479573819204828, 2.581578577738188, 2.163694264078063, 2.282514410270336, 2.5581056765203902, 2.3358502036677313, 2.3188456644285784, 2.342529533858403, 2.246926185728938, 2.310643194451788, 2.464979712811206, 2.299869969401878, 2.2107985231082816, 2.53734583817316, 2.260173943363003, 2.67669771956748, 2.4162492431490112, 2.6729403698972622, 2.4972997841320153, 2.6467772971131907, 2.3418829408892794, 2.6356136015492115, 2.2282223452882475, 2.224400538670573, 2.6587971594418045, 2.247057997280366, 2.211250758936952, 2.559216332114595, 2.2215650143071946, 3.729245432381022, 3.0323256327969625, 2.4392527568440583, 2.1997842457878223, 2.2893941641125797, 2.1796619335371252, 2.2940236981660473, 2.44796866901496, 2.2711625047452433, 3.490376128862057, 2.5576440729318017, 2.49627943356102, 2.991626323861061, 2.463942212684466, 2.2920655130010292, 3.2703455458774897, 2.610578377170401, 2.3551136573661755, 2.848068701353922, 2.211473914035924, 2.202084710276006, 2.782953365112174, 2.2408812702662257, 3.6645248297589887, 2.4278926958500495, 2.925846976700325, 3.5778376606735374, 2.5701310825413346, 2.1740931156672327, 2.2449414062238584, 2.706538442114823, 2.6668804495597733, 3.6188477100064116, 2.5610436413829762, 2.307649209679845, 2.331967779648972, 2.172017656825946, 2.2388785943250755, 2.482433691670073, 3.0759069658783003, 2.6740112007922376, 2.373272972034114, 2.341237198444739, 2.5603455704889444, 2.676817907827649, 2.559369491406417, 2.3644089282760623, 2.431126548821639, 3.085291001954725, 2.443391096703735, 2.7789418521297384, 2.1799930384233748, 3.085362812894699, 2.1901928832245736, 2.6300222834869813, 2.3502404976103257, 2.533402079495919, 2.8516492798297577, 2.656847454811625, 2.219130654799611, 3.1973218871577176, 2.19029188516157, 2.2464097904200635, 2.328436024077849, 2.4667434826925527, 2.7479296907129123, 2.286319077465854, 2.8740804212669944, 2.3783826355960342, 2.2326328095198607, 2.2395622951113947, 2.791517318951906, 2.5538608988048974, 2.3633109038662394, 2.428649609356781, 2.4919532463699046, 2.307693194621463, 2.6939145052283466, 2.5322453157356075, 2.218975633688765, 2.833011294419278, 2.4033135107844936, 2.2803651895007975, 2.474359522294405, 2.270332017957376, 2.1698873242627066, 2.303798096907853, 3.014185400284188, 2.515912139770182, 2.3705818100306564, 2.4376158218277473, 2.2169021143065177, 3.3241230610857695, 2.462510902048101, 2.5100007671191937, 3.191970024059097, 2.28092968679713, 2.3505081737513884, 2.548395540287431, 2.393600079262749, 2.4132336377222066, 3.002731220528905, 2.856168975996062, 2.51114268508768, 2.5075598465370756, 2.726925403280469, 2.3595297748947917, 2.2081994768014286, 2.3532241017977324, 2.48171283492958, 2.162782615271829, 2.488472308746654, 2.1987227329785517, 2.5480970233666644, 2.2367069086331735, 2.3570451180344074, 2.2229607712759623, 2.1732945095936906, 2.1885791946335607, 2.5816123799950392, 2.8111870456047847, 2.4555364377169404, 2.6295498934093144, 3.3159010990230033, 2.544403122034431, 2.74717786822847, 2.511131223213643, 2.9858023296583984, 2.4286436363837467, 2.8214600068343603, 2.6815190191951075, 2.208354785194633, 2.9390728088160385, 2.5187324709157926, 2.3070238450635525, 2.338429268599527, 2.4258377732455827, 2.812963704175581, 2.538828676744429, 2.6522745402281895, 2.240122207658112, 2.683986836464729, 2.8395312792920975, 2.804433837268011, 2.791861712127416, 2.3096729468145387, 2.1914816933200414, 2.229274910247237, 3.3866643121205433, 2.2193619637417212, 2.197910086109314, 2.5102733019419583, 2.242160988502479, 2.3873231201221756, 3.683937351827549, 2.708653740731723, 2.27533325979394, 2.4081762644715816, 2.271767310746617, 3.4761828720098498, 2.9844173324503522, 2.3698753287696883, 2.3526957094046175, 2.3268714782717708, 2.2894449310421727, 2.1767478953365917, 2.251834360718042, 3.597596808066766, 2.2368610828455795, 2.9208875550986613, 2.8374918701014464, 3.5196068001912306, 2.492913150835928, 2.2497081830841408, 2.203198947705848, 2.184585008962477, 2.203797830624292, 2.1874894569594736, 2.510028437894504, 2.9580495722627784, 2.32428782859036, 2.4771045221040056, 2.6956676026652566, 2.2038774906488503, 2.787552267217409, 2.604706261338056, 2.4748552725976296, 2.16438498526223, 2.3508425981775396, 2.236666730066777, 2.2283867582827788, 2.7243585751957866, 2.922166820747807, 2.2339837346485707, 2.6219053260051246, 2.502782888883123, 2.3405340208530188, 2.1846738468667275, 2.37993747580241, 2.6361497811369787, 2.2964190865663974, 2.775709112541133, 2.844529589066409, 2.989691114206839, 2.7143191137740437, 2.6687517445052795, 3.635960234643198, 2.165773018208135, 2.391586853459395, 2.2128376386364788, 2.499466312500617, 2.6156308368794097, 3.6370753048876665, 2.6600162548752904, 2.3253493413996305, 2.323437214263374, 2.1614186522614016, 2.788301391587885, 3.4480869830319243, 2.327788714741598, 2.20301785009606, 2.321282745395739, 3.081455429081601, 2.1909141216483645, 2.5941268613743516, 2.507424023329735, 2.555368173312766, 2.3269542126716742, 2.4480107914020466, 2.2280517850140416, 2.334654717463538, 2.1998591777893406, 2.4683613382195095, 2.384986079008188, 2.2795992876517603, 2.4406367948949748, 2.9595328158444767, 2.2387926302697965, 2.637972688754273, 2.913128064676847, 3.504511952440102, 2.1939100353437557, 2.4481275592438005, 2.7067477066503995, 2.5334432495946393, 2.3660825051589196, 2.593870938015828, 2.320909518122402, 2.30860302225546, 2.406282545593338, 2.3581587914865167, 2.5016004225441995, 2.840181248257435, 2.3212284447674874, 2.192535469364337, 2.273440278405399, 2.1714025840104245, 2.3948444829767848, 2.198121414411875, 2.5383501253595795, 2.4397980193710054, 2.3801076966384676, 2.3498677785327886, 2.1685908430356733, 2.3618611975866255, 2.5337568751229824, 3.201640195182623, 2.4570581447688045, 2.9003759211975204, 2.4670035310847105, 2.1937068736264465, 2.951976344364358, 2.41621958554994, 2.2813969477015323, 2.8652569871106466, 2.679990476030861, 2.481953820831212, 2.4644075647703763, 2.468057283243143, 3.393742806290784, 2.2118277993968225, 2.3174766757319247, 3.9343650847716365, 2.307972254996547, 2.2168856378625894, 2.8459682715543106, 2.299686616437926, 2.263754993372948, 2.18551342987546, 2.9886031288341686, 3.241079627267206, 2.2518981053857683, 2.235261704836189, 2.1813787789944725, 2.2109399339792155, 2.2193448365640753, 2.73559440100374, 2.4243879564514703, 2.2419338713555876, 3.9717511042557687, 2.170451248465337, 2.1710068628092904, 3.4323919867286223, 2.432231826676705, 2.542333675795347, 2.7267092868386977, 2.4050619504093156, 2.787390303926032, 2.1901206734181393, 2.3067368445064838, 2.24188389769763, 2.24916962665828, 2.5267603850579445, 2.188933718721571, 2.3368714446378402, 2.2067729033040733, 3.1072144732742584, 2.8899738750916657, 2.282486615225796, 3.0086391447203122, 3.7015879245745067, 2.635428829260039, 2.28439936521851, 2.2373262916580643, 2.4678991381489594, 2.4141065739360354, 2.8480964212200663, 2.3343133096327677, 2.7464904855699213, 2.5364648613889784, 2.445986767720502, 3.0161117498447307, 2.3202258467117716, 2.21926046125859, 2.23938363314984, 2.2855839673966867, 2.3037516652016667, 2.299931397443681, 2.267720593618492, 2.4300259316379487, 2.3238966921388404, 2.2273352738777836, 2.2162088142006926, 2.562026053629007, 2.8462254094695214, 3.194042056551334, 2.479781365880886, 2.922437341793535, 2.4303457616715, 2.4810262889344705, 2.2081874418336893, 2.7151860144875553, 2.6788514522984137, 2.6850156300416965, 2.4842766589967753, 3.2875416169377703, 2.3598119451674346, 2.6381798202525992, 2.2213814034091586, 2.1928983809510396, 2.4622309548907118, 3.1010599999750896, 2.227802632527158, 2.1644646452867886, 2.752201244167617, 2.728287366050243, 2.224231332755099, 2.2758583806293693, 2.2022766966661296, 2.838520274427003, 2.5871628539848053, 3.1527568280448177, 2.929014420463655, 2.2031293168210717, 2.3869472065188098, 2.3385132268268496, 2.3882532443001825, 2.471142055229852, 2.512662339330198, 2.972956623555321, 2.724045297023322, 2.1933442485865946, 2.191029514008812, 2.5740880247667524, 2.5443063070823158, 2.7308900898766097, 2.9856868866925748, 2.3874944989974805, 2.417445577877422, 2.4485013596108387, 2.7440547930420722, 3.622302535796983, 2.3181611040017067, 2.474528465914144, 3.2636138375318553, 2.2340621052123, 2.221827700129482, 2.4563014886761407, 2.507128506770441, 2.1778562585559893, 2.3289265922866416, 2.370412561350016, 2.65607729811507, 2.275512125908012, 2.58123606796553, 2.656000253269892, 2.177525296943165, 2.493953466403103, 2.221098867478634, 2.3185662812489216, 2.451013751399593, 2.6400861253067873, 3.0803001406507122, 3.1094929790448473, 2.259503509752304, 3.519934476278604, 2.2621455253446836, 4.114772050396945, 3.0065288156908023, 2.411928116636986, 2.5440667180498844, 2.26534041157069, 2.90922494164211, 2.49410204094531, 2.45392029324539, 2.3632812258801006, 2.222412333345395, 2.7097209976127927, 2.865471096468938, 2.3857745496617513, 2.4749357071325337, 2.9524524572897373, 2.2907644191471217, 2.552600107737189, 2.7954037005981713, 2.9553980528800072, 2.263610401719124, 2.1965604504414333, 2.4751485532995567, 3.0992319563231336, 2.4577947023327846, 2.329024161489383, 2.460839167702961, 2.640604275437061, 2.8216556386437364, 2.3329012203837673, 2.3025155020867545, 2.886479128997386, 3.107322501908725, 2.5304964650517996, 2.2224744363720315, 2.41957327687458, 3.2369608054977475, 2.221998559692652, 2.8870797739621015, 2.8639888671217433, 2.1737019792157133, 2.4043597757315736, 2.6108102962268562, 3.340386412306097, 2.2214501090199716, 2.1876866011929135, 2.205140302620899, 2.5351324185321538, 2.195809411145146, 2.6111135571960795, 3.345592246183113, 2.1998773735143744, 2.6150715025509665, 2.4189600436179974, 2.459599660056523, 2.5701213197160984, 2.5711669064448683, 2.690041614895684, 2.363480253055139, 2.176759070663778, 2.220706949762085, 2.7394320106586365, 2.613053919477646, 2.776414795451386, 2.6157765578323646, 2.6989145926243943, 2.2213299026160067, 2.4904340442258266, 2.272449148978405, 2.465165792751975, 2.168587691020313, 2.1623533680891356, 2.235434443714814, 2.813941438170262, 3.8496253535911666, 3.263289609447424, 2.4566248126792476, 2.208317963924288, 2.1736561317195644, 2.3653736482385397, 2.4104934975951333, 2.173043924372552, 2.7338762714872464, 3.5686357152807027, 2.428476186742607, 3.2088020172516156, 3.0097238829983692, 2.351241725309307, 2.329469058477284, 2.34100886674116, 2.3620301827160075, 2.82448673414569, 2.2027883909663677, 2.2288453765176923, 2.355235947238113, 2.3484614472352106, 2.5553308040901057, 2.4422060022004133, 2.329721903071398, 2.8017108223976166, 2.4450785813623415, 2.164811080429563, 2.1816532908776636, 2.3631565983870138, 2.263102795979307, 2.1736281934015986, 2.282602236880146, 2.3513089659195416, 2.2930555905142107, 2.3760647692351964, 2.2202086447883174, 2.422532279044847, 2.385543736173327, 2.3319579063973794, 2.340970289169067, 3.7034931507004782, 2.3964438882160697, 2.4942246053574926, 2.4047159525770097, 2.497474615594582, 2.6029580984967504, 2.1766668025777784, 2.303184743373437, 2.622947089557257, 2.2041424032125354, 2.6091377628773498, 2.4504443477865183, 2.2221617481242566, 2.2343520129854255, 2.244331700158489, 2.273813349663197, 2.5103952276270287, 3.0419276853324284, 2.2825930673809163, 2.447420934709407, 2.3219383525840613, 3.65205261480311, 2.2977918668957935, 2.2236451632880225, 2.2023202517874707, 2.7832270844999205, 2.1899516107760904, 2.4428979717060204, 2.7812495442563354, 3.6141464864100428, 2.1744338198729887, 2.3564535993136104, 2.23199022820665, 2.724038026980853, 2.6684367870056387, 2.3098045374525253, 2.562460861360955, 2.350220660979709, 2.2645126064858827, 2.7331830116849676, 2.2076670727524004, 2.277970140665944, 2.5064351982841537, 2.381417625180427, 2.9443317610440216, 2.1952474927704717, 3.313412346427832, 2.3487713719056074, 3.1220852171368443, 2.5572543560797563, 2.232623914560876, 2.4705675287937376, 2.7541699743651566, 2.196604005562775, 2.4091298569966115, 3.0799498054766197, 2.3271464199752385, 2.32629131041791, 2.414206564789373, 2.262678120804116, 2.2032012400806553, 2.2153147880257906, 2.362379781753399, 2.462285967004423, 3.0909251765603334, 2.3624193133395703, 2.363613067520545, 3.786987368109881, 2.423041329525524, 2.6078371139788654, 2.8950207699374184, 2.8562275600756633, 2.2858201596418684, 2.6972392308270217, 2.3121984274852108, 2.162520711450079, 2.2025618107828047, 2.203227888937792, 2.3895681072908417, 2.5594497245246774, 2.4763243983023484, 2.1852221550014894, 2.241028125527327, 2.2361408389553046, 2.1742276494137442, 2.456213834472539, 2.5130840482558443, 2.3384986129374523, 2.2803984289355053, 2.271456358540872, 2.895428151125694, 2.21304863225521, 2.354245772588118, 2.1963446806626834, 2.4057314454839225, 2.195340190676748, 2.6718970023833486, 2.159645213800996, 2.45547611960482, 3.4301297003322118, 2.3978000795866725, 2.1926563921354294, 2.4617914039006417, 2.5938548341392282, 2.334972367389907, 2.5856333047780393, 2.5097686929374703, 2.3888813598790883, 2.382987778909817, 2.8749124873660814, 2.161219072379729, 2.897220107145738, 2.770259355750658, 2.493309022535361, 2.3307121313481964, 2.6559252765616037, 2.55136190103817, 2.2728075693261625, 3.226976134514831, 2.9152000820158586, 2.177700520342509, 2.6925769369713057, 2.282279651649679, 2.3457845628115432, 2.918080785420411, 2.2473247723985823, 2.3194929737648295, 2.4644284826904945, 2.759244919798278, 2.8218313926668057, 2.4490245941606372, 2.3837420276017616, 2.464418281144503, 2.4910863451363765, 2.234060242657769, 2.62794425112572, 2.439596164140768, 2.5563187703579904, 2.216717578134519, 2.7741314630925786, 2.3439899071420554, 2.318241910213669, 2.4814191244073767, 2.341577948787107, 2.414268390905144, 2.273681799517234, 2.204206159886867, 2.761617709959651, 2.7488635923011984, 2.3877297659687, 2.3529959169937227, 3.6821371248716597, 3.2171773229190834, 2.293020132718567, 2.1828969042107, 2.9833496693801713, 2.3044475553454857, 2.16986067540557, 2.436490210290015, 2.2166959438472738, 2.569924521890982, 2.540285818646593, 2.4952005419021015, 2.2823334973162677, 2.479055112887204, 2.4384779985370297, 2.1925768670038344, 2.6753176554163263, 2.204389598008441, 3.2037569408511617, 2.547045891877437, 2.527173251580521, 2.3365449365078113, 2.3161092852756218, 2.3134082051668967, 2.1989654381612898, 2.5638972559541138, 2.1732916441251815, 2.2704189156670793, 3.10973743227622, 2.3167189137009756, 2.347052675900334, 2.194954498615396, 2.3754247152352845, 2.1905152484318697, 2.3591027905838686, 2.3172573352338732, 2.185671173916897, 2.3185138431752015, 2.3416963610058246, 2.2982728070175495, 2.5751000535998143, 2.4717076203380652, 2.366965837435271, 2.9294215127640304, 3.9007353943239624, 2.3203983185403434, 2.2165823280208796, 2.464565684877937, 2.6535470473035563, 3.961784078770951, 3.7455426919135713, 2.2031880589255124, 2.351103138524589, 2.1738971176211965, 2.3882738756734496, 2.996060928120691, 2.328491320865394, 2.4939793988931123, 2.459134520503592, 2.4036899852096374, 2.3278643631102436, 2.948080644789517, 2.9951259556418104, 2.634427911719517, 2.287471177699025, 2.3078869002926914, 2.427907326500371, 2.7956557652802565, 2.716859307763625, 2.600780271054206, 2.8568182911602698, 2.203486497470756, 3.546328066240914, 2.4456040852913548, 2.559169386568021, 2.5438715377420906, 3.324359714195743, 3.0042811421921067, 2.3183829568977363, 2.624628446490272, 2.6094053227593905, 2.5498442853006793, 2.202477270345811, 2.4163274704393154, 2.6566269431121325, 2.1716240847261936, 2.198053932628481, 2.8114290264831077, 2.4993073741347978, 2.2141567661807047, 2.442336241978463, 2.1855928033531677, 2.2896496365008376, 3.072102368832606, 2.7620504137210027, 2.8464036018542833, 2.799458452847315, 2.196301412088193, 2.446177714203418, 3.4752301284792257, 2.9941090966516715, 2.211947146160235, 2.9575129924659618, 2.498772668467644, 2.720869137586393, 2.3709285317202817, 2.253650990112923, 2.1869809795724984, 2.9067985137902213, 3.509135917934106, 3.101907181658707, 2.163933673972015, 2.976866566039294, 2.36913272986339, 2.2819483987356852, 2.418690800612638, 2.170159830317941, 2.4937255477588764, 2.262473490957686, 2.256178849914388, 2.545855702035668, 2.3212752951776148, 2.331046668041973, 2.160628785866813, 2.309087953928173, 2.1898521790188177, 2.3457831957106987, 2.9084500046487114, 3.1858559295083806, 2.1898480240894793, 2.2839563140242163, 2.423968568883652, 2.424544730580761, 2.2023099361008374, 2.55153975149615, 2.9647188474367745, 2.1777204353486486, 2.9954329400057764, 2.1994007028278526, 2.3611388787361896, 2.297854542125861, 2.5108551353227715, 3.188773659275192, 2.2459608575251333, 2.4577609009207104, 2.375379231035732, 2.3067511718490303, 2.2315082436612728, 2.3001419023634107, 2.1694503403150383, 2.1990056979938455, 2.229894854359224, 2.191258980783459, 2.326059404496235, 3.5372347221045812, 2.382519155266221, 2.834423478804725, 2.6686180048932595, 2.9854918138817865, 3.0099206022932, 2.3002697022589254, 2.194146140832953, 2.191207259076866, 2.712964419692358, 2.204264042350755, 2.1873420286046703, 2.2168617112005364, 2.2169313420853127, 2.342656428739674, 2.210782610642086, 2.475866782981413, 2.5685159484739546, 2.1933229008462, 2.925796750550159, 2.5660500801720088, 2.5687579289091027, 2.727618405723108, 2.2834989741337965, 2.2856810411457418, 3.431198375821073, 2.4426823222051035, 2.796304702289832, 2.9760389447110005, 3.3936051693313347, 2.299031014003922, 2.587434936727208, 2.241452415393077, 2.316015584455368, 2.205229561964964, 2.7366206995041615, 2.303995835230221, 2.500322168691031, 2.4846455461650376, 2.161985298659116, 2.244640830583838, 2.572525114464573, 2.208650202991336, 2.5695074284554322, 2.5510070692807334, 2.16218674109532, 2.528032020486153, 2.369212673306259, 2.265208997727977, 2.5293151115238595, 2.630212978173004, 2.501445431456407, 2.3304045001807823, 2.3359641667927185, 2.2722392821776283, 3.3363814893812167, 2.7216223045961687, 2.1914114237081534, 2.201060018001573, 2.2116427382681003, 2.1898172859364142, 2.403779256432959, 2.2425276251982442, 2.82925091709893, 2.3240620535576895, 2.327152150912257, 2.794443620492463, 2.446240934777277, 3.928206009521611, 2.963345873411053, 2.359215706804059, 2.529382013851534, 2.734721481727611, 2.5767969601651597, 2.273219452547115, 3.4843617018714386, 2.227761786858787, 2.278584497114338, 2.328501213486436, 2.5131739626952774, 2.284981592289227, 2.278456644200178, 2.2448171881639802, 2.170711289732556, 2.8923202639805066, 2.4817717203074463, 2.908904919691408, 3.3483964937612702, 2.4783125099895082, 2.522471102394364, 2.4913613635895895, 2.694248676441018, 3.469879390779339, 2.2672311909665526, 3.558510507757899, 2.2249305070713685, 2.353853072135524, 2.216885781136015, 2.207004146612774, 2.3535822853613952, 2.441014826941097, 2.1734793323125405, 2.3747621921487707, 2.617703311472783, 2.2648553989139293, 2.242772020894558, 2.332881177112, 2.5592611339315994, 2.8752892439063613, 2.242216071131268, 2.3042607267986797, 2.4583056615046055, 2.651948724579425, 2.8309545165619947, 2.1884996778824277, 2.6627354891293433, 2.3259679184107727, 2.2301975911072316, 2.8368880839204027, 2.591411053675904, 3.001124115812764, 2.961519843606197, 2.334735536417613, 2.9436080094294597, 3.3397735596270506, 2.2983082779479735, 2.4842148187584763, 2.366543485028194, 2.2447619502551603, 2.3636428026322833, 2.8712194651011353, 2.2170141541252315, 2.193687245167158, 2.207905049912098, 2.4386304594781723, 2.393890654530516, 2.709541566265465, 2.2874170878506264, 2.193218023963252, 2.307044906257096, 2.510281611800635, 2.4241812061438397, 2.8301393952394065, 2.5110954048572767, 2.226307201029594, 2.2123721600380666, 2.2923033310166474, 2.240487554893048, 2.1897122008821386, 2.202672339491741, 2.8216301879750305, 2.5794593083394446, 2.180724019440097, 3.1223605220095596, 2.936174729924441, 2.548100132616858, 2.1811104278685765, 2.5601829600327086, 3.1089632810564076, 2.2731737687114593, 2.268068031675245, 2.769383027385484, 3.111740833700467, 2.3529147533495784, 2.4733382935688057, 2.33418709762419, 2.4460476589263247, 2.5321375988683767, 2.7833676795742153, 2.4304288738906528, 2.3016155933209466, 2.4174662406267435, 3.58433396768394, 2.316013865174262, 3.0938368542910295, 2.251039709047465, 3.3860505370008855, 2.1866707926063667, 2.603261704648645, 2.202348906472564, 2.7916544692293215, 2.3256527491410743, 2.8303620809476966, 2.162422139333359, 2.7633191878240044, 2.60323466614743, 2.220797212020128, 2.2001572521477177, 2.831389637955132, 3.5116431670146904, 2.2585075782883974, 2.197124153730623, 2.634082818536201, 2.406370201179812, 2.3105622087086783, 2.6023153665966987, 2.1849688475852673, 2.4169381810444404, 2.1604717581925033, 2.352157066958279, 2.204874673690087, 2.2156512512817303, 3.5156395559429114, 2.482664793998047, 2.5449289446218573, 2.6571884672768866, 2.8529047917572203, 2.7809301989073094, 2.6476748363528433, 2.4302877375599645, 2.190725430547027, 2.4994576679581106, 2.2260370649891827, 2.5769686628508635, 2.5124372749926525, 2.3603083799417166, 2.449174028343397, 2.2052741200002837, 2.441558692864162, 2.1963957432550965, 3.2296768901618575, 2.352529291317637, 3.147608934561573, 2.7369710858758673, 2.625632576308152, 2.3518094765121313, 2.385711890302337, 2.382505167489171, 2.396687249014192, 2.1909784514163984, 2.4552726713406594, 2.587990158938449, 2.4929557102681645, 2.257052661794186, 2.1887309211911283, 2.4589165443705117, 2.2422865321535594, 2.409484172177786, 2.462431680959788, 2.736006857075489, 2.341511862717325, 2.532484607104853, 2.9917795298095116, 2.34602382943207, 2.274330566729126, 2.209657492812371, 2.40571434832933, 2.4981113164626803, 2.720662431251502, 2.2244471025338495, 3.072359173808178, 2.3266771836361864, 2.6273222957840927, 2.5238439831345416, 2.899140705557893, 2.195656395126749, 3.239807133973985, 2.3555873969507783, 2.7243085021851585, 2.2384701217890743, 3.4939838682211626, 3.2404214862061558, 2.243025479964668, 2.337653447234936, 2.2388811732467335, 2.437136558587184, 3.4057007653331204, 3.30195277504633, 2.6710491102514466, 3.3358633471686736, 2.501562118461018, 2.208865526188886, 2.6060505063699217, 2.1996315163162765, 3.289393467864216, 3.2149304671586307, 2.8614657677095785, 2.278157440415321, 2.502363396299967, 2.438080866244232, 3.0951745922273406, 2.4455265973637705, 2.238965418020907, 2.3529763820451035, 2.9609008904015823, 2.173103955937822, 2.4664622489649703, 3.673477336118089, 2.4599677414931485, 2.336029581996413, 2.1875659649686723, 2.1900176598252297, 2.4164507528444026, 2.30273285898952, 2.4726993716038987, 2.269698327977006, 2.246944151424562, 2.3074226943941847, 3.007105315150454, 2.594523382297281, 3.260134614632804, 2.618689586364235, 2.5527937479023564, 3.202564751339262, 2.3184396275408106, 2.564525120989193, 2.367175982557199, 2.556005902510482, 2.206856059143791, 2.2276542005228688, 2.5247866028591246, 2.7958668070359662, 3.0053665020750326, 2.8595746855714506, 2.4787776403990565, 2.602804471011008, 2.681969320966422, 2.8896303462615993, 2.184282423868357, 2.882021795162973, 2.5713036473904873, 2.4784797567336545, 3.0145777713568584, 2.5013533715417355, 2.492412417438801, 2.2476076995303766, 2.529865758914884, 2.3922916582044236, 2.4093705352288177, 2.8314869364503283, 2.401782729369847, 2.406927092977989, 2.3823154204552095, 3.5806714016208288, 2.3613686893106354, 2.160548982568829, 2.2255464395274425, 3.24940049303333, 2.3209681379486438, 2.560854807008213, 2.222204013784769, 2.455487439831209, 2.414429254457712, 2.4248394110151104, 3.695155504925588, 2.247771785486033, 2.3568394514093116, 2.4050821730848813, 2.415433143472686, 3.7644630586493237, 2.1914674436175106, 2.2440556899076336, 2.2170773256992558, 2.467674915238107, 2.2417301449250386, 3.2642388795684014, 2.594441812101229, 2.3204471747784265, 2.358493191661552, 2.4807726747116785, 2.385851364604868, 2.1962992629868108, 2.244687251173689, 2.168696292276816, 2.3335867837246176, 2.319663469141133, 3.132207261960903, 3.4587165525231187, 2.685813179812361, 3.221058357833088, 2.358795455824117, 2.722355648375427, 2.5003214095587376, 2.7700588790505694, 2.4407589406032164, 2.5307247906362664, 2.3801972425293836, 2.199805736801642, 3.148884824591537, 2.2067486900951696, 2.837094001944724, 2.351123205184616, 2.783387981446988, 2.2518908068215318, 3.5216515985194676, 2.281460609974925, 2.455271954973532, 3.370767553009782, 2.263701744531161, 2.3965161406603217, 2.1994263487710106, 2.5390170859258854, 2.318019263310496, 2.931804743371412, 2.3555348156036326, 2.2834093947210325, 2.562850151255946, 2.666024109304785, 2.1958670070621826, 2.6984816360148156, 2.334059851452928, 2.1825507556147765, 2.4450752621876934, 3.0529845084100913, 2.799031143910787, 2.482929148671763, 2.2842701493496644, 2.3161883722064784, 2.8908370037055815, 3.4231514519819153, 2.421624641894526, 3.091351951298977, 2.55254569883771, 2.385537157602361, 2.7312216702115246, 2.345975116467412, 2.446832811195575, 2.920097500844448, 2.182309339892868, 2.164394584581736, 2.3957040013787245, 2.650683092667321, 2.5376907871927803, 2.3964995559451654, 2.341847216806504, 2.1803540874555467, 2.168006860553478, 2.186972018980104, 2.400065167545372, 2.4841255900730372, 2.33593314786474, 2.622884162187456, 2.2084884593005913, 2.3573165280576616, 2.3068225459007743, 2.238325129082504, 2.191425034683573, 2.225432250607347, 2.938851919342789, 2.4484138195478797, 2.476771411389799, 2.4942806252668497, 2.6679867833200492, 2.3810571696290244, 2.347011986247502, 2.324647731435128, 2.603346662926724, 3.0372606914582807, 2.2376834723077486, 2.6646527925656818, 2.1633413816311426, 3.1055795320792985, 2.5688609496269508, 2.820422118458115, 2.6338771491752317, 2.4481808410874195, 2.562684342890643, 2.8806030123395088, 2.9324917421304058, 2.1719728122437756, 2.2222911896608615, 2.2032986660099714, 2.2101682625741534, 2.7438735534143825, 2.5508322275646877, 2.326090793255669, 3.305418604590955, 2.9941024749722995, 2.220404642834353, 2.2421357723795974, 2.6160958780400043, 2.202933462048461, 2.2804887170704418, 2.9793277133068536, 2.199128041492587, 2.81362116312686, 3.3254357334860396, 2.3921179156763133, 2.199912045683337, 2.329847100922313, 2.9340899571914685, 2.2077869926095146, 2.427967852629057, 2.3672139465161526, 2.189108360646751, 3.1389760669984623, 2.2025792901407115, 2.3270445525697325, 2.701323664661034, 2.300038172403374, 2.526957939371958, 2.2756423773224137, 2.2378733879720127, 3.417932461698475, 2.249247215221472, 2.9788972908039733, 2.3384805604858436, 2.2046528864274673, 2.31939755366347, 2.4893323720922598, 2.3408814596452787, 2.4856869244375996, 2.316890411991257, 2.547335547978561, 2.512962859170206, 2.5099330930625396, 2.5430947742544707, 2.360536987075811, 2.8483256503203487, 2.840348684334778, 2.1808637110299256, 2.4581133535473545, 2.316848719424447, 2.247603200801239, 2.9710375736260612, 2.437496031611676, 2.5891679704558554, 3.7262457651248653, 3.237127969720211, 3.0661287410696207, 2.5042101619866814, 2.163161716755609, 2.4633810106769194, 2.5133760976127464, 2.316558160917604, 2.225403022828552, 2.4882707310248193, 3.5727563381355214, 2.3583916540582086, 2.190972213019088, 2.2924398585845096, 2.27066827230648, 2.1995442628001682, 2.5994951724898447, 2.870403753374125, 2.384211162049682, 2.462436245477098, 2.307862973630639, 2.309443279513518, 2.5577995114636507, 2.4969396375055624, 2.4502587860752025, 2.947113193783462, 2.799703234697848, 2.628314678691306, 2.3156778889915466, 2.288133922681727, 2.5594795253971743, 2.4188918748431645, 2.33304003870066, 2.2190371628861922, 2.233163780834634, 2.4198489110593124, 2.5943103703538424, 2.468565216303946, 2.296805526370931, 2.2677446635539704, 2.164946617090053, 2.684574095140515, 2.738847025262463, 2.5904256384822895, 2.205184001015666, 2.574052700238295, 2.2066078523179375, 2.3422490044913427, 2.3245680714105696, 2.5135945768444676, 2.5013728562075825, 2.46828895637212, 2.489103517677686, 2.984566737816155, 2.22917433230256, 2.2241235911391493, 2.2883580930939504, 2.714443574536859, 2.4596932296099574, 2.3469331858634965, 2.322208971833649, 3.4997321631436127, 3.072688559413322, 2.42232058744569, 2.819275803463146, 2.5591853714223114, 2.7377602963303107, 2.246063715838012, 2.8998576277624726, 2.663766258511214, 2.1634531349030053, 2.3294340667596387, 2.313087493607296, 2.1738933925121344, 2.205073393931207, 2.2959024991116106, 2.2736878301358843, 2.4500502416321517, 2.643761621359786, 2.8123347127241494, 2.458694327287615, 2.2001485124687643, 2.3322958765287947, 2.3548794829555555, 2.3327232611569566, 2.603588967029301, 2.36507036716436, 2.4848265842786064, 3.2334595336444005, 2.8281314569866316, 2.2394405126997494, 2.634024340816004, 2.335207192534244, 2.3639164632553835, 2.3825410404899605, 2.779882013466671, 2.405572143451253, 2.2504461272457634, 2.7602588628902303, 2.246759337086174, 2.6931730026855676, 2.36821582970317, 2.424934438532328, 3.0305258671963102, 2.340581608625499, 2.179731048581147, 2.8430118317332553, 2.774506681090074, 3.76123940657636, 2.452522827248996, 2.399224134914112, 2.5230339871823895, 2.9085999840792627, 2.265008045991141, 2.2448129508403074, 2.3151079473050467, 2.8220299696345004, 2.329642816140541, 2.388943721702665, 2.1900139347161676, 2.21988599303417, 2.9273528889293647, 2.262221721665645, 2.5092592126365165, 2.312469500806191, 2.328259929031347, 2.8295363961967417, 2.208834006035284, 2.3206022092395444, 2.9417913930992956, 2.763089733047028, 2.3350756675296673, 2.4341758507681943, 2.1640521610948746, 2.6653451427761743, 2.3638255420105097, 2.1978139496408273, 2.233122861887899, 3.0066256126965336, 2.6096799633008767, 2.1788714940488343, 3.495275764698581, 2.211265164655021, 3.2133467646158502, 2.8416559701946857, 2.191426897238104, 2.5649580920254245, 2.21875914680738, 2.4420859390698735, 2.4819601507662403, 2.2138727891354635, 2.437357486209251, 2.914939074630478, 2.1810564137871764, 2.5508697290717866, 2.364014376385273, 2.323812447364667, 2.2891196438489265, 2.814287529513238, 2.749506617725055, 2.407115066086422, 3.1474132547112186, 2.19988983830239, 2.162287462313422, 2.6978253517868658, 2.2081289862760998, 2.230126801292939, 2.2168293314063816, 2.325653130824372, 3.3178267130265118, 2.9950340667892816, 2.496127640507186, 2.32616571337793, 2.2073124710243746, 2.448193894839791, 2.5379372091041184, 3.009046723789787, 2.274326747219124]"
1.25,8500,0.6516445018680666,0.6516445018680666,0.024765968322753906,0.3211417897562705,"[4, 2, 3, 1, 4, 2, 3, 1, 3, 3, 2, 2, 3, 2, 2, 2, 4, 1, 2, 2, 4, 3, 4, 3, 2, 2, 2, 1, 1, 2, 5, 3, 2, 3, 1, 3, 3, 3, 2, 2, 1, 1, 1, 1, 2, 2, 4, 2, 2, 2, 3, 2, 3, 3, 2, 3, 3, 2, 3, 3, 2, 2, 3, 2, 2, 1, 2, 3, 2, 2, 2, 3, 1, 1, 3, 2, 2, 3, 3, 3, 3, 2, 2, 2, 2, 4, 3, 2, 2, 4, 4, 1, 3, 2, 1, 2, 3, 2, 2, 2, 3, 3, 2, 4, 3, 2, 3, 2, 2, 3, 5, 4, 5, 4, 2, 2, 1, 4, 3, 3, 3, 2, 2, 2, 2, 2, 2, 4, 2, 2, 3, 3, 2, 2, 2, 1, 3, 2, 3, 4, 3, 4, 1, 2, 3, 4, 2, 2, 2, 3, 2, 2, 3, 3, 3, 3, 2, 3, 3, 2, 1, 3, 3, 3, 1, 2, 2, 2, 3, 5, 3, 2, 2, 1, 1, 3, 2, 1, 5, 3, 4, 4, 3, 2, 4, 1, 2, 2, 1, 1, 2, 2, 5, 2, 3, 4, 1, 2, 2, 3, 2, 4, 1, 3, 2, 2, 1, 4, 3, 3, 2, 3, 3, 4, 3, 2, 3, 3, 3, 2, 1, 4, 2, 3, 2, 2, 3, 2, 3, 5, 2, 2, 2, 3, 3, 2, 3, 2, 1, 1, 3, 3, 2, 2, 3, 2, 3, 4, 3, 3, 1, 2, 2, 2, 2, 2, 5, 3, 3, 3, 3, 4, 2, 4, 3, 2, 3, 3, 1, 3, 4, 2, 4, 3, 2, 3, 2, 2, 3, 3, 2, 3, 2, 2, 4, 3, 1, 3, 3, 2, 3, 4, 4, 2, 5, 2, 2, 2, 3, 2, 1, 3, 2, 2, 1, 2, 4, 2, 3, 2, 3, 4, 3, 5, 2, 1, 2, 5, 3, 2, 2, 2, 3, 5, 3, 2, 2, 3, 3, 3, 3, 3, 1, 2, 2, 3, 3, 2, 4, 3, 2, 3, 3, 2, 2, 3, 2, 3, 4, 2, 2, 2, 1, 3, 4, 2, 1, 3, 3, 2, 3, 1, 4, 3, 3, 3, 2, 3, 2, 1, 4, 3, 5, 3, 3, 4, 2, 3, 2, 4, 3, 4, 2, 2, 3, 1, 3, 4, 3, 1, 3, 4, 2, 3, 4, 3, 2, 2, 2, 3, 2, 1, 2, 2, 3, 3, 1, 3, 2, 3, 2, 3, 1, 2, 2, 3, 2, 2, 3, 2, 2, 3, 2, 2, 2, 2, 2, 2, 2, 1, 4, 3, 1, 3, 2, 3, 2, 2, 3, 2, 2, 2, 2, 3, 3, 3, 1, 3, 4, 1, 2, 4, 3, 2, 3, 1, 2, 2, 4, 3, 1, 2, 2, 1, 2, 2, 2, 3, 3, 2, 2, 5, 1, 2, 4, 1, 3, 2, 3, 3, 3, 4, 3, 2, 4, 5, 2, 3, 3, 5, 3, 1, 2, 3, 3, 1, 2, 3, 3, 3, 4, 3, 4, 2, 3, 2, 1, 1, 3, 2, 1, 1, 3, 3, 3, 2, 3, 3, 3, 1, 2, 3, 3, 3, 3, 2, 2, 2, 4, 3, 4, 2, 3, 5, 2, 2, 1, 2, 4, 3, 4, 3, 2, 2, 2, 2, 3, 4, 3, 2, 3, 2, 2, 2, 3, 4, 1, 3, 2, 2, 5, 2, 1, 4, 2, 2, 2, 2, 2, 2, 2, 3, 1, 4, 2, 2, 3, 1, 2, 1, 3, 4, 4, 2, 5, 2, 4, 4, 1, 2, 2, 5, 1, 3, 2, 3, 4, 5, 3, 3, 4, 2, 4, 4, 2, 2, 2, 1, 3, 4, 2, 3, 3, 3, 2, 3, 2, 2, 1, 2, 3, 4, 3, 3, 4, 1, 1, 2, 5, 2, 3, 1, 3, 3, 3, 4, 2, 3, 1, 2, 3, 3, 4, 1, 2, 1, 3, 4, 1, 4, 3, 1, 2, 1, 2, 2, 2, 2, 2, 5, 3, 4, 2, 1, 3, 4, 1, 3, 4, 2, 4, 3, 2, 2, 2, 3, 3, 2, 3, 3, 3, 2, 1, 2, 3, 3, 2, 2, 3, 2, 2, 2, 2, 2, 3, 2, 2, 2, 3, 2, 5, 2, 3, 3, 2, 3, 2, 2, 3, 2, 3, 3, 2, 2, 2, 3, 2, 4, 3, 3, 3, 4, 2, 2, 2, 4, 2, 2, 2, 1, 2, 2, 2, 2, 3, 2, 3, 2, 2, 3, 2, 2, 3, 2, 4, 2, 4, 1, 4, 2, 3, 2, 3, 1, 2, 4, 3, 3, 2, 2, 2, 2, 2, 3, 2, 3, 3, 5, 2, 2, 2, 3, 2, 2, 2, 3, 2, 2, 2, 1, 3, 3, 3, 2, 2, 2, 3, 3, 3, 3, 5, 2, 3, 1, 2, 2, 3, 2, 3, 4, 3, 3, 3, 3, 3, 2, 1, 2, 3, 3, 2, 4, 1, 3, 2, 2, 4, 3, 3, 3, 2, 3, 3, 4, 3, 2, 2, 2, 2, 2, 2, 2, 3, 3, 1, 3, 2, 1, 1, 3, 2, 3, 3, 3, 3, 2, 2, 2, 4, 3, 3, 5, 5, 3, 2, 5, 3, 3, 2, 3, 3, 2, 3, 2, 1, 4, 2, 2, 3, 4, 4, 2, 3, 2, 2, 2, 3, 3, 2, 4, 3, 2, 1, 2, 2, 3, 4, 2, 2, 2, 2, 4, 2, 3, 3, 4, 3, 2, 3, 3, 1, 3, 2, 3, 3, 1, 3, 2, 3, 3, 2, 3, 4, 2, 3, 2, 3, 2, 3, 2, 3, 3, 2, 3, 2, 2, 3, 4, 2, 3, 3, 3, 5, 2, 2, 3, 2, 2, 3, 3, 2, 2, 2, 2, 4, 4, 2, 2, 3, 3, 4, 4, 2, 2, 1, 2, 2, 2, 2, 2, 5, 3, 2, 1, 2, 2, 2, 2, 2, 2, 3, 3, 2, 3, 1, 2, 2, 2, 2, 1, 2, 2, 3, 2, 3, 2, 2, 3, 4, 3, 2, 3, 3, 2, 2, 3, 3, 3, 1, 3, 3, 3, 2, 1, 1, 5, 4, 4, 2, 3, 3, 1, 1, 3, 3, 2, 3, 3, 3, 3, 2, 2, 3, 2, 4, 2, 3, 4, 1, 2, 5, 2, 4, 2, 3, 2, 2, 2, 3, 2, 4, 1, 2, 2, 2, 2, 3, 1, 3, 3, 2, 1, 3, 3, 3, 3, 2, 3, 2, 3, 1, 1, 1, 2, 2, 1, 2, 2, 3, 2, 3, 4, 2, 4, 4, 2, 2, 2, 4, 3, 2, 1, 1, 2, 3, 1, 3, 2, 2, 3, 3, 3, 4, 4, 2, 3, 4, 4, 2, 3, 2, 2, 1, 3, 3, 3, 1, 2, 3, 2, 2, 3, 1, 4, 3, 2, 3, 3, 2, 2, 2, 3, 2, 4, 3, 3, 4, 2, 3, 4, 2, 1, 2, 2, 2, 3, 1, 2, 2, 3, 2, 3, 2, 2, 2, 2, 4, 2, 1, 3, 1, 3, 2, 2, 2, 3, 3, 2, 4, 3, 3, 1, 3, 2, 3, 2, 3, 4, 2, 2, 2, 3, 3, 4, 2, 2, 2, 4, 3, 4, 2, 1, 2, 3, 2, 3, 1, 2, 1, 2, 1, 3, 2, 2, 5, 2, 2, 3, 3, 2, 2, 1, 3, 2, 3, 3, 3, 4, 2, 3, 3, 3, 3, 2, 3, 2, 3, 2, 2, 2, 3, 3, 2, 2, 1, 3, 1, 3, 3, 2, 2, 2, 1, 3, 2, 3, 2, 3, 2, 2, 3, 3, 4, 2, 3, 3, 3, 4, 3, 2, 3, 4, 4, 3, 1, 4, 2, 3, 2, 3, 2, 3, 3, 3, 2, 5, 4, 2, 2, 2, 1, 3, 3, 2, 4, 1, 2, 2, 2, 4, 3, 4, 2, 2, 3, 3, 3, 3, 3, 2, 2, 2, 2, 3, 2, 2, 1, 1, 4, 2, 2, 2, 2, 3, 3, 3, 3, 2, 3, 3, 3, 3, 2, 2, 1, 2, 3, 3, 3, 2, 4, 3, 5, 2, 3, 2, 2, 3, 3, 3, 3, 2, 1, 2, 4, 2, 2, 3, 5, 3, 2, 2, 4, 2, 2, 2, 4, 2, 1, 3, 1, 2, 3, 3, 5, 1, 2, 1, 2, 2, 4, 2, 3, 2, 1, 1, 2, 2, 1, 1, 1, 2, 4, 2, 4, 2, 3, 3, 1, 1, 3, 2, 1, 2, 3, 4, 2, 4, 2, 4, 3, 3, 4, 2, 3, 3, 3, 2, 2, 2, 3, 3, 3, 2, 4, 2, 3, 3, 3, 3, 3, 3, 3, 3, 3, 3, 4, 3, 1, 3, 3, 2, 2, 1, 1, 3, 2, 3, 2, 4, 2, 2, 2, 2, 3, 2, 3, 2, 3, 2, 1, 1, 1, 4, 3, 2, 3, 3, 3, 2, 4, 3, 4, 2, 3, 3, 5, 2, 2, 2, 2, 3, 2, 4, 2, 1, 1, 2, 2, 2, 3, 2, 3, 3, 1, 3, 3, 3, 3, 1, 4, 3, 2, 1, 2, 1, 2, 3, 2, 1, 4, 2, 3, 4, 4, 4, 2, 3, 4, 2, 4, 1, 2, 2, 2, 3, 3, 3, 2, 2, 4, 3, 2, 1, 4, 3, 3, 4, 2, 4, 3, 3, 5, 4, 4, 3, 1, 4, 2, 2, 3, 4, 5, 1, 2, 4, 2, 3, 2, 3, 2, 3, 3, 2, 2, 2, 4, 4, 3, 3, 3, 2, 1, 4, 3, 2, 2, 3, 3, 2, 2, 1, 1, 3, 4, 3, 2, 3, 3, 2, 3, 3, 2, 2, 3, 3, 2, 2, 2, 3, 2, 2, 2, 2, 4, 3, 3, 2, 5, 3, 4, 4, 2, 2, 2, 2, 3, 2, 2, 3, 2, 1, 2, 2, 1, 3, 2, 3, 2, 3, 3, 3, 2, 2, 2, 3, 2, 1, 2, 2, 4, 3, 2, 2, 2, 3, 3, 2, 2, 3, 5, 3, 2, 2, 2, 2, 3, 2, 4, 2, 1, 2, 2, 1, 2, 3, 3, 2, 3, 1, 2, 4, 3, 3, 3, 2, 2, 2, 3, 3, 3, 2, 2, 5, 1, 3, 2, 1, 2, 2, 3, 3, 2, 3, 3, 1, 3, 2, 3, 3, 3, 3, 3, 3, 3, 2, 4, 3, 2, 1, 2, 4, 1, 2, 3, 4, 2, 3, 3, 2]","[3.161991326559377, 2.0813505354727075, 2.5965876044497813, 2.1213489614672882, 2.512847835414373, 2.9353903318015986, 2.648751903762029, 3.684139592009018, 3.715657608847694, 2.5673615663258165, 2.9000729183225675, 3.51637482897796, 2.2911254956941853, 2.2909498506888997, 2.1059738797460086, 2.0660198994719567, 3.5071263505810952, 2.2516206313258134, 2.0657242702191363, 2.2859892824819874, 2.8585421738620402, 2.1740230819963977, 2.605848905722245, 2.6705034043618276, 2.099535602960483, 3.0105467681093825, 2.976591628590042, 2.317689295974648, 2.084978962120053, 2.3658203983336357, 3.684093823512035, 2.5462197321249054, 2.0781683681840457, 2.6512656085095267, 2.2533368325148064, 3.2189525639235983, 2.080099031111753, 2.141645740543877, 2.6743219610110813, 2.4349652363508474, 2.270798792793058, 3.6345704132032264, 2.627635446588176, 2.0263857525073, 3.0608537139960537, 2.0332422782131547, 3.2092386352201334, 2.1475194393543644, 2.5473077510704245, 2.8600967371343584, 3.4768088126965964, 2.471801645939855, 3.1737566716101986, 2.5568647155599717, 2.112841167793391, 2.517475459343945, 2.105179960050445, 2.1980237345112377, 2.5815469247612044, 2.3882361963418033, 2.089882803504573, 2.157352587563309, 3.751309538851962, 2.1012853301336643, 2.842749553354465, 2.8625759023840405, 2.3149827922081903, 2.5941451180566997, 2.040908154723019, 2.4932488812815956, 2.105501030637587, 2.0674769964010387, 2.079973146620488, 2.047378103964326, 2.404166146616078, 2.3093562686039606, 2.037710691892894, 3.91983053368096, 2.868983391583981, 2.659367717390838, 2.4254314326976303, 3.497238974827696, 2.1223465804987063, 2.2951115194728353, 2.1086979461700857, 3.2144469888543186, 2.29448026818174, 2.378621376539646, 2.0899669216488284, 2.747377560320933, 2.9238966451888815, 2.2597847319011493, 2.691236024065753, 2.3013863395943055, 2.057654111377891, 3.0113845347411026, 3.1644594411810703, 1.9644090985032205, 2.1929254027505642, 2.9650358358254656, 2.0174607605547803, 2.6623435736778815, 2.0822459457338085, 4.004844171035632, 2.365902158580871, 2.0448985926960797, 2.293443290393482, 2.0683988024770397, 2.389525837453315, 3.0964646326745306, 4.046735648807789, 2.8893736634587976, 3.9463213929095238, 2.6745709588839914, 3.0304639344619737, 2.050434917077218, 2.1357434234210717, 3.064563466209546, 2.0612143829175062, 2.56058127441721, 2.721091020736604, 2.123125213327514, 2.1940239606248673, 2.1089640574667436, 2.247399220026642, 2.740161371487143, 2.0806631807333575, 3.042909728028091, 1.9490722031563494, 2.056565506982134, 2.5463438378417322, 2.435118883035614, 3.6932723948387327, 2.256849418342246, 2.8315216668144987, 2.0790110734770373, 2.068102565350256, 2.3248515833443477, 2.3082852489223638, 2.621871682842973, 2.576091413706657, 3.0470966392273375, 2.0048319308021885, 2.259626891630216, 2.750921304842274, 2.3294751067463952, 2.2997452354950596, 2.359523302834082, 2.168396646237928, 2.282383268980346, 2.569508023614347, 2.2864331185909124, 2.1265825886845136, 2.5773730559649946, 2.129160716254703, 3.046076405113927, 2.475877773514936, 2.7613878774791876, 2.2098899956088793, 2.7222590921014787, 2.3649087749498596, 2.921404060647878, 2.1520546352971044, 2.098971746063997, 2.942126248589997, 2.1672987879736882, 2.1220502994797084, 2.741670655641852, 2.122588825311359, 4.370467128269374, 3.201420933667621, 2.466482294331618, 2.0469598326202716, 2.170708174536925, 2.0431978892908123, 2.331895235128516, 2.5544080300619765, 2.2652651002315958, 3.7749902599027574, 2.7665407192618763, 2.6661097048539046, 3.613957068653245, 2.5927250622583893, 2.2657560974478743, 3.3418110267232417, 2.8728814271657157, 2.3828478381318514, 2.9294007188300166, 2.120957258404484, 2.1134795962405306, 3.43548304118195, 2.133064410591486, 4.053884326649829, 2.3905051875913874, 3.793004081279409, 3.9959739570117696, 2.7072906388257207, 2.0039002373269037, 2.2266196111549923, 2.250078793682102, 2.432652589710331, 4.623846557824319, 2.726450998791725, 2.3073201647931967, 2.3185888384208493, 2.0211867316918823, 2.1497446962627325, 2.4952384817598636, 3.485951994535024, 2.230808670901451, 2.3459265287436986, 2.270031132030834, 2.2845440200046285, 2.351414745913602, 2.740394992071773, 2.5152484652676335, 2.319843326061639, 2.3781014299817262, 2.5476114160354193, 3.7233775777629132, 2.0404401170640094, 4.101296861845661, 2.0411659509028866, 1.984385539252417, 2.3802134066511087, 2.6119208526220508, 2.413532170040098, 2.845109782414588, 2.0996416292937767, 3.5497476472293426, 2.0403413638805064, 2.0432902686703605, 2.3055474704818466, 2.6543079997699546, 3.0698507467419196, 2.096064536757523, 3.918375378064714, 2.3558999863909142, 2.116085501145056, 2.1440501531790876, 2.7144703512795507, 2.5087528334536326, 2.357795954842342, 2.384200855841409, 2.4692475785518324, 2.3069538142637165, 2.2218190288231554, 2.83587768247533, 2.1441557735826735, 2.769522634432742, 2.338184203179795, 1.9883653745485756, 2.417308989751072, 2.172691810235489, 2.0389302692255606, 2.2537157489923607, 4.167249649661284, 2.563925492537137, 2.3829169153071517, 2.5100333442440865, 2.075745784429201, 4.523351409718478, 2.5043904159293944, 2.6083536602788637, 3.7597136507900486, 1.983663677199548, 2.246110646310256, 2.746116688886905, 2.333407033681032, 2.4560715390571355, 3.8878087957859373, 3.0794871562342827, 2.627994029298492, 2.6578354875744146, 3.1442779148558238, 2.389288973811426, 2.062549712697598, 2.356128588209459, 2.6160742290109305, 2.0124250526884486, 2.7263725336629148, 2.055801171620004, 2.747837418491467, 2.25198175873657, 2.309727647002749, 2.152655305723269, 2.0105518264191575, 2.054606361370425, 2.7714178661380626, 3.3157128906411075, 2.577056422783846, 3.0096033300635465, 3.85014088913729, 2.564281772762219, 3.645218445042154, 2.6280894952345126, 3.8574488493568637, 2.4113666421187174, 3.0258568024498853, 2.0695512638031452, 2.0612561492645156, 2.5421849926730062, 2.9404319767814875, 2.023366451517582, 2.3079940778175, 2.292788903396174, 3.6193644447697118, 2.696895781227061, 2.3020269079059843, 2.1393866422044683, 3.0257873496662793, 2.5104658954153383, 3.1929576290797463, 3.3345998789118827, 2.2904644604645124, 2.072888809196973, 2.14405344042657, 3.984288507511579, 2.140172413509988, 2.0625697064838837, 2.6352351205456745, 2.1224056388347563, 2.623128914981308, 4.108481320292272, 2.869088027800371, 2.272984242237435, 2.4250544015734397, 2.188618913086955, 3.6926938182981965, 3.311517874119303, 2.388801196938638, 2.360529567860021, 2.318578570748695, 2.0554536045704785, 2.0674689101999175, 2.1129407609996385, 3.399146071725921, 2.1657829296220235, 3.753438416928627, 2.3600885602811785, 3.759417617932974, 2.7265752858624124, 2.1306496921315095, 2.104199113935102, 1.9876178983356958, 2.099211018778012, 2.0636827852376087, 2.0006470389930007, 2.478612616923562, 2.3400977860519987, 2.568776531608473, 2.829133770503352, 2.0985475305226666, 1.8549893887860045, 2.631862281399072, 2.587510528228368, 1.999078914832731, 2.4176558678370452, 2.0679112801767587, 2.1514508571439865, 2.432770525685798, 3.260157028012395, 2.1048336472607967, 2.712503790311772, 2.6968571450307297, 2.3329209547911005, 2.04391102491692, 2.475588627609031, 2.72509533100038, 2.311944047824355, 3.0894845100988544, 3.584341811659877, 3.3831899015360376, 2.989264714074329, 2.4602895498349384, 4.204955808337891, 1.9875179899806041, 2.0172857109276836, 1.9947670654668468, 2.5247344614679483, 2.8732568520431503, 4.025470399266262, 2.2383117927736715, 2.331256447052266, 2.3471825518289475, 2.0237854990749318, 2.181639410958254, 4.5242131923024065, 2.310938909218625, 2.105707475724232, 2.2794467908486227, 2.410047912146909, 2.0351587568787735, 2.7576727429585617, 2.658966758916262, 2.325235138017108, 2.360346832160577, 2.5540571927471, 2.1542408491241964, 2.3811240486442227, 2.0463357240635354, 2.5559181706255436, 2.271748511105185, 2.1241520037084776, 2.5690207577278703, 3.144442410953654, 2.150460690782889, 2.6982731812604777, 3.246529017400564, 3.7137819284163616, 2.0958861248309666, 2.5530846335238873, 2.864219665226677, 2.6992936417910327, 2.5013092452843866, 2.792952818358757, 2.282555400390302, 2.167502574857294, 2.3413367704674686, 2.400707893083722, 2.1740699830896495, 3.0412882631336955, 2.2798990607205214, 2.0641119097040543, 2.204601787324998, 2.026309672483602, 2.422532810062585, 2.0608095532884994, 2.0072210238596258, 2.4918578233499136, 2.389256146184056, 2.3840834009247693, 2.049728659913721, 2.2080802507655264, 2.696681455116662, 3.223807529145514, 2.5643821264528754, 3.05273913060476, 2.248913567765956, 2.0975782585469362, 4.040703289711121, 2.47612479162439, 2.1662123525531913, 3.4944136836610835, 2.370679255076699, 2.614067057706092, 2.588849145255942, 2.52929924168279, 3.273317921398605, 2.1180097476298396, 2.392830783049577, 4.315555685790589, 2.215213590786475, 2.0758830167122313, 3.0787684823406067, 2.2548117751887173, 2.198824568254202, 2.080141112607606, 3.630638951460059, 3.0199801165940396, 2.197324544005588, 2.065038032498763, 2.0288982853990865, 2.125404777698856, 2.182772421889452, 1.9322232557169308, 2.493770769298766, 2.0951458947964627, 4.3918120991180025, 2.034233345173334, 2.0296056339247226, 4.235306450436268, 2.4691963040618417, 2.2632044112053267, 3.1800369994065596, 2.4231118650248304, 3.40626047046238, 2.041767386299818, 2.3149192533004577, 2.124713527838061, 2.1921683853856764, 2.0180716280874793, 2.094110886774412, 2.4058839041220015, 2.0744316417595954, 4.22006250006328, 3.957359478489072, 2.2598583965250665, 3.438424174781686, 4.08790717049974, 2.7311001383760924, 2.169086875302204, 2.1619082059437766, 2.5597678344955854, 2.419649451809239, 3.2476191814712045, 2.3422758954425937, 2.7905045807825988, 2.800733091453448, 2.570915283724185, 2.97245223571091, 2.2412911250142464, 2.141783445072555, 2.1455382284568127, 2.316509413489434, 2.3357857208542705, 2.1965055545738674, 2.166560705743964, 2.382811952699389, 2.343355561118711, 2.1169856959454867, 2.0815202802342636, 2.7631916969754275, 2.947219347415831, 3.876806340858598, 2.6321614325546467, 2.3900481694221765, 2.5298285460589662, 2.474577865029279, 2.0626499519304202, 2.3785652351061595, 2.3801661824687725, 2.9330694343379227, 2.2286821729775204, 3.496552080564745, 2.3861731604323304, 2.2455953027220925, 2.166575476411526, 2.061089219504794, 2.606978126506305, 3.3592983132207515, 2.15631603990845, 1.998415426577386, 3.689059082236456, 2.19656558636034, 2.1003810619445047, 2.025902580591981, 2.111880541812181, 2.6174757854222372, 2.492554527294145, 3.777693612776573, 3.328029593510368, 2.104779069496429, 2.417970205815851, 2.307294789836147, 1.9593710081155056, 2.6184379115265286, 2.905309766194292, 2.154966846235938, 3.2916412975213434, 2.1005985620977965, 2.01962195278761, 2.788399386233689, 2.6944955779069026, 2.626650743961423, 2.220297158353656, 2.49832651964592, 2.5059050064929327, 2.5499712506854064, 2.3175169888731713, 3.9771521169474635, 2.305446938523906, 2.590232500729163, 4.171692036556465, 2.104180898923254, 2.1628582715277136, 2.078039895038794, 2.6036294411272323, 2.0582373541866996, 2.3014615284201536, 1.936605376896892, 2.832906684472983, 2.1149709956651046, 2.857001028337755, 2.9229643208278566, 2.060993933089302, 2.599802352941292, 2.125705744230226, 2.302072217685568, 2.663260624255976, 2.436431204797568, 3.809378270151434, 4.157357724300871, 2.149320458297677, 4.393315958097897, 2.254687181795365, 4.702079613570511, 4.100417795718686, 2.511868431394803, 2.9047808078366804, 2.0424021045876364, 3.968378026280318, 2.598564875745622, 2.5719444994942124, 2.3859247976414752, 2.1155315059910165, 3.1162127308638516, 2.9984097694832395, 2.3978202434704974, 2.569033417788028, 3.2173603575938943, 2.244210034160696, 2.634221257521861, 2.8933269230601866, 2.7858624058247203, 2.170877469476558, 2.073810820450341, 2.5850677935904343, 2.8001964253551956, 2.6399305815603595, 2.3006488746397755, 2.1259259012719802, 3.1273523226685263, 2.6040929067071703, 2.3091139765354733, 2.3460817220541212, 2.0184345039087077, 2.911002445553108, 2.6830802858630416, 2.157471606087736, 2.244709855638779, 3.9283544280767067, 2.1189778262813697, 2.461152943151982, 2.8489649499998833, 2.0071580123936155, 2.485993334515695, 2.8802586397065975, 3.5704898177152185, 2.123545871319968, 2.0620407711380495, 2.0880295710215675, 2.811831006515874, 2.0800662259081086, 2.949341538069985, 3.0336754531048684, 2.0461841718901024, 2.656626331051069, 2.535748379171608, 2.6281285607395137, 2.688799164602763, 3.1443940514874247, 2.1683959983007592, 2.3563854456376334, 2.0673758309122974, 2.1297356439467214, 3.6240533543012092, 2.615496538918596, 3.744425430007114, 2.6677954801967974, 2.38442096869294, 2.1245470703239873, 2.3824105979863797, 2.1829398832179137, 2.634300087484698, 2.049754913046127, 2.0160002519924296, 2.1352080492085883, 2.988222921417373, 4.164549514238394, 2.863901959639601, 2.345936515459983, 2.0615628335839826, 2.0075398761376992, 2.353921312910912, 2.6871838562540655, 2.012638950445414, 2.681885904493616, 3.9869366201180756, 2.54540023354817, 3.0463550062208165, 2.365784344769587, 2.182967838819534, 2.1080369846778138, 2.339040447517122, 2.368463079868474, 2.419488026879543, 2.106853023064268, 2.1476310263789515, 2.339371929789396, 2.2207004730355493, 2.496645558389535, 2.5167249457410206, 2.2948373857845055, 1.865200484447107, 2.2893171924198854, 1.9955299686611554, 2.026611876231387, 2.359081165006023, 2.090190604843017, 2.00777257435675, 2.2588953838954557, 2.3720797527943454, 2.239702571660078, 2.2935222504817085, 2.1338860255152285, 2.5092267043405445, 2.3997426887571174, 2.157646384160194, 2.372510250105521, 4.361200918694425, 2.0192888300142737, 2.640001393029831, 2.4862582080078868, 2.337841258069869, 1.910304760294716, 2.0681443316972654, 2.2588243698936776, 2.0008574654342657, 2.0963410740763844, 2.8848803019993388, 2.5192124030957155, 2.117618630017273, 2.144223613541559, 2.274155208426735, 2.2431862158783695, 2.6342196016512527, 2.966883700367947, 2.2589717566442724, 2.5589701084795737, 2.358900951583294, 3.944712992876591, 2.258052805862023, 1.9758558332624643, 2.111517771255302, 3.0015774506951036, 2.043175508856126, 2.1032318256131677, 2.5546909289177306, 3.959403513391865, 2.0010625123786836, 2.300078704515672, 2.1214375601832263, 2.5461394517321354, 2.2538575198555884, 2.3318257983241053, 2.6046228913642264, 2.381144243419527, 2.0784482947124503, 2.85938928985304, 2.0669841054257674, 2.211795778310242, 2.552370949346908, 2.4062274077107504, 3.272457291389535, 2.0847464434215315, 3.6149913866951757, 2.3924497530005837, 4.093234108418901, 2.513772786055362, 2.201074299520538, 2.6232231415695746, 2.2372647424933776, 2.0734480498934618, 2.490251924125207, 3.2828917587092787, 2.3162885816083945, 2.076705769825431, 2.0002468201223964, 2.135419462543441, 2.104180020747898, 2.0889666232438913, 2.1613036076851495, 2.288206153707945, 3.484637367240872, 2.365222011340565, 2.3552792341039916, 4.393173539534179, 2.504986823457018, 2.9374051438601576, 2.4806927263321716, 3.895711179403122, 2.2720848124077717, 2.3559176990911577, 2.2694297347865144, 2.014606449326525, 2.1095058266536624, 2.1039580624466496, 2.3961407262204792, 2.739726730519627, 2.5752741818788936, 2.0825671407067365, 2.1318412532862188, 2.1147487827913487, 2.0027797059028587, 2.5714143859650123, 2.5495245251107215, 2.3074165089045735, 1.988088523334115, 2.2628175922968605, 3.911930819509342, 2.107841432119417, 2.432533805612464, 2.0756079666959337, 1.985155749560779, 2.0839743626639624, 2.9619209747956092, 2.0385564660257605, 2.5775588122721556, 3.3630273201569096, 2.498171680225005, 2.0631047440790344, 2.4063914840180174, 2.8076626487791394, 2.336786604121394, 2.6347015744414373, 2.6394380083789932, 2.272453211127022, 2.2459349942507902, 2.5584971720521117, 2.025447799685895, 2.1395594545684395, 3.2117511220883657, 2.6051699251940654, 2.3290471317119352, 2.616914179019117, 2.6344597961348293, 2.2547948292182407, 3.158089681479436, 2.7699108225856404, 2.059534497592383, 2.7646943741874637, 2.300808082015836, 2.332412170328356, 3.6903251077538757, 2.1650768183128024, 2.294353796758281, 2.588674919922704, 2.944283884341024, 3.631185807022614, 2.545613230706054, 2.344410106410286, 2.096115469425264, 2.662908488858305, 2.1041964121378576, 2.737045818420157, 2.7859778632613064, 2.765804444267927, 2.077282785999137, 2.9408344445328716, 2.3890515940316743, 2.304773903674959, 2.6185205436214654, 2.334300563793686, 2.5594838306188143, 2.0731827247380505, 2.0958100448072683, 2.750325839956684, 3.0859568488114766, 2.4114522690340263, 2.2831889105110945, 3.3884466809228284, 3.8408976914708184, 2.3394883131225614, 2.0162538221731223, 2.5365682798994253, 2.2483064103925785, 2.0391522275268095, 2.1133790896414193, 2.0774629779533766, 2.4178133426779342, 2.5361393311245, 2.2273745817911013, 2.129260429360379, 2.638210392925769, 2.055131064916149, 2.006734051424793, 2.9334303595143814, 1.9794504566313802, 4.200515240219022, 2.799049647624213, 2.6658361184632007, 2.3236886776993306, 2.3225365343958413, 2.4259514523356023, 2.0537796804247623, 2.712757729820815, 2.0105756929031626, 2.2714584528309496, 4.184473076110933, 2.3174589399237315, 2.3218500578318473, 2.0871867914110647, 2.5091783177860254, 2.0384809714523, 2.3204709495282816, 2.3129744275791513, 2.078827262663119, 2.3025089743428637, 2.2370553650732914, 2.2248956536260405, 2.536496650926966, 2.612961702879317, 2.2836269134880274, 3.1110823939016354, 4.252936020805626, 2.2868131811368326, 2.0784092840441835, 2.340827144728734, 2.942631453080141, 4.389147113453701, 4.068526369151527, 2.104289806574322, 2.315995414055952, 2.00553270483286, 1.959199169430668, 2.3429470895568922, 2.288045349805334, 2.599586361261045, 2.5325122940327414, 2.4498802803810635, 2.3103088340408875, 3.958318834840859, 2.7208144734897908, 3.053889033292331, 2.2590991023527476, 2.305340439944964, 2.504449443693733, 2.362588641384717, 2.8239887420020646, 2.868809512269307, 3.0740790109587004, 2.1018041122651785, 3.793897212226467, 2.5708711752090414, 2.6272299327799833, 2.621241177470505, 3.5326155087971025, 4.119138665772377, 2.346056482137335, 2.851613228896669, 2.620605458968596, 2.942339786440809, 2.0099539328422154, 2.475226218501594, 2.713496959641228, 2.0244647932699986, 2.061371608986822, 3.1949592333656374, 2.640889991205592, 2.084036084644646, 2.2975824328271246, 2.0794800110006615, 2.2858779301126724, 3.5467918815686574, 3.32104951220858, 3.117599972895647, 3.7238554928932555, 2.0759683506044126, 2.4366859871258892, 3.5740227671840143, 3.3804871460599153, 2.117015708571022, 3.350937478553665, 2.4257545731717425, 3.0992721624722845, 2.3800290707425202, 2.140267412939964, 2.0679178928243345, 3.1419587512447005, 3.5526595616140493, 3.1332832100735897, 2.0028378860635527, 3.400328131563117, 2.436678041039441, 2.104586260121001, 2.604332827350388, 2.0366605665966646, 2.5547421132842065, 2.210263817930117, 2.1770115463647297, 2.651673649080793, 2.279508843707036, 2.3092192221691143, 2.0303642953909695, 2.235072338134751, 2.044003675851107, 2.374880913045791, 3.1105318788548786, 4.495935807995974, 2.0440382822529144, 2.2476172768787905, 2.5048724789333567, 2.3035586543035285, 2.111603690597721, 2.5181467476027515, 2.294422415444894, 2.059368625528547, 3.335366240886384, 2.05015436150437, 2.3758867497182963, 2.3032196101159816, 2.6303890309684155, 2.3525155597733693, 2.0616051314997312, 2.558528871250596, 2.4703312695361155, 2.3147999208804317, 2.1671437475637543, 2.2841681892588173, 2.042569908036356, 2.0534443563244893, 2.138889926612041, 2.0322864255287456, 2.3253423323157736, 3.783955335588975, 2.0071302292583453, 2.917515493215216, 2.5382790606979713, 3.4020589330023654, 2.682459646948089, 2.283103744072185, 1.9936635714593358, 2.03271721556504, 2.8564292603861556, 2.095327941830363, 2.064910715839677, 2.076082301853675, 2.075502346292348, 2.168794434567917, 2.026459092581142, 2.5790856593745266, 2.762434827306112, 2.1007763674036353, 2.3228417715530676, 2.1184638328162024, 2.7033863151464854, 3.220189140520187, 2.3331097025470484, 2.273243530206225, 4.245248034348641, 2.390958874490273, 3.278976486619586, 3.9008119331682742, 4.2156404900396955, 2.374338401899883, 2.848593630993484, 2.113731642219293, 2.323316968422812, 2.0872861300448053, 3.6474687617587276, 2.148077155550914, 2.7141210107161697, 1.9404444252349178, 2.0190659018629002, 2.1442083930520743, 2.065298896938396, 2.143710327038643, 2.786559664190054, 2.5796165145647074, 2.0173880880373334, 2.743598145481903, 2.2770228687400316, 2.2291715237453875, 2.571120975609312, 2.704339509627855, 2.707996826440165, 2.498207345865986, 2.0526694871771607, 2.2138392660670028, 3.4412908927212733, 2.8992850433945256, 2.0310167285796683, 2.0787912834165816, 2.0047193892970223, 2.086751656431403, 2.2448890782696136, 2.119351922206289, 3.086773717348501, 2.052815891581857, 2.316240848640384, 2.583009652220675, 2.5687983265929217, 4.773818706047413, 4.031686824779069, 2.4335965852292487, 2.851227815474653, 2.846575374590639, 2.8115254925088298, 2.218981381792744, 3.710252683305953, 2.1983479820763754, 2.206678804139523, 2.305004507970728, 2.407593475681288, 2.194154526676833, 2.0042616462202503, 2.2276542232366188, 2.0320674617498606, 3.9378164080614004, 2.6155837727646234, 3.1244144988524654, 3.9222081018157176, 2.364542023267072, 2.1399815184759814, 2.6213919743724112, 2.9218696301749785, 4.107236387123993, 2.0266538051167937, 4.526632739422639, 2.094557639847232, 2.350889894970314, 2.075881823388031, 2.0725056165003743, 2.3531452777088067, 2.5266462431419896, 2.009012438200821, 2.3036057960816985, 2.4907228627212166, 2.2321166478716314, 2.0881649482249367, 2.264022578184486, 2.293576290876403, 3.7817006447411967, 2.164404211817289, 2.2498625051497187, 2.702782344173301, 2.5089882882720653, 3.0324573713266467, 2.0552686563015694, 3.160070954315601, 2.368561675955173, 2.13636843257689, 3.189761717949687, 1.9207997539108914, 2.351731466262197, 3.356790305990563, 2.3387591690244247, 2.142370431126829, 4.3534039730865235, 2.3811236871947807, 2.595235208501775, 2.3979793309471282, 2.270571655853352, 2.193241264335283, 3.363068968922003, 2.074812604904597, 2.097741743962372, 2.065001993929134, 2.6281888793037558, 2.445052947373675, 2.9142251696566728, 2.0007347496056305, 2.058426913214012, 2.023191032860144, 2.6351659077420595, 2.4784512385845305, 2.788175844338121, 2.6283878262845777, 2.1109728122966045, 2.1127101509642667, 2.1464777266506285, 2.1363436654938033, 2.0451695535947616, 2.107819615666479, 2.6916854501151404, 2.657477511484817, 2.0343517769942787, 3.9323822584249855, 3.2291654979325393, 2.3000903110682933, 2.031133381626175, 2.6042121792773845, 2.6930887356770334, 2.191480227522948, 2.1636668945583315, 2.9006007186853227, 4.268042778908286, 2.343363832343287, 2.60014544486073, 2.139079452928336, 2.570408120939074, 2.7101684052280097, 3.144525133656287, 2.4842130957979243, 2.2965440037705735, 2.276835059437768, 3.133958989276454, 2.323331288313215, 3.1419366653071323, 2.1341351151242387, 3.407464347348385, 2.070501439717899, 2.5444035789252832, 2.1112791064152496, 3.2574437451480263, 2.1390574033713796, 3.037391766894725, 2.0154274563763046, 2.9503408141083804, 2.5970250578938723, 2.128983849700557, 2.0863104192024253, 3.0288332457304543, 3.740066379976426, 2.0282081368283826, 2.1115730925219474, 2.843206785734968, 2.4275567645667837, 2.19364186921836, 2.619257604072699, 2.0846769378927976, 2.4676737580106236, 2.0316721787144556, 2.4074732763284343, 2.0902419940888515, 2.071588519911725, 3.758366175475076, 2.416302472534275, 2.6601582280368623, 2.26186443251422, 3.0590859162309214, 2.475667513739087, 3.1064177672010183, 2.5703033324102464, 2.0367303648505173, 2.6396381941195184, 2.070765418938664, 2.113968917171153, 2.5880599889292277, 2.3682282719972547, 2.544368593565182, 2.086915006218524, 2.5221163844777994, 2.0606069651706873, 2.8003753243702256, 2.4043730200561564, 2.5854241983607165, 3.1462877655341814, 3.041465042318297, 2.3101123257486664, 2.469950891841351, 2.210728778135876, 2.2931182990280576, 2.0346229543128564, 2.579253332636526, 2.6938180339982014, 2.6081126626719087, 2.2114253068381897, 2.0533426310423484, 2.548903518251292, 2.091442965910839, 2.4873008333779616, 2.6053062793017396, 2.436008029969992, 2.367999484628535, 2.707278174014978, 4.096827130455934, 2.3304193189139206, 2.2388783155154277, 2.092863255111176, 2.5171684570018615, 2.732535196450395, 2.1743933299943743, 2.098583915698912, 4.282482663486903, 2.202899265739436, 2.0068737338063327, 2.8169405724965384, 2.817223403860249, 2.081340696153987, 3.171760863972426, 2.3364447055261564, 3.0852013998307766, 2.153146863557676, 3.715790000320282, 3.904338070780442, 2.1430869453000616, 2.0963981471460533, 2.1497232164271276, 2.55894833591885, 3.7528554037699537, 3.3004115845261004, 2.968983067412753, 3.522482092413606, 2.4302673377759647, 2.0278507855948784, 2.867371084362345, 2.04823191621775, 3.7662933032033044, 3.5744464636523787, 2.865172193729641, 2.078362472845735, 2.615436386014028, 2.4908186710755045, 2.6373396674554246, 2.2855856676456696, 2.1490215417973744, 2.3581918457517097, 3.446860278810755, 2.0121389476055045, 2.5717356829000013, 4.064999240976178, 2.540148098593978, 2.327981064847669, 2.063045550114669, 2.0426253863998056, 2.5566482592149766, 2.2625881144213, 2.4436767191346385, 2.235002870758629, 2.1104483350987273, 2.309206810353809, 3.3910704765366306, 1.894877172308625, 3.3363698834109488, 2.626491315021882, 2.7094840225872976, 3.1744151633103797, 2.3031271162785987, 2.876592049696621, 2.149237711446897, 2.476311398741574, 2.0591633356134906, 2.114329356275706, 2.685714512991146, 2.3608308748377325, 2.8020739847986054, 3.5377444792848065, 2.52568972870212, 2.66304360964787, 2.8860677630839473, 2.89167247076196, 2.047171186632033, 2.9626412076245416, 2.7715989586913836, 2.847295139298136, 2.7293504207982573, 2.707997975872151, 2.612637748039298, 2.0333128850319797, 2.0346643288464583, 2.459136603477368, 2.4729059966542333, 3.0204257233907477, 2.465765812134936, 2.507833125675435, 2.0088271362711163, 3.85057292936993, 2.373972657701078, 2.031028976970515, 2.0894275391103108, 3.5434405207143715, 2.1780755247473085, 2.728023800087669, 2.117266599378196, 2.6174560297105094, 2.4461132486059585, 2.4900106047437442, 3.8639595663248816, 2.1613536468079886, 2.410931057615142, 2.4382847491271287, 2.405368985584984, 4.208905766242891, 2.0305501388173663, 2.233996741361005, 2.1592011612073474, 2.5616353868689936, 2.15387578939462, 3.3069931138071125, 2.4274268756398247, 2.286406257584544, 2.3979226744003133, 2.623904822413042, 2.369298797009478, 2.0759862504674165, 2.1438217560111896, 2.0488503733023293, 2.3034039202372254, 2.292933740959971, 3.4647669466171163, 2.9767045952234708, 3.143214641524902, 3.289062079068035, 1.947683906046995, 3.134615207058861, 2.266406123046403, 1.8293311397059586, 2.528777520163655, 2.3551320976682577, 2.3885103185588927, 2.0467808339902325, 2.6271935870521332, 2.0746333135494393, 2.8204324802971743, 2.372861336253302, 2.99700587016417, 2.2544183911251876, 3.7423864949468513, 2.0940733509129354, 2.579259299257527, 3.255226417822996, 2.127659319161359, 2.3470753000484876, 2.049940756472523, 2.7749743984899333, 2.306628329482164, 2.6436468227701075, 2.336882655507652, 2.105723579830667, 2.8380110309965523, 2.877431773620372, 2.0795865095796033, 2.8056956898860284, 2.2841224209134285, 2.019136893440953, 2.5785072122862442, 3.8199647114286788, 2.3344751165507716, 2.6484009093503484, 2.2842292289016117, 2.3218778194372973, 2.5239469947899322, 3.2854143336678048, 2.516786413149197, 2.4549918580885897, 2.2638288124871817, 2.314882769395264, 3.0522268725059973, 2.330825049142009, 2.697318053039206, 2.0811484415054906, 2.0211476447183925, 1.9989989621113136, 2.4307152009997557, 2.6627472523236486, 2.791287974300598, 1.9763678174249395, 2.317482129511442, 2.037432940079352, 2.0545926493539843, 2.1104498817243833, 2.480071382647663, 2.8434939733668716, 2.4104675068554697, 3.064356580451901, 2.0601427777856722, 2.5303324676201493, 2.0250430720189487, 2.15435450764834, 2.030903362780643, 2.0903786184979185, 2.8518048875175688, 2.550700371771766, 2.5715510103740797, 2.639534803267529, 2.9512662113649135, 2.3813479867089273, 2.3221889619047213, 2.3371001556609436, 2.5630793112213177, 3.5274153443722307, 2.1589332487125263, 2.2853744053086777, 2.007771088307431, 4.34851165571201, 2.2992997664659724, 2.6168327474966744, 3.083126518753773, 2.4353432642965775, 2.550995291715283, 3.1747088228315903, 4.0316298603663, 2.0215602421665637, 2.1589978677398696, 2.1033685602917207, 2.0886090543372466, 2.779288080152413, 2.69590450328858, 2.1208332331812287, 2.8681356970612546, 3.194731860200637, 2.1322535580092716, 2.122615663894002, 2.5757199326192826, 2.1064103436781854, 2.201658659348324, 4.114857966396757, 2.1373400697325318, 3.0063673750500697, 3.3153636521862024, 2.3457519725327303, 2.045895387433639, 2.460392567529568, 4.0183183289123905, 2.065985293070149, 2.5496341478106954, 2.410202229253901, 2.035623236988908, 3.3093411587223205, 2.10936024110123, 2.3171370351147798, 3.182157020082518, 2.285032155979806, 2.580679376226318, 2.2311837165918798, 2.1581170588517624, 3.6957318270586628, 2.1490647941937024, 3.6257985357786824, 2.3075668677538066, 2.092089259950855, 2.2951485506756546, 1.9438652134714176, 2.373250111109683, 2.5538226394483883, 2.316030530856019, 2.348915891800518, 2.5691066976527175, 2.5611931261371046, 2.7462781721151592, 2.380899904683592, 3.188676875165401, 3.1124036287740906, 2.0331882858990245, 2.555593293717954, 2.316377788198295, 2.047926056192141, 4.053302992067712, 2.5559542855003956, 2.794167691416954, 4.099581529875215, 4.135251810601944, 2.489718200778195, 2.570903274176959, 2.009267516854558, 2.597399313150811, 2.695072268644473, 2.3187978496764243, 2.0906220566347717, 2.487378908595993, 3.830817154509493, 1.9656228717532838, 2.0771322700531005, 2.2302553009628454, 2.1128580907520904, 2.0489586506557087, 2.642746997630634, 3.132286370925061, 2.325926984868678, 2.5866954726587554, 2.3055397250864074, 2.2923773591575305, 2.509232187473369, 2.660610866939103, 2.386418807775029, 2.1131757545674477, 3.3084687888793667, 2.8957508336975377, 2.326129633562827, 2.124171666617033, 2.7394785190859725, 2.4893575830312313, 2.3528809676103117, 2.1428776794719795, 2.1116630416588897, 2.5315764732872297, 2.747601048265706, 2.5542200702885727, 2.0798275440859246, 2.1663602272783202, 1.9944010839677087, 2.7501709227218543, 3.6289256970108745, 2.917142040304626, 2.087665607140488, 2.7911594567364113, 2.075806351238296, 2.361859831618193, 2.3377636439162885, 2.734944294009926, 2.290797115119218, 2.5273696364509686, 2.640197570444322, 2.6365909664873066, 2.144891154015153, 2.101278441743101, 2.3358610797994164, 2.844109381342663, 2.5424345077616777, 2.3228452902148646, 2.182316321958803, 4.864156408012889, 4.279739211150503, 2.5502157695299226, 3.0440490298828617, 2.786851735893999, 3.6379770610698525, 2.1456631369990093, 2.23692449822546, 2.5779236333868227, 2.0068402954312274, 2.2972347741028294, 2.3861653024203537, 2.0055637312620673, 2.0885868534230894, 2.2584480292763276, 2.3291463801528636, 2.8270435494443533, 2.0413112690276973, 3.0161810371090514, 2.5507543640858965, 2.0863832119786414, 2.3590790935064665, 2.342340920399645, 2.355519407417088, 2.7559999567122606, 2.3855987431385715, 2.675054526441727, 3.6869269317415037, 3.055970631368586, 2.145064478749309, 1.9942753818707455, 2.334830745757166, 2.2479950026981705, 2.453903540241891, 2.9437582138189464, 2.560810237408153, 2.1390790572859197, 2.4764783887450266, 2.16902071090245, 2.764230961174446, 2.36947467277173, 2.0822550312629597, 4.202510578580829, 2.228532965111527, 2.0280465289163327, 2.3997931357973763, 2.9885293511643325, 4.2357555607487605, 2.297653087787844, 2.210454304168585, 2.5854803147333825, 3.2017945359000004, 2.0743217796279483, 2.0711660449922213, 2.3308766772314646, 3.6295318596810526, 2.2954961007430494, 2.4013412330852164, 2.0426564128290123, 2.136573391614216, 3.2169622719355533, 2.0829533705646677, 2.643681469235121, 2.267171965399621, 2.3919288781990327, 3.0442688942608283, 2.028113316918936, 2.1240902871693885, 3.383842503997707, 3.4458424871774493, 2.3359262173730055, 2.2495224848825965, 2.001851006949937, 2.483089865878923, 2.353509534315005, 2.063370427022259, 2.0974281542702107, 2.383091529457338, 2.9612819400177948, 2.0497814589036514, 3.70502979600653, 2.122695931764264, 3.872802407288993, 2.785667321890709, 2.03088784956604, 2.4127242877975212, 2.102735918945053, 2.5177249514208393, 2.6625490878837765, 1.986145298119962, 2.557108230002048, 3.7981756556382207, 2.031583264849673, 2.7255091732726004, 2.3519367330190613, 2.344057235748464, 2.115961596119239, 2.9999160282594963, 3.511756178320342, 2.4662759942745187, 3.1164584683300656, 2.0460803526846796, 2.01654918112455, 3.0155451070884896, 2.0631368282041267, 2.1786497795026696, 2.076351993122934, 2.2538859565983334, 3.0920426531533605, 3.33868845545991, 2.4623607093427116, 2.32445688575918, 2.069937582821413, 2.5525321244191663, 2.732202469090763, 2.3237002117757375, 2.167301369573495]"
1.5,8500,0.5990454050958905,0.5990454050958905,0.02530384063720703,0.31750770238042514,"[4, 2, 3, 1, 4, 2, 3, 1, 3, 3, 2, 2, 3, 2, 2, 2, 4, 1, 2, 2, 4, 3, 4, 3, 2, 2, 2, 1, 1, 2, 5, 3, 2, 3, 1, 3, 3, 3, 2, 2, 1, 1, 1, 1, 2, 2, 4, 2, 2, 2, 3, 2, 3, 3, 2, 3, 3, 2, 3, 3, 2, 2, 3, 2, 2, 1, 2, 3, 2, 2, 2, 3, 1, 1, 3, 2, 2, 3, 3, 3, 3, 2, 2, 2, 2, 4, 3, 2, 2, 4, 4, 1, 3, 2, 1, 2, 3, 2, 2, 2, 3, 3, 2, 4, 3, 2, 3, 2, 2, 3, 5, 4, 5, 4, 2, 2, 1, 4, 3, 3, 3, 2, 2, 2, 2, 2, 2, 4, 2, 2, 3, 3, 2, 2, 2, 1, 3, 2, 3, 4, 3, 4, 1, 2, 3, 4, 2, 2, 2, 3, 2, 2, 3, 3, 3, 3, 2, 3, 3, 2, 1, 3, 3, 3, 1, 2, 2, 2, 3, 5, 3, 2, 2, 1, 1, 3, 2, 1, 5, 3, 4, 4, 3, 2, 4, 1, 2, 2, 1, 1, 2, 2, 5, 2, 3, 4, 1, 2, 2, 3, 2, 4, 1, 3, 2, 2, 1, 4, 3, 3, 2, 3, 3, 4, 3, 2, 3, 3, 3, 2, 1, 4, 2, 3, 2, 2, 3, 2, 3, 5, 2, 2, 2, 3, 3, 2, 3, 2, 1, 1, 3, 3, 2, 2, 3, 2, 3, 4, 3, 3, 1, 2, 2, 2, 2, 2, 5, 3, 3, 3, 3, 4, 2, 4, 3, 2, 3, 3, 1, 3, 4, 2, 4, 3, 2, 3, 2, 2, 3, 3, 2, 3, 2, 2, 4, 3, 1, 3, 3, 2, 3, 4, 4, 2, 5, 2, 2, 2, 3, 2, 1, 3, 2, 2, 1, 2, 4, 2, 3, 2, 3, 4, 3, 5, 2, 1, 2, 5, 3, 2, 2, 2, 3, 5, 3, 2, 2, 3, 3, 3, 3, 3, 1, 2, 2, 3, 3, 2, 4, 3, 2, 3, 3, 2, 2, 3, 2, 3, 4, 2, 2, 2, 1, 3, 4, 2, 1, 3, 3, 2, 3, 1, 4, 3, 3, 3, 2, 3, 2, 1, 4, 3, 5, 3, 3, 4, 2, 3, 2, 4, 3, 4, 2, 2, 3, 1, 3, 4, 3, 1, 3, 4, 2, 3, 4, 3, 2, 2, 2, 3, 2, 1, 2, 2, 3, 3, 1, 3, 2, 3, 2, 3, 1, 2, 2, 3, 2, 2, 3, 2, 2, 3, 2, 2, 2, 2, 2, 2, 2, 1, 4, 3, 1, 3, 2, 3, 2, 2, 3, 2, 2, 2, 2, 3, 3, 3, 1, 3, 4, 1, 2, 4, 3, 2, 3, 1, 2, 2, 4, 3, 1, 2, 2, 1, 2, 2, 2, 3, 3, 2, 2, 5, 1, 2, 4, 1, 3, 2, 3, 3, 3, 4, 3, 2, 4, 5, 2, 3, 3, 5, 3, 1, 2, 3, 3, 1, 2, 3, 3, 3, 4, 3, 4, 2, 3, 2, 1, 1, 3, 2, 1, 1, 3, 3, 3, 2, 3, 3, 3, 1, 2, 3, 3, 3, 3, 2, 2, 2, 4, 3, 4, 2, 3, 5, 2, 2, 1, 2, 4, 3, 4, 3, 2, 2, 2, 2, 3, 4, 3, 2, 3, 2, 2, 2, 3, 4, 1, 3, 2, 2, 5, 2, 1, 4, 2, 2, 2, 2, 2, 2, 2, 3, 1, 4, 2, 2, 3, 1, 2, 1, 3, 4, 4, 2, 5, 2, 4, 4, 1, 2, 2, 5, 1, 3, 2, 3, 4, 5, 3, 3, 4, 2, 4, 4, 2, 2, 2, 1, 3, 4, 2, 3, 3, 3, 2, 3, 2, 2, 1, 2, 3, 4, 3, 3, 4, 1, 1, 2, 5, 2, 3, 1, 3, 3, 3, 4, 2, 3, 1, 2, 3, 3, 4, 1, 2, 1, 3, 4, 1, 4, 3, 1, 2, 1, 2, 2, 2, 2, 2, 5, 3, 4, 2, 1, 3, 4, 1, 3, 4, 2, 4, 3, 2, 2, 2, 3, 3, 2, 3, 3, 3, 2, 1, 2, 3, 3, 2, 2, 3, 2, 2, 2, 2, 2, 3, 2, 2, 2, 3, 2, 5, 2, 3, 3, 2, 3, 2, 2, 3, 2, 3, 3, 2, 2, 2, 3, 2, 4, 3, 3, 3, 4, 2, 2, 2, 4, 2, 2, 2, 1, 2, 2, 2, 2, 3, 2, 3, 2, 2, 3, 2, 2, 3, 2, 4, 2, 4, 1, 4, 2, 3, 2, 3, 1, 2, 4, 3, 3, 2, 2, 2, 2, 2, 3, 2, 3, 3, 5, 2, 2, 2, 3, 2, 2, 2, 3, 2, 2, 2, 1, 3, 3, 3, 2, 2, 2, 3, 3, 3, 3, 5, 2, 3, 1, 2, 2, 3, 2, 3, 4, 3, 3, 3, 3, 3, 2, 1, 2, 3, 3, 2, 4, 1, 3, 2, 2, 4, 3, 3, 3, 2, 3, 3, 4, 3, 2, 2, 2, 2, 2, 2, 2, 3, 3, 1, 3, 2, 1, 1, 3, 2, 3, 3, 3, 3, 2, 2, 2, 4, 3, 3, 5, 5, 3, 2, 5, 3, 3, 2, 3, 3, 2, 3, 2, 1, 4, 2, 2, 3, 4, 4, 2, 3, 2, 2, 2, 3, 3, 2, 4, 3, 2, 1, 2, 2, 3, 4, 2, 2, 2, 2, 4, 2, 3, 3, 4, 3, 2, 3, 3, 1, 3, 2, 3, 3, 1, 3, 2, 3, 3, 2, 3, 4, 2, 3, 2, 3, 2, 3, 2, 3, 3, 2, 3, 2, 2, 3, 4, 2, 3, 3, 3, 5, 2, 2, 3, 2, 2, 3, 3, 2, 2, 2, 2, 4, 4, 2, 2, 3, 3, 4, 4, 2, 2, 1, 2, 2, 2, 2, 2, 5, 3, 2, 1, 2, 2, 2, 2, 2, 2, 3, 3, 2, 3, 1, 2, 2, 2, 2, 1, 2, 2, 3, 2, 3, 2, 2, 3, 4, 3, 2, 3, 3, 2, 2, 3, 3, 3, 1, 3, 3, 3, 2, 1, 1, 5, 4, 4, 2, 3, 3, 1, 1, 3, 3, 2, 3, 3, 3, 3, 2, 2, 3, 2, 4, 2, 3, 4, 1, 2, 5, 2, 4, 2, 3, 2, 2, 2, 3, 2, 4, 1, 2, 2, 2, 2, 3, 1, 3, 3, 2, 1, 3, 3, 3, 3, 2, 3, 2, 3, 1, 1, 1, 2, 2, 1, 2, 2, 3, 2, 3, 4, 2, 4, 4, 2, 2, 2, 4, 3, 2, 1, 1, 2, 3, 1, 3, 2, 2, 3, 3, 3, 4, 4, 2, 3, 4, 4, 2, 3, 2, 2, 1, 3, 3, 3, 1, 2, 3, 2, 2, 3, 1, 4, 3, 2, 3, 3, 2, 2, 2, 3, 2, 4, 3, 3, 4, 2, 3, 4, 2, 1, 2, 2, 2, 3, 1, 2, 2, 3, 2, 3, 2, 2, 2, 2, 4, 2, 1, 3, 1, 3, 2, 2, 2, 3, 3, 2, 4, 3, 3, 1, 3, 2, 3, 2, 3, 4, 2, 2, 2, 3, 3, 4, 2, 2, 2, 4, 3, 4, 2, 1, 2, 3, 2, 3, 1, 2, 1, 2, 1, 3, 2, 2, 5, 2, 2, 3, 3, 2, 2, 1, 3, 2, 3, 3, 3, 4, 2, 3, 3, 3, 3, 2, 3, 2, 3, 2, 2, 2, 3, 3, 2, 2, 1, 3, 1, 3, 3, 2, 2, 2, 1, 3, 2, 3, 2, 3, 2, 2, 3, 3, 4, 2, 3, 3, 3, 4, 3, 2, 3, 4, 4, 3, 1, 4, 2, 3, 2, 3, 2, 3, 3, 3, 2, 5, 4, 2, 2, 2, 1, 3, 3, 2, 4, 1, 2, 2, 2, 4, 3, 4, 2, 2, 3, 3, 3, 3, 3, 2, 2, 2, 2, 3, 2, 2, 1, 1, 4, 2, 2, 2, 2, 3, 3, 3, 3, 2, 3, 3, 3, 3, 2, 2, 1, 2, 3, 3, 3, 2, 4, 3, 5, 2, 3, 2, 2, 3, 3, 3, 3, 2, 1, 2, 4, 2, 2, 3, 5, 3, 2, 2, 4, 2, 2, 2, 4, 2, 1, 3, 1, 2, 3, 3, 5, 1, 2, 1, 2, 2, 4, 2, 3, 2, 1, 1, 2, 2, 1, 1, 1, 2, 4, 2, 4, 2, 3, 3, 1, 1, 3, 2, 1, 2, 3, 4, 2, 4, 2, 4, 3, 3, 4, 2, 3, 3, 3, 2, 2, 2, 3, 3, 3, 2, 4, 2, 3, 3, 3, 3, 3, 3, 3, 3, 3, 3, 4, 3, 1, 3, 3, 2, 2, 1, 1, 3, 2, 3, 2, 4, 2, 2, 2, 2, 3, 2, 3, 2, 3, 2, 1, 1, 1, 4, 3, 2, 3, 3, 3, 2, 4, 3, 4, 2, 3, 3, 5, 2, 2, 2, 2, 3, 2, 4, 2, 1, 1, 2, 2, 2, 3, 2, 3, 3, 1, 3, 3, 3, 3, 1, 4, 3, 2, 1, 2, 1, 2, 3, 2, 1, 4, 2, 3, 4, 4, 4, 2, 3, 4, 2, 4, 1, 2, 2, 2, 3, 3, 3, 2, 2, 4, 3, 2, 1, 4, 3, 3, 4, 2, 4, 3, 3, 5, 4, 4, 3, 1, 4, 2, 2, 3, 4, 5, 1, 2, 4, 2, 3, 2, 3, 2, 3, 3, 2, 2, 2, 4, 4, 3, 3, 3, 2, 1, 4, 3, 2, 2, 3, 3, 2, 2, 1, 1, 3, 4, 3, 2, 3, 3, 2, 3, 3, 2, 2, 3, 3, 2, 2, 2, 3, 2, 2, 2, 2, 4, 3, 3, 2, 5, 3, 4, 4, 2, 2, 2, 2, 3, 2, 2, 3, 2, 1, 2, 2, 1, 3, 2, 3, 2, 3, 3, 3, 2, 2, 2, 3, 2, 1, 2, 2, 4, 3, 2, 2, 2, 3, 3, 2, 2, 3, 5, 3, 2, 2, 2, 2, 3, 2, 4, 2, 1, 2, 2, 1, 2, 3, 3, 2, 3, 1, 2, 4, 3, 3, 3, 2, 2, 2, 3, 3, 3, 2, 2, 5, 1, 3, 2, 1, 2, 2, 3, 3, 2, 3, 3, 1, 3, 2, 3, 3, 3, 3, 3, 3, 3, 2, 4, 3, 2, 1, 2, 4, 1, 2, 3, 4, 2, 3, 3, 2]","[2.9513218572453557, 2.1474016865506864, 2.5591657394584915, 2.213219023595628, 2.3865536753756946, 2.306083065829628, 2.5865102441905305, 3.1007638962117676, 3.191631212087812, 2.753277742481311, 2.7001126425618636, 3.8455969645889585, 2.5449856923605396, 2.299949883326425, 2.192463573482981, 2.1071094550897818, 3.7306888714972875, 2.2473779653248824, 2.1652932603722994, 2.328190142033021, 2.6896911234418615, 2.515222813811627, 2.8060320220321686, 2.5840683197365606, 2.1951959821241838, 2.4446496735802645, 2.3750618078183385, 2.322752752425057, 2.0869528952076117, 2.439511322556949, 3.8487674202234086, 2.434955058400056, 2.0887067737471723, 2.51210742291247, 2.383229383474541, 2.9528911647954845, 2.12445886773325, 2.1965782721876295, 2.542026616741437, 2.501571156328593, 2.286295727853661, 3.029446142433632, 2.570318810345238, 2.10121030520623, 2.4982528446930092, 2.0602699566507345, 2.897145262497947, 2.223039924062842, 2.4574682021408094, 2.684685257714187, 3.174405663827838, 2.5394244351563238, 2.812982572713441, 2.5432929662864048, 2.230165888000193, 2.955916802729221, 2.474258345165494, 2.305444661075988, 2.4779333829037378, 2.470179817749081, 2.1698263347133286, 2.2491078758306866, 3.084154935954971, 2.2110432522133583, 2.8402325581878998, 2.68063904122755, 2.323806469634585, 2.541259757174577, 2.1009442389918522, 2.3748128678734366, 2.2108744179514637, 2.3135866954416886, 2.163435204682486, 2.1170755623509754, 2.4599316672117366, 2.3090187471049544, 2.111321104149086, 3.4031202283056543, 2.777839896578858, 2.5228395200121785, 2.3758512795998894, 3.775650201433967, 2.215840982457722, 2.292107160227291, 2.2192766043049907, 3.0829902200599606, 2.5628943556464114, 2.322809397038995, 2.1307402267591007, 2.677466774319488, 2.8024960444781, 2.3286688770612582, 2.658860524189708, 2.3799192328727017, 2.124429540911319, 2.7941950285276835, 2.6320891860675486, 2.1195701075659867, 2.2637622518183873, 2.862495767190495, 2.4616490385416716, 2.6418856905114474, 2.2916957009178365, 3.9136902693315756, 2.491393098337161, 2.1319586728936772, 2.267195994203019, 2.1526689160241066, 2.3821465755262015, 2.8802287908215565, 3.741879298067719, 2.6925708774742554, 4.041366094692911, 2.6347147181800237, 2.457689111425074, 2.2473966171657467, 2.2117435982660725, 2.5276564712328295, 2.09447951688685, 2.534280397905499, 3.3861736575566033, 2.1785802095007885, 2.1549622243872926, 2.219976002422511, 2.2961170696095006, 2.6366767773317865, 2.1455951694399613, 2.8483048746857027, 2.0989150195150463, 2.1412220471347774, 2.4352812351006032, 2.39314500179616, 3.10511328554976, 2.2103265622221357, 2.62822927365891, 2.7277826107030547, 2.171543935027984, 2.34974378995697, 2.2668966867840914, 2.575099789140216, 2.4836595174006266, 2.7470244080255735, 2.044562194001524, 2.2569335521755267, 2.7371119903947894, 2.3225882220881533, 2.283758870699091, 2.381907794411689, 2.277909744986678, 2.257781457063255, 2.555995619201233, 2.2880789332151523, 2.2466277236604406, 2.6402309234133488, 2.2346231113148973, 2.8570898875687054, 2.34834912933199, 2.247091128451319, 2.4887099601368896, 2.2032129896067443, 2.3960619814267945, 2.8261605864881307, 2.1539500194263916, 2.1544068554353664, 2.7713307130524094, 2.2750243357126037, 2.114399315718811, 2.7127992809462853, 2.2164776542866753, 3.804401654315444, 3.3220742909832417, 2.4854880428775306, 2.0766690660224154, 2.2943604457002564, 2.106089052908495, 2.3993962256586756, 2.476129272989442, 2.28323858449854, 3.9090343821341174, 2.626519934370509, 2.6517838988472935, 3.2469779658582256, 2.5375275430048503, 2.253388838097383, 3.6643130003064686, 2.7575933804636508, 2.3535710477262866, 2.483724331466022, 2.2318431374452383, 2.2318438162193557, 3.256608034136026, 2.204702572374446, 4.22579680709538, 2.4454275115608772, 3.3293929720606967, 4.001177914785973, 2.7617625203976237, 2.0224599074508833, 2.2406306529974436, 2.7183681216466278, 2.709427115214054, 3.689864136521433, 2.6727987267272164, 2.3233210196723095, 2.243645263335266, 2.0678925582598398, 2.2485419754538047, 2.4206330665421993, 2.8217499133795765, 2.7571742465566844, 2.3666992262686155, 2.2458440648689417, 2.5473417432703416, 2.736549609361419, 2.7094465608223883, 2.463772732305548, 2.4981752818292207, 3.1198981664457115, 2.640400956935051, 3.184236225947962, 2.0988410302645972, 3.5424358343222475, 2.081095084454923, 2.5672166731786588, 2.2963157032453814, 2.4985638692756966, 2.8898292710816014, 2.8076286752285915, 2.105835965606539, 3.6206814047046905, 2.078927891184939, 2.2072191307584696, 2.2793548064675817, 2.559410674668953, 2.9994722924054846, 2.1973218765893634, 3.298408479378513, 2.4037494363167595, 2.179731915670107, 2.2335754830017587, 2.3648634673144096, 2.0403964993926147, 2.3380607611552384, 2.4288583624359488, 2.4834777180917724, 2.3223581711428087, 2.7737278134035437, 2.689084714765116, 2.273160264950093, 2.9292627171632097, 2.366877416710986, 2.1628787947328387, 2.497093218425097, 2.2593935768446034, 2.1145264174948513, 2.2020906005333107, 3.455911795394873, 2.6433597116031224, 2.3844304912041516, 2.56129124056868, 2.1130175926986596, 3.4222623883156857, 2.4045060384575945, 2.6393098749618478, 2.9554862890018456, 2.150521715885173, 2.3141302219516873, 2.744138013488392, 2.3739755750364404, 2.478428713379819, 3.360013563842437, 2.488264783230817, 2.5319540547095283, 2.6103838696190667, 2.8851135808889468, 2.4208312352336017, 2.097989052732164, 2.353332154880951, 2.5595870211455702, 2.0645185627090616, 2.561367527659961, 2.0999060196219985, 2.628343893151272, 2.2569563813198608, 2.3108679143635134, 2.1051972233607206, 2.0399417240744597, 2.1164193938613347, 2.56953954612233, 2.58083900532942, 2.516000559542831, 2.7391821488630423, 3.1869521769262805, 2.544006108947787, 3.057431476077724, 2.5322049598637957, 3.3195282384352103, 2.389441760848893, 2.425926976435141, 2.673129075093478, 2.094589287891842, 3.031420807151193, 2.7069089115671034, 2.1959084219697798, 2.266131426063576, 2.367236512692197, 3.128527129617801, 2.584096915021565, 2.6738754537093983, 2.2213187662157994, 2.7819415660185216, 3.016108528019995, 3.1051259060772374, 3.0382906243826393, 2.279020578371984, 2.094484543698295, 2.2532377169271496, 4.00009799841847, 2.1423745616455, 2.117695195059552, 2.550985210660705, 2.1766890119004985, 2.498043481362146, 4.1478476839272105, 2.789550007274199, 2.2335410790158208, 2.385235863906414, 2.3107558517142146, 3.891023663290573, 2.6598115797588466, 2.399895657650304, 2.364898882492675, 2.313603360025072, 2.170075033678239, 2.1698785520665345, 2.211647150586984, 3.3910145326899936, 2.1703773556279273, 3.365876114979569, 2.788675079372535, 3.968120287011907, 2.5319091191402525, 2.2581900567035733, 2.207452698910143, 2.0395002818082535, 2.194342904599675, 2.140274201403301, 2.438858740171134, 3.0939854905122726, 2.3701605181113563, 2.4549320237603567, 2.3661812236019544, 2.192599113777517, 2.7775379575172314, 2.6227055538356354, 2.5041690239708916, 2.029442022142489, 2.3247375175437948, 2.132607111912154, 2.272679730068439, 2.7984511537494305, 2.623740920581017, 2.1501596069252744, 2.806179518051529, 2.592624665683049, 2.2616595746375427, 2.0379782454169817, 2.4683680613733037, 2.2303208339850182, 2.3469601847312322, 2.9117905182385893, 3.136494245628051, 2.78986920197176, 2.9376096103691904, 2.832394519597573, 3.5855915994797707, 1.9990574079607157, 2.4004819784316975, 2.0788165400018985, 2.458847700303307, 2.6885949959889173, 4.210079635502884, 2.6267349031797433, 2.3469235645117736, 2.3887808168724205, 2.094376276066874, 2.7787032563232326, 3.373495560893335, 2.2935246750548295, 2.211417000347567, 2.2304101622730004, 3.2038604400068444, 2.0653068776226515, 2.634577474363018, 2.613357095697135, 2.533970243219574, 2.353394314126224, 2.4752071965475095, 2.280012433201902, 2.268031173913185, 2.075028773576393, 2.440791060777082, 2.341556098572932, 2.2616394230947043, 2.456036202608351, 2.5704399960421953, 2.25042376411081, 2.838949973901639, 2.599410156458455, 3.887487000607479, 2.205257957584421, 2.472651100288411, 2.2484393061794985, 2.6603840942277643, 2.4271374434680895, 2.696809755084338, 2.2385802613588304, 2.3261157285812875, 2.3846654456252003, 2.4508426279984024, 2.3945672099413597, 2.4271770083438144, 2.231598825441342, 2.0714169510778424, 2.314103913481816, 2.0813567561007105, 2.3887597703068986, 2.113069131277748, 2.4766632948103187, 2.5135220355106087, 2.3814377684653962, 2.4268034566792815, 2.1429069267569143, 2.3534994755667284, 2.6535187019441246, 3.390586325108324, 2.482689763999415, 2.507828164699618, 2.4117706966906716, 2.20970525144381, 3.4430303739600006, 2.3489983464186563, 2.2227105645166025, 3.2814335641016217, 2.7253628243059116, 2.5543117402771, 2.527340793741597, 2.52980571425246, 3.7743761286667405, 2.2240964408072346, 2.380270688623977, 4.0422318278976235, 2.38152552853558, 2.113378268857919, 2.5060295469270617, 2.2354625925311273, 2.198257154573532, 2.1835302499989884, 3.322648368466141, 3.4549825081860304, 2.2934558420334095, 2.2045430764829046, 2.0685065971136773, 2.2435321813196674, 2.184351526903206, 2.681355848916758, 2.3757222028884377, 2.2640194645278573, 3.981901161639642, 2.1021818839048985, 2.09001925655179, 3.962333881655919, 2.473616249498508, 2.5305638186269492, 2.9409379187430984, 2.3706280578225383, 3.0276614174578804, 2.0826757869268073, 2.3432930699519887, 2.1827546440049113, 2.27040194119401, 2.5248346268893345, 2.150260759491922, 2.383436924209972, 2.1292173354951616, 3.557154423714037, 3.3615599491593646, 2.2575419971746253, 2.705427992375318, 4.236601831518975, 2.2461027681884334, 2.239767832169013, 2.1601937426791022, 2.450908811122912, 2.5416785438263703, 3.0696974459811686, 2.3562314669609736, 2.4048498208453126, 2.596717118536027, 2.5195139104766913, 2.687371140122422, 2.360424259236362, 2.26692527186655, 2.2374864670939005, 2.3786125487161733, 2.269651099970175, 2.3520103522245748, 2.2337773071172484, 2.5060309100170852, 2.378722656500729, 2.13176633452595, 2.1281942182174047, 2.587226580731983, 2.418405971100237, 3.653412178397783, 2.6018676759540433, 3.0098184023465575, 2.450836254673102, 2.5171404596252804, 2.098252503144145, 2.8577761630679905, 2.7502965240112274, 2.7985455403473467, 2.429269900660724, 3.701426994906825, 2.2923256325184136, 2.677017738081546, 2.262099016910114, 2.063472666630853, 2.5749876825369626, 3.3976468227521166, 2.285466483992788, 2.0276982313203313, 3.153000570564032, 2.7768790802860277, 2.158110842775238, 2.261534701390752, 2.227641154885378, 2.4300991781396095, 2.5948269239029655, 3.570677918176598, 2.704319049487028, 2.208976947722317, 2.437250941258046, 2.264293545808568, 2.2679231915775286, 2.585452885010221, 2.6342537302942595, 2.9710835413879337, 2.933977651324501, 2.2176432632619423, 2.103960273479841, 2.6759887456242857, 2.628120148929297, 2.8717658700813944, 3.1034785611177114, 2.5084745715088186, 2.46943169318247, 2.4644684559448677, 2.787004640720118, 4.122395914263545, 2.298744181037707, 2.511322957181939, 3.751468714788949, 2.1484440429329714, 2.2523293974658296, 2.422581971103827, 2.4970746342027192, 2.145616023648884, 2.2686160658649404, 2.247397371192268, 2.8545436602184946, 2.187178257659917, 2.7666500409790205, 2.7909540994817617, 2.152860909978353, 2.497167412618598, 2.104353021830715, 2.2898746838343573, 2.62491810751207, 2.587517151626836, 3.576224468739981, 3.6308151385905614, 2.208119797553103, 4.078433967761897, 2.2750911183878264, 4.281105621068786, 3.48205146174715, 2.4429403724907726, 2.702386295817553, 2.2450651362593406, 3.3512118903120305, 2.4939150545564077, 2.4535692341702178, 2.4214918510546424, 2.197929490757463, 2.850659388127421, 3.083283088804326, 2.4229508695066753, 2.5269276627436406, 3.089760397474634, 2.3475690858746345, 2.7190064303524184, 2.95616437071169, 3.154141654409092, 2.283781090090166, 2.14723927697453, 2.497748988336076, 3.2944480555895854, 2.5331103050853927, 2.2664802357392397, 2.5287831715022127, 2.810876164891125, 2.954381857998459, 2.4512094199268035, 2.2967112208579064, 2.808782921148002, 2.7464228434237175, 2.4552908204569786, 2.238172074136296, 2.3400154390706165, 3.6492945421252334, 2.2069871668265133, 2.936372598416149, 3.0994337465910498, 2.031022045840256, 2.386421613390141, 2.7374886080925966, 3.7778298143653783, 2.218992978458205, 2.1359586327499027, 2.164955638406114, 2.625884842719604, 2.163679837207897, 2.6900933800300932, 3.5927372076760165, 2.0746304616439932, 2.789789219474792, 2.4778814572012036, 2.5102590337221007, 2.664166837654444, 2.794772031150414, 2.652974114057653, 2.3343536375009384, 2.1696339195411243, 2.235261041398013, 3.021458628358763, 2.183366913818601, 3.2395545398350514, 2.627507105400091, 2.7221718349840534, 2.221624346263584, 2.4747089738948738, 2.295830131349737, 2.5373169460015483, 2.142975925674338, 2.0739149607363734, 2.16000503086462, 2.4261580630048347, 3.8418908499563367, 3.5837047842057776, 2.4587969674969936, 2.0953953206999256, 2.0320256664573253, 2.416867244115146, 2.6074329559859204, 2.0454271380096287, 2.756148986178287, 3.9970794306022484, 2.4917620216485314, 3.503774731227786, 3.006292508573911, 2.297649813524278, 2.2799926549433867, 2.3585658126018045, 2.3660962758301842, 2.998440833211314, 2.0941111764559865, 2.2626403875833176, 2.3092920276781785, 2.317331866034243, 2.536056256948272, 2.3967435609533765, 2.2512063844732157, 2.7147362515787834, 2.398292397455708, 2.0201146230326015, 2.0624974186689746, 2.3414385717945625, 2.2116887007427426, 2.032637247770852, 2.2550109914309533, 2.3952552698445935, 2.2562350165645912, 2.3879443975763883, 2.246169142979785, 2.4163437473643183, 2.4280034720507335, 2.349894217347707, 2.416040304335331, 4.33599773243313, 2.3357615268372216, 2.5328341132464804, 2.3952847535262394, 2.5668775479622643, 2.5014622082476197, 2.171653706032976, 2.215517162601041, 2.680493544752719, 2.1868000683995135, 2.7891290220406257, 2.4631150249541314, 2.2034149046926323, 2.183699886370741, 2.29557941473077, 2.225210494945364, 2.5483162070821863, 3.2512342182370126, 2.2552117155543674, 2.4881194030489917, 2.299262738815947, 4.168479740845211, 2.2753074123525585, 2.088947613673632, 2.226687715299162, 2.440729959318955, 2.08637663795225, 2.3881288442398643, 2.85282565099927, 4.095402334752926, 2.015001751740287, 2.3649958856101403, 2.1937982858812193, 2.261816821153262, 2.6479388462556437, 2.3177420492530714, 2.652053317642326, 2.4190787142422763, 2.1808273667678613, 2.3670849033752748, 2.1096435971478815, 2.150876622240845, 2.5118287811671642, 2.4355443184598062, 3.26589376077965, 2.1759804623958523, 3.684796515107078, 2.3284754713935962, 3.624765452416534, 2.5505789225856597, 2.263130718531702, 2.5980295058678706, 2.704567923175512, 2.146285837388314, 2.5682621675508073, 3.376611316603439, 2.307584772637085, 2.2268034308039195, 2.3163928947451957, 2.1402582809432964, 2.2074025178792898, 2.1477648202502566, 2.3005454098098275, 2.515040121872676, 3.4164467774133107, 2.3575780458428084, 2.331446274025866, 4.4816088002720385, 2.4052004222004206, 2.73687402865606, 2.9680737858837087, 3.2781492457196615, 2.3318401586975335, 2.7172441520683472, 2.2237367639436068, 2.0702517454840703, 2.2213998891729783, 2.2068191633956182, 2.379878341420393, 2.707690224742517, 2.4720092558226767, 2.189906377231807, 2.2014878500853956, 2.1857211297049006, 2.0195149082026704, 2.501172064925632, 2.515185565311634, 2.264613449880259, 2.162151169785463, 2.2768060036060116, 3.2421635951868284, 2.197371905563336, 2.4141714480594847, 2.151962566503612, 2.2963838874664937, 2.1739512669607155, 2.854033434030761, 2.133197576060886, 2.5173209479171628, 3.1819287259811366, 2.488414025651028, 2.068769901700322, 2.5267116363879114, 2.655982893328308, 2.3418044205906026, 2.710304108167892, 2.5620313100773244, 2.312916805047483, 2.3436976683787076, 3.0637307475178925, 2.098745162065554, 3.0096662564366516, 2.9641798100712795, 2.5112745549172786, 2.271131922985252, 2.0853187076155697, 2.638810475662361, 2.2638874400372777, 2.8182200609622736, 3.0618481382324343, 2.149025197432491, 2.3767844967435368, 2.2870145612449275, 2.3106538669141963, 3.2273211474284786, 2.2691845182470316, 2.2695890021118434, 2.526882891835059, 2.349110842246164, 3.1399426353628472, 2.453014635652564, 2.3430601456480873, 2.450434900767811, 2.584871926679919, 2.14848481502054, 2.649888232284182, 2.5478374834654645, 2.776228103945066, 2.117057165682364, 2.9300299614345886, 2.2692128856785523, 2.2969752997001223, 2.5660164657236706, 2.3461083716924316, 2.499434275152327, 2.2268221959276806, 2.1854044084789015, 2.8070780928065555, 2.9228214503635517, 2.420120391850444, 2.3824239363780477, 3.4626325931913686, 3.5992167643701127, 2.299035908623425, 2.0352742094309697, 2.5082211827703387, 2.1878736872296383, 2.115109771978523, 2.3644665636009257, 2.1175307491610433, 2.667993543086442, 2.1320277405051606, 2.5346632391409507, 2.2845678713569706, 2.617765653791307, 2.401679792987165, 2.0700880776537516, 2.7791539270541055, 2.05821476929624, 3.299517728867191, 2.692955639638319, 2.592104071582457, 2.3073802334251248, 2.3436593399659875, 2.3470024098398095, 2.094593102980388, 2.7176327362377224, 2.0400044503630266, 2.2995160563816333, 3.5431051919173733, 2.3303143220733937, 2.2828943479089445, 2.182394225401811, 2.428165475826468, 2.0740383769911546, 2.3486060393564085, 2.318528052451686, 2.1800771678133843, 2.29102257491513, 2.318151571384544, 2.347138199075053, 2.5709949719659284, 2.450743652355773, 2.3815909033186857, 2.6525376006924763, 3.95626816451325, 2.249770631239153, 2.1200178465027184, 2.4243794362712, 2.722327011832471, 3.994550596503261, 4.235534076721222, 2.207691058806697, 2.2770094755180366, 2.026750385588855, 2.2674715622998476, 3.0677367347602047, 2.4249924998710743, 2.4965997397070683, 2.478416424275893, 2.4818103391076884, 2.2918687010366647, 3.405134742866653, 3.173521066858101, 2.7156044028883333, 2.4180274708311087, 2.318117874035691, 2.445952564597787, 2.865693216009756, 2.313351785822733, 2.7665451006162556, 2.474051006241573, 2.2011581158524613, 3.999779344843663, 2.5112309885098356, 2.590652835364397, 2.7045455632974527, 3.717595117002884, 3.5312539624989734, 2.335489773828939, 2.7628652410009384, 2.602622586027625, 2.7814458311530705, 2.058897028999311, 2.3466367016541154, 2.719337601356992, 2.076508013994494, 2.1145463353734972, 2.969080986787143, 2.585501029718722, 2.214293778746546, 2.499502720900599, 2.181792731805687, 2.3062733719880795, 2.8226753487657508, 2.940821426186706, 2.538102031220064, 3.1461851017550866, 2.1529097334609717, 2.4166792941108044, 3.9094022586370576, 3.272087793231644, 2.221483890888426, 2.7137321446401628, 2.458158562030739, 2.986786476043207, 2.376840610287565, 2.2134824274763454, 2.151404981309485, 2.5731904910330416, 3.922777910555935, 2.834546458418121, 2.0393214125917654, 2.7260822106979132, 2.3354247195673477, 2.210216411727615, 2.4691699912547884, 2.1085611474521455, 2.6090347942995753, 2.348638550426403, 2.28089797386277, 2.5542332393538643, 2.230573250623274, 2.4106569395679065, 2.111666777510321, 2.274743653823647, 2.0885532401655196, 2.352285837584784, 3.089394649375038, 3.7445636567647234, 2.0886441932839412, 2.225369683768697, 2.597872361000807, 2.39554175040798, 2.2269135299380025, 2.5117431527424046, 2.9883263620508034, 2.148589249726952, 2.664178264941542, 2.085064979747086, 2.385607287888897, 2.3321974682786335, 2.53824863776721, 2.7369119289047337, 2.1758670748904594, 2.4673061417283995, 2.4042190977789035, 2.3429794385091545, 2.12362239185311, 2.28212620843016, 2.1240921765012932, 2.093711798626024, 2.2396668843957155, 2.0577577687936333, 2.3313799902049124, 3.993303534323255, 2.3934447676286164, 2.9574567845973356, 2.7684140008810765, 2.678315443941318, 3.0607295647876014, 2.2793286159600794, 2.0357360257201256, 2.0588899783022647, 2.3986124935571995, 2.1841373374498514, 2.143501468950064, 2.1139020333674523, 2.112377784555278, 2.280052632040971, 2.082622568875598, 2.4820266441067997, 2.7163917371832675, 2.218110574111765, 2.911337511909455, 2.5701025401491107, 2.7106720235594985, 2.9364875615611403, 2.301925132986045, 2.334885520007453, 3.9884625171584327, 2.517291589831803, 2.971087672582905, 3.343170528362026, 3.9892618561197017, 2.250659324463819, 2.794885068054481, 2.2333793520350804, 2.345710489602123, 2.1630017145172573, 3.0829993900716826, 2.3042175134933847, 2.6298308481848602, 2.419081498236243, 2.081972152502783, 2.1640062893010668, 2.5506901454804236, 2.171326558907639, 2.6289890648856624, 2.523826448341279, 2.0775624944165347, 2.656509354266015, 2.3968961369678277, 2.208030443281026, 2.6121260072713173, 2.763733021889181, 2.6219021608716178, 2.4276142749920204, 2.302952243720123, 2.21806543772882, 3.726874497000557, 2.860098512957342, 2.0544207302418775, 2.0903439298787667, 2.1049734023342674, 2.1309191084123396, 2.4219581564036283, 2.1686631832783725, 3.1360210180267485, 2.234000739468182, 2.307459320059951, 2.9184375977722037, 2.5139500886808133, 4.048194967276439, 3.399679557157345, 2.346979580695476, 2.7612549904710018, 2.333407159043743, 2.674951074058891, 2.320569912509277, 3.9175185688070853, 2.205633877839815, 2.137428105972116, 2.2779277834026863, 2.5519193295350817, 2.266992655679579, 2.204657639232777, 2.2433498376068157, 2.0964894732174586, 3.310196527766414, 2.558297995915522, 2.5270803963075634, 3.2977460416398343, 2.4778914819795914, 2.536792692540889, 2.5539096132561543, 2.3414574156565475, 3.964214645573252, 2.2036751947485165, 3.5719403291201823, 2.142805628364931, 2.3395637345405316, 2.113375132543491, 2.1241553240078184, 2.345491368810097, 2.4228188791106087, 2.035895878461899, 2.2941295687530863, 2.691362497284638, 2.215770867290173, 2.245672025122059, 2.330528764280074, 2.5710805071784595, 3.2694694989446083, 2.21708527468632, 2.1919634412441953, 2.6296486703680126, 2.7389056915346504, 2.4236211065561926, 2.118160048369064, 2.795742538736529, 2.374984702650927, 2.2330398520086296, 3.1185884623531184, 2.54869891862699, 2.9890120948478662, 2.65096256505851, 2.3469887483406513, 2.9969382175431063, 3.870030029652985, 2.3888090940461577, 2.5048175622834408, 2.3750216975570813, 2.2861610625024604, 2.314499405650301, 3.0843683692896757, 2.1105649948156966, 2.2101349265204924, 2.104434178882406, 2.5415577573891515, 2.3684600864843643, 2.919017994582285, 2.2552220785146906, 2.056475549141223, 2.1954473837488138, 2.5508033044238614, 2.5270962153813668, 3.018281189539752, 2.532989038470881, 2.195450655835734, 2.089851382688181, 2.23067758123278, 2.2133211644235287, 2.091617419362009, 2.096651591142943, 2.932474291532914, 2.640345233409896, 2.0828395540511986, 3.619102958915747, 2.522634873580451, 2.487537786882094, 2.074380914037961, 2.609644676070313, 2.6526075117751464, 2.2387885239991805, 2.22617174462852, 2.3967830859152, 3.663603392952261, 2.2789545234123896, 2.5373763211381726, 2.3010963011571395, 2.518180976844646, 2.6889653276132415, 3.006304204596712, 2.5130836302647586, 2.31598793322802, 2.344959950081804, 3.340245181937033, 2.3457481253752626, 2.7661290360863076, 2.1878630214345622, 3.65734880069513, 2.158195102046845, 2.612302789821571, 2.2260604524134937, 3.0558005336243323, 2.2412044627653382, 2.436589766717385, 2.0724095298107694, 2.4071942581745462, 2.2339609374786047, 2.2332851633081576, 2.110105847091747, 2.414096119637319, 3.9369146372240253, 2.147926427716554, 2.176501623539739, 2.6802886048425747, 2.423139305096702, 2.324830372614449, 2.2129054018788397, 2.1954513811411145, 2.4389367750469226, 2.1151041781237834, 2.418292032269544, 2.1707703653562596, 2.181578882944515, 3.4760348505604606, 1.9546456841714104, 2.6968491206821614, 2.6886363410519216, 3.072105084261868, 2.793272162297962, 2.8461809046449904, 2.5993772513437126, 2.0694374037247774, 2.5822110358833914, 2.159762001006853, 2.65895190445823, 2.5859737117934705, 2.444966631601998, 2.4497434597038037, 2.1620263207300434, 2.410913429540624, 2.1920241675391274, 3.3750408361130764, 2.4101438873847125, 3.196940322477126, 2.870742309404168, 2.702605058356975, 2.261547445386312, 2.3835657884941566, 2.3293201856520134, 2.3475755370209686, 2.063898672444326, 2.521774514405408, 2.117901729967348, 2.5190087062975692, 2.181043136399264, 2.1130980368817207, 2.442008629549396, 2.1339707951139246, 2.5605060619695186, 2.570593706022856, 2.7078189400972184, 2.4041850357961994, 2.681369174067798, 3.329786946981468, 2.3054162218188656, 2.2138883998590506, 2.107674524635665, 2.3983715043109037, 2.6782273161285994, 2.7382591831895464, 2.1533875532461555, 3.6211939506640816, 2.300351227476347, 2.6263205185807563, 2.6508004877508617, 3.08553287192664, 2.1670294210173653, 3.444135883254115, 2.3015986483854562, 2.8703179829044343, 2.257483607889007, 3.9124182427724845, 3.7069910370632915, 2.240546363452623, 2.388724638455631, 2.2484855217940947, 2.5077157743713876, 3.7892790904424563, 3.5751977078160073, 2.872594142817687, 3.6713087098953014, 1.9520411856476518, 2.1657677212132413, 2.6927795182104424, 2.080012377203028, 3.663002523692011, 3.6462880544638647, 3.0212132100339244, 2.1704506133414503, 2.5186034429621955, 2.469961829614932, 2.665710646333312, 2.3884851422382836, 2.24664136891023, 2.3587548425275537, 2.747715794755983, 2.044113022264154, 2.48236290852475, 4.235355614698848, 2.4189974905886538, 2.3186615564238697, 2.1385994094985663, 2.084930797000785, 2.5328108680991783, 2.2254090983080306, 2.5350666321996775, 2.2736879741154583, 2.1547650275230517, 2.3282795327835175, 3.2497580855619006, 2.4805687603001254, 3.548849408686904, 2.7105878712158815, 2.6478594331671617, 3.4510741438672863, 2.292647185789011, 2.747967909541021, 2.2783360208194012, 2.034620865057917, 2.168576402098728, 2.1247848986084614, 2.6443487973297715, 2.8610734248568086, 3.2269647887689494, 3.2668327132333386, 2.5006655381246206, 2.745485925876793, 2.783658444849095, 3.0324010066634326, 2.046546656435211, 2.5392985456432373, 2.589669090897544, 2.560393104288856, 3.1643150789527503, 2.5015886114432577, 2.5309016106098405, 2.1809964058231057, 2.498458755495763, 2.52579155511044, 2.4818442249918427, 3.071623000877751, 2.523560956777772, 2.4941528022807757, 2.397904606745718, 4.070121026060467, 2.380576639545837, 2.1134137046469075, 2.1293226126374902, 2.9860235229332703, 2.343752535628824, 2.676932389143771, 2.2024896919362718, 2.6643439684044563, 2.452256169475308, 2.3658396761247333, 3.5877747255231487, 2.259399217230606, 2.357394747963217, 2.451334771807493, 2.4959793907293997, 4.234902527176487, 2.0531944313003962, 2.2600193487934512, 2.1923862315198357, 2.4558171432032667, 2.268901782199259, 3.5924575792128515, 2.5839677186372887, 2.2487011480190886, 2.4435224701226534, 2.580167516424348, 2.338487932160347, 2.152956778177397, 2.162990123426284, 2.140598599337655, 2.436202155387189, 2.265856787942117, 2.8371157022126563, 3.0736133338160063, 2.8406168752333585, 3.0143067256725766, 2.2961677393270974, 2.9696967717150327, 2.489109422405247, 2.7494097109576705, 2.428420336679627, 2.5233695507956613, 2.3794775719476826, 2.0761986188581645, 2.790076826722821, 2.129747372633551, 2.923094652580225, 2.2769928700523687, 2.4205478604109714, 2.2940382726235553, 3.9233588074906156, 2.2620736913281227, 2.52179019597755, 3.1483293443814215, 2.240179513958579, 2.500224024268927, 2.0845035794644127, 2.6893280625757683, 2.3018491323217654, 2.9874662464157002, 2.3027496757806576, 2.302195415286558, 2.6357308337022443, 2.761609989924221, 2.1624190388077036, 2.304580871914897, 2.344697110825454, 2.0428515450898432, 2.5394671428698006, 3.36005737155667, 2.791804784392456, 2.5745634554896832, 2.2434417448919777, 2.341928094401543, 2.3944648173123455, 3.747207336766093, 2.4362122992678623, 3.1120276160769187, 2.512551286090866, 2.3449433911473996, 2.912972641177751, 2.3064825687245016, 2.594111835554151, 2.8949943533722147, 2.0481362349015986, 2.02923188907579, 2.451093954370628, 2.6850974560447836, 2.6922098755784916, 2.2929408929982924, 2.381393365853582, 2.0909375179051763, 2.1556905443668346, 2.1932031766447753, 2.561159094144731, 2.600734305057715, 2.387316629596225, 2.762768978035852, 2.0916631065301994, 2.33276869871387, 2.2003149437416, 2.260657558090488, 2.054122780371185, 2.1318222552368784, 3.1473023192443694, 2.4663847440605844, 2.462223954806251, 2.5316078143049987, 2.775698920276972, 2.360653412748776, 2.2837850612065935, 2.362282096267362, 2.7027158600337806, 2.8198725922830215, 2.1523749108092467, 2.730772046622574, 2.0522869364385294, 3.7161180643702267, 2.5664694461946795, 2.8757153434256524, 2.7937822505586603, 2.4539794164075115, 2.6205871389193782, 2.489265508831568, 3.458490625325531, 2.068874224675911, 2.2421834202901447, 2.2052698240680173, 2.096493563698627, 2.9333421243171114, 2.65082790865824, 2.2727948785299024, 2.957410597975015, 2.784307549728438, 2.241878664841814, 2.1772410032398866, 2.685793158438498, 2.21326428954586, 2.325373534490597, 3.396829482975815, 2.1742377374712576, 3.042155003661971, 3.6250191664819704, 2.4064207477976343, 2.0738714735523347, 2.3982139305919645, 3.423505037877381, 2.1070185019713596, 2.5028896652402874, 2.335825634865394, 2.146015113649473, 3.4566880674619336, 2.2210172588127204, 2.3098146921956357, 2.8954916956762116, 2.2843969000762794, 2.5564246682666076, 2.2018323227581105, 2.2705463574830493, 3.9301105887808756, 2.227101451247544, 3.3295803021268933, 2.26500862549823, 2.1756253800913323, 2.271677787521119, 2.358086988182637, 2.4179848192809024, 2.554951325790668, 2.326560153702669, 2.5458769045124576, 2.615647839442318, 2.6253406575061558, 2.573914367970303, 2.39878294480236, 3.064256864341522, 3.032920413241176, 2.0797816474835655, 2.459590808234679, 2.327472821201316, 2.13991550259838, 3.436837931730219, 2.4998467614706783, 2.609677419402128, 4.166159300420575, 3.7146566923514275, 3.1141195881445047, 2.5605357442393095, 2.05621987473167, 2.5498124866206644, 2.6885966000589323, 2.333833266861993, 2.1324620633802605, 2.56245746935005, 4.037852165681378, 2.2638277444141597, 2.105637277805478, 2.310893024949608, 2.251610168326985, 2.0819223926898878, 2.274640615086316, 2.5877253651485796, 2.3739699811817014, 2.472684391836842, 2.3186416385452238, 2.2840480904006157, 2.53864524618582, 2.6373317619614953, 2.59651988799811, 2.9202082850537288, 3.0194438361882976, 2.658075374461389, 2.353102782709724, 2.321524988857649, 2.707037871341422, 2.5862518482945798, 2.3841038932856455, 2.149484586454551, 2.1681087343986736, 2.475083780292728, 2.767917134497665, 2.436328085345552, 2.2144814308950105, 2.233250406293287, 2.01714766958339, 2.197956947842802, 3.034264200169682, 2.6752647131269627, 2.16399906250547, 2.5710932334872583, 2.1328303697166113, 2.388048698062382, 2.3640258870895203, 2.6030872647906604, 2.52272283396795, 2.524734293821832, 2.6033347923323897, 2.999137522051753, 2.255439409655845, 2.160469351225351, 2.3594878362809277, 2.366233183399001, 2.425006669033356, 2.2855100341421815, 2.275410787392953, 3.5606305280903308, 3.613983563793324, 2.4459198098107557, 2.473740089895209, 2.6494102869027123, 3.0580531451086532, 2.256819552497948, 2.9266237515734765, 2.7522919530766528, 2.049840611184423, 2.2575072401597542, 2.3124208740041334, 2.0268319297639916, 2.1664202972441498, 2.235517056399748, 2.3111622577516284, 2.566128323386217, 2.6775226303896265, 2.4201505640322534, 2.446873053227754, 2.110297162271876, 2.400393910426452, 2.3170951779758924, 2.391038284486709, 2.7703376904622274, 2.3411474275015083, 2.57462985104146, 3.682646136067112, 2.4854190460522356, 2.236241350265849, 2.643540809383881, 2.3366640012425504, 2.3089315236464687, 2.41137495558148, 2.3084220776190536, 2.4430864720645515, 2.2008567721111816, 2.8347105060734465, 2.1592333516899123, 2.215256179455417, 2.3795927645214823, 2.4926210449254755, 3.5092779641592986, 2.3670733451185186, 2.1457554783260386, 2.8733737080502104, 2.4260903223415737, 4.305469601814174, 2.3597182527269767, 2.440099588150242, 2.55954017501729, 2.509658840798326, 2.1699819914746556, 2.2009952260903325, 2.365579041505667, 3.1355957035651656, 2.2529376300376605, 2.3935463996991055, 2.0850123411759216, 2.2532321230724106, 2.5102157472183357, 2.2721551634490478, 2.573184044184507, 2.2178028570451844, 2.3664136882670515, 2.4546643467679177, 2.1664577103874763, 2.351340204124508, 3.250690806553304, 3.011188463100333, 2.3395431378877682, 2.495491539810921, 2.036727680559527, 2.6511854345142467, 2.326795119728635, 2.119799662040969, 2.2101838492971835, 3.0836063399422775, 2.7214753422000793, 2.1233920996096556, 3.884138095572128, 2.236412747567332, 3.683069266926254, 2.8398912826723555, 2.0540820082836166, 2.5961199214934316, 2.113968428919229, 2.399371792444327, 2.564087252852032, 2.0561566682571306, 2.5028795775228847, 3.3626385837752353, 2.0755633045774458, 2.689976999625361, 2.322661457312081, 2.380566809384594, 2.2999471455906586, 2.377402598373957, 3.0056088642508594, 2.3427671684236593, 3.4085059689000774, 2.074357602288728, 2.0753576653734105, 2.904681794402346, 2.0995321194309082, 2.1538627355711797, 2.1146108404282575, 2.3643702105364377, 3.544812897473696, 2.6729097643100452, 2.4748799337203486, 2.329052844899083, 2.117405975358027, 2.471198986708089, 2.6863929362074437, 3.005665172696384, 2.25472873076632]"
1.75,8500,0.6392004192043164,0.6392004192043164,0.022120237350463867,0.3176763200024928,"[4, 2, 3, 1, 4, 2, 3, 1, 3, 3, 2, 2, 3, 2, 2, 2, 4, 1, 2, 2, 4, 3, 4, 3, 2, 2, 2, 1, 1, 2, 5, 3, 2, 3, 1, 3, 3, 3, 2, 2, 1, 1, 1, 1, 2, 2, 4, 2, 2, 2, 3, 2, 3, 3, 2, 3, 3, 2, 3, 3, 2, 2, 3, 2, 2, 1, 2, 3, 2, 2, 2, 3, 1, 1, 3, 2, 2, 3, 3, 3, 3, 2, 2, 2, 2, 4, 3, 2, 2, 4, 4, 1, 3, 2, 1, 2, 3, 2, 2, 2, 3, 3, 2, 4, 3, 2, 3, 2, 2, 3, 5, 4, 5, 4, 2, 2, 1, 4, 3, 3, 3, 2, 2, 2, 2, 2, 2, 4, 2, 2, 3, 3, 2, 2, 2, 1, 3, 2, 3, 4, 3, 4, 1, 2, 3, 4, 2, 2, 2, 3, 2, 2, 3, 3, 3, 3, 2, 3, 3, 2, 1, 3, 3, 3, 1, 2, 2, 2, 3, 5, 3, 2, 2, 1, 1, 3, 2, 1, 5, 3, 4, 4, 3, 2, 4, 1, 2, 2, 1, 1, 2, 2, 5, 2, 3, 4, 1, 2, 2, 3, 2, 4, 1, 3, 2, 2, 1, 4, 3, 3, 2, 3, 3, 4, 3, 2, 3, 3, 3, 2, 1, 4, 2, 3, 2, 2, 3, 2, 3, 5, 2, 2, 2, 3, 3, 2, 3, 2, 1, 1, 3, 3, 2, 2, 3, 2, 3, 4, 3, 3, 1, 2, 2, 2, 2, 2, 5, 3, 3, 3, 3, 4, 2, 4, 3, 2, 3, 3, 1, 3, 4, 2, 4, 3, 2, 3, 2, 2, 3, 3, 2, 3, 2, 2, 4, 3, 1, 3, 3, 2, 3, 4, 4, 2, 5, 2, 2, 2, 3, 2, 1, 3, 2, 2, 1, 2, 4, 2, 3, 2, 3, 4, 3, 5, 2, 1, 2, 5, 3, 2, 2, 2, 3, 5, 3, 2, 2, 3, 3, 3, 3, 3, 1, 2, 2, 3, 3, 2, 4, 3, 2, 3, 3, 2, 2, 3, 2, 3, 4, 2, 2, 2, 1, 3, 4, 2, 1, 3, 3, 2, 3, 1, 4, 3, 3, 3, 2, 3, 2, 1, 4, 3, 5, 3, 3, 4, 2, 3, 2, 4, 3, 4, 2, 2, 3, 1, 3, 4, 3, 1, 3, 4, 2, 3, 4, 3, 2, 2, 2, 3, 2, 1, 2, 2, 3, 3, 1, 3, 2, 3, 2, 3, 1, 2, 2, 3, 2, 2, 3, 2, 2, 3, 2, 2, 2, 2, 2, 2, 2, 1, 4, 3, 1, 3, 2, 3, 2, 2, 3, 2, 2, 2, 2, 3, 3, 3, 1, 3, 4, 1, 2, 4, 3, 2, 3, 1, 2, 2, 4, 3, 1, 2, 2, 1, 2, 2, 2, 3, 3, 2, 2, 5, 1, 2, 4, 1, 3, 2, 3, 3, 3, 4, 3, 2, 4, 5, 2, 3, 3, 5, 3, 1, 2, 3, 3, 1, 2, 3, 3, 3, 4, 3, 4, 2, 3, 2, 1, 1, 3, 2, 1, 1, 3, 3, 3, 2, 3, 3, 3, 1, 2, 3, 3, 3, 3, 2, 2, 2, 4, 3, 4, 2, 3, 5, 2, 2, 1, 2, 4, 3, 4, 3, 2, 2, 2, 2, 3, 4, 3, 2, 3, 2, 2, 2, 3, 4, 1, 3, 2, 2, 5, 2, 1, 4, 2, 2, 2, 2, 2, 2, 2, 3, 1, 4, 2, 2, 3, 1, 2, 1, 3, 4, 4, 2, 5, 2, 4, 4, 1, 2, 2, 5, 1, 3, 2, 3, 4, 5, 3, 3, 4, 2, 4, 4, 2, 2, 2, 1, 3, 4, 2, 3, 3, 3, 2, 3, 2, 2, 1, 2, 3, 4, 3, 3, 4, 1, 1, 2, 5, 2, 3, 1, 3, 3, 3, 4, 2, 3, 1, 2, 3, 3, 4, 1, 2, 1, 3, 4, 1, 4, 3, 1, 2, 1, 2, 2, 2, 2, 2, 5, 3, 4, 2, 1, 3, 4, 1, 3, 4, 2, 4, 3, 2, 2, 2, 3, 3, 2, 3, 3, 3, 2, 1, 2, 3, 3, 2, 2, 3, 2, 2, 2, 2, 2, 3, 2, 2, 2, 3, 2, 5, 2, 3, 3, 2, 3, 2, 2, 3, 2, 3, 3, 2, 2, 2, 3, 2, 4, 3, 3, 3, 4, 2, 2, 2, 4, 2, 2, 2, 1, 2, 2, 2, 2, 3, 2, 3, 2, 2, 3, 2, 2, 3, 2, 4, 2, 4, 1, 4, 2, 3, 2, 3, 1, 2, 4, 3, 3, 2, 2, 2, 2, 2, 3, 2, 3, 3, 5, 2, 2, 2, 3, 2, 2, 2, 3, 2, 2, 2, 1, 3, 3, 3, 2, 2, 2, 3, 3, 3, 3, 5, 2, 3, 1, 2, 2, 3, 2, 3, 4, 3, 3, 3, 3, 3, 2, 1, 2, 3, 3, 2, 4, 1, 3, 2, 2, 4, 3, 3, 3, 2, 3, 3, 4, 3, 2, 2, 2, 2, 2, 2, 2, 3, 3, 1, 3, 2, 1, 1, 3, 2, 3, 3, 3, 3, 2, 2, 2, 4, 3, 3, 5, 5, 3, 2, 5, 3, 3, 2, 3, 3, 2, 3, 2, 1, 4, 2, 2, 3, 4, 4, 2, 3, 2, 2, 2, 3, 3, 2, 4, 3, 2, 1, 2, 2, 3, 4, 2, 2, 2, 2, 4, 2, 3, 3, 4, 3, 2, 3, 3, 1, 3, 2, 3, 3, 1, 3, 2, 3, 3, 2, 3, 4, 2, 3, 2, 3, 2, 3, 2, 3, 3, 2, 3, 2, 2, 3, 4, 2, 3, 3, 3, 5, 2, 2, 3, 2, 2, 3, 3, 2, 2, 2, 2, 4, 4, 2, 2, 3, 3, 4, 4, 2, 2, 1, 2, 2, 2, 2, 2, 5, 3, 2, 1, 2, 2, 2, 2, 2, 2, 3, 3, 2, 3, 1, 2, 2, 2, 2, 1, 2, 2, 3, 2, 3, 2, 2, 3, 4, 3, 2, 3, 3, 2, 2, 3, 3, 3, 1, 3, 3, 3, 2, 1, 1, 5, 4, 4, 2, 3, 3, 1, 1, 3, 3, 2, 3, 3, 3, 3, 2, 2, 3, 2, 4, 2, 3, 4, 1, 2, 5, 2, 4, 2, 3, 2, 2, 2, 3, 2, 4, 1, 2, 2, 2, 2, 3, 1, 3, 3, 2, 1, 3, 3, 3, 3, 2, 3, 2, 3, 1, 1, 1, 2, 2, 1, 2, 2, 3, 2, 3, 4, 2, 4, 4, 2, 2, 2, 4, 3, 2, 1, 1, 2, 3, 1, 3, 2, 2, 3, 3, 3, 4, 4, 2, 3, 4, 4, 2, 3, 2, 2, 1, 3, 3, 3, 1, 2, 3, 2, 2, 3, 1, 4, 3, 2, 3, 3, 2, 2, 2, 3, 2, 4, 3, 3, 4, 2, 3, 4, 2, 1, 2, 2, 2, 3, 1, 2, 2, 3, 2, 3, 2, 2, 2, 2, 4, 2, 1, 3, 1, 3, 2, 2, 2, 3, 3, 2, 4, 3, 3, 1, 3, 2, 3, 2, 3, 4, 2, 2, 2, 3, 3, 4, 2, 2, 2, 4, 3, 4, 2, 1, 2, 3, 2, 3, 1, 2, 1, 2, 1, 3, 2, 2, 5, 2, 2, 3, 3, 2, 2, 1, 3, 2, 3, 3, 3, 4, 2, 3, 3, 3, 3, 2, 3, 2, 3, 2, 2, 2, 3, 3, 2, 2, 1, 3, 1, 3, 3, 2, 2, 2, 1, 3, 2, 3, 2, 3, 2, 2, 3, 3, 4, 2, 3, 3, 3, 4, 3, 2, 3, 4, 4, 3, 1, 4, 2, 3, 2, 3, 2, 3, 3, 3, 2, 5, 4, 2, 2, 2, 1, 3, 3, 2, 4, 1, 2, 2, 2, 4, 3, 4, 2, 2, 3, 3, 3, 3, 3, 2, 2, 2, 2, 3, 2, 2, 1, 1, 4, 2, 2, 2, 2, 3, 3, 3, 3, 2, 3, 3, 3, 3, 2, 2, 1, 2, 3, 3, 3, 2, 4, 3, 5, 2, 3, 2, 2, 3, 3, 3, 3, 2, 1, 2, 4, 2, 2, 3, 5, 3, 2, 2, 4, 2, 2, 2, 4, 2, 1, 3, 1, 2, 3, 3, 5, 1, 2, 1, 2, 2, 4, 2, 3, 2, 1, 1, 2, 2, 1, 1, 1, 2, 4, 2, 4, 2, 3, 3, 1, 1, 3, 2, 1, 2, 3, 4, 2, 4, 2, 4, 3, 3, 4, 2, 3, 3, 3, 2, 2, 2, 3, 3, 3, 2, 4, 2, 3, 3, 3, 3, 3, 3, 3, 3, 3, 3, 4, 3, 1, 3, 3, 2, 2, 1, 1, 3, 2, 3, 2, 4, 2, 2, 2, 2, 3, 2, 3, 2, 3, 2, 1, 1, 1, 4, 3, 2, 3, 3, 3, 2, 4, 3, 4, 2, 3, 3, 5, 2, 2, 2, 2, 3, 2, 4, 2, 1, 1, 2, 2, 2, 3, 2, 3, 3, 1, 3, 3, 3, 3, 1, 4, 3, 2, 1, 2, 1, 2, 3, 2, 1, 4, 2, 3, 4, 4, 4, 2, 3, 4, 2, 4, 1, 2, 2, 2, 3, 3, 3, 2, 2, 4, 3, 2, 1, 4, 3, 3, 4, 2, 4, 3, 3, 5, 4, 4, 3, 1, 4, 2, 2, 3, 4, 5, 1, 2, 4, 2, 3, 2, 3, 2, 3, 3, 2, 2, 2, 4, 4, 3, 3, 3, 2, 1, 4, 3, 2, 2, 3, 3, 2, 2, 1, 1, 3, 4, 3, 2, 3, 3, 2, 3, 3, 2, 2, 3, 3, 2, 2, 2, 3, 2, 2, 2, 2, 4, 3, 3, 2, 5, 3, 4, 4, 2, 2, 2, 2, 3, 2, 2, 3, 2, 1, 2, 2, 1, 3, 2, 3, 2, 3, 3, 3, 2, 2, 2, 3, 2, 1, 2, 2, 4, 3, 2, 2, 2, 3, 3, 2, 2, 3, 5, 3, 2, 2, 2, 2, 3, 2, 4, 2, 1, 2, 2, 1, 2, 3, 3, 2, 3, 1, 2, 4, 3, 3, 3, 2, 2, 2, 3, 3, 3, 2, 2, 5, 1, 3, 2, 1, 2, 2, 3, 3, 2, 3, 3, 1, 3, 2, 3, 3, 3, 3, 3, 3, 3, 2, 4, 3, 2, 1, 2, 4, 1, 2, 3, 4, 2, 3, 3, 2]","[2.8062504212388872, 2.087904508090529, 2.3734894801310276, 2.0743330325194185, 2.420735284056337, 2.8848473355538276, 2.375273966954217, 3.7430795301904105, 3.9382322919415254, 2.7160232222176717, 2.6031499601979737, 3.982310596212588, 2.3185587574985047, 2.255221458423861, 2.079424845126319, 2.0935204711279933, 3.576213818269461, 2.2503564836403362, 2.0920074711457985, 2.4344800116200402, 2.6695297921184062, 2.2641795003328076, 2.577617762040969, 2.526483389765585, 2.0812429014331055, 2.8589371076050463, 2.8708352208652763, 2.2288561783910956, 2.160256261459703, 2.243393323009562, 4.166050130899507, 2.4095912579089864, 2.162210706064745, 2.52009370187575, 2.0308467400847534, 2.9150952011410394, 2.0889033947130975, 2.1405787866897676, 2.584247697274921, 2.207329211956768, 2.2615223885571956, 3.7596165597699764, 2.381928544950657, 2.105337207201091, 2.842670248964741, 2.1044468005685135, 3.0451220297351966, 2.066367482914835, 2.4086522597378957, 2.543572789762114, 3.2378893921915832, 2.1954564873207483, 3.1835074157700247, 2.4175073940146095, 2.0763687683383965, 2.669609597646249, 2.1420364541222483, 2.1210071002793764, 2.523658924233959, 2.540172544237919, 2.084778942922173, 2.227310257874128, 3.6303402229398154, 2.173087185234122, 2.4687900001239407, 2.66859257690452, 2.2474985054244194, 2.3925755234703026, 2.108086865024359, 2.4807022946907877, 2.0790576286671456, 2.136503161393824, 2.0878686452533994, 2.0987280919707363, 2.2175307599918144, 2.2495596298676084, 2.1017290544797005, 3.919642840049138, 2.6780610041867634, 2.6430536760009122, 2.357102657008298, 3.98986092971322, 2.0739675818228105, 2.2612260582473955, 2.077886525298471, 2.9479060854816126, 2.4427173577425427, 2.3005693233848765, 2.0858289923512263, 2.415528219156488, 2.647210248406391, 2.252733173380113, 2.3607919246354583, 2.246103530041063, 2.095504187051162, 2.7652254488580086, 3.076732875359525, 2.1581202000071897, 2.0518959663929124, 2.7731262117399296, 2.1822026195570703, 2.3697545951000447, 2.1187368878224335, 4.089452459425756, 2.231079886371554, 2.1130733267834962, 2.2553889181920876, 2.091568160648942, 2.2239747043316855, 2.73784168406785, 4.19030812107239, 2.7142655678562124, 4.3167903061222255, 2.366356287724456, 2.8527218573001027, 2.129309132257867, 2.0701408753052655, 2.8407708498601005, 2.095280841887849, 2.4236750477972766, 3.080695171046311, 2.0747632146185797, 2.2698341673300466, 2.0777890426365766, 2.2572702700070177, 2.7268358234898433, 2.0881563018719236, 2.6288299503180097, 2.1631980240706796, 2.0953625358544885, 2.4095457951429013, 2.3359030493826825, 3.740274407289198, 2.2677132276897267, 2.858683881600383, 2.481095384154024, 2.091136247176493, 2.2438833412366845, 2.2510328327348392, 2.648792369031176, 2.4782373246807574, 3.1039409915706733, 2.113232865672538, 2.2656149117888247, 2.341089567161851, 2.2432705025677766, 2.25308037138732, 2.2328035921552662, 2.0587196839469484, 2.258900025393565, 2.4064276101741138, 2.2568760408241726, 2.07187540310429, 2.326192031820083, 2.0784600903373924, 2.681538252737466, 2.4326569685942947, 2.7044904399097183, 2.343993726140104, 2.7172029142923684, 2.2308307703923584, 2.5216549451418997, 2.210446699319557, 2.0825303189581614, 2.588825726134568, 2.0591218545700096, 2.220357110794866, 2.344478291803123, 2.073878842000548, 4.48146234395513, 3.1409265679689673, 2.356042151300563, 2.0999621781740387, 2.143369484645186, 2.10025940033224, 2.2225713537325227, 2.4060512649474455, 2.245358202222856, 4.12363920699995, 2.712345509492913, 2.368374975006152, 3.6292665715148975, 2.393095722428393, 2.2639100752552697, 3.5191430218634183, 2.5378086012036127, 2.2984806418022083, 2.7413734886486565, 2.073936090405497, 2.076134897378247, 3.18714191692062, 2.071122259053931, 4.280089699889198, 2.235972015172056, 3.4535057781532768, 4.142593947521824, 2.367266820822424, 2.114114598244041, 2.257893634102963, 2.374949834987035, 2.720147505472762, 4.573123017393154, 2.3500536006362998, 2.249765069404315, 2.320398889175126, 2.107782159498753, 2.0650118884352904, 2.4390016308600257, 3.4614018774980964, 2.519212089783377, 2.2442326524390515, 2.2698731465905535, 2.3204292708430816, 2.4562639352643383, 2.344945596581441, 2.4539116067313804, 2.276337937667624, 2.6505731291513426, 2.170387792075803, 3.7292461893776894, 2.1012696354516907, 4.109621617005668, 2.1015441778107675, 2.316883604657108, 2.3725861916068753, 2.6248301082192107, 2.576354123507579, 2.898843997675016, 2.1554254226158105, 3.782917492306918, 2.1018462429200446, 2.118489447526617, 2.2514953117567202, 2.517898340454935, 2.6307764755230636, 2.1749996814035706, 3.9019120089977353, 2.3799440417121023, 2.0768015904840866, 2.0670979299714296, 2.7571243160859766, 2.5513171668067565, 2.234517223112371, 2.2382814362607864, 2.4410661627296797, 2.249899271992663, 2.5284130201923674, 2.6762110185810832, 2.0659783749673037, 2.701514310317542, 2.2535170941611646, 2.1498848994106874, 2.233682283036935, 2.1367350148101005, 2.101282295374517, 2.2688611625333777, 4.057543802994427, 2.6990180468557052, 2.225855271941839, 2.183613068392135, 2.0904980886619313, 4.306760525634274, 2.4297412491415393, 2.3997266783027857, 3.736006542384442, 2.1516072388181455, 2.271179237122152, 2.342309176095843, 2.25472664882958, 2.201759217605927, 3.944269637074214, 2.837465688115869, 2.382878051723945, 2.3719464421903673, 2.813279681497466, 2.2229806090762754, 2.0947916800104522, 2.2345875857767674, 2.3856232517844016, 2.110451331243692, 2.622291300805871, 2.0967233932324514, 2.4885002598028967, 2.321743395877588, 2.256412267940785, 2.283367157212138, 2.1116779688386678, 2.0966206476721387, 2.572815299452625, 3.3755148173738734, 2.3982950719627643, 2.8390184421458398, 3.8637523487730285, 2.4223194705123716, 3.7557159418682646, 2.382843080365418, 3.9543103168600364, 2.4536592969815576, 2.8549499871748973, 2.288928040960393, 2.0952655419184936, 2.5346299675953357, 2.8962514935730908, 2.138684499142351, 2.2511394953783466, 2.280881205496389, 3.5100883384357875, 2.4329399870358515, 2.4903854082817847, 2.0688062808354766, 2.99763474747912, 2.670015633768587, 2.9536164024085427, 3.3982239382115567, 2.25593969989425, 2.163604297507409, 2.0665562938616024, 4.003488940168818, 2.214258997346349, 2.0942439239128827, 2.3802254741796673, 2.0750268112334775, 2.636516178801192, 4.499323662914106, 2.5590833938836695, 2.3162114328791454, 2.442737338591054, 2.2094084362689657, 4.162359323954317, 3.1552025656471807, 2.223699724830627, 2.23297540614867, 2.2467217213177766, 2.1947033506729223, 2.0913683695687166, 2.0838613994672577, 3.772228622515984, 2.205958142647248, 3.7504754684473416, 2.5948508777852446, 4.140619027757185, 2.91323030442061, 2.077374212460488, 2.0795345505690586, 2.1254465786186345, 2.0813618040520976, 2.0932957457601784, 2.201798803852668, 2.712304176217336, 2.2388387399637955, 2.4024090495407697, 2.6812948636666, 2.0816048549938606, 2.3475199074668702, 2.557821542030588, 2.3955463575718157, 2.115340327165775, 2.4325510897857643, 2.099275865632744, 2.0638464507177368, 2.538146284262318, 3.013758860315216, 2.0809234022284824, 2.6687264696637287, 2.504473341836935, 2.3156891386601335, 2.173679091562434, 2.3398097917479266, 2.715623503118251, 2.229879930522697, 2.9893592477545496, 3.534193136350929, 2.9730125566265073, 2.6453113391370473, 2.636882956869858, 4.536148179568808, 2.119575358683402, 2.1699106750211095, 2.1292759255525078, 2.4292774418688734, 2.6113520036145963, 4.288877076419168, 2.3669042876602226, 2.242077524905383, 2.236243428019106, 2.1062897395789717, 2.428478977571787, 4.436393556985266, 2.2495203042839043, 2.078982003104331, 2.2605161564941363, 2.6388704011622437, 2.1037447505460825, 2.8614071980588296, 2.371532031591822, 2.4523446088574077, 2.3051019798134083, 2.4061797846900324, 2.0628244127647837, 2.4448526679003613, 2.1001908034304093, 2.406578929708501, 2.420424563815604, 2.0862027150958045, 2.4561879126731356, 3.0594260167101544, 2.0647496032463373, 2.3888340099042455, 3.00055980804199, 4.156255562049318, 2.08203935692892, 2.406536055405027, 2.889484884387512, 2.3583806666596567, 2.459017862218313, 2.709658835243871, 2.259377401632099, 2.1504515878694184, 2.330870120532932, 2.218797597454457, 2.3571154170014386, 2.8503779535787443, 2.2603504796831144, 2.1668194767819906, 2.0470782074191893, 2.105905508971795, 2.364612739427144, 2.0948887083357253, 2.2058388532216666, 2.190271177913705, 2.2240734984195245, 2.224347097716081, 2.097326597583125, 2.2953049834631316, 2.3593375704573534, 3.2750306366633257, 2.4029379569492133, 2.937587623701684, 2.3135963378087565, 2.081419489599028, 3.861964380904027, 2.432566480204106, 2.1396490204540073, 3.3445443690502166, 2.540538706267843, 2.386358524597433, 2.3945155595845913, 2.42598396259567, 3.4456830182894307, 2.07501583110002, 2.3486919892228326, 4.561196281254693, 2.2066548792967406, 2.0904478173340486, 2.8371885229049028, 2.407284126323581, 2.1954755295126795, 2.087266683550113, 3.822837090351619, 3.142127081960951, 2.2003115456515934, 2.105155356876349, 2.1054976726976125, 2.0723068622401177, 2.272334567880814, 2.292390439671441, 2.4266427864062425, 2.0946665893647594, 4.773576766681539, 2.103002886214049, 2.104698122818648, 4.128796365000129, 2.198032179460184, 2.3271655943900784, 3.0735427136097195, 2.364941050249956, 3.144986765612914, 2.101323858252047, 2.2469813492655613, 2.074181378641086, 2.1236924806669126, 2.2013235964992024, 2.155830164506843, 2.362642068615066, 2.0904390572997777, 4.053255475283924, 3.8887121041109745, 2.2655301062443964, 3.1743621968141653, 4.269788080729647, 2.7134238046668986, 2.2171039009074844, 2.2073775426614652, 2.4051687096758974, 2.2247553718718436, 2.8706108175413227, 2.238581280531279, 2.7126286445117875, 2.689085287080839, 2.400004279916135, 2.9335914894678323, 2.2713234423921587, 2.066847413226701, 2.066552813920389, 2.227667100617258, 2.368508038000931, 2.212967629458217, 2.0604730948243772, 2.304474189347337, 2.2376453423540594, 2.149612325739289, 2.088382758613026, 2.5747478697639483, 2.899318416043166, 4.002551319983434, 2.37973014073061, 2.6689047046521766, 2.4139744289744542, 2.4385731248140425, 2.0947549600839985, 2.319309263351331, 2.5370634275142163, 2.737416158449693, 2.4657398429555917, 3.831402907902744, 2.370943429234706, 2.3455044346177614, 2.131446453552407, 2.1679267574213537, 2.3878744986003024, 3.3255691520166506, 2.0620642228588015, 2.115583378107538, 3.740196544432558, 2.4101146765749446, 2.0820140542779058, 2.1361341612378473, 2.076720667633575, 2.8798091597386852, 2.4700643500269486, 4.040983377196774, 3.0454660736284054, 2.079322099566007, 2.21409531274243, 2.2513956605795573, 2.1905857249876686, 2.3842169488349927, 2.908577131691314, 2.4871335938054204, 3.109510440880124, 2.080313083243628, 2.1142631924983015, 2.4752627779003586, 2.3606787392515054, 2.8739073498606684, 2.464282468249154, 2.3320208131146263, 2.3308659355831876, 2.4076765588349907, 2.643420683810658, 4.305496305885912, 2.2509917069992915, 2.394549236711813, 4.118237232975147, 2.081162518892411, 2.132808150825055, 2.151438049525628, 2.469770810365274, 2.0947500999382833, 2.2529920859016785, 2.197844433202663, 2.4783034870497667, 2.1627064258114643, 2.5243537864818792, 2.5221642499397285, 2.0937403019608145, 2.3921244445292213, 2.2195584695891437, 2.2522279445232227, 2.6352519477353975, 2.5078066323222203, 3.7633055358720355, 4.0907065350462615, 2.0662481603485006, 4.3192983661495425, 2.2486927040637723, 4.907259241835343, 3.8433321813906263, 2.4194727664295925, 2.781221643357364, 2.1247226210226042, 3.8857566215627353, 2.3925777607641283, 2.5341651949892503, 2.302720867809496, 2.076464099679661, 2.822479737252694, 2.831218316692244, 2.3779520413919126, 2.3894910283475865, 3.215071605211674, 2.2638059285596253, 2.5366043627525134, 2.847738241674821, 2.944021414140156, 2.2153671014253558, 2.090126046446321, 2.396441187208127, 2.97101178738516, 2.5049738133461465, 2.25328977959114, 2.1344367407723364, 2.9998166363249523, 2.5373617803144075, 2.0125760226008476, 2.364736376983788, 2.531744198222091, 2.985100616150304, 2.601932786536402, 2.134781409729944, 2.3027801846026374, 3.7081808762816917, 2.0752016336368344, 2.561071271467829, 2.8919068458131845, 2.1129212006343048, 2.410760102313407, 2.74761155173792, 3.8075604131107927, 2.0735282541313147, 2.093897253126844, 2.0854578244195796, 2.6850198666520684, 2.0878345481788356, 2.7863319235711166, 3.1623627369366534, 2.100246320462071, 2.4633259203360893, 2.393614553900831, 2.526948036563136, 2.508038179746478, 3.1926423201753567, 2.547442667740228, 2.2350339249346085, 2.0914024666432804, 2.071260798672816, 3.7629287673698313, 2.515997526482845, 3.7215358791064355, 2.618879749500069, 2.536585665717619, 2.073161492008762, 2.3303416338114293, 2.2114887949593443, 2.6640521601895273, 2.09731698045953, 2.1091416538668533, 2.1434774923643185, 2.873022662516304, 4.611108980766048, 2.925507483503439, 2.4023982090692053, 2.0951531964292256, 2.1127813152001966, 2.3192714319656513, 2.614672682707126, 2.1109134075128697, 2.718018990650872, 4.14536409906451, 2.408270163256709, 3.1260171053383186, 2.636280839732474, 2.2254559191526693, 2.1044620848224267, 2.3791313943985304, 2.2306096109389535, 2.4641088183363604, 2.2253837892465103, 2.065245742200801, 2.2407259334822296, 2.2068066363429084, 2.596114969545858, 2.419315009758157, 2.255418661041475, 2.4180007103494856, 2.2880607913825153, 2.1166403874190185, 2.1063352367343353, 2.2340464211982005, 2.09756268938206, 2.1126960725137867, 2.2658828798235384, 2.228744308908877, 2.2606301604721444, 2.273083449264379, 2.069740418860852, 2.4209809234607116, 2.377247805659574, 2.2384778388441653, 2.2280461759696415, 4.3847736403131385, 2.2428578157692067, 2.4510795447306415, 2.428313945812576, 2.283181816076329, 2.268718865545295, 2.0911209472071377, 2.2669897577101983, 2.2371686317500616, 2.0824131305178173, 2.533413138578743, 2.4237711839043494, 2.0756995383538634, 2.1401748846934194, 2.314161185401579, 2.2534462031662024, 2.380597482005999, 3.121266715964681, 2.2658549027367165, 2.4043800711518335, 2.378772136204413, 4.098498440127348, 2.1759405974180206, 2.1415709297125405, 2.0768535587959778, 2.861682342054781, 2.1008080307137726, 2.2884906629129396, 2.6264376256419886, 4.3114575938941915, 2.1151541218762575, 2.2647738513558475, 2.074841008696663, 2.576311095797007, 2.3617499637499546, 2.3144690238056027, 2.6868118172770123, 2.2254237784167326, 2.1018641664808886, 2.672373301742922, 2.09316726040687, 2.282596112010963, 2.419693995401153, 2.2963644206444997, 2.9647320714961953, 2.0861200773270463, 3.6363318458126725, 2.3681037377276692, 3.876583687654001, 2.4510164105548196, 2.193030105683757, 2.382464009488824, 2.543648365789028, 2.090258937608724, 2.1892381598272945, 3.6349536401985434, 2.247560596780444, 2.1939068783522675, 2.1772332747439727, 2.3014966785755893, 2.079541544840764, 2.085654992647915, 2.238759409864226, 2.299202563781, 3.6469783681467014, 2.231796888560947, 2.2354391555515405, 4.39240608883715, 2.4225340889212945, 2.734674441696842, 2.5544538333451854, 3.9091335601442947, 2.170259920172642, 2.4733461369546523, 2.2636452016037056, 2.1096522357013487, 2.0775905801769357, 2.0796228532493393, 2.222091951011624, 2.3451903960911307, 2.4000288114510218, 2.0863779739015444, 2.071570329585059, 2.155799144990589, 2.114525074564752, 2.4003618792517134, 2.560101600982407, 2.2513510720974352, 2.1499863163504163, 2.2462547804270936, 3.905353662208058, 2.0787407179251334, 2.353960463250002, 2.089467710622049, 2.182221047559256, 2.086402908189134, 2.5089743993185447, 2.100878796130872, 2.3981110351885158, 3.3954403892055183, 2.332617966256115, 2.167188424614451, 2.393616519490987, 2.699443332684893, 2.2405921336465853, 2.4040521989502, 2.3786858601205134, 2.281341952775184, 2.3561997170261377, 2.6545824048871705, 2.105680800798619, 2.5444842752907864, 2.791264860135896, 2.390158179896037, 2.3165677768484865, 2.765447077988878, 2.470833014536214, 2.266844574988393, 3.2871276047701734, 2.647035930675047, 2.094274926604297, 2.7748709791604047, 2.3065593551203163, 2.24273502083497, 3.3608680200238696, 2.059935812939727, 2.2550553788601357, 2.3945793823139034, 2.881048991681168, 3.5062983346500562, 2.409273001351751, 2.2453285845815323, 2.1453569846143927, 2.425037278232992, 2.0811568360466506, 2.7414140549787893, 2.8742867559599343, 2.3356375323674823, 2.089935049789646, 3.0497566403157523, 2.4424890584005525, 2.251238255076907, 2.3847271107221455, 2.3808677223493993, 2.5365680956834837, 2.1091604520814595, 2.082607658699624, 2.768250099909653, 2.8325548791101127, 2.216482982245865, 2.179629167808982, 3.522130402427082, 4.021613299213092, 2.3666112617481807, 2.1101296291345215, 3.0293100463253317, 2.2708427271359173, 2.101200986965942, 2.3579139849528143, 2.089869041350426, 2.493192885428739, 2.5407444336454237, 2.3375887218258726, 2.162839265759749, 2.3775142680259393, 2.1587492147784126, 2.1189843258994547, 2.519411164128964, 2.1343463182023106, 3.9027711204703777, 2.543420976656239, 2.3700964917135643, 2.245390204036498, 2.244731396680966, 2.483380555968354, 2.0974639117492617, 2.4207537246950066, 2.111669225999036, 2.243089435338413, 4.071119651094752, 2.2465914358126238, 2.246604164514008, 2.0852261219746984, 2.456675672675602, 2.102527747269341, 2.3309846341676694, 2.2482342153794326, 2.087747976871842, 2.2520679505579615, 2.2916068348136434, 2.197740731222311, 2.4437730023091806, 2.533044435833005, 2.276167905891827, 2.8446959488221792, 4.581973570861026, 2.257817679041792, 2.0895223877590263, 2.3439533092502067, 2.6617811553856763, 4.774012580042543, 4.149878886104711, 2.0795013277784578, 2.3272567385628036, 2.113516588013228, 2.1906486734330173, 2.7701067627543874, 2.0982613950890294, 2.392203567227889, 2.4194395612034305, 2.2034867855225246, 2.249751115250183, 3.901257171048915, 3.123317016761146, 2.970157433195504, 2.0281954567717815, 2.2504902879517705, 2.3319395734846076, 2.5741224404372245, 2.684260469258973, 2.5387598049609097, 2.839446815576427, 2.0804118945261063, 4.129609658534802, 2.382369565150372, 2.395514026999416, 2.5408188314023663, 3.8203537759546764, 3.83647429798347, 2.3097964303590452, 2.6118240272453246, 2.640453057830034, 2.7680033613127377, 2.118345241517012, 2.432895648116242, 2.531159481457393, 2.10658133047533, 2.0946828144623972, 3.0393880159657636, 2.3776135336450386, 2.0922881166677776, 2.289859999369975, 2.087508860207913, 2.2565389871617287, 3.429460924004921, 3.1185501387824557, 2.896644587817223, 3.730151981952819, 2.08933569374361, 2.445465104925964, 3.8379670337472693, 3.2877276721412385, 2.0753799703706832, 3.056346559220566, 2.5403334853716903, 3.1170691554375316, 2.2269131555372823, 2.1475319502240704, 2.091744328867522, 2.9742988397733825, 3.718243607269869, 3.3050905245510327, 2.113963329923772, 3.0953645522284763, 2.4266636959670125, 2.0933700950259255, 2.649849866698757, 2.102113739423498, 2.4054610339327134, 2.0444636440326707, 2.0561042806657452, 2.5328407284091834, 2.2604934251110937, 2.1641858499029114, 2.103879775834476, 2.1897262557352692, 2.1005046541785504, 2.3008586769874095, 3.0133499355272555, 4.186100402856045, 2.1004919770610844, 2.270014308691529, 2.323787642907923, 2.2769359991125553, 2.0768220845733034, 2.522554625501619, 2.646896271144898, 2.094335689339738, 2.990531458680638, 2.098791949089327, 2.227890150671493, 2.2507267645691704, 2.382000707766897, 2.7884871771643027, 2.1069533390412603, 2.4050821383689036, 2.4148761796281244, 2.2470250634637203, 2.2786001410975576, 2.257705736305227, 2.099949012330673, 2.097586748646088, 2.068447807215935, 2.1047969512957656, 2.2442440005661344, 4.132711163699532, 2.1730904286005432, 2.8763408876237015, 2.4550082853360546, 3.2645702058545814, 2.725720833013427, 2.2580956669528036, 2.123772342023791, 2.104639143040412, 2.672376764489496, 2.082784264060186, 2.0928459266611243, 2.0903748146231234, 2.0905872656261755, 2.2301075297841106, 2.112839455453547, 2.398632579961829, 2.5675685972909372, 2.0802479490883714, 2.6374938907971437, 2.3140712188780426, 2.520345445182625, 2.9151826467319966, 2.3684074609558876, 2.1698354553085197, 4.125154535151518, 2.38053810121004, 2.9935892757283775, 3.7942335762259765, 4.1338387289791925, 2.501206734446263, 2.4542931114328486, 2.0830312496495824, 2.244445505825007, 2.085730163874109, 3.7543511674071066, 2.2355350158489533, 2.4804983197702164, 2.2270580589821067, 2.108018636116153, 2.1407208922230625, 2.1867253259972586, 2.2124225466870575, 2.5667280801643693, 2.5688908165292883, 2.1086332577422664, 2.4889723387537335, 2.109287864802411, 2.258039673914092, 2.5580981452613085, 2.611400653317596, 2.500392621438809, 2.5316733604861335, 2.2129062606751617, 2.1905157337842183, 4.007653833816611, 2.6879268626786263, 2.1052620703641756, 2.1619825179503556, 2.1256301614260615, 2.158526019107298, 2.2108422974672512, 2.076145457564362, 2.782746418848167, 2.1289773586884806, 2.247578082459708, 2.7559691559159654, 2.400779769791473, 4.822441814821168, 3.8658077504007906, 2.427252071879591, 2.870269387869257, 2.677067332341217, 2.558122957451444, 2.271966897824618, 4.15646754152111, 2.267169315421006, 2.2844705768280136, 2.251694211358343, 2.2490569356324173, 2.0514457101518766, 2.1440617310739505, 2.257514632004926, 2.1037962989106314, 3.8958711783434454, 2.385802917138834, 2.980725701186693, 3.8395142060984613, 2.4751713332891514, 2.215865276597529, 2.3842156717983265, 2.923856006547221, 4.2014674318434535, 2.1304915837536247, 4.604951641852102, 2.0841473071480565, 2.23650663907594, 2.0904482544760303, 2.0911446044580613, 2.235680440730738, 2.415680611323232, 2.1122418819949167, 2.4162110419644622, 2.542867547334237, 2.2569608075035323, 2.0972238699570505, 2.33721775160395, 2.31712054318444, 3.584114879866909, 2.1333227013266627, 2.270272693991926, 2.6164877137791187, 2.4823081749254556, 2.853072479558615, 2.0963780338723574, 3.0802437179957955, 2.3020926944121545, 2.069371488223031, 3.0220923996488467, 2.2643338771333434, 2.640888299023775, 3.110232590916978, 2.23986953795102, 2.4901266533694373, 4.29468910490845, 2.3518997026944484, 2.3932570622088774, 2.3543350726275936, 2.3154739227722887, 2.300740844004182, 3.2629479602864055, 2.0908399336915333, 2.0813596011475504, 2.093893353238288, 2.5081942039352287, 2.3515361425986705, 2.681913520385259, 2.1507211008073472, 2.168902021182277, 2.1387487590136445, 2.3802508284146, 2.272609337054227, 2.912013559619761, 2.382733794870021, 2.156641937536452, 2.223778621084757, 2.152245652581336, 2.0699209928885267, 2.100077566462539, 2.2250297042414235, 2.8171087831738375, 2.4640223940469865, 2.103499933841754, 3.9591017459960254, 3.025652199402927, 2.461015302867571, 2.1046789057660975, 2.4087729120342116, 2.9971899386136505, 2.2035333164451774, 2.0615331641297288, 2.6594383392862824, 4.036219632314087, 2.3909119893502604, 2.390917898270759, 2.245279330935697, 2.40019006525831, 2.354396991781443, 2.8309125755503537, 2.1925311847638773, 2.314029203282217, 2.28618503196436, 3.24154610676387, 2.244440260121228, 3.5267094441483, 2.071270467380329, 3.7542119827494984, 2.090797916477383, 2.4473247640847453, 2.0769409871922955, 2.9149723649838117, 2.2399200214555437, 2.851264897464748, 2.109351482018016, 2.7880388296542247, 2.527050575883907, 2.071536198121217, 2.1592280863243682, 2.8544000797566986, 4.147167397446737, 2.124554809715793, 2.149973790574145, 2.7670923129859397, 2.2116644005720962, 2.2145570948979114, 2.5140793302729962, 2.0856051068780963, 2.2711899882541284, 2.1034006682226547, 2.2894597798701533, 2.0846473631857148, 2.096847944677725, 3.8272791609165298, 2.580860395791322, 2.3829112064755873, 2.3582764163696153, 3.0289531782502315, 2.5256747266954402, 3.1516772934150605, 2.308356217914542, 2.103169034556331, 2.3780720955837245, 2.0976898973289027, 2.1694368149620638, 2.407160714841676, 2.2355225812612662, 2.4097289404385474, 2.0858661150303828, 2.4173400022853415, 2.099789875824535, 3.093438443460283, 2.2905954747383195, 2.9462732886173386, 2.8130838590843537, 2.974168193681937, 2.3294118485320334, 2.4155559526041332, 2.3130665037928337, 2.2743122897639023, 2.1039410272958157, 2.39749029357466, 2.853549487319708, 2.3890801877694408, 2.2640000876384088, 2.097083581030641, 2.4086081255923943, 2.242844483378131, 2.1903192119477626, 2.3884869345165076, 2.532673789398211, 2.229698572660045, 2.35545574966085, 4.081719888702248, 2.2434650479442224, 2.2550242857197356, 2.157368064387349, 2.4730208701795977, 2.473752781852328, 2.417696449908972, 2.0826723901021778, 4.019114334613497, 2.1337388784273723, 2.3086456640140773, 2.664956810983943, 2.7759852431496572, 2.087367680542499, 3.449563577394911, 2.241798242763066, 3.117396643190499, 2.063765596645782, 4.154979527410423, 3.999994931239544, 2.145958659037695, 2.1189199990986003, 2.065019756990959, 2.40384761502362, 4.112402959979725, 3.909737564589097, 2.5063873930715053, 3.824606310346206, 2.5768256096905406, 2.1171566012549548, 2.612967663183907, 2.099496184821666, 4.076860392590847, 3.7749506140817504, 2.602953447982846, 2.1809439208745687, 2.386937772112316, 2.342300224376112, 2.8697098087552404, 2.289427734358942, 2.065276796476133, 2.233831767290601, 3.224599755559045, 2.1110965700031556, 2.4007846127425485, 4.276558484156568, 2.4118154363113073, 2.243817804328725, 2.0935291795783466, 2.1010095531672848, 2.385958449235294, 2.265611011900269, 2.454179445095328, 2.1827630207407505, 2.1579149293761155, 2.2490739479314246, 3.145566724461113, 2.2738299123993855, 3.2375794920371894, 2.4743650667971377, 2.3557285606466394, 3.0726218358435577, 2.251841511011499, 2.8022826044600677, 2.3216873079271885, 2.5680281620701546, 2.100859142306139, 2.1505854037903043, 2.362814580584267, 2.574766350576104, 2.811614347456251, 3.4578418599821874, 2.4278466417738565, 2.3947507262552437, 2.837428353833691, 3.024704825072255, 2.172484819668735, 2.9054846727964914, 2.5722085291875416, 2.927667490390698, 2.7090841006727806, 2.647213626741331, 2.387422545375258, 2.1221443916346763, 2.2689262393804013, 2.199555550487462, 2.3472407514681053, 2.950702626505716, 2.197667551463622, 2.3296191894570586, 2.1724688127027245, 4.11100977313876, 2.2285913264099606, 2.103636287750731, 2.0860265805269043, 3.335380599185269, 2.2256267900835525, 2.3494774475045666, 2.075828495238432, 2.292704400847692, 2.205407167442281, 2.428020220790227, 4.473340959457681, 2.0612996959222825, 2.3618740445426942, 2.207734494157618, 2.2123357609464285, 4.467399775892451, 2.1054329928789763, 2.2551912223727846, 2.2072883313079426, 2.4044845824747116, 2.1420064583821556, 3.5313571887763366, 2.5644330211280124, 2.2579667444575136, 2.219817886839484, 2.3827547261012194, 2.30989221640673, 2.0893291366138858, 2.1408625262250967, 2.0976483340815744, 2.0146677469827474, 2.255575577818226, 3.1910456704367602, 3.420756499238732, 2.958328881570054, 3.36886040183224, 2.1932456823617152, 2.960470770745609, 2.4530015600013884, 2.3558382478452344, 2.4148998757441156, 2.5694823577083525, 2.224346712158017, 2.100027749471277, 3.0299744695970636, 2.0903651803048895, 2.8302267262274095, 2.3752794233554404, 2.8457061439671643, 2.248250736325747, 4.146857918118412, 2.102048169235658, 2.3974881078647523, 3.266675005861532, 2.157517970437354, 2.3939114998795734, 2.098870197504031, 2.769032207067325, 2.250558936437519, 2.8647859576349854, 2.241637811655823, 2.1762883075565354, 2.6770508199116323, 2.6830357146963153, 2.088010279255434, 2.6898807693269746, 2.1733793829176937, 2.109073494107004, 2.3972231826292707, 3.712943099180118, 2.5844210683814626, 2.4474621776383594, 2.312632568670522, 2.2449726990548027, 2.8575729924536386, 3.442873121215699, 2.4182116290073497, 2.8434491919732547, 2.32747729381759, 2.2609720791258923, 2.6313246855874546, 2.2433164196704825, 2.7695973580253725, 2.5109323743992125, 2.108336909868028, 2.1153696156785413, 2.2099669610629498, 2.5540367843184355, 2.5457238234206065, 2.1848998364277894, 2.3918556547898437, 2.102371233245293, 2.0955448068661715, 2.149844816494937, 2.192427093388342, 2.8559194472927363, 2.3433121172447042, 2.9657824990491295, 2.0956733953873155, 2.6683479148379288, 2.1380703146582194, 2.0633232089604148, 2.1053035988524265, 2.0856781783675786, 3.061319212646271, 2.4074094650842404, 2.4013926944335773, 2.4512504672454427, 2.586017980381466, 2.22697043833151, 2.246480016191237, 2.239936840621545, 2.718672774157356, 3.295572802353157, 2.2084673376215647, 2.350204606874227, 2.112156184971886, 3.9970881303657664, 2.315564334924625, 2.6971671839825566, 3.0203040839726523, 2.294308593858807, 2.4202705135299194, 3.0247074623263686, 3.864207322022278, 2.107645334058516, 2.1342223051354927, 2.0798388013882443, 2.1589264755517115, 2.8959245994619254, 2.517178385545497, 2.251422907150299, 3.1159119307199354, 3.1136764883714942, 2.070338429091665, 2.074949874244718, 2.5757581937009726, 2.0787245264771754, 2.2051721105200333, 4.074574348676568, 2.2142156859008932, 2.755090183083717, 3.4023629067373298, 2.2502044150300495, 2.1003521088216153, 2.4718448506055, 3.8690836408268954, 2.0935331482454593, 2.4067191835060338, 2.362681462977327, 2.1084015556671845, 3.499336657138475, 2.0776439114986895, 2.2472497888315353, 2.927493387633567, 2.257389245510557, 2.488912718168805, 2.2754938662360984, 2.0619449002924672, 3.7665452842980462, 2.065801384048678, 3.8240698135450586, 2.2512959922077553, 2.083970667398216, 2.254764242300398, 2.299485875056077, 2.2277751479410566, 2.418081344241796, 2.2471146947645853, 2.5168103036840903, 2.4189306942871815, 2.560654080038377, 2.5622119446821525, 2.226053717206841, 2.823348759796649, 2.781894990366699, 2.1039261472738024, 2.4061575076436106, 2.246987486447943, 2.1119642975762067, 3.858429685230183, 2.4049444042554247, 2.565021949399509, 4.3579241612457995, 4.129964826473279, 2.9588178272247125, 2.412905180427088, 2.111608008926974, 2.3913834372865117, 2.35884618848077, 2.246100962509282, 2.0855890014033345, 2.2042679761778605, 4.117706333960072, 2.1818472736005594, 2.162049820620881, 2.2689178668923184, 2.0897995021256732, 2.099229965354878, 2.505474627507413, 2.8192049905082612, 2.2569263300862925, 2.5293020076387203, 2.2504172852408453, 2.2552389612977635, 2.452679735794763, 2.3703893252573107, 2.157412353202238, 2.500821331948994, 2.9048181179921637, 2.677333304080724, 2.243415162174404, 2.0915628988599213, 2.345281321623301, 2.4074385566137932, 2.2346963997409044, 2.2132679964740882, 2.0784216386678525, 2.412793691287545, 2.505769871674445, 2.407200982748301, 2.1863150503828646, 2.060546534677284, 2.117053923733601, 2.70913989922053, 3.7611439166590066, 2.93587093642185, 2.085591152723964, 2.6387239999605305, 2.089935469736988, 2.2319476681553168, 2.239693789679782, 2.564742508029649, 2.3052421177684224, 2.426690821179898, 2.3773267513104774, 2.740902285308088, 2.0662494201905277, 2.0816853235077515, 2.294259071237025, 2.6768898183074135, 2.4109778722745845, 2.2462395881013633, 2.219246334129048, 4.66903094512965, 4.020119324029169, 2.4619957466512385, 2.8482857576655842, 2.5660806556949978, 3.75782819472866, 2.2235228249865697, 2.4291928315371187, 2.5873069968682336, 2.112497155717525, 2.2545404428004643, 2.4242742046413044, 2.113505222321707, 2.085253679114178, 2.3274441992185584, 2.3693188847928597, 2.9334648157666035, 2.2971112700771683, 2.8579540096777327, 2.407930118378951, 2.159201420663491, 2.232425884288535, 2.239638324232038, 2.233729878819613, 2.5032335910919095, 2.29801335421853, 2.511379276472788, 3.4475244704445047, 2.8444590339534, 2.0667263592870797, 2.2401202316043847, 2.2413086093544083, 2.3495372701042303, 2.3477535358373482, 2.8823224206628133, 2.5307148157641355, 2.0694593881506087, 2.5242968207801955, 2.2053125011350816, 2.7045298170773395, 2.369603936493732, 2.1482726528530294, 4.045707781090222, 2.2819048671790045, 2.110636645424406, 2.5808466144577222, 2.865921727797585, 4.457564081306715, 2.4371959751214476, 2.3062509506431432, 2.408646140489752, 3.0340575138409887, 2.1033758034532206, 2.1034509574847755, 2.2416762113716455, 3.5069042134365374, 2.255177358667638, 2.2201868862558625, 2.1009981874757635, 2.0687559751183153, 3.0295820886227665, 2.1050408088523325, 2.3771313832339858, 2.2644722742328707, 2.367213682263877, 2.8487456482248543, 2.1170604300190057, 2.1765488445473613, 3.4129669217530414, 3.488732921424856, 2.2409073130153105, 2.063944843901869, 2.1143248463425452, 2.492335792035748, 2.236087437110236, 2.093950601643237, 2.0884631587181586, 2.829622296170843, 2.7819578809033447, 2.097847688019818, 4.158921236658404, 2.073299174538323, 4.009925871193348, 2.860612872596102, 2.105309281698187, 2.550546747270451, 2.154291913457552, 2.418948684777586, 2.6371338955500527, 2.132434276369483, 2.404521687959229, 3.4510708801211907, 2.1045141032390386, 2.3498581809758905, 2.236663590241969, 2.2373883028688857, 2.094570435693248, 2.8639122548867806, 3.6668982778065704, 2.435633888294271, 3.0729592361989972, 2.1002843518144694, 2.108940568555323, 2.7211082125691086, 2.0945766061555107, 2.2743852181110835, 2.0902760205352844, 2.1887422151152345, 3.433543483854452, 2.9893144554038966, 2.5220968645925494, 2.2445683599164727, 2.092085334002439, 2.4067384521425024, 2.498514222713723, 2.7953486394783886, 2.2172175406280585]"
2.0,8500,0.6036232487752657,0.6036232487752657,0.018254518508911133,0.3167422115696761,"[4, 2, 3, 1, 4, 2, 3, 1, 3, 3, 2, 2, 3, 2, 2, 2, 4, 1, 2, 2, 4, 3, 4, 3, 2, 2, 2, 1, 1, 2, 5, 3, 2, 3, 1, 3, 3, 3, 2, 2, 1, 1, 1, 1, 2, 2, 4, 2, 2, 2, 3, 2, 3, 3, 2, 3, 3, 2, 3, 3, 2, 2, 3, 2, 2, 1, 2, 3, 2, 2, 2, 3, 1, 1, 3, 2, 2, 3, 3, 3, 3, 2, 2, 2, 2, 4, 3, 2, 2, 4, 4, 1, 3, 2, 1, 2, 3, 2, 2, 2, 3, 3, 2, 4, 3, 2, 3, 2, 2, 3, 5, 4, 5, 4, 2, 2, 1, 4, 3, 3, 3, 2, 2, 2, 2, 2, 2, 4, 2, 2, 3, 3, 2, 2, 2, 1, 3, 2, 3, 4, 3, 4, 1, 2, 3, 4, 2, 2, 2, 3, 2, 2, 3, 3, 3, 3, 2, 3, 3, 2, 1, 3, 3, 3, 1, 2, 2, 2, 3, 5, 3, 2, 2, 1, 1, 3, 2, 1, 5, 3, 4, 4, 3, 2, 4, 1, 2, 2, 1, 1, 2, 2, 5, 2, 3, 4, 1, 2, 2, 3, 2, 4, 1, 3, 2, 2, 1, 4, 3, 3, 2, 3, 3, 4, 3, 2, 3, 3, 3, 2, 1, 4, 2, 3, 2, 2, 3, 2, 3, 5, 2, 2, 2, 3, 3, 2, 3, 2, 1, 1, 3, 3, 2, 2, 3, 2, 3, 4, 3, 3, 1, 2, 2, 2, 2, 2, 5, 3, 3, 3, 3, 4, 2, 4, 3, 2, 3, 3, 1, 3, 4, 2, 4, 3, 2, 3, 2, 2, 3, 3, 2, 3, 2, 2, 4, 3, 1, 3, 3, 2, 3, 4, 4, 2, 5, 2, 2, 2, 3, 2, 1, 3, 2, 2, 1, 2, 4, 2, 3, 2, 3, 4, 3, 5, 2, 1, 2, 5, 3, 2, 2, 2, 3, 5, 3, 2, 2, 3, 3, 3, 3, 3, 1, 2, 2, 3, 3, 2, 4, 3, 2, 3, 3, 2, 2, 3, 2, 3, 4, 2, 2, 2, 1, 3, 4, 2, 1, 3, 3, 2, 3, 1, 4, 3, 3, 3, 2, 3, 2, 1, 4, 3, 5, 3, 3, 4, 2, 3, 2, 4, 3, 4, 2, 2, 3, 1, 3, 4, 3, 1, 3, 4, 2, 3, 4, 3, 2, 2, 2, 3, 2, 1, 2, 2, 3, 3, 1, 3, 2, 3, 2, 3, 1, 2, 2, 3, 2, 2, 3, 2, 2, 3, 2, 2, 2, 2, 2, 2, 2, 1, 4, 3, 1, 3, 2, 3, 2, 2, 3, 2, 2, 2, 2, 3, 3, 3, 1, 3, 4, 1, 2, 4, 3, 2, 3, 1, 2, 2, 4, 3, 1, 2, 2, 1, 2, 2, 2, 3, 3, 2, 2, 5, 1, 2, 4, 1, 3, 2, 3, 3, 3, 4, 3, 2, 4, 5, 2, 3, 3, 5, 3, 1, 2, 3, 3, 1, 2, 3, 3, 3, 4, 3, 4, 2, 3, 2, 1, 1, 3, 2, 1, 1, 3, 3, 3, 2, 3, 3, 3, 1, 2, 3, 3, 3, 3, 2, 2, 2, 4, 3, 4, 2, 3, 5, 2, 2, 1, 2, 4, 3, 4, 3, 2, 2, 2, 2, 3, 4, 3, 2, 3, 2, 2, 2, 3, 4, 1, 3, 2, 2, 5, 2, 1, 4, 2, 2, 2, 2, 2, 2, 2, 3, 1, 4, 2, 2, 3, 1, 2, 1, 3, 4, 4, 2, 5, 2, 4, 4, 1, 2, 2, 5, 1, 3, 2, 3, 4, 5, 3, 3, 4, 2, 4, 4, 2, 2, 2, 1, 3, 4, 2, 3, 3, 3, 2, 3, 2, 2, 1, 2, 3, 4, 3, 3, 4, 1, 1, 2, 5, 2, 3, 1, 3, 3, 3, 4, 2, 3, 1, 2, 3, 3, 4, 1, 2, 1, 3, 4, 1, 4, 3, 1, 2, 1, 2, 2, 2, 2, 2, 5, 3, 4, 2, 1, 3, 4, 1, 3, 4, 2, 4, 3, 2, 2, 2, 3, 3, 2, 3, 3, 3, 2, 1, 2, 3, 3, 2, 2, 3, 2, 2, 2, 2, 2, 3, 2, 2, 2, 3, 2, 5, 2, 3, 3, 2, 3, 2, 2, 3, 2, 3, 3, 2, 2, 2, 3, 2, 4, 3, 3, 3, 4, 2, 2, 2, 4, 2, 2, 2, 1, 2, 2, 2, 2, 3, 2, 3, 2, 2, 3, 2, 2, 3, 2, 4, 2, 4, 1, 4, 2, 3, 2, 3, 1, 2, 4, 3, 3, 2, 2, 2, 2, 2, 3, 2, 3, 3, 5, 2, 2, 2, 3, 2, 2, 2, 3, 2, 2, 2, 1, 3, 3, 3, 2, 2, 2, 3, 3, 3, 3, 5, 2, 3, 1, 2, 2, 3, 2, 3, 4, 3, 3, 3, 3, 3, 2, 1, 2, 3, 3, 2, 4, 1, 3, 2, 2, 4, 3, 3, 3, 2, 3, 3, 4, 3, 2, 2, 2, 2, 2, 2, 2, 3, 3, 1, 3, 2, 1, 1, 3, 2, 3, 3, 3, 3, 2, 2, 2, 4, 3, 3, 5, 5, 3, 2, 5, 3, 3, 2, 3, 3, 2, 3, 2, 1, 4, 2, 2, 3, 4, 4, 2, 3, 2, 2, 2, 3, 3, 2, 4, 3, 2, 1, 2, 2, 3, 4, 2, 2, 2, 2, 4, 2, 3, 3, 4, 3, 2, 3, 3, 1, 3, 2, 3, 3, 1, 3, 2, 3, 3, 2, 3, 4, 2, 3, 2, 3, 2, 3, 2, 3, 3, 2, 3, 2, 2, 3, 4, 2, 3, 3, 3, 5, 2, 2, 3, 2, 2, 3, 3, 2, 2, 2, 2, 4, 4, 2, 2, 3, 3, 4, 4, 2, 2, 1, 2, 2, 2, 2, 2, 5, 3, 2, 1, 2, 2, 2, 2, 2, 2, 3, 3, 2, 3, 1, 2, 2, 2, 2, 1, 2, 2, 3, 2, 3, 2, 2, 3, 4, 3, 2, 3, 3, 2, 2, 3, 3, 3, 1, 3, 3, 3, 2, 1, 1, 5, 4, 4, 2, 3, 3, 1, 1, 3, 3, 2, 3, 3, 3, 3, 2, 2, 3, 2, 4, 2, 3, 4, 1, 2, 5, 2, 4, 2, 3, 2, 2, 2, 3, 2, 4, 1, 2, 2, 2, 2, 3, 1, 3, 3, 2, 1, 3, 3, 3, 3, 2, 3, 2, 3, 1, 1, 1, 2, 2, 1, 2, 2, 3, 2, 3, 4, 2, 4, 4, 2, 2, 2, 4, 3, 2, 1, 1, 2, 3, 1, 3, 2, 2, 3, 3, 3, 4, 4, 2, 3, 4, 4, 2, 3, 2, 2, 1, 3, 3, 3, 1, 2, 3, 2, 2, 3, 1, 4, 3, 2, 3, 3, 2, 2, 2, 3, 2, 4, 3, 3, 4, 2, 3, 4, 2, 1, 2, 2, 2, 3, 1, 2, 2, 3, 2, 3, 2, 2, 2, 2, 4, 2, 1, 3, 1, 3, 2, 2, 2, 3, 3, 2, 4, 3, 3, 1, 3, 2, 3, 2, 3, 4, 2, 2, 2, 3, 3, 4, 2, 2, 2, 4, 3, 4, 2, 1, 2, 3, 2, 3, 1, 2, 1, 2, 1, 3, 2, 2, 5, 2, 2, 3, 3, 2, 2, 1, 3, 2, 3, 3, 3, 4, 2, 3, 3, 3, 3, 2, 3, 2, 3, 2, 2, 2, 3, 3, 2, 2, 1, 3, 1, 3, 3, 2, 2, 2, 1, 3, 2, 3, 2, 3, 2, 2, 3, 3, 4, 2, 3, 3, 3, 4, 3, 2, 3, 4, 4, 3, 1, 4, 2, 3, 2, 3, 2, 3, 3, 3, 2, 5, 4, 2, 2, 2, 1, 3, 3, 2, 4, 1, 2, 2, 2, 4, 3, 4, 2, 2, 3, 3, 3, 3, 3, 2, 2, 2, 2, 3, 2, 2, 1, 1, 4, 2, 2, 2, 2, 3, 3, 3, 3, 2, 3, 3, 3, 3, 2, 2, 1, 2, 3, 3, 3, 2, 4, 3, 5, 2, 3, 2, 2, 3, 3, 3, 3, 2, 1, 2, 4, 2, 2, 3, 5, 3, 2, 2, 4, 2, 2, 2, 4, 2, 1, 3, 1, 2, 3, 3, 5, 1, 2, 1, 2, 2, 4, 2, 3, 2, 1, 1, 2, 2, 1, 1, 1, 2, 4, 2, 4, 2, 3, 3, 1, 1, 3, 2, 1, 2, 3, 4, 2, 4, 2, 4, 3, 3, 4, 2, 3, 3, 3, 2, 2, 2, 3, 3, 3, 2, 4, 2, 3, 3, 3, 3, 3, 3, 3, 3, 3, 3, 4, 3, 1, 3, 3, 2, 2, 1, 1, 3, 2, 3, 2, 4, 2, 2, 2, 2, 3, 2, 3, 2, 3, 2, 1, 1, 1, 4, 3, 2, 3, 3, 3, 2, 4, 3, 4, 2, 3, 3, 5, 2, 2, 2, 2, 3, 2, 4, 2, 1, 1, 2, 2, 2, 3, 2, 3, 3, 1, 3, 3, 3, 3, 1, 4, 3, 2, 1, 2, 1, 2, 3, 2, 1, 4, 2, 3, 4, 4, 4, 2, 3, 4, 2, 4, 1, 2, 2, 2, 3, 3, 3, 2, 2, 4, 3, 2, 1, 4, 3, 3, 4, 2, 4, 3, 3, 5, 4, 4, 3, 1, 4, 2, 2, 3, 4, 5, 1, 2, 4, 2, 3, 2, 3, 2, 3, 3, 2, 2, 2, 4, 4, 3, 3, 3, 2, 1, 4, 3, 2, 2, 3, 3, 2, 2, 1, 1, 3, 4, 3, 2, 3, 3, 2, 3, 3, 2, 2, 3, 3, 2, 2, 2, 3, 2, 2, 2, 2, 4, 3, 3, 2, 5, 3, 4, 4, 2, 2, 2, 2, 3, 2, 2, 3, 2, 1, 2, 2, 1, 3, 2, 3, 2, 3, 3, 3, 2, 2, 2, 3, 2, 1, 2, 2, 4, 3, 2, 2, 2, 3, 3, 2, 2, 3, 5, 3, 2, 2, 2, 2, 3, 2, 4, 2, 1, 2, 2, 1, 2, 3, 3, 2, 3, 1, 2, 4, 3, 3, 3, 2, 2, 2, 3, 3, 3, 2, 2, 5, 1, 3, 2, 1, 2, 2, 3, 3, 2, 3, 3, 1, 3, 2, 3, 3, 3, 3, 3, 3, 3, 2, 4, 3, 2, 1, 2, 4, 1, 2, 3, 4, 2, 3, 3, 2]","[2.905506559375885, 2.149806558674407, 2.5942571609642178, 2.2138693865146695, 2.3878676935796963, 2.2773279437204805, 2.619241977111122, 2.9878581581597556, 3.0994385604620884, 2.6601868407041627, 2.7424601175991863, 3.6913220656650587, 2.61369454483814, 2.2340405246303114, 2.1866132479123066, 2.1339748265434726, 3.7372085500674865, 2.2564458389899054, 2.0995340103696485, 2.285288069752409, 2.644705630498492, 2.514371780946892, 2.8157922236660715, 2.6001628208890843, 2.168586022046658, 2.389076462219355, 2.34263295930792, 2.3815665595429545, 2.1039383143733814, 2.448696755947627, 3.755063829615196, 2.4450873978484573, 2.0855266018240832, 2.488471781726389, 2.452577976187285, 2.962254658902064, 2.159892655727746, 2.1852143152816668, 2.4399094671462755, 2.485169759445582, 2.1904737946184687, 2.902533240528905, 2.5746782928458405, 2.036152660529573, 2.48654176953702, 2.0773688221736144, 2.881877204390948, 2.2750307948730546, 2.4348324717064647, 2.73941403911468, 3.157984202398687, 2.5573457254272483, 2.7521324467271535, 2.513769236505859, 2.182326491670689, 3.024353286877967, 2.542508996290953, 2.266192092544301, 2.422601783720278, 2.4806264883474123, 2.1586177118413863, 2.261109672807205, 3.0636581339676896, 2.2300680582517782, 2.8918240758546707, 2.6602497131989007, 2.2816160212508514, 2.505957777700567, 2.125508230012371, 2.346897381823526, 2.174746435288858, 2.3829047810996236, 2.1370056405823474, 2.0805881825669714, 2.4306069567471718, 2.2758055894771023, 2.059226274118128, 3.2083269667310117, 2.724555551171555, 2.4151141905970164, 2.353336779617452, 3.6829392462829404, 2.214899613654193, 2.3013182024488787, 2.178047844985968, 3.1359596239509804, 2.5240559381980296, 2.354611962589763, 2.181461595467786, 2.728368575751105, 2.7463317976528114, 2.2823427398100224, 2.6858717464963937, 2.4110411318478726, 2.1025785788640894, 2.794341311531881, 2.571404409254156, 2.127751034847191, 2.3674349265184427, 2.833051098116956, 2.4299619709876095, 2.6218993954283754, 2.329089045294477, 3.833138919839312, 2.563402707537797, 2.1698520641791976, 2.2593724807384072, 2.113674470208912, 2.438245131432682, 2.961851887792652, 3.5988113116652523, 2.724085176547157, 3.9505387933102076, 2.657283460121513, 2.432401655724802, 2.2734812275071716, 2.2514913608793083, 2.478994270459063, 2.129012237200336, 2.580587255564806, 3.368046767990054, 2.2384607128250935, 2.1628310434074085, 2.178322654378449, 2.2695523959330886, 2.5293392562478108, 2.1490967371045917, 2.93137847614698, 2.1005343307764845, 2.090075884417681, 2.4452155600763406, 2.4604964432279925, 3.0086679831654095, 2.198825487861137, 2.525725168459704, 2.7476642640820623, 2.101990042294374, 2.2918073830258052, 2.297456578520895, 2.485723015140094, 2.455164650742831, 2.6067378070910694, 2.0138943320677583, 2.17893672945074, 2.793021928323051, 2.31933904660286, 2.2658804107908295, 2.3617479039941984, 2.2965903927270825, 2.236572444213219, 2.486602837862742, 2.2293761589328267, 2.2078955717156257, 2.744698731530052, 2.273537948799566, 2.9366749274920023, 2.3155537067372327, 2.2298543552430363, 2.438775722689323, 2.155311085032871, 2.367309405286867, 2.8141037576541335, 2.1463481650078826, 2.190760750964013, 2.8086450161742094, 2.295456649941961, 2.0926060934995716, 2.7834689130292856, 2.2151497764643886, 3.7764544780038403, 3.3974988930932155, 2.498932372953958, 2.1029132556362664, 2.3070511200420882, 2.076271333679709, 2.3734798170598523, 2.4421648299363286, 2.2705362900823864, 3.8481349267614204, 2.55049339659246, 2.6257886261129886, 3.174234093173612, 2.5044913060545944, 2.1966447820757944, 3.6283600220208587, 2.7298595926564913, 2.3475980620182813, 2.5881975585290293, 2.202086372270991, 2.1829857877468193, 3.2300093082737216, 2.2487247820177885, 4.118510061824404, 2.5083239145587553, 3.309244066744733, 3.927938029715701, 2.7715185433229492, 2.024310693323719, 2.196492113163498, 2.7732173921547902, 2.6921553140914725, 3.6060764740769615, 2.7677517875059774, 2.2623244257139694, 2.2471031729908555, 2.0421622128729306, 2.2659502783769545, 2.427371675798697, 2.744281994179771, 2.7179032884664336, 2.38792967167502, 2.2640395311602166, 2.5955194394787804, 2.82948022945997, 2.7821515532061385, 2.444014596646629, 2.453614727223416, 3.182321734489426, 2.692525948540025, 3.039757182060032, 2.0734234210966473, 3.3325758147414333, 2.08555148749232, 2.611081565847169, 2.283883744231404, 2.4620020913759526, 2.884951959240659, 2.821318179344938, 2.1304587524945293, 3.473551628509406, 2.0846999480743644, 2.174278611588416, 2.2832508052385756, 2.4688566003793584, 3.016889001188755, 2.2246766183768782, 3.1089123689738165, 2.4083290341084753, 2.2198123930858564, 2.260069603843692, 2.3544700280029818, 2.0670424735568704, 2.382721112025147, 2.5018135198481044, 2.5212401956265835, 2.2619461006758907, 2.737464268563223, 2.587164805077811, 2.2374216605464605, 2.99403918997962, 2.4201572459904144, 2.163868852110218, 2.598983804991345, 2.2802551357154615, 2.0604857144729047, 2.1955893916070828, 3.290597569880227, 2.558726576617291, 2.420041682503694, 2.642341094437688, 2.155397119118915, 3.3460682765763363, 2.4079782924614475, 2.589698161387358, 2.9154575541257173, 2.1590134754000223, 2.360046142001349, 2.7766817610148284, 2.4038454222518197, 2.552479973337236, 3.255704498496347, 2.5399197872097212, 2.59780561216852, 2.6286224663288906, 2.8985926762979686, 2.415243509679657, 2.1303912134791965, 2.3696207379583214, 2.551360678092662, 2.0217356422218127, 2.563958677764049, 2.1120435820438397, 2.6678496873575113, 2.1616894687263404, 2.3277905797345704, 2.085974691449772, 2.03117969580662, 2.0994312103062622, 2.5795655685394925, 2.4633694467175227, 2.476932014490123, 2.7315081090617013, 3.185123331116656, 2.584408708148135, 2.9135293132154723, 2.597904198497661, 3.2015951929119852, 2.37573036981196, 2.439022443308834, 2.7673020595099667, 2.129055368719335, 3.1315949993331103, 2.668229599994805, 2.2341494959141475, 2.297155890217015, 2.4082100565245184, 2.9820082528202, 2.653479736642044, 2.6471870099935324, 2.255253661665153, 2.7241454425419587, 2.9716005768130995, 3.068253832413648, 2.930238950963393, 2.244917776975007, 2.068695967528384, 2.2486944905368342, 3.9131681826677864, 2.1226990537229673, 2.1190333527799385, 2.605283385233867, 2.237717618369193, 2.42933242706835, 3.94026873881002, 2.8579896055226457, 2.2288924699850536, 2.361021069438023, 2.2531750023212735, 3.752566415247488, 2.594398214244517, 2.426118297366124, 2.3741655677317226, 2.296707839166326, 2.1888257210155304, 2.101335675534701, 2.2454093211843054, 3.4078107190565943, 2.171903689432563, 3.271915412821086, 2.8070044792699975, 3.8783636844842677, 2.469746364225081, 2.263697085239966, 2.1734019642251976, 2.0249620999090485, 2.168250828527579, 2.108804305549345, 2.5044231152793106, 3.1056854452562543, 2.318930430083827, 2.4911385033546543, 2.3339501099423385, 2.1675656535400485, 2.770001789093662, 2.635413539818648, 2.510484838119466, 2.007953273407897, 2.2729347777121296, 2.176150993798311, 2.2563336987161495, 2.7264613294364315, 2.560143199895065, 2.208192761867472, 2.7515478206580344, 2.558310536125201, 2.2732822559473522, 2.0273925093525396, 2.427890425207434, 2.1468615210432738, 2.3528765065984922, 2.9158845660682307, 2.992151278309677, 2.7782255816000516, 2.991397917841984, 2.7816893914803846, 3.4803696782649527, 1.9960144689489188, 2.3607137776845497, 2.0725679092413287, 2.4805887751043323, 2.680632019189985, 4.055031874731204, 2.691998353835781, 2.309800103676254, 2.326246768035206, 2.0334674153895946, 2.824006273436073, 3.2578362370462224, 2.288818468176815, 2.1749596282256256, 2.2449184925572188, 3.215312417207356, 2.0793479427311206, 2.5916584402495517, 2.629790714329212, 2.5269315377059445, 2.2902260656862543, 2.441802525176735, 2.259214884185296, 2.2124518659488013, 2.1022687475095068, 2.466481346854272, 2.3336018714102646, 2.2972099788215363, 2.4934169806988464, 2.596287200649534, 2.266689675845512, 2.8601182207733737, 2.631846806976938, 3.8084793339082275, 2.153438749321042, 2.440798176948611, 2.221337011476512, 2.705571242970097, 2.4296197602629253, 2.6293702727813715, 2.2481287098998735, 2.3325851993557096, 2.379885029428043, 2.4270356669740383, 2.401784899666496, 2.4777153116737676, 2.2453855452915246, 2.0596321868929808, 2.368114456607304, 2.047452601760461, 2.390566377807639, 2.1172156673364007, 2.551434941978516, 2.623571489698351, 2.4379666250528587, 2.3984892797890423, 2.071637060627869, 2.3443260775344825, 2.7028736745389756, 3.400562647049438, 2.4638434469675374, 2.5264585629894434, 2.4266769696647246, 2.155186192005067, 3.3376452544664743, 2.3158087988638854, 2.2849423989192146, 3.197682990922389, 2.7026035776821753, 2.549287900522472, 2.5004887010914687, 2.4511672354129006, 3.738060933718817, 2.1990425193587617, 2.359933577263973, 4.01957128190878, 2.332240424864667, 2.155538836967055, 2.527799114788735, 2.195442647465337, 2.2401608488308735, 2.125800588693258, 3.2438103853719538, 3.5181130018239264, 2.2333207278952893, 2.179271272346411, 2.0615043339034975, 2.2066792628798484, 2.117076213635537, 2.7624303719379832, 2.34541005977069, 2.2217417461934623, 3.8864543529066666, 2.0556352670791664, 2.050856294774055, 3.952844837761642, 2.5887907495242994, 2.5507253096691316, 2.938254456908531, 2.402542867722257, 3.036873377173508, 2.086172581365908, 2.270171897513595, 2.240100942876177, 2.2715238638748136, 2.5512617003203077, 2.090611708496434, 2.2990147978432254, 2.1426615144699115, 3.471096619555308, 3.1719277170669553, 2.179175801298907, 2.6977979381936392, 4.199159006048839, 2.153062601146244, 2.2443830496732198, 2.1679023167985516, 2.4704568405768836, 2.5270422782221957, 3.1218794061295134, 2.3325582410115575, 2.3692131521630446, 2.5508714803336567, 2.459211638573926, 2.6723168685908867, 2.3209335661553543, 2.234971790267306, 2.2616063182491777, 2.3462125874954616, 2.278266928026466, 2.3015423910461683, 2.317451458808633, 2.5600944015930485, 2.3222946885657647, 2.1597482341354257, 2.161360359702833, 2.548313503366478, 2.398833988762163, 3.5266995471402556, 2.567973706882039, 3.0183274236728215, 2.394024926581456, 2.515366199485795, 2.1304947291247944, 2.916485666694494, 2.712400594140565, 2.838236541537047, 2.433350154907405, 3.551461092190483, 2.301416806122233, 2.7739184860217954, 2.210958902807732, 2.056510697246553, 2.5192102449953495, 3.394184819696139, 2.261357904514999, 2.007268098420367, 2.9701814305094603, 2.758974394779809, 2.192216131647957, 2.202632996728469, 2.1813344667337073, 2.3838840828400834, 2.580200786816692, 3.373542128139399, 2.6891530519446483, 2.174000876174729, 2.478997738494451, 2.296433745356057, 2.289527570816946, 2.542423111773816, 2.620580879209621, 3.061353071131152, 2.8884734831557735, 2.158305216993266, 2.0693907447186635, 2.743872984833906, 2.7119948578958466, 2.823298226514973, 3.1515757814089853, 2.462750034444798, 2.504711755202968, 2.4375830302894994, 2.7939522067484206, 3.9823772483063022, 2.2717684792987773, 2.5132957808291, 3.6519007784122586, 2.2075186778419704, 2.207120197616803, 2.503103324951073, 2.5177383082661615, 2.091802377506763, 2.27903131035134, 2.2432608077157528, 2.9105039406347624, 2.226735103513813, 2.776480174111349, 2.8384720323948756, 2.0946490577607104, 2.5459354485847743, 2.1077595278707593, 2.268283452563642, 2.562600316692673, 2.5973978842223047, 3.553555553342445, 3.424604602753874, 2.2882691898006775, 3.97851166821078, 2.2482341145193603, 4.142918000048757, 3.4675826327802746, 2.3527207528233998, 2.6676236323446187, 2.202205874041936, 3.206063432367345, 2.5446575232932838, 2.464286967240737, 2.368241543824296, 2.207861782082638, 2.8468531396003343, 3.1149010560528456, 2.359754990941415, 2.5946467970304203, 3.0371891256054444, 2.283724917560109, 2.6781126511966122, 3.012510984745555, 3.1444644276455858, 2.2234751550853273, 2.130641893036294, 2.50796226042257, 3.36038179300977, 2.5397863047774742, 2.2781920942245266, 2.5639330379424123, 2.8127941068251303, 3.0760874306852353, 2.555692280164731, 2.2888994636243254, 2.8065729618972233, 2.7417023117886075, 2.420069544090984, 2.2015574639950204, 2.3532684332719134, 3.6280037536031475, 2.2114207485646293, 2.979643293722119, 3.076785760271119, 2.0276749518056567, 2.4117769662055935, 2.6865840718347256, 3.696086601217182, 2.216138104414027, 2.1071086206881193, 2.1567039047269363, 2.562332141096301, 2.13710176225326, 2.696134857669641, 3.681769335209048, 2.1021122417119953, 2.836602321910815, 2.4859153168840686, 2.4304429539764603, 2.7450566220444483, 2.6876745579881156, 2.670916548481704, 2.3812644990120884, 2.1012395538637882, 2.2225301955297088, 2.880293913750706, 2.256924752557969, 3.0614930029773997, 2.6342844872640314, 2.7395514680213124, 2.217172028540894, 2.53688284731192, 2.2473103480664967, 2.446916115851874, 2.071664171868383, 2.025427700248144, 2.1899447100044194, 2.3948673967933716, 3.7498442528479567, 3.6138796506483817, 2.50733028486549, 2.129372077301701, 2.028069297122221, 2.3412794363641263, 2.5296165878172374, 2.033335039427466, 2.7661995017979204, 3.9072267910391885, 2.4101055891934715, 3.5051270142986315, 3.06031166684001, 2.350542163441989, 2.3496356473857944, 2.339316952479238, 2.393736901977542, 3.112271882120953, 2.065533571935234, 2.2523890132213946, 2.3523163725358427, 2.383420682979735, 2.536836536087769, 2.3918715308719363, 2.2721906514380668, 2.7423098824811105, 2.433469326445659, 2.0042883266220795, 2.0591431913205698, 2.3840483304812077, 2.2393815039703298, 2.0283096012995023, 2.178181311703697, 2.3860932812286726, 2.2729826834402935, 2.345987392732657, 2.226816236189115, 2.3613711864586224, 2.361740273144492, 2.30772347843329, 2.375159341744721, 4.216325539870951, 2.313167101129898, 2.5378331623194472, 2.314894927408005, 2.5640253764363923, 2.5500591330177445, 2.102033173813373, 2.2008649925452417, 2.6777071617488377, 2.165287077007777, 2.7422506619004037, 2.4119062420955055, 2.2100171257034837, 2.199254956462675, 2.1959661862926585, 2.2477357368102955, 2.604234673157629, 3.187807765678923, 2.1782601807670097, 2.4468760241401553, 2.227739147697183, 4.143237661595251, 2.3468390486067676, 2.070504494787937, 2.1809598386829716, 2.368435466302355, 2.0876267297207383, 2.4071311223479914, 2.918562893733596, 3.95267000709567, 2.0213802146900024, 2.323913693571886, 2.2253393891633255, 2.346988898359116, 2.7194307155014834, 2.2380157792669717, 2.6576467478719983, 2.3954540531806128, 2.2272553854859836, 2.4107085911530457, 2.134970548467797, 2.1181637035986567, 2.5205070953557454, 2.4119647796336507, 3.242136388407167, 2.141934957039399, 3.690923493424803, 2.296520046969055, 3.6271434410025845, 2.5558021781334226, 2.2083485906577716, 2.54736475152201, 2.72453031786426, 2.1302672649855583, 2.587777576157066, 3.29605408076857, 2.2943429995960556, 2.26237400611437, 2.3658749708503914, 2.125864392681537, 2.173382246959369, 2.1690500933758328, 2.345635765721993, 2.467253870410057, 3.2527873342659546, 2.3903898961032044, 2.3801221299231665, 4.3700121106555905, 2.3569927211156463, 2.6362680108162135, 3.011200260933259, 3.0627503538473357, 2.3499511963671837, 2.7597318119355294, 2.223195511677896, 2.023988339842685, 2.1788821317963243, 2.1731530337441165, 2.4564547420072413, 2.781461448902151, 2.497848535381815, 2.128305913782554, 2.2474616446756692, 2.174904154395628, 2.0231535362854265, 2.4711055624378884, 2.5276675461146754, 2.296559442925712, 2.163582951755709, 2.268008783069033, 3.125014180016084, 2.188541842976128, 2.349292792211344, 2.1324977806823737, 2.3389121265772235, 2.1411376401024707, 2.9014590369183866, 2.04872118516594, 2.4774508250472276, 3.1813460617775875, 2.4739686419541442, 2.058592101120543, 2.4778967775011598, 2.6384734667176444, 2.3268895270859487, 2.7201102277070315, 2.6096236483743005, 2.3356082001854332, 2.35655988514803, 3.066715832509866, 2.0351840498457627, 3.0019543109649858, 3.0251638482185053, 2.5514784649407285, 2.257903305348255, 2.0586977572653526, 2.618643804185519, 2.1625682185728894, 2.788176003182482, 3.1647242309054495, 2.093141919253967, 2.321828567367136, 2.269004265907406, 2.333750618847261, 3.19390539622783, 2.2931620531312036, 2.26031274785259, 2.5003087810407862, 2.275133682314881, 3.005594515320288, 2.4330825643642116, 2.397742191664992, 2.5331482243390124, 2.6586445678577912, 2.207534698120456, 2.6179463064421347, 2.4559357072254624, 2.8083915370361368, 2.1569843590180855, 2.8785900014766033, 2.2320170385490496, 2.271073445678333, 2.5538869527769004, 2.334422141237386, 2.4059049777819173, 2.239283654454187, 2.1647386905519297, 2.8213967149042247, 2.976540240782577, 2.4722667568723478, 2.4532426802870635, 3.5146966266717463, 3.5184616470775048, 2.270712034973823, 2.0484465746087688, 2.458715410670758, 2.1900032437321295, 2.0607149276881573, 2.356616281703983, 2.1571704407143395, 2.5956774938413565, 2.0839456164350016, 2.456831808871502, 2.258957549677442, 2.5742203831622374, 2.4566886823561687, 2.056081590284625, 2.8720371793153614, 2.045372154765565, 3.223444696081329, 2.671120566487716, 2.6596416212993095, 2.3133634827278, 2.289416664544135, 2.2835277795902535, 2.1099560165242783, 2.813326123753757, 2.0312043423889055, 2.2769320781854105, 3.440431363106778, 2.2841731041629467, 2.322843273856921, 2.1444550700780662, 2.4491245487365747, 2.0827787469852286, 2.2953572086680243, 2.279542011351547, 2.124443794338455, 2.268734485019462, 2.242160802527167, 2.3247730059483502, 2.602025809715616, 2.42615886122838, 2.3243901094229895, 2.6818381317000535, 3.90939080279015, 2.252525660179563, 2.1581476777019497, 2.4598046761137162, 2.7481729562869575, 3.8723237517003173, 4.238112234130913, 2.1734956212378815, 2.2732694371400934, 2.025996519552031, 2.289350115424492, 3.127313862604608, 2.4790286692759667, 2.5457123970150928, 2.437019360368165, 2.53470783959824, 2.2881677984044844, 3.253364360892286, 3.1397881030427874, 2.6780107928752255, 2.4471500831858597, 2.2602799917134075, 2.514587123977768, 2.8612278157776454, 2.351393927390038, 2.7142760754244257, 2.5343348716638823, 2.1709286796928717, 3.9481058004652647, 2.5563216582576533, 2.6660839624586554, 2.6533297971265752, 3.634217319200307, 3.4869154119248296, 2.2640901142487566, 2.778989913981131, 2.5802609492015525, 2.7177887691811273, 2.0707852245291063, 2.3148808550408453, 2.7879875716323417, 2.0455474209498106, 2.1177960943492184, 2.9174625806136825, 2.5997445826121584, 2.1700458365309436, 2.4480921649462886, 2.125117878363956, 2.217424315600494, 2.7949356076308574, 2.8672013948343995, 2.5182845793584625, 3.063007734294138, 2.1328699440748813, 2.4246343172176754, 3.889471345473973, 3.260465436253018, 2.1980159892065805, 2.649789656643684, 2.438885193372037, 2.8617335609976426, 2.417059446047178, 2.2240139007634254, 2.113177841575864, 2.5742702076478743, 3.9149988646030556, 2.850402104437159, 2.011835110117825, 2.771092005665765, 2.3153357243818804, 2.2770047106640834, 2.4501449367983286, 2.058141824497577, 2.614820265927785, 2.3625830479602805, 2.3168653868971463, 2.5693390895009305, 2.2449825736711606, 2.4512793599419473, 2.0402612457965255, 2.3405733918737393, 2.0884819661260368, 2.3279922225572625, 3.1273562047350576, 3.600217415454451, 2.0885177036703504, 2.166534569244799, 2.624354438455662, 2.4193318267807404, 2.1810485663791983, 2.4993253292346105, 3.0329676772522904, 2.0929706255070846, 2.7288387600168544, 2.106212200675148, 2.4014032213973713, 2.246711332583162, 2.600278896700846, 2.8279246891536403, 2.187104671778877, 2.4577988726620785, 2.3614674480274065, 2.270048664602169, 2.1123152095202373, 2.2270371982739556, 2.064244318271406, 2.1096097320431704, 2.2433622024594193, 2.07638172655309, 2.3036926805859674, 3.9264604563201404, 2.3388478466279725, 2.8886930730174405, 2.8452443341750513, 2.5825807121298525, 3.110102839171543, 2.2259379607040333, 2.0425838894961044, 2.076826597363339, 2.384894794361273, 2.1642408295897675, 2.1100723722079215, 2.1557446359291372, 2.1551457239796052, 2.3245269802576893, 2.0992083788026763, 2.501784594572771, 2.668240854644566, 2.1584888340312913, 2.901384021563197, 2.601218810946815, 2.662964997276242, 2.974910162158641, 2.252746425563888, 2.351147787937133, 3.9631113716125657, 2.536358292668067, 2.9745851851016507, 3.2301882855143766, 3.887022045110903, 2.207470692480871, 2.8287917506039526, 2.2348475450928613, 2.290222607784863, 2.15593616368875, 2.9044746756307713, 2.257618505657285, 2.6732942572821967, 2.4142046399665085, 2.0285935537426854, 2.2106177464783903, 2.656925176488261, 2.1149740992525565, 2.583823782376173, 2.507101582375774, 2.0268608990080317, 2.640714833755249, 2.519247381150453, 2.2218844533981925, 2.5788143537391357, 2.7008674493737477, 2.569814328406845, 2.33128717090977, 2.2611054651704636, 2.2670448240407284, 3.568269908947954, 2.910652059749714, 2.075070528375514, 2.086169877621728, 2.0828455340542806, 2.0830119348487752, 2.488845845343306, 2.2345640881657944, 3.153755414915672, 2.2873185343843265, 2.294293706431485, 2.9692856619348142, 2.457025486725224, 3.939935889572439, 3.339712585973305, 2.300775040314653, 2.6553658179846353, 2.3974758411240913, 2.6209841500698663, 2.234914627167078, 3.7820777161289514, 2.144539383529096, 2.112879476356698, 2.2826900954915863, 2.646639644301194, 2.3687042255061335, 2.180284708241313, 2.1975605425055633, 2.053398589736779, 3.151745863162673, 2.5508541908267, 2.5561525050099823, 3.3050601598329035, 2.5057731185921086, 2.609278736659279, 2.568230746920017, 2.317033111744919, 3.8851614140613235, 2.1859428267210097, 3.426035575382366, 2.1862023655703546, 2.3642108131467072, 2.155537604637941, 2.140672535279491, 2.3665399151726643, 2.4021171151279175, 2.0295899912492215, 2.2457914815080944, 2.678247400068976, 2.224925841652193, 2.214532620875025, 2.306171256609648, 2.6048469385446356, 3.2272251498534184, 2.2314736844081744, 2.191610200897128, 2.6087049078668993, 2.695083579616114, 2.457217265934022, 2.100115152964678, 2.7225683540699355, 2.2987094193088398, 2.240758291040982, 3.158804166433085, 2.549518657283486, 3.0344209488962504, 2.7033740896725993, 2.328926567111825, 3.0142094064475065, 3.684578824708554, 2.3250868080646536, 2.52984051477029, 2.428230391260035, 2.192265501962527, 2.3290020649986243, 3.0641201207168653, 2.1544334377515613, 2.1553550210937207, 2.1329236498090065, 2.5049037980338418, 2.4077351657967627, 2.914702009966084, 2.194108480728997, 2.053761370992633, 2.233968343534351, 2.60521191014524, 2.5434418537580674, 2.9684956740137687, 2.598212280776227, 2.1596262547839, 2.0829606535222367, 2.2820286773769816, 2.2521112224237827, 2.0896859516706714, 2.066531758517787, 2.859547862283433, 2.676549399024022, 2.0671360779556784, 3.4800926953566647, 2.5395171907627456, 2.489586320645112, 2.0638124863345118, 2.6484012932288845, 2.6824954255553215, 2.2500424004820307, 2.3144630607065455, 2.4987810859618, 3.532023686546674, 2.2519171482382125, 2.523532738781281, 2.2885496697444747, 2.458687898700364, 2.716801458188374, 2.9853813466973294, 2.604298379098183, 2.2934452692966767, 2.3803562383017383, 3.3861820348386598, 2.290237395734234, 2.6938230225572544, 2.2612089915274827, 3.593583815370516, 2.115845834108243, 2.6504141480354533, 2.1807133728601187, 3.105206906288476, 2.271060950470973, 2.462312946821499, 2.024836182273298, 2.439537935862419, 2.232558446959339, 2.221753828187723, 2.0939347833706985, 2.4534746824140057, 3.8470014252731812, 2.170082014207449, 2.1200231907196425, 2.6771656004805107, 2.5116546588577253, 2.309963611466138, 2.249430243631925, 2.130484671656571, 2.514846152177715, 2.0416118785057575, 2.373028405620209, 2.1589886429047795, 2.1571914115400683, 3.39224692243783, 1.8805422223922115, 2.6887100417434233, 2.7163208335639863, 3.0059576348539845, 2.839031493542926, 2.807362639925309, 2.593972016442563, 2.0809709201746047, 2.5984518693712966, 2.1677199147454274, 2.718564529707671, 2.5687411724702045, 2.3995818601972774, 2.431797245098035, 2.1555529093342147, 2.397439193810176, 2.123093898442221, 3.3921535091628288, 2.369826814581354, 3.216615741562701, 2.912046728820587, 2.653802204172435, 2.2671940546067777, 2.3724531453341573, 2.2726626205664777, 2.368327253751323, 2.0787946269588167, 2.479200732389481, 2.044215879437428, 2.5545173885365005, 2.1921796768457895, 2.098126173774258, 2.4478589060264344, 2.107308736711821, 2.5847300262574944, 2.5174837519062674, 2.7350957215623826, 2.3705011376928073, 2.7138167570736296, 3.183737700977633, 2.3316926292264424, 2.243287028707807, 2.112080312831316, 2.394355807178211, 2.6923103278443863, 2.7246989095426053, 2.1903602440018775, 3.4892466382001914, 2.3858084390761296, 2.634304808005452, 2.653385779930329, 3.091595713093458, 2.1384178897472927, 3.409312548146533, 2.349293469218556, 2.841115441356125, 2.2694636486817177, 3.799174533513331, 3.618111158332546, 2.2155470841662277, 2.361169773609965, 2.2659280964528974, 2.435475031921898, 3.704607677194764, 3.4765023361327385, 2.908751960616594, 3.635131190656188, 1.9177205582757157, 2.1067330016051513, 2.66317536170424, 2.1042269184720706, 3.5515055058603053, 3.521814764775705, 3.078613993817984, 2.1950174380017033, 2.573459002604932, 2.517976765854989, 2.712776177975988, 2.4296158333053595, 2.265203486933711, 2.371751434996882, 2.6971575446130456, 2.03281869352859, 2.4828158692638254, 4.141366785488849, 2.4388173073150883, 2.317796170551803, 2.108146241802329, 2.087058625999063, 2.5074983289912676, 2.2047517585716268, 2.4781639538330036, 2.28890018088218, 2.1818416505620255, 2.264272738043619, 3.284051795730255, 2.522748771934354, 3.5964537628116817, 2.805482314788336, 2.738851721865188, 3.5097801620585676, 2.2693728315006503, 2.6734453963772786, 2.2896476559654273, 2.039628101311766, 2.1329815905081633, 2.1570050695270764, 2.6801697596847, 2.859412594992336, 3.2315519141838633, 3.2289766170112575, 2.458818250136456, 2.7721356647591744, 2.740879681392367, 3.0444156932548743, 2.0307592324927053, 2.472448840863959, 2.56837407227066, 2.515155958142932, 3.169904789681587, 2.459206468495875, 2.5591903805377854, 2.1639751078640646, 2.5187814795166332, 2.5328882062433764, 2.465343074967303, 3.090047620949264, 2.5511126047673067, 2.4953243887574166, 2.3406002186284542, 4.052148048265751, 2.3994265654980937, 2.04094765311317, 2.1809045827081386, 3.0401785304542823, 2.3113544155200247, 2.769375997278576, 2.2096535886147763, 2.676801467617031, 2.5421961868787126, 2.341526990731648, 3.4919959845283373, 2.2893171862947037, 2.326983938255844, 2.5227332975949484, 2.6094506115727674, 4.1463822234103835, 2.0745886876918376, 2.2041103717478703, 2.1423497737790025, 2.472385435640705, 2.2266885716882783, 3.581025545159812, 2.57874700063676, 2.2521054359515995, 2.4241594108213484, 2.5594472217404545, 2.373829122863673, 2.1328884290115955, 2.2102184718453692, 2.0707300663997716, 2.5497955853529835, 2.2588462762066173, 2.897272116120119, 3.051035045308741, 2.741371569969389, 2.9213543867043557, 2.2433229409183686, 2.8934229799172733, 2.4950641634558823, 2.720747860219496, 2.404318054925991, 2.5215952143671556, 2.4371964193564444, 2.1027284062691267, 2.7875532395214804, 2.1428697780902217, 2.947382532706417, 2.2762913645584306, 2.460870029326569, 2.2365780301744507, 3.860775883365508, 2.2722356182226724, 2.4792068940350522, 3.1981366472822907, 2.2284596486915698, 2.434147802678278, 2.105991613763695, 2.5900734639623697, 2.2729884851218976, 2.965539840655641, 2.3497457340034904, 2.2407388172829665, 2.6235034080876, 2.8076385654627547, 2.1366063659493264, 2.3097459338091024, 2.4253622463398856, 2.0514238817488275, 2.467051716398866, 3.2580638529691077, 2.8321953741747277, 2.5351287166605427, 2.251883517522953, 2.288736418873062, 2.4120683489675123, 3.784688252503586, 2.369177991397477, 3.1128795895544545, 2.5627486280900915, 2.3733371671169174, 2.9698446171856756, 2.332111621125292, 2.4871618973736505, 2.916850795015879, 2.0535003563063605, 2.0078707073572417, 2.5035378237289785, 2.7302879958220165, 2.6517266876343504, 2.3184584446855916, 2.3231414217562105, 2.0703179517287054, 2.0766600340976042, 2.107484758728921, 2.5658857661890897, 2.57222432501659, 2.4009037898320638, 2.6774419735713386, 2.1279056056557284, 2.2879888093082426, 2.235880918319687, 2.270710765745352, 2.0749534571096593, 2.1818867490122065, 3.084487304910221, 2.438335983378314, 2.4940036685453153, 2.5373513216357706, 2.8294622351545486, 2.429799980012639, 2.323193255325372, 2.315834819348799, 2.678521632101474, 2.7306902932235237, 2.164830120316694, 2.751977759738279, 2.0169295586761873, 3.6029478815982694, 2.6221359992708404, 2.8814790682080664, 2.76183167428248, 2.5277693121489686, 2.702775414020664, 2.512165070387342, 3.3055182356223334, 2.0425479318856947, 2.203133612932163, 2.1725442631616705, 2.107687059538969, 2.8386485099445435, 2.626394178415283, 2.2583285472931958, 3.0334192942021714, 2.759537062919676, 2.225130409960803, 2.237934508293303, 2.7042325269717002, 2.1756854700739265, 2.2780194728470238, 3.1909793835999443, 2.0970171161464206, 3.000423599884786, 3.671394207382469, 2.416593866938869, 2.101814018066344, 2.341851650745394, 3.291771604352731, 2.133939088999159, 2.414477892890876, 2.33760979546123, 2.085915045811814, 3.4050925290723084, 2.1787317876443844, 2.2952191855962965, 2.9014994024044833, 2.227929404552682, 2.528969997110435, 2.138185354718085, 2.2745962994426225, 3.9278288344068693, 2.276626661076025, 3.2274332481903034, 2.296714716394109, 2.1608962883736584, 2.261133479042689, 2.368121970399601, 2.3759233857955637, 2.4992492192994025, 2.2826980062131743, 2.490392541546791, 2.5552558162036125, 2.5458049872491824, 2.605245698102585, 2.4065802360063895, 3.116713226052359, 3.082271119954565, 2.0659345570692724, 2.454767343040992, 2.2830566139854245, 2.1729784831420824, 3.373413805843262, 2.432383118174213, 2.614437501067999, 4.087201129363619, 3.5801339456965273, 3.1125305021410874, 2.539645166500247, 2.018474899385473, 2.509318339195162, 2.678454874304548, 2.28555577742915, 2.1821381441515157, 2.688013599455786, 4.0203680294849296, 2.2557608174378365, 2.0730781298587027, 2.2693140608979196, 2.2741684057899527, 2.1049774069026563, 2.2736874099170743, 2.617201809458681, 2.38474237306942, 2.49089859771634, 2.260485790675489, 2.2468932005451703, 2.5511131658536526, 2.6201100535544657, 2.6971852130048353, 2.984060474667066, 3.0599478072079966, 2.665624476150541, 2.2931272075071805, 2.31469623343681, 2.7812051244463847, 2.5534260872646763, 2.343509949850011, 2.125492743825001, 2.2152453813883985, 2.384451478439651, 2.7427604541713957, 2.464727742524676, 2.225374853468549, 2.317244427517437, 2.0031225432799866, 2.2296492718631664, 2.8853255135242413, 2.6388472783224466, 2.1563280443470862, 2.5389586539741575, 2.144081157609542, 2.364160804399925, 2.3165199943363293, 2.5594058376218296, 2.5215309928200536, 2.4491745592351375, 2.5876510214316855, 3.0285993741240214, 2.2495595855750468, 2.193142843141883, 2.316581511603963, 2.3721722285856233, 2.4411784498980156, 2.3238710363382165, 2.30964638613687, 3.410823191396476, 3.486413513566501, 2.4512403179278923, 2.4578093006557706, 2.5727468927149673, 2.894672729855925, 2.174679652641667, 3.0359028243504387, 2.7755756797690068, 2.0159683419670626, 2.274666400628621, 2.2920564517291155, 2.026028560109002, 2.157279402423297, 2.2427255843587495, 2.2372750502812204, 2.4601069021912907, 2.6926249821732497, 2.4176519085561905, 2.4497702484826562, 2.0940099554466682, 2.3499106672694925, 2.3553824073721286, 2.3462346295216463, 2.7628123967717775, 2.3618173909208577, 2.5130382626192187, 3.6511110857721945, 2.481499078801457, 2.2611170835908156, 2.6822884446487643, 2.3248697396676716, 2.329842769884716, 2.4054965405430497, 2.297347845763892, 2.3898087904075322, 2.2663145310478736, 2.8171118567522235, 2.1866258086137584, 2.2555473837816113, 2.404881472762884, 2.4733207128291625, 3.349768051136866, 2.3366028509093018, 2.0667121779711586, 2.8593853438539507, 2.343582369472805, 4.174109628481297, 2.3489345904181467, 2.4044666431009283, 2.5774556872193686, 2.4771160593154122, 2.222993991408863, 2.196978092642351, 2.298029412723718, 3.0038865071679197, 2.27287089710914, 2.4618252322871985, 2.0870906665560343, 2.2295914413544344, 2.5155365829460936, 2.2379951549475705, 2.614005810704619, 2.220863944993711, 2.2732251308868356, 2.4694148595069954, 2.107004114010289, 2.311307330583518, 3.1935844502013087, 2.8934892416589832, 2.326001017794565, 2.63837527008756, 2.0108159739403297, 2.6797171511434685, 2.3782945858467146, 2.119860245615609, 2.206632654439602, 3.1305336994942254, 2.708465542786955, 2.083070093403097, 3.788062621890023, 2.2038818757904717, 3.5514091982764358, 2.814325472759643, 2.074937436831174, 2.6265838909273955, 2.1336541818878128, 2.3929042226696886, 2.5960010470940595, 2.06366433139078, 2.433574780427705, 3.3032061708317473, 2.064277074410589, 2.7554006695406237, 2.3766703760741166, 2.3230192980849513, 2.3062178091306818, 2.400855262728788, 2.8871101288035765, 2.2942595763896736, 3.4788136203910316, 2.1020050290790544, 2.025994571640705, 2.842922013612409, 2.1309975194034134, 2.1241973268399597, 2.1560231423089604, 2.3888464080037384, 3.4980692117773025, 2.7322695642709625, 2.4706003942259187, 2.3027782923831843, 2.1380205630255973, 2.440227608568707, 2.646412628063484, 3.021660820753908, 2.231160675024082]"
2.25,8500,0.6028070717923837,0.6028070717923837,0.01790595054626465,0.31296978540974246,"[4, 2, 3, 1, 4, 2, 3, 1, 3, 3, 2, 2, 3, 2, 2, 2, 4, 1, 2, 2, 4, 3, 4, 3, 2, 2, 2, 1, 1, 2, 5, 3, 2, 3, 1, 3, 3, 3, 2, 2, 1, 1, 1, 1, 2, 2, 4, 2, 2, 2, 3, 2, 3, 3, 2, 3, 3, 2, 3, 3, 2, 2, 3, 2, 2, 1, 2, 3, 2, 2, 2, 3, 1, 1, 3, 2, 2, 3, 3, 3, 3, 2, 2, 2, 2, 4, 3, 2, 2, 4, 4, 1, 3, 2, 1, 2, 3, 2, 2, 2, 3, 3, 2, 4, 3, 2, 3, 2, 2, 3, 5, 4, 5, 4, 2, 2, 1, 4, 3, 3, 3, 2, 2, 2, 2, 2, 2, 4, 2, 2, 3, 3, 2, 2, 2, 1, 3, 2, 3, 4, 3, 4, 1, 2, 3, 4, 2, 2, 2, 3, 2, 2, 3, 3, 3, 3, 2, 3, 3, 2, 1, 3, 3, 3, 1, 2, 2, 2, 3, 5, 3, 2, 2, 1, 1, 3, 2, 1, 5, 3, 4, 4, 3, 2, 4, 1, 2, 2, 1, 1, 2, 2, 5, 2, 3, 4, 1, 2, 2, 3, 2, 4, 1, 3, 2, 2, 1, 4, 3, 3, 2, 3, 3, 4, 3, 2, 3, 3, 3, 2, 1, 4, 2, 3, 2, 2, 3, 2, 3, 5, 2, 2, 2, 3, 3, 2, 3, 2, 1, 1, 3, 3, 2, 2, 3, 2, 3, 4, 3, 3, 1, 2, 2, 2, 2, 2, 5, 3, 3, 3, 3, 4, 2, 4, 3, 2, 3, 3, 1, 3, 4, 2, 4, 3, 2, 3, 2, 2, 3, 3, 2, 3, 2, 2, 4, 3, 1, 3, 3, 2, 3, 4, 4, 2, 5, 2, 2, 2, 3, 2, 1, 3, 2, 2, 1, 2, 4, 2, 3, 2, 3, 4, 3, 5, 2, 1, 2, 5, 3, 2, 2, 2, 3, 5, 3, 2, 2, 3, 3, 3, 3, 3, 1, 2, 2, 3, 3, 2, 4, 3, 2, 3, 3, 2, 2, 3, 2, 3, 4, 2, 2, 2, 1, 3, 4, 2, 1, 3, 3, 2, 3, 1, 4, 3, 3, 3, 2, 3, 2, 1, 4, 3, 5, 3, 3, 4, 2, 3, 2, 4, 3, 4, 2, 2, 3, 1, 3, 4, 3, 1, 3, 4, 2, 3, 4, 3, 2, 2, 2, 3, 2, 1, 2, 2, 3, 3, 1, 3, 2, 3, 2, 3, 1, 2, 2, 3, 2, 2, 3, 2, 2, 3, 2, 2, 2, 2, 2, 2, 2, 1, 4, 3, 1, 3, 2, 3, 2, 2, 3, 2, 2, 2, 2, 3, 3, 3, 1, 3, 4, 1, 2, 4, 3, 2, 3, 1, 2, 2, 4, 3, 1, 2, 2, 1, 2, 2, 2, 3, 3, 2, 2, 5, 1, 2, 4, 1, 3, 2, 3, 3, 3, 4, 3, 2, 4, 5, 2, 3, 3, 5, 3, 1, 2, 3, 3, 1, 2, 3, 3, 3, 4, 3, 4, 2, 3, 2, 1, 1, 3, 2, 1, 1, 3, 3, 3, 2, 3, 3, 3, 1, 2, 3, 3, 3, 3, 2, 2, 2, 4, 3, 4, 2, 3, 5, 2, 2, 1, 2, 4, 3, 4, 3, 2, 2, 2, 2, 3, 4, 3, 2, 3, 2, 2, 2, 3, 4, 1, 3, 2, 2, 5, 2, 1, 4, 2, 2, 2, 2, 2, 2, 2, 3, 1, 4, 2, 2, 3, 1, 2, 1, 3, 4, 4, 2, 5, 2, 4, 4, 1, 2, 2, 5, 1, 3, 2, 3, 4, 5, 3, 3, 4, 2, 4, 4, 2, 2, 2, 1, 3, 4, 2, 3, 3, 3, 2, 3, 2, 2, 1, 2, 3, 4, 3, 3, 4, 1, 1, 2, 5, 2, 3, 1, 3, 3, 3, 4, 2, 3, 1, 2, 3, 3, 4, 1, 2, 1, 3, 4, 1, 4, 3, 1, 2, 1, 2, 2, 2, 2, 2, 5, 3, 4, 2, 1, 3, 4, 1, 3, 4, 2, 4, 3, 2, 2, 2, 3, 3, 2, 3, 3, 3, 2, 1, 2, 3, 3, 2, 2, 3, 2, 2, 2, 2, 2, 3, 2, 2, 2, 3, 2, 5, 2, 3, 3, 2, 3, 2, 2, 3, 2, 3, 3, 2, 2, 2, 3, 2, 4, 3, 3, 3, 4, 2, 2, 2, 4, 2, 2, 2, 1, 2, 2, 2, 2, 3, 2, 3, 2, 2, 3, 2, 2, 3, 2, 4, 2, 4, 1, 4, 2, 3, 2, 3, 1, 2, 4, 3, 3, 2, 2, 2, 2, 2, 3, 2, 3, 3, 5, 2, 2, 2, 3, 2, 2, 2, 3, 2, 2, 2, 1, 3, 3, 3, 2, 2, 2, 3, 3, 3, 3, 5, 2, 3, 1, 2, 2, 3, 2, 3, 4, 3, 3, 3, 3, 3, 2, 1, 2, 3, 3, 2, 4, 1, 3, 2, 2, 4, 3, 3, 3, 2, 3, 3, 4, 3, 2, 2, 2, 2, 2, 2, 2, 3, 3, 1, 3, 2, 1, 1, 3, 2, 3, 3, 3, 3, 2, 2, 2, 4, 3, 3, 5, 5, 3, 2, 5, 3, 3, 2, 3, 3, 2, 3, 2, 1, 4, 2, 2, 3, 4, 4, 2, 3, 2, 2, 2, 3, 3, 2, 4, 3, 2, 1, 2, 2, 3, 4, 2, 2, 2, 2, 4, 2, 3, 3, 4, 3, 2, 3, 3, 1, 3, 2, 3, 3, 1, 3, 2, 3, 3, 2, 3, 4, 2, 3, 2, 3, 2, 3, 2, 3, 3, 2, 3, 2, 2, 3, 4, 2, 3, 3, 3, 5, 2, 2, 3, 2, 2, 3, 3, 2, 2, 2, 2, 4, 4, 2, 2, 3, 3, 4, 4, 2, 2, 1, 2, 2, 2, 2, 2, 5, 3, 2, 1, 2, 2, 2, 2, 2, 2, 3, 3, 2, 3, 1, 2, 2, 2, 2, 1, 2, 2, 3, 2, 3, 2, 2, 3, 4, 3, 2, 3, 3, 2, 2, 3, 3, 3, 1, 3, 3, 3, 2, 1, 1, 5, 4, 4, 2, 3, 3, 1, 1, 3, 3, 2, 3, 3, 3, 3, 2, 2, 3, 2, 4, 2, 3, 4, 1, 2, 5, 2, 4, 2, 3, 2, 2, 2, 3, 2, 4, 1, 2, 2, 2, 2, 3, 1, 3, 3, 2, 1, 3, 3, 3, 3, 2, 3, 2, 3, 1, 1, 1, 2, 2, 1, 2, 2, 3, 2, 3, 4, 2, 4, 4, 2, 2, 2, 4, 3, 2, 1, 1, 2, 3, 1, 3, 2, 2, 3, 3, 3, 4, 4, 2, 3, 4, 4, 2, 3, 2, 2, 1, 3, 3, 3, 1, 2, 3, 2, 2, 3, 1, 4, 3, 2, 3, 3, 2, 2, 2, 3, 2, 4, 3, 3, 4, 2, 3, 4, 2, 1, 2, 2, 2, 3, 1, 2, 2, 3, 2, 3, 2, 2, 2, 2, 4, 2, 1, 3, 1, 3, 2, 2, 2, 3, 3, 2, 4, 3, 3, 1, 3, 2, 3, 2, 3, 4, 2, 2, 2, 3, 3, 4, 2, 2, 2, 4, 3, 4, 2, 1, 2, 3, 2, 3, 1, 2, 1, 2, 1, 3, 2, 2, 5, 2, 2, 3, 3, 2, 2, 1, 3, 2, 3, 3, 3, 4, 2, 3, 3, 3, 3, 2, 3, 2, 3, 2, 2, 2, 3, 3, 2, 2, 1, 3, 1, 3, 3, 2, 2, 2, 1, 3, 2, 3, 2, 3, 2, 2, 3, 3, 4, 2, 3, 3, 3, 4, 3, 2, 3, 4, 4, 3, 1, 4, 2, 3, 2, 3, 2, 3, 3, 3, 2, 5, 4, 2, 2, 2, 1, 3, 3, 2, 4, 1, 2, 2, 2, 4, 3, 4, 2, 2, 3, 3, 3, 3, 3, 2, 2, 2, 2, 3, 2, 2, 1, 1, 4, 2, 2, 2, 2, 3, 3, 3, 3, 2, 3, 3, 3, 3, 2, 2, 1, 2, 3, 3, 3, 2, 4, 3, 5, 2, 3, 2, 2, 3, 3, 3, 3, 2, 1, 2, 4, 2, 2, 3, 5, 3, 2, 2, 4, 2, 2, 2, 4, 2, 1, 3, 1, 2, 3, 3, 5, 1, 2, 1, 2, 2, 4, 2, 3, 2, 1, 1, 2, 2, 1, 1, 1, 2, 4, 2, 4, 2, 3, 3, 1, 1, 3, 2, 1, 2, 3, 4, 2, 4, 2, 4, 3, 3, 4, 2, 3, 3, 3, 2, 2, 2, 3, 3, 3, 2, 4, 2, 3, 3, 3, 3, 3, 3, 3, 3, 3, 3, 4, 3, 1, 3, 3, 2, 2, 1, 1, 3, 2, 3, 2, 4, 2, 2, 2, 2, 3, 2, 3, 2, 3, 2, 1, 1, 1, 4, 3, 2, 3, 3, 3, 2, 4, 3, 4, 2, 3, 3, 5, 2, 2, 2, 2, 3, 2, 4, 2, 1, 1, 2, 2, 2, 3, 2, 3, 3, 1, 3, 3, 3, 3, 1, 4, 3, 2, 1, 2, 1, 2, 3, 2, 1, 4, 2, 3, 4, 4, 4, 2, 3, 4, 2, 4, 1, 2, 2, 2, 3, 3, 3, 2, 2, 4, 3, 2, 1, 4, 3, 3, 4, 2, 4, 3, 3, 5, 4, 4, 3, 1, 4, 2, 2, 3, 4, 5, 1, 2, 4, 2, 3, 2, 3, 2, 3, 3, 2, 2, 2, 4, 4, 3, 3, 3, 2, 1, 4, 3, 2, 2, 3, 3, 2, 2, 1, 1, 3, 4, 3, 2, 3, 3, 2, 3, 3, 2, 2, 3, 3, 2, 2, 2, 3, 2, 2, 2, 2, 4, 3, 3, 2, 5, 3, 4, 4, 2, 2, 2, 2, 3, 2, 2, 3, 2, 1, 2, 2, 1, 3, 2, 3, 2, 3, 3, 3, 2, 2, 2, 3, 2, 1, 2, 2, 4, 3, 2, 2, 2, 3, 3, 2, 2, 3, 5, 3, 2, 2, 2, 2, 3, 2, 4, 2, 1, 2, 2, 1, 2, 3, 3, 2, 3, 1, 2, 4, 3, 3, 3, 2, 2, 2, 3, 3, 3, 2, 2, 5, 1, 3, 2, 1, 2, 2, 3, 3, 2, 3, 3, 1, 3, 2, 3, 3, 3, 3, 3, 3, 3, 2, 4, 3, 2, 1, 2, 4, 1, 2, 3, 4, 2, 3, 3, 2]","[2.916301114045879, 2.112742655709752, 2.5613182760098847, 2.1475067879083536, 2.429154247616344, 2.317756402595344, 2.5821593688879982, 3.331756047802943, 3.2422290453596583, 2.6378889519290967, 2.777821201358919, 3.788390859727403, 2.543876746574588, 2.2021036281903714, 2.1274472166894545, 2.1216195352636826, 3.7751712312216457, 2.2607172129228754, 2.0349041547377773, 2.3182471533909625, 2.6785465961682826, 2.401215580201049, 2.7532777819654055, 2.6208204513174262, 2.102212978156833, 2.361125220884406, 2.351824037978319, 2.3672724848530065, 2.125251872651315, 2.383522195323291, 3.959926115703689, 2.467755331022463, 2.100233216466388, 2.5230376639434757, 2.3317416862733404, 3.0352666717155232, 2.1424294988851327, 2.1503645489762264, 2.466373180312016, 2.3793742493681496, 2.1558472985339217, 3.2735714708624153, 2.5364620332036143, 1.9997579166472692, 2.447844795572089, 2.0826743492641286, 3.019065953110937, 2.2192398862385807, 2.4381631506087302, 2.757396194482829, 3.285825529033273, 2.4449314662121906, 2.959861296230017, 2.483627045766397, 2.0945086731030207, 2.943588070374256, 2.4118573686965954, 2.1756444398144135, 2.4544366927275587, 2.519913025724726, 2.1078022269084284, 2.246857584951268, 3.159149958350418, 2.2067875882941523, 2.810706833997089, 2.705173137363095, 2.2461122354844845, 2.4689673391065785, 2.1182155055088208, 2.404067062868144, 2.0987588238102854, 2.313748711727374, 2.0845780173804296, 2.045527113114218, 2.339283436661939, 2.2493701546171057, 2.022162636866405, 3.496986789608797, 2.723498483250176, 2.46755876059831, 2.356190584713074, 3.8284332562517958, 2.1469291377715836, 2.297598193829784, 2.096907717690181, 3.1798507542034233, 2.462184501534357, 2.36868477428965, 2.165677892330341, 2.6844733857314846, 2.7275910343418297, 2.2380455108428516, 2.6154842125281164, 2.3697856463522, 2.0685391951398384, 2.850964319313953, 2.566781214744841, 2.1196950359588023, 2.3087972708685065, 2.848791292978229, 2.2819494740093433, 2.545327214630871, 2.254199412217961, 4.019302863877894, 2.4882577939114765, 2.155884846467929, 2.25858422707384, 2.062317709695486, 2.405684969353716, 3.0044357963558155, 3.8822916283674114, 2.798031849550595, 4.163624744672385, 2.596171578866452, 2.407516980477227, 2.2146945412772783, 2.197096352325305, 2.4167345561266766, 2.1244020676808755, 2.5793793428663543, 3.262103351898215, 2.2044026591987587, 2.207180784869971, 2.096753631589105, 2.2452170787489965, 2.5774103854669153, 2.1131406538901105, 2.9414222462363515, 2.0996133537298833, 2.04020734229724, 2.467683470239898, 2.473308665062331, 3.3554300781910342, 2.2218487601381507, 2.6359313412452385, 2.6292277994724342, 2.033527053394975, 2.2403979213324643, 2.3079146780921205, 2.5181841590086766, 2.476086681205867, 2.7764223360264486, 2.012238199865382, 2.162316150902871, 2.6967734613487226, 2.2956451404382596, 2.254935219451492, 2.307208556057009, 2.207151382479258, 2.236026111722691, 2.4363262870364286, 2.204718946094289, 2.1155141809693347, 2.6777736305203272, 2.2119256625555104, 2.961077477927301, 2.3636744193073724, 2.2077838229617903, 2.3592169505831806, 2.143553957688007, 2.3040902126751384, 2.7508596754930927, 2.1589476797011296, 2.1604638397800207, 2.8113954848308245, 2.2077870740173307, 2.1183966815988793, 2.7021298535260456, 2.1467888710517697, 3.9620937246863646, 3.4205561157010003, 2.4703051652103802, 2.1036936765117047, 2.242458588053492, 2.0479475777423346, 2.3011224649002058, 2.434051884683153, 2.252816672655136, 4.030069926519516, 2.609042622704907, 2.5431465162676576, 3.420892230086146, 2.469789592291694, 2.1877293504228414, 3.638343190030162, 2.6920691186842074, 2.337275345239906, 2.5346713512894317, 2.1187714091328926, 2.0941390046542505, 3.290410366317942, 2.1986475778720145, 4.246153640339632, 2.4561155501371053, 3.4861442173763537, 4.1016111772513435, 2.657185781137083, 2.0417398633318458, 2.1883069649107885, 2.64476810164684, 2.6984434409218494, 3.886965231677946, 2.7109424729571057, 2.2215869312106267, 2.2875965974664125, 2.031730485483458, 2.1889892123076926, 2.4613860368678218, 2.8373239167157256, 2.598211788830389, 2.3550613990684117, 2.2831582740012575, 2.518725424329541, 2.744966141576404, 2.702868499454523, 2.4561316911677755, 2.3563108851677734, 3.011481410643167, 2.5458463576800554, 3.337998310666588, 2.04954440724721, 3.6536352241367345, 2.0780863146849975, 2.4907395843649764, 2.324448751196569, 2.535558418225808, 2.7649399148352356, 2.907922867066789, 2.1457239524008984, 3.5938285089599242, 2.078563774307615, 2.1099094734176473, 2.280537744494757, 2.4633516595761833, 2.9478580874542892, 2.2098105779453117, 3.4358139806035704, 2.407420955872814, 2.1795166690739514, 2.1922865166769117, 2.3010568209465796, 2.0564552179200497, 2.3661331125167404, 2.4597659396975793, 2.534311819168793, 2.2217990587130054, 2.614434783660912, 2.6047834307306026, 2.1343009871739627, 2.9635428355873707, 2.3995243478561377, 2.1347858486447904, 2.538499668772838, 2.2302922725925596, 2.0214564664838943, 2.2236632448979092, 3.6472445533886027, 2.5778631515686525, 2.380549539397121, 2.538642956849607, 2.144950154027402, 3.624252472852084, 2.445069070244714, 2.5117378368561956, 3.0994051727954406, 2.1375082667534917, 2.354885224977712, 2.6705932861686867, 2.3733282803876503, 2.4830018370304328, 3.5954881364609954, 2.5239420545049955, 2.594178775741008, 2.5768997123795123, 2.95551987544703, 2.347897747971883, 2.123628873299242, 2.338136379669757, 2.5141941248589763, 2.0078415637167355, 2.6314963460392837, 2.098574286723032, 2.6698551089074716, 2.1592695456775424, 2.3180972213728293, 2.144247868527668, 2.0378884017740027, 2.0703039301270523, 2.6349706967635087, 2.5903338472012982, 2.449899999462323, 2.8376436823904836, 3.340968177364437, 2.5772366478016124, 3.2674059539121765, 2.5941234982159584, 3.555143047139556, 2.4119978836185574, 2.4391468286581075, 2.6151992950061285, 2.124377883763666, 2.9800680883598143, 2.7902146199590687, 2.201405775907913, 2.308083274543522, 2.389920627517021, 3.2101781457088583, 2.655779416752411, 2.5639491701345993, 2.1949868237755927, 2.8615840437492346, 2.831798065169311, 3.076444967610403, 3.1325421251436736, 2.2313468692272274, 2.0743280469734753, 2.1633224271415568, 4.0234736528186765, 2.136865642034471, 2.0946551101970035, 2.589985975465983, 2.2048193135438217, 2.4954207188291617, 4.1646057438066375, 2.843167550482605, 2.2629572476483166, 2.3930545435865223, 2.1887735630222154, 3.925984285037602, 2.622608240420898, 2.3771423709468658, 2.3355880857649622, 2.272992362325463, 2.186418837754115, 2.033893957967493, 2.1923552974333016, 3.4018646892547824, 2.1799607882271372, 3.520491816528422, 2.7379609310708313, 4.0321602149520785, 2.6428649583129666, 2.1821013165365684, 2.099512671058152, 2.033223353478943, 2.1024009217420025, 2.0650484194329453, 2.4006071277492778, 2.9632550690486164, 2.2605321172101807, 2.5126186670476582, 2.2554435591328406, 2.1027851005410985, 2.54538208828437, 2.6472857875872275, 2.5017711437257035, 2.015569361718694, 2.317378668765502, 2.160504290804823, 2.1590391099192625, 2.6118251282940292, 2.543167449129326, 2.18603181637013, 2.7166508806989285, 2.554563224143224, 2.308260075646481, 2.0621448321051057, 2.3850724972773167, 2.1129495075968, 2.3126747766665456, 3.020510137592002, 3.2235305389012496, 2.7036253627158167, 2.9544917296305804, 2.6967928511546506, 3.7393454959862753, 2.0222634700022217, 2.2310531800774096, 2.069063699327967, 2.5022313877909617, 2.7064619172918416, 4.175719563848074, 2.600583881194075, 2.2656515069988528, 2.2564298338824242, 2.0012635382358126, 2.6815607685506833, 3.599735187046725, 2.2774159462675714, 2.0986392861623653, 2.2666886032152, 2.9929834778543234, 2.0815646529487544, 2.7122918315531335, 2.5762446737076723, 2.495422270373945, 2.2634175170405784, 2.4342550295877112, 2.1574236242496827, 2.28060727143853, 2.1040550533317175, 2.4911018420746345, 2.362333804540386, 2.2258435845914577, 2.533966081974194, 2.632156938878981, 2.188574630869819, 2.7244225346402704, 2.6448236664056988, 4.000660220607667, 2.0753639449236956, 2.4348181693741555, 2.2789583573574124, 2.639780806042081, 2.4642029007941053, 2.662691362565178, 2.2648886288057666, 2.255332455835062, 2.365402462106516, 2.341285865006867, 2.3799577689509186, 2.4881359409592054, 2.266426725940277, 2.0794101244327385, 2.273074121957691, 2.0287641552954745, 2.397848890073587, 2.0956742895651086, 2.436780520686727, 2.549167106650021, 2.4058411283619816, 2.321949738397057, 2.015203887431702, 2.3120548269528403, 2.6412933373212555, 3.4345729963192566, 2.4572387818817436, 2.5291689393570103, 2.3904545374695108, 2.0743841507921883, 3.625642273534531, 2.3635313887113063, 2.2630062512334783, 3.3006650068947776, 2.6256942236801946, 2.515356334823148, 2.472033859808715, 2.41270169027096, 3.668030140692081, 2.1204781027188044, 2.3529837616423013, 4.133028549596206, 2.242316584615829, 2.144870692585143, 2.49539600125283, 2.2522009039347117, 2.2477152866919066, 2.0555185741143642, 3.530836163908339, 3.465900698035724, 2.1727150188287156, 2.115261344961451, 2.056227460025728, 2.116196167434636, 2.1268091913125904, 2.5903837202388753, 2.382276045803084, 2.1267902121270437, 4.0968635978238765, 2.0241761207163433, 2.026855698743131, 4.178574311745288, 2.5333265925305457, 2.4731572998599614, 3.069027740719607, 2.426475786706138, 3.1879860265079056, 2.077738066277184, 2.217186840216665, 2.2034829793757433, 2.207997041635319, 2.4015355223675914, 2.0620398531549102, 2.280622608082519, 2.1167488943377344, 3.8124729760561076, 3.4711654365058258, 2.1621821029046258, 2.744435855906799, 4.342302178862679, 2.1094725512711694, 2.2290453612755643, 2.182204364775095, 2.4888727758770024, 2.410277996080307, 3.1460809904434592, 2.2882331152981483, 2.2819019857120106, 2.625133160608614, 2.4244937096329844, 2.5802469430130603, 2.270789308170103, 2.13567463367145, 2.191424878255198, 2.2810691124028746, 2.3280901225103996, 2.2241868899902295, 2.266138817123734, 2.5040944500585134, 2.258645771667857, 2.164643424665646, 2.141606554730954, 2.581809513259279, 2.4018846341630153, 3.7589428464433983, 2.5048791709190263, 2.8840775086621124, 2.39035974121995, 2.5022632437356607, 2.12357083189794, 2.722108403602484, 2.6202010196283734, 2.8857918501628594, 2.4423591204804564, 3.6507567536796106, 2.3499600683235022, 2.661169539980129, 2.135929514278541, 2.081160349069627, 2.461536657801763, 3.452979019430965, 2.156222029048913, 2.0159535405177897, 3.2709831490993593, 2.5929582444967734, 2.1596478053164736, 2.113050725795219, 2.095064903198834, 2.328965950798979, 2.5469909763400036, 3.6246143994928133, 2.670167039420492, 2.0991768600934746, 2.4181770473933013, 2.3084881824145116, 2.2356252740206894, 2.483863298516766, 2.7815892047967155, 2.8720333760201484, 3.0370083437920523, 2.072635308093426, 2.0436542708032346, 2.733255120336445, 2.6715212092730605, 2.8326787692838513, 2.892129616946793, 2.4008687893767524, 2.483367185710423, 2.4366209076598415, 2.7330542014787547, 4.14577286795756, 2.251633769267894, 2.5001950432927216, 3.9286227331467636, 2.186409776447658, 2.138081882910167, 2.3986100614710177, 2.5470279289897557, 2.039239294639806, 2.2829036225668875, 2.1908828575815407, 2.8274238717077442, 2.216807646828409, 2.7371051613263604, 2.807880612183923, 2.037643156103994, 2.5525781956318756, 2.1452422599867016, 2.2535878297784033, 2.5811053288769066, 2.5835790093845445, 3.7459250005437195, 3.708060929373877, 2.2471592305504946, 4.221938442787269, 2.229979405802486, 4.301707901846628, 3.764838972353953, 2.342834792363608, 2.7457964776137485, 2.1214414792786336, 3.5227097524023496, 2.5532947305503333, 2.5289388789128573, 2.317549244275972, 2.1508752620910743, 2.913846052617207, 3.0845031592920513, 2.336289352426248, 2.5882906765553995, 3.154355644587141, 2.229119256335517, 2.6238363348432276, 3.03637905626176, 3.092932693632548, 2.1700841834554874, 2.0881461816223927, 2.5031855573979147, 3.2845324807772696, 2.5654418054241965, 2.2833741724988736, 2.399844871534216, 2.964983746475367, 2.968546158722914, 2.4152938587756716, 2.3221284414337817, 2.6614676712193654, 2.6419546207423625, 2.512347581892135, 2.1412009172611, 2.341890955094678, 3.786599185062874, 2.1488797434367775, 2.853214860884007, 3.0302680237508217, 2.0398535177895223, 2.451582425134803, 2.731579970435252, 3.7817177922356793, 2.146234713863146, 2.065999192863801, 2.108875301863457, 2.618707148321578, 2.084524121793506, 2.800002441990242, 3.5889281954948613, 2.104142806402734, 2.7520816358085045, 2.480697194273318, 2.449548122254792, 2.7439718057233433, 2.889976540143642, 2.6164060700506, 2.366949837949351, 2.0339478535544164, 2.142650657332731, 3.2506989645875457, 2.197382842589992, 3.325810998331239, 2.6700517976491756, 2.6756617481746736, 2.145654990819186, 2.508465930819788, 2.1920618847936137, 2.5041091064943015, 2.015188686112313, 2.0057714204036214, 2.183054343699936, 2.3850691040262557, 3.930843608562032, 3.397093724660796, 2.5041676644712223, 2.124200304714444, 2.0396324076893233, 2.289173544232475, 2.545217622312449, 2.0366798968826023, 2.789516255491732, 4.077881869338203, 2.3813432859152686, 3.4106489582964086, 2.9276357854223125, 2.3299299087738703, 2.286172297204072, 2.3482410086622494, 2.3599565400614915, 2.93441153552971, 2.0982341559895747, 2.1612509018903165, 2.3478389672541184, 2.354988266345318, 2.5807211608695506, 2.42690928913026, 2.2867391918362787, 2.5830419365019166, 2.4029485813996674, 2.0176243037124193, 2.05755135675067, 2.365388938835758, 2.187583839902521, 2.0394976687220145, 2.1627397149385654, 2.3289001962030027, 2.2786358458343, 2.2915917067806815, 2.1402474669311924, 2.373326614497526, 2.3351762012655586, 2.239760748720559, 2.29968873974305, 4.368655760806264, 2.2445034968829454, 2.5439119746649967, 2.3287016627991073, 2.4548115893983082, 2.432137749087524, 2.0335028694777657, 2.2207052063386836, 2.4665916845241833, 2.1040627023388114, 2.685121424754514, 2.4075245268835084, 2.1496667571996735, 2.177834072428048, 2.1753926661438343, 2.265600982261023, 2.5905739901387, 3.1698789766086524, 2.1626954929185254, 2.431410309954837, 2.2499027178103717, 4.236574257832708, 2.3292691766636886, 2.062069394321122, 2.0952749577940235, 2.3373565277346664, 2.0769227227826996, 2.3553191970790865, 2.866950575750673, 4.1270876342052105, 2.0433829877639504, 2.2767775978698648, 2.176417672825848, 2.2746868062095653, 2.620544643836948, 2.2220076443928676, 2.699109116749824, 2.323651595199527, 2.1943829754836432, 2.3537734869881657, 2.12106123226068, 2.161049556262769, 2.5151912518862805, 2.3637178208614054, 3.2013978566781436, 2.081814141127941, 3.780611171516467, 2.317363554423314, 3.882011572791334, 2.5416317132698096, 2.159526069154362, 2.481092512573646, 2.6565369946112947, 2.0883562362175816, 2.463210410155424, 3.4507341822434103, 2.2743183319575944, 2.2430553278433267, 2.2988435605860618, 2.1762633844623887, 2.0995237265631617, 2.1372949077770715, 2.3245296693956488, 2.367702999128087, 3.3955306289731215, 2.3618332120369314, 2.367590366270865, 4.470082451216598, 2.3757816275787986, 2.6695763844624527, 2.8708629500726097, 3.3910128317940558, 2.2921820548222693, 2.677555781353892, 2.243526580902882, 2.0065784722693483, 2.0964399316344475, 2.0996522468089025, 2.430816944464995, 2.703255442129872, 2.508856340498958, 2.0541138340090366, 2.1993558211617144, 2.147994208939795, 2.0423886832821174, 2.4531669011927644, 2.574973889335804, 2.3084177035700733, 2.1349461534674345, 2.2542338502036, 3.497469937769824, 2.1263658501056684, 2.3231159202212055, 2.0871055822133306, 2.2786195387301396, 2.082261198111781, 2.8432479603746303, 1.992710723172486, 2.4496091014867485, 3.109944209715153, 2.4299206319831237, 2.0799933023220136, 2.422303929536243, 2.7010805862714413, 2.29141157298851, 2.63436584718023, 2.5875523824256668, 2.332753473187332, 2.362670393451327, 2.919835317860368, 2.0003010183308834, 2.7865947836968696, 3.0612618767898665, 2.549470216785952, 2.28154094459721, 2.110738416916629, 2.5801739186591437, 2.1361518680112876, 2.796753741086365, 3.068647641297905, 2.0384882112681924, 2.2604112949373616, 2.2758086296007254, 2.3229066822020816, 3.3646883588558176, 2.2090736584128643, 2.2580570176786776, 2.4721347412919306, 2.283644593539729, 3.2322954227977356, 2.4391443266783637, 2.3849016373758056, 2.4171059697000716, 2.653375499732986, 2.1864007938498373, 2.6881364053312704, 2.604378142282966, 2.688155695193463, 2.144060185874101, 2.9658148166547336, 2.304979180580375, 2.252023475819495, 2.512777638279576, 2.350985537780971, 2.4203052203882542, 2.1794874392399963, 2.1043701835719006, 2.851384301530563, 3.029221299855966, 2.4219511204160744, 2.394674487330461, 3.3937862981752067, 3.790752721399831, 2.296984028879366, 2.0635489682185706, 2.420641400001848, 2.2267954076610423, 2.0213279462381535, 2.3350916334006477, 2.1439558495455695, 2.514351377575775, 2.0116354612932303, 2.3490928718703143, 2.190589200547379, 2.50137664873806, 2.353950561319443, 2.0511167366849543, 2.8597448467566724, 2.0489702706249746, 3.361366411768233, 2.654811934457038, 2.630191489036672, 2.2989956494253394, 2.2417384013149215, 2.334064115423152, 2.0997447883159612, 2.762395565327892, 2.03787458239274, 2.249230543217532, 3.7861736380472926, 2.2446784746785062, 2.3290224493797758, 2.080401109393856, 2.4886086674200434, 2.079640995077022, 2.2795800814126874, 2.2472751364177195, 2.0562793310528615, 2.253334935101301, 2.208438914396835, 2.2546548443568604, 2.5863983136261677, 2.4872923556752404, 2.2683592056239252, 2.596625074511111, 4.053438393701818, 2.262423251188547, 2.143407911078514, 2.445657388908847, 2.796750951182413, 4.069444515113663, 4.346387397567082, 2.0994601574093545, 2.3001159981186006, 2.0407946176534946, 2.2357247735657793, 3.01689007121724, 2.3662345554720754, 2.552703261032301, 2.428785693303177, 2.457624567901745, 2.2777807779329, 3.5505697803914535, 3.1348984363087635, 2.8412213462449287, 2.299442980039358, 2.2227332488863465, 2.513172184595597, 2.7433919606055484, 2.316347050989354, 2.665464688499415, 2.5270735262990653, 2.100899445967838, 4.0990820956957865, 2.547246642692002, 2.645618862325619, 2.6023899887146418, 3.74572373510472, 3.753999049691692, 2.242729854943301, 2.7768704992958586, 2.621507353274806, 2.7530109339492066, 2.078214518780816, 2.364051688415837, 2.773790075686158, 2.0298323934670615, 2.095348843136378, 3.014075407528689, 2.5577494564476817, 2.093243192598522, 2.351256130321113, 2.0559013709753335, 2.176078230080475, 2.895909148696245, 3.0131014924785116, 2.4875216308322887, 3.39564595629767, 2.0868969095562675, 2.455261626262625, 3.9506095237425534, 3.3566592226969476, 2.121053679948385, 2.6210618799656125, 2.4802924237801838, 2.9461108032105026, 2.3822216845298767, 2.1911425597503214, 2.0625961702279243, 2.5679872162216713, 3.9268804254326373, 2.8643079807490817, 2.013392809169859, 2.78772521573458, 2.3642886551556654, 2.2371727133504087, 2.5462841140485883, 2.022770689641953, 2.5606768475860036, 2.2408334571250106, 2.2311252934407446, 2.6027612355362657, 2.2666526728239176, 2.3685844542785532, 1.9974542257908199, 2.32463107616209, 2.076443190252893, 2.3129262380771443, 3.1792605161594323, 3.9283104907756226, 2.0764231521500625, 2.169270063554133, 2.5418413500561936, 2.3836846317223435, 2.0952252080214784, 2.5247470579187556, 2.899966220112504, 2.038584255967966, 2.731316638889501, 2.1018439523297268, 2.3556580215198086, 2.1949990842833493, 2.5927920008313223, 2.6222640261764747, 2.1462112795842185, 2.460627985136358, 2.3737646532347223, 2.217255937122977, 2.164820829760467, 2.2060304053760946, 2.0193490108413714, 2.0999389506226986, 2.166312250277686, 2.0832278154836894, 2.2690759496756865, 4.075876542332492, 2.207971310176414, 2.8927671364266327, 2.7631823064706005, 2.646309360797972, 3.022683476739894, 2.2066467497803997, 2.0586849208333313, 2.0829783756519022, 2.297563057008378, 2.104649335073402, 2.064337412266992, 2.144755300751602, 2.145091111716279, 2.309174531708407, 2.0976197422969385, 2.506649385311346, 2.6401240637514687, 2.072532353703021, 2.78565437426189, 2.488474651262946, 2.6127980326920555, 3.0635128443942943, 2.271715241893589, 2.291511123861978, 4.172817848480417, 2.4960428754078907, 3.077184730115392, 3.5188067364372158, 4.0741127244238164, 2.3060251851159186, 2.756325292110767, 2.1629351683162863, 2.2412865075476396, 2.109305775589782, 3.2371407696309626, 2.2053216881315465, 2.667294341910718, 2.3016729767828616, 2.0039963208804608, 2.206805071654034, 2.5190005048353585, 2.1058549021341486, 2.5972409736933857, 2.5506711127490944, 2.0049678233832102, 2.6143853977633507, 2.4415589948424894, 2.2447537063101644, 2.5734866561094423, 2.6599094859381456, 2.548113027938978, 2.364760425769953, 2.192121935615221, 2.267983530567869, 3.7160178756973257, 2.9127792712024405, 2.0839630065668513, 2.099872530615438, 2.063301017341528, 2.0663010593671847, 2.420942206448209, 2.206587503376351, 3.087171248325469, 2.242278074624515, 2.2743459707201192, 2.9376498817758634, 2.4257194887509628, 4.178953755434031, 3.659825252403648, 2.3371107206484814, 2.7154984860272404, 2.3611931127879715, 2.611747226551972, 2.185803000042652, 3.944779382870988, 2.1467526797288854, 2.1640124316054368, 2.2808521354184776, 2.566160697671762, 2.308085572733491, 2.1255814497549395, 2.1877078947330615, 2.02543022956591, 3.4824814368525776, 2.5144781131439196, 2.578145843387693, 3.415087931186087, 2.5190224535795624, 2.486276283814596, 2.5400771833418694, 2.3539527553869517, 4.105083928623456, 2.130560198004657, 3.7405195280699104, 2.16301973434451, 2.341169733856863, 2.1448713835542064, 2.1178641184056137, 2.3398638023275624, 2.421164572339462, 2.0387797518654303, 2.286011218325106, 2.6315557777295444, 2.2430483946623787, 2.130832381146308, 2.301199508977372, 2.5134954794907696, 3.470863869563846, 2.195111111229754, 2.225894384002731, 2.634089940450899, 2.599490741664921, 2.464287095398144, 2.069920442297019, 2.895845876617849, 2.258660886010045, 2.1677722679080635, 3.208706345986463, 2.397098659549199, 2.906810620481474, 2.7550104977771985, 2.290269401127169, 2.792440504596907, 3.976206928407154, 2.301838134895199, 2.526260517608279, 2.447906895866512, 2.17746764624039, 2.320647027252764, 3.2247696238367283, 2.1454904918347637, 2.0742894880305403, 2.1222089318745256, 2.5143162167799247, 2.4317157212617158, 2.875166321903986, 2.1096791715863237, 2.082701901049453, 2.201507348360192, 2.5900260516716442, 2.466709074363952, 2.9496179213136036, 2.593950755950178, 2.1212184184273486, 2.1238048964559364, 2.256488714880188, 2.1967487948865543, 2.0757681134782224, 2.0976744710484456, 2.8245786972317166, 2.6537325572541395, 2.0530697314072595, 3.7116540433208067, 2.5900746232958376, 2.481019662874827, 2.0549332749705, 2.612040165236812, 2.6127547632733767, 2.2340234185562187, 2.2678144171018055, 2.445759627874966, 3.8136531995633196, 2.298879076518411, 2.494455163285366, 2.2505115363736765, 2.424787371484811, 2.6334840049698487, 2.9884299285159717, 2.5246314378402164, 2.2892953869412844, 2.370196176293736, 3.1784692340133365, 2.241278215918882, 2.798296911118108, 2.226989795250559, 3.699295306274074, 2.0611002222062647, 2.6217998941201093, 2.095413151606648, 3.1508633808532265, 2.2684687565360178, 2.461429938322134, 2.00610308555392, 2.4172168555137143, 2.1322095367425242, 2.1430859678424983, 2.0955187345487056, 2.4663855684428464, 4.014402952651503, 2.147604648034614, 2.080890919482409, 2.764051793754156, 2.4705505261655714, 2.2548072323698882, 2.1662428914748655, 2.0528922007054367, 2.490893998692213, 1.996696923697638, 2.3230165076533167, 2.1075942452204286, 2.1004506908959497, 3.3813001436435304, 1.8782891491838645, 2.5975902453696604, 2.586946224795233, 3.0352760927016367, 2.760759654120032, 2.988333293636326, 2.5040030734753653, 2.0806546466926226, 2.5584742829948968, 2.129889476177669, 2.519781348224086, 2.5234884567436513, 2.313185861619556, 2.4398650074112003, 2.1095206669684132, 2.4237874909030737, 2.048884954958469, 3.318286905382187, 2.324811645279308, 3.1382595785741536, 2.983318300172898, 2.8194530085329284, 2.303522475599793, 2.4029470889940234, 2.2457182326544203, 2.3497499785494105, 2.0818748980580963, 2.448627925417115, 2.1092345999628317, 2.547766287076293, 2.2260670906196887, 2.0710356663648986, 2.466201341599501, 2.1291924892577185, 2.4649191766485252, 2.462504705459197, 2.6858193452013146, 2.302300602801652, 2.6351575320407306, 3.601134660826135, 2.3240606005374955, 2.268095380578894, 2.120686640051267, 2.448141312223254, 2.6566319982976796, 2.5768344330614177, 2.1606884047255357, 3.783256624143494, 2.3396677640884334, 2.477718272370439, 2.709513769368806, 3.0125482833828787, 2.0837861668340913, 3.4690106310527553, 2.3495339143659573, 3.0011648187811466, 2.187019259508731, 3.9705353030462662, 3.8409054739506265, 2.1605477832259985, 2.2280604273791904, 2.1890016497508284, 2.402460730769808, 3.922946887152803, 3.6525219451755806, 2.839158805459073, 3.780553461016919, 1.9281274624635394, 2.049907273021968, 2.6809077600829947, 2.102957103490416, 3.802152917855598, 3.637451555516815, 2.980483436412141, 2.1910983963995005, 2.5724878265640774, 2.5031203414844367, 2.5868525316111177, 2.40510924166005, 2.1894079395599446, 2.3369416941596186, 2.732077751586835, 2.03696941292005, 2.48194304714295, 4.268679971113877, 2.4712709816156284, 2.296510233705289, 2.065417396912652, 2.077241259520799, 2.4685955621017963, 2.2185258899135962, 2.444287071649674, 2.255729194233397, 2.179446478071453, 2.2204945091218304, 3.3503210660675338, 2.412108580507402, 3.572131455837415, 2.769530677559529, 2.6918046544684113, 3.448304242820622, 2.2529770131266034, 2.7262296743534735, 2.299219712108024, 2.0283331035227183, 2.078683044153012, 2.166181521800156, 2.6186813263831827, 2.7444097580355273, 3.1053710856884345, 3.3985607965752376, 2.44375388831507, 2.675879365187409, 2.804841887191664, 3.0926838729321084, 2.0602571046246556, 2.4149903997472713, 2.605903652837749, 2.699332599287738, 3.024494555001737, 2.548370537097722, 2.5451461323889335, 2.1156866657544118, 2.406538051407395, 2.4233027042509407, 2.4266057372374044, 3.1078542975244403, 2.4484263877334627, 2.453288563076252, 2.2069887521686544, 4.182113968493587, 2.3567663358970563, 1.997069356022661, 2.1659902103468722, 3.061650270878507, 2.245876141079112, 2.7100317757319106, 2.149870593073295, 2.563586862768715, 2.488767973862187, 2.384453289320982, 3.691433528809194, 2.2112294818898053, 2.3356245331709062, 2.464338714288103, 2.5412741900623725, 4.3671167738912064, 2.084233175470532, 2.184035394162567, 2.125847449353925, 2.4877914092932163, 2.1543007319263108, 3.629541577756712, 2.5813194179221113, 2.262658871639071, 2.342898586800194, 2.5096599858667687, 2.3851005494887842, 2.0868865450203207, 2.2070289456304852, 2.01571244066216, 2.4186001457427113, 2.258879270863793, 2.918064496491298, 2.9870390168434344, 2.840544971528354, 2.8728647064921087, 2.155505884171349, 2.943380512209572, 2.478440239713369, 2.502314580854229, 2.419930501592726, 2.5431722655416404, 2.4062729840264327, 2.103797321871173, 2.654952893856602, 2.1166321205660665, 2.9632849301724247, 2.3287058115944643, 2.46273099741917, 2.201172857213523, 4.042021725420959, 2.1963533514491447, 2.4486244705717994, 3.0920979507110125, 2.1804985561520653, 2.3766417976252554, 2.1019676357920254, 2.636665841829258, 2.250949709895403, 2.9364452978859825, 2.349280328719791, 2.1573110750010303, 2.6904347188992994, 2.8454731046430193, 2.0848018913568813, 2.269014882501623, 2.3831162246450757, 2.061879586962067, 2.4200977644534007, 3.504649423425427, 2.7596705007636437, 2.5100862268015143, 2.285408262794682, 2.2421198162377647, 2.37260264623363, 3.747912528152771, 2.368949325482647, 3.0107901806484425, 2.5017579396681136, 2.3550921765263304, 2.947045084669517, 2.323825671056034, 2.5616432719432063, 2.7410032405577676, 2.0607153040907065, 2.015615656645923, 2.4397595144273216, 2.727306792027082, 2.630343980615419, 2.2547458182828057, 2.3138172564092443, 2.051285649286278, 2.012387497530416, 2.0525791047426414, 2.440143050604754, 2.7158855894884932, 2.4006959631147495, 2.8061981489950556, 2.1250225578995594, 2.433303788603007, 2.2004349643742263, 2.1863199988168516, 2.084028648627848, 2.1654395080035638, 3.0729527260514287, 2.436198725562274, 2.5110121639758995, 2.5441821435686776, 2.8350653694045373, 2.410420180343292, 2.3288262141658493, 2.262267831496744, 2.698292873152973, 2.762107687255687, 2.1839269506494583, 2.6022954599108283, 2.010536343062912, 3.8608726814245427, 2.5391436084922008, 2.838700205929146, 2.914722934948202, 2.502687565678201, 2.6717683900847504, 2.570560881987982, 3.572971678065118, 2.0315142121667007, 2.140317167829367, 2.099993585526085, 2.1231499447612974, 2.834824434377171, 2.6061124838398078, 2.232114436720649, 2.9142906083670836, 2.7155043011267, 2.141192712609543, 2.204697702988712, 2.6907634858587364, 2.0982323053841863, 2.2101853606976447, 3.5617321016541936, 2.0805812783649293, 2.93846688947611, 3.6754823441545392, 2.3661802054296515, 2.1043100209160097, 2.372046090548714, 3.580679437964246, 2.121639573366513, 2.378891727679311, 2.3650087318966393, 2.0343890666358293, 3.4862067673349366, 2.0965242298601483, 2.2738270529537146, 2.9986479785515017, 2.205530143774394, 2.5244277715423746, 2.149823381894223, 2.184141373360827, 3.9698587387144957, 2.2183450813018375, 3.5046767178001974, 2.3083306414681197, 2.1065246251107155, 2.2575968322826383, 2.314302422341408, 2.2992603389239146, 2.45642630928013, 2.2455055646470634, 2.467358426550638, 2.4875563190258503, 2.5213107944892252, 2.6564059517382614, 2.3527552604856323, 3.118693463137428, 3.0723788629069544, 2.0537434262438037, 2.462327769031638, 2.245304492649695, 2.154131857954788, 3.6762710554224176, 2.404194372149181, 2.6507600791723127, 4.285349548433322, 3.862836114573766, 3.0557438240176826, 2.504460502335993, 2.009669867857757, 2.4670830664714445, 2.5843007303620134, 2.243903207389683, 2.1652985503146867, 2.602758179928131, 4.164590944705409, 2.1920253455928034, 2.0718709609850126, 2.237199448559668, 2.2034208991766806, 2.1025363033309747, 2.1526418564363685, 2.5512941615634857, 2.3486972578471343, 2.549359826951769, 2.2226178570528052, 2.2302392458190425, 2.5442608505549895, 2.5463305017105244, 2.559672174678282, 2.809345062726191, 3.121366482802409, 2.7370096209426715, 2.2396578934658606, 2.2078877463672426, 2.7033991636950008, 2.489566276732827, 2.2820924732341816, 2.1352992151683736, 2.182077400421882, 2.3603854549143106, 2.674082987818812, 2.4920850910514574, 2.20126781126801, 2.2662548999263388, 2.0182779604461327, 2.243240948783304, 3.247877737902818, 2.789894795600885, 2.1090860474277093, 2.6091877418175677, 2.1159528979770177, 2.3058556386314155, 2.261883652697648, 2.5760820350462366, 2.435144863426403, 2.4138189872460285, 2.529188201876127, 2.9623562047346246, 2.162837366859245, 2.1591281965810056, 2.2844741209687403, 2.3046966216160514, 2.4699470848906864, 2.328446181181132, 2.290327236376146, 3.7904422152206765, 3.7848451620196117, 2.4869303392145423, 2.42861300529081, 2.5681096696447554, 3.242636737559036, 2.126759635533865, 2.8563754281974223, 2.740485132383362, 2.0110752989321474, 2.2853510349884663, 2.342491261094191, 2.0407766524578532, 2.108552619310979, 2.2823918666842316, 2.2450479335240523, 2.6241722944044255, 2.5157023204031903, 2.4157871891937366, 2.465129648582599, 2.095476585435855, 2.278503579920325, 2.3461198362250704, 2.280564740635618, 2.698181964180723, 2.3646446781775747, 2.509263195670135, 3.6657151972735567, 2.4506722409783848, 2.1916991929732577, 2.4993650865045307, 2.2925440712829674, 2.3504598559703545, 2.397628787092373, 2.341873344152897, 2.4374816455092674, 2.2241271104220437, 2.702365761900778, 2.207048205787052, 2.2640619679097638, 2.417505274529941, 2.3092828178865106, 3.6847518327677995, 2.2891943833019655, 2.009814012589427, 2.743933025030796, 2.315949566842679, 4.351569969970957, 2.3804355799023607, 2.332715648273274, 2.5539443484862865, 2.5190366398431117, 2.1967723465039195, 2.140675235450484, 2.2369092185327606, 3.233253105919223, 2.286357776913435, 2.427805701287909, 2.0772232943251576, 2.1386914046010412, 2.5681784563071597, 2.1448677679229866, 2.585095296437204, 2.2448338943703092, 2.2597407836785046, 2.457447883611361, 2.049755259828081, 2.2156183282848714, 3.3328910109130474, 3.1511831720548855, 2.2919097616830215, 2.504887714301858, 2.0139642405850613, 2.643448859870027, 2.3686150733914753, 2.0941914699556485, 2.143413171028496, 3.03721765145543, 2.793088605544641, 2.04413550142109, 3.9767657710884388, 2.1177646672079233, 3.7722789725281967, 2.8606875646846803, 2.0840376312256685, 2.6256734740989627, 2.1439322696202225, 2.4263302570553633, 2.6684038872920866, 2.0740559508090244, 2.4035262050651425, 3.4541875408286167, 2.054672779633703, 2.6825256309197436, 2.3695257706166704, 2.2582394818587415, 2.2126416135215234, 2.425205097524092, 3.221650809450111, 2.340271939761088, 3.4308171137749035, 2.1042029207112254, 2.0054535746345854, 2.820139679734252, 2.1232889165201856, 2.158158506053843, 2.144599141743336, 2.3247551827909296, 3.497723883678712, 2.7293929810177686, 2.506003056147218, 2.2695886487205232, 2.1193510838294527, 2.4351380880503815, 2.6030393695969627, 2.9342693606608203, 2.2011170343658297]"
2.5,8500,0.6073266435251279,0.6073266435251279,0.023412227630615234,0.31280769319963764,"[4, 2, 3, 1, 4, 2, 3, 1, 3, 3, 2, 2, 3, 2, 2, 2, 4, 1, 2, 2, 4, 3, 4, 3, 2, 2, 2, 1, 1, 2, 5, 3, 2, 3, 1, 3, 3, 3, 2, 2, 1, 1, 1, 1, 2, 2, 4, 2, 2, 2, 3, 2, 3, 3, 2, 3, 3, 2, 3, 3, 2, 2, 3, 2, 2, 1, 2, 3, 2, 2, 2, 3, 1, 1, 3, 2, 2, 3, 3, 3, 3, 2, 2, 2, 2, 4, 3, 2, 2, 4, 4, 1, 3, 2, 1, 2, 3, 2, 2, 2, 3, 3, 2, 4, 3, 2, 3, 2, 2, 3, 5, 4, 5, 4, 2, 2, 1, 4, 3, 3, 3, 2, 2, 2, 2, 2, 2, 4, 2, 2, 3, 3, 2, 2, 2, 1, 3, 2, 3, 4, 3, 4, 1, 2, 3, 4, 2, 2, 2, 3, 2, 2, 3, 3, 3, 3, 2, 3, 3, 2, 1, 3, 3, 3, 1, 2, 2, 2, 3, 5, 3, 2, 2, 1, 1, 3, 2, 1, 5, 3, 4, 4, 3, 2, 4, 1, 2, 2, 1, 1, 2, 2, 5, 2, 3, 4, 1, 2, 2, 3, 2, 4, 1, 3, 2, 2, 1, 4, 3, 3, 2, 3, 3, 4, 3, 2, 3, 3, 3, 2, 1, 4, 2, 3, 2, 2, 3, 2, 3, 5, 2, 2, 2, 3, 3, 2, 3, 2, 1, 1, 3, 3, 2, 2, 3, 2, 3, 4, 3, 3, 1, 2, 2, 2, 2, 2, 5, 3, 3, 3, 3, 4, 2, 4, 3, 2, 3, 3, 1, 3, 4, 2, 4, 3, 2, 3, 2, 2, 3, 3, 2, 3, 2, 2, 4, 3, 1, 3, 3, 2, 3, 4, 4, 2, 5, 2, 2, 2, 3, 2, 1, 3, 2, 2, 1, 2, 4, 2, 3, 2, 3, 4, 3, 5, 2, 1, 2, 5, 3, 2, 2, 2, 3, 5, 3, 2, 2, 3, 3, 3, 3, 3, 1, 2, 2, 3, 3, 2, 4, 3, 2, 3, 3, 2, 2, 3, 2, 3, 4, 2, 2, 2, 1, 3, 4, 2, 1, 3, 3, 2, 3, 1, 4, 3, 3, 3, 2, 3, 2, 1, 4, 3, 5, 3, 3, 4, 2, 3, 2, 4, 3, 4, 2, 2, 3, 1, 3, 4, 3, 1, 3, 4, 2, 3, 4, 3, 2, 2, 2, 3, 2, 1, 2, 2, 3, 3, 1, 3, 2, 3, 2, 3, 1, 2, 2, 3, 2, 2, 3, 2, 2, 3, 2, 2, 2, 2, 2, 2, 2, 1, 4, 3, 1, 3, 2, 3, 2, 2, 3, 2, 2, 2, 2, 3, 3, 3, 1, 3, 4, 1, 2, 4, 3, 2, 3, 1, 2, 2, 4, 3, 1, 2, 2, 1, 2, 2, 2, 3, 3, 2, 2, 5, 1, 2, 4, 1, 3, 2, 3, 3, 3, 4, 3, 2, 4, 5, 2, 3, 3, 5, 3, 1, 2, 3, 3, 1, 2, 3, 3, 3, 4, 3, 4, 2, 3, 2, 1, 1, 3, 2, 1, 1, 3, 3, 3, 2, 3, 3, 3, 1, 2, 3, 3, 3, 3, 2, 2, 2, 4, 3, 4, 2, 3, 5, 2, 2, 1, 2, 4, 3, 4, 3, 2, 2, 2, 2, 3, 4, 3, 2, 3, 2, 2, 2, 3, 4, 1, 3, 2, 2, 5, 2, 1, 4, 2, 2, 2, 2, 2, 2, 2, 3, 1, 4, 2, 2, 3, 1, 2, 1, 3, 4, 4, 2, 5, 2, 4, 4, 1, 2, 2, 5, 1, 3, 2, 3, 4, 5, 3, 3, 4, 2, 4, 4, 2, 2, 2, 1, 3, 4, 2, 3, 3, 3, 2, 3, 2, 2, 1, 2, 3, 4, 3, 3, 4, 1, 1, 2, 5, 2, 3, 1, 3, 3, 3, 4, 2, 3, 1, 2, 3, 3, 4, 1, 2, 1, 3, 4, 1, 4, 3, 1, 2, 1, 2, 2, 2, 2, 2, 5, 3, 4, 2, 1, 3, 4, 1, 3, 4, 2, 4, 3, 2, 2, 2, 3, 3, 2, 3, 3, 3, 2, 1, 2, 3, 3, 2, 2, 3, 2, 2, 2, 2, 2, 3, 2, 2, 2, 3, 2, 5, 2, 3, 3, 2, 3, 2, 2, 3, 2, 3, 3, 2, 2, 2, 3, 2, 4, 3, 3, 3, 4, 2, 2, 2, 4, 2, 2, 2, 1, 2, 2, 2, 2, 3, 2, 3, 2, 2, 3, 2, 2, 3, 2, 4, 2, 4, 1, 4, 2, 3, 2, 3, 1, 2, 4, 3, 3, 2, 2, 2, 2, 2, 3, 2, 3, 3, 5, 2, 2, 2, 3, 2, 2, 2, 3, 2, 2, 2, 1, 3, 3, 3, 2, 2, 2, 3, 3, 3, 3, 5, 2, 3, 1, 2, 2, 3, 2, 3, 4, 3, 3, 3, 3, 3, 2, 1, 2, 3, 3, 2, 4, 1, 3, 2, 2, 4, 3, 3, 3, 2, 3, 3, 4, 3, 2, 2, 2, 2, 2, 2, 2, 3, 3, 1, 3, 2, 1, 1, 3, 2, 3, 3, 3, 3, 2, 2, 2, 4, 3, 3, 5, 5, 3, 2, 5, 3, 3, 2, 3, 3, 2, 3, 2, 1, 4, 2, 2, 3, 4, 4, 2, 3, 2, 2, 2, 3, 3, 2, 4, 3, 2, 1, 2, 2, 3, 4, 2, 2, 2, 2, 4, 2, 3, 3, 4, 3, 2, 3, 3, 1, 3, 2, 3, 3, 1, 3, 2, 3, 3, 2, 3, 4, 2, 3, 2, 3, 2, 3, 2, 3, 3, 2, 3, 2, 2, 3, 4, 2, 3, 3, 3, 5, 2, 2, 3, 2, 2, 3, 3, 2, 2, 2, 2, 4, 4, 2, 2, 3, 3, 4, 4, 2, 2, 1, 2, 2, 2, 2, 2, 5, 3, 2, 1, 2, 2, 2, 2, 2, 2, 3, 3, 2, 3, 1, 2, 2, 2, 2, 1, 2, 2, 3, 2, 3, 2, 2, 3, 4, 3, 2, 3, 3, 2, 2, 3, 3, 3, 1, 3, 3, 3, 2, 1, 1, 5, 4, 4, 2, 3, 3, 1, 1, 3, 3, 2, 3, 3, 3, 3, 2, 2, 3, 2, 4, 2, 3, 4, 1, 2, 5, 2, 4, 2, 3, 2, 2, 2, 3, 2, 4, 1, 2, 2, 2, 2, 3, 1, 3, 3, 2, 1, 3, 3, 3, 3, 2, 3, 2, 3, 1, 1, 1, 2, 2, 1, 2, 2, 3, 2, 3, 4, 2, 4, 4, 2, 2, 2, 4, 3, 2, 1, 1, 2, 3, 1, 3, 2, 2, 3, 3, 3, 4, 4, 2, 3, 4, 4, 2, 3, 2, 2, 1, 3, 3, 3, 1, 2, 3, 2, 2, 3, 1, 4, 3, 2, 3, 3, 2, 2, 2, 3, 2, 4, 3, 3, 4, 2, 3, 4, 2, 1, 2, 2, 2, 3, 1, 2, 2, 3, 2, 3, 2, 2, 2, 2, 4, 2, 1, 3, 1, 3, 2, 2, 2, 3, 3, 2, 4, 3, 3, 1, 3, 2, 3, 2, 3, 4, 2, 2, 2, 3, 3, 4, 2, 2, 2, 4, 3, 4, 2, 1, 2, 3, 2, 3, 1, 2, 1, 2, 1, 3, 2, 2, 5, 2, 2, 3, 3, 2, 2, 1, 3, 2, 3, 3, 3, 4, 2, 3, 3, 3, 3, 2, 3, 2, 3, 2, 2, 2, 3, 3, 2, 2, 1, 3, 1, 3, 3, 2, 2, 2, 1, 3, 2, 3, 2, 3, 2, 2, 3, 3, 4, 2, 3, 3, 3, 4, 3, 2, 3, 4, 4, 3, 1, 4, 2, 3, 2, 3, 2, 3, 3, 3, 2, 5, 4, 2, 2, 2, 1, 3, 3, 2, 4, 1, 2, 2, 2, 4, 3, 4, 2, 2, 3, 3, 3, 3, 3, 2, 2, 2, 2, 3, 2, 2, 1, 1, 4, 2, 2, 2, 2, 3, 3, 3, 3, 2, 3, 3, 3, 3, 2, 2, 1, 2, 3, 3, 3, 2, 4, 3, 5, 2, 3, 2, 2, 3, 3, 3, 3, 2, 1, 2, 4, 2, 2, 3, 5, 3, 2, 2, 4, 2, 2, 2, 4, 2, 1, 3, 1, 2, 3, 3, 5, 1, 2, 1, 2, 2, 4, 2, 3, 2, 1, 1, 2, 2, 1, 1, 1, 2, 4, 2, 4, 2, 3, 3, 1, 1, 3, 2, 1, 2, 3, 4, 2, 4, 2, 4, 3, 3, 4, 2, 3, 3, 3, 2, 2, 2, 3, 3, 3, 2, 4, 2, 3, 3, 3, 3, 3, 3, 3, 3, 3, 3, 4, 3, 1, 3, 3, 2, 2, 1, 1, 3, 2, 3, 2, 4, 2, 2, 2, 2, 3, 2, 3, 2, 3, 2, 1, 1, 1, 4, 3, 2, 3, 3, 3, 2, 4, 3, 4, 2, 3, 3, 5, 2, 2, 2, 2, 3, 2, 4, 2, 1, 1, 2, 2, 2, 3, 2, 3, 3, 1, 3, 3, 3, 3, 1, 4, 3, 2, 1, 2, 1, 2, 3, 2, 1, 4, 2, 3, 4, 4, 4, 2, 3, 4, 2, 4, 1, 2, 2, 2, 3, 3, 3, 2, 2, 4, 3, 2, 1, 4, 3, 3, 4, 2, 4, 3, 3, 5, 4, 4, 3, 1, 4, 2, 2, 3, 4, 5, 1, 2, 4, 2, 3, 2, 3, 2, 3, 3, 2, 2, 2, 4, 4, 3, 3, 3, 2, 1, 4, 3, 2, 2, 3, 3, 2, 2, 1, 1, 3, 4, 3, 2, 3, 3, 2, 3, 3, 2, 2, 3, 3, 2, 2, 2, 3, 2, 2, 2, 2, 4, 3, 3, 2, 5, 3, 4, 4, 2, 2, 2, 2, 3, 2, 2, 3, 2, 1, 2, 2, 1, 3, 2, 3, 2, 3, 3, 3, 2, 2, 2, 3, 2, 1, 2, 2, 4, 3, 2, 2, 2, 3, 3, 2, 2, 3, 5, 3, 2, 2, 2, 2, 3, 2, 4, 2, 1, 2, 2, 1, 2, 3, 3, 2, 3, 1, 2, 4, 3, 3, 3, 2, 2, 2, 3, 3, 3, 2, 2, 5, 1, 3, 2, 1, 2, 2, 3, 3, 2, 3, 3, 1, 3, 2, 3, 3, 3, 3, 3, 3, 3, 2, 4, 3, 2, 1, 2, 4, 1, 2, 3, 4, 2, 3, 3, 2]","[3.0410239067576827, 2.109862564914497, 2.6746419004499074, 2.238495539277661, 2.2777099681257518, 2.1612795189600797, 2.682893561626657, 2.8753281256059644, 3.050303871735246, 2.729712136250498, 2.7236398058258118, 3.785575746432479, 2.5871938835622164, 2.2320342038991603, 2.19516902969617, 2.0402733411136276, 3.7911291757105094, 2.202650483051468, 2.118324803267604, 2.136188107193137, 2.6780978752614066, 2.581447522348143, 2.8999266693784977, 2.5649406211832835, 2.1924086987590865, 2.4230381896542337, 2.295372595883474, 2.3702287762114596, 1.9613810442225805, 2.499852926600225, 3.664714211895755, 2.3762636274919338, 1.956930681540664, 2.4437936865218224, 2.5994381641966853, 3.0394274150942358, 2.0777172401986803, 2.1656754397775044, 2.436428841662078, 2.6475724376520726, 2.1934929217797925, 2.7297158032217843, 2.6399701138612324, 1.9926873018367877, 2.5455349402669465, 1.944417232417083, 2.8939640465676866, 2.277895866621175, 2.4076668549351794, 2.7335951120790507, 3.1713180332810533, 2.7353878410703247, 2.684462667002124, 2.5377992335322914, 2.2528056665632192, 3.0383932418201614, 2.5988565627092424, 2.3686589773765006, 2.4087876312922334, 2.373975771108515, 2.148592459066923, 2.1889151022028774, 3.045085140644091, 2.152293837826869, 3.0821602106301462, 2.6699434178464427, 2.2881962336657784, 2.5673433290728265, 2.009357725565387, 2.2523280035021442, 2.2194871240553073, 2.3372842461118344, 2.130074748816636, 2.0350474056872687, 2.56069733098416, 2.262656170598829, 2.017629299424806, 3.2328300591809147, 2.8122440792524976, 2.405665805050925, 2.3273217339996735, 3.672249313512131, 2.243023957670868, 2.228139378917386, 2.233998646633538, 3.2226212479550655, 2.553981231995353, 2.279792072901425, 2.096045363554515, 2.8333036339609015, 2.895363210211781, 2.322781454697688, 2.8228096645939478, 2.435906052601763, 2.055228063840324, 2.8302646695125535, 2.5490101503390266, 1.9679358372323805, 2.378145949361997, 2.961626952609047, 2.4991461413318854, 2.771053688500549, 2.3175726916122326, 3.89646418791612, 2.6530434375708567, 2.057614572001877, 2.1904235638124514, 2.104000646630316, 2.44131273002465, 3.0312112309575685, 3.5530698825610303, 2.722844319095731, 3.893455081405617, 2.773627628358083, 2.460517785164668, 2.2261041653301583, 2.2509063305730703, 2.5888388079133917, 2.0184600147147718, 2.5318839539324958, 3.5029070541350538, 2.1936294213747836, 2.02059955955353, 2.2352065859896206, 2.266560815339922, 2.495815313796631, 2.106742506308651, 2.995340910370195, 1.9247826642401031, 2.076751105698391, 2.3768269714068784, 2.441042371760976, 2.890319519619436, 2.077244629731367, 2.5176581542324823, 2.658726937275946, 2.129120422714567, 2.3329929084406817, 2.2048656432627083, 2.524283406933196, 2.4035139852514202, 2.532146228857119, 1.894849630762506, 2.142781135897973, 2.9878767981638514, 2.3010511999710475, 2.2190295178011175, 2.4109822939578853, 2.372662230005327, 2.166684088812103, 2.565046722003587, 2.2115317354562327, 2.288716620187414, 2.8428045274915776, 2.2776337435216862, 3.020368367458678, 2.1892878866452516, 2.2006900817330197, 2.430163284594308, 2.1024690661935352, 2.4354281698054234, 2.985418454642503, 2.0479719972078376, 2.1369202979984596, 2.8616004553960357, 2.3676788030654343, 1.9647044583029343, 2.9458860094268435, 2.244123561658692, 3.8357553481634294, 3.49587916574097, 2.5210186438303652, 1.980219850673019, 2.331418628782591, 2.0160724659367864, 2.4876416734686644, 2.439896626992093, 2.2645858130848717, 3.8317757568580477, 2.5060204027487436, 2.7881490096117454, 3.070189365648975, 2.560897374661444, 2.144138523816108, 3.7686029388842295, 2.8445566381564595, 2.3254414012706675, 2.624171998774594, 2.2631819738888774, 2.2557036376641353, 3.480402554977932, 2.23874568548605, 4.249385245819896, 2.532509377269645, 3.4134411802303286, 3.937169900835987, 2.982436347199446, 1.864155999981354, 2.1685585887526226, 2.797128286599838, 2.6191573710342175, 3.617041195883772, 2.8768005450883765, 2.279878298337032, 2.1131486597233597, 1.9426233072110102, 2.314461274361939, 2.310992748453244, 2.7117065689961333, 2.774431737720936, 2.3794068075246617, 2.140758291833562, 2.583783540415582, 2.8572785786917754, 2.940095483993425, 2.474865127049337, 2.5403694164503254, 3.205513064147841, 2.947183214785037, 3.0269737531407506, 2.003554314134513, 3.3140508632088137, 1.9803845746789162, 2.5575275474945816, 2.174995814598368, 2.3229995271246864, 2.9061209650186535, 2.79034110619612, 2.0014737430615543, 3.5517474607856627, 1.9766415877055838, 2.1598507617652967, 2.2189027111741106, 2.510532715276098, 3.2308479058574795, 2.1285954760203145, 3.0828658138248426, 2.3835956300019028, 2.1881390391575852, 2.288612455495453, 2.327367676664723, 1.96256292742495, 2.3502125439946546, 2.5038925897441535, 2.455370279953885, 2.2782153504342637, 2.7902335287806785, 2.654612013515072, 2.342020817185516, 3.012405683735561, 2.374405986925256, 2.0502143284712275, 2.631392316154742, 2.283814990370556, 2.023165236742817, 2.0630201958790217, 3.250993044794055, 2.5707560553289674, 2.4377778012045184, 2.803072312112632, 2.057956869028324, 3.4240399506761507, 2.2959276378976594, 2.718590270943527, 2.8120402276196366, 2.0288722609242966, 2.294533916530631, 2.9925320231840646, 2.379185797618967, 2.637520865200469, 3.147762841315766, 2.550722958314415, 2.5886688750837976, 2.724126002785855, 2.9341542617855425, 2.493166479180203, 2.0245213785688367, 2.3691084531724522, 2.6139555961274548, 1.9293165281739584, 2.5245645753453387, 2.020352687844393, 2.696903727783321, 2.145195805815996, 2.2680208237882558, 1.9122112697029823, 1.8943490671150074, 2.0413936373137096, 2.489848442449993, 2.436720060659421, 2.5162383400503723, 2.683692072255497, 3.1659991397163467, 2.5486813527809815, 2.7780496277703293, 2.5891022165568316, 3.062881105423811, 2.2683501273606637, 2.4131405076717014, 2.7853272509159828, 2.0186496016092246, 3.2254605875728912, 2.6618236674480165, 2.1296987420703988, 2.203543951769954, 2.334491000827476, 2.969289625997549, 2.6570843490901765, 2.6427422933211964, 2.2674437245377357, 2.6235393493307955, 3.112433099533668, 3.2309340377461195, 2.868358353279851, 2.203366444504443, 1.9594300327325325, 2.315091840451348, 4.143714115826873, 2.020500368770983, 2.051076598282513, 2.6215378258134368, 2.1903631100217886, 2.416774649043369, 3.9061464642738306, 2.8913031153120987, 2.1346729745124677, 2.2738741535426135, 2.3006966785263065, 3.730215996498374, 2.5844923495017285, 2.46448788624866, 2.389085495079326, 2.2780538222432702, 2.0537900069756385, 2.1262441186873025, 2.2304721619038426, 3.3933202705334224, 2.08382336637949, 3.3141434305491018, 2.716457260947044, 3.900768095517063, 2.2904996161893973, 2.310857005151675, 2.2135774297168043, 1.873319053920358, 2.1909353377507705, 2.08259357786243, 2.4566470854704185, 3.197953985326113, 2.375734407033577, 2.4257251147317618, 2.428810620582899, 2.1879236145131835, 2.8070568756623855, 2.5858277171663318, 2.510762962046298, 1.8687353902437864, 2.180003843655142, 2.0790020919117795, 2.3486703878430806, 2.789802554983817, 2.620970701384878, 2.1370643297920995, 2.857865878987366, 2.5978150544363743, 2.151740913711953, 1.85435778001209, 2.5020676578620824, 2.1418078593617182, 2.3970787223729433, 2.867104004032284, 2.9499940562942717, 2.9677290307839566, 3.150191378904374, 2.883095089494157, 3.375571134289782, 1.8162577378593525, 2.411600395997203, 1.9359140863458646, 2.3919527440142403, 2.681309006770905, 4.19980139386008, 2.656964052901986, 2.3356015698622032, 2.4078937611011226, 1.9808841634650207, 2.8224344249914015, 3.13454243510335, 2.2433756708637134, 2.2204242249907438, 2.1268902870972344, 3.3505253713303014, 1.9531165624882432, 2.4548270416179485, 2.72926109924131, 2.465050651075785, 2.3026976367969034, 2.4383040970786927, 2.361334792392503, 2.0671065815315295, 1.9773868807930584, 2.393822569733133, 2.2206865254588153, 2.311505874006952, 2.437486905976987, 2.5242165505527514, 2.317711335409695, 3.0848630329636735, 2.6553216525450756, 3.746546307171233, 2.202307355603013, 2.4338894308221573, 2.0932181219213026, 2.8329205502673727, 2.4115918552179405, 2.629589776245057, 2.141000968812908, 2.3734754963397893, 2.3333011692206265, 2.5449995361234983, 2.2675681471434874, 2.430258470717944, 2.1289432423257337, 1.9195897010554568, 2.457612162933141, 1.9658774940077044, 2.3443075763883376, 2.043086864873446, 2.5166312355208946, 2.7205695124153455, 2.4400885403633286, 2.496001670013673, 2.0721815741113905, 2.3145143597280904, 2.821063244211476, 3.3908387991785225, 2.458706842736678, 2.487108206284133, 2.358083285202084, 2.2099883332125434, 3.3999596984412253, 2.1904091577067275, 2.2279388032377074, 3.3556091840514997, 2.7100256627292736, 2.604844591656912, 2.5433037108562577, 2.492066703914067, 3.9214993309931936, 2.2498025559089485, 2.3814094395337873, 4.126113523671971, 2.4250948175897977, 2.0585797973958107, 2.5739251983804894, 2.0533768127831578, 2.1544134462446354, 2.1573016478135147, 3.1456257867279285, 3.581585061560202, 2.2836056965842872, 2.1754965071574968, 1.951163330044686, 2.2833702697638554, 2.048919670908426, 2.74227749975371, 2.244043777578018, 2.285698439564981, 3.828262819519213, 2.0018448362695374, 1.9808386083642078, 4.038532908525692, 2.644168214904524, 2.5398471569569394, 2.9312346460463283, 2.3204715744179505, 3.0446020391953477, 1.9831146259590313, 2.3143722795905495, 2.200839140132389, 2.315615760123613, 2.5923490453502933, 2.055761842188021, 2.317984471347903, 2.078456141656348, 3.445151354801239, 3.2068945350370193, 2.1438319889700805, 2.6971301153555585, 4.29796477466981, 2.1690650380155656, 2.1855718784928664, 2.066235119342717, 2.411297064633234, 2.69126624686921, 3.2228640561293185, 2.359156874736512, 2.4497518842500763, 2.495082766985968, 2.514826784448108, 2.7368031963364254, 2.3520504096312016, 2.3312522815806176, 2.295367165706373, 2.444266412971457, 2.1753979283919653, 2.366639273831002, 2.3113995541165204, 2.6214568568291337, 2.390522184800867, 2.053737920524375, 2.0841686113784763, 2.5054369270810017, 2.3318685974790676, 3.5543615684129692, 2.6869790511021194, 3.066749552830598, 2.3812537172923545, 2.506030119105085, 2.024976387115523, 3.1083549019186654, 2.7530889716120406, 2.8360143795066546, 2.3082377245447137, 3.619784264233296, 2.1755840214018676, 2.8127015883809667, 2.2788371486919563, 1.9058690266655134, 2.62559525658544, 3.4626666321245327, 2.3707545526625826, 1.8657236670061992, 2.9505877310737736, 2.8299010185729623, 2.1433175014941264, 2.2206041956682494, 2.2484451679908135, 2.343245311007984, 2.555384255981925, 3.346325534714669, 2.8073905021057906, 2.2162099791654866, 2.5439636872645144, 2.200369725479979, 2.175176926031701, 2.6511493490041187, 2.5288604741694143, 3.074830707125076, 2.8745227058923724, 2.2236981740656607, 1.9921282313359825, 2.8016302821867303, 2.7846765898283383, 2.819652312293823, 3.3184508413578477, 2.5788156285513315, 2.533822704021447, 2.419757082032832, 2.7624023547623873, 4.03340271012199, 2.244910837278081, 2.5231186107961836, 3.6784493576030495, 2.1341013574702288, 2.2619639150856896, 2.502126133344707, 2.449121929196148, 2.084339998244902, 2.2003556961282498, 2.1247675043196113, 3.094089012274646, 2.131343895821337, 2.921612416622777, 2.9395719016568855, 2.0968527332787623, 2.5136294073981302, 1.9548328853010726, 2.229592216206324, 2.6327637818467635, 2.496915694715597, 3.6658548784588687, 3.4891304057593153, 2.259606635505625, 4.062527943717409, 2.243034712523346, 4.248603400377608, 3.512230565151726, 2.3526576219791204, 2.680757988709126, 2.212426993580398, 3.2039812884922587, 2.508012218553925, 2.3688789340864194, 2.422480689172581, 2.2120887932646434, 2.859688971551645, 3.2315895166361956, 2.36813284755974, 2.6061750253097493, 2.9542823154358113, 2.335156652305557, 2.7986050701255456, 3.0360575294895242, 3.2201877308828815, 2.2466287171819816, 2.1021025567322824, 2.4996748371050366, 3.4359698173772717, 2.5414819358729774, 2.1966668768390467, 2.6930270815679727, 2.7666087154602526, 3.1811598293779553, 2.746765381214254, 2.2221338062586966, 2.7197241627402833, 2.7673722126718445, 2.2476509685870325, 2.2375126224697386, 2.252250529705361, 3.7117291279413998, 2.2277324204411757, 3.016424569933868, 3.1971209387993658, 1.878943777748644, 2.3314162789174513, 2.6984732105506155, 3.79661759365747, 2.248467809925859, 2.0751401045262425, 2.140180217721648, 2.545458713226186, 2.130497256752844, 2.628030866908051, 3.79078913874067, 1.9766989512046167, 2.9895440280064958, 2.504336751824704, 2.4181627844839686, 2.7743441337897585, 2.6305724841540314, 2.574198775121433, 2.3438099237305754, 2.1258216107510943, 2.2765645876837097, 2.7084409578493176, 2.2618455026382356, 3.1225147144079513, 2.5575203995300972, 2.7194734817028117, 2.2530124786243046, 2.5006378630005077, 2.2749182776491885, 2.4050937827976258, 2.0723007430164753, 1.9455451663390868, 2.109988839539109, 2.3783130104679335, 3.7053069952067905, 3.8916716443497594, 2.4552636837640236, 2.0200417110913467, 1.8806771436407805, 2.3867463706903447, 2.628141123192066, 1.9038229950692163, 2.6866383725530056, 3.922611848295549, 2.451937128312635, 3.6711633041590446, 3.0327085273479666, 2.2824029397486996, 2.3251073137367726, 2.303387487651068, 2.3986330368378064, 3.2905308624748373, 1.922185047214969, 2.3313313121533024, 2.293046191118136, 2.3441431633813963, 2.4196557951547994, 2.2953090486993504, 2.1702872146680936, 2.661991114885516, 2.3753399290285917, 1.8526259209837423, 1.9407848017655185, 2.3560464035753768, 2.210276331044784, 1.8817334134813013, 2.139460656860849, 2.4415143965480435, 2.2051595244258886, 2.3606054098390756, 2.295404108223869, 2.3142017620622446, 2.3768592614729647, 2.3299287936801654, 2.4699329845957663, 4.39975633870377, 2.2557412367268803, 2.5311501714887648, 2.262871489719957, 2.6558883287307555, 2.465603298576101, 2.129310009609019, 2.086209381454761, 2.7972491153338352, 2.177908009717682, 2.8990222445484375, 2.389672453005278, 2.2215627212188522, 2.15091252489877, 2.2193816450459307, 2.1643647639089023, 2.616928155894036, 3.2391017345654323, 2.139807330039276, 2.4606049326347117, 2.1576471514638786, 4.275151645752421, 2.3174059575123875, 1.933143999471191, 2.2467984703932835, 2.408788892913333, 1.9895064126862847, 2.3395033905084746, 2.924283627205684, 3.9793022481671887, 1.8512749246954143, 2.3337588279853754, 2.2124332454895614, 2.3131293189839215, 2.701065160366525, 2.226163141029268, 2.623168435261725, 2.4826601694126347, 2.1569753298615852, 2.4602894115532044, 2.0446500899912725, 1.9521293590217015, 2.4909365490385533, 2.46170990088039, 3.45369713154877, 2.1517418224683427, 3.764021954547923, 2.230539357904518, 3.7097323043446044, 2.512018648684467, 2.2440188754233836, 2.6728705903399548, 2.6318112258916746, 2.100455859134753, 2.792673362851928, 3.2490686773007456, 2.2676590436588637, 2.1539372738544564, 2.28132809052771, 1.9471894985437208, 2.2134907614221975, 2.117969246275139, 2.2671363681454038, 2.536441218734521, 3.25977902126788, 2.3839210938282975, 2.3387885794117924, 4.635317333382304, 2.294955983891116, 2.669053534124008, 3.0786556012764734, 3.0329168174278514, 2.407564871930649, 2.7550424648272713, 2.107885067689784, 1.9392183808327885, 2.2376657988490893, 2.212483242497393, 2.4448747426868462, 2.937062093682186, 2.4552194187401475, 2.1683139379969947, 2.2331934978628, 2.1266563386835258, 1.8590696544416159, 2.490627858994055, 2.4369330284557233, 2.2009222358580978, 2.0489576381994286, 2.253476021069959, 3.000683578325313, 2.2036462722624, 2.3860254742440694, 2.11026020996215, 2.239290771828496, 2.148237173305179, 3.063476037195565, 2.047932922880227, 2.5185187995522145, 3.2426977702308797, 2.5516483140069948, 1.9150179485149468, 2.5239341483114375, 2.5868242868871594, 2.334239740037049, 2.845547177158549, 2.6406156841637647, 2.2385038120897858, 2.2684649045860117, 3.2246000727829296, 1.9884297218642275, 3.1214041192373925, 3.108108091367549, 2.5379940317194745, 2.1606212180942492, 1.8433581546368698, 2.6758190382905043, 2.147311775244689, 2.676877535176034, 3.2695495654963778, 2.090228025509753, 2.396175640037186, 2.2345072121776104, 2.2879187323846035, 3.233978991876797, 2.357592780280565, 2.1945565581115147, 2.5425128626679703, 2.228113828592279, 2.996484999245345, 2.399975043788823, 2.346058960221175, 2.557710789844651, 2.7048777697284696, 2.134171775459597, 2.5154953425471493, 2.363853457054448, 3.055434733809873, 2.0649336667441736, 2.8362429939584635, 2.0766270394479456, 2.24185577989319, 2.6250599713739544, 2.281872083514923, 2.418174993689677, 2.2161459897887283, 2.17549754777393, 2.752957557183582, 3.014850145608149, 2.5143772981931085, 2.4917911130896013, 3.600421541535086, 3.4479718976139115, 2.218669295427933, 1.893767251941315, 2.3168274788970336, 2.038465984663225, 2.0241727556676214, 2.247076810307033, 2.0657515987745256, 2.6674033618136983, 2.113340897152274, 2.5095297753805097, 2.279279139731109, 2.7144366501872446, 2.4510666994230657, 1.9336271324763743, 2.9341506913369404, 1.892852998416607, 3.43084951794229, 2.7644158475568563, 2.707513748924803, 2.2747852899367658, 2.3224843777196043, 2.2283125713823835, 2.011176682152895, 2.9385125130676695, 1.8944574024832659, 2.292698841147961, 3.3931396472381588, 2.299436028122601, 2.2399749151617896, 2.1628191138727777, 2.420846891482123, 1.9681968457498311, 2.261372069958253, 2.2790798124268226, 2.1513377857908824, 2.2315747534454555, 2.2101473006788357, 2.385971617558896, 2.5622384835021044, 2.322852523305014, 2.3421527008097436, 2.81103538882512, 3.947726556574681, 2.1603279985102306, 2.0700470961259763, 2.391274554835633, 2.7254063864181464, 3.8426303103038038, 4.33782504717145, 2.2139891041161865, 2.1579843294763896, 1.8715661391702376, 2.1743969113802395, 3.1201748769823094, 2.6221795496831075, 2.5126489723153904, 2.4235792023166898, 2.6358818053248614, 2.2405156171416882, 3.2715359625683385, 3.1330543168080003, 2.554811354724779, 2.6520588735133646, 2.270891879539987, 2.5007511119070203, 2.9034106579283274, 2.352527245885047, 2.8525377589822103, 2.526174163867031, 2.2027059755120604, 3.9778853813197843, 2.5843736758019937, 2.671951623677507, 2.7661500147487983, 3.6776264670693153, 3.59720882801372, 2.2642949697027626, 2.845419825599838, 2.4793154208756123, 2.8247822230869244, 1.9217784390037942, 2.1863303310917934, 2.797599202853883, 1.9575031700413197, 2.0456381627959344, 2.895784156338175, 2.673671025972953, 2.2051251527769704, 2.522394460640567, 2.154300758112753, 2.235476072794878, 2.768799102592698, 2.8324082795043357, 2.58523834586991, 2.9762141912046087, 2.111896074022854, 2.330351433476417, 3.989835643897117, 3.302272952375106, 2.2452903878209804, 2.7622340728231984, 2.3120673953404087, 2.919699458493828, 2.4246692216452357, 2.1895622451242374, 2.1018176889599065, 2.591143271774682, 4.047161798715543, 2.843066199276117, 1.8857982107445055, 2.838295829714046, 2.2134208628558807, 2.222692539108606, 2.361598302635024, 2.0128625432214307, 2.7074481078949035, 2.5097778637031345, 2.3853027465275884, 2.5059325670463695, 2.1271719590547065, 2.5533407749664523, 2.0107468077254853, 2.296164690349634, 1.9932656499648558, 2.315742189996625, 3.139823964268457, 3.675546625385592, 1.9934227362488306, 2.088266778590279, 2.7914919468784496, 2.3833773357541395, 2.247188477719014, 2.3933857429012857, 3.0203867548774403, 2.089475094700356, 2.750646619867507, 1.9947205397144236, 2.4323307531346234, 2.2877294167208726, 2.5995403292885415, 2.8192785757492995, 2.1334493297828505, 2.4321375936712726, 2.33971601421817, 2.3138306027492566, 1.951513120353669, 2.2012507090084976, 2.0396863804022436, 2.0096545702288626, 2.291653483528614, 1.9400784009183287, 2.3087560656077386, 3.9592214183223486, 2.391966831453853, 2.9005028462781826, 2.92311540163619, 2.55603841560883, 3.1123453030973733, 2.196418951584167, 1.8742972680495882, 1.9420338543153952, 2.499782095190459, 2.1733091733351073, 2.0881674325593313, 2.0594843977207695, 2.056851848272087, 2.2445311159590253, 1.9702346282723269, 2.4725205770510352, 2.7643574434413907, 2.2245052725591865, 2.856889174233442, 2.6122905729191115, 2.7708113990842107, 3.0185760525193714, 2.2161798029114963, 2.4128245540596005, 4.083660006173784, 2.576558080281946, 2.9750117238856264, 3.191262170346696, 4.055122520451698, 2.0469581900562037, 3.021936645170266, 2.2605266140122695, 2.3260269442616583, 2.1368055710003944, 2.814728787647765, 2.256348554913243, 2.7459267548513484, 2.3723039333426934, 1.9594608443918955, 2.1243789722587456, 2.6744019820385856, 2.063024221765967, 2.585044951492276, 2.397922410368294, 1.9518448680033207, 2.730589635681918, 2.5758248980659104, 2.127213370318147, 2.59157201070719, 2.7800098229218833, 2.6483805875710447, 2.338417716048155, 2.2374401602303076, 2.1961040917654224, 3.55061063326217, 2.9608267774325525, 1.9343149593269746, 1.9597582346522118, 1.9810899349096733, 2.022356631385502, 2.5142274048387465, 2.1765015996531094, 3.3834766408132517, 2.210447483663291, 2.2674423729223467, 2.985281295844191, 2.505217437283576, 3.9817008069584334, 3.332567461662495, 2.2258979014643603, 2.724003321045199, 2.4021241523351975, 2.671906028808459, 2.2735670205891867, 3.783455192275521, 2.093156197583289, 1.9289022560670719, 2.216438081546229, 2.7005070195337444, 2.3837252208273116, 2.122371100499824, 2.17325492696663, 1.9920134016000757, 3.118184118738519, 2.611729304309742, 2.511505942567834, 3.3872706623387776, 2.4313743309370692, 2.652163628995536, 2.6116295815247996, 2.2861641537183974, 3.9254842193450026, 2.140941900835005, 3.361016933216119, 2.116883671639044, 2.3453288398397043, 2.0585743806273977, 2.0697134774378845, 2.3555665321401356, 2.340344061284423, 1.8873614358623318, 2.102937827476122, 2.7010820748493725, 2.1405819547612506, 2.2540103443493598, 2.2638173830427593, 2.6247830605330242, 3.260762676177761, 2.216052360879117, 2.045529450673681, 2.6761606066797814, 2.773339778457053, 2.416637519112943, 2.0443999437828837, 2.6274981772837736, 2.339986670551491, 2.2802078518721003, 3.260902496733547, 2.5397069114184476, 2.9953837971679977, 2.693596720238141, 2.343193658223617, 3.0970461204786037, 3.7269628048473415, 2.381197210704289, 2.519362569332516, 2.3819942820295035, 2.2031150895019116, 2.247156844513347, 3.019562250231987, 2.0537209561294154, 2.210730430485114, 2.0356528376574015, 2.5411126207595043, 2.3369948362930453, 3.055107852613051, 2.1894339920046013, 1.893784216336274, 2.1289024771136984, 2.621223653245487, 2.6572278855142577, 3.0270432944475054, 2.5904564086600637, 2.135980818075682, 1.9223074119349572, 2.2214311461581144, 2.2536309650847723, 1.9985578327042852, 1.9265726296294399, 2.8756724670834117, 2.7009082634870656, 1.975917961691761, 3.5537375254634447, 2.4538286742821027, 2.3773770584976632, 1.9613089372820978, 2.677005571344609, 2.587059627042146, 2.20414809559646, 2.298263890715173, 2.5414995533225895, 3.6364802277291264, 2.1172639995912363, 2.5681157060023656, 2.2456492939434387, 2.512524657872614, 2.8822835608143738, 3.105099872158389, 2.7123328286127935, 2.2717594061525426, 2.2885373585657156, 3.534647840247449, 2.3260919454826134, 2.549956543153552, 2.217141392101789, 3.539516900624263, 2.113544992573893, 2.6282731638698196, 2.245715116710698, 3.2215053566791996, 2.1624769331786178, 2.4390358565003947, 1.942945117500882, 2.4638420188580157, 2.3140004726092447, 2.2731520235835663, 1.9938892924220628, 2.4001867934428844, 3.8393929135836995, 2.06492509114366, 2.1085622797237207, 2.5868942756119737, 2.534550318624242, 2.3271758949893218, 2.305382291326437, 2.177890784551049, 2.5252341910437286, 2.016683585906053, 2.4372218342398226, 2.1502229063592138, 2.1486228414617323, 3.549183020498846, 1.7546255389123568, 2.847885065914462, 2.76387481106792, 3.0650858858911247, 2.825734904450942, 2.740035812858325, 2.773212342123723, 1.9602504464880677, 2.6679888359077926, 2.1184221366061564, 2.868861747109144, 2.6264727073132956, 2.5071039270445046, 2.394325354334141, 2.135120956023974, 2.319782008388953, 2.151704007827293, 3.405728657806461, 2.423149069903039, 3.1630523660540018, 2.9168129651422547, 2.5248805134284553, 2.131279661200661, 2.3115249304437904, 2.2038605877498982, 2.3058428560457807, 1.950684433470839, 2.5262106106985707, 1.898463485613584, 2.5513517826257517, 2.073123741900171, 2.03565727956442, 2.388445939652606, 1.9654509317274855, 2.77927769456676, 2.6180063640389295, 2.6684971194533857, 2.4494575999949033, 2.8691641477182652, 3.010722694393981, 2.278872729135016, 2.1448102299382366, 1.997169633126787, 2.3079754402695345, 2.8295129082312203, 2.755720596111441, 2.1351598482642586, 3.588810510496901, 2.3716834181186632, 2.659606548236185, 2.664863762006158, 3.207337458730567, 2.1362823654178498, 3.362721076962478, 2.2797588582012267, 2.7462923485529647, 2.329904481107193, 3.7821258630608448, 3.6565487360299516, 2.2288252035346394, 2.464885007154519, 2.3143637725305064, 2.4869705654539356, 3.640870600975682, 3.3468889869795753, 3.095532472663265, 3.6051641350560857, 1.7650862935791123, 2.0860885738258443, 2.681056639609007, 1.9859941258011988, 3.471758145034952, 3.6109320473266937, 3.2168539982166218, 2.0747062680336166, 2.5581313557252265, 2.5219502252595474, 2.690370001848947, 2.35840169420137, 2.311178712703706, 2.3784740457584026, 2.7725411564061813, 1.9015533691042, 2.465621835046476, 4.273373892167238, 2.348703109806963, 2.294269405918063, 2.079701023529927, 1.9870092824479255, 2.599206033808702, 2.1032938690291316, 2.501764029287049, 2.2921704795686773, 2.0806711706726815, 2.288442209197869, 3.338467113277627, 2.422038451184441, 3.7165335371732384, 2.8527543752748583, 2.826248066444041, 3.6350265266868846, 2.2343806394833514, 2.718947386357336, 2.1569515028707205, 1.92484065493517, 2.118686583396996, 2.0416801940372, 2.7977462771473363, 2.8954317580560867, 3.3951454034178163, 3.3186054982262605, 2.4492178448143074, 2.921269157664245, 2.7032493304098306, 3.0081475673570335, 1.869156391316206, 2.515087527476371, 2.517134925899414, 2.3713768163776083, 3.298728666464258, 2.344946728887274, 2.5718921684475697, 2.1145611610648163, 2.502715296696412, 2.70436281255459, 2.5200339353334864, 3.177226334139642, 2.7079898264377413, 2.5690393364273927, 2.399669476137035, 4.129291424952287, 2.423642256600289, 2.0137639477314857, 2.0935969842318722, 3.0586018241541533, 2.3395890099760814, 2.883939845856614, 2.219964774537039, 2.9078557084717267, 2.5923179327945953, 2.226975540308886, 3.355359540827887, 2.3406924628322336, 2.2879657156648574, 2.583247066656453, 2.69619109105688, 4.123815564670943, 1.9321970028775204, 2.202045051081335, 2.106876157883512, 2.4197743071994644, 2.2777982067559095, 3.6370210215509235, 2.4931606654112968, 2.158480880481423, 2.5323567986477276, 2.6495004304530796, 2.294082585573961, 2.1119773255490477, 2.1226239392929576, 2.0681948325594766, 2.7208461443583993, 2.1881106037001317, 2.9108148348749108, 2.957645104076202, 2.7317466010484788, 3.011234437250713, 2.201519916915879, 2.9852112882627764, 2.4265463383128396, 2.7435172073173613, 2.35001840966991, 2.419996672527543, 2.4367030601052493, 1.97940733541108, 2.7995195828462713, 2.079371575518133, 2.913593447664999, 2.1416231044063263, 2.4577845649085748, 2.2682790742810934, 3.823459976727773, 2.284508802974767, 2.5262376945406353, 3.311802525441089, 2.2154035290066423, 2.509682928686674, 1.99375093816851, 2.6115637831262037, 2.2502734380068783, 2.9141888575419883, 2.281746812208771, 2.2819767931385884, 2.5849023747170032, 2.8013431517593, 2.1283197158508473, 2.322419872184606, 2.439420718474191, 1.9068541644269459, 2.5492882650911475, 3.2013292786986476, 2.7757970108881875, 2.595741938998012, 2.15925204861682, 2.3194943215556685, 2.2799366405056825, 3.8970142916746497, 2.348516989958135, 3.0596807965278927, 2.516216992186244, 2.321564436195762, 3.0942413456526463, 2.280714430395411, 2.4839190768995074, 2.8985390545421943, 1.9159814192027271, 1.8683724667601203, 2.575351639263915, 2.703236004023638, 2.755648320449837, 2.2258648238863596, 2.3150661430871793, 1.9899040577339377, 2.09426032216248, 2.129928235297813, 2.7729260461719067, 2.4926097709989943, 2.4085375906071183, 2.628790381893628, 2.0135957566799636, 2.101408442319989, 2.1373093016905607, 2.3353862507410748, 1.9338003663277465, 2.097914148656975, 3.1330042189956377, 2.4230667275331297, 2.438319101291816, 2.5290322150393107, 2.876624350019985, 2.404191616090863, 2.2415132773910607, 2.3621274847803053, 2.6573450851151916, 2.8013209657419758, 2.0527311156892907, 2.844127430920332, 1.9081911313635445, 3.782673184949922, 2.6242987471907644, 2.8658026617170127, 2.7018589895434775, 2.5181588508800132, 2.7242626661549836, 2.4351714009841205, 3.411702277499056, 1.944318755724256, 2.2444406692698715, 2.2098073589014073, 1.9778588537347035, 2.8962696847170384, 2.680241953620841, 2.189290039560446, 3.043663781540661, 2.8800394287409414, 2.2879939690349853, 2.191316461262464, 2.7028777547615985, 2.2236147015859573, 2.3334225723237, 3.1190331997639595, 2.06057264662842, 3.1666276561020266, 3.749921974193861, 2.4352222668506935, 1.9753880932486885, 2.3317196552465482, 3.351278225852859, 2.0401162548296528, 2.4711558226416988, 2.258192935513903, 2.0647616789849166, 3.4440336713995228, 2.237004953102712, 2.2715103660004545, 2.9253330471513666, 2.205172449339457, 2.5110909401771058, 2.0401355954265217, 2.352465321547033, 4.1269392267382194, 2.2849105817159145, 3.150118508695754, 2.2016047486781263, 2.1586080638624243, 2.1981641258745235, 2.2228798949469275, 2.473291381011781, 2.5504550254983975, 2.2929521563323276, 2.4340556414453447, 2.6499761681948257, 2.5994361835813655, 2.5513386494510684, 2.4550865972373286, 3.229800104160889, 3.1845315591821812, 1.9706366124891574, 2.418812343375473, 2.2945284359404896, 2.071356913465472, 3.4042236700435926, 2.4733798935059026, 2.5666505808233713, 4.063329525531369, 3.592432321297889, 3.0365484797467643, 2.5750589624913047, 1.9149837589533545, 2.5821148565348775, 2.8666877096921635, 2.305513642281905, 2.0990191694132116, 2.786989860939614, 4.066079958526942, 2.173412202883361, 1.9786920612088998, 2.2718129624847925, 2.28670471239767, 1.989292937764671, 2.4120059607664857, 2.7374616074430436, 2.3716966278573985, 2.4093724737879496, 2.2717964798649457, 2.2120495242703644, 2.491407844873281, 2.763188540764979, 2.8883393371238695, 2.9645248812563523, 3.1378345236436225, 2.59199804326829, 2.3387942674109263, 2.3946674012349476, 2.9359354058522973, 2.692115755541064, 2.4072956956221914, 2.0327801827630876, 2.168064495419279, 2.4156524176679484, 2.8921186815995887, 2.3861145082815383, 2.13796436715901, 2.3104895370231486, 1.8475016580651138, 2.1233093240008527, 2.730557623279297, 2.520180497624432, 2.138528103355705, 2.440972680288482, 2.0846962588680396, 2.4215883265103955, 2.3651392080178923, 2.5792850037854724, 2.5518810611719918, 2.483307789390364, 2.6969924349441117, 2.983530379561679, 2.3188944118772223, 2.147390911340647, 2.3671562328882625, 2.4438593780954037, 2.3590816380861304, 2.2444925000181706, 2.249302211331578, 3.3654657305963966, 3.5763573599155825, 2.4050557386274005, 2.495719142126769, 2.6128351944040995, 2.771643811691346, 2.1851040866865663, 3.0844225866644894, 2.7996320063982565, 1.9039660520014616, 2.1811695024096633, 2.2126660091626214, 1.8717069751489739, 2.1427098485704845, 2.125297625988927, 2.2246538496628228, 2.3588436603622114, 2.7629973817951106, 2.3956844840303484, 2.396847347461055, 1.9942197152952512, 2.4354303907589325, 2.3065231109294975, 2.4192721705831723, 2.90377876303911, 2.3114639178118073, 2.551776964833516, 3.8787409176892105, 2.52336952392125, 2.293216708646441, 2.7409070861174754, 2.3253616566082624, 2.221207939352404, 2.4036341422623786, 2.1727987644208655, 2.3411235812314626, 2.239583063636544, 2.8823445762730446, 2.0720559244331036, 2.1606665547912987, 2.3621419285339686, 2.6006529800995457, 3.3581214485579, 2.350746046042922, 2.0568337509819012, 2.8702208449312847, 2.376025081737049, 4.245692853961794, 2.192811639874089, 2.438506343898453, 2.588298519353892, 2.408979077915185, 2.138244144689685, 2.1768484783072193, 2.360342172157549, 2.9889773582250285, 2.173277270832029, 2.468481019430381, 1.9871501184266616, 2.30760267068978, 2.4248999351421707, 2.2869616242044284, 2.659877712640132, 2.097636541852527, 2.2811039161777944, 2.4702526928640913, 2.087280262876688, 2.3690263139949495, 3.21613403150693, 2.794193351366697, 2.330334250011329, 2.7593051713179433, 1.8813185432670152, 2.629316518940649, 2.330755511855422, 2.054711249887587, 2.212985858605521, 3.110983335075294, 2.6822310516477956, 2.045956777270903, 3.7332828622814844, 2.271074205466512, 3.5927946179019195, 2.6860394217060417, 1.9337299483383785, 2.5755627943011725, 2.0155194235562734, 2.299848300629383, 2.5501405671522774, 1.8967779345624693, 2.4786179085612026, 3.4633805891826093, 1.963351058973771, 2.8989898494612336, 2.3236162110871845, 2.393707244627668, 2.357400034554012, 2.3218539305621575, 2.721211228971125, 2.1721677026454995, 3.6004818716337885, 1.976227692352692, 1.9480368798090333, 2.978177336927149, 2.027186428627997, 2.0037416013911082, 2.0607085873820905, 2.4381717686621553, 3.5017818337506847, 2.7657269031290945, 2.368694189591303, 2.3047368234453467, 2.058056591813266, 2.4313814670469722, 2.7619343562718566, 2.9365973728143953, 2.2039315275977844]"
2.75,8500,0.6023418933167143,0.6023418933167143,0.02388453483581543,0.3154822441616389,"[4, 2, 3, 1, 4, 2, 3, 1, 3, 3, 2, 2, 3, 2, 2, 2, 4, 1, 2, 2, 4, 3, 4, 3, 2, 2, 2, 1, 1, 2, 5, 3, 2, 3, 1, 3, 3, 3, 2, 2, 1, 1, 1, 1, 2, 2, 4, 2, 2, 2, 3, 2, 3, 3, 2, 3, 3, 2, 3, 3, 2, 2, 3, 2, 2, 1, 2, 3, 2, 2, 2, 3, 1, 1, 3, 2, 2, 3, 3, 3, 3, 2, 2, 2, 2, 4, 3, 2, 2, 4, 4, 1, 3, 2, 1, 2, 3, 2, 2, 2, 3, 3, 2, 4, 3, 2, 3, 2, 2, 3, 5, 4, 5, 4, 2, 2, 1, 4, 3, 3, 3, 2, 2, 2, 2, 2, 2, 4, 2, 2, 3, 3, 2, 2, 2, 1, 3, 2, 3, 4, 3, 4, 1, 2, 3, 4, 2, 2, 2, 3, 2, 2, 3, 3, 3, 3, 2, 3, 3, 2, 1, 3, 3, 3, 1, 2, 2, 2, 3, 5, 3, 2, 2, 1, 1, 3, 2, 1, 5, 3, 4, 4, 3, 2, 4, 1, 2, 2, 1, 1, 2, 2, 5, 2, 3, 4, 1, 2, 2, 3, 2, 4, 1, 3, 2, 2, 1, 4, 3, 3, 2, 3, 3, 4, 3, 2, 3, 3, 3, 2, 1, 4, 2, 3, 2, 2, 3, 2, 3, 5, 2, 2, 2, 3, 3, 2, 3, 2, 1, 1, 3, 3, 2, 2, 3, 2, 3, 4, 3, 3, 1, 2, 2, 2, 2, 2, 5, 3, 3, 3, 3, 4, 2, 4, 3, 2, 3, 3, 1, 3, 4, 2, 4, 3, 2, 3, 2, 2, 3, 3, 2, 3, 2, 2, 4, 3, 1, 3, 3, 2, 3, 4, 4, 2, 5, 2, 2, 2, 3, 2, 1, 3, 2, 2, 1, 2, 4, 2, 3, 2, 3, 4, 3, 5, 2, 1, 2, 5, 3, 2, 2, 2, 3, 5, 3, 2, 2, 3, 3, 3, 3, 3, 1, 2, 2, 3, 3, 2, 4, 3, 2, 3, 3, 2, 2, 3, 2, 3, 4, 2, 2, 2, 1, 3, 4, 2, 1, 3, 3, 2, 3, 1, 4, 3, 3, 3, 2, 3, 2, 1, 4, 3, 5, 3, 3, 4, 2, 3, 2, 4, 3, 4, 2, 2, 3, 1, 3, 4, 3, 1, 3, 4, 2, 3, 4, 3, 2, 2, 2, 3, 2, 1, 2, 2, 3, 3, 1, 3, 2, 3, 2, 3, 1, 2, 2, 3, 2, 2, 3, 2, 2, 3, 2, 2, 2, 2, 2, 2, 2, 1, 4, 3, 1, 3, 2, 3, 2, 2, 3, 2, 2, 2, 2, 3, 3, 3, 1, 3, 4, 1, 2, 4, 3, 2, 3, 1, 2, 2, 4, 3, 1, 2, 2, 1, 2, 2, 2, 3, 3, 2, 2, 5, 1, 2, 4, 1, 3, 2, 3, 3, 3, 4, 3, 2, 4, 5, 2, 3, 3, 5, 3, 1, 2, 3, 3, 1, 2, 3, 3, 3, 4, 3, 4, 2, 3, 2, 1, 1, 3, 2, 1, 1, 3, 3, 3, 2, 3, 3, 3, 1, 2, 3, 3, 3, 3, 2, 2, 2, 4, 3, 4, 2, 3, 5, 2, 2, 1, 2, 4, 3, 4, 3, 2, 2, 2, 2, 3, 4, 3, 2, 3, 2, 2, 2, 3, 4, 1, 3, 2, 2, 5, 2, 1, 4, 2, 2, 2, 2, 2, 2, 2, 3, 1, 4, 2, 2, 3, 1, 2, 1, 3, 4, 4, 2, 5, 2, 4, 4, 1, 2, 2, 5, 1, 3, 2, 3, 4, 5, 3, 3, 4, 2, 4, 4, 2, 2, 2, 1, 3, 4, 2, 3, 3, 3, 2, 3, 2, 2, 1, 2, 3, 4, 3, 3, 4, 1, 1, 2, 5, 2, 3, 1, 3, 3, 3, 4, 2, 3, 1, 2, 3, 3, 4, 1, 2, 1, 3, 4, 1, 4, 3, 1, 2, 1, 2, 2, 2, 2, 2, 5, 3, 4, 2, 1, 3, 4, 1, 3, 4, 2, 4, 3, 2, 2, 2, 3, 3, 2, 3, 3, 3, 2, 1, 2, 3, 3, 2, 2, 3, 2, 2, 2, 2, 2, 3, 2, 2, 2, 3, 2, 5, 2, 3, 3, 2, 3, 2, 2, 3, 2, 3, 3, 2, 2, 2, 3, 2, 4, 3, 3, 3, 4, 2, 2, 2, 4, 2, 2, 2, 1, 2, 2, 2, 2, 3, 2, 3, 2, 2, 3, 2, 2, 3, 2, 4, 2, 4, 1, 4, 2, 3, 2, 3, 1, 2, 4, 3, 3, 2, 2, 2, 2, 2, 3, 2, 3, 3, 5, 2, 2, 2, 3, 2, 2, 2, 3, 2, 2, 2, 1, 3, 3, 3, 2, 2, 2, 3, 3, 3, 3, 5, 2, 3, 1, 2, 2, 3, 2, 3, 4, 3, 3, 3, 3, 3, 2, 1, 2, 3, 3, 2, 4, 1, 3, 2, 2, 4, 3, 3, 3, 2, 3, 3, 4, 3, 2, 2, 2, 2, 2, 2, 2, 3, 3, 1, 3, 2, 1, 1, 3, 2, 3, 3, 3, 3, 2, 2, 2, 4, 3, 3, 5, 5, 3, 2, 5, 3, 3, 2, 3, 3, 2, 3, 2, 1, 4, 2, 2, 3, 4, 4, 2, 3, 2, 2, 2, 3, 3, 2, 4, 3, 2, 1, 2, 2, 3, 4, 2, 2, 2, 2, 4, 2, 3, 3, 4, 3, 2, 3, 3, 1, 3, 2, 3, 3, 1, 3, 2, 3, 3, 2, 3, 4, 2, 3, 2, 3, 2, 3, 2, 3, 3, 2, 3, 2, 2, 3, 4, 2, 3, 3, 3, 5, 2, 2, 3, 2, 2, 3, 3, 2, 2, 2, 2, 4, 4, 2, 2, 3, 3, 4, 4, 2, 2, 1, 2, 2, 2, 2, 2, 5, 3, 2, 1, 2, 2, 2, 2, 2, 2, 3, 3, 2, 3, 1, 2, 2, 2, 2, 1, 2, 2, 3, 2, 3, 2, 2, 3, 4, 3, 2, 3, 3, 2, 2, 3, 3, 3, 1, 3, 3, 3, 2, 1, 1, 5, 4, 4, 2, 3, 3, 1, 1, 3, 3, 2, 3, 3, 3, 3, 2, 2, 3, 2, 4, 2, 3, 4, 1, 2, 5, 2, 4, 2, 3, 2, 2, 2, 3, 2, 4, 1, 2, 2, 2, 2, 3, 1, 3, 3, 2, 1, 3, 3, 3, 3, 2, 3, 2, 3, 1, 1, 1, 2, 2, 1, 2, 2, 3, 2, 3, 4, 2, 4, 4, 2, 2, 2, 4, 3, 2, 1, 1, 2, 3, 1, 3, 2, 2, 3, 3, 3, 4, 4, 2, 3, 4, 4, 2, 3, 2, 2, 1, 3, 3, 3, 1, 2, 3, 2, 2, 3, 1, 4, 3, 2, 3, 3, 2, 2, 2, 3, 2, 4, 3, 3, 4, 2, 3, 4, 2, 1, 2, 2, 2, 3, 1, 2, 2, 3, 2, 3, 2, 2, 2, 2, 4, 2, 1, 3, 1, 3, 2, 2, 2, 3, 3, 2, 4, 3, 3, 1, 3, 2, 3, 2, 3, 4, 2, 2, 2, 3, 3, 4, 2, 2, 2, 4, 3, 4, 2, 1, 2, 3, 2, 3, 1, 2, 1, 2, 1, 3, 2, 2, 5, 2, 2, 3, 3, 2, 2, 1, 3, 2, 3, 3, 3, 4, 2, 3, 3, 3, 3, 2, 3, 2, 3, 2, 2, 2, 3, 3, 2, 2, 1, 3, 1, 3, 3, 2, 2, 2, 1, 3, 2, 3, 2, 3, 2, 2, 3, 3, 4, 2, 3, 3, 3, 4, 3, 2, 3, 4, 4, 3, 1, 4, 2, 3, 2, 3, 2, 3, 3, 3, 2, 5, 4, 2, 2, 2, 1, 3, 3, 2, 4, 1, 2, 2, 2, 4, 3, 4, 2, 2, 3, 3, 3, 3, 3, 2, 2, 2, 2, 3, 2, 2, 1, 1, 4, 2, 2, 2, 2, 3, 3, 3, 3, 2, 3, 3, 3, 3, 2, 2, 1, 2, 3, 3, 3, 2, 4, 3, 5, 2, 3, 2, 2, 3, 3, 3, 3, 2, 1, 2, 4, 2, 2, 3, 5, 3, 2, 2, 4, 2, 2, 2, 4, 2, 1, 3, 1, 2, 3, 3, 5, 1, 2, 1, 2, 2, 4, 2, 3, 2, 1, 1, 2, 2, 1, 1, 1, 2, 4, 2, 4, 2, 3, 3, 1, 1, 3, 2, 1, 2, 3, 4, 2, 4, 2, 4, 3, 3, 4, 2, 3, 3, 3, 2, 2, 2, 3, 3, 3, 2, 4, 2, 3, 3, 3, 3, 3, 3, 3, 3, 3, 3, 4, 3, 1, 3, 3, 2, 2, 1, 1, 3, 2, 3, 2, 4, 2, 2, 2, 2, 3, 2, 3, 2, 3, 2, 1, 1, 1, 4, 3, 2, 3, 3, 3, 2, 4, 3, 4, 2, 3, 3, 5, 2, 2, 2, 2, 3, 2, 4, 2, 1, 1, 2, 2, 2, 3, 2, 3, 3, 1, 3, 3, 3, 3, 1, 4, 3, 2, 1, 2, 1, 2, 3, 2, 1, 4, 2, 3, 4, 4, 4, 2, 3, 4, 2, 4, 1, 2, 2, 2, 3, 3, 3, 2, 2, 4, 3, 2, 1, 4, 3, 3, 4, 2, 4, 3, 3, 5, 4, 4, 3, 1, 4, 2, 2, 3, 4, 5, 1, 2, 4, 2, 3, 2, 3, 2, 3, 3, 2, 2, 2, 4, 4, 3, 3, 3, 2, 1, 4, 3, 2, 2, 3, 3, 2, 2, 1, 1, 3, 4, 3, 2, 3, 3, 2, 3, 3, 2, 2, 3, 3, 2, 2, 2, 3, 2, 2, 2, 2, 4, 3, 3, 2, 5, 3, 4, 4, 2, 2, 2, 2, 3, 2, 2, 3, 2, 1, 2, 2, 1, 3, 2, 3, 2, 3, 3, 3, 2, 2, 2, 3, 2, 1, 2, 2, 4, 3, 2, 2, 2, 3, 3, 2, 2, 3, 5, 3, 2, 2, 2, 2, 3, 2, 4, 2, 1, 2, 2, 1, 2, 3, 3, 2, 3, 1, 2, 4, 3, 3, 3, 2, 2, 2, 3, 3, 3, 2, 2, 5, 1, 3, 2, 1, 2, 2, 3, 3, 2, 3, 3, 1, 3, 2, 3, 3, 3, 3, 3, 3, 3, 2, 4, 3, 2, 1, 2, 4, 1, 2, 3, 4, 2, 3, 3, 2]","[2.823276462631464, 2.1403906427694235, 2.5521918459697304, 2.181826785531219, 2.3722203401659816, 2.344865470164339, 2.545052596761672, 3.2210433442224895, 3.2797517674877694, 2.6646659591731443, 2.6898278206752977, 3.7997930738732553, 2.571971376295327, 2.191609089184281, 2.159748195920744, 2.1449012434650045, 3.7202010542319197, 2.274778785172283, 2.065181422347926, 2.3023150240115995, 2.6134547734743183, 2.465782346210027, 2.769113584156255, 2.571018254538102, 2.1350402073370294, 2.402559642224369, 2.3859477026357045, 2.388351308214864, 2.1387462063235425, 2.389315610170985, 3.9165381399026065, 2.415606149438446, 2.1141477614011515, 2.463352457963576, 2.3824135382404403, 2.9567684986930884, 2.1673611292812396, 2.175278163632245, 2.4027873762230705, 2.3886570900906876, 2.1443334266304013, 3.155820854258306, 2.4980609753039804, 2.023551120468465, 2.494167332535541, 2.1013405856561977, 2.950264190202497, 2.2539336732878015, 2.388683763829198, 2.6755642759971088, 3.1660823725149894, 2.4576258328315386, 2.8981368538177987, 2.4459933334766033, 2.1311254258506334, 2.989313035757069, 2.487191215310885, 2.2118950874987693, 2.4224520478003195, 2.535809013572857, 2.1378802671974295, 2.2735632806346273, 3.1440675687574573, 2.237431807233124, 2.7863624288260196, 2.6388702315374126, 2.237742618628273, 2.428107744017133, 2.1424469709828085, 2.369201293173574, 2.1332850510455055, 2.368198682851847, 2.114193632814964, 2.070579256479931, 2.344514306030361, 2.239398062099875, 2.0468213484973097, 3.368068359422404, 2.6705041769260807, 2.425004023336714, 2.337103852881307, 3.832025518244858, 2.1815332646951084, 2.2869510216750704, 2.1323444501843345, 3.1216988507789805, 2.5084174422895735, 2.3514532474318277, 2.191060052215456, 2.648469281314137, 2.674032893079573, 2.2625340479593103, 2.5857573951435424, 2.4000648847820143, 2.094158102708466, 2.78014967088236, 2.5805624699192893, 2.152186157642231, 2.346983337371586, 2.819097011812472, 2.3603033735002996, 2.5144513698596476, 2.303731909563169, 3.9282251041218226, 2.5308538710126305, 2.184634748863509, 2.2440800003170134, 2.0909967849951467, 2.4020263321928397, 2.9413331583908837, 3.7511412690124613, 2.7552116154623154, 4.085283565313523, 2.564058346231435, 2.4499041206680543, 2.259886859556696, 2.2307961616178673, 2.4664735769778074, 2.146315129119329, 2.5414662268189105, 3.351353629689158, 2.2345087086525894, 2.2119181548546463, 2.1322661545546064, 2.266178130205706, 2.5123478132192725, 2.1405928772210974, 2.860043440830862, 2.130096332784441, 2.067876126196185, 2.4155696348846716, 2.4856585988180844, 3.2449585456675236, 2.2016421650367706, 2.6032569520509274, 2.6995578436494787, 2.064481677101075, 2.2348390094002464, 2.292917713349187, 2.5145512556200953, 2.422999969439558, 2.695502206636638, 2.029892715374948, 2.14762043867306, 2.6746057789343927, 2.2866832043936767, 2.242225833408524, 2.304444650223279, 2.247791152919685, 2.220731827759919, 2.3989115520856896, 2.1929380082807843, 2.153684673385312, 2.6885076025030354, 2.2494925175382043, 2.9035307930527203, 2.303290920790734, 2.2831736666428264, 2.383054458761988, 2.214879389842367, 2.3028601292503548, 2.6841286185947695, 2.171638768584956, 2.188410640457936, 2.7306593666909427, 2.248114166279997, 2.127262150939881, 2.6773275175965043, 2.1814619910949524, 3.9897922538536887, 3.416776204737613, 2.464954046589258, 2.1239068552204485, 2.2800533417334528, 2.0718091649594688, 2.3309670829905955, 2.3865947100315243, 2.2707642908659644, 3.9892866363541497, 2.541031396991959, 2.513343293593184, 3.2973506523506733, 2.4285255547766678, 2.1724193625397317, 3.6465909574197957, 2.6185982126338536, 2.3236074649338603, 2.6292720447013056, 2.155339765755435, 2.130937586559582, 3.2698672437818264, 2.2315843844373253, 4.186647587742205, 2.461859619268426, 3.367351396153061, 3.9962391597979074, 2.6411552172399677, 2.056769106690499, 2.202327817966672, 2.7013652728024278, 2.7354704740332996, 3.833931559821557, 2.681805465854576, 2.213394860161603, 2.26270703417125, 2.0516830506714916, 2.226676687969447, 2.4109205539129643, 2.8461574988494878, 2.677987232058215, 2.3518069616955946, 2.267727940390054, 2.547305519889045, 2.8148844211143023, 2.6777028450771283, 2.460929011932622, 2.373314994147865, 3.0742666994106487, 2.568332314504303, 3.2361009575653887, 2.0726205604765147, 3.487685564584787, 2.09900927183829, 2.5833413986275615, 2.2972034279869105, 2.4714258641337015, 2.7898373217256554, 2.902791988090088, 2.1610344035167417, 3.551933801826012, 2.0992518829600026, 2.1486630005980314, 2.2671209590803323, 2.409252787071616, 2.8856359830772504, 2.2389678762020013, 3.291615481672403, 2.4262339034613327, 2.20997767521409, 2.2283521442253287, 2.3975353022602657, 2.1648104496684475, 2.3581574072858213, 2.4637144883798725, 2.5236849979019222, 2.2135026483155333, 2.69739175966089, 2.540316349573607, 2.1751165340722047, 2.9477471624370364, 2.3974467693138957, 2.1717399765200893, 2.550539752304248, 2.2627101309116426, 2.04646252278618, 2.202564157519576, 3.4642897326288598, 2.5887959098776205, 2.3773685511205653, 2.55278631900467, 2.1686419474751744, 3.5830165079804006, 2.3914682765092, 2.4840487201009536, 3.081953797125623, 2.1731233163457753, 2.37988322331364, 2.6494171324264744, 2.372250047471969, 2.4888562335832156, 3.4642135389494526, 2.568491777230965, 2.5511600069819287, 2.5423800123065647, 2.855090394040575, 2.348891488164074, 2.1459222465647754, 2.3320457149906617, 2.474860265367898, 2.0276586566666124, 2.5915056449416, 2.121305544365497, 2.621154838233176, 2.1676865892302746, 2.309252911825935, 2.1442828955295203, 2.05481206704878, 2.095054815884812, 2.542041891608809, 2.6369936348961374, 2.406533336129929, 2.753494596378211, 3.3692041362240697, 2.54037746113377, 3.1526879757647537, 2.5511319188636405, 3.4199415495450007, 2.390943887450287, 2.4778619045376953, 2.7178974257688617, 2.146302840567578, 3.01800758412833, 2.7568522061823413, 2.241248713335028, 2.293003382109965, 2.391117667767085, 3.072610414108377, 2.6101175650418478, 2.5982035759853153, 2.2297242488037, 2.771255641655925, 2.8849663304978326, 3.0216124108610836, 3.047498303064243, 2.2183541685468358, 2.089098853281716, 2.201748909860129, 3.9798458274371726, 2.1485325049466173, 2.119314096778875, 2.5490295232097804, 2.2347204228441857, 2.480662185434376, 4.044050624564131, 2.7764021289705116, 2.267916278551441, 2.370157073326362, 2.221002209568673, 3.887405570485568, 2.618873572518686, 2.375637269729586, 2.330750852737583, 2.2632869309340142, 2.2144715286631045, 2.064668111986212, 2.227662507774579, 3.5207452773298247, 2.194201878235899, 3.4440656663436657, 2.7523570393232526, 4.000785338816397, 2.6046063666943327, 2.2224521618321464, 2.1336681027586586, 2.0517170343681372, 2.135135706939209, 2.092384338038576, 2.4785762968448273, 3.0313406941080494, 2.25695551797041, 2.4621739914114666, 2.343048178884966, 2.135330919361311, 2.6831761462023835, 2.606063779847553, 2.4566620492989166, 2.031585375603281, 2.2856101800434043, 2.1877066088465638, 2.1995724317942837, 2.620572270784961, 2.5484150825077645, 2.2132882110558145, 2.7129032052735735, 2.50314298809517, 2.2850924864740216, 2.071022469425809, 2.3755510687557755, 2.187442640566969, 2.336837148611318, 2.9456473447260016, 3.0898317195703346, 2.7250343196516402, 2.917897096365514, 2.7545182328006104, 3.7458642817597854, 2.0349868467279633, 2.300233444028137, 2.0929754466349824, 2.4554467407879232, 2.617910878818638, 4.115200770765391, 2.644705943093391, 2.2595568288253616, 2.2548710284919586, 2.0243161705903354, 2.752094981300523, 3.4892684272409964, 2.265534682600015, 2.1332243104897075, 2.248198069559519, 3.0648673617270332, 2.100776716681565, 2.6643637412284624, 2.542047168104851, 2.507577304709088, 2.2504209401305806, 2.386697933866233, 2.198751556537316, 2.2431540874862743, 2.1240904812937567, 2.4393549287826235, 2.3781031625135034, 2.2677257706082674, 2.506521191154418, 2.6678927915754866, 2.2264660270822865, 2.720689361566167, 2.677227468072675, 3.9610077994395105, 2.109511694597826, 2.3869840815712924, 2.330994531561304, 2.6099889390207958, 2.465030228304155, 2.6032245102519984, 2.2472834502077648, 2.2977560804693504, 2.3594973892993454, 2.345531798115345, 2.393593471845141, 2.52652617343944, 2.2480650020991293, 2.091681204656823, 2.3169456283427152, 2.0501757720238594, 2.3813185395979684, 2.1198319714598104, 2.5200039400243575, 2.558133945625235, 2.4021056811270034, 2.3238208117529653, 2.0432854055063236, 2.3447849423801426, 2.6107575001574523, 3.376816496916729, 2.4102623849341454, 2.572858956192983, 2.4011009431009134, 2.1090138327011703, 3.495044400850896, 2.3032182427846637, 2.2912187930012076, 3.239898071495457, 2.6572345142542613, 2.475450818054904, 2.4296659323791627, 2.3742968833485043, 3.6800965589500634, 2.156206986407579, 2.365089325509952, 4.200146468893065, 2.2831416043024864, 2.1686015708051354, 2.542100959260318, 2.2530007621238592, 2.2642871236787, 2.0875419464457172, 3.4575847383749236, 3.4776618646561888, 2.2016812441179057, 2.1521070281484027, 2.0760164139775394, 2.154031210544691, 2.135421796412599, 2.7096657140907734, 2.3246286862813617, 2.1698509189040753, 4.104381375999919, 2.047844458205952, 2.0492060297399646, 4.0680914504176595, 2.5381991816430953, 2.5003795544078513, 3.009134683876982, 2.4077504364416114, 3.085566877335033, 2.098832316693075, 2.2111590459458745, 2.2340413925845723, 2.2402201235150265, 2.4902091932186785, 2.0828548645862837, 2.263048351918491, 2.1424263291423493, 3.6418838322852523, 3.333350060691009, 2.1475523249862114, 2.733654856024051, 4.28304640883036, 2.185675897926651, 2.2533512196311714, 2.195341904736915, 2.438222275412658, 2.4266824867958, 3.0606029281642684, 2.2829169388327286, 2.3780901931796308, 2.550656639219872, 2.381737923278043, 2.6611704973488344, 2.301494427901936, 2.1758145238116624, 2.227914320681514, 2.3088916532934283, 2.328668667369966, 2.262043641121743, 2.3015358602167795, 2.542061355274302, 2.2559970109338305, 2.1825336756875258, 2.1669429674202263, 2.4912576719792736, 2.4448684038216295, 3.671491475980109, 2.470127066334884, 2.9515660540502675, 2.3406219850647316, 2.4955144465362493, 2.1458927540405726, 2.789656253738818, 2.654443257499387, 2.8274450039003005, 2.4745721134951224, 3.624780721097228, 2.322052208263544, 2.7407634452865413, 2.1679433026428008, 2.0925705447021183, 2.424331998716263, 3.403405548255683, 2.1981409910660292, 2.031780588025383, 3.166391390704691, 2.6609796815559057, 2.187995989611709, 2.1606957284092303, 2.1314080625409066, 2.464640660527227, 2.522110411919505, 3.531196270922826, 2.705875915660765, 2.1334974674400584, 2.420259658409681, 2.293209127576425, 2.2906709199268147, 2.447562552278026, 2.7405836438397486, 2.97382608384455, 2.9336512926772444, 2.108125194858832, 2.0689030248743134, 2.689027442157836, 2.638002899127013, 2.862877314635666, 3.0078090444186123, 2.395463362243285, 2.4730404110364645, 2.3879001053289612, 2.801092959290905, 4.076212507512399, 2.24054827054377, 2.455861186826229, 3.790192118730901, 2.213480263564609, 2.1690369837486414, 2.4685741351779327, 2.4947044949016646, 2.067384233024666, 2.2683231305430605, 2.2441645207125487, 2.8060179939858934, 2.2432478763729202, 2.694868764567355, 2.7368740910837674, 2.0665731886090986, 2.5062500661908595, 2.1527889081716918, 2.2415411855252527, 2.5821805462200853, 2.5622995738904537, 3.69762075057854, 3.550998062505383, 2.2800060422173574, 4.071441501835981, 2.2472742733115156, 4.285594690247578, 3.637088720327789, 2.292701700196141, 2.69689709419964, 2.165683900262487, 3.3833127028606187, 2.5066141584241683, 2.495241403684523, 2.3128594733241616, 2.1835384052393962, 2.8101432364927743, 3.0579720209430485, 2.325542285998912, 2.5770584592749937, 3.051503961298736, 2.257273772460138, 2.623763383559116, 3.0274765030981197, 3.120281619748285, 2.199619854190263, 2.116006720850457, 2.457380754025612, 3.3328734949130387, 2.5382856643650875, 2.2685622306499873, 2.481087316105414, 2.895126967331231, 3.0136186295686795, 2.4724117793737075, 2.3256393638126003, 2.7479741445050747, 2.7364459855475305, 2.408419092197629, 2.1706218558230446, 2.3422163322205063, 3.661215838128781, 2.182524424169198, 2.8822353414651576, 3.044519856001727, 2.0558105996539195, 2.4251174402359297, 2.6666098822053272, 3.762640262050681, 2.181180407709115, 2.09286745367313, 2.138425527793696, 2.5473913954688867, 2.114166246899633, 2.718597244673989, 3.6204775368260886, 2.1241350711815388, 2.767519126717524, 2.4636829773086864, 2.3903530702483904, 2.7337998345726313, 2.8269691625164723, 2.686507689594115, 2.358572409233527, 2.0646954979015426, 2.1793592443396137, 3.1323129305284487, 2.3196200409344567, 3.229908229685832, 2.6215168563352407, 2.7063959428497046, 2.1808858335685692, 2.5139430931399676, 2.2226731015053334, 2.46589862132495, 2.0432776812737945, 2.0266067566367254, 2.2037745371700597, 2.425887377748926, 3.9785530393875357, 3.4599178919968234, 2.5326486523208267, 2.146212607487578, 2.0556982471807674, 2.285830630820119, 2.541622654549827, 2.0541979905627077, 2.753796725068401, 3.9722958702345847, 2.336040461870473, 3.4265399585510186, 2.974407366258106, 2.3625931107431355, 2.3325885863648064, 2.361230222865096, 2.355018911168611, 3.0382673244540013, 2.1051312472090946, 2.2006963076272843, 2.3369758819531707, 2.387936315048417, 2.564748923645991, 2.3710796114620085, 2.270272094850772, 2.706197215061306, 2.4088987021327104, 2.0326295514006394, 2.076689124410538, 2.3577792709933685, 2.224513405466232, 2.0556297823924403, 2.147835663879442, 2.327352541526208, 2.2950449158034436, 2.294335517011076, 2.178138113397041, 2.320081219930527, 2.324976661516887, 2.2803937378374015, 2.3006236128316693, 4.258328945165275, 2.2990672077961096, 2.493845773831786, 2.2736345079676235, 2.481345585158657, 2.525907620984769, 2.064469388549324, 2.2010610920896867, 2.5790718817678946, 2.1359801059952432, 2.6150678872665254, 2.3605050639827385, 2.182924328753324, 2.2011219654992322, 2.187764953717162, 2.277260370423032, 2.5493283105680695, 3.1533060633119043, 2.1478131933848115, 2.3852524490788345, 2.223667206110945, 4.19389648710106, 2.3532699793358547, 2.0886968508699773, 2.1315147973904014, 2.378596339876766, 2.0984180169483264, 2.4068038449412756, 2.894565535325029, 4.054832258742861, 2.0576040260066115, 2.2756468853232685, 2.2084029850825666, 2.4139816076947365, 2.666734325192426, 2.2056079033476053, 2.709833201456727, 2.3246855746947586, 2.2279682440156616, 2.4405554273410632, 2.1446175534702956, 2.135091107077563, 2.4739177627057773, 2.360090545990259, 3.136516063758145, 2.1127892269005617, 3.7283159237397125, 2.2936032334253404, 3.776204763070896, 2.5089506483619983, 2.1838184031077663, 2.446154635348838, 2.7010559029493706, 2.116113455699952, 2.47879963393166, 3.4377546611721157, 2.2639606946714483, 2.278182804716612, 2.358451184162603, 2.182873214513701, 2.133673720382316, 2.164752094193759, 2.359124506089262, 2.389540224715033, 3.310439206980583, 2.35597250278449, 2.35889788030419, 4.379007466924552, 2.321328683483995, 2.5712810618738304, 2.9030885869153162, 3.245079238832456, 2.3225391959882264, 2.715359089617014, 2.224543034310128, 2.0270168431637305, 2.132106754483322, 2.133739025257336, 2.4266823577577212, 2.677899461905145, 2.4602622438604866, 2.0868281571397223, 2.231944263452891, 2.173349138962035, 2.0570987909789054, 2.408193343920752, 2.552116587656121, 2.2931733152256077, 2.1718214320631244, 2.2714843999985743, 3.3467161428798535, 2.159198722106734, 2.3084119158199123, 2.115477962023685, 2.336289032400221, 2.1130163895572163, 2.7786167454363806, 2.0199702364882177, 2.406385522407438, 3.170259803757962, 2.4221111864962674, 2.091977534304762, 2.4265037266927822, 2.63534151538392, 2.2845320056342913, 2.616224835126742, 2.5477929438021496, 2.327136745778012, 2.3862749265480474, 2.977243571328696, 2.0238270862306447, 2.91636925523629, 2.9682496706428427, 2.504670811740114, 2.259629980812795, 2.1729842111544837, 2.5457549784900575, 2.122439867499149, 2.828685467434767, 3.0782953749813697, 2.067002585717427, 2.376898629383339, 2.2863321775371546, 2.312421324715605, 3.220708227777338, 2.2487679172331516, 2.243812109888841, 2.4297171931950383, 2.3156465297835647, 3.095734583922124, 2.3891823279288107, 2.37885539273566, 2.4898581821423345, 2.6385110175886264, 2.2134756992453872, 2.626590442690944, 2.563452377860189, 2.6702268412932866, 2.168189728770737, 2.9319613461999325, 2.2674239014246953, 2.240746291777701, 2.474140507336767, 2.3626247979380977, 2.3924985299795343, 2.2196748028428592, 2.1361363461532203, 2.812890159400538, 2.967524378391391, 2.4221773746857975, 2.432598100240894, 3.489413440118228, 3.6988161507370547, 2.300977018421104, 2.0797366852447907, 2.568740629815935, 2.204155700522072, 2.04639721791116, 2.3766391600570356, 2.168136712447468, 2.5329664772713287, 2.1301504896738006, 2.3779101198975328, 2.229200935270291, 2.468347332939858, 2.422109868141099, 2.0726949208431993, 2.7869992932379692, 2.070879653052056, 3.362812731710627, 2.605510230328098, 2.5932305901155552, 2.2883856954634108, 2.2355201462687315, 2.327588498110237, 2.121900310270246, 2.7637725400948554, 2.054805045019208, 2.2689420741920276, 3.615910049724404, 2.237014083060177, 2.3155289239026984, 2.1120712243768236, 2.4893172462150277, 2.099799250165141, 2.2690701753060067, 2.2383335224167578, 2.0879285091736564, 2.2414126823840848, 2.20454021253244, 2.290135618902988, 2.555469336128015, 2.421417751102168, 2.2706446694108675, 2.662679065996716, 4.112161443638093, 2.2460307201321177, 2.167858288974938, 2.4463710320809895, 2.7033315817537953, 4.07856320454087, 4.2715087414099475, 2.1336414190462847, 2.280229657848625, 2.0562887998677737, 2.290721478539733, 3.1202434357378634, 2.4149865250095486, 2.5063136155584864, 2.3831942190644995, 2.464075566993431, 2.265720064180716, 3.4197914975524952, 3.187253404378562, 2.7393110446054743, 2.3541158881395137, 2.2139773375146015, 2.5000709359011215, 2.796617394121105, 2.39776649058222, 2.5931939898180745, 2.5700829691319824, 2.1343727634262097, 4.070447506977484, 2.533155901772808, 2.61150625331775, 2.60098013328109, 3.7205791586569763, 3.631580640331503, 2.228023199276058, 2.729396260121054, 2.5723539501871047, 2.71244870732293, 2.0983498301146994, 2.30348262219805, 2.7416587162640322, 2.050718574909776, 2.1196666026633895, 2.905486571049109, 2.5207634722419283, 2.1297578124447054, 2.370021940233292, 2.087736456664862, 2.1664990894075693, 2.9011470071817786, 2.8800028354430913, 2.530099029195721, 3.2891648790954773, 2.1153719293771474, 2.4366989295003476, 3.9518077756374836, 3.286771159620484, 2.156499453939253, 2.627537727119785, 2.4630147905257584, 2.8969603028134894, 2.3782182166987784, 2.2190455470651695, 2.0911382788910227, 2.6090789803138725, 3.9142511067122623, 2.980237666205409, 2.030479405945689, 2.817038601034115, 2.33321798459604, 2.273482430451402, 2.529554246048954, 2.0471303177984783, 2.5615778976884593, 2.2886774707659914, 2.2718587324064314, 2.5499561037081757, 2.2481798122826318, 2.4081798435238038, 2.0223805481388104, 2.3501886396128775, 2.098174352522178, 2.299349237344233, 3.1296617419113844, 3.7198906898380892, 2.0981641705792984, 2.1511539239536956, 2.578461567600492, 2.387948976922715, 2.131489518083942, 2.4804845924312278, 2.9773522840560234, 2.0670513888229527, 2.739105062508036, 2.1229669565622347, 2.352834708870237, 2.18799906378131, 2.5504553463143775, 2.8465776143804677, 2.179719328163101, 2.4119845376866813, 2.34991875285879, 2.2111941560937347, 2.166622353538595, 2.1936043988871683, 2.0453916632764484, 2.121998969785733, 2.2032681259580333, 2.101621817940557, 2.261296887753306, 4.04677035233494, 2.2766191365502633, 2.8239587759913087, 2.790147827979446, 2.6275256582910647, 3.009816025557237, 2.1939175814060796, 2.076540535338311, 2.1014950703067816, 2.388221796886464, 2.1362781911505753, 2.092023054617096, 2.168542936858209, 2.168713572176809, 2.34016096194371, 2.1200959266249395, 2.4591408257378364, 2.5965977241017444, 2.1080728807385207, 2.8205114873329724, 2.565926978571115, 2.5781029823581614, 2.9830069386220224, 2.2762514747634595, 2.322198276452505, 4.065166423999438, 2.5292447966325726, 2.963499487360408, 3.366266809150363, 3.9674685274404604, 2.289569626039661, 2.7245215434957957, 2.2008275464335023, 2.235290525901727, 2.1386442640148644, 3.1254236173153487, 2.2398473593691586, 2.6494685907443127, 2.3800374390978227, 2.0257047769382006, 2.2277287108792185, 2.609325257506883, 2.1208893080018023, 2.510984583886082, 2.49826694927473, 2.026198425617113, 2.5691975885636364, 2.488193691653287, 2.2547815251269525, 2.5625220332607848, 2.6275244048189537, 2.499865455792434, 2.3589569288530456, 2.238967156743566, 2.286471745935712, 3.715475303562266, 2.8714811350391702, 2.1019953899137875, 2.113964486429322, 2.0900472603034537, 2.085020107404813, 2.4675432105274653, 2.2356188915279245, 3.0615015124462768, 2.285788593167652, 2.2639747387305924, 2.9901971751210046, 2.3823607773010806, 4.123493955379984, 3.5242995046839662, 2.3075223475530224, 2.700942264847976, 2.444325555018276, 2.530241370913044, 2.211492046697704, 3.9088416443902037, 2.157441400974669, 2.1365966302178023, 2.2672807102530954, 2.586917429770288, 2.3466217028486276, 2.167062953723651, 2.202023412984725, 2.0484817073896116, 3.33910004960605, 2.4750045680756028, 2.614240874252258, 3.454409491072961, 2.5433572213814064, 2.563098677389803, 2.4998979382400184, 2.438258537858468, 4.003354443396124, 2.1703173864755785, 3.6763180721474438, 2.1897093648272796, 2.3335870504817184, 2.168601921906614, 2.1429930069288106, 2.3329234686871634, 2.3681605537689236, 2.0552649879561744, 2.2636127036557454, 2.643949398687636, 2.2539150066777665, 2.1719048625538884, 2.3208317400473817, 2.544648032797517, 3.3613147548319655, 2.2217866694553825, 2.203697864193977, 2.6335996304697087, 2.5941562639101114, 2.50252214332032, 2.0948599545641886, 2.7867231045229763, 2.2480039575518944, 2.2040100033823165, 3.1802977396778855, 2.496217502419713, 2.9519397562093417, 2.776643825257849, 2.2839516348901645, 2.8977254167688855, 3.796411093477647, 2.3153292688934948, 2.4809915504886995, 2.4601408970779386, 2.1888193114573995, 2.3491508892665403, 3.128291243899441, 2.1689165088314404, 2.1089657317986017, 2.145200733026251, 2.4885357896915097, 2.4111375855524497, 2.840483163466327, 2.1582579576965277, 2.093353852100876, 2.241300325252382, 2.5490498870955394, 2.4718520876062176, 2.955996241078582, 2.5510441434939906, 2.1478578429795627, 2.1300102222128876, 2.287182457256437, 2.230619557574131, 2.0978313263775847, 2.104846855011428, 2.807532260434837, 2.618789476353103, 2.074411880220335, 3.6147037894234613, 2.5841357200692636, 2.488373182903916, 2.0753588009081203, 2.5818336166798455, 2.7437157069933296, 2.25660530128162, 2.302387281302386, 2.534839213122129, 3.654369276195924, 2.271600408587465, 2.452944586843494, 2.2858565257429473, 2.381887141406448, 2.606789351246309, 2.9052964054261556, 2.533780920636386, 2.3043463432845708, 2.3692093623737316, 3.3011508639827443, 2.2352863126839835, 2.8863115214525896, 2.2578716274717854, 3.657428803778674, 2.0903781441898523, 2.596504798955949, 2.1315850176861213, 3.0853718050726378, 2.2957056975674286, 2.5010703387063065, 2.026775285346454, 2.4924485954299445, 2.2620075266023196, 2.1795804382711323, 2.11175219601266, 2.5035884385108296, 3.979876619332619, 2.1797027532468283, 2.104319377710686, 2.694270912178772, 2.4706436223536117, 2.2894884657311487, 2.2919111880131435, 2.0862074097255565, 2.484865737057326, 2.021995740918264, 2.316362134821459, 2.1377745856523704, 2.133420151967988, 3.4401530640992304, 1.9791931838309966, 2.575215778056482, 2.6377762532102516, 2.9851846402892686, 2.7675646633997713, 2.942202755435571, 2.507297581865314, 2.100314316034248, 2.5211317776929802, 2.1602645930489865, 2.6216077647629237, 2.490019551846035, 2.3186430451012643, 2.389548526770991, 2.138753456574709, 2.369493334981691, 2.0834466256525417, 3.3444436980044316, 2.3172742964628634, 3.1699971350418052, 2.881101320211376, 2.7163641810384203, 2.281960588138126, 2.376632935291228, 2.2458052225805996, 2.3476589025338503, 2.1009343612454567, 2.4058869583078253, 2.18728273579469, 2.5038049954938852, 2.2334005741544574, 2.09542663235065, 2.4148165222130733, 2.1431843809310163, 2.479667907888239, 2.4248238918877822, 2.6826669465929127, 2.3019507764207794, 2.607639719027479, 3.405202741003221, 2.313007664184868, 2.27852784676078, 2.1364264788544287, 2.415368177258033, 2.6440507438280276, 2.64090096596754, 2.1885247484384815, 3.6166015879761044, 2.3769911035912603, 2.5767248912633343, 2.6706907856168116, 3.0100167166358944, 2.1137912705204878, 3.439963030937653, 2.337837133880178, 2.937545173406299, 2.2256756976539567, 3.9338147145902616, 3.759957437113985, 2.191613713210472, 2.289725345130579, 2.226683007796062, 2.3586565878446852, 3.8657136340052887, 3.6516696891757894, 2.7765389268860226, 3.7501628934740165, 2.0282889564499413, 2.0832415092422605, 2.5930403302503318, 2.1235325810442602, 3.724757468412836, 3.597871416644945, 2.948075865092485, 2.2175739344747973, 2.528252466780478, 2.4942387160933093, 2.7346697585087396, 2.409996596456294, 2.226889455465479, 2.3314386605341615, 2.7489895630556442, 2.054345102082241, 2.4347010786837733, 4.209979609631283, 2.4173925537615655, 2.2871227834448846, 2.0925718262281485, 2.0985798747299613, 2.457533786012476, 2.1999537180261806, 2.4415590052052156, 2.2802449612127313, 2.201216689751676, 2.2128397687239354, 3.2595005059059012, 2.5038444798393527, 3.5299141173730817, 2.776385492356624, 2.660195245616554, 3.4196816809280977, 2.24123081181817, 2.685505460432888, 2.325652723231305, 2.1379104614070514, 2.1104736395024126, 2.1833152275788903, 2.587381941685027, 2.797134566599084, 3.124874180687896, 3.3507982075848926, 2.4019611463820354, 2.6610905371315074, 2.741204853810458, 3.084005173606707, 2.0700632601862723, 2.4738501286409487, 2.5153863431232972, 2.6512437179788573, 3.022622025117871, 2.472109098829799, 2.502473618687032, 2.1515985600606107, 2.484750390309281, 2.434749891763162, 2.4197022061048106, 3.0953366373594755, 2.4594017041103005, 2.4458708499862816, 2.276119870247693, 4.160181368697365, 2.353397875641912, 2.02218498461523, 2.1912187500837836, 3.075100118664264, 2.284225732521626, 2.68134271410578, 2.183027903689511, 2.5732310523236634, 2.491786175422137, 2.325735007040432, 3.767890111087663, 2.249863353846385, 2.314767905887018, 2.4674872200609927, 2.5822891059302697, 4.253924011382337, 2.1021326705919203, 2.2001573086259634, 2.142933840768853, 2.4376728015986484, 2.1884394047424442, 3.63023286420016, 2.582765629031795, 2.246150445736321, 2.346351268966399, 2.4725563374653214, 2.370955732347032, 2.1153666628549685, 2.227842467758285, 2.0435438161945734, 2.4740917999488112, 2.2442299206483756, 2.9259539168452706, 3.098635708353532, 2.721238144252316, 2.940401838692106, 2.214302713524457, 2.87224749651729, 2.5166774556751306, 2.6375208169722453, 2.367533486528143, 2.5692254280216016, 2.402325119551129, 2.123959520442239, 2.8386927795345693, 2.142366992992466, 2.9316146463565875, 2.2993665641965686, 2.5313463973813417, 2.220751090083436, 4.005796259118984, 2.240130601419242, 2.405885202800432, 3.194922282003206, 2.2129124332901964, 2.4091449460013292, 2.1230298037269044, 2.599728667451651, 2.2402006800799557, 2.9320664323385484, 2.3377082796375315, 2.1996810277755774, 2.619495474413641, 2.791187133966501, 2.1143073896940305, 2.3499441630261595, 2.415563858720252, 2.078888424072492, 2.3795042156711865, 3.343285822899065, 2.8048889938554558, 2.4647721894631522, 2.2912100303793523, 2.235713954284919, 2.5164121862958457, 3.7563443375452614, 2.3178569920635925, 3.049913265088652, 2.5267981093953074, 2.3510980146635214, 2.8740617206503254, 2.3128882896821437, 2.544404104159669, 2.8359314327432372, 2.07829681808105, 2.0316088994023476, 2.4431120756789917, 2.6935431458265615, 2.5811916132841515, 2.3122723626278714, 2.331128189118863, 2.073505336202588, 2.0418543158795477, 2.078047583141285, 2.455192699584837, 2.6795412451999, 2.413104758879243, 2.7096290013744255, 2.1466304182471125, 2.4015558143702553, 2.240755415757594, 2.225320382957613, 2.1020287445542545, 2.190938922205339, 3.0829665981775283, 2.3876855823255365, 2.4613576804737205, 2.493983054509919, 2.7545724615271054, 2.4044324306256892, 2.315429211082776, 2.257837484884655, 2.7191304245013703, 2.7496798507836417, 2.1962172007230665, 2.6574613840411065, 2.0290279524331547, 3.7035835163067143, 2.569566331166913, 2.8307092765819273, 2.845091925110251, 2.5012949575835606, 2.676006259842311, 2.5919494352177135, 3.4445094632711672, 2.05157315590869, 2.1701727970319142, 2.1339124693877647, 2.1376781556256397, 2.8285256612157768, 2.563544708464611, 2.2646226862899854, 3.0674822520917475, 2.8009989001235454, 2.1786184202197667, 2.234658628983952, 2.6912544718376803, 2.1330175117188115, 2.243767904772769, 3.3732954166008025, 2.0961613066338076, 2.8811261170622533, 3.6637346940164193, 2.3686179026758465, 2.1242200377393603, 2.3706597204578754, 3.4484260002649565, 2.144911425407884, 2.334794753824398, 2.3415846099512074, 2.0641951051477587, 3.465937303587577, 2.132149588863711, 2.2637110615201634, 2.9143899995627294, 2.1933502014166613, 2.4817715256438557, 2.12938676135474, 2.2242133599955856, 3.9652117914184313, 2.253478996873014, 3.432406624911363, 2.293129076439304, 2.137231080563497, 2.243578276304093, 2.3784540943092183, 2.3004059299149366, 2.4202861100847914, 2.237434351530062, 2.473430777956039, 2.4591510635720164, 2.512238484339734, 2.5944344588540074, 2.351359731558636, 3.04207693838909, 3.0020478143268634, 2.0747542041619704, 2.4128482473240385, 2.2373321809997893, 2.1837440044122993, 3.54454183356136, 2.359537501454494, 2.5619506740815323, 4.180834220597227, 3.7211068102991547, 3.110140480717269, 2.4684651567431106, 2.0285876711789896, 2.4271502902849895, 2.558026422829077, 2.236620147201187, 2.1908672975037042, 2.6195731708639403, 4.139391672614833, 2.2454696380552854, 2.0878503364238123, 2.2613795531508933, 2.2444464139409788, 2.1233187602437926, 2.2850001065083703, 2.606161654431812, 2.3478485704790732, 2.517503619368306, 2.213918703567675, 2.217791352876639, 2.5102865894880737, 2.5149611692065754, 2.621960694588656, 2.9063151144428483, 3.018446316387126, 2.637318060158325, 2.2344629797166653, 2.257877300986743, 2.6779724910126936, 2.519402286954926, 2.2797966999924055, 2.1477365578946297, 2.2112788572937836, 2.3135054403378175, 2.644900864656825, 2.4398545461866723, 2.2339024620234524, 2.3015948452651847, 2.0329616933993955, 2.3130762016024358, 3.1308793831913224, 2.7256255695111777, 2.138532613744669, 2.50905435083662, 2.1420218602390015, 2.3037571935281793, 2.2576422724625527, 2.517962326413984, 2.4587420256908965, 2.3748646144394017, 2.4943649300387523, 2.9435047699079133, 2.201502436622151, 2.1877319612998014, 2.302621103765506, 2.391846568551536, 2.416719843328567, 2.3152361052695456, 2.319422950925311, 3.655313948122294, 3.617408770275407, 2.4588494861326766, 2.47250936249643, 2.4842963829630604, 3.1282162784761374, 2.153833915210086, 2.945721278857632, 2.7507275287962223, 2.029301811586463, 2.2695667319802637, 2.339871309357715, 2.0562796712293303, 2.1382615634031894, 2.2889527258266504, 2.2508153017131276, 2.5773953668884158, 2.619797166915408, 2.4541064542654243, 2.414271963819764, 2.1117307788224653, 2.277973078912554, 2.3361023414744126, 2.2790204146232194, 2.669031993511199, 2.3494003570864503, 2.4563532499876737, 3.589353539089048, 2.4956040397859747, 2.2280537079685185, 2.60761073858462, 2.2851074609577173, 2.3689092452316065, 2.381931284824905, 2.369005727657156, 2.401950957133197, 2.256417014045943, 2.714121552272794, 2.2198515209852205, 2.3355417050423286, 2.4320826250386394, 2.387527150471744, 3.507119748260699, 2.322007733974031, 2.039822067374629, 2.7672773719880195, 2.3558331023830203, 4.246024228113825, 2.3688474004456626, 2.37760561076648, 2.517380814303533, 2.512382040400153, 2.229182352928662, 2.1769063031165534, 2.2330662980347924, 3.0962212105714646, 2.2700782868345843, 2.42515225751398, 2.098570746091518, 2.177347432867233, 2.5611239027286685, 2.1901978028753133, 2.5465444269442457, 2.22520731830764, 2.2405519515484817, 2.4990469408851315, 2.083164266916968, 2.2642412672043415, 3.276421587736259, 3.0431426522193497, 2.284785149800362, 2.573742783630987, 2.030769766868492, 2.6283784003609436, 2.3594185637969547, 2.1190785076867336, 2.179022113773379, 3.1344574751075696, 2.7150841232791114, 2.0698721381020295, 3.936980596622803, 2.154828210901114, 3.68942910160519, 2.790438297992601, 2.1020333088734766, 2.6586896438059173, 2.1601239973827306, 2.3707853884229415, 2.6621966969851028, 2.0955121548178712, 2.3591979863246872, 3.3392275412840418, 2.0752264356506878, 2.6554803038604273, 2.35988131554575, 2.2557905632644135, 2.260292879159515, 2.45889196741875, 3.1202192749160487, 2.2795137022267897, 3.4285251767132827, 2.1241656170101773, 2.026445249956569, 2.7414233837484048, 2.145749504637304, 2.1632370330819284, 2.1684635879240455, 2.3614128538656374, 3.4945880874609374, 2.738127595991612, 2.488689434626839, 2.2615574050504277, 2.143748577310759, 2.3871466415558844, 2.5627077556864055, 3.0011035448069197, 2.2272742863823938]"
3.0,8500,0.6044658650162135,0.6044658650162135,0.024951696395874023,0.3113354874961656,"[4, 2, 3, 1, 4, 2, 3, 1, 3, 3, 2, 2, 3, 2, 2, 2, 4, 1, 2, 2, 4, 3, 4, 3, 2, 2, 2, 1, 1, 2, 5, 3, 2, 3, 1, 3, 3, 3, 2, 2, 1, 1, 1, 1, 2, 2, 4, 2, 2, 2, 3, 2, 3, 3, 2, 3, 3, 2, 3, 3, 2, 2, 3, 2, 2, 1, 2, 3, 2, 2, 2, 3, 1, 1, 3, 2, 2, 3, 3, 3, 3, 2, 2, 2, 2, 4, 3, 2, 2, 4, 4, 1, 3, 2, 1, 2, 3, 2, 2, 2, 3, 3, 2, 4, 3, 2, 3, 2, 2, 3, 5, 4, 5, 4, 2, 2, 1, 4, 3, 3, 3, 2, 2, 2, 2, 2, 2, 4, 2, 2, 3, 3, 2, 2, 2, 1, 3, 2, 3, 4, 3, 4, 1, 2, 3, 4, 2, 2, 2, 3, 2, 2, 3, 3, 3, 3, 2, 3, 3, 2, 1, 3, 3, 3, 1, 2, 2, 2, 3, 5, 3, 2, 2, 1, 1, 3, 2, 1, 5, 3, 4, 4, 3, 2, 4, 1, 2, 2, 1, 1, 2, 2, 5, 2, 3, 4, 1, 2, 2, 3, 2, 4, 1, 3, 2, 2, 1, 4, 3, 3, 2, 3, 3, 4, 3, 2, 3, 3, 3, 2, 1, 4, 2, 3, 2, 2, 3, 2, 3, 5, 2, 2, 2, 3, 3, 2, 3, 2, 1, 1, 3, 3, 2, 2, 3, 2, 3, 4, 3, 3, 1, 2, 2, 2, 2, 2, 5, 3, 3, 3, 3, 4, 2, 4, 3, 2, 3, 3, 1, 3, 4, 2, 4, 3, 2, 3, 2, 2, 3, 3, 2, 3, 2, 2, 4, 3, 1, 3, 3, 2, 3, 4, 4, 2, 5, 2, 2, 2, 3, 2, 1, 3, 2, 2, 1, 2, 4, 2, 3, 2, 3, 4, 3, 5, 2, 1, 2, 5, 3, 2, 2, 2, 3, 5, 3, 2, 2, 3, 3, 3, 3, 3, 1, 2, 2, 3, 3, 2, 4, 3, 2, 3, 3, 2, 2, 3, 2, 3, 4, 2, 2, 2, 1, 3, 4, 2, 1, 3, 3, 2, 3, 1, 4, 3, 3, 3, 2, 3, 2, 1, 4, 3, 5, 3, 3, 4, 2, 3, 2, 4, 3, 4, 2, 2, 3, 1, 3, 4, 3, 1, 3, 4, 2, 3, 4, 3, 2, 2, 2, 3, 2, 1, 2, 2, 3, 3, 1, 3, 2, 3, 2, 3, 1, 2, 2, 3, 2, 2, 3, 2, 2, 3, 2, 2, 2, 2, 2, 2, 2, 1, 4, 3, 1, 3, 2, 3, 2, 2, 3, 2, 2, 2, 2, 3, 3, 3, 1, 3, 4, 1, 2, 4, 3, 2, 3, 1, 2, 2, 4, 3, 1, 2, 2, 1, 2, 2, 2, 3, 3, 2, 2, 5, 1, 2, 4, 1, 3, 2, 3, 3, 3, 4, 3, 2, 4, 5, 2, 3, 3, 5, 3, 1, 2, 3, 3, 1, 2, 3, 3, 3, 4, 3, 4, 2, 3, 2, 1, 1, 3, 2, 1, 1, 3, 3, 3, 2, 3, 3, 3, 1, 2, 3, 3, 3, 3, 2, 2, 2, 4, 3, 4, 2, 3, 5, 2, 2, 1, 2, 4, 3, 4, 3, 2, 2, 2, 2, 3, 4, 3, 2, 3, 2, 2, 2, 3, 4, 1, 3, 2, 2, 5, 2, 1, 4, 2, 2, 2, 2, 2, 2, 2, 3, 1, 4, 2, 2, 3, 1, 2, 1, 3, 4, 4, 2, 5, 2, 4, 4, 1, 2, 2, 5, 1, 3, 2, 3, 4, 5, 3, 3, 4, 2, 4, 4, 2, 2, 2, 1, 3, 4, 2, 3, 3, 3, 2, 3, 2, 2, 1, 2, 3, 4, 3, 3, 4, 1, 1, 2, 5, 2, 3, 1, 3, 3, 3, 4, 2, 3, 1, 2, 3, 3, 4, 1, 2, 1, 3, 4, 1, 4, 3, 1, 2, 1, 2, 2, 2, 2, 2, 5, 3, 4, 2, 1, 3, 4, 1, 3, 4, 2, 4, 3, 2, 2, 2, 3, 3, 2, 3, 3, 3, 2, 1, 2, 3, 3, 2, 2, 3, 2, 2, 2, 2, 2, 3, 2, 2, 2, 3, 2, 5, 2, 3, 3, 2, 3, 2, 2, 3, 2, 3, 3, 2, 2, 2, 3, 2, 4, 3, 3, 3, 4, 2, 2, 2, 4, 2, 2, 2, 1, 2, 2, 2, 2, 3, 2, 3, 2, 2, 3, 2, 2, 3, 2, 4, 2, 4, 1, 4, 2, 3, 2, 3, 1, 2, 4, 3, 3, 2, 2, 2, 2, 2, 3, 2, 3, 3, 5, 2, 2, 2, 3, 2, 2, 2, 3, 2, 2, 2, 1, 3, 3, 3, 2, 2, 2, 3, 3, 3, 3, 5, 2, 3, 1, 2, 2, 3, 2, 3, 4, 3, 3, 3, 3, 3, 2, 1, 2, 3, 3, 2, 4, 1, 3, 2, 2, 4, 3, 3, 3, 2, 3, 3, 4, 3, 2, 2, 2, 2, 2, 2, 2, 3, 3, 1, 3, 2, 1, 1, 3, 2, 3, 3, 3, 3, 2, 2, 2, 4, 3, 3, 5, 5, 3, 2, 5, 3, 3, 2, 3, 3, 2, 3, 2, 1, 4, 2, 2, 3, 4, 4, 2, 3, 2, 2, 2, 3, 3, 2, 4, 3, 2, 1, 2, 2, 3, 4, 2, 2, 2, 2, 4, 2, 3, 3, 4, 3, 2, 3, 3, 1, 3, 2, 3, 3, 1, 3, 2, 3, 3, 2, 3, 4, 2, 3, 2, 3, 2, 3, 2, 3, 3, 2, 3, 2, 2, 3, 4, 2, 3, 3, 3, 5, 2, 2, 3, 2, 2, 3, 3, 2, 2, 2, 2, 4, 4, 2, 2, 3, 3, 4, 4, 2, 2, 1, 2, 2, 2, 2, 2, 5, 3, 2, 1, 2, 2, 2, 2, 2, 2, 3, 3, 2, 3, 1, 2, 2, 2, 2, 1, 2, 2, 3, 2, 3, 2, 2, 3, 4, 3, 2, 3, 3, 2, 2, 3, 3, 3, 1, 3, 3, 3, 2, 1, 1, 5, 4, 4, 2, 3, 3, 1, 1, 3, 3, 2, 3, 3, 3, 3, 2, 2, 3, 2, 4, 2, 3, 4, 1, 2, 5, 2, 4, 2, 3, 2, 2, 2, 3, 2, 4, 1, 2, 2, 2, 2, 3, 1, 3, 3, 2, 1, 3, 3, 3, 3, 2, 3, 2, 3, 1, 1, 1, 2, 2, 1, 2, 2, 3, 2, 3, 4, 2, 4, 4, 2, 2, 2, 4, 3, 2, 1, 1, 2, 3, 1, 3, 2, 2, 3, 3, 3, 4, 4, 2, 3, 4, 4, 2, 3, 2, 2, 1, 3, 3, 3, 1, 2, 3, 2, 2, 3, 1, 4, 3, 2, 3, 3, 2, 2, 2, 3, 2, 4, 3, 3, 4, 2, 3, 4, 2, 1, 2, 2, 2, 3, 1, 2, 2, 3, 2, 3, 2, 2, 2, 2, 4, 2, 1, 3, 1, 3, 2, 2, 2, 3, 3, 2, 4, 3, 3, 1, 3, 2, 3, 2, 3, 4, 2, 2, 2, 3, 3, 4, 2, 2, 2, 4, 3, 4, 2, 1, 2, 3, 2, 3, 1, 2, 1, 2, 1, 3, 2, 2, 5, 2, 2, 3, 3, 2, 2, 1, 3, 2, 3, 3, 3, 4, 2, 3, 3, 3, 3, 2, 3, 2, 3, 2, 2, 2, 3, 3, 2, 2, 1, 3, 1, 3, 3, 2, 2, 2, 1, 3, 2, 3, 2, 3, 2, 2, 3, 3, 4, 2, 3, 3, 3, 4, 3, 2, 3, 4, 4, 3, 1, 4, 2, 3, 2, 3, 2, 3, 3, 3, 2, 5, 4, 2, 2, 2, 1, 3, 3, 2, 4, 1, 2, 2, 2, 4, 3, 4, 2, 2, 3, 3, 3, 3, 3, 2, 2, 2, 2, 3, 2, 2, 1, 1, 4, 2, 2, 2, 2, 3, 3, 3, 3, 2, 3, 3, 3, 3, 2, 2, 1, 2, 3, 3, 3, 2, 4, 3, 5, 2, 3, 2, 2, 3, 3, 3, 3, 2, 1, 2, 4, 2, 2, 3, 5, 3, 2, 2, 4, 2, 2, 2, 4, 2, 1, 3, 1, 2, 3, 3, 5, 1, 2, 1, 2, 2, 4, 2, 3, 2, 1, 1, 2, 2, 1, 1, 1, 2, 4, 2, 4, 2, 3, 3, 1, 1, 3, 2, 1, 2, 3, 4, 2, 4, 2, 4, 3, 3, 4, 2, 3, 3, 3, 2, 2, 2, 3, 3, 3, 2, 4, 2, 3, 3, 3, 3, 3, 3, 3, 3, 3, 3, 4, 3, 1, 3, 3, 2, 2, 1, 1, 3, 2, 3, 2, 4, 2, 2, 2, 2, 3, 2, 3, 2, 3, 2, 1, 1, 1, 4, 3, 2, 3, 3, 3, 2, 4, 3, 4, 2, 3, 3, 5, 2, 2, 2, 2, 3, 2, 4, 2, 1, 1, 2, 2, 2, 3, 2, 3, 3, 1, 3, 3, 3, 3, 1, 4, 3, 2, 1, 2, 1, 2, 3, 2, 1, 4, 2, 3, 4, 4, 4, 2, 3, 4, 2, 4, 1, 2, 2, 2, 3, 3, 3, 2, 2, 4, 3, 2, 1, 4, 3, 3, 4, 2, 4, 3, 3, 5, 4, 4, 3, 1, 4, 2, 2, 3, 4, 5, 1, 2, 4, 2, 3, 2, 3, 2, 3, 3, 2, 2, 2, 4, 4, 3, 3, 3, 2, 1, 4, 3, 2, 2, 3, 3, 2, 2, 1, 1, 3, 4, 3, 2, 3, 3, 2, 3, 3, 2, 2, 3, 3, 2, 2, 2, 3, 2, 2, 2, 2, 4, 3, 3, 2, 5, 3, 4, 4, 2, 2, 2, 2, 3, 2, 2, 3, 2, 1, 2, 2, 1, 3, 2, 3, 2, 3, 3, 3, 2, 2, 2, 3, 2, 1, 2, 2, 4, 3, 2, 2, 2, 3, 3, 2, 2, 3, 5, 3, 2, 2, 2, 2, 3, 2, 4, 2, 1, 2, 2, 1, 2, 3, 3, 2, 3, 1, 2, 4, 3, 3, 3, 2, 2, 2, 3, 3, 3, 2, 2, 5, 1, 3, 2, 1, 2, 2, 3, 3, 2, 3, 3, 1, 3, 2, 3, 3, 3, 3, 3, 3, 3, 2, 4, 3, 2, 1, 2, 4, 1, 2, 3, 4, 2, 3, 3, 2]","[2.850416699081879, 2.107732860855089, 2.52997437812567, 2.1734012171494914, 2.267515224741803, 2.320727619843946, 2.476245098397579, 3.441617670967771, 3.4626832920695745, 2.7995125118577686, 2.566195610717478, 4.095699304944783, 2.4557584266734773, 2.203728313617584, 2.150921785232394, 2.0734032028375022, 3.71173783440964, 2.250349732817944, 2.1085904629487, 2.2509424626921026, 2.627913013991398, 2.475494237513386, 2.7707029964624086, 2.4910544813998183, 2.1484544035132966, 2.4531750165722634, 2.389089546254464, 2.338547516439606, 2.0641852501127462, 2.357183476496843, 4.074013292625588, 2.3183448956643944, 2.0608841443100894, 2.4143778752951626, 2.3614118575466585, 2.973465220986485, 2.092980633617595, 2.1671787923018826, 2.4382344263262756, 2.4186719829833234, 2.1825038642390755, 3.366467427443555, 2.4528588452254825, 2.0443998291485546, 2.518027577882362, 2.023904283817515, 3.018907582666853, 2.1961551086530933, 2.3327310325190433, 2.540300005028122, 3.1652712184149534, 2.46530993172684, 3.030547484515784, 2.411629006902722, 2.1782493507302414, 2.9080947566107347, 2.4246802723685383, 2.2695256638877455, 2.4526973966890564, 2.508996210239613, 2.12683903776999, 2.230949142265588, 3.1770142673534276, 2.180970789113829, 2.7572651132986326, 2.6249959276708417, 2.2336454054442285, 2.413713724463698, 2.063844092332911, 2.3424948914911106, 2.1618126941982747, 2.2719314177143315, 2.1165982478487324, 2.067508174292798, 2.373603559253533, 2.2210460174506954, 2.0578098394643685, 3.6763106418505367, 2.7087910830735304, 2.5116651693536887, 2.317877206412768, 4.04089892757811, 2.1756351701426184, 2.2119216980871395, 2.168971498108068, 3.101144105517074, 2.5543648358924043, 2.2647288566176798, 2.1031278967987106, 2.5856745636924288, 2.7384110209044703, 2.3153047122814696, 2.5474796318267705, 2.383437272163533, 2.078569327334738, 2.7712271645276076, 2.5861398809458334, 2.0672841136941122, 2.250032975055569, 2.907426192140934, 2.3813472467657233, 2.518630469058429, 2.2475060889824388, 4.10331959669184, 2.502881273880553, 2.0955535477157343, 2.18541232945626, 2.1026297492846364, 2.3169202340930264, 2.8780974536181647, 3.956013008823061, 2.7441222834345167, 4.2281096240317675, 2.522111559735546, 2.4738757162059715, 2.200171645948615, 2.1817350095437362, 2.5382845218254078, 2.062642283335921, 2.418825663541612, 3.4522890978529994, 2.153479245250286, 2.1572236498382678, 2.1695673970524068, 2.287570025540244, 2.5506434129895084, 2.1061936779315946, 2.7387771748725003, 2.044890191939431, 2.0880813849316553, 2.318622803692248, 2.438411643974883, 3.4501188635223716, 2.1273677385797893, 2.7534683243586304, 2.585274347461274, 2.113916142751693, 2.2557444380437026, 2.1947481940663214, 2.6437883270405877, 2.3682868846787817, 2.8339460125851277, 1.9961346868496799, 2.1574867973471443, 2.633332954587808, 2.2421983176296654, 2.199524178447532, 2.2975350294552426, 2.2429051177616532, 2.1725955458922095, 2.417167243829943, 2.193614064719276, 2.1970705510114645, 2.6069414118702126, 2.201717935933317, 2.840836064933261, 2.2205779904298293, 2.304443671608936, 2.369447039286998, 2.2526724409278636, 2.3095946345485223, 2.665634801369203, 2.138814579773592, 2.123292261973514, 2.6364654826269103, 2.2404467005921833, 2.0955258362990916, 2.612618117742449, 2.176177625235447, 4.2154363686032115, 3.426655725225041, 2.4314497233794015, 2.042672040247228, 2.2658555598807184, 2.058147483700784, 2.3942581635026268, 2.348630578343332, 2.2809035827263338, 4.148360561508554, 2.551091294783509, 2.527063908826741, 3.3773107348774984, 2.41053381529884, 2.1592620811891843, 3.7821014573693734, 2.59282807073371, 2.2861428599459215, 2.5778232183088883, 2.1844738352105066, 2.1796789737581395, 3.489878791911603, 2.175735937211715, 4.409224887889088, 2.3766104882439336, 3.4793085090165645, 4.098483828095526, 2.640927694784105, 1.9820986072224231, 2.230214590038343, 2.6069075474914722, 2.7470503711603427, 4.074182896863119, 2.5785369736343853, 2.2284363541426573, 2.1780979258171684, 2.0208079888712716, 2.2130878450322036, 2.2975298323697624, 2.947587844590738, 2.7242973389434875, 2.2898617106601886, 2.1677093239534133, 2.452970381845318, 2.7479269718184653, 2.609761543879228, 2.514499206498911, 2.394247426725784, 2.935785596769131, 2.5753208233423956, 3.5175329378173563, 2.0519720466587787, 3.76680553869178, 2.0416476425189063, 2.4975483145824082, 2.2405206797930814, 2.4026710262685387, 2.71568930468562, 2.9433120850881775, 2.0850693830622635, 3.791850374197707, 2.0398011574492285, 2.150575039404185, 2.2005672815238824, 2.4450901608142805, 2.8685527479220023, 2.169279946595969, 3.580831442225902, 2.4249371922719627, 2.149665078473131, 2.2003361420618663, 2.4077228643193203, 2.147928229673146, 2.2697675001543374, 2.3624932948675106, 2.443466501451378, 2.2276159910219753, 2.7388904529082634, 2.6130100242746472, 2.2244721616526526, 2.8491283837231163, 2.29529816864059, 2.1089792824217075, 2.4355060546412295, 2.2355740033051195, 2.0605408202765405, 2.1203505608764983, 3.7050259387121165, 2.6995974725577865, 2.3140707288356306, 2.503122576365346, 2.083232475102132, 3.875267916148288, 2.2833001365952565, 2.5030279055067175, 3.1588576348069055, 2.098450843674195, 2.31828224715354, 2.634523804504585, 2.2965504789866036, 2.418135991970675, 3.650152313099912, 2.523903901079038, 2.42976230854657, 2.4965858282823667, 2.798801575265215, 2.3402893344146407, 2.065632466827917, 2.2779835443521317, 2.4389197407797174, 2.0131378482076547, 2.578059757502985, 2.062470315039187, 2.546981378887888, 2.24728471989956, 2.232701615526212, 2.1004367136929614, 1.9969934086383199, 2.0717445474968836, 2.413421285904042, 2.8572078200624142, 2.387397024008167, 2.7275156020662576, 3.4946142089948515, 2.4271121327182703, 3.390311401794837, 2.4299760839526106, 3.6060672562379095, 2.3388798904541974, 2.4516092834461416, 2.616560098764185, 2.0627358100760635, 2.8842820696084517, 2.862028550817666, 2.1515073989840885, 2.1940961790778966, 2.286991638791924, 3.245826720059478, 2.496530995622164, 2.5743413233316086, 2.1898932134767706, 2.7765310445656204, 2.9401973585178918, 3.1008223227129834, 3.190981540593703, 2.190691634013568, 2.0610114615818125, 2.212293255865376, 4.255602795080389, 2.1241566555250144, 2.0776269913274836, 2.445977173094769, 2.1518679131272527, 2.5771566645504045, 4.265673794243115, 2.6407050035413238, 2.246516248132842, 2.3348071986592074, 2.2781896165262294, 4.105220881743076, 2.6481809838375967, 2.327247310425474, 2.2878385905706153, 2.2297476244484598, 2.1369634961464277, 2.1124972084940965, 2.177346591672758, 3.58093855114867, 2.1576063859364845, 3.698716358038623, 2.6199133546429376, 4.194885699088693, 2.6584832062761334, 2.217001929493337, 2.1588973320983924, 1.9923110495840355, 2.147727567132758, 2.0920692442262183, 2.3772942429716246, 3.018586703021284, 2.2779352731626448, 2.344956485275133, 2.420296752443331, 2.1462418280607736, 2.6545000172483633, 2.520646204938858, 2.3869072365180752, 1.9832520464431425, 2.2726923178704106, 2.100412271480002, 2.2288581776409666, 2.6210013096922866, 2.5909673531033506, 2.1244689746786403, 2.7900680642282367, 2.492570798190984, 2.1982418614232695, 2.0080717064964686, 2.4062939381024937, 2.2709733399056353, 2.3495817758326627, 2.9169155655861556, 3.248797790851368, 2.770874957639668, 2.8933611577152525, 2.8486603301552837, 3.9762566888263624, 1.9573638447715946, 2.32345805041071, 2.0310937987142355, 2.3396802218070953, 2.541996063030525, 4.381447274343525, 2.5230606724579476, 2.2581369983706856, 2.293800080483452, 2.0385771215265165, 2.651169200917988, 3.660313972908695, 2.21264024758004, 2.1622749835138384, 2.154070182738095, 3.0073228642081284, 2.0281958250937855, 2.66674917123086, 2.4991190668439507, 2.4526937491670755, 2.2716059606120154, 2.3478449537261317, 2.235105763882511, 2.2147866810078662, 2.041274483530236, 2.328112707499787, 2.3537440586000007, 2.2252254843299966, 2.440471175718467, 2.629333554733803, 2.21469116057751, 2.712955732366057, 2.67124158935092, 4.116593905067578, 2.152231935843168, 2.3456671167770904, 2.343845985647661, 2.553573178870836, 2.48328532502437, 2.6210594792418207, 2.1610312443973, 2.2934007912589944, 2.309307960340858, 2.365859545169703, 2.2892358347478927, 2.4622652111885053, 2.155082943724213, 2.0413574851889313, 2.2881294766327245, 2.0322797115979387, 2.3341600940571676, 2.0736855072786056, 2.4147889952804285, 2.4624224112477417, 2.3163163185709608, 2.340582327626046, 2.084721490892337, 2.3384175871067088, 2.547723749323043, 3.3173991757089243, 2.3590156666636677, 2.540404716879505, 2.3168122229205563, 2.156021104915242, 3.74721068372431, 2.2211311342929596, 2.2091149003943134, 3.441302367466629, 2.6405515221589213, 2.434425112867708, 2.4018545338135815, 2.385751322278348, 3.7709979501107487, 2.1778735195489953, 2.403465313997999, 4.427759080761434, 2.3485666464485937, 2.0835397772483155, 2.5342443383743634, 2.2474966991448313, 2.1957467622898768, 2.128924124227662, 3.645149817524464, 3.418770039991773, 2.262960520728482, 2.1526012390384115, 2.026126600068439, 2.1944330969394352, 2.1678775099137013, 2.5940824592334373, 2.248695748681254, 2.2080715604927645, 4.308810087909416, 2.0500230702993303, 2.0396603074914994, 4.210980174059155, 2.423626571464576, 2.4290844286616013, 3.0576872522524, 2.3235070102305073, 3.1025619101780118, 2.042994427576964, 2.2454528764635096, 2.1570359335682907, 2.2444641176939317, 2.4510363395953303, 2.1085337343446953, 2.309953983703251, 2.0922394883022775, 3.8210373912514184, 3.644228434831121, 2.1580052027067933, 2.7275923930631376, 4.4376127093137665, 2.2844198129456053, 2.2225020712244867, 2.148929776643801, 2.3367332007483848, 2.453822544741415, 2.9990615730752115, 2.270862927387169, 2.449915197908126, 2.534311280733281, 2.385595018240372, 2.6792560720530174, 2.343339225210976, 2.2191598428125374, 2.2036683662035284, 2.37175468185235, 2.2996246867624257, 2.3186237806680947, 2.2148944189363764, 2.5237979071397425, 2.285230358893789, 2.1119579327289535, 2.096163214975028, 2.4189000569326122, 2.4274870923017127, 3.914126513212171, 2.4749435688901773, 2.9197373961047823, 2.3174896223171033, 2.467352282911967, 2.06585693100426, 2.7534797852772432, 2.6617954531342316, 2.763650249873113, 2.4309236761154596, 3.858297518358014, 2.241916512289399, 2.6621115086245495, 2.2230035673968773, 2.034588821395163, 2.4424504834207403, 3.4426802990570993, 2.239752706771324, 1.9817663073711587, 3.476533315408167, 2.6390456988318456, 2.1264481214051925, 2.1930357720769726, 2.176098235706955, 2.541632119852034, 2.453187349414722, 3.8105566522622807, 2.7781723828645393, 2.1601960176900907, 2.368665519097117, 2.1925302742286474, 2.205720297561806, 2.456162451497587, 2.795329676161017, 2.833380330266759, 2.981217914437733, 2.1627844243238594, 2.052027485040875, 2.601961912852149, 2.5308791952989247, 2.9428011202946536, 2.9557739905541034, 2.445260798210492, 2.4263819293876367, 2.338695366347583, 2.7900912814509145, 4.297148391412662, 2.2122919145733224, 2.3930025077828154, 3.9905100068696018, 2.1230072853398356, 2.2146796875241614, 2.375855693849481, 2.3941031088739186, 2.0918251267299457, 2.1914176941453336, 2.1786410742503537, 2.769947609571918, 2.164943655707905, 2.691958074042856, 2.6452291626138296, 2.0979978915793756, 2.39053262559427, 2.091761664932098, 2.204734953969778, 2.7006206904596777, 2.4436314517225295, 3.9139507520008494, 3.856492509826774, 2.188238350023756, 4.262024101903193, 2.2691663649627896, 4.558531778602148, 3.809229944655594, 2.3011713185072327, 2.7508500800566065, 2.183309668764103, 3.6450025944292457, 2.3877615618934653, 2.442018809218454, 2.3397062824600443, 2.160374278343877, 2.759855144725919, 3.0416087764970796, 2.3493943625169385, 2.5029961921932253, 3.027425824024581, 2.32710176484036, 2.6845188662162514, 3.0007378709157133, 3.1551280525625085, 2.2504112267318943, 2.102799045388795, 2.381437258316005, 3.3010946468311193, 2.523686260124429, 2.189597931001411, 2.4711363402937923, 2.9230627681771266, 2.9203623971815205, 2.4385137496228984, 2.322680364303932, 2.6471430777678298, 2.7272196601685166, 2.2873068138565573, 2.202617410238306, 2.2499017044306187, 3.732374696025348, 2.168091570501952, 2.7745267605082438, 3.110865451164092, 1.9893936929535674, 2.354020842352335, 2.6823668823550606, 3.9521666425968105, 2.178320723681007, 2.0883923072423154, 2.1226891227002223, 2.5591626716855305, 2.1168066788696223, 2.668144492011578, 3.552482465047953, 2.040935115073146, 2.761337612500544, 2.4415370451441136, 2.3984166973185093, 2.6655888568377657, 3.000645477872691, 2.631210832913582, 2.2666089685300834, 2.1122887774732066, 2.192181386570181, 3.3548664915013617, 2.303309502779525, 3.5646650704642147, 2.5374884221823835, 2.6474236252143615, 2.1805626932518605, 2.4109821517406433, 2.265472652059374, 2.5249785733847063, 2.0847802791289984, 2.0211437371638845, 2.140813216131219, 2.4379090506982823, 4.209110804514135, 3.4746000707867637, 2.482897083915752, 2.0634225635679697, 1.9902487945777307, 2.3266643570576617, 2.684744653748745, 2.001667073452888, 2.6670861046710432, 4.090196410946966, 2.352359063234943, 3.4550571968853956, 2.827933197547981, 2.287183204857675, 2.246636579836713, 2.376359909380615, 2.2936542295868274, 3.002281317114268, 2.0734445610757453, 2.220304489206757, 2.24046061620681, 2.313054326815085, 2.5056434403570322, 2.276197178419637, 2.176584353158674, 2.6137431235267545, 2.313940971225861, 1.9753049457235736, 2.02100667909376, 2.272645451558162, 2.1730757502751024, 1.9907698721299554, 2.155848743298356, 2.3137027425089833, 2.258385286202417, 2.2897595882671133, 2.2014752723478073, 2.283305986919269, 2.353699264756086, 2.313003752329718, 2.3266165012545255, 4.490670968195298, 2.2762709133805217, 2.428877028521029, 2.2557724908699797, 2.4681476247444842, 2.4191823117290974, 2.1140096694918356, 2.13179021729226, 2.5861063370666537, 2.1413009439886546, 2.61969696708047, 2.328440537801458, 2.165047943158445, 2.161001631039203, 2.284987632919342, 2.2314626756942344, 2.443703137213009, 3.199078934752456, 2.156019763623189, 2.3588463705595095, 2.228645284264384, 4.331727020245109, 2.280576635294494, 2.035419400831998, 2.175285889164, 2.4450399144005077, 2.0461476148160664, 2.352821721226287, 2.8178133788975464, 4.269353968462874, 1.9757441332778587, 2.269717873640871, 2.1616498621742966, 2.3682898835257884, 2.545922227913343, 2.2316387525088746, 2.7309817698315144, 2.3340007173125628, 2.1467813753320772, 2.440248461907123, 2.0755623344385152, 2.062329071761306, 2.3896164324375655, 2.3612701002956427, 3.1766258885430623, 2.127287018150775, 3.7871067968605243, 2.2679213424623685, 3.9428615262725195, 2.4193043549093236, 2.2366338091646387, 2.466877943725385, 2.602937807631707, 2.1019866988458396, 2.4946756039110287, 3.603490413339556, 2.2246196868960544, 2.19537711990823, 2.2614036181734263, 2.131287717597056, 2.1588545770171845, 2.1128376966462152, 2.2853440587037346, 2.404799507854398, 3.4888861710476555, 2.2863965545517404, 2.264131846012585, 4.630587954101903, 2.273811686698479, 2.5942467198090964, 2.8063321445138736, 3.553979355283368, 2.3239480450157073, 2.635269381720183, 2.1435888954850406, 2.018022616235688, 2.170780572481689, 2.1583575491981395, 2.319783100313299, 2.608265116036942, 2.3595065738487886, 2.1343566917336756, 2.1729969398218163, 2.1536220817043272, 1.9795894183940184, 2.3747628975111525, 2.495984549210628, 2.1928028378713496, 2.108359333744189, 2.2754229157539614, 3.542500735674003, 2.1551037666130686, 2.345731193847991, 2.106823367407514, 2.2395601680893007, 2.1255581095544196, 2.7085646947898114, 2.0716535212261884, 2.3885220170824573, 3.165705055400238, 2.432964315949893, 2.0391021546552004, 2.44885874924356, 2.595375989839902, 2.2585708415398194, 2.583676337750483, 2.4553886353457175, 2.2306302589281133, 2.3476129371710233, 2.9999540485864915, 2.042299485784203, 2.941645603985402, 2.8901445295482526, 2.4025521477989176, 2.2015170215489444, 2.1340211671148306, 2.520638260301227, 2.158616186834684, 2.779916351510174, 2.9699915249055735, 2.094729800059526, 2.510986102301901, 2.296871992997667, 2.236825486332214, 3.2658347145773496, 2.2354710780165825, 2.187451212391375, 2.4014643936975566, 2.3525925683350106, 3.2603483624867042, 2.328936519061818, 2.2745162566709314, 2.404382297564959, 2.5790140154346517, 2.1230420238433174, 2.5772645077696974, 2.6753822891658294, 2.666660540389578, 2.08667425913939, 2.987951920508458, 2.2205889590612014, 2.2107847979607342, 2.444397735559514, 2.3657459604706865, 2.461914835440678, 2.1816634995508046, 2.140111818292552, 2.7328206532199153, 2.9190150409529747, 2.3540700032496775, 2.382410986525682, 3.446489848478156, 3.8684403070585756, 2.3198655975500184, 1.9978120475383272, 2.6104718509860128, 2.108237511931708, 2.0610378480955855, 2.3358213957497425, 2.0870777602182917, 2.584430506359161, 2.2212041465069, 2.4086000049033816, 2.2436149996615264, 2.4884889130554413, 2.348455807428967, 2.023167805225359, 2.644766097049493, 2.0087453042333383, 3.6574517029931837, 2.6099874470940354, 2.4906020128570248, 2.229240855831014, 2.2505603844472115, 2.3862362916207163, 2.057943620816272, 2.712288608260526, 1.99704685248983, 2.2947722621932347, 3.7999655271596255, 2.2391902050384136, 2.2131739098463687, 2.132751651967695, 2.488956665641505, 2.035635209224007, 2.2637092241993035, 2.229148105339644, 2.125982040202025, 2.205712976452415, 2.2111131688822283, 2.3235743069518313, 2.4462900514806334, 2.352504032457985, 2.2795508646567613, 2.674925571357564, 4.335334836457216, 2.1705656275067224, 2.089196808930672, 2.353714220931745, 2.5978738411402387, 4.314792179114083, 4.338968717675655, 2.1591004187341314, 2.2070139919866816, 1.9857541666657217, 2.2053355018309326, 3.0709001242620118, 2.410235145843808, 2.390048958738103, 2.346273026829742, 2.416221754114708, 2.21122932990017, 3.6919241644824616, 3.262228989307869, 2.72333851619967, 2.386264972719583, 2.2240031866598846, 2.4111727572197306, 2.7721522374184584, 2.384876063606163, 2.5956596468918502, 2.5117935243268232, 2.153534241599343, 4.236246067495576, 2.4843377253491967, 2.4855484893446564, 2.667402524798204, 3.891254789086817, 3.8511513017802064, 2.2515555517460575, 2.697667529664726, 2.502389271289834, 2.823005571952448, 2.018428283568304, 2.2191189732836003, 2.6317509712896987, 2.0281485018761995, 2.0749441099816712, 2.8961673279758617, 2.470589790935897, 2.1604198042044445, 2.391072184284088, 2.127443729540829, 2.2043205923974463, 2.9665796963000983, 2.9004307889387935, 2.569526408609587, 3.4947036203959945, 2.1076303695653182, 2.3716776058772426, 4.085896319090256, 3.3284604722805846, 2.175647583133595, 2.694778921632576, 2.4116465648477465, 3.0646505056157594, 2.3076040228028947, 2.186866053287483, 2.101552855676706, 2.617947414109647, 3.994762912810004, 3.0659431440135823, 1.9916694530560015, 2.8286479355584717, 2.291388873072486, 2.181412214861923, 2.5578406027038505, 2.055458309997919, 2.5643403618252463, 2.312758127629306, 2.250246578738482, 2.4608390519766177, 2.154209136752021, 2.4059767825391996, 2.0533089191953073, 2.2757900607297645, 2.0480021164634707, 2.2802523995375945, 3.0898650125103724, 3.9601429579379324, 2.048079610048161, 2.130593851267204, 2.628207506186059, 2.311108176785908, 2.1754782870294367, 2.389375961752458, 2.8853467531757118, 2.0943583652915296, 2.6637841679835, 2.0498254997718703, 2.31027793959908, 2.2312037976789854, 2.43512539904562, 2.7800241828338845, 2.1329642437728844, 2.345908562080788, 2.3547982786686807, 2.2451856572059583, 2.120930706526454, 2.1885422432109563, 2.0686910076318483, 2.057192734702553, 2.2007306785911407, 2.021763857564531, 2.2448936119664546, 4.225933128374779, 2.3126667888188965, 2.809420996857371, 2.722740260795631, 2.6889598193027164, 2.860889130759151, 2.1861586474336008, 1.99389927994579, 2.0227285190842905, 2.4575196187714226, 2.1390322524920458, 2.0948189303864186, 2.083986033408426, 2.082687347816728, 2.267394670864117, 2.04343828185441, 2.3680415569349695, 2.621342910215977, 2.163182581017611, 2.722074352574946, 2.5246986709558237, 2.5994121606466902, 2.964284515268931, 2.3175318254596964, 2.3265427440065283, 4.233242210405734, 2.53704172754274, 2.9203866660249105, 3.5318044867009233, 4.214741501510445, 2.2945594849888673, 2.712854456294495, 2.1910673525761046, 2.2523079983915957, 2.121024346725679, 3.407300254218033, 2.2688017966563825, 2.6300709864150167, 2.3369556986872717, 2.028008599890372, 2.1490177953099385, 2.497042874642253, 2.1440288037371866, 2.4592778347204804, 2.4167285900574567, 2.0242514971292036, 2.56138794531124, 2.3963766492083476, 2.2120295433132195, 2.5790686310783193, 2.654044388250922, 2.517515715883377, 2.472465609251854, 2.2468492621944134, 2.21741919204917, 3.9753640091893545, 2.809117035504496, 2.0189206446641874, 2.0622790288345056, 2.053379884793995, 2.0920543227315207, 2.4127669571413177, 2.145029772326521, 3.0994611065502795, 2.193553572910976, 2.2245127991930342, 2.9820193797468644, 2.3808545486114157, 4.3599914594996365, 3.715070499397968, 2.2964383690683, 2.877866940007343, 2.411554458031289, 2.503233678366957, 2.2945071360530536, 4.132590426073358, 2.1908058701834845, 2.050870709997516, 2.199351433902025, 2.483197216156193, 2.2527853334083456, 2.144575559720086, 2.2325313810013108, 2.0451730407747784, 3.6004659370219816, 2.4378214696311824, 2.5786608388644883, 3.6081942019193884, 2.5076109028247426, 2.4964856350968927, 2.43887793367041, 2.53205920825859, 4.181460522808889, 2.148044743345088, 3.9401417536647694, 2.1134078216367, 2.2662526189456393, 2.0835371050557403, 2.0879265694854032, 2.2713030629133546, 2.298413787492433, 1.993546280215911, 2.2209438882195958, 2.6362742216517545, 2.21862451458958, 2.1924392339260264, 2.330618975991626, 2.473196207449359, 3.5211915101863522, 2.194241982457882, 2.111722051050174, 2.7185483318619954, 2.582207910247167, 2.4544400833555087, 2.073227614376292, 2.8219154231623245, 2.2900013343018313, 2.195084335679087, 3.2222312715559682, 2.4546333426564972, 2.8084145550045494, 2.755053856085104, 2.2629879758671385, 2.8410226293095917, 4.047957185786553, 2.4011492992838046, 2.3922552418335736, 2.413868601727502, 2.2769630386150834, 2.3051888724302327, 3.151688065752713, 2.0811428205080826, 2.156387195298087, 2.0711238225705917, 2.521292751825545, 2.325966105061967, 2.854521983775673, 2.1833510685213326, 2.028627159759198, 2.1511145866754884, 2.4458221859253895, 2.463251053221789, 3.022540350270707, 2.4306441320964884, 2.157116361621194, 2.074610585010569, 2.2115966896349732, 2.183079122409218, 2.050612848609745, 2.075609037061909, 2.8229245465280908, 2.5363322190203292, 2.038338520138523, 3.887733133876106, 2.5096187424989784, 2.4083370766342718, 2.0311316167623703, 2.492628174035869, 2.694827689794921, 2.2259739270420646, 2.208414351940763, 2.484733571406679, 3.916529140909195, 2.2166269803415495, 2.415200411507583, 2.2714271080473467, 2.38445933639578, 2.5779248698114654, 2.903525613229215, 2.457253442834803, 2.3220469895614655, 2.263216193475704, 3.2544804460974963, 2.252340064702502, 3.012825113402154, 2.166183796726165, 3.719680060940671, 2.1073381526026864, 2.486769642896282, 2.174751450648898, 3.081305884878648, 2.224704498526531, 2.4654895996552457, 2.0198610847276397, 2.504720175028534, 2.3325193384092167, 2.190497905247609, 2.079116514252799, 2.4463246345036826, 4.163502521509995, 2.104852100216522, 2.1356868310763613, 2.634120715714126, 2.366233047604629, 2.3002614212610863, 2.3236813510033176, 2.139081128207178, 2.3924439720178947, 2.056237642258067, 2.341286225934161, 2.127643367735219, 2.132546163449292, 3.62889346660522, 2.0365035764620174, 2.571234068499082, 2.575801737320803, 3.0463613739348023, 2.645361360656898, 3.0475493971708367, 2.546688607273507, 2.031715102715733, 2.4677866609241863, 2.118753253346407, 2.5940791516086747, 2.457584598567582, 2.351751414929691, 2.3261494222055603, 2.1201932948346953, 2.2882701444757947, 2.131854841821008, 3.2887492328145735, 2.334343869622984, 3.0699783208910114, 2.791352450336592, 2.7074674165218107, 2.1938400825894138, 2.34199675201131, 2.2216074097460825, 2.2649555205324496, 2.026996010627381, 2.3923165305396825, 2.2681291817465246, 2.4091417746901267, 2.1842404647485822, 2.0689146955594175, 2.324354656766718, 2.108384019620371, 2.4880672716717904, 2.43870674162245, 2.5576782636436253, 2.316515613319095, 2.5714528193935786, 3.583179129930851, 2.2323629247311114, 2.2218160604966406, 2.0818404264591455, 2.372158125023082, 2.6713055900477225, 2.6013454580046393, 2.1224237993864734, 3.879417189800679, 2.290141565701989, 2.547905783667908, 2.681395675753769, 2.996491986054622, 2.1196605805402675, 3.4536136505644737, 2.2339057278190824, 2.974519075677673, 2.2207062660649846, 4.133040302397945, 3.9746521170805282, 2.205129541569198, 2.3258701307898773, 2.2130397455658444, 2.3707473683189333, 4.0304731311944595, 3.8110395281269334, 2.724378730451684, 3.8566134325097967, 2.0438753795290783, 2.105177665677695, 2.540765906473889, 2.0455205975327226, 3.910846510865786, 3.823258549481487, 2.8511012018947692, 2.141589739156626, 2.4135919233002534, 2.427322811484128, 2.685284791006935, 2.305585025042239, 2.211468496331444, 2.28260376531519, 2.8534007827631362, 2.000547424763749, 2.363532620088182, 4.422164592311612, 2.304748779840196, 2.238852732525126, 2.0906422933908955, 2.044915734038756, 2.4883378259116085, 2.1402183126754206, 2.4687285606751392, 2.2648105273758525, 2.132042402436404, 2.2326610906045397, 3.2155179855229923, 2.3965853033386777, 3.4858100598134936, 2.693856733391172, 2.5524928368215565, 3.349863928491014, 2.2070971722065296, 2.781073894954229, 2.265275378488514, 2.133905609595551, 2.1166723915788572, 2.1060096320558666, 2.5351153967798825, 2.768216097754731, 3.1242357794557964, 3.545778202999535, 2.3657188425116455, 2.6232427169672974, 2.7359231643232627, 3.079254860068538, 2.015372136612764, 2.5314679904198094, 2.4257765564013023, 2.7132174230056947, 2.9539411685954864, 2.426122660765369, 2.4192747289364633, 2.12823283728034, 2.436519428993336, 2.4488990491487277, 2.4230604926030606, 3.1342038721161365, 2.451793981679907, 2.442649289815445, 2.3164666466612727, 4.315360120581175, 2.3059917427079606, 2.054797330459867, 2.10192006575458, 3.029648581806181, 2.3120771791680053, 2.5820589234489084, 2.164259646348669, 2.616427660832314, 2.395836544928038, 2.2402756698758197, 3.9930096928345784, 2.227133837180989, 2.29735649165352, 2.3902560588584705, 2.520685994424397, 4.383004941018024, 2.017875817367163, 2.2467340845401504, 2.1667674383341087, 2.3409151821290592, 2.22928883464439, 3.7160839918194797, 2.530385746931439, 2.1696544098384734, 2.359622647698461, 2.4564546684602186, 2.2785764288538877, 2.107670452453951, 2.148152004915473, 2.082754757156761, 2.4257273081490798, 2.184271303226517, 2.865726520583015, 3.0770854815440662, 2.7528239854655587, 3.068696929140531, 2.215398807347178, 2.9604788325529823, 2.491498833360939, 2.6209433991338726, 2.3031863234322953, 2.550986907329022, 2.3146461982112667, 2.0422712113609016, 2.8914270971222513, 2.092691088847539, 2.8597846388431885, 2.22405730133536, 2.5336443228778447, 2.2805142188590826, 4.156748166651004, 2.2164938055519126, 2.39232989150256, 3.198193525216659, 2.205306176589093, 2.4985226760923984, 2.0493471773008536, 2.699667983508672, 2.2149373852230783, 2.877020040355614, 2.2348864224942946, 2.2495322805823923, 2.5819379407297363, 2.7146338860485373, 2.115732457454267, 2.3678122180677255, 2.3497779004836334, 2.004268064800761, 2.402595507405771, 3.4355393856616225, 2.709198052532001, 2.459635689285832, 2.2597472215460965, 2.2490853341455295, 2.499987422052353, 3.762236002378777, 2.3002343268851293, 2.9529470802787525, 2.4185328881528103, 2.2670191308627334, 2.7943643951381865, 2.233271470206785, 2.6854893392541705, 2.7397784252855137, 2.0087707092904967, 1.9830730095405833, 2.3852554385777887, 2.588680669944401, 2.6045566038086965, 2.2318312391890225, 2.3867076855916776, 2.0452381213684916, 2.0956133478301187, 2.145121395088588, 2.4838282262751292, 2.7444284685988056, 2.4190594536199064, 2.758728086697833, 2.0602426544031123, 2.417158014396671, 2.155261829552681, 2.2234105249514013, 2.018666786369514, 2.1040498032372614, 3.164723176920192, 2.34032807601122, 2.351169333013195, 2.4278322012240046, 2.644982708336964, 2.298607698373051, 2.2139328125378137, 2.2712227254129616, 2.766023818252695, 2.8462973010632235, 2.1422680005530528, 2.6164975060251567, 2.002716297163163, 3.9794758882931314, 2.4740629458157257, 2.7586534195729713, 2.8946013436421456, 2.401443509260137, 2.5895478667329903, 2.5582147402895137, 3.7507921980242678, 2.021644385147406, 2.2060351445423843, 2.1570374860658372, 2.0723140599274497, 2.9343169297373572, 2.5479347725621397, 2.2425183807935705, 3.0256324112793753, 2.9171846848656346, 2.1978197129045087, 2.1523382190205425, 2.6576881914952835, 2.163848904940814, 2.295439567573052, 3.6355050569726, 2.1417137369948933, 2.8961391353942845, 3.655683644073304, 2.324194311180262, 2.0402884444698723, 2.4394602470909654, 3.7209838898444456, 2.0733257092528126, 2.3618400024928548, 2.2837746847641003, 2.0878589152858984, 3.5835737831123673, 2.1704545649874767, 2.2265196158172427, 2.914969029564753, 2.1904769106356263, 2.4360578491780336, 2.1057441845356286, 2.231835948141987, 4.125071378364616, 2.1996155980383794, 3.646260501663976, 2.193139534135864, 2.1317799218421096, 2.189230892646665, 2.29294312643679, 2.3282732606513425, 2.4167666852535277, 2.235991590525527, 2.465998759689398, 2.473765771170984, 2.5807368554942114, 2.503766844245583, 2.3215038206088003, 2.977368648645145, 2.9288165686667185, 2.0357331323774, 2.3393349683450313, 2.2367691985650007, 2.102332900279805, 3.7515254984849866, 2.3640428371469766, 2.4524148679377955, 4.289341248229833, 3.944759226061155, 3.062054601793791, 2.4311155831352473, 2.006067226652853, 2.421000793617116, 2.5680198281828206, 2.2421884051081364, 2.1045949305226657, 2.5098900565582634, 4.283071069719378, 2.1969462710545917, 2.0705137783803287, 2.2958531448623374, 2.211884951021146, 2.0471479628112084, 2.376280789659671, 2.6182368671309444, 2.291750273149085, 2.4631006844185594, 2.2244494428199952, 2.194975158712112, 2.409136662159505, 2.5147504454387875, 2.5993708059619536, 2.775647437949722, 2.967528277194531, 2.5287440474886482, 2.2586063562920744, 2.271942749465661, 2.6077092999812357, 2.6123652866533953, 2.2946107028057328, 2.130214516093697, 2.139761932788288, 2.333353481666009, 2.6625722760845894, 2.3243101774648354, 2.179593932275451, 2.2144454905836906, 1.9727770515471406, 2.267375964173352, 3.365777053787172, 2.744631979682152, 2.1218741039646916, 2.4179053887346034, 2.095317854149266, 2.3027671825180924, 2.2727084644849453, 2.5142363230333062, 2.421425384120364, 2.381430386883747, 2.4809890164678836, 2.7940253564115936, 2.2141691350533845, 2.1284576102219765, 2.3634158804849363, 2.42993190262185, 2.3098687008148744, 2.215402518454345, 2.2629505443011313, 3.915612669261818, 3.8732738190695795, 2.422260959565135, 2.492346859259803, 2.471881619127263, 3.386045634472421, 2.2178486642554938, 2.8074401771098456, 2.720120115228665, 2.0006319869542644, 2.181952788042875, 2.3488164673250838, 1.985823643672685, 2.1239370366329857, 2.2486890110066438, 2.320606571142208, 2.7037176066766264, 2.6011217225604306, 2.4418922432696837, 2.3284992274513354, 2.079279517999905, 2.3084900710429355, 2.2471090313346807, 2.3005189205901866, 2.669430070205251, 2.280353166606691, 2.467648034287969, 3.68460520947648, 2.507092965863372, 2.2026075057510504, 2.559417425594354, 2.254191117908557, 2.3175024009202567, 2.357734854620313, 2.327515936957645, 2.4182118035301894, 2.177254690566506, 2.671076646059811, 2.152906947168062, 2.2869106398722368, 2.4086615449565163, 2.4211438418961087, 3.760085690481742, 2.349493555022289, 2.0828422618497635, 2.696873448789548, 2.427771258005656, 4.443129273967015, 2.2878850191096767, 2.413180731604171, 2.439858220993545, 2.4841766252644133, 2.137540933405961, 2.1543738506878762, 2.269236338357456, 3.2566447035770465, 2.1780594034603555, 2.331428515557375, 2.044985211045719, 2.2074930500278573, 2.4942419984475888, 2.215492509584869, 2.4648909521442337, 2.138533107132174, 2.2906544609510116, 2.480889445467914, 2.105765548044307, 2.30148454269661, 3.4031686870479465, 3.1967203221682285, 2.2566441906928763, 2.478688844352685, 1.989459549796054, 2.512264217555075, 2.2601689844231028, 2.0794200325456513, 2.16650895483526, 3.0971725091045146, 2.6948824509221385, 2.0728899701398764, 4.108945141944565, 2.188367219793026, 3.9398840477574306, 2.683094074306716, 2.0186320478660322, 2.632153204312614, 2.0919983784105627, 2.278436475797915, 2.663178099814749, 2.0117872073561704, 2.3666268473674954, 3.502838888864611, 2.032139033363338, 2.58837771091809, 2.2566470346085796, 2.2868016081281892, 2.2535580645461475, 2.4054702584654724, 3.312042751053987, 2.2110266261930525, 3.3906223854575757, 2.0407026343190764, 2.0223729457486197, 2.7669727875710377, 2.0669471855750685, 2.1466959873395286, 2.0845899489304913, 2.352642589511365, 3.5242914881317327, 2.671223552113722, 2.4349951370138743, 2.2429108450754254, 2.082176011062904, 2.344429891614629, 2.5825430162695686, 2.9170096547516975, 2.230453568357306]"
-1.0,8500,0.6013859568826093,0.6013859568826093,0.0025374889373779297,0.3145264887787572,"[4, 2, 3, 1, 4, 2, 3, 1, 3, 3, 2, 2, 3, 2, 2, 2, 4, 1, 2, 2, 4, 3, 4, 3, 2, 2, 2, 1, 1, 2, 5, 3, 2, 3, 1, 3, 3, 3, 2, 2, 1, 1, 1, 1, 2, 2, 4, 2, 2, 2, 3, 2, 3, 3, 2, 3, 3, 2, 3, 3, 2, 2, 3, 2, 2, 1, 2, 3, 2, 2, 2, 3, 1, 1, 3, 2, 2, 3, 3, 3, 3, 2, 2, 2, 2, 4, 3, 2, 2, 4, 4, 1, 3, 2, 1, 2, 3, 2, 2, 2, 3, 3, 2, 4, 3, 2, 3, 2, 2, 3, 5, 4, 5, 4, 2, 2, 1, 4, 3, 3, 3, 2, 2, 2, 2, 2, 2, 4, 2, 2, 3, 3, 2, 2, 2, 1, 3, 2, 3, 4, 3, 4, 1, 2, 3, 4, 2, 2, 2, 3, 2, 2, 3, 3, 3, 3, 2, 3, 3, 2, 1, 3, 3, 3, 1, 2, 2, 2, 3, 5, 3, 2, 2, 1, 1, 3, 2, 1, 5, 3, 4, 4, 3, 2, 4, 1, 2, 2, 1, 1, 2, 2, 5, 2, 3, 4, 1, 2, 2, 3, 2, 4, 1, 3, 2, 2, 1, 4, 3, 3, 2, 3, 3, 4, 3, 2, 3, 3, 3, 2, 1, 4, 2, 3, 2, 2, 3, 2, 3, 5, 2, 2, 2, 3, 3, 2, 3, 2, 1, 1, 3, 3, 2, 2, 3, 2, 3, 4, 3, 3, 1, 2, 2, 2, 2, 2, 5, 3, 3, 3, 3, 4, 2, 4, 3, 2, 3, 3, 1, 3, 4, 2, 4, 3, 2, 3, 2, 2, 3, 3, 2, 3, 2, 2, 4, 3, 1, 3, 3, 2, 3, 4, 4, 2, 5, 2, 2, 2, 3, 2, 1, 3, 2, 2, 1, 2, 4, 2, 3, 2, 3, 4, 3, 5, 2, 1, 2, 5, 3, 2, 2, 2, 3, 5, 3, 2, 2, 3, 3, 3, 3, 3, 1, 2, 2, 3, 3, 2, 4, 3, 2, 3, 3, 2, 2, 3, 2, 3, 4, 2, 2, 2, 1, 3, 4, 2, 1, 3, 3, 2, 3, 1, 4, 3, 3, 3, 2, 3, 2, 1, 4, 3, 5, 3, 3, 4, 2, 3, 2, 4, 3, 4, 2, 2, 3, 1, 3, 4, 3, 1, 3, 4, 2, 3, 4, 3, 2, 2, 2, 3, 2, 1, 2, 2, 3, 3, 1, 3, 2, 3, 2, 3, 1, 2, 2, 3, 2, 2, 3, 2, 2, 3, 2, 2, 2, 2, 2, 2, 2, 1, 4, 3, 1, 3, 2, 3, 2, 2, 3, 2, 2, 2, 2, 3, 3, 3, 1, 3, 4, 1, 2, 4, 3, 2, 3, 1, 2, 2, 4, 3, 1, 2, 2, 1, 2, 2, 2, 3, 3, 2, 2, 5, 1, 2, 4, 1, 3, 2, 3, 3, 3, 4, 3, 2, 4, 5, 2, 3, 3, 5, 3, 1, 2, 3, 3, 1, 2, 3, 3, 3, 4, 3, 4, 2, 3, 2, 1, 1, 3, 2, 1, 1, 3, 3, 3, 2, 3, 3, 3, 1, 2, 3, 3, 3, 3, 2, 2, 2, 4, 3, 4, 2, 3, 5, 2, 2, 1, 2, 4, 3, 4, 3, 2, 2, 2, 2, 3, 4, 3, 2, 3, 2, 2, 2, 3, 4, 1, 3, 2, 2, 5, 2, 1, 4, 2, 2, 2, 2, 2, 2, 2, 3, 1, 4, 2, 2, 3, 1, 2, 1, 3, 4, 4, 2, 5, 2, 4, 4, 1, 2, 2, 5, 1, 3, 2, 3, 4, 5, 3, 3, 4, 2, 4, 4, 2, 2, 2, 1, 3, 4, 2, 3, 3, 3, 2, 3, 2, 2, 1, 2, 3, 4, 3, 3, 4, 1, 1, 2, 5, 2, 3, 1, 3, 3, 3, 4, 2, 3, 1, 2, 3, 3, 4, 1, 2, 1, 3, 4, 1, 4, 3, 1, 2, 1, 2, 2, 2, 2, 2, 5, 3, 4, 2, 1, 3, 4, 1, 3, 4, 2, 4, 3, 2, 2, 2, 3, 3, 2, 3, 3, 3, 2, 1, 2, 3, 3, 2, 2, 3, 2, 2, 2, 2, 2, 3, 2, 2, 2, 3, 2, 5, 2, 3, 3, 2, 3, 2, 2, 3, 2, 3, 3, 2, 2, 2, 3, 2, 4, 3, 3, 3, 4, 2, 2, 2, 4, 2, 2, 2, 1, 2, 2, 2, 2, 3, 2, 3, 2, 2, 3, 2, 2, 3, 2, 4, 2, 4, 1, 4, 2, 3, 2, 3, 1, 2, 4, 3, 3, 2, 2, 2, 2, 2, 3, 2, 3, 3, 5, 2, 2, 2, 3, 2, 2, 2, 3, 2, 2, 2, 1, 3, 3, 3, 2, 2, 2, 3, 3, 3, 3, 5, 2, 3, 1, 2, 2, 3, 2, 3, 4, 3, 3, 3, 3, 3, 2, 1, 2, 3, 3, 2, 4, 1, 3, 2, 2, 4, 3, 3, 3, 2, 3, 3, 4, 3, 2, 2, 2, 2, 2, 2, 2, 3, 3, 1, 3, 2, 1, 1, 3, 2, 3, 3, 3, 3, 2, 2, 2, 4, 3, 3, 5, 5, 3, 2, 5, 3, 3, 2, 3, 3, 2, 3, 2, 1, 4, 2, 2, 3, 4, 4, 2, 3, 2, 2, 2, 3, 3, 2, 4, 3, 2, 1, 2, 2, 3, 4, 2, 2, 2, 2, 4, 2, 3, 3, 4, 3, 2, 3, 3, 1, 3, 2, 3, 3, 1, 3, 2, 3, 3, 2, 3, 4, 2, 3, 2, 3, 2, 3, 2, 3, 3, 2, 3, 2, 2, 3, 4, 2, 3, 3, 3, 5, 2, 2, 3, 2, 2, 3, 3, 2, 2, 2, 2, 4, 4, 2, 2, 3, 3, 4, 4, 2, 2, 1, 2, 2, 2, 2, 2, 5, 3, 2, 1, 2, 2, 2, 2, 2, 2, 3, 3, 2, 3, 1, 2, 2, 2, 2, 1, 2, 2, 3, 2, 3, 2, 2, 3, 4, 3, 2, 3, 3, 2, 2, 3, 3, 3, 1, 3, 3, 3, 2, 1, 1, 5, 4, 4, 2, 3, 3, 1, 1, 3, 3, 2, 3, 3, 3, 3, 2, 2, 3, 2, 4, 2, 3, 4, 1, 2, 5, 2, 4, 2, 3, 2, 2, 2, 3, 2, 4, 1, 2, 2, 2, 2, 3, 1, 3, 3, 2, 1, 3, 3, 3, 3, 2, 3, 2, 3, 1, 1, 1, 2, 2, 1, 2, 2, 3, 2, 3, 4, 2, 4, 4, 2, 2, 2, 4, 3, 2, 1, 1, 2, 3, 1, 3, 2, 2, 3, 3, 3, 4, 4, 2, 3, 4, 4, 2, 3, 2, 2, 1, 3, 3, 3, 1, 2, 3, 2, 2, 3, 1, 4, 3, 2, 3, 3, 2, 2, 2, 3, 2, 4, 3, 3, 4, 2, 3, 4, 2, 1, 2, 2, 2, 3, 1, 2, 2, 3, 2, 3, 2, 2, 2, 2, 4, 2, 1, 3, 1, 3, 2, 2, 2, 3, 3, 2, 4, 3, 3, 1, 3, 2, 3, 2, 3, 4, 2, 2, 2, 3, 3, 4, 2, 2, 2, 4, 3, 4, 2, 1, 2, 3, 2, 3, 1, 2, 1, 2, 1, 3, 2, 2, 5, 2, 2, 3, 3, 2, 2, 1, 3, 2, 3, 3, 3, 4, 2, 3, 3, 3, 3, 2, 3, 2, 3, 2, 2, 2, 3, 3, 2, 2, 1, 3, 1, 3, 3, 2, 2, 2, 1, 3, 2, 3, 2, 3, 2, 2, 3, 3, 4, 2, 3, 3, 3, 4, 3, 2, 3, 4, 4, 3, 1, 4, 2, 3, 2, 3, 2, 3, 3, 3, 2, 5, 4, 2, 2, 2, 1, 3, 3, 2, 4, 1, 2, 2, 2, 4, 3, 4, 2, 2, 3, 3, 3, 3, 3, 2, 2, 2, 2, 3, 2, 2, 1, 1, 4, 2, 2, 2, 2, 3, 3, 3, 3, 2, 3, 3, 3, 3, 2, 2, 1, 2, 3, 3, 3, 2, 4, 3, 5, 2, 3, 2, 2, 3, 3, 3, 3, 2, 1, 2, 4, 2, 2, 3, 5, 3, 2, 2, 4, 2, 2, 2, 4, 2, 1, 3, 1, 2, 3, 3, 5, 1, 2, 1, 2, 2, 4, 2, 3, 2, 1, 1, 2, 2, 1, 1, 1, 2, 4, 2, 4, 2, 3, 3, 1, 1, 3, 2, 1, 2, 3, 4, 2, 4, 2, 4, 3, 3, 4, 2, 3, 3, 3, 2, 2, 2, 3, 3, 3, 2, 4, 2, 3, 3, 3, 3, 3, 3, 3, 3, 3, 3, 4, 3, 1, 3, 3, 2, 2, 1, 1, 3, 2, 3, 2, 4, 2, 2, 2, 2, 3, 2, 3, 2, 3, 2, 1, 1, 1, 4, 3, 2, 3, 3, 3, 2, 4, 3, 4, 2, 3, 3, 5, 2, 2, 2, 2, 3, 2, 4, 2, 1, 1, 2, 2, 2, 3, 2, 3, 3, 1, 3, 3, 3, 3, 1, 4, 3, 2, 1, 2, 1, 2, 3, 2, 1, 4, 2, 3, 4, 4, 4, 2, 3, 4, 2, 4, 1, 2, 2, 2, 3, 3, 3, 2, 2, 4, 3, 2, 1, 4, 3, 3, 4, 2, 4, 3, 3, 5, 4, 4, 3, 1, 4, 2, 2, 3, 4, 5, 1, 2, 4, 2, 3, 2, 3, 2, 3, 3, 2, 2, 2, 4, 4, 3, 3, 3, 2, 1, 4, 3, 2, 2, 3, 3, 2, 2, 1, 1, 3, 4, 3, 2, 3, 3, 2, 3, 3, 2, 2, 3, 3, 2, 2, 2, 3, 2, 2, 2, 2, 4, 3, 3, 2, 5, 3, 4, 4, 2, 2, 2, 2, 3, 2, 2, 3, 2, 1, 2, 2, 1, 3, 2, 3, 2, 3, 3, 3, 2, 2, 2, 3, 2, 1, 2, 2, 4, 3, 2, 2, 2, 3, 3, 2, 2, 3, 5, 3, 2, 2, 2, 2, 3, 2, 4, 2, 1, 2, 2, 1, 2, 3, 3, 2, 3, 1, 2, 4, 3, 3, 3, 2, 2, 2, 3, 3, 3, 2, 2, 5, 1, 3, 2, 1, 2, 2, 3, 3, 2, 3, 3, 1, 3, 2, 3, 3, 3, 3, 3, 3, 3, 2, 4, 3, 2, 1, 2, 4, 1, 2, 3, 4, 2, 3, 3, 2]","[2.885582491400045, 2.134694240265854, 2.5990272839936894, 2.198276196899881, 2.344805143295533, 2.303069150227107, 2.5817130857044757, 3.2305141941074216, 3.256073141419982, 2.681789698460379, 2.7022983283390407, 3.8113292906236964, 2.5590065622490545, 2.1919804563340612, 2.169829056250315, 2.123608231875221, 3.725194306353147, 2.270563034143897, 2.0714074771828677, 2.247481777866692, 2.639127906793398, 2.478904307564203, 2.7962754031656, 2.570721507192705, 2.1478443672888825, 2.4094038322464293, 2.3675209361175957, 2.4049840808971696, 2.1011309947751067, 2.4130778043333017, 3.8729886690770887, 2.4035952726863763, 2.078877072948579, 2.4591697153889305, 2.4496812206727223, 3.0134082249534506, 2.151118235052052, 2.17676629967724, 2.404997357651571, 2.4520829097456653, 2.1427506824316445, 3.142682368156594, 2.531785204789681, 2.0083027185437046, 2.5150981503748446, 2.0652478395575105, 2.9890453414194593, 2.269187772790498, 2.387053057058774, 2.692248511372378, 3.1938390767406113, 2.5307073168805783, 2.9113908920086833, 2.4569463863650842, 2.1574659905126357, 2.977966257166361, 2.5014960583703907, 2.2521927765237546, 2.4291318664245964, 2.5056952486703374, 2.140864160090951, 2.2550754259025663, 3.1394149858773055, 2.2160607127765393, 2.868567401432305, 2.6593738001677574, 2.2440173280254343, 2.4555804417372253, 2.110946955305175, 2.3494811850225004, 2.1521581336113527, 2.353764875881988, 2.116369219832846, 2.058140855170134, 2.3951532484866975, 2.2399486326442686, 2.033821088859511, 3.4098061201443057, 2.709660664154309, 2.430361110787926, 2.338156644054408, 3.814820615700981, 2.1989976029102003, 2.269803566866254, 2.1544699119626025, 3.1762706723130956, 2.5094360346155917, 2.340494054749216, 2.175582972905419, 2.703489935414554, 2.7383745158835797, 2.2819644448917304, 2.647092516883353, 2.4215193990362707, 2.0829007136640856, 2.81591027563917, 2.557884060903053, 2.0949482489785427, 2.3713380544543434, 2.883083326693501, 2.3624143550213796, 2.5742126071296525, 2.3014622900210777, 3.9587322050019904, 2.577644255346058, 2.1539882594358746, 2.228441516439, 2.09067049801446, 2.4192244192421613, 2.9987370021084296, 3.7505304185131667, 2.784245556016287, 4.054976798053803, 2.6177125533903003, 2.4584644726823113, 2.243800867641595, 2.2433432165035185, 2.500451782838954, 2.1201332294786246, 2.534447625555352, 3.3646766795985767, 2.234218638569172, 2.1769263060023802, 2.1546623444270776, 2.273008137498068, 2.500700662750049, 2.1341971949764473, 2.9080324669349555, 2.066528721956166, 2.064784521286697, 2.403685016974741, 2.5041715131466775, 3.2544473696373952, 2.167321487254064, 2.6210987455435784, 2.6267185203869867, 2.0731272884012477, 2.251153724802155, 2.2738321332362617, 2.538593753800056, 2.4118359685683664, 2.686674771356751, 1.9927165518470744, 2.1346719706270907, 2.7595685692642773, 2.289155107548744, 2.2329986278510754, 2.328212784445778, 2.2842846605303686, 2.203114715661819, 2.42593340565285, 2.188714281993083, 2.1847317856740114, 2.7417868952302458, 2.2614097936037, 2.9638289531009536, 2.2660840884654574, 2.2715240122543756, 2.3616309788649166, 2.1912419245622576, 2.332107168805311, 2.7539105309013587, 2.1481061988642836, 2.1820946113669826, 2.767366243286189, 2.2834907687486776, 2.091751246221192, 2.752879168077682, 2.199172776857682, 4.01904580279308, 3.4644248133538933, 2.482811061466686, 2.092496376201893, 2.295422560001298, 2.055118025918761, 2.380598805132428, 2.3921874658642746, 2.2804297283089547, 3.9797099359587635, 2.531607570574934, 2.576936001111192, 3.2860531767255723, 2.4545535599761252, 2.1564331617934602, 3.682592601448242, 2.6668354909206866, 2.3262213341062297, 2.6505887457739123, 2.1806639532186955, 2.157927655842206, 3.3928804634331704, 2.241405947971023, 4.21940350245159, 2.482915037541087, 3.4478880259192914, 3.994086840563858, 2.721684477441083, 2.009371810760982, 2.200497125585951, 2.689111560258359, 2.700040552276138, 3.8623944887844344, 2.7418734117910684, 2.2211472771422467, 2.227766890946039, 2.0218721546192144, 2.2534679254976258, 2.3777247616317476, 2.834696362128652, 2.6688337736149728, 2.3585362874041307, 2.234338250281371, 2.5369183221856626, 2.820701443360158, 2.7519567003443917, 2.4897413150266114, 2.396323676376596, 3.0361416922327873, 2.6721724273446577, 3.2762172629727173, 2.0531238042801876, 3.5097310154830366, 2.070977667199279, 2.5369103828012785, 2.270800249753951, 2.428353530307577, 2.764179520904199, 2.912014642819666, 2.1290629686924234, 3.57254644332466, 2.070381385437161, 2.140993966398314, 2.254523377334637, 2.4267117683005823, 2.9731676960166746, 2.2122854121842597, 3.3229447183444365, 2.428721314716742, 2.211799034979509, 2.2493500433430293, 2.374556938996405, 2.131130489262251, 2.3616216758204556, 2.4783562002773123, 2.511606076762983, 2.2208823589063997, 2.6851598292763823, 2.5707516070490937, 2.2147684357386583, 2.954179022164558, 2.393093304580934, 2.1296006894130417, 2.5771113031448034, 2.2740302666765118, 2.0347029990778673, 2.1650554439728467, 3.4952767070634114, 2.5934958397500676, 2.397116331884227, 2.6276696883362445, 2.1479702815524777, 3.655737370578324, 2.3615160638858925, 2.5288374560055256, 3.0596736143321284, 2.1262007615653657, 2.3697167417617733, 2.7387652257910347, 2.372309808402234, 2.536661432332804, 3.46696172807327, 2.580559486598984, 2.566702490549571, 2.5882816772721173, 2.890102424090129, 2.384395151918937, 2.1210988435043983, 2.3430869644059795, 2.5060959751556413, 1.998207349028486, 2.600117099412326, 2.098889793822053, 2.650306417790454, 2.165321144592638, 2.297701886675433, 2.0950245064904434, 2.014181759447009, 2.080696801044044, 2.5241484045430274, 2.6397425738025535, 2.4258941395675424, 2.7611061832694004, 3.3778200957814857, 2.53712355861516, 3.1503822555131453, 2.566771524617544, 3.4103496235269786, 2.360279088177327, 2.4724619199792546, 2.702470035929218, 2.1201634318833626, 3.030501870929725, 2.784970698231052, 2.206897916591172, 2.273621579328944, 2.3712621494285826, 3.0970474852056475, 2.632327175191229, 2.573991145093782, 2.2459777291225427, 2.75158632775338, 2.9035814776413025, 3.091415150528215, 3.04755378999766, 2.2089584495157433, 2.05773028498717, 2.2320234281180826, 4.0697485312758195, 2.122184842176684, 2.1037843092413473, 2.571938724605332, 2.2336982942818246, 2.4938494625458962, 4.008642306810337, 2.8018884939153708, 2.2498245926308558, 2.3473503715860446, 2.2375292660001875, 3.861878571673121, 2.6100167878872336, 2.4013714192489197, 2.3462694349395403, 2.2639465276129673, 2.171087250676283, 2.0726690747750762, 2.2323517014525724, 3.481214932753727, 2.1753625018413127, 3.498733628498719, 2.690874978722008, 3.9967733647178587, 2.561702273799879, 2.2451575210615853, 2.1512166815093696, 2.0030953225526, 2.147609651457774, 2.087260215056588, 2.4478962939809574, 3.029339049301703, 2.2795076694599574, 2.454564705101715, 2.3724999247472844, 2.147129864685361, 2.638478680781089, 2.593930192438875, 2.4681117780155892, 1.9885563863258444, 2.261688871139281, 2.165131649436362, 2.2373727054601495, 2.611970756084505, 2.5649390422121514, 2.2036625071430276, 2.7498752336477263, 2.5267962054803323, 2.255459834402999, 2.019446652577285, 2.4090846884466246, 2.1759638953044136, 2.3661715478518963, 2.9472748970197213, 3.10004608554107, 2.7925394664066188, 2.99275606543137, 2.773541659030576, 3.7087410580464883, 1.9801963606943, 2.299305348745128, 2.0484207914073598, 2.4337121078628825, 2.6309199095637554, 4.146869625963605, 2.617620092278471, 2.273114251839797, 2.284630860229412, 2.006422403117287, 2.7190967352097797, 3.4746083782285684, 2.2584220763234186, 2.1523074197833445, 2.2183202591482916, 3.0592430801541406, 2.066633698472071, 2.628323541736625, 2.589099730977599, 2.476640083657557, 2.2579632552033297, 2.3919337656644735, 2.239390226096664, 2.200613714098528, 2.0920450659825187, 2.4279374750690907, 2.344206508739863, 2.2806145698995888, 2.508247885861886, 2.6449340956535683, 2.253985681007424, 2.800972841984301, 2.696764862051191, 3.929114946370019, 2.1278763360381148, 2.391230481096997, 2.2893103245062276, 2.6702481962227793, 2.479661478176687, 2.608191592497465, 2.220568180986666, 2.3159312172560287, 2.3473546826839575, 2.3926524893743712, 2.335728533635554, 2.51827882214625, 2.2186473080453144, 2.0513834653628917, 2.36245257989081, 2.0255766952918215, 2.376216277254998, 2.102511493613093, 2.4928058325761793, 2.614526464720013, 2.4190293980001374, 2.3633018653602074, 2.0425116150914766, 2.335882360951052, 2.668359251537865, 3.3618434336567273, 2.4167290041182614, 2.5588523467866837, 2.3733568378956305, 2.129099964892938, 3.567364357364248, 2.266262714116338, 2.286673783315332, 3.319080518732965, 2.63943547823286, 2.5046445338765064, 2.451750776816417, 2.38502605015621, 3.7125484078516595, 2.178532526370026, 2.386946852725508, 4.224933960544268, 2.3142453155777174, 2.148069518025189, 2.562710801234991, 2.211491961887312, 2.2512428047742947, 2.099161688375153, 3.4547515342154074, 3.4803493173757527, 2.220997833986558, 2.1512226549981577, 2.044777585462238, 2.183880077860393, 2.116803029084262, 2.666840018423328, 2.296352002657814, 2.1903234781876746, 4.064493277079406, 2.03130652293359, 2.0279600964885933, 4.129497091460301, 2.580810298832399, 2.4868290741369807, 3.0364089741389666, 2.3939640002945803, 3.1254104711134207, 2.0714125818275098, 2.2266423889529063, 2.2353671928750747, 2.265287603381949, 2.483323213324678, 2.073076558297594, 2.272034306629426, 2.129690996189502, 3.683094529654968, 3.3857931880062493, 2.1348393782419253, 2.741248710213784, 4.313322334435491, 2.1803061381799225, 2.2407340996953837, 2.172560581607454, 2.4307212738601063, 2.4866610715649338, 3.118427393023854, 2.2984117131380897, 2.3957172392519506, 2.5453375778506406, 2.404124319142676, 2.662110749076072, 2.314244635173344, 2.2130529391495264, 2.25042611187756, 2.352143898150215, 2.3110380003290314, 2.28338802303004, 2.317615025652727, 2.576511850648999, 2.28186345702954, 2.1589339369939347, 2.1521459797390015, 2.483541848656303, 2.4147611704406007, 3.6991039703784105, 2.517729078534961, 2.9321667314326367, 2.3397553741337553, 2.4981315625309364, 2.12117132927577, 2.8403441954069435, 2.6462957387376886, 2.8466166681611376, 2.42719762111183, 3.630883837082184, 2.292438905449668, 2.7472386207045263, 2.1947936836025694, 2.049197674185693, 2.4648603463245116, 3.4323224852384793, 2.2408908541492294, 1.9880765995534313, 3.199413629380595, 2.6495788515585295, 2.183113726795436, 2.1567448849400708, 2.1567713352036564, 2.4255683732599937, 2.507246488758838, 3.52895657492988, 2.7541711138111054, 2.151636063472306, 2.457122323797247, 2.2731159047810405, 2.2400966274067415, 2.49047622726133, 2.7422438606212474, 2.9344097631727006, 2.957410281161155, 2.1312840302184375, 2.0435673349172325, 2.731624879428018, 2.684107575383776, 2.853067763748899, 3.016309909743394, 2.4428560815886167, 2.5003232727414697, 2.3889791075552242, 2.76863251887766, 4.077271350305721, 2.23712168756077, 2.470080111878673, 3.830730227811812, 2.2031904867032615, 2.192105669580866, 2.464541331768988, 2.4837364574826983, 2.065993480402076, 2.2515687192253875, 2.1889761829677115, 2.8842764651112045, 2.220459474336053, 2.762374561676419, 2.789696782991861, 2.0679868391147997, 2.511658322272119, 2.1117235921012076, 2.23468133325792, 2.620510223051437, 2.5178133103074307, 3.774621812005524, 3.602257158056036, 2.2878191319001364, 4.120317024201128, 2.255451549575038, 4.298549415988537, 3.7145195279705554, 2.292109932091322, 2.724541843582582, 2.163178425653092, 3.4284189903811875, 2.510763468166018, 2.4796727862042696, 2.3339440919569454, 2.1940694333827695, 2.835149725952741, 3.1041109856067344, 2.329185672839598, 2.601928802211877, 3.0249401974808907, 2.2761996717121984, 2.66800067680173, 3.0485003290876094, 3.129740938258818, 2.207370943390738, 2.1119130707451816, 2.4663453688013273, 3.3408848040120986, 2.557995670706033, 2.2509810667217667, 2.5164980242667983, 2.914031160607608, 3.0493001837640827, 2.559331190895997, 2.318483324559932, 2.6623895137618434, 2.7144792847314707, 2.3562950945066805, 2.1882104222954832, 2.307334593950913, 3.7144078903473776, 2.1965615632365987, 2.867931392945021, 3.0785675549052045, 2.0117275983305647, 2.4150795439352604, 2.6816270475082082, 3.788324220890636, 2.199864843389112, 2.0860728290874504, 2.139524036246423, 2.553362788252515, 2.1164365280491197, 2.719058285781805, 3.633546633707544, 2.0919354743996115, 2.8298611458023015, 2.48571678231614, 2.3904516970081593, 2.765787999451378, 2.8381709894702154, 2.6291991608361314, 2.360601697466153, 2.0726017665588023, 2.2043408397713193, 3.11774819864101, 2.32962277160631, 3.29143754910909, 2.601056416626876, 2.684030477396732, 2.2005888381769805, 2.5093546996898746, 2.233422601881637, 2.457887442563741, 2.042530599460169, 2.000792674874079, 2.1894400187207985, 2.4160875544636937, 3.942447283502837, 3.5168950159800407, 2.5246545830636724, 2.1203852038267264, 2.012003734602457, 2.2989702146025945, 2.5921563453857943, 2.0156910167580713, 2.7238500934256127, 3.970222699101858, 2.35101569354602, 3.4592660244156015, 2.9240967353467813, 2.3484122173600173, 2.331943775402078, 2.3590450142207704, 2.3693353699906017, 3.0880346529038505, 2.063432681523226, 2.2346104798153754, 2.3309697596249985, 2.3875290017186046, 2.52752433945875, 2.347608789381091, 2.246778617833903, 2.6270045382795835, 2.391578374218838, 1.9859900448489438, 2.043124219534282, 2.3625510469605437, 2.221398155139011, 2.0121720051431415, 2.1341429970812467, 2.3546216942384377, 2.2847714697702313, 2.296978760731711, 2.2073420958764505, 2.3075286182626615, 2.330575846383407, 2.283612316758793, 2.3376040064676706, 4.319863178371518, 2.2645667982471385, 2.5045403023701733, 2.2562614764291884, 2.50697888822257, 2.4675405999720788, 2.073157490805986, 2.1687496295352577, 2.5850087513037647, 2.1455343147893324, 2.6755122103390576, 2.354905261862073, 2.1955786906938313, 2.1959594235150095, 2.198684373807739, 2.2644638742384724, 2.571204374707268, 3.149032602076778, 2.1341982243356252, 2.39548643138754, 2.203401644997316, 4.231690873165465, 2.3633883565547977, 2.0402432775521677, 2.156509005745358, 2.3855888775578595, 2.072430834330113, 2.375726208302952, 2.8907442193534916, 4.047107850141174, 2.0073197730904813, 2.278893199262837, 2.215669257415252, 2.399100036668763, 2.6461906313245387, 2.20268091939137, 2.709570220013635, 2.3611764789924847, 2.212906964778318, 2.4636944998237964, 2.1243054759617497, 2.082754972718365, 2.471025811617745, 2.3832834574422694, 3.214335034945523, 2.1198209232315017, 3.7583674205126827, 2.279648691416405, 3.8581163657210586, 2.494265562194503, 2.2008826709192744, 2.4939365599184824, 2.641293402593009, 2.1116507412868835, 2.5613782174447284, 3.42186943298209, 2.262290572907462, 2.243939981224867, 2.3216420385427674, 2.1282142206176027, 2.151202874695775, 2.157530637040905, 2.3382439335696503, 2.4017703973475153, 3.3073653417809146, 2.3669916633829144, 2.3598017652035144, 4.463450590929835, 2.3044626427188053, 2.5876042044624943, 2.8993901448099137, 3.2718976226026277, 2.3562062976185008, 2.699606033551234, 2.1937476555637168, 1.9997847774816715, 2.155054112762825, 2.1510423704877373, 2.4413368212293443, 2.7514734618685797, 2.4592633363531355, 2.10091601662752, 2.2405214489751177, 2.1628140860360965, 2.0085615233881478, 2.4218142261503313, 2.5319404265274166, 2.2732039232177064, 2.12940049061592, 2.278659867391294, 3.3529424638353924, 2.1711795352050394, 2.3259635747091125, 2.1132126370747755, 2.2934002742454216, 2.1192626102067695, 2.852525405359131, 2.017103699284427, 2.4262574313502507, 3.1590613745560345, 2.460073105230656, 2.0506551559457753, 2.4385219054835092, 2.630659948438486, 2.294442254229635, 2.6628597640240934, 2.5749779494478484, 2.29907214593254, 2.3617270997595075, 3.0076301961744085, 2.0076244588258687, 2.9074588554045464, 3.0255391345684557, 2.5155397627439076, 2.235329573092494, 2.0914015554953473, 2.569013165910967, 2.113848779859306, 2.761157918372711, 3.1111139163335446, 2.0669314808006605, 2.3959017519314174, 2.2872737757441155, 2.308607972067263, 3.269673536136915, 2.2818840008166035, 2.2290999288622935, 2.451624789642366, 2.292171332582157, 3.122924832674914, 2.3858277023522514, 2.374768712651703, 2.494941273616343, 2.6801146640250195, 2.203201704739307, 2.5960881275379193, 2.553506772486163, 2.770330980461286, 2.149081730046845, 2.922306174934068, 2.223675334520341, 2.236634997381559, 2.507864973147452, 2.355617472745905, 2.4013461613979463, 2.214597008014033, 2.1451503127862317, 2.789140825763451, 3.0061026241867013, 2.4524090228063824, 2.461876386830966, 3.4734968658161027, 3.6959641447231, 2.2963864552380433, 2.035634023159199, 2.4788305871211844, 2.16114380109632, 2.034863503285905, 2.3295479227264235, 2.149212031850144, 2.542056876079902, 2.1336054335095427, 2.374274568414193, 2.236290283470211, 2.522103249666907, 2.413317336227998, 2.034247735740862, 2.8319230506984043, 2.0200159341244275, 3.467647098806568, 2.6511523405550563, 2.628725140173256, 2.284970780103724, 2.249479648653807, 2.3211942126071348, 2.0974279974327223, 2.8311314337268696, 2.0141990179640024, 2.2849083134687107, 3.645527560122377, 2.245807899163487, 2.3009702153718874, 2.121585606594065, 2.5026808152318663, 2.0690360840375353, 2.257452336108169, 2.24256502382045, 2.0982116070146732, 2.234997164118897, 2.1868300193673305, 2.3157489609116086, 2.5453558042287945, 2.396813113461426, 2.272494175583802, 2.706545010586311, 4.110335973499019, 2.223647100418267, 2.149896332048928, 2.427297573524998, 2.714215516844376, 4.0452371596546115, 4.299317018826331, 2.1512822638739437, 2.248718229161647, 2.0105522933233226, 2.23997236608439, 3.083075776470375, 2.478748559025896, 2.51150213269333, 2.381851774459073, 2.5148553690222517, 2.257966451474796, 3.466798340568226, 3.162169085359753, 2.7207562814029784, 2.436519085598254, 2.219715683157654, 2.516599707207375, 2.782376492337619, 2.4034373964885245, 2.6465619839191374, 2.576648706648307, 2.149484789329094, 4.073693493299686, 2.563102027930936, 2.6291323741821375, 2.6412854283324396, 3.7262782722690106, 3.7280571087000833, 2.230300514151108, 2.767944863565317, 2.537771740907206, 2.7690307757774004, 2.053905113685751, 2.2656129309515407, 2.756936447977659, 2.024242611928241, 2.1029179316882844, 2.9094971690518916, 2.5586989262043938, 2.1421339584378796, 2.385723929661397, 2.0986836274544394, 2.1709838174704936, 2.902353911632346, 2.888982541839708, 2.55460386830933, 3.311220841317574, 2.113473240681374, 2.413246193934638, 3.9743285407761126, 3.3161821492621275, 2.1778137091372556, 2.6637138133840437, 2.420305477336279, 2.925182878728725, 2.39502805132804, 2.2159253004103014, 2.0903227388970453, 2.616342730857792, 3.9415607013281644, 2.9706157926075845, 1.9912746027522858, 2.8569100934258977, 2.3101023171879156, 2.2664660376684984, 2.520413197577263, 2.0330617141118066, 2.6025898093310156, 2.3492179590449696, 2.307843326241588, 2.5397761962083623, 2.218365131292474, 2.457872912302758, 2.011179713326484, 2.3522682655522518, 2.07302970486978, 2.3031312371313777, 3.145944379600716, 3.7946388555437425, 2.07305472971942, 2.125987484876073, 2.6522526820184265, 2.3790500552217995, 2.156571136406534, 2.4439124413573, 2.9330263175768834, 2.0668115341075572, 2.7579568500554865, 2.0948064287014434, 2.3747036317013612, 2.2008530599203056, 2.568434382729847, 2.7895974025704118, 2.16606922133117, 2.4124963528256598, 2.351766893076784, 2.2265560963679403, 2.122830493233709, 2.1870764487304206, 2.0373349229193423, 2.0971855152689667, 2.228289547966587, 2.06455663595193, 2.2688375913288628, 4.04917525404364, 2.274632645761992, 2.817288515055035, 2.8197878958533793, 2.614946686797699, 2.985670523605918, 2.1863067188725207, 2.024796108909493, 2.0648681521836583, 2.4268960357116387, 2.1448016907429674, 2.088148165755892, 2.1482136266420833, 2.1477942446791465, 2.3208340430410628, 2.0831694451149483, 2.462019521516962, 2.635670593804532, 2.131412606170038, 2.7607453764602905, 2.552861449216038, 2.6173267679929726, 3.0316314201361982, 2.274444912569094, 2.3570441986185244, 4.136686126713852, 2.5517137774353613, 2.9884171923233263, 3.3905649989831605, 4.0459601203737074, 2.2492133986783283, 2.809810993141758, 2.215594617288404, 2.250044002159487, 2.1389864334420823, 3.134680529663116, 2.2365368342809147, 2.698289790792118, 2.3405438667915606, 2.0030095313818657, 2.2132774094814596, 2.6041195238376065, 2.107414213318442, 2.5177688666469176, 2.4640071437178275, 2.0017962576372383, 2.6125828971674565, 2.528262597044469, 2.2370004690575236, 2.5703841346415626, 2.6503091339339124, 2.5348516182869454, 2.3719153778097026, 2.2202251318531547, 2.279429341817262, 3.6877180430787084, 2.904026729604732, 2.063638482847887, 2.0793275202421038, 2.055617592993557, 2.067754894582716, 2.48533186887014, 2.2314900670325346, 3.1515162397435033, 2.2628516087141697, 2.2622560558734754, 2.991524209755482, 2.402593488685372, 4.139487783648453, 3.5781732936466826, 2.290545038641588, 2.7384869392907034, 2.454428402050105, 2.5531513423502328, 2.223298148319462, 3.891904866627572, 2.1453951412765715, 2.079054746675006, 2.2541307460730398, 2.615739175976545, 2.3722268680794976, 2.1410957246564153, 2.2012452822976094, 2.02974031251645, 3.371661051366303, 2.505741312631429, 2.6036559950160325, 3.4992498667785235, 2.5247483959989854, 2.570786385029262, 2.527270376744239, 2.4364921652719693, 4.029716704617387, 2.151790393215077, 3.6707935322757916, 2.1789026486490757, 2.3392987199259547, 2.1480686550993395, 2.1282982338681444, 2.34092964978182, 2.354783154895197, 2.0130685851009424, 2.2145673370855756, 2.6452376737297225, 2.2391301700544943, 2.1852753619671406, 2.3118243106865126, 2.543449807941769, 3.4223757251535476, 2.227881566561172, 2.1622690564042815, 2.6782497372611664, 2.604939335823689, 2.494563966856241, 2.0811757248906075, 2.7771522295144124, 2.263903636752416, 2.226466185646247, 3.2402510802451467, 2.4578008288173776, 2.896605716538643, 2.7907686987217675, 2.2958686706591296, 2.873313968822011, 3.8331923216942316, 2.3438231421353137, 2.49102670104296, 2.465483602935373, 2.196093007481198, 2.325151878010481, 3.1374660281924567, 2.1472954735380405, 2.1292181857343424, 2.1228721561254575, 2.514846935266198, 2.404332482882069, 2.8975013572400297, 2.1440430508550907, 2.0472724866150926, 2.2067710664912714, 2.5718886749060514, 2.522155475728108, 2.965293296113341, 2.5669872560799605, 2.1427545846452642, 2.084997125595872, 2.2779008506238716, 2.2437772682058994, 2.0738727834249016, 2.0641316514614534, 2.7915539397873212, 2.6376448917067723, 2.048721156595202, 3.6653145897778936, 2.5598571989730243, 2.4411281690767925, 2.0463938455786588, 2.6006563284757562, 2.6756111605533475, 2.2514296311798954, 2.3155224304672917, 2.5628115971260734, 3.7351193932949016, 2.2323220305241147, 2.4772484369118315, 2.2701860534638723, 2.403757575656569, 2.6781120394907667, 2.9587613409276425, 2.59166935772457, 2.3070170177701943, 2.3423964897419296, 3.2971151370155396, 2.250054357269683, 2.821822907799267, 2.2595091964606673, 3.6176226580748914, 2.092190973361568, 2.5912292309980915, 2.1563364205754256, 3.156211666418199, 2.264672385788296, 2.4981321652446016, 2.0003784704662406, 2.5090769253159695, 2.2871052693846528, 2.203797196486031, 2.084764816020836, 2.491943261050812, 3.965450955137213, 2.1474166505869072, 2.1030329562582217, 2.67766053888892, 2.4987126151525882, 2.298646204993342, 2.315013509881955, 2.1024416695297257, 2.508864257369511, 2.0121254800577155, 2.344028671939895, 2.1411239007717, 2.133132778900035, 3.4704159171393076, 1.925645128742971, 2.635614746075269, 2.6346516597732883, 3.00476842220673, 2.7469647126914984, 2.95003447649586, 2.5815494742235754, 2.067770171816078, 2.5577937169880967, 2.1498665640662624, 2.656643158618646, 2.5141625390061404, 2.3573343046060042, 2.384927670691052, 2.1387180635028367, 2.351507488369873, 2.0905337272264366, 3.3119380582132516, 2.3417867905824683, 3.1091011866671, 2.9088847952234587, 2.6944431563796316, 2.244464004722804, 2.3688208237332367, 2.21344596437175, 2.3313446368736663, 2.066246244765572, 2.4274827860567734, 2.136007941666995, 2.517667737889179, 2.2068386947446754, 2.07978296256925, 2.40553599292227, 2.097942672200371, 2.559244201818509, 2.4636513872091323, 2.6434721469093527, 2.334342146755941, 2.6760220330828806, 3.3923652518897063, 2.307166885898324, 2.2613487119211855, 2.1068323458638365, 2.401436078758156, 2.711605599578282, 2.6162164852692777, 2.181814160465842, 3.69990784390198, 2.388016800805965, 2.5531722204381953, 2.6987382697829783, 3.038294849342729, 2.1173581328565607, 3.4036731578897506, 2.328853002515773, 2.9268391890275507, 2.2559281270950176, 3.9132380465725083, 3.793826620750422, 2.200635190190562, 2.317193862682524, 2.253452392832332, 2.3781416947197505, 3.843236484105077, 3.58890245895995, 2.8576322005374424, 3.7362795099561597, 1.9704014950407296, 2.0723445476634432, 2.6093347552707176, 2.093416255157635, 3.704162240732662, 3.625064827640146, 2.9935018377419595, 2.1821555661278493, 2.540292717831062, 2.512240640236946, 2.6903425927054023, 2.3888800050869388, 2.252944992432729, 2.3445789632000484, 2.783526672929402, 2.0153294508270623, 2.439375557206386, 4.244769997817856, 2.399204705963286, 2.2880747243849653, 2.0867994126528675, 2.0720330255134183, 2.5008300656471545, 2.171471297665098, 2.4466258246591797, 2.2947333317610523, 2.1770333052764035, 2.222511562910565, 3.2955202906408183, 2.439055490585128, 3.5645433424437476, 2.808069679320738, 2.712275128058051, 3.452016619888658, 2.235444159709023, 2.7151532162565344, 2.2815004183119094, 2.095839918121073, 2.1068187909508387, 2.1570130640525824, 2.6430997589769576, 2.7811054025610638, 3.15880245304423, 3.4197207092290136, 2.399744903463472, 2.7180126609586033, 2.735449862733926, 3.071734410144668, 2.0218041659985673, 2.4715665762955132, 2.506950365269681, 2.6309759044298526, 3.0369075359451085, 2.4451493341369988, 2.5209399527111045, 2.133779043369274, 2.45913479426468, 2.5042198808355995, 2.4473005112260036, 3.1373508454944483, 2.526342637932978, 2.4843885569120308, 2.2758597263202143, 4.183993246687758, 2.3733194986385002, 2.0116603630247467, 2.1751929304213706, 3.0833894754063422, 2.292887472294758, 2.743010748060925, 2.1953241275681807, 2.6676338753288333, 2.5294603161173583, 2.293632923305523, 3.698060269231984, 2.279191672165652, 2.310342028052646, 2.506470318541067, 2.635344074966703, 4.237222941859567, 2.0633010788406687, 2.2058317331885733, 2.1359450577754253, 2.4320717528148306, 2.2084369027973736, 3.6400858099301012, 2.5474796117302105, 2.2233528427035316, 2.3906384204412556, 2.511758494581136, 2.356579354098569, 2.113486184569119, 2.2129978215061685, 2.041876501666124, 2.555202090705355, 2.2280730471011934, 2.9382497227053044, 3.0101007171100367, 2.7303144569981495, 2.942503176048125, 2.179658382553496, 2.9169277335518107, 2.489134841076398, 2.5852665040824734, 2.356324340462697, 2.5329079098589475, 2.4184900693440974, 2.0923669373244436, 2.797129777376817, 2.1298368306580953, 2.918619221689621, 2.265483763594171, 2.541292645672494, 2.237928187256368, 3.984457686991455, 2.2470325919407457, 2.427487100686022, 3.2085173240296667, 2.2123057608930345, 2.433335385153191, 2.0946519649743536, 2.6140394875282764, 2.237975984151937, 2.888278444146234, 2.3291696963025994, 2.2074388650192263, 2.6242812675499296, 2.8079126083409895, 2.116089631857555, 2.3555511981340347, 2.4397247187584754, 2.037718852011987, 2.409614253398238, 3.348604777888656, 2.7620468222453862, 2.493285233423462, 2.2752851469147344, 2.2490033135847924, 2.445273324124596, 3.7732826362713396, 2.3129952535202825, 2.9831821103571583, 2.5046095883588504, 2.341585406435405, 2.9375966680560595, 2.3074602806872098, 2.55543497972505, 2.777055671949215, 2.0391728820686708, 1.9884985702939169, 2.4836675758741533, 2.691077664448442, 2.6282106668263467, 2.269716484286001, 2.3316243268285284, 2.0509492311390347, 2.0460289008547066, 2.0848917390311925, 2.5366873930187497, 2.6817432296748938, 2.4343584418626825, 2.710996662953735, 2.1193583220656262, 2.357429806614346, 2.20811032740995, 2.2568014080548773, 2.063556504892169, 2.1758806823235526, 3.0822249386251697, 2.389506355249369, 2.4565710077021836, 2.5042028983629545, 2.791304596371261, 2.4133107883944143, 2.301215286313192, 2.2773399997256014, 2.7133510655909263, 2.7733822795427456, 2.170409307464242, 2.6689813659400135, 1.9948419382147966, 3.8169712100997177, 2.5649176043192528, 2.8097999960146014, 2.8528899926985036, 2.5138096184217757, 2.6975207863444135, 2.575513716705034, 3.526145124124262, 2.022142250410159, 2.1893141044572033, 2.150616085118003, 2.1037560152097843, 2.8383991841167733, 2.589089746828652, 2.2396627132200146, 3.0345708460517926, 2.8379444969627206, 2.20616161331411, 2.2338501692313657, 2.694176891134438, 2.1528156831087966, 2.264287660761961, 3.388074857475633, 2.08547871113044, 2.9358916539430333, 3.680806242959867, 2.3812367763170075, 2.091726646343993, 2.380757523559277, 3.5165191862712604, 2.1235832070255807, 2.3540773544606277, 2.3271439843609967, 2.0551383076353766, 3.475663192634264, 2.154948835809166, 2.2629041131865733, 2.952142361299922, 2.1877012070455777, 2.4781360746366756, 2.096774928997855, 2.259522213258868, 4.034851124835327, 2.2703052617658126, 3.4339223029666748, 2.2733126518747637, 2.1424597099869795, 2.22967463747817, 2.306830472202972, 2.3381390204944625, 2.4374175843717953, 2.2447749769214393, 2.4402482401420675, 2.4886256187437144, 2.5285470464932174, 2.595662829628722, 2.3783287831957995, 3.100160367612915, 3.0520318660848105, 2.04787980389178, 2.4103735552354864, 2.2450260883436917, 2.156177502316472, 3.611133536489991, 2.3759766137629437, 2.5579284269435165, 4.1612257059834725, 3.752392312058987, 3.0429421974721387, 2.4844270500630263, 1.9959240472302753, 2.457933640529259, 2.6325376194875267, 2.2467761019668098, 2.1760567191968843, 2.6742700601825753, 4.152378305244076, 2.2044618158437075, 2.060798849308575, 2.2661086168262283, 2.2551186356558732, 2.0939417770000803, 2.33199934230674, 2.6533980488223565, 2.349571785174045, 2.507668616634461, 2.2198597917745477, 2.210341719652755, 2.4909821293365315, 2.57295963879594, 2.70348116764747, 2.8522024879099828, 3.075091217766205, 2.6283278628328413, 2.2520779183871453, 2.2861265117234653, 2.7512939732918498, 2.575686107052661, 2.3060805351640528, 2.124141095077872, 2.2086010317806544, 2.323690356501017, 2.7012866456563582, 2.426709531585019, 2.206041715158164, 2.3174700541099833, 1.9851737169951618, 2.28074171327003, 3.121271524885188, 2.706759901559806, 2.1392608438622753, 2.484908042797797, 2.130685086768315, 2.32990239325942, 2.2778197864980143, 2.535480010826977, 2.4611286934590546, 2.3836306990573033, 2.5408692252090934, 2.9005146307148983, 2.2326292020645466, 2.183762647034383, 2.32995056365464, 2.4179871892397085, 2.4008580718912422, 2.301689895530507, 2.307785379756677, 3.678963206867774, 3.6979239773736023, 2.4599914923178905, 2.4856172245573815, 2.50065107947759, 3.127816817454889, 2.1544797751081974, 2.931529016248768, 2.7587528713551186, 1.9941688560520587, 2.248512235865878, 2.3286108048530645, 2.010574729395414, 2.139927022618216, 2.262139768943027, 2.2542499318198645, 2.5643444407535685, 2.6127329426127885, 2.4481361131876835, 2.406874390915099, 2.0848174544976654, 2.3105625720272074, 2.3331167191389626, 2.30798846421766, 2.7246891217887885, 2.3455395821922007, 2.476372142201981, 3.673435197324089, 2.5115670577980196, 2.2500835303152438, 2.597578056319514, 2.293027918762036, 2.3403900336890997, 2.3934035999065313, 2.3264491902874465, 2.3968075999324903, 2.263084298255825, 2.7128930942642793, 2.1950328236739467, 2.308237909633266, 2.4330398241722366, 2.415602436788364, 3.5554328480742727, 2.3278455710015145, 2.0323303874133645, 2.7369154515945224, 2.358824442315138, 4.256638773477006, 2.3134008992132267, 2.383252535565739, 2.529626097321662, 2.4880775196776455, 2.20992296719018, 2.1729829832386773, 2.2555106374171086, 3.1217288174472797, 2.2472549529029178, 2.4450974520821798, 2.072055461585509, 2.2092854048898936, 2.5337037152318653, 2.2043334408685857, 2.5780465137692534, 2.1921149998561527, 2.2446140477409604, 2.503105206916215, 2.072534391350369, 2.2782050408633228, 3.3012700296336552, 3.0391291154508853, 2.293820084692028, 2.6303725061018177, 1.9905609630746137, 2.603540460110928, 2.3585220461684626, 2.1043633324864714, 2.1864761203277996, 3.0932472659818404, 2.7276927218335425, 2.0598787878313574, 3.9054570441860887, 2.181921236181656, 3.7190353302397154, 2.734469965866664, 2.0635452868561233, 2.6438703902995617, 2.1313005354206016, 2.3483319212431093, 2.6719826683266743, 2.042186152143538, 2.3768110630595687, 3.4342987425492395, 2.046719168623982, 2.723863359293188, 2.357384709898606, 2.282370857429142, 2.280189581877777, 2.436374433856764, 3.1025835706497538, 2.2418117830765656, 3.465142176103603, 2.091860399850691, 2.0011896207649245, 2.7937367652873184, 2.121523403022433, 2.1311508242761685, 2.148408647884107, 2.3886996305849815, 3.4616893607097237, 2.7603592356209505, 2.4586076596927837, 2.2681973003484117, 2.126441217439668, 2.390830946428603, 2.6098400903134475, 2.9274772123989434, 2.222113958621791]"
0.1,9000,1456245.0263558223,1456245.0263558223,0.042311668395996094,457.40600904227585,"[3, 2, 3, 4, 2, 2, 2, 4, 2, 3, 1, 2, 3, 1, 4, 1, 3, 1, 2, 1, 2, 3, 2, 4, 2, 4, 2, 3, 3, 2, 2, 2, 2, 2, 4, 2, 3, 2, 3, 4, 3, 3, 2, 2, 2, 2, 3, 3, 3, 2, 3, 3, 2, 3, 2, 3, 3, 2, 2, 2, 3, 2, 3, 1, 3, 2, 3, 3, 3, 3, 3, 2, 4, 2, 3, 3, 2, 2, 2, 2, 3, 3, 3, 1, 3, 2, 3, 2, 3, 2, 2, 2, 2, 1, 2, 1, 3, 2, 3, 2, 3, 3, 2, 2, 2, 2, 3, 3, 3, 4, 1, 3, 2, 2, 3, 2, 3, 5, 4, 3, 4, 3, 3, 2, 2, 1, 4, 2, 2, 4, 2, 2, 2, 5, 2, 4, 4, 4, 3, 2, 3, 3, 4, 2, 3, 3, 1, 3, 2, 3, 1, 2, 3, 1, 3, 2, 3, 4, 3, 2, 3, 2, 3, 2, 2, 2, 3, 2, 3, 2, 3, 4, 1, 2, 3, 2, 3, 3, 2, 3, 4, 2, 3, 3, 2, 2, 2, 2, 2, 2, 3, 3, 3, 3, 3, 2, 3, 2, 1, 2, 2, 3, 3, 3, 2, 3, 2, 2, 1, 3, 4, 2, 2, 5, 2, 4, 2, 3, 3, 1, 1, 1, 3, 3, 3, 2, 2, 1, 3, 2, 3, 2, 2, 3, 2, 4, 2, 3, 1, 2, 4, 3, 2, 2, 3, 2, 2, 4, 2, 3, 5, 2, 2, 3, 3, 1, 2, 3, 4, 3, 4, 3, 3, 2, 3, 3, 2, 4, 2, 3, 5, 3, 4, 2, 3, 3, 4, 2, 3, 2, 5, 3, 3, 4, 2, 4, 2, 2, 2, 3, 2, 2, 3, 2, 4, 3, 4, 2, 3, 2, 1, 3, 1, 4, 2, 4, 3, 1, 2, 2, 2, 1, 5, 2, 3, 3, 3, 2, 2, 4, 3, 3, 2, 3, 2, 4, 3, 3, 2, 3, 5, 2, 2, 2, 3, 1, 3, 3, 3, 2, 3, 3, 1, 1, 1, 3, 4, 3, 2, 2, 3, 2, 5, 2, 4, 1, 3, 2, 3, 4, 2, 3, 3, 2, 3, 4, 2, 3, 1, 1, 1, 1, 1, 2, 2, 3, 2, 2, 2, 3, 2, 2, 3, 4, 3, 3, 1, 1, 3, 2, 4, 3, 3, 2, 4, 2, 2, 3, 3, 4, 4, 2, 3, 1, 2, 2, 3, 1, 3, 3, 3, 2, 2, 3, 2, 2, 2, 2, 4, 1, 2, 2, 4, 3, 4, 3, 2, 2, 2, 4, 1, 2, 2, 2, 3, 2, 3, 1, 3, 3, 4, 3, 2, 2, 1, 3, 1, 1, 2, 1, 4, 2, 2, 2, 3, 2, 3, 3, 2, 1, 3, 2, 3, 2, 2, 2, 3, 2, 2, 1, 2, 3, 1, 3, 2, 2, 2, 4, 1, 1, 3, 2, 3, 2, 2, 3, 3, 3, 3, 3, 3, 2, 2, 2, 2, 4, 3, 2, 3, 4, 4, 1, 3, 2, 1, 2, 3, 1, 3, 2, 3, 3, 2, 4, 3, 2, 3, 2, 2, 1, 5, 4, 4, 2, 4, 2, 2, 1, 3, 4, 4, 2, 3, 2, 1, 2, 2, 2, 2, 2, 2, 3, 3, 2, 3, 4, 5, 2, 2, 2, 1, 3, 2, 2, 4, 3, 4, 1, 2, 3, 4, 2, 2, 2, 2, 3, 2, 2, 3, 3, 3, 3, 2, 3, 3, 2, 1, 3, 3, 3, 1, 2, 3, 2, 2, 3, 5, 2, 2, 4, 1, 1, 3, 2, 1, 2, 5, 3, 4, 3, 3, 3, 2, 4, 3, 1, 2, 3, 1, 1, 2, 2, 5, 2, 3, 4, 1, 2, 2, 3, 2, 4, 1, 3, 3, 2, 2, 1, 2, 3, 3, 2, 1, 2, 3, 3, 3, 3, 2, 3, 3, 3, 2, 1, 4, 2, 3, 2, 2, 3, 2, 1, 2, 5, 2, 2, 2, 3, 3, 2, 3, 2, 1, 1, 3, 3, 2, 2, 3, 2, 3, 4, 1, 3, 3, 3, 2, 2, 2, 2, 2, 5, 3, 3, 3, 3, 3, 4, 3, 4, 4, 2, 2, 2, 3, 2, 3, 1, 3, 3, 2, 3, 3, 2, 3, 2, 3, 2, 2, 3, 3, 2, 1, 3, 2, 2, 4, 3, 1, 3, 2, 2, 3, 4, 2, 4, 2, 5, 4, 2, 2, 3, 2, 2, 3, 2, 3, 2, 2, 4, 4, 3, 3, 4, 2, 3, 4, 4, 3, 5, 2, 1, 2, 5, 3, 2, 3, 2, 2, 3, 5, 3, 3, 2, 2, 2, 3, 3, 3, 3, 3, 3, 1, 3, 3, 1, 2, 3, 1, 2, 4, 3, 2, 3, 3, 2, 2, 3, 2, 2, 4, 2, 3, 2, 1, 3, 4, 2, 1, 3, 3, 2, 2, 3, 1, 2, 3, 3, 2, 2, 3, 2, 1, 2, 3, 5, 3, 3, 4, 3, 3, 2, 3, 3, 4, 3, 2, 3, 1, 3, 4, 3, 1, 1, 4, 2, 3, 4, 3, 3, 2, 2, 3, 2, 3, 2, 1, 2, 2, 2, 3, 3, 1, 3, 2, 2, 2, 3, 1, 2, 2, 3, 2, 2, 3, 2, 4, 1, 2, 2, 2, 2, 3, 2, 2, 3, 4, 1, 4, 3, 1, 3, 2, 2, 2, 2, 3, 2, 2, 2, 1, 3, 3, 4, 3, 1, 3, 4, 1, 3, 2, 4, 3, 2, 2, 3, 1, 2, 5, 2, 4, 2, 3, 1, 2, 2, 1, 2, 3, 2, 3, 3, 2, 2, 2, 3, 2, 4, 3, 3, 2, 3, 3, 3, 4, 3, 2, 2, 4, 5, 2, 3, 3, 5, 3, 1, 2, 3, 3, 1, 2, 3, 3, 3, 4, 4, 3, 4, 2, 3, 2, 1, 1, 3, 4, 2, 1, 1, 3, 3, 3, 2, 3, 3, 3, 1, 2, 3, 3, 1, 3, 3, 2, 2, 2, 4, 3, 4, 2, 3, 5, 2, 2, 4, 2, 2, 3, 2, 4, 2, 2, 4, 1, 3, 2, 3, 2, 2, 1, 4, 2, 2, 3, 2, 3, 2, 3, 4, 4, 5, 4, 2, 2, 2, 5, 2, 2, 4, 5, 3, 2, 2, 3, 2, 2, 3, 2, 3, 2, 2, 3, 3, 4, 1, 2, 3, 3, 2, 2, 3, 4, 1, 2, 1, 3, 4, 1, 4, 3, 3, 1, 2, 2, 2, 2, 5, 3, 2, 2, 3, 4, 2, 4, 2, 3, 2, 3, 3, 2, 2, 2, 2, 2, 2, 3, 2, 3, 2, 2, 3, 2, 3, 3, 2, 2, 3, 4, 2, 2, 2, 3, 2, 3, 2, 3, 2, 2, 2, 4, 1, 3, 4, 2, 2, 3, 2, 2, 3, 2, 3, 3, 2, 2, 2, 3, 3, 2, 2, 1, 3, 3, 3, 2, 2, 3, 3, 2, 3, 1, 2, 3, 2, 3, 3, 5, 3, 1, 3, 2, 3, 2, 2, 4, 2, 3, 2, 2, 4, 3, 1, 3, 2, 1, 1, 3, 3, 3, 3, 2, 2, 4, 3, 3, 4, 2, 3, 3, 2, 3, 3, 2, 3, 2, 4, 4, 2, 4, 2, 2, 2, 2, 4, 2, 2, 2, 4, 2, 4, 2, 3, 1, 3, 2, 3, 2, 3, 2, 4, 2, 2, 2, 3, 2, 3, 3, 4, 2, 3, 5, 2, 2, 3, 2, 2, 2, 4, 4, 2, 3, 3, 4, 4, 1, 1, 2, 2, 3, 2, 4, 2, 2, 3, 3, 1, 2, 2, 2, 3, 2, 3, 2, 3, 3, 2, 3, 1, 5, 4, 4, 3, 2, 3, 3, 3, 3, 3, 2, 4, 2, 3, 2, 3, 4, 2, 2, 2, 4, 1, 2, 3, 3, 2, 3, 3, 3, 2, 3, 1, 1, 2, 1, 3, 3, 2, 3, 4, 4, 2, 4, 1, 1, 1, 3, 3, 3, 3, 4, 2, 4, 4, 3, 2, 1, 3, 2, 3, 1, 3, 2, 3, 2, 3, 2, 4, 4, 3, 3, 2, 3, 4, 2, 4, 2, 2, 3, 3, 2, 2, 1, 1, 2, 2, 3, 4, 3, 3, 2, 2, 3, 3, 2, 1, 2, 3, 2, 1, 4, 3, 2, 1, 2, 3, 3, 2, 2, 3, 3, 3, 3, 3, 2, 2, 3, 2, 2, 2, 3, 1, 3, 3, 3, 2, 2, 3, 3, 3, 3, 3, 2, 3, 3, 3, 2, 3, 1, 3, 2, 4, 3, 3, 2, 2, 2, 2, 3, 3, 2, 2, 3, 2, 2, 1, 1, 4, 2, 3, 2, 3, 3, 3, 2, 3, 3, 2, 4, 5, 2, 3, 2, 3, 3, 2, 2, 4, 2, 2, 3, 5, 1, 2, 2, 2, 2, 2, 1, 3, 2, 4, 1, 2, 2, 1, 2, 4, 4, 2, 3, 3, 1, 1, 1, 4, 2, 4, 2, 4, 3, 3, 4, 2, 3, 3, 3, 2, 2, 2, 3, 3, 3, 2, 4, 2, 3, 3, 3, 2, 3, 3, 3, 3, 3, 3, 4, 3, 1, 4, 3, 3, 2, 3, 2, 1, 1, 3, 2, 3, 2, 4, 2, 2, 2, 2, 3, 2, 3, 2, 1, 2, 1, 1, 1, 4, 3, 2, 3, 3, 3, 2, 4, 3, 4, 2, 3, 3, 5, 2, 2, 2, 2, 3, 2, 4, 2, 1, 1, 2, 2, 2, 3, 2, 3, 3, 1, 3, 3, 3, 3, 1, 4, 3, 2, 1, 2, 1, 2, 3, 2, 1, 4, 2, 2, 3, 4, 4, 4, 2, 3, 4, 2, 4, 1, 2, 2, 2, 3, 3, 3, 2, 2, 4, 2, 2, 1, 4, 3, 3, 4, 2, 4, 3, 3, 1, 5, 4, 4, 3, 1, 4, 2, 2, 3, 4, 5, 1, 2, 4, 3, 2, 3, 2, 3, 2, 3, 3, 2, 2, 2, 4, 4, 3, 3, 3, 2, 1, 4, 3, 2, 2, 3, 3, 2, 2, 2, 1, 1, 3, 4, 3, 2, 3, 3, 2, 3, 3, 3, 2, 2, 3, 3, 1, 2, 2, 2, 3, 2, 4, 2, 2, 2, 2, 4, 3, 3, 3, 2, 3, 5, 3, 4, 4, 2, 2, 2, 2, 2, 3, 2, 2, 2, 3, 2, 1, 3, 2, 2, 1, 3, 2, 3, 2, 3, 3, 3, 3, 2, 2, 2, 3, 2, 1, 2, 2, 4, 3, 2, 2, 2, 2, 3, 3, 2, 2, 3, 5, 3, 4, 2, 2, 2, 3, 3, 2, 4, 1, 2, 1, 2, 2, 3, 1, 2, 3, 3, 2, 3, 1, 2, 4, 3, 3, 3, 2, 2, 2, 3, 3, 3, 2, 2, 2, 5, 1, 3, 2, 1, 4, 2, 3, 2, 3, 3, 2, 3, 3, 1, 3, 2, 3, 3, 3, 3, 3, 3, 3, 3, 2, 4, 3, 2, 1, 2, 4, 1, 2, 3, 4, 2, 3, 3, 2]","[-686.7334962835816, -1067.8456301626256, -597.7090047426623, -610.0922375317346, -1522.7314545395418, -970.9046378530903, -1550.0995187169838, 871.9647095534008, -79.06856734931159, -83.90351360831386, -1895.4414128536273, -365.60395633785566, 983.444006566953, -1366.3316784917386, -850.0863501522896, -1401.1031172091848, 1241.2087536178922, -749.5741190159058, -1222.4117727845364, 1218.1123846685123, -1272.1732039001545, -680.3107584814186, -1691.9232527287463, 4138.54404071763, 2057.4617459193605, -175.97528430420988, -433.12737357216025, -1014.002576184924, 487.5141003700809, -1760.3485812485235, 386.2972193861033, -1517.3814620860921, -1580.0330159063, -1506.0867370351182, -848.741668593444, 127.40033432947041, 1195.4019748478324, -655.3187702009204, 69.01041400184727, -1669.9155670773334, 22.50444070316729, 549.6602789769911, -1754.842916894237, 193.07875283061855, -1595.1737038702177, 530.8074206444334, -992.4133618991405, 1729.5503227225583, 2550.273880860801, -978.8337249490977, -1529.1884839735224, 59.294966864588275, 451.6812844492109, -490.410018749218, -1358.8317663506584, -1128.763870784744, 764.3847338939368, 394.3107008021642, -1734.39863717273, -1061.0808483936496, 1248.417186262861, -469.03686511187993, -613.0041318663909, -1582.921802175391, -509.6640668091169, -1902.7118624126622, -406.29241611876614, -1894.1307887363603, 1088.0316205905751, 960.0075202498047, -321.9903521866683, 1217.6483944854328, -1002.3712558625011, 655.470694739531, -661.6223845327208, -178.885082548836, -1421.475051248991, -933.4532456794353, 1206.9645416641342, -82.31141779262308, 235.4135090492748, -1618.9825704744542, -437.5548089257651, -2020.4234202354617, 756.0691723795642, -1359.3175655108441, -249.6053403974644, 350.16056766851773, 449.1751926759197, -271.19037790915615, -1402.717001974415, -1118.3117256728847, -1242.4373454520135, -1750.6825035859354, -1098.9326419535746, 736.1018966680953, -579.6207381400021, -2027.5305585874555, -27.24022858931994, -885.6212841375618, -1216.8544520819187, -257.2171634952115, -1188.279730512934, -937.1072512290449, -1735.7382259464798, 134.27774566143955, 573.6643700363779, -1415.5483014947251, -1016.5877598759427, 1537.801191265621, 1278.5393682335753, -275.84289623383205, -1259.1381892945774, 1003.6704539461923, -645.9241548522708, 1045.6550645150498, -72.52909991549592, 2623.745600227551, 2447.5660818801944, -701.894711806947, 1548.8620762005019, -934.0200832016243, 633.6878713199811, -985.961532557259, 1306.93690282364, -927.4651150280118, 618.1591764697355, -1215.482416252866, -69.7661226832563, 4051.495363124842, -570.5018734263119, -448.5456692199498, -843.267497566621, -54.73017644265346, -606.1544830821715, -779.9458552668001, 294.8975182357834, 883.6075217338396, 2693.847012842073, -791.107138375956, -1228.173144101292, -1315.019852290571, 721.4162328364694, 14.678865001291797, -908.3887547967549, 1263.0474772067314, -932.0230662020085, -564.577540217333, -751.1741862134434, 292.7060312470626, -1184.8956742353848, -129.98294358198538, 689.4916671675194, 306.60852358720354, 0.936784667671759, -772.8027502566943, -1331.8332173893705, 1157.1748149223556, -532.8000734497798, -8.756479642412728, 1250.2281795371612, -1356.4813253075472, -2020.1505458135703, -979.6192768634586, -568.509063254316, -445.1657474033384, -2047.7005262722732, -371.1236446343313, -1532.5123871918634, -1435.3240312853418, 168.20775579494523, -1142.339069985544, 1624.3422547647785, -1157.663243594073, -550.0224370008866, -1591.4113635224712, -596.9840152931013, 965.6221932835572, -1915.8615154251788, -352.1380786928572, 51.29144677920874, -1160.7534611351682, 293.87612189178367, -763.1298453190218, 540.1433231924864, -1929.1774121792773, -854.3303434902627, -561.2297724626792, -1241.6948985982065, -1589.6955431276976, 906.3057915767076, -688.2187803289389, -452.47340711081307, -280.85764370031745, -637.5548529246294, -636.7801765936615, 34.765807938483476, 154.98956135245385, -1480.367102723306, -963.0876304676734, -418.2782522404551, 1254.8379903132409, -610.8990733543026, 333.68828595311095, -1881.4628004230915, -76.49991411733464, 280.24367029599216, -1316.1340543624783, -415.6805472158943, -534.0756270276346, 851.1653401017504, -2059.4155213393906, -18.19156886672539, 407.3306299600837, -1285.05291502532, -731.4507094952749, -925.0175141528633, -1193.1563888182673, -1080.0842567693296, 1053.175762008472, 27.84116446973195, 340.68113954917135, -534.5917028194675, -1511.7712842022, 61.31717793092923, 746.2804319857485, -329.2568145493984, 2137.6227380013233, -1714.1264843840206, 1197.8728620620202, -963.2600759006618, 1993.2813337890395, -1761.6778104400103, 496.93838443449215, -871.0116914476905, 357.8771436115568, 280.53901924817455, 723.8599023943199, -151.21420417215168, -47.5979159952237, 1419.5625172451525, -785.839273357466, -1104.5333724191125, -802.1094367984292, 1711.9828470396997, -525.3559765313593, -59.73874427134814, 3281.6673749563515, 248.01734951182618, 2713.529378574216, 2741.456951675854, -1172.4601872804099, -816.1726189265514, -1927.8535193751252, -465.84469055049055, 1403.9862001001554, 770.7369045758337, 677.1090487679234, 99.91927653551926, -28.15299201639027, 819.6268562279745, 1609.282484235967, -1162.2949854492786, -1718.5801896248952, -465.45332758169036, -1243.1638957867613, 682.4241357526571, 182.31150557978788, 141.76051561797146, 82.48062121572536, 1499.9960999949246, -1118.8403633787188, -403.11925121219156, -664.8111417010163, 984.4075726750798, -537.4245403872128, 1468.3071045934353, -929.0196723406061, -423.3827602573622, -1439.181408896655, 1013.2890326221764, -814.3014642367384, 29.300519586333564, 1991.2205559261663, -497.79206055423475, 1179.6125061967703, -1413.3487682758416, 1077.6340233222516, -1035.8664401131944, 1957.3010458537672, -1090.9740966582776, -1347.5748056367152, 1067.3092738334872, 1541.4247818395802, -784.0619957673719, -263.99375082942964, 1445.298108539472, -12.637312557183861, -245.64234813965118, -635.194610824034, 1001.4561884620055, -853.8631494042969, -805.9870632909214, 2399.052956423914, -1490.9723316509628, -378.8277962181131, -1478.9774259811038, -923.4637335100776, 18.668221554639786, -968.1213366593852, 2364.561179352114, -83.4278638488351, 2491.9032367726895, -1553.6513317779925, 585.0245378349176, -91.42430139193499, -929.3758400900789, -1579.6824520306632, -1874.711536827225, 1633.460471934875, 345.86436488707636, -107.26252516351735, -899.8197499578669, 145.7056871363692, -25.747799405366607, -565.2977400953173, -1361.1111178830124, -68.23018856701722, -556.977501846526, -1080.973401559347, 2129.421036180508, -614.4906828319945, -1838.9791470572325, -1690.0904846069252, 809.7581536628127, -336.4442255748602, -119.31558791386709, 643.7954740354811, -67.87309279076237, -2054.611277729724, -1203.820893213275, 192.83170468530147, -938.3381367842328, -819.6935300764304, 1666.3494897064554, 3751.5577749995437, 1539.3992603685147, 58.723994881461635, -349.9252767870887, -284.288923454149, -872.2366938116619, 591.0946277342648, 870.1993972028263, -695.5470507118462, 1165.0912407930205, -1211.1545009551123, -654.286102098872, 767.2331621730439, -942.2215794090428, -8.916766055927098, -2029.827251638376, 54.29020189944083, -1224.3549694252793, 240.2648663184276, 633.4483939119314, 1748.8461650995716, -1515.34524007425, 287.85230164036693, -911.1295678530844, -2056.556541600936, -591.2386115744196, -1743.4037851050248, -1183.4258733720144, 380.11564078779145, -1721.8050691563408, -1102.0105284785386, -690.2838819380893, -947.6640239393938, -1206.5933252367015, 483.7791220192048, 1408.6271325027808, -1502.6583854915157, 889.6908029284548, -742.9228400467471, 844.138580208157, 1778.4541183484782, -2022.292196579325, -443.3090824324146, 56.196250142859526, -456.71869481906765, 148.93982635105982, 275.66360498817994, -1455.3270766761436, -337.8939954582337, 2130.3488720585474, -1891.0216741111715, -1268.5765765353176, -1157.8362496287668, -858.9766739094792, -1292.5879700843711, 879.5094350267138, -1219.5900031945214, 576.194397951564, -909.643229145963, -925.5095150044557, -870.091173589836, 446.4449896715495, 920.0371904028048, 905.5924297512695, -545.8235978318007, -1990.4822763552313, 1410.4238581509846, -887.9284424833243, -761.7855414054268, -1027.4070134409114, -1490.7254967357228, -1072.6271342371347, -1193.0322933608786, 2371.2474248178914, -814.3548447919756, -1761.3759947915546, -1708.9103311523756, -14.106515602983109, -467.5051775326368, 524.6819194356218, -8.646978056818512, -1251.0925283097142, -431.43104116312315, -562.2281678539041, 657.3449186853042, 19.285519790017986, -1117.2905245586862, -292.4193898249995, -854.9904122407955, -513.6471831556488, -1612.7397956536959, -544.8528923873953, 568.2778013744708, 1539.841647688854, -1027.8033759805085, -624.1852040363646, -1153.847678628099, -1173.0750508483657, -33.640082111084524, -1835.0544479426176, -955.5501407412002, 103.78842791397511, -2072.465947289401, 239.89520099961464, 880.2356986593713, 1177.9655463950264, -386.12328597191333, -705.1505997954259, -857.7707039747182, 1526.8487696465725, 471.4029551321564, 481.4909477113007, -531.4115168056569, -1274.1421480376753, -1511.4650484841707, 69.84126832132353, -872.2757099953249, -763.9307288145483, -361.4508903258849, -1234.3707010469807, -1009.8492107783701, 1409.2535961229655, -1082.9157328960182, 1589.1520678177963, 168.52434786438062, -1153.12124624408, -407.05112356399263, -1512.3642937381314, 1734.6075379450222, -970.7815256505023, -1856.1690337100035, -1261.4266134236227, 94.60373672670863, -1406.8225216856017, -1729.5943935630635, 206.2501275018049, -763.3649054836476, -359.52313584420375, -1143.3742545833325, -1902.465861986866, 122.47862602003147, 983.9540516082116, 158.10074960934918, -1127.210847033696, -814.4491029041003, -1257.379268175438, 1633.1920684020342, -911.3714338179428, -928.7409073427887, -1266.96472384974, 2118.193323472421, -734.4520947069432, 191.1851258601775, -922.869369685828, 1014.6421789341807, 441.53384789507254, -1017.7782234307692, 752.0857226534401, -141.41471786400763, -1557.777212678387, 819.9815726866846, -414.7896162454841, 802.7521410466452, -220.4422599651114, 940.3327290242303, -1104.8541766358276, 233.28113217889563, -650.5946125130845, 2679.808138640865, 695.2538282394078, 1588.295882192923, -1115.8077362808785, -1576.3905558201416, 45.07591968275449, 1026.479477221287, 1618.6042793933627, 186.28007163399946, 900.534769073156, -1347.3979146273084, 591.3364936991231, -86.69691278432879, -974.7246548085973, -555.3419581572132, -926.1255496841806, 43.85007901971812, 817.7206096338803, -1673.8845996573393, 1202.7333599865171, -533.4830631793243, -1174.7489034193286, -1267.425716244299, -996.3224383943111, -1135.3478262114336, -1218.3992784444492, -1532.6955053995214, -995.3656590185683, 523.3128150476552, -1196.2001557432675, -1745.5100009429354, -513.8621751244118, 138.63165378834339, 3233.494238364583, -1021.0828097261943, -1431.6523188571384, -515.6620042801502, -925.5055976673173, -1765.4959851160233, -1170.21724222168, -403.4933860639088, -642.958201409943, -774.1003752386265, -816.2362973129361, -2035.1276305605727, -1815.7010362930057, 1407.1656005612858, -798.989488153778, -1126.7247803870096, -661.4242489078989, -1255.7213493394001, -422.28948302488914, -1286.2667467475035, -743.2706407569697, -1482.9010294110294, -1108.3282044346133, 1388.3943207991629, -543.6004002094813, 1917.0206216543227, -1339.8847954285993, -660.6211649351887, -1346.9217203232101, -1161.69305244772, -670.7536600139338, 824.5556496550269, -1380.923056445133, -870.8785233936107, 958.8514710302966, -420.3876309935237, 421.70024400763157, -1708.182885670523, 1423.1907711560084, -911.7910816031246, 3560.6768757713753, -1521.5303936371251, -126.41199186193495, 2860.0956450892763, -634.6612727477736, -1722.3528852305928, -384.5610638462695, -717.4506210852347, -837.9915579730973, -193.15388333605887, 2381.030295363971, -802.1464655030148, 226.75695281912465, 118.60880139692472, -404.59111930603086, -1815.825362131012, -1636.7002295289874, 2186.9646383486515, -448.2901646118607, 339.7570003934833, -721.2551596374092, -587.1216842146559, -1098.5832800043345, -1275.2481163385237, 2664.344513975784, -550.7010257545878, 2938.6228045797543, 233.67425528280012, 2626.5673529830974, 2467.862703646396, 914.5687357401825, -560.7492459836461, -1339.9006738255232, 102.77391433320827, -480.96605864348305, 3020.6997832131665, 1449.5562285560457, -1329.4656618555937, -1444.521412557512, -1873.8409216843477, -792.5095296164525, -579.5967732485287, 39.6674299299242, 259.01740243035704, -621.1086481378293, -447.9134078119546, 554.0177535902944, 1189.5695038094602, -148.91680682998106, 283.5710460468099, 1425.4006405272362, 152.31046147941947, -211.03394674150778, -780.6133648628789, 546.2077593982754, 1288.1685173967196, 1041.682687807874, -1717.5755156170217, 951.8490481857409, -1529.214289289935, -685.0397858201715, -1115.3538108817975, -1063.9613583561554, -277.02580261496706, 790.4961623058082, -99.73938242610683, -1840.9306126198508, 1159.077728459189, -1527.7858330359422, -1531.8798827107578, -947.1575524745193, -929.360534987353, 1666.934777124393, -1073.8715995946882, 795.8418262838325, -463.9810431141341, -710.9065730955907, -569.731949451055, -577.3157109628617, -883.7894463514202, -279.1946942846419, 244.59543384986898, -567.760725824583, -1328.8310221016488, -605.1974863343758, -543.6999818945887, -1513.832027371033, -949.1521378671104, -568.4139706527476, 1.762358478819806, -1625.6742062396297, 1451.5199196327114, -638.4357244684595, -1904.5785715260567, -1426.2237716458715, 1404.7622230422846, -730.5042205778466, -133.09386043277613, 1163.6475024094448, -597.5716341852743, -567.9367897292556, 3099.449517092814, -535.5778441198031, -241.3701049419001, 1953.6825164917375, -579.5595631000889, -411.24243020474813, -1617.5293181922605, -1019.9892448081592, -1088.5699076229757, 1225.8701679768158, -425.88737828156746, 688.271289625035, -720.5845042767124, 776.4717718150814, -6.825686384483049, 430.7092313424696, 1099.8135065588638, -333.7509735887336, -1020.6011450269464, 652.9895443882363, -465.92487577178554, -2005.134183687659, -65.8023457557224, -2048.2814180340274, 84.04501376502475, -666.4582471094843, -1364.948701308061, 615.1831990839985, -1782.4986191001983, -764.4422436734123, -1780.6259694906428, -1855.4177637457299, -1552.4975060608792, -936.4100256030241, -297.66370220523345, -567.066485701859, 424.4048516570505, -1510.530660312239, 760.6473427859191, 24.933667868185125, 418.60560478868933, 3191.578411411445, 1501.9366178016803, -998.1135742211923, 110.9027665081619, 305.1367920205711, 877.5694382127997, 1396.2912395181365, 413.9559977060378, -1104.6092621288897, -623.551103519256, -1009.2857295491483, 462.326457709172, 1076.5674168203748, 714.9968885550156, -785.2183168095687, 35.18662574197981, -561.6532127786899, -210.3228737047613, 544.9884966603969, 124.44228857908962, 1396.9455327168105, 296.5077956135484, -1300.266031482728, -1793.2124705115534, -759.3562535946244, 3343.081944833135, -1549.957745118703, -1376.6740325275225, -393.71744884040857, 469.8605091925016, -532.2365232065923, -645.8124244564985, 1229.43488734085, 1105.8172799069337, 574.8045596296527, -1060.4073983132862, -1022.1634223806084, 93.9186117362014, -1253.9695334269531, 1386.559457608413, -140.55211327390973, -582.0804057756384, -143.28737387480092, -473.54882174099816, -969.731709194639, -689.9924024419779, -514.6789551389975, -1064.3432300834088, -1764.3982857370504, -705.1207061286891, -915.1834068025491, -1215.0863733069136, 1939.3911707343202, -1157.4107494669965, 2219.064912662994, -1416.8530159304592, -735.7984062868006, -1259.1712649820795, -2004.9691163656296, -1250.5302416221803, -1568.220861007146, 640.8244604167636, 560.5505825657125, -1007.0100762398699, -780.7836538523715, -209.12353129675938, -1249.3808614814855, -1006.932322637476, -130.31201388254985, -205.93921970488253, -2025.1615124701243, -1389.260227740736, 632.7689278265034, -772.1710152711833, -1394.1486099048527, -880.8995057672703, -13.404228056129682, -1075.1163447265274, 110.43723458326133, -244.5952275464561, -1088.3466467323371, -1932.6320154880138, -522.1006618370785, -1356.2249617243997, -349.99903763714104, -664.6494204492183, 334.0548644203956, 1290.4111974505827, 1846.258128163029, -130.18002018297304, 1761.5922786782646, -431.82590918768517, -1294.8458255718951, -1827.3970769710847, 478.25553212660475, 130.06289635875385, 2418.9892546871897, -230.19329740289882, -991.6939656959718, -1019.2832235335834, -2067.961452097721, -156.21304977403628, 1673.4483195394578, -956.4972997328986, -1261.784244294738, -1511.6614353787138, 490.86593251601096, -1518.8078511096162, -595.6177817985424, 428.7494968579757, -827.1133211448637, -500.05514282279273, -1251.131836503251, -716.8428553273853, 159.41820503369365, -777.004200107414, -1705.2123063013773, -526.301504530451, -340.82946272403683, -1076.0011325862656, -534.5855192501963, -732.4917561136233, 4.12618952413834, -1674.8272567511465, -580.8371115298539, 1120.8229756594128, 997.6806861837724, -1149.650363238317, -1434.3890399880559, -715.1580624952519, -897.0350880842049, 927.745884979756, -186.88662763457376, -468.3255578848946, -1096.9463254828588, -628.7699770269594, -837.9485061854951, -353.5323019454027, -1322.2430506072164, 1964.5830277790526, -1092.3446704591422, -1778.0079904129746, 83.847119136387, -1882.71554208723, -1089.4794890292808, -619.4709829616243, -1373.624867585931, 590.0952368407745, 2293.8997375350273, 1195.1334896808864, 45.54311376872033, -514.3518167356616, -1923.2849400389105, -926.8564701801437, 932.2710524761244, -1850.9534112370309, -545.110430891933, 235.54162101687223, -846.6819933431935, -1437.3203727929213, 2290.497087449813, -1340.3127121356567, -923.6490075824678, 1726.2251460607447, -544.3347047645182, 1542.2759107412926, -62.325264107073906, -397.87675474312346, -1052.5148675615912, 2117.155954470817, -1093.4772207462122, -597.0920367164952, -528.971768478667, 3848.8016006020516, -920.4649120705708, -1851.546706381598, -1224.6518130748325, 588.0981421051818, -1616.5313819422493, -863.2318378892404, 3245.4607312576536, -1596.7321036338758, 1691.4327364332858, 1305.3378723762262, -779.7749345965872, -1269.3886943788143, -1380.2737030047958, -1697.5812625220585, -1106.2878479618334, -1832.798732064121, -1442.5525331096449, -1181.2627466267552, -1242.8118252823606, 2481.329655257384, -1896.441952400563, -1888.425232642264, -705.7416303141613, 1395.561463018824, -491.18679648987586, 1229.566820012653, 890.4337228821591, 1706.5179630197624, -1530.2561734462483, -1342.6297854813924, -536.2345469333975, -672.5137076323904, -536.0421472351591, -1829.976097170034, -1349.4421751804086, 1264.1242781642334, -1207.6042009359817, 2451.6609154875396, 1107.5457462309348, -1816.1020790039674, 757.2146238788071, 3638.158473720766, -1366.627265443781, -1030.5150026602373, -1208.374075974475, -347.498348216629, -6.4318169107074254, 2040.093349957069, -821.1646693934049, -330.8092394271796, -482.8179773557382, -746.0466201611887, 206.79847680448643, 2110.641850068145, -985.0649234917769, -945.042483694986, -572.3097858457427, -547.5263638632211, -809.3881552793396, -1077.6750424621732, -39.87181042896438, 457.25489350935504, 1487.571333128799, -1012.6536154198999, -1111.1283609887882, -1030.2654474689389, -607.9359240814001, -510.3312802792283, 1820.6801157763227, -93.6706797066322, 164.5426756721551, -1054.1080800221328, -348.8036476674587, -1187.1944345167744, 1017.228462330005, -560.769186992078, 976.0886746966887, -1690.7010078685755, 1063.3020647946921, 1941.517347311072, -442.62185200022446, 718.104007222963, -1197.0341903533758, -1772.771695635313, -429.28212002627913, 1963.1374806585256, -780.5991138927884, -2024.0121323294295, 532.277794275306, -561.9836027458855, -873.3199225773526, 665.3838726545802, -49.359625420915165, -1384.1370989085951, -259.5156317667273, -172.35499350753213, -1346.0149374436307, 786.7895915966742, -1870.7920678582373, 727.6171816684073, -371.87156873886846, 183.8558251402606, -709.7646582019559, -539.8613344798766, -240.97230716862663, -1136.6020075672964, -210.6545724043874, 2538.159618303318, -1748.40619082983, -940.0793553490898, 1606.5412994064957, 1201.0899843365323, 152.00451137002585, -1580.9612332014533, -699.313105339754, 1423.5890025753988, 1254.4017177587023, 3196.31544367656, 3173.515348535764, 295.3651961709493, 285.56355791767726, -1530.0031485604995, 3929.3759924566793, -915.8659347873868, -1331.190248055889, 769.194427821551, 1604.3139917366289, 624.2654641593128, -526.9464804367401, -1180.0781863522236, 225.5361911577989, -1412.8541204983446, -1396.147343544329, 1876.1699972428903, 1230.1278590678835, -827.2242197647969, -1198.1135433339823, 125.32184629320108, -1029.694672216338, 398.95377533320936, 956.1829545246926, -369.9315658279117, -1181.5695004109643, -1173.9624342156114, 1213.265705283303, -1073.6277354133263, -1413.5227267507078, -36.49915395850701, -702.2698151559227, -276.75122787043114, -1764.2370417604782, -924.1717248812196, 265.65190193250123, 258.62557260327935, 1005.2208767978489, -211.98528174619804, -188.90265870929358, 564.9987903686717, -1244.1315836255749, -1083.1091744416685, -1923.3304191092259, -953.0768677963533, -392.42064610045543, 2214.207919611923, 2242.750994862011, -2080.5095410437953, -1185.311187559629, -1239.3244382959958, 251.17806797349465, -1081.0833704104884, 1847.2909902072117, -316.3741071835099, -765.553810540313, -928.6041590163622, -1044.0464377445142, -538.1134397864137, -2019.0135690556888, -1693.6204489436932, -1038.6822113874132, -1814.433824015585, -493.55754544924355, -1148.5086753725832, 1014.9766578064264, -683.9219181006703, -1547.4857357295098, -242.25959807514056, -1765.568338182434, -504.5308415450255, -1245.5585523445347, 318.9709980289408, -1035.379283089602, -903.1810667002583, -1631.29172599021, -799.743659837964, -605.511839411218, 741.1415125413403, 1641.50366297964, -1126.6261755554651, -537.068506116426, 217.74390340190763, 3435.4192787888787, 395.3522621339756, 147.0875310029076, -509.26022809082144, -834.6488644270612, -1922.460407091703, 1789.7125274869989, -1136.5511921096463, -1276.2226471934357, -693.3204238536757, 629.0596073050358, -1503.3990263100993, -1370.996003475111, -1043.1649655947217, 176.74122458972806, -914.7496909918551, 321.55302404023143, -292.0590694924538, -274.8349052257836, -1200.6926458037155, -588.769167282813, 554.7230460880055, 455.8664624443895, -2052.0603153311313, -1268.3642388771686, -556.6715517371324, 1426.5582895898065, -184.74183847703375, -548.5821145239904, -966.3327893600095, -1841.953891701944, -557.292620045016, -1625.1946087708507, -833.7516682814338, -1075.8623499209245, -1016.3713611070096, -1399.2605926304554, -820.7963838697549, 1512.841450584419, -2093.5496308414613, -181.98472632575198, -1776.2632478972437, 1917.301764803877, -1334.738506351396, 462.5797234811223, -822.2398766465186, -2070.841104140865, 142.70610872102418, -1196.910448535117, -1048.6310873428608, -116.06291276078156, -1750.6532703494977, 1855.8147043618817, -397.5749390946676, 631.4665751366547, 75.35108959487093, 85.54395096290136, -833.6294395050529, -560.4185507378822, -816.0023583398442, 1381.3831021534716, -1022.9247120739623, 168.2127969296726, -1135.4360895828509, -70.04016821691707, -806.1390912132289, -1014.8076313691306, -1244.6386347858852, -177.84406064807328, 288.7715756755391, -1005.4208738764229, 553.4802426595462, -1144.1018815090392, -1207.9535628852216, -1904.9630763932676, 1525.1563407390913, -1023.2368638747625, -817.2957824529285, -1120.8504880642743, -1377.210781153173, -1131.377816777865, 3553.1887562925494, -412.31339317052857, -1206.4892762779518, 317.4230098447065, 796.0867231834538, -1361.4468128937858, -848.7204841065609, -1524.5630207349654, -1149.6420973649629, -1131.5124861529252, -1775.5852951604509, -747.9569650938095, -115.87567821432094, -857.7351337017569, 3198.8050424171706, -1024.8761776365807, -457.1521645081302, 2296.3276784422205, 3860.8176186240826, -1259.328374497714, -430.6289827462063, 489.0642266533039, -868.800464213056, 509.3779788453983, 1485.7973272011143, 423.62215025470016, -1346.4821315295967, 368.6770429881087, -149.391171104612, 179.0265713893569, 785.8404603000249, 2728.190730082264, 1759.3027698339272, 3292.3328451350126, -698.7543127600609, 410.11764859245443, -1664.425264147246, -1338.7560875925935, -1181.509550727367, -931.3306354672243, -1595.5868579541188, -1671.5578696951652, 911.4208391119705, 317.22399622332034, 311.7854689804725, -1399.8848962320558, -1511.938444261543, 2826.974127914468, 1735.122127824405, 483.51870090036164, -1041.4489191555185, -128.09116269809758, 440.4578012494396, 1029.4670110183959, -2031.6732884470819, 692.535271742396, -423.294660207664, -1900.6466991742557, 1333.037259375935, 243.34036277654423, -2079.3580936726316, -1534.130163344921, -897.0724314793595, -936.0594573911989, 794.5602790092182, -563.122482883388, -1511.9807604167002, 345.10225210654266, -911.6555405108786, -1910.8836244561269, -803.1265141891159, -1360.8659211320319, -981.4487714922251, 2555.7947246663025, -1466.8717967339278, -191.12024378540096, -336.58745329005274, -1017.5106354759776, -1514.578297570297, -1107.349463691684, -362.67675799392805, -1020.8450782222736, -1019.8404042144002, -1442.8605504495074, -687.0852898517229, -369.5675551861287, -65.27286617573526, -263.53186231617076, -685.5077494017316, 1187.7711805547378, -1483.8801925939974, 1388.7333083967208, -1229.872407546708, 225.08870567222732, -1372.6801857971807, 3108.9867224448108, -458.7983286707563, -798.6177212147797, -2056.8790295540803, 887.7341540800464, -965.0842076636536, -364.9416251270528, -263.8928239734083, -1149.03129912212, 782.019522213508, 1244.3343923008847, -1613.8188899584488, -1817.2274868684794, -415.6349406113552, 2019.0799405200526, -789.230677141841, -965.6820047061121, 946.3846314170412, 3235.4768117678004, 519.1363052092767, -312.4287548579367, -1018.8750075854354, -1670.1621216917204, -1913.5961228411652, 773.9419663692363, -1653.2117833155196, 1141.400779619708, -64.95271403301462, 2821.5115672953107, 180.42326675716157, -218.47084341773515, 2842.8180524240597, 1861.7758617340276, -456.8497340134224, -1020.4977835035025, -460.756799599597, -970.1861324608383, -1043.868420678256, -164.56367424889928, -814.035625995697, -1419.5486844618727, 354.2514056013946, -103.57377101603797, -1265.3626510509894, -746.0432893750665, 2181.5911538931305, 1936.0970286849404, 998.7704287279457, 1315.6388847788005, -815.072541201629, -85.48111374437107, 3141.4765321682435, -901.1504592996776, -923.0949898168092, -1437.6035833671572, -1191.268945770928, 1736.7420663654207, 1028.8345643784016, -1836.38250505074, -1117.1478856563338, 481.7222776229089, -1692.002672790635, -556.3817750830575, -1873.1492647813463, -478.458041032247, 1912.6703693368288, 229.90191690319693, -973.1728103873519, -1430.4172914563035, -1167.1364509282823, 35.66829044122778, -745.1680472119167, 1018.75806561234, -1154.913185745777, -1271.4361433539175, 2232.312968086757, 490.1487342706338, -277.8934268745397, 1780.857489344254, 548.0496592266511, 62.49155971322125, -1604.5896466460715, -2081.6237782665194, -1234.9929374181124, -1391.959445729868, -993.4886137528295, -2240.583854314473, 427.3617629823989, -107.93758559239797, 492.8344726398244, 451.5339377917228, 272.61432631018863, 435.54382699898656, -206.2147835882044, -676.1659804969304, -1229.2294988708877, -851.129467049628, 198.23031874282708, 986.6195092767764, -758.5438628349843, -734.9931006447742, -570.8722569950587, 137.60831838477736, -1123.9605258131696, -1550.3083089943402, -518.2963844801496, -1844.103231694139, -317.9902421237873, 913.9140459125103, -218.96352431992386, -792.2809578453237, -1448.5775691952651, -713.1925630863425, -723.9967440061291, -1409.1915678029332, 964.0652457217795, 319.61694548100945, -1087.652057294795, -1156.0061783530857, 1644.7918304873738, 1849.5049019304095, 685.6819255124835, 1500.607580669614, -1884.7089744901873, -1351.836258443984, 314.5398274494514, 129.88984159779181, -531.6492101102401, 762.5590432730492, -1858.1671802693343, -503.12911453001055, -796.4013156067459, -1567.1169599367663, -1531.7425121533697, -113.0919425247634, -1441.5936301819604, -576.5236668453826, 2094.8158559740614, -313.6766016803856, 2572.8702128267405, -828.609058321699, 2342.8486949692324, 761.6507980329268, 1228.1894696036004, 2220.551162686217, -856.6433929410803, 802.2768339758131, 843.3491953043674, -1938.2796891289815, -536.3707374961447, -432.8814602824649, 784.7814066569988, -871.6009137605761, -773.8299133419057, -327.49671060946895, 1566.7085044101977, 481.85900684372837, -9.102921749604832, -1469.8113984606687, 3388.4841632326134, 2767.9464429040236, 1446.831618798068, -902.5712337119401, 128.58516416742833, 705.5223278878005, -350.733563900419, -410.08868879758626, 452.36797240183125, -978.9482879289576, 2057.662119286868, -79.36751209248305, -1399.9159046890888, -525.0777040928767, 1240.0195568614527, 1661.0258822648545, -80.54946471761929, 282.51517135455185, -1932.747018283386, 549.2444887164876, -685.8184306961796, -1341.7210052305106, -862.6687475268908, -1349.3225061938315, 605.4004145082116, -1102.617603963056, 579.5029652525513, -1198.4387051458139, 2248.5684259147847, -861.3784655051013, -570.8825931474031, 1898.6195322936326, -1128.9423081700493, -827.2547165687647, -1354.7965324754136, -606.8410945142573, -1138.6485657314831, -203.9300026484292, -432.5845827697625, -1469.5033204631452, 21.46018461401883, 902.2779496102455, -1406.1527390136862, -168.52105765757688, 286.8162867674637, -1680.6713172866573, -759.1983404041742, 1156.564034801648, -1141.8444658370272, -330.8465455945917, -890.2688085693369, -1165.0657038932425, -773.695410114714, 2665.056813794784, -1221.1334206799556, -214.1230151748146, -302.649855572935, -583.4158621653767, 2964.719374754204, 1697.1269892377993, -611.7094233619134, -812.5064285438658, 617.9407698377656, -548.2802963561425, -1684.1546006267124, -2025.0230080287097, 352.95959772337505, 385.37901639038773, 141.25017436210976, -1223.9625600246254, -1155.9031024382778, -1712.3660948354557, -1931.7109714300468, -1858.2806167498768, 457.07704798284965, 32.4538470125795, -180.28716267385164, -278.1519065030601, -266.67347933466334, -1859.7058145844296, -1120.3562273440284, -587.5824845497945, -1511.4361072576064, -855.9923967872387, 344.90971494726057, -711.0277360184388, -178.2920794141424, -125.86892075868451, 1132.6366553213425, 59.24265008595785, -596.7488764586619, -1001.8171933020548, -159.1681027746813, 374.92187592193136, -1203.2204704155683, 40.95400939244968, -2040.2192192054129, 3176.561445176708, 15.139990874536807, 69.29897746297002, 468.1034887512552, 326.19341611256596, 846.4846138741873, 363.62247491392145, 1926.9780358003475, -1874.4879648211058, -1183.9072768760168, -1257.7324725757421, -1441.2078925737242, -251.45845406799165, -52.650045817301105, -1325.1465995113394, 1171.0141626193604, 920.1173293513064, -928.5335811705468, -532.6003557691145, 196.9617200466339, -1263.0018430409057, -1086.9400583081924, 737.0474325086723, -1924.288412120387, 811.0814063080807, 2611.4840245408113, -447.2728774820839, -1347.7886211859259, -874.4799063568923, 1950.037991680653, -1192.9723436772813, -1088.4179041140585, -788.0671076603119, -1898.511561215388, 1483.0479961910273, -950.0885785000922, -1268.1120367599658, -967.2344947882376, 1224.346427061834, -1480.4741008405697, -591.7533445764601, -1956.0467005195223, -594.1004622181588, 3562.5362984780704, -388.800349429107, 1214.1031356010294, -761.0372039756937, -1238.1930101839316, -1118.7618086209013, -1564.6289936869246, -685.2036009913732, -715.7602487926561, -1154.9362745957528, -1266.7985386888931, -552.2805195044351, -726.9805397608034, -828.3692595873094, -319.2183433925393, 1972.3455007203568, 1745.0019371309602, -1705.0129560576656, -529.8852784886653, -1155.5378386621956, -1161.0115156289594, 2647.9074730637512, -909.7478542250601, -92.74071800551187, -480.12174627942926, 2611.032791773542, 2032.4302605444097, -84.1284717730756, -366.11231358934486, -2042.8115262133826, -412.68846105261593, 555.8214742438431, -1159.730182053075, -856.4141118028892, 1393.1873374455683, 3233.0890611926834, -1584.9241364686113, -1800.5635420588744, -1155.9039932491942, 225.60647699374067, -704.6393525449218, -1353.0952017995291, 21.800195163877106, 1064.243364624013, -602.548080154819, -203.65573901937404, -1326.3813539960315, -1303.5798019243352, -447.88186859624915, 236.28275081970276, 1437.9499504934379, -34.90632032333343, 1914.2422330895263, 71.67077803558084, -1172.4312460538456, -723.900049938915, 1426.9882735273325, 43.87575599249203, -839.5361465703008, -1554.6441565916439, -703.2454169779382, -1246.754675111198, 426.9884850784489, -1571.7578080294404, -337.88779376682703, -1235.0242496059168, -39.5245157101933, -2017.0579690321326, -451.571096075597, 257.21139992808276, -153.2613732511099, -1230.5297868358102, -675.8104285653048, -1209.9856504361262, -665.471886165957, 249.60703652333154, -1002.9665734427496, -329.99984640642447, -539.6627287540434, -1049.1721558934196, 82.02669276812338, 186.99688842450496, 165.44137517793047, -760.807449383775, -874.8744798899469, -790.0935668140078, 144.17099845364805, -1042.639552433302, 2101.4722177401136, -507.0899281083759, -597.8858532165434, -673.85740005245, 2313.7448962979197, 2537.2235272893486, -662.6547936987857, -310.9924967345584, 79.3878380101558, -648.9229025877935, -20.472981338293437, 241.53145682166257, -1748.4118128258006, 886.7410558211232, 383.4390771856133, -729.6651177178924, -2038.6067794396902, -932.757225028333, -916.087315199194, -1846.7767403858304, -1232.125688757782, -1182.5824433407133, -1034.8877492904996, -1366.7424595374737, -906.5667844501259, -404.4166759726112, -61.954231302358664, 1188.8653035713687, -521.5026589373755, -1626.9706102014345, -850.2733416256399, -442.0400949343987, -844.1067931369845, 602.0574194906662, -536.4020234160043, -649.6651379416564, -586.0631317844271, 2814.5284928464534, 248.35430807825287, -571.4890953495992, -303.50989582654586, -808.267218498091, -826.1466311172125, -484.534949756674, -694.9684911854279, -917.6265674090625, -371.50176486555733, -198.14147911165142, -1031.0766671168099, -286.30910300772473, -1251.6923171555618, -298.2164019268444, -648.9196441802301, 1722.9159020522784, -962.6254478676146, -2075.0048174206604, -442.8438806789668, -772.5268439166966, 2715.5214782133426, -1349.540522169424, 2561.729635564816, -930.2928294503761, -12.127328862333002, -291.5383924191639, -1181.426861508612, -1201.2708290103087, -1180.6546888590321, 634.3317565665161, -200.38308823616933, -929.7452702351815, 214.22637326258138, -1531.7962601455606, -936.0169554678758, -184.17008094122698, 61.42331322575467, -1221.3522169004455, 455.2286519338012, -1259.9157599607483, -1514.8860845295421, 268.6255700560455, -1885.16376519334, -1121.745145023867, 1350.6057184354538, 253.55288174315615, -810.1649360685186, 1335.050653168722, -2029.963688849322, -211.28544208582676, -271.7692024404413, -1378.0611441721378, -1057.4849821681028, 558.0551879804815, 337.91993656593206, -1733.7577957273786, -354.68097554518465, 1744.4267011559732, -1101.595234797486, 1827.9543886808153, -511.4702049795477, -1511.409233261511, 2669.5032930546495, -30.04689588533239, -453.27863375067136, -1276.0616644121092, -843.5220589241665, 424.2867955409449, -1812.4613368334597, -911.7468660884626, 2427.989873678828, -1702.2325310770282, 1261.5691709438258, -269.0445926824635, -1013.8691469355986, -709.6775043130519, -33.777880011586404, -355.35259125733046, 310.0955328559651, -1512.8699615281905, 2482.6324399451687, -1348.1090419086015, -2055.4257665344608, 414.2546256910289, -1188.0378645480755, -1636.0383483419935, -1021.3122723082395, -229.3218875177125, 933.6606704433796, 1367.5023560958857, -725.9637235653623, -979.9148864843195, -1199.8190109901966, -714.2009347881626, 73.75039278166241, -307.1110698840618, -1217.0405283309622]"
0.25,9000,1.2836169027730655,1.2836169027730655,0.022361278533935547,0.4027440788164727,"[3, 2, 3, 4, 2, 2, 2, 4, 2, 3, 1, 2, 3, 1, 4, 1, 3, 1, 2, 1, 2, 3, 2, 4, 2, 4, 2, 3, 3, 2, 2, 2, 2, 2, 4, 2, 3, 2, 3, 4, 3, 3, 2, 2, 2, 2, 3, 3, 3, 2, 3, 3, 2, 3, 2, 3, 3, 2, 2, 2, 3, 2, 3, 1, 3, 2, 3, 3, 3, 3, 3, 2, 4, 2, 3, 3, 2, 2, 2, 2, 3, 3, 3, 1, 3, 2, 3, 2, 3, 2, 2, 2, 2, 1, 2, 1, 3, 2, 3, 2, 3, 3, 2, 2, 2, 2, 3, 3, 3, 4, 1, 3, 2, 2, 3, 2, 3, 5, 4, 3, 4, 3, 3, 2, 2, 1, 4, 2, 2, 4, 2, 2, 2, 5, 2, 4, 4, 4, 3, 2, 3, 3, 4, 2, 3, 3, 1, 3, 2, 3, 1, 2, 3, 1, 3, 2, 3, 4, 3, 2, 3, 2, 3, 2, 2, 2, 3, 2, 3, 2, 3, 4, 1, 2, 3, 2, 3, 3, 2, 3, 4, 2, 3, 3, 2, 2, 2, 2, 2, 2, 3, 3, 3, 3, 3, 2, 3, 2, 1, 2, 2, 3, 3, 3, 2, 3, 2, 2, 1, 3, 4, 2, 2, 5, 2, 4, 2, 3, 3, 1, 1, 1, 3, 3, 3, 2, 2, 1, 3, 2, 3, 2, 2, 3, 2, 4, 2, 3, 1, 2, 4, 3, 2, 2, 3, 2, 2, 4, 2, 3, 5, 2, 2, 3, 3, 1, 2, 3, 4, 3, 4, 3, 3, 2, 3, 3, 2, 4, 2, 3, 5, 3, 4, 2, 3, 3, 4, 2, 3, 2, 5, 3, 3, 4, 2, 4, 2, 2, 2, 3, 2, 2, 3, 2, 4, 3, 4, 2, 3, 2, 1, 3, 1, 4, 2, 4, 3, 1, 2, 2, 2, 1, 5, 2, 3, 3, 3, 2, 2, 4, 3, 3, 2, 3, 2, 4, 3, 3, 2, 3, 5, 2, 2, 2, 3, 1, 3, 3, 3, 2, 3, 3, 1, 1, 1, 3, 4, 3, 2, 2, 3, 2, 5, 2, 4, 1, 3, 2, 3, 4, 2, 3, 3, 2, 3, 4, 2, 3, 1, 1, 1, 1, 1, 2, 2, 3, 2, 2, 2, 3, 2, 2, 3, 4, 3, 3, 1, 1, 3, 2, 4, 3, 3, 2, 4, 2, 2, 3, 3, 4, 4, 2, 3, 1, 2, 2, 3, 1, 3, 3, 3, 2, 2, 3, 2, 2, 2, 2, 4, 1, 2, 2, 4, 3, 4, 3, 2, 2, 2, 4, 1, 2, 2, 2, 3, 2, 3, 1, 3, 3, 4, 3, 2, 2, 1, 3, 1, 1, 2, 1, 4, 2, 2, 2, 3, 2, 3, 3, 2, 1, 3, 2, 3, 2, 2, 2, 3, 2, 2, 1, 2, 3, 1, 3, 2, 2, 2, 4, 1, 1, 3, 2, 3, 2, 2, 3, 3, 3, 3, 3, 3, 2, 2, 2, 2, 4, 3, 2, 3, 4, 4, 1, 3, 2, 1, 2, 3, 1, 3, 2, 3, 3, 2, 4, 3, 2, 3, 2, 2, 1, 5, 4, 4, 2, 4, 2, 2, 1, 3, 4, 4, 2, 3, 2, 1, 2, 2, 2, 2, 2, 2, 3, 3, 2, 3, 4, 5, 2, 2, 2, 1, 3, 2, 2, 4, 3, 4, 1, 2, 3, 4, 2, 2, 2, 2, 3, 2, 2, 3, 3, 3, 3, 2, 3, 3, 2, 1, 3, 3, 3, 1, 2, 3, 2, 2, 3, 5, 2, 2, 4, 1, 1, 3, 2, 1, 2, 5, 3, 4, 3, 3, 3, 2, 4, 3, 1, 2, 3, 1, 1, 2, 2, 5, 2, 3, 4, 1, 2, 2, 3, 2, 4, 1, 3, 3, 2, 2, 1, 2, 3, 3, 2, 1, 2, 3, 3, 3, 3, 2, 3, 3, 3, 2, 1, 4, 2, 3, 2, 2, 3, 2, 1, 2, 5, 2, 2, 2, 3, 3, 2, 3, 2, 1, 1, 3, 3, 2, 2, 3, 2, 3, 4, 1, 3, 3, 3, 2, 2, 2, 2, 2, 5, 3, 3, 3, 3, 3, 4, 3, 4, 4, 2, 2, 2, 3, 2, 3, 1, 3, 3, 2, 3, 3, 2, 3, 2, 3, 2, 2, 3, 3, 2, 1, 3, 2, 2, 4, 3, 1, 3, 2, 2, 3, 4, 2, 4, 2, 5, 4, 2, 2, 3, 2, 2, 3, 2, 3, 2, 2, 4, 4, 3, 3, 4, 2, 3, 4, 4, 3, 5, 2, 1, 2, 5, 3, 2, 3, 2, 2, 3, 5, 3, 3, 2, 2, 2, 3, 3, 3, 3, 3, 3, 1, 3, 3, 1, 2, 3, 1, 2, 4, 3, 2, 3, 3, 2, 2, 3, 2, 2, 4, 2, 3, 2, 1, 3, 4, 2, 1, 3, 3, 2, 2, 3, 1, 2, 3, 3, 2, 2, 3, 2, 1, 2, 3, 5, 3, 3, 4, 3, 3, 2, 3, 3, 4, 3, 2, 3, 1, 3, 4, 3, 1, 1, 4, 2, 3, 4, 3, 3, 2, 2, 3, 2, 3, 2, 1, 2, 2, 2, 3, 3, 1, 3, 2, 2, 2, 3, 1, 2, 2, 3, 2, 2, 3, 2, 4, 1, 2, 2, 2, 2, 3, 2, 2, 3, 4, 1, 4, 3, 1, 3, 2, 2, 2, 2, 3, 2, 2, 2, 1, 3, 3, 4, 3, 1, 3, 4, 1, 3, 2, 4, 3, 2, 2, 3, 1, 2, 5, 2, 4, 2, 3, 1, 2, 2, 1, 2, 3, 2, 3, 3, 2, 2, 2, 3, 2, 4, 3, 3, 2, 3, 3, 3, 4, 3, 2, 2, 4, 5, 2, 3, 3, 5, 3, 1, 2, 3, 3, 1, 2, 3, 3, 3, 4, 4, 3, 4, 2, 3, 2, 1, 1, 3, 4, 2, 1, 1, 3, 3, 3, 2, 3, 3, 3, 1, 2, 3, 3, 1, 3, 3, 2, 2, 2, 4, 3, 4, 2, 3, 5, 2, 2, 4, 2, 2, 3, 2, 4, 2, 2, 4, 1, 3, 2, 3, 2, 2, 1, 4, 2, 2, 3, 2, 3, 2, 3, 4, 4, 5, 4, 2, 2, 2, 5, 2, 2, 4, 5, 3, 2, 2, 3, 2, 2, 3, 2, 3, 2, 2, 3, 3, 4, 1, 2, 3, 3, 2, 2, 3, 4, 1, 2, 1, 3, 4, 1, 4, 3, 3, 1, 2, 2, 2, 2, 5, 3, 2, 2, 3, 4, 2, 4, 2, 3, 2, 3, 3, 2, 2, 2, 2, 2, 2, 3, 2, 3, 2, 2, 3, 2, 3, 3, 2, 2, 3, 4, 2, 2, 2, 3, 2, 3, 2, 3, 2, 2, 2, 4, 1, 3, 4, 2, 2, 3, 2, 2, 3, 2, 3, 3, 2, 2, 2, 3, 3, 2, 2, 1, 3, 3, 3, 2, 2, 3, 3, 2, 3, 1, 2, 3, 2, 3, 3, 5, 3, 1, 3, 2, 3, 2, 2, 4, 2, 3, 2, 2, 4, 3, 1, 3, 2, 1, 1, 3, 3, 3, 3, 2, 2, 4, 3, 3, 4, 2, 3, 3, 2, 3, 3, 2, 3, 2, 4, 4, 2, 4, 2, 2, 2, 2, 4, 2, 2, 2, 4, 2, 4, 2, 3, 1, 3, 2, 3, 2, 3, 2, 4, 2, 2, 2, 3, 2, 3, 3, 4, 2, 3, 5, 2, 2, 3, 2, 2, 2, 4, 4, 2, 3, 3, 4, 4, 1, 1, 2, 2, 3, 2, 4, 2, 2, 3, 3, 1, 2, 2, 2, 3, 2, 3, 2, 3, 3, 2, 3, 1, 5, 4, 4, 3, 2, 3, 3, 3, 3, 3, 2, 4, 2, 3, 2, 3, 4, 2, 2, 2, 4, 1, 2, 3, 3, 2, 3, 3, 3, 2, 3, 1, 1, 2, 1, 3, 3, 2, 3, 4, 4, 2, 4, 1, 1, 1, 3, 3, 3, 3, 4, 2, 4, 4, 3, 2, 1, 3, 2, 3, 1, 3, 2, 3, 2, 3, 2, 4, 4, 3, 3, 2, 3, 4, 2, 4, 2, 2, 3, 3, 2, 2, 1, 1, 2, 2, 3, 4, 3, 3, 2, 2, 3, 3, 2, 1, 2, 3, 2, 1, 4, 3, 2, 1, 2, 3, 3, 2, 2, 3, 3, 3, 3, 3, 2, 2, 3, 2, 2, 2, 3, 1, 3, 3, 3, 2, 2, 3, 3, 3, 3, 3, 2, 3, 3, 3, 2, 3, 1, 3, 2, 4, 3, 3, 2, 2, 2, 2, 3, 3, 2, 2, 3, 2, 2, 1, 1, 4, 2, 3, 2, 3, 3, 3, 2, 3, 3, 2, 4, 5, 2, 3, 2, 3, 3, 2, 2, 4, 2, 2, 3, 5, 1, 2, 2, 2, 2, 2, 1, 3, 2, 4, 1, 2, 2, 1, 2, 4, 4, 2, 3, 3, 1, 1, 1, 4, 2, 4, 2, 4, 3, 3, 4, 2, 3, 3, 3, 2, 2, 2, 3, 3, 3, 2, 4, 2, 3, 3, 3, 2, 3, 3, 3, 3, 3, 3, 4, 3, 1, 4, 3, 3, 2, 3, 2, 1, 1, 3, 2, 3, 2, 4, 2, 2, 2, 2, 3, 2, 3, 2, 1, 2, 1, 1, 1, 4, 3, 2, 3, 3, 3, 2, 4, 3, 4, 2, 3, 3, 5, 2, 2, 2, 2, 3, 2, 4, 2, 1, 1, 2, 2, 2, 3, 2, 3, 3, 1, 3, 3, 3, 3, 1, 4, 3, 2, 1, 2, 1, 2, 3, 2, 1, 4, 2, 2, 3, 4, 4, 4, 2, 3, 4, 2, 4, 1, 2, 2, 2, 3, 3, 3, 2, 2, 4, 2, 2, 1, 4, 3, 3, 4, 2, 4, 3, 3, 1, 5, 4, 4, 3, 1, 4, 2, 2, 3, 4, 5, 1, 2, 4, 3, 2, 3, 2, 3, 2, 3, 3, 2, 2, 2, 4, 4, 3, 3, 3, 2, 1, 4, 3, 2, 2, 3, 3, 2, 2, 2, 1, 1, 3, 4, 3, 2, 3, 3, 2, 3, 3, 3, 2, 2, 3, 3, 1, 2, 2, 2, 3, 2, 4, 2, 2, 2, 2, 4, 3, 3, 3, 2, 3, 5, 3, 4, 4, 2, 2, 2, 2, 2, 3, 2, 2, 2, 3, 2, 1, 3, 2, 2, 1, 3, 2, 3, 2, 3, 3, 3, 3, 2, 2, 2, 3, 2, 1, 2, 2, 4, 3, 2, 2, 2, 2, 3, 3, 2, 2, 3, 5, 3, 4, 2, 2, 2, 3, 3, 2, 4, 1, 2, 1, 2, 2, 3, 1, 2, 3, 3, 2, 3, 1, 2, 4, 3, 3, 3, 2, 2, 2, 3, 3, 3, 2, 2, 2, 5, 1, 3, 2, 1, 4, 2, 3, 2, 3, 3, 2, 3, 3, 1, 3, 2, 3, 3, 3, 3, 3, 3, 3, 3, 2, 4, 3, 2, 1, 2, 4, 1, 2, 3, 4, 2, 3, 3, 2]","[4.261288733576899, 2.1460135946507846, 2.7104729418354383, 2.8014534160778175, 1.4098450439541739, 1.5229811353716576, 1.7842526759269288, 2.6103985558492853, 2.537520506548216, 2.1812116982360945, 1.8692112787861377, 1.817979229754206, 1.3844265797483708, 1.5899628020651355, 1.6621250586997065, 2.6469252098272835, 3.61013159561404, 2.4313902090046, 1.9408108928462027, 4.508158053807788, 1.3122327046638764, 2.13361175005536, 1.4047279978794238, 5.397196455426311, 2.445079655232277, 2.542666451510022, 1.8984495235062064, 1.5848357732719487, 2.549351305021191, 2.340817779456446, 3.006801726635557, 1.3366547009112333, 2.193756604544309, 1.7634109246050318, 4.157896400765589, 2.682445715738417, 2.6330858809514215, 2.1357351941867826, 1.3367883891863517, 2.4046902975175004, 2.739629428007525, 3.7603040775086027, 1.2467970678583826, 4.658727025004049, 1.5659070267889388, 2.9656751874074923, 2.598822769409914, 3.1101026279805932, 3.5898016558057795, 2.413047126655248, 0.19894724605966285, 1.929081960488461, 2.885610457130166, 2.3914656885242875, 1.487360574646361, 4.739286760253622, 4.153054152666163, 3.0206902902965473, 1.9858106789085197, 2.7032442706386477, 3.511516940980835, 2.1091755801036625, 2.629080661125094, 1.9343400912807476, 4.127062152918755, 1.968674353160953, 2.6623074603612364, 1.8512813415801004, 5.280571974379506, 1.633115843895407, 4.7458932722244125, 2.2735910874537497, 3.2801801540643427, 1.9782239282854337, 1.984863269039079, 3.0680749633298974, 2.344349355647222, 1.591902192712161, 3.50190520257324, 1.8692791967391575, 1.305197888930748, 2.4276678903692543, 2.678783139035684, 1.259284079575249, 5.7086132654324455, 1.4940065292889775, 2.8072398533953176, 2.7897031870085596, 3.882122164940956, 2.0111154022643865, 2.087730664468071, 2.537476426492817, 2.505406497061834, 1.3736003050568382, 2.5712981304621216, 3.6340828471130973, 2.463017183865682, 1.356512981963823, 2.4782611176237683, 4.294987217380356, 1.8398847539368142, 2.469731423619045, 1.4738689477217854, 2.378254568617595, 1.742129163712836, 2.515286470954393, 2.5178635719758575, 2.263268709007303, 1.4364826746365842, 3.4301798490757047, 4.438042588081846, 3.1054939636333403, 2.4432450638279963, 1.7990148238140782, 2.4981684013309096, 2.9951302278751872, 3.4787875852145116, 2.8520373415939746, 3.9945551796631076, 2.4288901007939008, 2.9799254552658674, 2.4181779716166627, 2.900939517414035, 2.323894082908635, 3.6189946855770576, 1.7103010546791928, 2.1545623431547476, 1.8460141270502457, 2.936518140169073, 5.171807828769284, 2.0476303315413, 2.1176786748436447, 2.878177356631262, 2.7510089108614086, 2.789082219034659, 1.5894552522890972, 3.9772642162912666, 1.9937022673841283, 4.087919639109575, 2.164599792620645, 2.0196290868418267, 2.1860859422789556, 3.999164285785727, 1.6675407943124638, 2.312937747535442, 4.196932227858392, 2.607637023028141, 2.8700666133984423, 2.6286996366256354, 3.5757075162946674, 1.4275735104879006, 1.749614412555242, 1.2823677959717381, 2.6122224268089673, 5.399116042174833, 3.0368600016901945, 2.133763668153061, 1.9707092255671275, 2.4353363377971737, 2.15689222346732, 2.2506568693102222, 1.4552054664393195, 1.2555510327121624, 2.6745566039018795, 2.0203677771775466, 2.071439798925867, 1.6324473625936418, 3.7111682265551504, 1.2447162446416031, 1.9894652362578686, 2.959162643099216, 1.2579077336355866, 4.3467773984766644, 1.7047973910862142, 3.167116982355105, 2.64005421612137, 3.662781981108316, 4.2670615167969155, 2.1485676190404526, 1.9845994197674564, 3.1257772375138155, 2.5820540922170454, 2.946852885646844, 2.4933220895855426, 3.3544557024117667, 2.0317987449996857, 1.5447650513964426, 2.6405480261489975, 2.20461287117099, 1.4909632829466697, 3.8391879869776835, 1.9428606745461496, 2.171411925145649, 2.019851365046345, 2.1299646388301046, 2.0425641386465436, 2.67718009879438, 2.4804322516413997, 1.2428093683008525, 2.197633354260318, 3.188363666759716, 3.0427234061155044, 2.2697720391135308, 2.8516610336399144, 1.6779774690271099, 2.2486722705460553, 2.261441216562194, 1.7751461914961795, 2.503049890446707, 3.8743955325158033, 1.5656163059299713, 1.792713851783883, 2.5297513878650078, 2.6573665776733857, 1.1894966117737817, 2.1834536798479305, 1.676816755543628, 1.8914234166453958, 2.89471682962775, 1.7331270216448162, 2.367684176348345, 2.9110862812697214, 2.5215351215956314, 1.2433052684654933, 3.5864935117406125, 2.541553059553633, 2.8054908063343857, 1.7093845896558806, 1.700178542461026, 3.626283536693353, 1.9010560563142125, 5.872873089806525, 2.359002242584966, 1.8022208347052042, 1.4740370886670775, 4.196847667613484, 1.6079437786038686, 1.7090039141809383, 1.3902917816270766, 1.8080511757743318, 3.4899087651948513, 2.801537042304064, 2.103574185438559, 1.2428871981431444, 5.375270326667295, 2.333497688145849, 1.5920487303412503, 5.853105706432764, 2.052855091104464, 3.891728989219837, 5.1170998733628075, 2.7422074587750718, 2.7981436411711638, 2.312623716409888, 4.362574161495333, 3.776073019068788, 3.397368353635028, 3.6061508686505785, 1.68723365404229, 2.131608768335489, 2.773760005188476, 2.8648111047362095, 1.5844421439239993, 1.7694070834817108, 2.9671851273139764, 2.8744854081866866, 4.728508530314992, 1.4368897626014596, -0.13264312235340503, 2.8113667893066854, 3.2461706602140645, 2.0086637501785525, 2.9809816012520334, 1.8548717377518305, 5.440762135796383, 3.920210198562775, 4.380890730866483, 1.731568109535565, 2.055775371090699, 1.689771133525309, 3.5319591902967846, 2.481908775983007, 3.1263668678968943, 3.9671909000141508, 1.8796081402445655, 5.667551362248665, 2.2331780888381805, 2.6326810800251086, 1.4095872219956935, 5.317949614190418, 1.6274404796148587, 1.325060387970994, 3.256889758086658, 3.307534360068183, 2.011745541022307, 2.3251902814203795, 3.05483593998628, 2.278486549132527, 2.48666272971868, 2.020872873919366, 3.1955628507951728, 1.5383736226763096, 2.36816396929108, 4.575238749768793, 1.9857666099034406, 2.9980433605234484, 2.296027022727995, 1.1913085250316517, 2.5616769866309896, 2.2664967566210446, 2.6112229393477198, 3.537570273172537, 6.169532229860739, 2.123479716112733, 1.3086264374430607, 5.291492433493655, 2.4479051057842893, 1.890024300110621, 1.8762537094733407, 4.069245814116112, 1.7762481378049, 1.6239938280882182, 2.1670809318678135, 2.617544302156945, 1.4290785385618887, 2.2301432932616, 2.168319129619103, 2.785314627470835, 2.7029465559544468, 1.5892436008251773, 3.1208205338090824, 1.5937879241145096, 1.0967816653657994, 1.0807184616212426, 4.5380158519876215, 2.000334006548046, 3.484186249293535, 3.0804688327014977, 2.703626820214119, 1.7269896024671159, 1.822025090793543, 2.7495418772728546, 1.9659659838306278, 3.728930554904891, 3.263254463592459, 5.670915103826453, 2.748616493601861, 2.75541430070907, 2.2532637082145732, 2.7263541764685524, 1.789732111457475, 3.29811038246827, 5.219488671585689, 1.692275210771504, 1.075461746172066, 1.4878698365212648, 2.6125636631580713, 3.245121628432722, 2.4482209166424154, 4.585523762037493, 1.3879327930614687, 1.9975494336364361, 1.9673947114166679, 2.4394448132589197, 3.0710165831798233, 3.624634314096679, 1.308798252728352, 2.105927520716695, 2.321804412079532, 1.7536017016956347, 3.2348022603168367, 1.274024108049808, 1.4074659626117296, 2.369979034151824, 1.8135249100454618, 3.2316069805532908, 1.6202726553668183, 1.9866313645217633, 1.7244072974193938, 3.747534864808199, 3.712582941738262, 2.14563716988093, 3.435556204737172, 1.041164758391663, 3.1581926886243967, 4.372989716852013, 1.2848497944557815, 2.8810208853342263, 1.9246200383020295, 2.879265385927446, 1.9052989425895905, 2.695127548100925, 1.498123223083725, 2.088670278342118, 4.075709240652492, 1.808747231867356, 2.4172758346757006, 1.6386614358642864, 2.2581049598406553, 1.292579610379469, 3.5694872735917844, 1.9022077946029206, 2.7286597016445833, 2.3014706189389313, 1.6835475521604053, 1.1109234845411002, 2.957245363980154, 0.623417902213353, 2.2213079527853656, 3.375412105436559, 1.4309487676247956, 4.953540670051476, 2.4169304365838844, 1.763466938787156, 1.2523593126908943, 2.4567460024470953, 2.211426756728961, 1.5388861805872105, 5.17123011865805, 1.7093464090177444, 2.354873266509128, 1.9563845227912344, 2.7111139468495735, 3.4997260259889464, 3.721065457820716, 2.5062337451654386, 2.3331767426830488, 2.0690669203010956, 1.538693212195227, 2.6824127228132966, 1.9034560807334118, 1.9558872177479922, 2.8828112191168342, 2.1350683206147103, 2.1733160409297687, 1.3318629874190693, 2.3012879816856047, 2.9604790162672816, 2.742564432778372, 1.5982172481508774, 2.745898456048163, 2.0132236228076357, 2.6271024199399378, 3.400795152298551, 2.5278470828599975, 1.3212244109219187, 3.005467392027624, 1.9712496460768056, 2.163969796597398, 2.497247642976486, 1.9814894821117452, 2.0986930415950975, 2.473432137228457, 0.5749346394781298, 2.9489418566808894, 3.450790096638567, 1.1583985543993185, 2.997613474884238, 2.6485060799816527, 1.2557154575615825, 3.4067320001466186, 2.800666759588547, 2.205342111687758, 1.7611633877243498, 2.104414499686779, 1.9255694686807077, 2.4002093637527957, 1.914752011960204, 3.844994286439229, 2.5323784349173075, 2.477641902682835, 3.034771412870145, 1.2680175438149361, 4.49945537803087, 1.7050164977489626, 1.0330107445176409, 2.4745517522934275, 3.512072166710733, 2.1438960513626926, 1.9200864295917524, 2.0079727025225393, 1.7850733615401724, 3.2195479208984095, 2.344298599959703, 1.9653089548525644, 1.976484298489586, 2.105672951280229, 3.2562512521231364, 2.236767391914243, 2.1849921101402576, 1.5842011064837394, 4.225707901348833, 2.3251132490718134, 2.018391090347888, 2.5503156352192535, 3.242846748808358, 3.223669956541694, 1.6046513859375389, 2.4824102691664174, 3.1536635204081, 3.436960057356589, 2.4631696493035595, 3.415416799041994, 2.3634438306732592, 1.8892870399383204, 2.6001621232030296, 2.45960657321815, 2.3465380241681486, 2.2956848044421942, 3.0814220716786593, 3.820208585785956, 3.553686195365369, 2.530488368983892, 4.188035232565377, 2.806763207989847, 1.3784882253105564, 1.9671760248137942, 2.1439260850537134, 2.323924254930278, 2.393851006605515, 3.0352405154244897, 2.556834416568461, 2.0342022456010374, 1.3309402549514213, 3.2948015454759885, 1.9924228309096708, 2.3252591395542237, 2.0939436440750456, 1.691975188260404, 2.5262184986400356, 2.4760024492883344, 1.1579509757029558, 5.546856677580515, 1.794903965815365, 1.938537029899933, 2.5566222219652253, 2.1696446993643477, 2.6839501461862567, 1.8859181355639971, 1.5461578157729425, 1.8042304317700086, 3.3272674036113807, 1.283287556160897, 2.1378192159470846, 2.1762572293673523, 2.046140106107651, 4.69524344837904, 1.5062768288183428, 1.6485979179049508, 1.7782869272871622, 4.309932881151967, 2.411236618010125, 2.711522944786822, 2.624015449356545, 2.3791649895246665, 2.397995886750019, 1.7168606672727895, 1.4604444003111208, 2.263083562161385, 3.7325773669822184, 2.2724339417793513, 2.1165261799953123, 2.7102167754174507, 1.561520018724683, 2.5934631542443425, 1.9793950221259542, 3.2855683413880064, 2.349703711713892, 2.6998337213161263, 3.077593371355693, 2.223950375979677, 2.819932881021514, 1.87793333272385, 1.3999973064383926, 3.3958107214381035, 1.2956752179772453, 2.837847385213738, 3.908752156792056, 1.4906430940434934, 1.771151719116203, 3.0819248026204207, 2.5674449488349507, 3.1091000881670574, 1.3282307809071066, 3.513345705750041, 2.3308542226567117, 2.9728509415083044, 1.393413981624982, 2.6325558860297003, 3.7839205701924907, 2.45100404404347, 1.8210192844296886, 2.7887855871700014, 2.6417020526478914, 2.0327074532035954, 1.7370225021872319, 4.177375709601099, 2.4744429784267776, 3.642939952182803, 1.854005492078605, 3.001117429786258, 1.4298032843040362, 2.1340088857713924, 5.135316737076561, 4.8844679229498436, 3.5818047281322887, 2.219393672614631, 1.0340226761954536, 2.5665186992510485, 2.663636232040375, 3.3348710946219544, 2.0304535667445194, 5.574500171995642, 2.644824222496161, 2.619145185115836, 4.6745449835427095, 4.093586319800098, 2.012827131718061, 1.939839031254191, 4.155673526241712, 2.930913491621948, 1.9791608089180315, 3.1526541929333236, 2.5703759334738403, 1.7930789753988536, 1.5737066827831678, 1.4021926917913952, 2.425760605018949, 2.5417606157959085, 1.8608702530516843, 4.288809302304202, 2.399665663128787, 2.320581878181041, 1.605663249100214, 3.2447231748845393, 1.9169847645311975, 3.48311368229065, 2.341663786191495, 2.1367206275189945, 3.474223239929932, 5.672067044864768, 3.8757547800464773, 1.2789900835228916, 1.7556626836676192, 2.291176192812551, 1.4985331876105346, 3.732187764230537, 1.6620296874774219, 2.006287054840917, 4.748959629147908, 2.182069719569771, 1.9687259625984224, 1.1234786065684792, 4.2381953771479, 1.4789912528954372, 2.406909564790449, 1.97970260329861, 2.9220519320299574, 4.265648352991318, 1.7910241329753256, 1.4874861594221587, 2.1285224201819597, 1.9024005001103945, 2.2908053047867574, 2.004160285430306, 0.6485461356653008, 2.1206181102482606, 2.4954175059985353, 2.010130178962112, 2.5616937714513583, 4.361773946914548, 2.996980097555138, 1.2880968110330535, 2.8419705556609873, 2.019066866907077, 3.4715274749397564, 1.9515938168227338, 1.8182572712131035, 2.2120036559999305, 1.994211787383432, 1.57433290985597, 1.6011484237025784, 2.7102794212093695, 2.4416301067826884, 3.259520994089616, 1.836683809455183, 2.916022682735683, 1.1501816270025342, 2.3182468283959, 3.669190755619196, 4.500897609553505, 2.4252515531739824, 1.1800302355593568, 1.8401680240912088, 1.4913163607079427, 1.5945500742984213, 3.8930435738118025, 2.3889761212163285, 2.803670326021146, 2.071727752067843, 1.7825715829864808, 2.1304780888451766, 3.172517733084815, 2.8753650492891367, 2.8669729569431, 1.499687435491834, 2.626779397970325, 2.3554341671009866, 1.050120332610184, 3.0058085129572354, 1.6403942275067278, 1.9044008272365485, 1.9441030604376075, 1.5710430418272194, 2.6696312816041, 2.04596756471452, 2.0904484540357138, 1.0099479728898282, 1.321669458208714, 1.8170582392692052, 2.0834342892637254, 0.8268766593462527, 2.904116525695081, 2.0630188085742063, 1.2429326001213163, 3.1936427790539197, 2.6364081979554874, 0.5240166482535469, 1.9623417772527754, 2.426141461510197, 1.9404403711974116, 1.6089070740106615, 4.104548670625624, 4.532035214265362, 5.054599451062479, 1.6697795225143262, 2.517140419627421, 2.160520800325566, 2.0563518363694446, 2.070353524354571, 4.0473725141360415, 4.174356119488236, 3.8249125842098657, 1.8613414572719376, 2.1802844931129504, 2.0404048978215354, 1.3619521182615049, 5.143678127312558, 3.83089348385053, 1.9875164054459098, 2.170911638465519, 1.4810734923432864, 2.5652142829146443, 4.929143796756797, 1.4833767179566633, 1.7314509343077291, 2.2395133902344306, 2.636910350206047, 1.777850729008992, 1.836938838997666, 4.92460921128807, 3.252612496751014, 2.6859848505907493, 1.446382321186444, 1.9788166773444293, 2.404127081109407, 2.654872284770307, 4.445035469282662, 2.176542283260267, 1.8987937011623925, 2.5810820316454164, 2.4597332340029823, 2.2885273892448663, 1.6162850825812485, 1.8199919662355593, 1.912894031706795, 2.3962195885836177, 2.1138838078676967, 2.3772627825228114, 1.5416596481393765, 2.049801668428508, 2.5363242681442344, 4.654671222269803, 1.4461366868986092, 2.533568773384404, 2.4436975543568553, 1.3384987496154597, 2.325484403692446, 2.0321609244255443, 0.7005085929449228, 5.270176738879937, 2.7985124959269942, 1.950296690861125, 2.1825178556849956, 2.3097603578145964, 5.392313682338329, 2.722838698727095, 2.603206817937922, 1.3241033478342983, 1.780119186261493, 4.673394863666677, 2.7405260821894464, 1.5164840304455511, 4.597830317448736, 2.474502486754366, 1.5960233651689513, 3.5777994727540747, 2.8331022503192442, 1.591495763228623, 1.0686584089793438, 2.825008176487301, 1.637222478324584, 2.3159612651704173, 1.9193574846406318, 2.0867025914062394, 3.195616962201579, 3.649505099519862, 4.080813824299996, 2.0680305704432462, 1.8889447125054284, 3.5183697817482575, 1.5196068775901355, 2.5220625978500264, 2.821440426452751, 5.724110112198545, 4.6330692912894085, 2.5889811004072314, 2.966414762791731, 1.909626092177823, 4.512440267814076, 0.890043970245157, 2.1074746163851654, 2.479444306136715, 1.2584021200766826, 6.429168541620008, 1.3561683549682768, 1.7684551310453351, 3.19932779691971, 2.9448723327360757, 1.9873707142267802, 2.509134273473551, 2.6333875391801076, 2.2195271537418417, 2.8066462607189657, 1.4630116735714411, 1.6966569597368582, 2.1288288127783526, 1.8035574842825879, 2.3912592958571213, 2.4853871696433085, 2.2712880321263165, 1.1708469557754366, 2.4427289998511608, 4.463582056579016, 1.7875351535198085, 2.2434939250949717, 2.521018626508601, 2.610338802866353, 0.7062359175381909, 3.3320436660667587, 1.8063742607938826, 2.8377333525503348, 1.709143300731959, 2.6610450382400344, 2.3679836435571717, 3.1375905738588257, 1.6365861968936897, 4.98138044883348, 1.6461905559044527, 1.2730692523584224, 2.6284976304739582, 1.6951155478076438, 1.6069935638420434, 2.1279770973028933, 1.6897369636785413, 3.308837389453003, 4.734699696255868, 2.8287782912739177, 2.3175328262101447, 3.017936862666646, 2.2501234621112407, 2.3818649447265505, 3.270137305587239, 0.9616586442481898, 2.6037476565068767, 1.7861012825565075, 2.6396073061461744, 2.5611205996287287, 1.9175626298059167, 1.883787428940963, 1.6580949599120876, 3.305973187270121, 3.859653724610821, 2.89460743353743, 2.958240446110935, 2.9092618524278846, 3.1673309629633124, 6.296005379299855, 2.496665473858443, 1.8301226967867277, 2.1457154197830968, 4.257277303617965, 3.0224895995760774, 0.9697751931095979, 2.2591471643127186, 2.0398707629918875, 1.3671339878014954, 1.6665415649756166, 2.64567551455114, 2.4222077603019883, 3.46052296089262, 1.9042097613544289, 3.163816700195574, 2.575176843543183, 2.3619692992783388, 1.4821321589723637, 2.6719207118171378, 1.723695220848767, 2.632698945162609, 2.027649383427099, 2.8011661658191223, 3.572032014277349, 1.882899117284122, 1.7732267253519258, 3.777149683194958, 2.482392152858684, 3.28765671987597, 2.1474703047243358, 1.6397743224425645, 2.1842215739172817, 1.5127866392695926, 2.7504671639597156, 1.8325455216848217, 2.3875694343653815, 3.869724399434564, 1.9840167151700465, 2.5447273396820513, 3.8002664993496316, 1.7382365392076464, 1.778798093061703, 1.862710424412536, 2.2685700098238, 1.922501518479491, 5.28348518849134, 1.7795307496507342, 1.9176503375938405, 1.4498323514390565, 2.2200622156595453, 3.6098468702950717, 3.4929086192240977, 2.575800560721246, 2.399405615827189, 2.1640864372160182, 3.0329083955045366, 3.2033760433958536, 5.374720417198969, 2.5969099749031126, 2.7857486074502584, 2.326071285379704, 2.6984871990375474, 1.3424633951501743, 2.8534578594221607, 2.001290949192267, 2.7242585460309545, 4.0330292285965275, 2.8757186924135585, 1.4288038241282046, 1.6318995118928181, 2.6282480180758925, 1.7006299007061405, 3.134833381530248, 3.387060064178983, 5.037868674348895, 2.6078536110235633, 2.627173125415046, 1.4590216022436, 4.982673197844191, 4.084484956137628, 2.6457927474202214, 2.841190196559495, 4.681895108544328, 2.6903406957484277, 1.7377017162972175, 3.662063464522473, 2.6040348502071997, 1.2014343455084346, 3.338901609579489, 4.04349932416231, 2.8558263250743265, 1.3083793019564487, 1.2886673276761542, 4.842817327599505, 1.8045511762776067, 2.9922834023442206, 2.9562843570856954, 2.420177021240472, 3.3361566327153147, 2.143759247197732, 1.312020494713505, 2.157434310561282, 1.822633581803551, 6.345022519182801, 3.089543698888517, 2.446153469068248, 2.536554566004285, 1.5832252033464262, 3.7195469401703516, 2.2516511641758266, 2.667714998958381, 2.920549194659812, 2.177440417880299, 1.8828696301227876, 3.8977382605411894, 3.3970667045607725, 2.345849323583441, 2.3818748182978964, 2.980200470243781, 2.7967725383974558, 4.263626101769437, 4.104467963314953, 4.866325157292051, 1.4051148990428293, 2.17873766573124, 2.671871596927272, 3.899161795845015, 2.8526564676175807, 1.3915487618870457, 2.75890880548999, 4.055454962174162, 2.361662148913729, 1.7054805250496083, 2.6544057589273895, 2.174883433954383, 2.508747877639876, 1.9978547331734555, 4.232778429853614, 3.185020429081683, 1.5864689128373812, 4.853040878640071, 3.451458463034933, 2.242293000519231, 4.780202744165363, 4.323121506030638, 1.7536662527834923, 1.382069931679519, 1.7440581779790056, 3.7266681109372284, 2.5759549918019093, 2.526194533764261, 1.2855253714495412, 3.370029583320838, 2.087190372428803, 2.39401369725543, 2.5002270837402403, 0.29675503316709007, 1.2579537648334198, 1.7778043302738133, 2.530829028919527, 3.6366572297915685, 3.0791948424986595, 2.5202846330928126, 2.2147095722960373, 2.2507456365884217, 1.5863253364542709, 1.826023491819549, 3.421884195041739, 7.082890839015098, 2.0812896865636996, 1.4332579227566917, 2.928876893970035, 3.125128336734079, 2.976887917966118, 5.8024321823509055, 2.3070388368039456, 2.6499996957595964, 1.7258836972667742, 4.590714428183548, 2.476451590104853, 1.2399966707826349, 1.4279464181415005, 0.44781177783320203, 2.245747518774475, 2.7334617233046137, 2.696876620641587, 1.2104828384709387, 3.0179951770157203, 2.398270913286595, 3.649785399691986, 2.4122264410420042, 4.891818396312021, 2.25746942107333, 3.866166744862106, 2.6422717187067346, 2.213065281863108, 2.2971263358563423, 1.5094587178942884, 2.1308336305233144, 2.73015748543764, 4.854700695211533, 2.696450447707877, 1.545018034315896, 2.157968839881648, 2.6983449211632684, 2.346879919584402, 2.3031140220456088, 2.948281601880416, 1.8567866453664355, 1.40386236220725, 4.742340296947017, 1.9520195551599229, 2.3780318294191, 2.280015892296914, 3.613713214652887, 1.4360051994856686, 2.410465904220876, 1.8083708181478215, 3.006595730512839, 3.570804533879909, 3.7162712509645286, 2.2966086453163514, 2.0609742024130355, 2.293459288473698, 3.077502479665602, 4.968946102982699, 1.4990281739739975, 1.6920912704288666, 2.569461640721599, 2.698761018562501, 3.4672765137805857, 2.313216950255421, 2.001465892239491, 1.1614997271923417, 1.137477532305054, 2.7704055744172513, 1.9450327041542783, 1.9747038235354846, 2.2556859865829804, 2.6276427230295254, 2.0404454042023072, 1.8426981540361644, 3.7716405144159153, 2.2596840775663543, 2.811543077187812, 1.249200376961111, 3.566749778999132, 1.448390374680216, 2.736514827871131, 1.9610629982316914, 1.9490210488466082, 2.4730557235089226, 1.7673608933834084, 2.4697777894007036, 3.25596857231456, 2.2081814931846564, 2.6369318713881924, 2.905132876352046, 2.0761775868806636, 2.192082883810566, 3.1919121215708164, 1.7276236095838793, 2.3591426230044354, 1.2476038849756703, 4.085293734227796, 1.5314748951441775, 2.7625039114085665, 2.2357008730335473, 3.0637838619672926, 1.8792879399889209, 2.292339359916063, 2.2448845282394396, 2.5682321663905543, 2.427112368167264, 1.7045424132444897, 3.2540181150354006, 1.741405613405164, 1.7430159704187194, 1.9994719897814175, 2.6544547720279645, 1.535745274510284, 3.8209648032671706, 1.5719113741511315, 3.8101789232407177, 2.5777354787127758, 2.4115163330976777, 3.0436136098361866, 0.7143875605120527, 3.114051293669659, 2.8134629923692773, 1.5231356070842743, 2.1794840685022283, 1.4349017069897398, 2.4300455551784808, 2.18202418404765, 2.5861917209202576, 2.6916036004831434, 2.824279456102764, 1.9421836917858286, 3.870574597523725, 1.5581718363468575, 2.379265213718328, 3.783205440997193, 5.629373551304763, 2.4458468843689354, 1.872570211492344, 3.0254562330253973, 2.6831355165613444, 2.9312744081923467, 1.9088054846377802, 4.163981055762958, 1.3184119234336382, 3.3713704501622597, 4.549305080001259, 1.5119233858500472, 1.6544036406871736, 4.648811866953789, 4.439240050311829, 2.130420624778211, 2.5214739370344934, 2.794518961159242, 1.3191795540988571, 1.8624920934265372, 1.3812497925959621, 3.5070028224789573, 2.406540275740246, 2.610877341872654, 1.6333725338722913, 2.395384376778557, 2.1908789477504493, 2.0489861629345207, 1.2621917282558768, 5.20461999583817, 3.389932335415409, 2.4500600424453407, 2.0958602260748864, 2.373190914292767, 2.0222567227839825, 2.2667372594996635, 1.4131874207034107, 1.172227136818274, 1.4031688995690907, 1.9404219757653203, 5.434341680908892, 2.7579955205635605, 2.0655373600277964, 1.565784592462201, 2.304916135601946, 1.528939157643806, 3.1783707180133893, 2.527950121588781, 2.7475277285550996, 4.154535235029077, 2.205483304948089, 2.0804677944471757, 1.256801281905558, 1.5151887421711887, 2.448822159093161, 4.687529840862252, 3.5520255178651117, 3.8739886130609515, 1.9490841197985038, 1.4574078517015727, 1.2983061285904343, 1.3771067812060658, 1.7779338179501858, 1.5030245531421689, 1.4892801533280773, 2.6369127632126084, 4.852729356804961, 3.6130776376272964, 3.571538400221589, 2.4423880889514864, 2.280051953301077, 2.6741649224758923, 0.9919336137695045, 3.6858031216243257, 2.042875787761957, 0.8516781054965257, 2.5404233083236747, 5.563582084953952, 2.907715727929455, 2.295976911364786, 1.7580134843520097, 2.5015823640048094, 1.4516548058655205, 2.839648219267132, 3.0971021932504073, 2.06092494681886, 4.271446490586481, 3.1864174296862853, 1.3466254909230937, 1.8096098969529621, 0.9662447352814976, 4.468571915428006, 2.107354916217602, 2.2331255801176946, 3.553683177366105, 3.4320360820899714, 1.4985431285247188, 3.2250512389169033, 1.4760730860170057, 1.8184902336117568, 1.2825949004730424, 3.0848393625500714, 2.328320462755891, 1.3995580874673128, 2.9941851624971703, 2.394333528861091, 3.485593813807962, 0.9392278615419307, 3.9787868536560884, 1.5956025149666528, 2.231282078245303, 1.4982734025891495, 2.2847325219667702, 1.5214514699420187, 2.0920313850476107, 3.458779475692892, 2.003915780242038, 1.4830146650006164, 2.36467422757154, 1.7289202995526654, 2.7038183235151285, 2.3830868450489033, 3.1939169184704364, 3.36284497675484, 1.8645696021123, 2.631271324996161, 2.492457461437032, 5.869887948387651, 1.1934347990203187, 2.0301949618289594, 1.6505157435536995, 2.564995049782084, 1.514762779267416, 5.036552885158293, 3.8148154046721663, 2.8050780960897397, 1.9539358523422878, 2.4746359342939943, 1.1068780703209027, 2.10816881507605, 1.2653080697706214, 4.144251508329528, 3.0335564046796897, 1.465701380288349, 2.623294723040574, 1.6234023614738557, 2.3388658521739187, 1.8547520639454287, 3.0208891158317197, 2.921936531935728, 1.5986725853763737, 2.611486698589377, 3.129466197142657, 1.5961699231889492, 1.9292009896684048, 4.371384898819076, 2.402228137982034, 1.6214185351723653, 2.5297025415640504, 2.0965329612546366, 2.1129269777609383, 2.2311989896062574, 1.7785515942572614, 0.6522083648179651, 3.7995858577728754, 4.137291757876112, 3.7343000082961155, 3.423670908627986, 3.0155901145778765, 4.496413263706452, 3.188249884758204, 3.2025270176478595, 2.0340805031072606, 2.1507515818688616, 3.711771051244579, 5.410501831678939, 2.7295201825870277, 2.268843938702038, 2.9561812171719177, 2.5427958262693133, 1.305417276102875, 1.7871090223903512, 2.23691924089251, 1.4492182827574145, 3.565552211900389, 3.521269549103975, 1.5171367822614101, 1.4073655423204803, 1.4057868745384385, 4.591686837115737, 4.265136765252259, 2.176305685492217, 4.379463000731172, 2.372572792411207, 1.5819934621225844, 2.333389499465255, 4.026499367172694, 3.617761666638149, 3.568587085948274, 3.939005448777632, 2.303659841470539, 1.391658827792686, 2.442030088591061, 3.357392169845991, 2.3880179723709754, 2.0864956689641048, 1.359282733420117, 2.029424052752612, 2.2370265578961357, 2.0170590530248758, 1.533120432410193, 2.879459182518709, 1.784599602485129, 2.0847826739285558, 3.599589921687587, 1.3883008320944075, 5.186703507576556, 1.8426620930320012, 5.302300382326093, 3.284562194227586, 5.447098348034311, 2.4303528063212276, 2.8074578361971847, 3.8913259000967693, 3.248064286873673, 1.1459211667820153, 2.6381348088495167, 2.5531611179103875, 5.626137840462854, 1.8329374727873424, 3.4936942407046248, 2.773111962757654, 3.4976861561895523, 3.3077465282030207, 2.7661791486367315, 3.592240613617454, 4.894648615282616, 4.75471152106287, 3.1899281002480824, 2.20472248773727, 2.626362856210315, 2.5676682345631323, 2.2643214455135645, 2.426550710411485, 2.102923614581684, 2.115677970283639, 4.584496113197877, 3.191386191105526, 2.049410372805326, 1.6799148101690757, 3.0496974802947934, 2.3191877311610543, 4.080734737775687, 3.7343117057295934, 2.9661969453818986, 3.2478671089168967, 2.558339195170666, 5.332899525833468, 2.3086142151245395, 1.3572695475994034, 3.3734925403850444, 1.4877925532086596, 1.3841640751044573, 2.3243128244610913, 4.25104967052759, 2.5130964236501723, 2.956322620462186, 4.2550284562716865, 2.2537799938759626, 3.0400691902979866, 1.432156730125565, 2.6500592731703243, 2.279649015648976, 4.161503690868484, 1.8993237140111312, 2.854607173956136, 2.224545225035898, 2.645156327599045, 2.134733118153298, 1.6270574508525395, 2.1632250010364804, 1.2507963760932084, 3.21282994204209, 2.470020817691097, 1.7105231348105385, 3.002658830665153, 1.4385468258726055, 2.6410475449170354, 1.8936848317123465, 5.759685720870841, 2.57309843530855, 5.186513119654709, 3.028123367884322, 2.2242996024026795, 3.1776761657771697, 3.561968472467656, 2.0300952298843447, 2.0799876240705895, 3.835595806136845, 5.241977756720553, 1.2984492849136702, 1.3222085437447013, 2.751411176003868, 2.9178008430821425, 3.2044380298422084, 2.5486542977454025, 2.3153797400745355, 1.6843954253723292, 2.365395424338067, 2.3712354852411215, 3.6467750569506143, 1.2390260804205668, 2.0150269928510767, 2.0964272409303835, 1.9493221644170817, 1.5241777024092464, 1.9978274336416093, 2.53500878708034, 1.255319528348831, 1.5675027004716067, 4.270276118650412, 2.5538340480750876, 2.2249812971279193, 2.518209405172536, 3.024202226499879, 2.1301169052883644, 1.8254281075498158, 2.727471482896134, 2.7252645513744262, 2.504664880475301, 1.379328670911216, 4.420124866038064, 1.5300996610973505, 2.8792452004182443, 3.3200893755646463, 3.908836088528836, 1.6940099066157308, 2.389520686931475, 2.8038872331935965, 1.1827885738316466, 2.2511930589311904, 1.5825585287539716, 2.42445267156629, 2.4240142163514893, 1.3049663285770463, 3.734130871481777, 3.1082158324962084, 2.180778726686779, 3.888074860310597, 2.800463678315795, 2.5598992722335185, 1.7828281248264408, 2.98367799213116, 2.4961016137303362, 2.6895708991692127, 1.4568392377864856, 1.9649149887027173, 4.519268511459698, 5.0394029067423265, 2.681539528781715, 1.3362852993235679, 1.934011882722039, 1.935722318342318, 1.5380660415036536, 3.0772276927405975, 1.8240743520591107, 2.2018489256454328, 4.033082367406826, 1.979926533955398, 2.5660114004390495, 2.254364354316013, 2.4192068946584553, 2.3165022191588642, 2.80441656427025, 1.863338213605494, 2.624177701923613, 5.287301140663138, 2.1353164937746216, 1.826565653076718, 1.7532293405717216, 2.156705436428045, 2.007589085172512, 2.713496211484359, 3.035529185009006, 3.1998502136591176, 2.502472320453972, 3.0111534189987603, 3.573747587585774, 3.153029697225966, 1.8393815366977737, 2.6681599308256843, 3.69996589898103, 3.7706273179779988, 1.5838011246753665, 2.395460609941476, 2.5107019919475944, 1.6821005266347484, 1.6675015452292863, 2.952677921639195, 2.5393566507142538, 2.6619255664625427, 4.880560239371837, 2.8799434287936205, 4.655637466446187, 3.0559830000740797, 1.5655636062966733, 3.111892767382548, 3.7806632508383218, 2.5680551664804705, 1.5732719547145586, 3.0203225289022386, 4.700786457357562, 2.5566606832086953, 1.5816395123821954, 2.32369174364758, 2.173921891580558, 2.3979352841907584, 1.4088817485473812, 2.1780950083011295, 2.485201026264386, 2.4860370926895476, 1.7903753037989496, 2.52818119165774, 2.216245533325578, 2.7267995338576414, 3.5126226798714164, 3.5252674234828616, 5.178001649104212, 3.033362283733151, 2.310933985644566, 2.74181152956232, 2.952067044926526, 3.461394136905419, 3.15042470453896, 2.827130768844358, 1.5474889697643706, 1.7975923813634325, 2.92360891122594, 3.796392653307548, 0.5276071786597463, 2.088585436367957, 1.9665644773793598, 1.9965397986392475, 1.2132431682638474, 0.8598349845800137, 0.4122249600002914, 1.5051855486920658, 2.0518690370230295, 2.247464955759967, 1.7708158572854933, 2.765590303886569, 2.226537262527838, 2.7431955287739838, 2.69213916829858, 3.3695564119357764, 3.1216011388905014, 3.303177879358781, 4.525150553906655, 0.6774491372920042, 2.585067304868332, 1.825818231133979, 2.387841921727732, 1.9887635612932546, 1.2033100652150088, 5.357944671013709, 2.0836097935834754, 1.8409824694793433, 1.9685242821983229, 0.9500650454775104, 2.3467274213991973, 2.199950965129995, 1.9577537266428893, 2.0400457060391117, 3.188968625306334, 2.0867456505914372, 0.6267337513375035, 2.4598541259309865, 5.034690302389205, 3.333593914860125, 4.331437775207226, 1.5080407478154751, 1.78269953929663, 1.4928193717405345, 1.2034563075443045, 2.073701705040475, 1.3959274541258255, 1.3878984671632555, 2.0081105028586945, 1.1772293254570074, 4.532611723058091, 1.6539316346650974, 0.49164382264936846, 2.2807825415337772, 1.526547037460647, 2.9740205067752052, 2.0286794439486933, 2.8896593038010585, 3.7211077885356674, 2.0102564532746525, 1.178181262546247, 2.8650628999858445, 5.1888925026595505, 2.048245343841713, 2.3148438641323907, 4.46149815033416, 2.399357535124296, 1.7238725723035881, 2.311092058335711, 1.0349033226598234, 1.9882332528425744, 1.8986639471813733, 4.536341154708152, 1.3440609372853018, 0.9187135616148219, 1.506401016178048, 1.8898879276601512, 3.960757103550206, 1.888137035565454, 2.5805643013799164, 2.2966191638163034, 4.697688549129543, 2.0959370515180322, 5.471909009304358, 1.97015424402928, 1.8895812399814396, 3.010149137710919, 2.8527829658924078, 1.640028615630174, 1.3801185662738147, 2.2328663422302926, 2.854311987299885, 2.036980594818254, 2.495622370199318, 1.7414946205124089, 2.3296069141661016, 1.533855729519589, 2.6622752543878634, 2.0064586154099886, 1.4508275071850771, 2.7982255242133736, 2.8370808479100402, 1.6189014739156127, 2.4883374605559676, 1.7709252109672637, 2.30988158624235, 3.027229351481738, 2.9385871517527566, 1.4043129976301874, 2.4253191792175803, 3.2028116971566263, 1.389799316493012, 3.26297351102369, 2.0190339865194185, 1.7504272558617526, 2.2949118061352785, 4.674867988473265, 2.2357711032801815, 1.977043674911877, 1.0190909287418783, 4.188724359276167, 2.6077236180352696, 3.3259546154888957, 3.1879184837221803, 1.254951879794133, 4.039998857399208, 2.5671011500983445, 0.7513784102822354, 1.3654286224628605, 2.0466787602312957, 1.6971946830202673, 1.3152791231522505, 2.98002531797711, 3.016037693274239, 1.5457636395931582, 3.404664889882691, 1.98176007920466, 2.892347719349126, 2.7574961175171633, 1.268466265393351, 1.8531556447534567, 0.5689554975345874, 1.924711294177615, 4.93644040579793, 1.3406688013218893, 1.7381321817402682, 3.8553808355561685, 1.470560110729504, 1.3516614111195544, 1.509415981862302, 2.5556532181201708, 5.238193671346541, 2.140974662063503, 2.1287182978355004, 2.427837910817326, 1.6317315809774633, 2.597244858187496, 3.4081016306326974, 4.674938700522922, 2.149666609299252]"
0.5,9000,731607.6221728756,731607.6221728756,0.044049978256225586,277.47788901382677,"[3, 2, 3, 4, 2, 2, 2, 4, 2, 3, 1, 2, 3, 1, 4, 1, 3, 1, 2, 1, 2, 3, 2, 4, 2, 4, 2, 3, 3, 2, 2, 2, 2, 2, 4, 2, 3, 2, 3, 4, 3, 3, 2, 2, 2, 2, 3, 3, 3, 2, 3, 3, 2, 3, 2, 3, 3, 2, 2, 2, 3, 2, 3, 1, 3, 2, 3, 3, 3, 3, 3, 2, 4, 2, 3, 3, 2, 2, 2, 2, 3, 3, 3, 1, 3, 2, 3, 2, 3, 2, 2, 2, 2, 1, 2, 1, 3, 2, 3, 2, 3, 3, 2, 2, 2, 2, 3, 3, 3, 4, 1, 3, 2, 2, 3, 2, 3, 5, 4, 3, 4, 3, 3, 2, 2, 1, 4, 2, 2, 4, 2, 2, 2, 5, 2, 4, 4, 4, 3, 2, 3, 3, 4, 2, 3, 3, 1, 3, 2, 3, 1, 2, 3, 1, 3, 2, 3, 4, 3, 2, 3, 2, 3, 2, 2, 2, 3, 2, 3, 2, 3, 4, 1, 2, 3, 2, 3, 3, 2, 3, 4, 2, 3, 3, 2, 2, 2, 2, 2, 2, 3, 3, 3, 3, 3, 2, 3, 2, 1, 2, 2, 3, 3, 3, 2, 3, 2, 2, 1, 3, 4, 2, 2, 5, 2, 4, 2, 3, 3, 1, 1, 1, 3, 3, 3, 2, 2, 1, 3, 2, 3, 2, 2, 3, 2, 4, 2, 3, 1, 2, 4, 3, 2, 2, 3, 2, 2, 4, 2, 3, 5, 2, 2, 3, 3, 1, 2, 3, 4, 3, 4, 3, 3, 2, 3, 3, 2, 4, 2, 3, 5, 3, 4, 2, 3, 3, 4, 2, 3, 2, 5, 3, 3, 4, 2, 4, 2, 2, 2, 3, 2, 2, 3, 2, 4, 3, 4, 2, 3, 2, 1, 3, 1, 4, 2, 4, 3, 1, 2, 2, 2, 1, 5, 2, 3, 3, 3, 2, 2, 4, 3, 3, 2, 3, 2, 4, 3, 3, 2, 3, 5, 2, 2, 2, 3, 1, 3, 3, 3, 2, 3, 3, 1, 1, 1, 3, 4, 3, 2, 2, 3, 2, 5, 2, 4, 1, 3, 2, 3, 4, 2, 3, 3, 2, 3, 4, 2, 3, 1, 1, 1, 1, 1, 2, 2, 3, 2, 2, 2, 3, 2, 2, 3, 4, 3, 3, 1, 1, 3, 2, 4, 3, 3, 2, 4, 2, 2, 3, 3, 4, 4, 2, 3, 1, 2, 2, 3, 1, 3, 3, 3, 2, 2, 3, 2, 2, 2, 2, 4, 1, 2, 2, 4, 3, 4, 3, 2, 2, 2, 4, 1, 2, 2, 2, 3, 2, 3, 1, 3, 3, 4, 3, 2, 2, 1, 3, 1, 1, 2, 1, 4, 2, 2, 2, 3, 2, 3, 3, 2, 1, 3, 2, 3, 2, 2, 2, 3, 2, 2, 1, 2, 3, 1, 3, 2, 2, 2, 4, 1, 1, 3, 2, 3, 2, 2, 3, 3, 3, 3, 3, 3, 2, 2, 2, 2, 4, 3, 2, 3, 4, 4, 1, 3, 2, 1, 2, 3, 1, 3, 2, 3, 3, 2, 4, 3, 2, 3, 2, 2, 1, 5, 4, 4, 2, 4, 2, 2, 1, 3, 4, 4, 2, 3, 2, 1, 2, 2, 2, 2, 2, 2, 3, 3, 2, 3, 4, 5, 2, 2, 2, 1, 3, 2, 2, 4, 3, 4, 1, 2, 3, 4, 2, 2, 2, 2, 3, 2, 2, 3, 3, 3, 3, 2, 3, 3, 2, 1, 3, 3, 3, 1, 2, 3, 2, 2, 3, 5, 2, 2, 4, 1, 1, 3, 2, 1, 2, 5, 3, 4, 3, 3, 3, 2, 4, 3, 1, 2, 3, 1, 1, 2, 2, 5, 2, 3, 4, 1, 2, 2, 3, 2, 4, 1, 3, 3, 2, 2, 1, 2, 3, 3, 2, 1, 2, 3, 3, 3, 3, 2, 3, 3, 3, 2, 1, 4, 2, 3, 2, 2, 3, 2, 1, 2, 5, 2, 2, 2, 3, 3, 2, 3, 2, 1, 1, 3, 3, 2, 2, 3, 2, 3, 4, 1, 3, 3, 3, 2, 2, 2, 2, 2, 5, 3, 3, 3, 3, 3, 4, 3, 4, 4, 2, 2, 2, 3, 2, 3, 1, 3, 3, 2, 3, 3, 2, 3, 2, 3, 2, 2, 3, 3, 2, 1, 3, 2, 2, 4, 3, 1, 3, 2, 2, 3, 4, 2, 4, 2, 5, 4, 2, 2, 3, 2, 2, 3, 2, 3, 2, 2, 4, 4, 3, 3, 4, 2, 3, 4, 4, 3, 5, 2, 1, 2, 5, 3, 2, 3, 2, 2, 3, 5, 3, 3, 2, 2, 2, 3, 3, 3, 3, 3, 3, 1, 3, 3, 1, 2, 3, 1, 2, 4, 3, 2, 3, 3, 2, 2, 3, 2, 2, 4, 2, 3, 2, 1, 3, 4, 2, 1, 3, 3, 2, 2, 3, 1, 2, 3, 3, 2, 2, 3, 2, 1, 2, 3, 5, 3, 3, 4, 3, 3, 2, 3, 3, 4, 3, 2, 3, 1, 3, 4, 3, 1, 1, 4, 2, 3, 4, 3, 3, 2, 2, 3, 2, 3, 2, 1, 2, 2, 2, 3, 3, 1, 3, 2, 2, 2, 3, 1, 2, 2, 3, 2, 2, 3, 2, 4, 1, 2, 2, 2, 2, 3, 2, 2, 3, 4, 1, 4, 3, 1, 3, 2, 2, 2, 2, 3, 2, 2, 2, 1, 3, 3, 4, 3, 1, 3, 4, 1, 3, 2, 4, 3, 2, 2, 3, 1, 2, 5, 2, 4, 2, 3, 1, 2, 2, 1, 2, 3, 2, 3, 3, 2, 2, 2, 3, 2, 4, 3, 3, 2, 3, 3, 3, 4, 3, 2, 2, 4, 5, 2, 3, 3, 5, 3, 1, 2, 3, 3, 1, 2, 3, 3, 3, 4, 4, 3, 4, 2, 3, 2, 1, 1, 3, 4, 2, 1, 1, 3, 3, 3, 2, 3, 3, 3, 1, 2, 3, 3, 1, 3, 3, 2, 2, 2, 4, 3, 4, 2, 3, 5, 2, 2, 4, 2, 2, 3, 2, 4, 2, 2, 4, 1, 3, 2, 3, 2, 2, 1, 4, 2, 2, 3, 2, 3, 2, 3, 4, 4, 5, 4, 2, 2, 2, 5, 2, 2, 4, 5, 3, 2, 2, 3, 2, 2, 3, 2, 3, 2, 2, 3, 3, 4, 1, 2, 3, 3, 2, 2, 3, 4, 1, 2, 1, 3, 4, 1, 4, 3, 3, 1, 2, 2, 2, 2, 5, 3, 2, 2, 3, 4, 2, 4, 2, 3, 2, 3, 3, 2, 2, 2, 2, 2, 2, 3, 2, 3, 2, 2, 3, 2, 3, 3, 2, 2, 3, 4, 2, 2, 2, 3, 2, 3, 2, 3, 2, 2, 2, 4, 1, 3, 4, 2, 2, 3, 2, 2, 3, 2, 3, 3, 2, 2, 2, 3, 3, 2, 2, 1, 3, 3, 3, 2, 2, 3, 3, 2, 3, 1, 2, 3, 2, 3, 3, 5, 3, 1, 3, 2, 3, 2, 2, 4, 2, 3, 2, 2, 4, 3, 1, 3, 2, 1, 1, 3, 3, 3, 3, 2, 2, 4, 3, 3, 4, 2, 3, 3, 2, 3, 3, 2, 3, 2, 4, 4, 2, 4, 2, 2, 2, 2, 4, 2, 2, 2, 4, 2, 4, 2, 3, 1, 3, 2, 3, 2, 3, 2, 4, 2, 2, 2, 3, 2, 3, 3, 4, 2, 3, 5, 2, 2, 3, 2, 2, 2, 4, 4, 2, 3, 3, 4, 4, 1, 1, 2, 2, 3, 2, 4, 2, 2, 3, 3, 1, 2, 2, 2, 3, 2, 3, 2, 3, 3, 2, 3, 1, 5, 4, 4, 3, 2, 3, 3, 3, 3, 3, 2, 4, 2, 3, 2, 3, 4, 2, 2, 2, 4, 1, 2, 3, 3, 2, 3, 3, 3, 2, 3, 1, 1, 2, 1, 3, 3, 2, 3, 4, 4, 2, 4, 1, 1, 1, 3, 3, 3, 3, 4, 2, 4, 4, 3, 2, 1, 3, 2, 3, 1, 3, 2, 3, 2, 3, 2, 4, 4, 3, 3, 2, 3, 4, 2, 4, 2, 2, 3, 3, 2, 2, 1, 1, 2, 2, 3, 4, 3, 3, 2, 2, 3, 3, 2, 1, 2, 3, 2, 1, 4, 3, 2, 1, 2, 3, 3, 2, 2, 3, 3, 3, 3, 3, 2, 2, 3, 2, 2, 2, 3, 1, 3, 3, 3, 2, 2, 3, 3, 3, 3, 3, 2, 3, 3, 3, 2, 3, 1, 3, 2, 4, 3, 3, 2, 2, 2, 2, 3, 3, 2, 2, 3, 2, 2, 1, 1, 4, 2, 3, 2, 3, 3, 3, 2, 3, 3, 2, 4, 5, 2, 3, 2, 3, 3, 2, 2, 4, 2, 2, 3, 5, 1, 2, 2, 2, 2, 2, 1, 3, 2, 4, 1, 2, 2, 1, 2, 4, 4, 2, 3, 3, 1, 1, 1, 4, 2, 4, 2, 4, 3, 3, 4, 2, 3, 3, 3, 2, 2, 2, 3, 3, 3, 2, 4, 2, 3, 3, 3, 2, 3, 3, 3, 3, 3, 3, 4, 3, 1, 4, 3, 3, 2, 3, 2, 1, 1, 3, 2, 3, 2, 4, 2, 2, 2, 2, 3, 2, 3, 2, 1, 2, 1, 1, 1, 4, 3, 2, 3, 3, 3, 2, 4, 3, 4, 2, 3, 3, 5, 2, 2, 2, 2, 3, 2, 4, 2, 1, 1, 2, 2, 2, 3, 2, 3, 3, 1, 3, 3, 3, 3, 1, 4, 3, 2, 1, 2, 1, 2, 3, 2, 1, 4, 2, 2, 3, 4, 4, 4, 2, 3, 4, 2, 4, 1, 2, 2, 2, 3, 3, 3, 2, 2, 4, 2, 2, 1, 4, 3, 3, 4, 2, 4, 3, 3, 1, 5, 4, 4, 3, 1, 4, 2, 2, 3, 4, 5, 1, 2, 4, 3, 2, 3, 2, 3, 2, 3, 3, 2, 2, 2, 4, 4, 3, 3, 3, 2, 1, 4, 3, 2, 2, 3, 3, 2, 2, 2, 1, 1, 3, 4, 3, 2, 3, 3, 2, 3, 3, 3, 2, 2, 3, 3, 1, 2, 2, 2, 3, 2, 4, 2, 2, 2, 2, 4, 3, 3, 3, 2, 3, 5, 3, 4, 4, 2, 2, 2, 2, 2, 3, 2, 2, 2, 3, 2, 1, 3, 2, 2, 1, 3, 2, 3, 2, 3, 3, 3, 3, 2, 2, 2, 3, 2, 1, 2, 2, 4, 3, 2, 2, 2, 2, 3, 3, 2, 2, 3, 5, 3, 4, 2, 2, 2, 3, 3, 2, 4, 1, 2, 1, 2, 2, 3, 1, 2, 3, 3, 2, 3, 1, 2, 4, 3, 3, 3, 2, 2, 2, 3, 3, 3, 2, 2, 2, 5, 1, 3, 2, 1, 4, 2, 3, 2, 3, 3, 2, 3, 3, 1, 3, 2, 3, 3, 3, 3, 3, 3, 3, 3, 2, 4, 3, 2, 1, 2, 4, 1, 2, 3, 4, 2, 3, 3, 2]","[558.2414927810296, 34.53770322149351, 411.63976232984254, -805.5864000568426, -209.1437734049457, -400.7414911930105, -290.2452821131861, 1469.1910208796655, 756.022377133903, 127.77850249552165, -577.4117770891896, 643.1209035510042, -1258.2100556837704, -113.77791205204177, 124.5354410020503, -227.02203054533766, 709.3757279264737, 241.48482690552567, -55.394436685364, -46.058669981317635, -125.48328809465671, 285.69887555932803, -342.41703984030244, 905.3807357044559, 1261.3586886883045, 436.5921933339056, 328.0963707153525, 6.895609888351558, -718.221889187111, -545.1861264966026, 630.2023959414585, -193.28980372922047, -378.94910008246785, -170.02315705487308, 446.25591746744465, 838.7228016540912, 1441.723466222236, -206.85476587305976, -240.06321315959195, -573.0332559059611, 756.0852315827387, 371.5419888226453, -456.6003739943658, 1221.3948091701648, -320.28394615545943, 1277.5500913718033, -6.500043625378545, 1572.0515338523126, -857.907976024106, 33.74135003761952, -2090.654590900018, 433.2894870653148, 1063.4780744290558, 163.44896138116786, -91.55294992548416, 805.2693324740299, 1435.674255961827, 1054.5066407460602, -468.2870224241996, -106.45422386125772, 730.7369304996012, -1712.963253657382, 371.4166103695585, -600.8684057270103, 953.9206707131898, -598.9567582907065, 626.2722738915119, -573.5279220758937, 2085.0043443664767, -131.52110268079633, 799.3684256003761, -130.40474107957783, -811.2272938926941, -838.2211657891106, 304.7154116769102, 563.7623178123098, -277.1877424616129, -299.9631450182957, 1622.1777235234579, -798.8788314679324, -1254.2287707277294, -707.7295521811643, 29.34701883121525, -579.6753853000256, 189.229856673614, -92.99254918120111, -1222.9020186248883, 1027.2062782667888, 567.460839420126, 658.3316688998466, -221.6008333281003, -328.3704401691137, -119.83933954712053, -413.0095212138356, -57.58439723583099, 1170.1126967838761, 465.24186227674966, -600.7364161134503, 748.5701273931663, 274.4441535330674, -694.3080134852053, 538.7009443902228, 45.75119442587983, -159.49925341473107, -597.3885705523294, 5.861472788900841, 1129.1252592356625, -259.62463154186634, -32.02726573108802, 1808.8539909045667, -1151.0542397557122, 5.119085418250677, -164.2281404175642, -2180.6382033037257, 284.06635597582874, 768.112739668366, 135.97571012231333, -187.76418771824189, 1546.4878306121714, 221.73778692553867, 1628.2726247390792, 244.56363716311301, -892.2210233926892, 90.18493909312772, 1653.8611799302698, 185.9651879325561, 949.1900923185792, -34.86023793998882, 221.9930758898662, 761.1601375236013, 497.3662303590911, 500.86700901416583, 67.36984416024573, -1168.8046507727065, 298.3858213365291, -358.9013178781896, 1019.0308721720437, -2183.630391593465, 473.04302535275633, 221.9399225442869, -72.46747126273887, -148.7274140221001, 829.7623999913659, 316.3813671121657, 8.729137444255183, 1304.5354064409225, 68.92581567479589, 260.55496432302544, 49.54463979226388, 856.9476309725727, 55.77938158166121, -1314.7376195138627, -1101.598165700957, 658.6268029265383, 1175.7009279852177, 276.376007091928, 25.01098889277253, -1205.051841480085, 354.7231335097519, 954.1788925378789, -1604.395995305306, -84.58773990952606, -578.8667593351122, 46.91259807718671, 503.27165028467033, 510.88294426138793, -660.5073520199616, 772.6067386173389, -451.48701061782964, -219.79665086464598, 856.117496063174, -535.558634266963, -862.5216569753475, -24.559472178309633, 7.39671223965442, -417.7691361924629, -74.80260613999981, 1456.651894142334, -637.923953463538, 308.627972726991, 186.46697386287224, -137.24941689752086, 1109.6803883415646, -199.24310132280812, 660.2310859061685, -890.7425724946174, 299.1575553667514, 239.2135774861714, -112.5373382059068, -304.05016731439616, 1233.6573737211352, 48.90575292380393, 489.22769588283745, 229.12666067152793, 402.1964204156159, 336.86612993017957, -356.84799706639853, 733.2810889694383, -801.0515030015771, 80.40274378568712, 325.98941306557646, 1228.1511554045403, 403.35751000171285, 598.436522970527, -535.9880742502198, 856.9630138650018, 1084.5880711317577, 19.670284456152963, 494.7257870808467, 564.495526636457, -2264.4627667937757, -695.2231349227184, -498.4743425379215, 1035.583494384659, -377.0093307727308, 295.1910680751868, 193.2183177996576, -343.09732872143707, -11.93351362365523, -234.49831833821042, 558.5410980169099, 780.6546466239125, 6.362417501501426, -613.5861004013738, 642.8944211966307, 143.8787368970464, 486.25973913885525, -815.241035547288, -626.6739200744029, 1595.2357766015725, -133.46705793539974, 2698.86356925133, -549.1251150984153, -768.3175138775186, 36.36588276840739, 113.55267616648067, -937.9514291717439, -359.6762592084847, -1216.615120480078, 635.9225575713655, 869.7992237292237, -1094.1886253709963, 24.24925193692551, -263.5416242245254, 2487.5511678766243, 376.78269487075903, -971.0494364255427, 1293.8627337126838, -1034.3249418991431, 1384.610614802845, -186.33535747085057, -171.94069598315912, 142.5599431487521, -673.4606142397676, 980.2408805077176, 1676.8825369856615, 742.4987226364617, 1098.827982576743, 91.04992580634027, 901.8018472867764, 1194.0649644274768, 1303.2303273367568, -69.54704253459927, -421.4112202763444, 528.7866792122529, -277.92894118449004, 1426.2976917793444, -2774.105679552715, -3321.7519137288627, 569.816473007505, -565.805868194215, -13.045693877687484, 370.9110357982244, -1675.7446989280013, 1267.5450096834866, 554.5714807034296, 1602.9177858856892, 181.35847031426192, 351.8713354347856, -969.7344574601343, -586.7004090588664, 153.20671552665289, 1129.6732098130258, -511.53497031398643, 390.83864589526206, 2253.3165726775446, -253.10661618832245, -1269.060596463062, -84.0551315882509, -476.36837573845077, 69.53216981194772, -276.655134189226, 1279.6005742457896, 966.3504100032127, -173.50306743713816, -37.79079490213148, -1238.5433284247465, 791.8438684245895, -700.857609411137, 341.56473686266844, 1573.044753135368, 300.54202103395147, 177.8453036393912, -781.8806214038631, -405.7610793786911, 203.5700133630645, -344.0556436331211, -1768.0860699329241, 380.52363094772534, 65.48604511474782, -1107.9581518040725, 576.9639063175531, 2448.0310254843216, -305.8724553204394, -1011.3761651553318, 235.7649770707606, -323.7868829096686, -591.2690353708042, -521.0834913277148, 657.6233373434459, 561.5973271811497, -1189.902849611653, 164.35593144312952, -1233.9790280362695, -1592.7619748556715, 419.45918171946306, -259.3459269816889, 720.4307814978333, 761.199897683427, -155.65668522424158, 1022.830640150811, 351.0549677370731, -410.09358784920397, -550.3446659101321, -811.3355751224193, 719.3280471100568, 569.0461993392083, -862.5323184034334, 653.8630482479084, -680.9864171768198, -166.90053392866457, 544.0289280914649, 117.38057785119294, 771.3977267421081, 1888.8544227485104, 973.1939026773304, 643.2632248207723, 977.8040173381642, 528.5440913220889, 302.62463199699044, 246.09453939645311, 1108.5069694661042, 980.3168845911524, 401.5866420040877, -1966.8607559344207, -235.39383719428514, 259.28687091465855, 1350.5928600420307, -174.65486430257658, -1090.2722293929444, -607.5423513181377, 418.4585517542905, -61.152833708231725, 877.348402133177, 885.8632233448848, 1109.3793058609328, -187.25573876376865, -1316.5328738375038, 130.84083557918336, -686.7509401539672, 181.54853197842414, -391.4400361952002, 60.13493507448989, -215.39082244884878, -430.967708952593, 11.317907093091364, 417.18332160006776, 126.10848866612987, -8.518634537508753, 862.7626412023519, 1690.6353043434679, -440.3910989215329, 970.5213102362009, -1601.1813145023082, 981.0728465041112, -831.4416334246272, -585.2132479688261, 412.8524081333709, -995.4849143885483, 315.60893630668886, -2613.1821696012803, -738.7362326920118, -300.131249734746, 564.1971452296317, 864.2779326984022, -564.3144868393053, -353.6932679837714, 125.76255559259299, 124.35036066035137, -399.3384341220424, 613.0616679109135, -47.03250909364648, 824.8332204417547, 135.2453967062492, 191.7603406811017, -1770.9622318267648, 1047.9610322387111, -2060.370474013072, -2503.6498929341737, -640.6444002767353, -501.15263102326657, -1128.3360702051364, -517.8544901897715, 308.8304580467933, -1151.2900051665824, -378.86944180435233, 20.368370972671094, 31.667625536972473, 1262.5582326633507, -86.47042986127524, -548.2307257735869, -528.091503420718, 70.04140428233318, 444.8766417168986, 775.9090941740332, 580.1061711130695, -140.38592636117994, -1575.363370341271, -1594.8592879407527, 1299.7287684653954, 543.3913407630943, 230.6086715691181, 585.2186768925151, 286.9978084419028, 411.480099910677, -398.49882868467677, 105.64747254353647, 1201.9308615674001, 644.5741790366167, 153.1974376182468, -426.7316373216665, -142.94525266428258, -574.3201504209057, 626.0725298722411, -663.0342191833291, -136.779897487379, 768.7521518719685, -733.8962842901269, -1058.3938162638744, 1493.7009639525313, -144.46691636053293, 582.3146813712327, 212.08940893509538, -1796.9762839055545, 475.83784287929893, 1018.3880351857441, -1188.8379223423635, 348.6342072760331, -208.6903165792387, -175.75732258087214, 1146.2776561200342, -44.75219530681517, -414.9751931449075, 655.427945698814, -90.83308219311915, -22.262222289081585, -1173.960854519223, 51.94626526876685, 1633.9302630686093, 243.1394994896719, -114.63239369706587, 359.25947075833676, -178.42211269251834, 1888.8171426985323, -369.11462712062996, -674.392245200341, -171.0095718051329, 263.14752609514204, -233.76697852747833, -454.0503046783011, 136.47403382252423, 304.15022897714334, 396.5696425305504, -85.74851926853249, -598.2277697314286, 584.6190339375954, -2150.838137462037, 202.0468705020528, -968.6579409212802, -60.589574743078174, -55.48331025444536, -836.2964467041807, 130.12409892846472, 177.08269038719357, -187.42100332030594, 1228.6204821951214, -114.06697819990087, -704.2087424617614, 96.05154122507071, 1336.6940992234604, 315.9588542208434, -326.2861569681194, 1217.4785752741032, 425.0779269988843, -312.9970763077933, 487.87115946950985, -1448.0255881388005, 1086.6368438120594, 757.0472786760049, 226.68919200763906, 231.74905218600685, 784.3825923209932, 509.28772499517794, -208.17827591408582, 1058.8114368881154, -1474.4679858353543, -4.058918949446031, -368.15516864173065, 859.3366169326217, 945.0547443512439, -1332.1393127099639, 748.1765680505027, 409.6882292974804, -57.67029680475923, 1109.223706116823, -1289.9979059234838, 284.9796468826275, 448.9617775302408, 189.93480630576704, -1271.2432287918393, 319.6753451622354, -288.9619627961068, 699.2787547018538, 513.7376180832231, -75.19048429958818, -188.78709112466714, -262.7048774996681, -691.185057643415, -43.503959428570084, -238.67087303284194, 88.28373673442579, 1489.3006230903347, -191.0786839353222, -501.2140266772997, 410.8430006655937, 627.3844569239328, 328.47781895515067, 173.11291498137763, -203.81417230917316, -1295.0670464025518, 800.4322997466111, -560.4397526529224, -165.29403558974263, 634.5668159861533, -887.674595884481, 80.03666614730291, -1641.8713577541662, -623.2492980911513, -605.6830352172783, 1686.3042546677577, 198.58165887599472, -36.41008350025935, 238.13395078703905, -50.570294922168856, 475.14111124881674, -141.08739535822593, 94.02402826359274, -355.6827048558902, -85.42685943682444, 1666.5847095394033, 478.65441408381247, 1452.8030649509292, -196.44462843827836, -1621.8625152779148, -3.745269888947945, -2002.4100624202165, 210.48751912299429, 1167.6623359444975, -370.37624487366315, 250.11929135818093, 1274.8984881954996, 480.77698918609155, 1052.1992389230718, -603.9590177655986, 1733.7926522435778, 128.88053020969647, -1617.629280729384, -205.58459396847104, 495.69662622134, 836.9200440691824, 281.07846432092066, -432.59108683669933, 82.85421371881442, 175.6399809711985, -156.51459109475365, -306.2536045595612, -346.96132383003874, -434.8935083969549, 765.0490806144287, 760.3499460269126, 366.54935635111616, -502.51894940291737, -443.3421157249989, 528.1546388229012, 1162.1475357380473, 835.3383008915731, 138.2055760815881, -712.007003281587, -56.54911096257071, -211.96770211884962, 188.36804248398124, 462.7145448880472, -73.69732079445681, 1039.9147746356587, 221.41887137410322, 113.96701057805559, 1320.6675525623655, 271.4422608093442, -539.5431497203125, 1311.6885164907578, -183.22616195497346, -2327.019394331881, 1811.9230731261896, -269.10146193999947, -2.8883379629021135, -513.401680821163, -240.19547630466752, 377.08595596714804, 895.1723217733216, -2094.031017667789, 175.8940411597327, 497.6387672689171, 1263.205672017538, -188.21387499408468, 969.6540269927324, 881.0895100061124, 1740.34129736852, 912.5405507238319, -197.74296279888284, 227.5274736479492, 1926.7453741572995, 1598.243641025359, -2067.9941560095854, -418.4340064964362, -2152.648131863449, -228.35476602591717, 776.1620260123497, -216.07255652379996, -266.2822569427849, 1010.6379073882838, -36.883433847789064, 361.378466775743, -415.87648868919024, -1001.1660819357451, -224.12173161868145, -251.55947235684346, 127.60934746464328, -297.58135221465017, 1599.8577262376953, 78.74731524222041, -2324.8739121545364, -13.056934994670506, 356.070801706314, 406.3190097896213, -1405.609386291363, -1650.516755397948, 634.6119739290552, 1072.2781910950312, 505.4892457339024, -267.22079397614795, 217.94272749535128, -395.02593405625197, -182.77154023106738, 18.16615851364473, 503.5534441815341, 1287.129272590925, -171.60637586029367, -263.0947379042996, 274.9952555611067, -604.4884950052273, -187.7274163708214, -1889.3030227999693, -804.5110908650214, 699.4583310607601, 1597.3461206188845, 427.35242657676105, 250.6002886185998, -2514.2726850625527, 184.99583063256574, 471.92529931721225, -144.49725291962204, 377.1962231441817, -1266.2718335995312, -147.47011599848634, 176.35354479531065, 76.65665463917662, 1517.163525925071, 557.8080263637302, 1292.9441851725887, 415.61850152996635, -572.6330043686431, 959.9005338350688, 1001.3302682620417, 897.7991539105307, 472.94191453490373, 174.54026232853528, 1104.7254680521855, 449.3661113851775, -534.3678274477599, 634.29657626064, -662.2287451725422, 44.00872289293458, 326.74889518723944, -109.67964863895826, 966.531367170949, -1037.5422956804878, 295.85582304262687, -741.261839531173, -458.8071762809531, -297.3513890775761, 174.95729443035844, -3170.2698032764324, 253.17931537033104, 129.21296955417455, -172.9883912464719, 628.6697988838954, 887.8747361927032, -2441.9839372000324, -139.3660737794316, 635.7803244361576, -174.68387834434367, -1072.5417757772245, 1501.7939709720797, 685.0721616097055, 2288.249235133591, -671.5198120547082, -693.4243190208491, 589.4274588815138, -296.0179530325109, -1406.667693954721, 1598.417795277239, 446.2822710228585, 317.6073759396871, 403.31348258132005, 430.2592391144799, -507.9662627824186, -547.7938925962071, 643.1455073361233, 563.7152582185404, -1290.8835032686236, -182.57235773999224, -565.2014276240644, 212.4968112542383, -31.96230434292785, -503.1839387837667, -144.42606131311334, 648.0373431087687, 1117.3497163642674, 517.4315685138499, -885.9289712350316, -1354.0745641290507, 1617.7336104778697, 1163.7660928136293, -370.13768235781095, -240.85044667893072, 588.2122673709564, -372.47404378968565, -1095.5224433382364, -1569.6204128169331, 31.23540760649759, 669.2512505078231, 426.7735920018411, 60.71392673090318, 418.0470811534979, 345.8985091396502, -12.589336643400244, -557.1868709304301, 368.11456398022403, 118.82783923679649, -247.04540223417285, -1273.784603170234, -127.34374882733245, -469.0238216133927, -159.95846562118368, 277.2054024702696, -164.32615568603853, -538.9805348602088, -138.71966679711608, -343.94539732856754, -1511.4959009441138, 1173.7764840487432, -49.75540679396268, -600.7094405367327, -1388.2214777158163, -135.31363621763262, 798.1969863626845, 572.3663682566042, 587.1235972257153, -593.7160725089755, -582.2809169842932, 56.31030287230816, 174.5220206747095, -571.0641206801829, 350.96057269326326, -1337.37601544979, -2010.4227897455141, 86.50542085171703, 259.2130306347288, 77.31825770137844, -610.2487005239519, 69.53808227418655, -2210.77527641548, 185.27404332022473, 332.10910518193015, -1428.8832629341157, -418.5252103467154, 1518.5336402661217, 42.70097658326047, -2899.8320793117928, 550.4137272279469, 47.0420012984881, -385.9754335299857, 1142.227216693912, 659.4143322654605, -509.2498114137049, 722.895591917574, -4.368211536061544, -86.1251973522241, -720.5478299147771, 1254.9137168186055, -2885.9961723368897, 99.93228602920026, -172.06936189551175, -176.33928823743855, 1762.7474521368824, -197.5167121821766, -659.160825119618, 995.5228636049368, 218.96657932819392, 451.7582492993529, -327.70101799330854, 177.4410115294146, 278.22143963372554, 160.1995395688959, -782.3547199665619, 535.0191832507152, 555.4982901525336, -364.48455425292946, 500.2669169425303, 395.83211554503526, 987.2530558538156, -291.7553979476256, 373.4103833993601, 1548.4647020130428, -789.304039482372, -26.78103704980984, -315.4565788465648, 182.4336642673265, -2090.325790484335, 1369.9199526504738, -126.18569085833174, -186.9697403762421, 51.8342878980489, 293.4346502630926, 145.1986932676728, 414.3226580329661, -144.16573461577485, -751.5100666472663, 65.47066212454207, -520.1450338972643, 870.6972463762527, -539.7004025436856, 73.96123475613216, 143.9960616217686, -135.3902787506347, 1214.373319776366, -33.44495833472533, 1690.6505302521807, 860.7210825998218, 305.85950643017793, -659.9222552817487, -77.25944490570872, 1383.32966656862, -658.9364625527928, 318.2430757744568, -1009.2283072309133, 389.64186894311837, -324.14318201510355, -1208.5988473996467, -197.71270097416516, 197.2736995327836, -367.04304030027055, 372.5983952212303, 1795.9540329049407, 644.6004313590055, 386.4464558514081, -91.27383683604376, 1116.7580496542612, -41.41800389184381, 428.77364796963906, -190.34246032801582, -1182.9331983170505, -125.48754677375875, -660.6946114310514, 41.69355730228948, -762.7490005648399, -846.6559654206625, 272.7791962385934, -1815.5222439880986, -428.43455875345245, -902.7698365207696, -151.18687626173653, 16.653263569609507, -413.06475300674845, -165.29691522361924, -359.18377670369495, -79.38054256281332, -895.8686736408921, -339.6479722968889, -94.49336623475439, -126.05092102655722, -2186.8888704821406, -580.3767389605385, -556.6202882640694, -804.3163434203195, -892.2384262162232, 691.5907000762836, -6.859196896458215, -348.6586074210701, 343.67559003617106, -231.44224698285905, -308.1115387927885, 505.58397293701364, 179.11168301595433, 797.729643853584, -674.1453985332984, -541.6579056601001, -1090.2388758765478, -11.514226180255903, -1005.7865858706591, -2137.388945216941, -606.8714703475298, -1030.2563145002423, 526.8670053829966, -2241.6010783506617, -78.40060346788732, -227.15442868816058, 535.7359616463939, 696.4967725913075, 1537.635709168329, 132.8685473182264, -1396.0225401150778, -214.61045456638203, 90.89965542084806, -839.3865942926284, 1388.1855092910498, -239.5484980023544, 30.344555621582046, 398.67994480290207, -31.96767842624689, -285.11110924316085, -223.25478220428414, 872.1765962302808, 793.9081185102618, 697.1303559750553, -66.47926197739768, -16.352407475387068, 145.90142607118776, 235.6008423328588, -1456.3755570146886, -1199.849350864589, 551.7125866167252, 1027.1993172048383, -85.79138007600997, 271.94147889999715, 48.96732042269426, 1823.132323696677, 323.89705869804044, 857.7952515764766, -364.30439368085484, -942.3900009035583, 1234.207310753199, 305.06264646375666, 1433.4059179740736, -270.9225635203782, -504.62799170691954, 293.38095843501804, 736.873330462947, 149.54650507659056, -590.310041929492, -2473.2354248531424, 798.8788938496158, 242.88453935391834, -2051.7892160835927, 495.8237181001332, 150.54299372574948, 428.3572401601163, 686.6458504528529, -53.57203339167569, -250.56507903784353, -509.468682013505, 1992.6913873142275, 146.61797010234557, 689.129622444222, 198.41627898292433, 281.47770161463745, 347.70846730004973, -65.67989304841045, 573.1502955138417, -790.274425031695, -509.7964886230845, 148.58461491815297, 1680.3590067141752, 1547.2633550460876, 911.6339094904441, -568.8983520548446, 546.4728538092039, -1859.0217499950518, -317.7822770445773, -239.41225917343047, -1872.6761302800046, -894.0160850781191, -231.01202673442748, -251.09988962574505, 362.0678082407316, -75.49520793112285, -233.2036043235682, 654.2617053141697, 1288.700418604137, 962.1833775058345, 533.1078855154655, -444.23827558995515, 1026.0024601463315, -475.20330218672467, -202.13255062738364, 2101.253079672168, 1690.8190412268973, -337.9658427679511, 703.2935873258674, -738.2372875081267, 225.61603970368623, 1541.396984549165, 575.4384081478936, 229.7392352270125, 65.63604201761248, -104.12192848892427, 1287.0541295868434, -356.99398790030864, -258.72398010263333, -1619.5202793092924, 298.3856280140231, 641.8528518875974, -556.7090464966177, 92.19219002889338, -2527.1378327687653, -841.8504950502423, -2176.043737593991, 407.71116063240817, 689.6656730361884, 1368.667807647516, -343.3206273728478, -848.1723998289424, -660.057026275901, 83.90809134695448, -1464.8632708848822, -2345.7931504960184, 2265.0045460130523, -757.7323723922316, 54.548064771452246, -302.91513465760886, 806.1556717042914, -165.7289574711175, 1428.1116392236495, 768.5993697015037, 194.13120032385802, 182.58978712447083, 765.5867232362692, 578.039330748131, -575.4974844813066, -347.4464483038922, -1741.4167960809896, -601.927825243855, 367.4804805291423, -324.52617877041223, -2043.7118060310909, 171.4651903616459, -443.53812538946755, 708.351038714035, -560.65416105271, 865.5997721184126, -123.9867467545662, 773.7418306097272, -35.393018057233036, 154.39512978442423, -957.5648314780558, -43.17218501273358, -1723.1245186479919, 1288.579416388794, 2543.2667011775293, -46.32160520447759, 289.7538658464399, 602.3536924496522, 402.96895639001394, 973.927066273326, -44.405406301086984, 320.9477318209473, 347.27719855362466, -553.9463564530301, 1215.63291559039, -278.8880917072955, -428.2143741004393, 486.2081450145832, 1117.4784767406732, -156.95663273651195, -325.00233091738096, 107.6754713661934, 584.5739177396536, 187.93257237719712, -1164.1515097392135, 596.4901604468148, 647.5316115048297, -152.07121050915214, -211.69099867408977, 1634.8944298467766, -2596.1374298205774, -673.426989595736, -191.56827436762666, 762.1065389168147, 1743.771831765122, 649.9391324092109, 468.99364802468494, -600.5522278423085, -418.9088360576153, 282.1428272044998, -170.18515446741566, -143.9502588671986, 10.781252525024264, -290.85507528807835, -211.3582377725313, 201.12851968072067, 1734.8892189321145, -796.3748919882419, 341.21816483124366, -514.9747284852426, 387.22935381916136, -25.25773655102452, 1095.7741053913524, -57.9736182475918, -729.0812842263248, 884.0793671405941, -167.02336319245978, 408.56219823919474, 547.4230186054906, -516.4554009250603, 230.79397398339415, 387.3408451762364, -1273.5475763763554, 725.4904282868073, 1192.8104048282294, 168.20137926749567, -101.97498350754314, -1448.87764266493, 1609.9013528920063, 167.65468971821258, -397.66655084425275, -62.22485483468982, 621.7383699873646, -285.6866766251977, 176.40296090992263, -121.2606971001235, 431.0543306651051, 886.2968434640617, -497.9237660454481, 8.007384490214719, 161.3606120717439, -12.549512453516172, -605.6279225012415, 1719.062356500127, 166.72967062198597, -42.67160536971976, -1984.9112267883797, -93.50275199432888, -91.66448090898673, -1.3925846330665905, 821.7887165907777, -1875.6884569038036, 529.6356202776146, 1347.8695121163794, -99.30228208923701, -188.30829380611914, -214.5713688967125, -104.32241264442077, -50.59779361192071, -502.1111177309196, 22.714534080971504, 828.5052545072522, -85.32928833345726, -1636.6951561370547, 161.87178887822625, 527.2258625842526, -2367.013435248234, 1271.4611713996646, -164.79172821129168, 553.9606547558623, 1039.4627557811625, 90.13704216865044, 1130.9218153028507, -1762.9028256186061, -34.21514268613085, -54.956499058875806, 978.544807678443, 781.2432443632489, -974.1987215168925, -544.8701795732851, -64.6095565975878, -352.3010565443005, -448.4165203027102, 64.4463073961598, -230.01649105947837, -266.0323797672649, -193.09985740159135, 65.81369469172222, 143.89907685497298, -425.04078008252833, -546.6379567883987, -1622.932881556635, -298.22908642739554, -1136.0879718068416, -213.20827596498458, -177.16016611091118, 577.4667436767155, 454.79382782007184, 1157.823896289892, -241.0354891626772, 714.2831404175047, -1055.7199827061193, -1381.560055796289, -613.012828489862, -941.7441530709244, -599.7333719567335, -592.8369299653396, 1965.0118179808194, 756.7695300150907, -754.3202158584685, -242.92228530291663, -14.701373820035634, -52.86175152381071, 776.732129184686, 509.03031962778795, -441.856503707678, -2.437661286942216, -271.2752028245385, -623.1726555581492, -266.5555937301115, -97.58088893665636, 25.992017873866658, -207.37805216639651, -94.6299484542639, 256.8339258562416, -1990.6977593345557, 183.6985639766068, -184.98300972601982, -5.154163052193212, 651.7952548109837, 173.817399723537, 176.7946135034452, -340.5607394845562, 874.2838305418763, 709.592058849609, 407.20124773017125, 364.13533891892126, 472.996035666945, 649.257909712559, -1024.8208468385726, 1418.3238987945533, -77.50300568060831, -2647.3413076439897, -366.3570742257153, 63.04936171745939, 309.44622630136445, 69.44961713659163, -687.7065890215921, 1479.557709554387, -165.0327986251088, 5.658148522379527, 202.02724743422846, -1059.4800373580101, -1518.1124355742322, 1197.0251817096562, -401.6965768186523, -636.3666384907182, -1664.2362060864675, 1428.7977258356584, 466.5621887672767, 72.71467116473073, 800.7696358639016, -2006.1466526445458, -702.5370168226742, 375.0889574894234, 179.65543415204013, -782.0208082262945, -527.6782645019058, 1521.3081896098765, -253.21021281946503, -2037.0641919791701, 636.8143434695747, -1217.818079137193, 1173.0374193195698, -2082.1574826225074, -306.58296029074836, -3184.607525556844, 476.25905067282577, 174.84656004251758, 464.68099708429384, -180.15165378727642, -336.432273430821, 923.2866790500879, 127.83431461366648, -167.94671000184275, -136.0993707105726, -757.7865675694793, -369.87208725439524, 251.94795681516194, 876.0374683850677, -1366.5615735264291, -146.45571582323578, -2903.491200578632, 150.92173458034472, 1423.7032243667054, -2311.7081843060223, -1.0832034383041318, 198.91545527972886, -324.98243775141515, 36.89306453751095, 2560.9217222839507, 926.5244134559377, -433.00996584861207, 231.0313624144137, 1152.500442020879, -556.0111736188052, 445.88042252757856, -724.7108336533577, 89.8851401779558, -1274.944837937629, -984.475036180546, 154.24274128208194, -418.61498292064135, -130.46168553759514, 404.7408299284777, 93.50318598969787, 1536.089572695052, 134.42465494401318, -200.67144242718138, 1214.0005519308768, -1001.7964952477539, -1332.5425639804641, -1323.0706076164117, 1245.5200420121985, -1054.9633236122324, -451.7193109703889, -761.0342617489611, -92.67699443129275, -194.82415101164042, 93.84610322034483, -2726.3635167798034, 981.2067807736527, 1065.581025858342, 67.61737496351074, 746.1501410881851, 900.9411243998277, 1468.270881976453, 576.103277796881, 189.34698706405908, -75.59783389963825, 147.60448310588959, 247.8900518155384, 1274.0997807627084, 27.705612785324007, 372.92060020083005, 241.90143354150177, 868.9727638869857, -267.73755320502926, -290.8640034954304, 397.70282873575195, -648.8406175796856, 919.8565739574524, 1328.9311925653587, -154.07257091488975, -21.057490063209613, -280.13000901170005, 718.8953036929042, 660.7184176124108, -240.78732213195326, 301.9651542262847, 1040.2269468561508, 79.3765783393397, -154.4435326870542, 982.1269196777943, -802.4480781556316, -1222.13347377041, 1698.6358215051664, -555.8113899789062, -70.82272064316032, 1025.181603145339, -485.639028813037, 597.1951897805857, -1544.668934835968, -466.95469547288303, 442.6489552855185, 206.25135363411215, -340.6741377432363, -235.8468081099249, 254.64137558278878, -233.2738864399933, 172.8339024651063, 1247.5714830075563, -539.466212881091, 1866.7908376790192, 214.34062902835888, 2057.346929698615, 1245.8233657260275, 1440.7574359541804, -459.3637000649886, 121.06099553243102, 1345.8056101646384, 395.81568572266406, -626.9848076159462, -1543.7436446307574, 386.24731510529296, 1683.966475580872, -339.7774112029227, 538.5539565670751, 273.01492091441736, 724.3839662105537, 1049.3731119321963, 485.42625965576934, -103.34105543992125, 419.6657794893355, -107.83737933145999, 1803.8490653856154, 156.20228629691997, 862.8348678769821, 1344.065273636239, 526.148843198747, 511.2964934072906, 825.9940206732412, -179.95692496363722, 513.087786167604, 594.0980642775995, -213.30016527917928, 538.6457481842659, 1720.131732455006, -212.86016087255376, -1037.974978580082, -1571.3273178771424, -370.876998031304, -97.6096859063435, 30.05222218306337, 542.3034879842766, 113.40940631690268, -63.37356023911015, 817.7049649209345, -178.33055220689766, -1027.7385890362675, -488.44343399213443, -381.5942021342775, 262.96582596297446, 241.87080377010352, 92.69498954875391, -79.3453230127425, -363.5655249019693, -79.59508717161415, -759.5881834045363, -71.74458778526052, 509.7986141128778, 548.1655020073166, -362.5480532495647, 175.4384476636517, 929.7983955936523, -231.78216934087283, -1267.9016097092788, 885.6044744703368, -309.07347069618635, 51.92633429373687, -743.7803383446856, 168.05015414511792, 294.3501817969917, -234.05872886237626, -150.0281575248635, -1536.782540246081, 1636.0768390933958, -212.64464642629702, 1010.0366310642036, 882.1906466605725, 459.09739397413927, -287.93923113676215, 1694.4300722467533, 385.45702525825845, -1235.362873971813, -679.5702850052006, 1156.5715947577794, -319.39570365739075, -593.3056335722391, 1035.50082036143, 991.1338803097459, 375.67500623989173, 257.0948475932879, -591.0593715601859, -402.99660171172695, -684.891644925588, -758.0219645302186, 975.9351720277937, -775.1111577183339, 106.72970271817613, -693.6627233417187, 671.7168790008742, -419.6512042206847, 221.5238813724023, 353.4213945848735, -175.67155922095708, 294.23228812591555, 2.6614693133492437, 194.67332091806026, 669.052109761708, 533.6698427673093, 1421.7836250402308, 901.3177816110393, 429.7905563800604, -34.36700964349059, -231.05070902199583, -1645.3822475413444, -211.8824246690018, 1138.6974212675696, -638.3375234819207, -687.9566947546152, 1087.710422997447, 822.1364603333914, -490.0028263476865, 1023.3515168492839, 1232.1884881034011, -1195.8348898063014, -1549.6308583565822, -515.3191045106925, -232.02275384462274, -160.06249150740456, -258.2909820047602, -411.21173632103705, 449.70910831651355, -230.5996652743437, -61.25730252871439, -1217.0120809047528, 79.26642649883921, 516.3534005606322, 551.1658009873779, -175.67754896622353, -245.6085255308393, -2395.5705347508238, -876.2546906232535, 956.033778114779, 1502.8305267561798, 494.43502934078685, -58.82810216361243, -691.3603791622672, -1481.2958383671253, 31.845278211082224, -187.4638432553034, 17.589853773770834, -591.6116029492854, -59.88279165329973, 139.52463871675798, -190.82090794550976, 68.11407950071619, 445.8542119501499, -348.4908345315852, 242.08993810868878, -653.4747356344473, 334.106260741148, 942.1965322773588, 574.3815705790905, -1608.0683990010339, 311.0480534960254, -102.15997165618559, -12.812907615060915, 35.64646243410033, 167.6670987082651, 170.44544406230807, -120.01098155459552, -270.4010970519594, 281.68991506818077, -330.987679170329, 215.05123972479788, 516.0073731208188, 1622.5034933328873, 1602.5346908282086, -381.20658233902424, 363.36072904405347, -121.79363424997267, 116.35308981905592, -885.6690313390669, -26.103076447767357, 658.0009091137058, 698.2202843201707, 8.63274421588018, -1184.6237471660406, 574.2764603106489, 470.37230180281534, -646.0194701485975, 342.55399343774064, 1003.9798115924956, -134.2170695290958, 292.98259345286766, 1899.2488028303208, 327.2771319163399, -71.25657416490414, -586.9853210424875, -372.60136624376867, 1026.2107425918396, 364.43912757256106, -74.55342679946506, -1175.5466076527946, -456.06821012651557, 402.40168711601063, 135.91077485737077, -259.96153815476686, -192.3922624502656, 580.8572905892484, 793.27747793504, 1704.8016587051295, 1573.5746958182579, 1257.371083898269, 563.7496217386436, -171.85493262324405, 302.2608277942737, 1745.0460302552883, 96.86565252147638, 78.42719163500773, -517.0714771357254, 378.77358826668404, -288.5697237682361, 761.6399777326196, -2123.474165865001, 564.2155230924706, -35.80489875441148, 873.2057565492614, -569.7023317327611, -1370.4747243766933, -2552.1501040925623, -650.6617536335308, -79.45105914153591, 111.83637952530316, -18.571325510408705, 226.1393323074912, 618.9460608661786, -37.773040222974075, 83.50047553577062, 558.1426397282138, -81.36816876585534, 704.2642311701295, 1384.9277450019003, -2055.09032969849, 208.19639134992644, 238.27782173562417, -305.30657200729854, -1077.4884366260126, -317.48510532424905, 2422.0537477815815, 430.91162688571575, 426.4212815262548, 237.19658148008068, -3163.121877336233, -1110.1332323087618, -993.608738604142, 113.66597612205969, -1165.9319487704358, 114.14154683030706, 555.265154188853, -2598.615467303681, -733.3756555571613, 2121.639049227529, 725.4587295994976, 534.2882318885339, -633.5592791437964, 170.28274497666098, -523.9271193767579, -433.20068739203066, -84.18029584542303, 62.634324420585656, -299.61556053039516, -832.4438876031193, -1639.880579645886, 871.5432703554592, -1216.6763591503945, -3066.846500214338, 388.20147364802017, -440.6698979457635, 46.60898510652363, 520.1453871322135, 64.88270672270924, 912.3293321850113, 317.8890721395469, -393.2560609244614, -16.473426021217072, 1159.8676357302882, -1033.3264113515606, 401.11194865192175, 1093.1943565974868, 171.0883760689411, -64.4488880813031, 180.8589234439233, -1620.1136025631022, -502.32830630003383, 625.6435559911727, 901.8066539371055, -69.86129552230987, -1248.8468970269448, -38.630810031137756, 115.16228299985282, 488.7419551418681, -1682.705078509877, -178.15404805161194, -746.5217399003535, 887.3621983373102, -1849.9471552268806, -263.19157986329594, -204.45706645785378, -325.1659174289448, -97.64634842812252, 783.1514116220208, -1425.3816108402052, 66.05873286290809, -2.949869777060229, -196.22397874767796, -1265.0570037447656, 842.650062066476, 179.208260362106, 992.4873642823853, -236.00608292119574, 57.090472006518795, 438.27467422879687, -1115.6348483894246, -67.5601734043672, 1073.9902119729293, -62.99985615557165, -663.8248169864576, -973.2553036853469, -557.1590999204284, -73.32310147547518, -401.3387188477668, -1616.2277034968133, 165.46475004022557, 1976.2340578705332, -607.9466643005943, 888.3656294469363, 656.6164017015456, -148.53657663475616, 60.13820231626128, 978.7257878928081, 163.65788788283737, -466.38797659750924, -1347.9250658008345, -771.2387913818545, -65.47462634801572, -1183.3949015093335, 324.25499218347835, -175.59192181532165, 879.2907986679954, 287.56874874452365, -1994.5528139447902, -137.00620809467182, 170.14799485498884, 66.33905057475148, -341.7154138595395, -32.02687423618555, 1.0651648535711047, -372.9671738328997, 1622.952630380287, 664.6904094421196, -70.08132309382985, 344.4073932382418, -1133.1796023188124, 486.300812322956, -2192.28016170441, -340.95902097678646, 1863.9544999750626, -59.77762507695762, -683.4000431630006, 541.8081846240021, 46.467931076598475, -680.8996809321693, 172.43293405633688, 455.3081887831504, 477.0871674333748, -190.0761233501371, -37.24336809278792, 30.537475949364378, 11.556117636892921, 185.26998109880287, 461.27790491800766, 785.6914266524411, -263.03999653808006]"
0.75,9000,0.811647493108706,0.811647493108706,0.02776050567626953,0.34250829377468284,"[3, 2, 3, 4, 2, 2, 2, 4, 2, 3, 1, 2, 3, 1, 4, 1, 3, 1, 2, 1, 2, 3, 2, 4, 2, 4, 2, 3, 3, 2, 2, 2, 2, 2, 4, 2, 3, 2, 3, 4, 3, 3, 2, 2, 2, 2, 3, 3, 3, 2, 3, 3, 2, 3, 2, 3, 3, 2, 2, 2, 3, 2, 3, 1, 3, 2, 3, 3, 3, 3, 3, 2, 4, 2, 3, 3, 2, 2, 2, 2, 3, 3, 3, 1, 3, 2, 3, 2, 3, 2, 2, 2, 2, 1, 2, 1, 3, 2, 3, 2, 3, 3, 2, 2, 2, 2, 3, 3, 3, 4, 1, 3, 2, 2, 3, 2, 3, 5, 4, 3, 4, 3, 3, 2, 2, 1, 4, 2, 2, 4, 2, 2, 2, 5, 2, 4, 4, 4, 3, 2, 3, 3, 4, 2, 3, 3, 1, 3, 2, 3, 1, 2, 3, 1, 3, 2, 3, 4, 3, 2, 3, 2, 3, 2, 2, 2, 3, 2, 3, 2, 3, 4, 1, 2, 3, 2, 3, 3, 2, 3, 4, 2, 3, 3, 2, 2, 2, 2, 2, 2, 3, 3, 3, 3, 3, 2, 3, 2, 1, 2, 2, 3, 3, 3, 2, 3, 2, 2, 1, 3, 4, 2, 2, 5, 2, 4, 2, 3, 3, 1, 1, 1, 3, 3, 3, 2, 2, 1, 3, 2, 3, 2, 2, 3, 2, 4, 2, 3, 1, 2, 4, 3, 2, 2, 3, 2, 2, 4, 2, 3, 5, 2, 2, 3, 3, 1, 2, 3, 4, 3, 4, 3, 3, 2, 3, 3, 2, 4, 2, 3, 5, 3, 4, 2, 3, 3, 4, 2, 3, 2, 5, 3, 3, 4, 2, 4, 2, 2, 2, 3, 2, 2, 3, 2, 4, 3, 4, 2, 3, 2, 1, 3, 1, 4, 2, 4, 3, 1, 2, 2, 2, 1, 5, 2, 3, 3, 3, 2, 2, 4, 3, 3, 2, 3, 2, 4, 3, 3, 2, 3, 5, 2, 2, 2, 3, 1, 3, 3, 3, 2, 3, 3, 1, 1, 1, 3, 4, 3, 2, 2, 3, 2, 5, 2, 4, 1, 3, 2, 3, 4, 2, 3, 3, 2, 3, 4, 2, 3, 1, 1, 1, 1, 1, 2, 2, 3, 2, 2, 2, 3, 2, 2, 3, 4, 3, 3, 1, 1, 3, 2, 4, 3, 3, 2, 4, 2, 2, 3, 3, 4, 4, 2, 3, 1, 2, 2, 3, 1, 3, 3, 3, 2, 2, 3, 2, 2, 2, 2, 4, 1, 2, 2, 4, 3, 4, 3, 2, 2, 2, 4, 1, 2, 2, 2, 3, 2, 3, 1, 3, 3, 4, 3, 2, 2, 1, 3, 1, 1, 2, 1, 4, 2, 2, 2, 3, 2, 3, 3, 2, 1, 3, 2, 3, 2, 2, 2, 3, 2, 2, 1, 2, 3, 1, 3, 2, 2, 2, 4, 1, 1, 3, 2, 3, 2, 2, 3, 3, 3, 3, 3, 3, 2, 2, 2, 2, 4, 3, 2, 3, 4, 4, 1, 3, 2, 1, 2, 3, 1, 3, 2, 3, 3, 2, 4, 3, 2, 3, 2, 2, 1, 5, 4, 4, 2, 4, 2, 2, 1, 3, 4, 4, 2, 3, 2, 1, 2, 2, 2, 2, 2, 2, 3, 3, 2, 3, 4, 5, 2, 2, 2, 1, 3, 2, 2, 4, 3, 4, 1, 2, 3, 4, 2, 2, 2, 2, 3, 2, 2, 3, 3, 3, 3, 2, 3, 3, 2, 1, 3, 3, 3, 1, 2, 3, 2, 2, 3, 5, 2, 2, 4, 1, 1, 3, 2, 1, 2, 5, 3, 4, 3, 3, 3, 2, 4, 3, 1, 2, 3, 1, 1, 2, 2, 5, 2, 3, 4, 1, 2, 2, 3, 2, 4, 1, 3, 3, 2, 2, 1, 2, 3, 3, 2, 1, 2, 3, 3, 3, 3, 2, 3, 3, 3, 2, 1, 4, 2, 3, 2, 2, 3, 2, 1, 2, 5, 2, 2, 2, 3, 3, 2, 3, 2, 1, 1, 3, 3, 2, 2, 3, 2, 3, 4, 1, 3, 3, 3, 2, 2, 2, 2, 2, 5, 3, 3, 3, 3, 3, 4, 3, 4, 4, 2, 2, 2, 3, 2, 3, 1, 3, 3, 2, 3, 3, 2, 3, 2, 3, 2, 2, 3, 3, 2, 1, 3, 2, 2, 4, 3, 1, 3, 2, 2, 3, 4, 2, 4, 2, 5, 4, 2, 2, 3, 2, 2, 3, 2, 3, 2, 2, 4, 4, 3, 3, 4, 2, 3, 4, 4, 3, 5, 2, 1, 2, 5, 3, 2, 3, 2, 2, 3, 5, 3, 3, 2, 2, 2, 3, 3, 3, 3, 3, 3, 1, 3, 3, 1, 2, 3, 1, 2, 4, 3, 2, 3, 3, 2, 2, 3, 2, 2, 4, 2, 3, 2, 1, 3, 4, 2, 1, 3, 3, 2, 2, 3, 1, 2, 3, 3, 2, 2, 3, 2, 1, 2, 3, 5, 3, 3, 4, 3, 3, 2, 3, 3, 4, 3, 2, 3, 1, 3, 4, 3, 1, 1, 4, 2, 3, 4, 3, 3, 2, 2, 3, 2, 3, 2, 1, 2, 2, 2, 3, 3, 1, 3, 2, 2, 2, 3, 1, 2, 2, 3, 2, 2, 3, 2, 4, 1, 2, 2, 2, 2, 3, 2, 2, 3, 4, 1, 4, 3, 1, 3, 2, 2, 2, 2, 3, 2, 2, 2, 1, 3, 3, 4, 3, 1, 3, 4, 1, 3, 2, 4, 3, 2, 2, 3, 1, 2, 5, 2, 4, 2, 3, 1, 2, 2, 1, 2, 3, 2, 3, 3, 2, 2, 2, 3, 2, 4, 3, 3, 2, 3, 3, 3, 4, 3, 2, 2, 4, 5, 2, 3, 3, 5, 3, 1, 2, 3, 3, 1, 2, 3, 3, 3, 4, 4, 3, 4, 2, 3, 2, 1, 1, 3, 4, 2, 1, 1, 3, 3, 3, 2, 3, 3, 3, 1, 2, 3, 3, 1, 3, 3, 2, 2, 2, 4, 3, 4, 2, 3, 5, 2, 2, 4, 2, 2, 3, 2, 4, 2, 2, 4, 1, 3, 2, 3, 2, 2, 1, 4, 2, 2, 3, 2, 3, 2, 3, 4, 4, 5, 4, 2, 2, 2, 5, 2, 2, 4, 5, 3, 2, 2, 3, 2, 2, 3, 2, 3, 2, 2, 3, 3, 4, 1, 2, 3, 3, 2, 2, 3, 4, 1, 2, 1, 3, 4, 1, 4, 3, 3, 1, 2, 2, 2, 2, 5, 3, 2, 2, 3, 4, 2, 4, 2, 3, 2, 3, 3, 2, 2, 2, 2, 2, 2, 3, 2, 3, 2, 2, 3, 2, 3, 3, 2, 2, 3, 4, 2, 2, 2, 3, 2, 3, 2, 3, 2, 2, 2, 4, 1, 3, 4, 2, 2, 3, 2, 2, 3, 2, 3, 3, 2, 2, 2, 3, 3, 2, 2, 1, 3, 3, 3, 2, 2, 3, 3, 2, 3, 1, 2, 3, 2, 3, 3, 5, 3, 1, 3, 2, 3, 2, 2, 4, 2, 3, 2, 2, 4, 3, 1, 3, 2, 1, 1, 3, 3, 3, 3, 2, 2, 4, 3, 3, 4, 2, 3, 3, 2, 3, 3, 2, 3, 2, 4, 4, 2, 4, 2, 2, 2, 2, 4, 2, 2, 2, 4, 2, 4, 2, 3, 1, 3, 2, 3, 2, 3, 2, 4, 2, 2, 2, 3, 2, 3, 3, 4, 2, 3, 5, 2, 2, 3, 2, 2, 2, 4, 4, 2, 3, 3, 4, 4, 1, 1, 2, 2, 3, 2, 4, 2, 2, 3, 3, 1, 2, 2, 2, 3, 2, 3, 2, 3, 3, 2, 3, 1, 5, 4, 4, 3, 2, 3, 3, 3, 3, 3, 2, 4, 2, 3, 2, 3, 4, 2, 2, 2, 4, 1, 2, 3, 3, 2, 3, 3, 3, 2, 3, 1, 1, 2, 1, 3, 3, 2, 3, 4, 4, 2, 4, 1, 1, 1, 3, 3, 3, 3, 4, 2, 4, 4, 3, 2, 1, 3, 2, 3, 1, 3, 2, 3, 2, 3, 2, 4, 4, 3, 3, 2, 3, 4, 2, 4, 2, 2, 3, 3, 2, 2, 1, 1, 2, 2, 3, 4, 3, 3, 2, 2, 3, 3, 2, 1, 2, 3, 2, 1, 4, 3, 2, 1, 2, 3, 3, 2, 2, 3, 3, 3, 3, 3, 2, 2, 3, 2, 2, 2, 3, 1, 3, 3, 3, 2, 2, 3, 3, 3, 3, 3, 2, 3, 3, 3, 2, 3, 1, 3, 2, 4, 3, 3, 2, 2, 2, 2, 3, 3, 2, 2, 3, 2, 2, 1, 1, 4, 2, 3, 2, 3, 3, 3, 2, 3, 3, 2, 4, 5, 2, 3, 2, 3, 3, 2, 2, 4, 2, 2, 3, 5, 1, 2, 2, 2, 2, 2, 1, 3, 2, 4, 1, 2, 2, 1, 2, 4, 4, 2, 3, 3, 1, 1, 1, 4, 2, 4, 2, 4, 3, 3, 4, 2, 3, 3, 3, 2, 2, 2, 3, 3, 3, 2, 4, 2, 3, 3, 3, 2, 3, 3, 3, 3, 3, 3, 4, 3, 1, 4, 3, 3, 2, 3, 2, 1, 1, 3, 2, 3, 2, 4, 2, 2, 2, 2, 3, 2, 3, 2, 1, 2, 1, 1, 1, 4, 3, 2, 3, 3, 3, 2, 4, 3, 4, 2, 3, 3, 5, 2, 2, 2, 2, 3, 2, 4, 2, 1, 1, 2, 2, 2, 3, 2, 3, 3, 1, 3, 3, 3, 3, 1, 4, 3, 2, 1, 2, 1, 2, 3, 2, 1, 4, 2, 2, 3, 4, 4, 4, 2, 3, 4, 2, 4, 1, 2, 2, 2, 3, 3, 3, 2, 2, 4, 2, 2, 1, 4, 3, 3, 4, 2, 4, 3, 3, 1, 5, 4, 4, 3, 1, 4, 2, 2, 3, 4, 5, 1, 2, 4, 3, 2, 3, 2, 3, 2, 3, 3, 2, 2, 2, 4, 4, 3, 3, 3, 2, 1, 4, 3, 2, 2, 3, 3, 2, 2, 2, 1, 1, 3, 4, 3, 2, 3, 3, 2, 3, 3, 3, 2, 2, 3, 3, 1, 2, 2, 2, 3, 2, 4, 2, 2, 2, 2, 4, 3, 3, 3, 2, 3, 5, 3, 4, 4, 2, 2, 2, 2, 2, 3, 2, 2, 2, 3, 2, 1, 3, 2, 2, 1, 3, 2, 3, 2, 3, 3, 3, 3, 2, 2, 2, 3, 2, 1, 2, 2, 4, 3, 2, 2, 2, 2, 3, 3, 2, 2, 3, 5, 3, 4, 2, 2, 2, 3, 3, 2, 4, 1, 2, 1, 2, 2, 3, 1, 2, 3, 3, 2, 3, 1, 2, 4, 3, 3, 3, 2, 2, 2, 3, 3, 3, 2, 2, 2, 5, 1, 3, 2, 1, 4, 2, 3, 2, 3, 3, 2, 3, 3, 1, 3, 2, 3, 3, 3, 3, 3, 3, 3, 3, 2, 4, 3, 2, 1, 2, 4, 1, 2, 3, 4, 2, 3, 3, 2]","[1.9647967881477824, 2.232752021635508, 2.199785446096868, 3.019205229476376, 2.0989389777941483, 2.5811532809340627, 2.1030613942235923, 2.5908967562782284, 2.488477625059561, 2.695047706725976, 2.020191859419361, 2.3967501417570745, 3.090207841013454, 2.1428246508323507, 2.208347723315902, 2.144401801103287, 3.3140869755629816, 2.3196991335334456, 2.1885901507445285, 3.720409537649859, 2.2285859828680255, 2.0587265125559164, 2.0569801506555905, 5.1530628782518, 3.51415749110665, 2.7147180532618447, 2.3785437576755224, 2.1655942435050926, 2.456147943045409, 2.0672869701898913, 2.694109251597039, 2.0981331152879616, 2.107570238539504, 2.0927713783533886, 1.9217559006502611, 2.27428188012253, 2.9973420660222434, 2.666674714381111, 3.1958398183098558, 2.151779250065485, 2.569461688446641, 3.2308748845663735, 2.0971277770702157, 2.328483421253314, 1.9508590906607637, 2.341084275497853, 2.129841956294389, 2.80962885986451, 5.048346250038899, 2.1277964729856027, 2.210284255553722, 2.8269790329856903, 2.3603237979302496, 2.389002382587756, 2.141694948679165, 1.9846897409521427, 2.326665310267909, 2.6195050251681766, 2.063378163373756, 1.9811934814731003, 3.3130011785927067, 2.4636553040075007, 2.2039195449800637, 2.2404500066270017, 2.0879657497951563, 2.021286997917915, 2.4495775204880554, 2.019994441788402, 2.759937234654715, 3.57219138879466, 2.203735707837999, 3.8597633176549726, 2.698667897499498, 3.903396049956078, 2.243743181598954, 2.344521088508449, 2.1511308263936035, 2.5718515987557584, 2.834315872930968, 2.513592649427557, 2.7849448419231675, 2.245881793936861, 2.480985172457127, 1.9715737681551069, 3.5371641453920852, 2.141768123984016, 2.1851101741392216, 2.4671635328339936, 2.8042711625673125, 2.2909809459940833, 2.148305325473536, 2.3727982988342426, 2.1897763636003984, 1.906839210999622, 2.237434618377406, 2.452369827347044, 2.1970608336822117, 1.9726443072958602, 2.230131219065485, 2.3066348065638462, 2.57959631992805, 2.0383366088614, 2.1834488849641405, 2.4129476719451923, 2.031542167062321, 3.0087147786111768, 2.4400637309861306, 2.150238087674424, 2.355645534757404, 2.5098389740722746, 4.68785378176163, 2.488372481333129, 2.194122203791247, 4.851607309517274, 2.212538672825462, 2.9631435514454956, 2.6841833259285552, 4.987231397217501, 3.3539431435667146, 2.0619776757812227, 2.640617521065589, 1.952903413824364, 2.419177214112287, 2.3670607555290832, 2.7277093648499187, 2.120058885112254, 2.7266281530255703, 2.1875463906515082, 2.3099340059815114, 5.0108435656630785, 2.1975174842663106, 2.2502517753612947, 2.174820276756938, 3.443669768851018, 2.365539988440406, 2.371124018844927, 2.5455355274162583, 4.796757623800148, 4.725981040106387, 2.1669634287058965, 2.1894579787216313, 2.281738446783109, 2.574677604245953, 2.839190139689837, 2.2423092173819454, 3.092606696975293, 2.2797372137566243, 2.1087377370708187, 2.260892681684297, 2.4758178360157705, 2.182939148904393, 2.1969881159306053, 3.783837005619831, 2.7976604571623613, 2.360029341079479, 2.369896560669662, 2.155486815480517, 4.20030050998744, 2.1039511379807503, 2.474226178430585, 3.2583075906637076, 2.141340904757398, 1.9715326654306802, 2.3390957386139513, 2.1972173098242846, 2.249742662070099, 1.975682483676409, 2.057635462869243, 2.2328569010576986, 1.992394896717026, 2.427126880830942, 2.5413624723602846, 4.770653877872323, 1.9282975930256976, 2.6109928771824817, 2.10745393096903, 2.6432461171106048, 2.4760903826491543, 2.0232677132973014, 2.276626858025982, 2.5506353321342616, 2.0877548388341354, 2.561698745750803, 2.3951381812061587, 2.9408720072030397, 2.157718103672745, 2.2680344585131915, 2.2978953554511232, 2.1914947432706904, 1.9500339223294678, 2.8698395533701024, 2.1923623216654464, 2.2508434054856203, 2.3658342798437144, 2.0486258183254966, 2.426002693027095, 3.19550739896506, 2.211078682296816, 2.457391259987704, 2.12542465895561, 2.154144833681366, 2.8648037188862503, 2.4184438286413426, 2.7560530499489326, 2.0180862789453147, 2.3254385148379417, 2.5692428249268495, 2.1297728065831105, 2.4042931144579476, 2.177388937552436, 4.807134988503162, 1.9774470983682786, 3.208974941222708, 2.2080125098708345, 2.362970671161241, 2.316969227586098, 2.1196902061295164, 2.066088513913648, 2.2309350832984722, 2.737757375267099, 2.701102458500091, 2.599205827367892, 2.587149514866312, 2.3585169022359653, 2.2842359012721674, 3.322410542651685, 2.299727418921545, 3.4618603399291388, 2.1909390154080275, 2.8356853409766436, 2.257895268104495, 2.681421010535362, 2.067487190279334, 2.6228712129582656, 2.402991782489899, 3.3948113877825015, 2.429031430829671, 3.3813262606543186, 2.4507257232561868, 2.616181875096315, 3.3546657475904813, 2.2640421594831794, 2.077456265439745, 2.6250020604789666, 2.538545744199622, 2.1028298432030157, 2.4277958245338387, 4.290010942304734, 2.4339301282590857, 3.987547476440197, 4.664960778753404, 2.089518207988901, 2.1689087964265585, 2.0250740534821494, 2.240357063613493, 2.6215431541350775, 2.871033838627159, 2.302264074114259, 2.867247320213264, 2.4789780637172862, 2.568572776680107, 2.8639054087389235, 2.1186571547112103, 2.0609954508941044, 2.084655716527416, 1.941176446679434, 2.825910916402995, 4.638107700940553, 4.024921367857632, 2.6516833428688296, 3.9898205485185367, 2.0814415226390315, 2.1518614527857456, 2.5117577205087485, 2.822396021784866, 2.1778933800794924, 2.5203067792772473, 2.1202930460877765, 2.3752457255732815, 2.5511318140948727, 3.7750545919945813, 2.170457160282176, 2.2948602232071003, 4.850279411289595, 2.4761714890724384, 2.498800825774325, 2.149906774804802, 4.06014816644884, 2.360379671140376, 3.3999264858522276, 2.0772440625990805, 2.2706137475409016, 2.9080036902599673, 3.2447619914112833, 2.640142221195229, 2.6547304974902834, 4.656933432719576, 2.227931600540098, 3.0167998194333996, 2.425763861287433, 2.474353180860374, 2.2679640856668244, 2.1692047727242616, 4.667394817735492, 2.194099444199698, 2.677829496288756, 2.000800565097851, 2.388820596135619, 2.4556050243560636, 2.1261828796675744, 5.180679210111506, 2.236764477060736, 3.01082751784444, 2.101766185784331, 2.8419918448664174, 2.962767576671241, 2.352735631474357, 2.2399620674665712, 2.015239131274665, 3.4307873781355043, 2.924192034015847, 2.603097108480862, 2.2748864695057076, 2.290349432529058, 3.8705060826273328, 2.3593857896103176, 1.8914987147240854, 2.0736532869226343, 2.272386417057117, 2.394183765998324, 3.3527230880704026, 2.3992959910579255, 2.0116870206900455, 2.189148717056794, 3.9476189420421295, 2.3886974219096486, 2.081348215150176, 3.0296784851171665, 2.451093061247976, 1.9767234413109458, 2.339753514900917, 2.707995911914419, 2.3095283493015306, 1.9997771487889637, 2.586759784042343, 4.629235879541476, 3.330813198844184, 2.208031470822848, 2.1438489125967237, 2.584390367336428, 2.2707316691115635, 2.4067681155640215, 3.063591486244161, 2.3115611054812115, 4.735744903833291, 2.319339116231627, 2.2137982222217234, 2.283198153959113, 2.4137180366439193, 2.353791296646972, 1.9729902552264524, 2.8277328943177915, 2.188882851963932, 2.355395329219674, 2.8814867146110794, 3.4399541154503757, 2.0978264017761403, 3.7918442187873413, 2.276590052879489, 1.9770164539146249, 2.1127536600778845, 1.9057428269639642, 2.1827177546841847, 3.0333268086810845, 2.061481210364603, 2.0697553987373496, 2.3107683211146153, 2.1231014208726666, 2.186207438264877, 2.45360303068918, 2.6208440964355457, 2.195859699511704, 2.620435019253761, 2.4290699235991524, 2.6666551229825366, 4.4053528361766725, 1.9718552595405754, 2.4084547653061628, 3.562603569597356, 2.000943297976979, 3.241691638583025, 3.587838386633463, 2.1887302451293067, 2.142036656110632, 3.7140675258333595, 2.019526119837357, 2.351337793970749, 2.175202795481343, 2.018194759554087, 2.3641056668471183, 2.7040543044046026, 2.188165111207842, 2.7329492538275737, 2.2763661675850733, 2.1197643155871955, 2.1302415860874, 2.361112534301258, 4.796760909965253, 3.9931972563963685, 3.0003734592099476, 1.963403345051368, 4.735432160928452, 2.637928867311201, 2.1625467541356693, 3.01217754067341, 2.002570161938136, 2.2334722534658056, 2.1841647574145746, 3.5679313512536197, 2.4944019366757777, 2.0674417281750435, 2.023840688678179, 2.5929864749211258, 2.458797920283529, 2.787407040627485, 2.3561147485064744, 2.1929102961892077, 2.2664986851107765, 2.2187565178148, 2.39495870566267, 2.706051611269016, 2.1636048044165634, 2.290518217873201, 2.2644734568464995, 2.101066162663974, 2.1449971503863248, 2.2382112725635817, 2.660744554629265, 3.3307465626091286, 2.226720508210149, 2.776590158927265, 2.278206731500873, 2.1630079900941, 2.3900869910997358, 1.919548048838684, 2.448226032287884, 2.2778385113225537, 1.9794128673024187, 2.4351535570793352, 2.5896509077901095, 3.706748923900438, 2.3998409420802607, 2.062468106015861, 2.5077095462331194, 3.298835672835922, 2.5163449182534605, 3.998263486305349, 2.100081554496581, 2.1963822308661705, 2.097241933490162, 2.4477453924871106, 2.3706818484499417, 2.527703451174936, 2.3961245707466694, 2.1903915087809613, 2.3509700887670486, 3.2197120880797048, 2.2620317029637467, 2.7898800345922674, 2.6329209928816626, 2.0866052080872883, 2.152453705678623, 2.097377385650205, 2.71763035182269, 2.3914728483544203, 2.1467209451986395, 2.1944669061847355, 2.7264522918059697, 2.148923734645594, 2.062654506316423, 2.7578528274739975, 2.162784651722503, 2.304286396105886, 2.0851370312261333, 2.021249943189076, 2.5989599664860195, 4.69009475516515, 2.630830659150333, 2.5799805619871963, 2.3029240328197496, 2.0348654894565277, 4.769320841786935, 2.2766264848397766, 2.1184208425851603, 2.1953011046600346, 3.436811036057648, 2.5965087868731533, 2.6146050112442514, 2.2783584041826703, 2.5778019348615167, 2.72668586350176, 2.4557691551374923, 2.4499622041253155, 2.6591532842740877, 2.1042178754245104, 2.937013343380461, 2.0958491708623304, 2.9522685835805813, 2.4656778564251605, 3.30660528257457, 2.148920038850575, 2.3257771620966614, 2.29563890988936, 4.7190961317151725, 2.8685166142776817, 4.797735005372377, 2.080984721906197, 2.107021579445261, 2.3782301006397026, 2.84090816562105, 4.6158757851644685, 2.580198569065958, 3.2163161228689554, 2.1399726822488265, 2.4067316836037342, 2.34945976689214, 2.2095742610294957, 2.357886162937291, 2.1198571081014315, 2.397239611685508, 3.093147807353827, 2.054263011463557, 3.572271301461807, 2.354593585603282, 1.930871184066513, 2.1953705433535737, 2.4525372977372957, 2.2842791800514353, 2.1879857538648886, 2.1004398500042787, 1.9712948867245843, 2.4227796968573516, 2.317086562379327, 2.065051853857045, 2.101098546628674, 2.5946966431283003, 5.043717315198663, 2.2257081979290003, 1.9936720448682816, 3.346465630589824, 1.9391204466226404, 2.0680623170370334, 2.089180356049484, 2.4491559061784045, 3.0296464279559614, 2.1035240403634634, 3.1959751280012827, 1.9737886445100157, 1.9166328692471395, 2.62106424511865, 2.1681507369501345, 2.0826291422675456, 2.2148734321266157, 2.0346157592672074, 2.4052886099881943, 2.0392167733288034, 2.066379865439215, 2.0013915724536244, 2.2388498599116478, 2.8423935318335802, 2.354287333624472, 3.1439312510556032, 1.8883014209785203, 2.3251251283090153, 1.9626070485273086, 2.19826903196117, 2.2162787093640266, 2.3474983524516477, 2.277467165306062, 2.2705270896422576, 2.4272138473852682, 2.40500213645431, 2.6030304336444763, 2.191873952240002, 2.6186503942114023, 2.2766896958477965, 5.32544092499114, 2.098758063529815, 2.4654013410507183, 4.238756158324087, 2.3986738341877505, 2.0615637271977327, 2.6319945628587496, 2.064320842457827, 2.497962304487113, 3.091290281266983, 4.838563439073047, 2.3708076413337458, 2.3267598908715934, 2.65859034112936, 2.1520831583902296, 1.7576598259878202, 1.9571141779962633, 4.1436188003018595, 2.0929192742208333, 2.2181910390834396, 2.2563860170583174, 3.0248962719129855, 2.237381994434769, 2.1965488214538094, 4.640688334304855, 2.3571871052377587, 4.861697680185538, 2.4136053189448172, 4.301385427975523, 4.283045456053957, 2.489271139988642, 2.514494553778669, 2.371232318771032, 2.270981525509095, 2.8815086813877353, 5.131199405243458, 2.614678999155799, 2.045723770543555, 2.07800723197064, 2.016938205119847, 2.621725825276043, 2.361539634647138, 2.4023940386113765, 3.0853453065169636, 2.5629640873939694, 2.248326325147489, 2.5039007570489655, 2.7883169585787733, 2.254260899817387, 2.7011862604965335, 2.6183175244204, 2.270529699597203, 2.9381896342943024, 2.1562316976100346, 2.1562910498205805, 2.730536422691366, 4.845881575450908, 2.0608441181359876, 4.53227849340422, 2.099915478883561, 2.23843050055872, 2.213360981619466, 2.141081693979978, 2.028819917624615, 3.60901700156838, 2.593828313991977, 2.011980967446552, 4.267768900666613, 2.099700312348872, 2.094826353339189, 2.1230251317250564, 2.161241224251703, 2.6866159253293804, 2.2606693967564184, 4.656476528180546, 2.7034675151459395, 2.3138746906516, 2.3600537088822535, 2.301595653619902, 2.3828445091113806, 2.2921866259106034, 2.4119602758149163, 2.1971045887163867, 2.045628175570835, 2.5587371959965375, 2.4704265474287106, 2.097598468486137, 2.282317343867235, 2.19720298614759, 2.381404993131676, 2.037850074252791, 2.855370295003727, 2.401072588501017, 2.0215681779191077, 1.9928543497596087, 4.675539742355931, 2.966238334327249, 2.3376236154116423, 2.681848892733573, 2.2052553946107403, 2.109243736519255, 5.3640753097933445, 2.2601634480231065, 2.1912809300670384, 3.3238765020037846, 2.361534029730171, 2.34951485950697, 2.036623220205506, 2.225543475647017, 2.0768819226861384, 2.5809285729158424, 2.2431783590617655, 2.5511222898355355, 2.15085005425541, 2.556661628487555, 2.4739353455168374, 2.3634827914098713, 2.738314155320031, 2.3004043683374835, 2.2256356453927015, 2.338397495678739, 2.252869582969297, 1.9692707700501013, 2.2359397813492565, 1.975769982657954, 2.8696384400683668, 2.0566399265227036, 2.142616334751733, 2.5355843188502316, 2.3355126698304955, 2.161116716304917, 2.23528629263934, 2.014163148452485, 2.103422599983707, 2.33258718447782, 3.5913897626758313, 2.1091126437390755, 2.8942109476989213, 2.0971011877974277, 3.266538144413557, 2.216781691448426, 4.669958994481425, 4.915888653082703, 3.177464378377268, 2.2901548969536774, 2.387139551310445, 2.493945296827947, 3.14822745214282, 2.4512100247252855, 3.6436026190558914, 2.442301266818775, 2.2915653807912415, 2.4563201551572074, 3.7506106391163163, 2.606021676391273, 3.0732337992303784, 2.2036238638041206, 2.6446089801395836, 2.358836819131799, 2.846997281502372, 3.5323175622285317, 2.6270605758132084, 3.275675782969265, 3.790540452823894, 2.0413254676456094, 2.104737547241685, 2.321172603927292, 5.180400336008455, 2.2354846729625315, 2.144382506364982, 2.2365024303339025, 2.3575854846074504, 2.3544058208848773, 3.033736782891787, 4.2857189867254615, 2.36708560396146, 2.2502300973427154, 2.4965208781342865, 2.2956077082455666, 2.438779514066455, 2.322127862720326, 4.580035054694266, 2.3273643433525737, 2.4623205980942897, 2.339159051276405, 2.25401796817904, 2.126425448018548, 2.310724415931705, 2.4805453538481235, 1.8226931195446896, 2.0678969719864986, 2.311172959437824, 2.277200677444648, 2.319931369124504, 5.038729684052486, 2.0872513304599067, 4.791855679255006, 1.9914428448366785, 2.3157939020930813, 2.1941271859396627, 1.9674156926826627, 2.1928255996661465, 2.1057909887866644, 4.306596522179648, 2.687107016701746, 2.132040640666948, 2.9008772496065163, 2.4594485309786753, 2.192652470008712, 2.0337823818529612, 2.301506385603218, 2.1896044482120707, 1.972287460915609, 2.2196755148122698, 2.162077316203437, 2.3231028750539724, 2.4352532114791243, 1.9265997944471067, 2.24687198427664, 2.093680293988346, 2.852851519255367, 2.327871787042241, 2.0768482931843346, 2.0582941637607406, 2.3937759035382347, 2.1601271532773394, 2.626788529148962, 2.056367465281238, 3.6988276269843925, 2.5900317046062327, 3.0491551719085197, 2.9310578401765164, 4.854551052651081, 2.2477332993373245, 2.1137546935474583, 2.0062820013411136, 2.3563209530627742, 2.2148333538963505, 4.737637503251543, 2.492345163703807, 2.1297335945663547, 2.1338893291133267, 1.9787343609651002, 2.16595339083407, 4.351012524425753, 2.124431965883847, 2.194520775664477, 2.097271514996378, 2.1646271182723256, 2.0983479704383745, 2.8580331904602225, 2.363777983703482, 2.219085522051826, 2.099018811049532, 2.133868749211709, 2.0642292954806947, 2.6613023305737538, 2.323830891491169, 2.1323790297567045, 2.353511836628594, 2.1424788217824964, 2.522219006433619, 2.3510992201716454, 2.3638245672884275, 2.4704554649974355, 2.054405002693395, 2.3617264652127146, 2.520156658567414, 2.823174120381227, 2.324273023447918, 2.1530760439655303, 2.0639755172957868, 2.4582368491426996, 2.490946709864392, 2.934552354566805, 2.4535823540825445, 2.078143651772331, 2.395956222375901, 2.201028774971375, 2.303384004474152, 1.8856440675674713, 4.60375221825816, 2.0774505103740424, 2.1024473158919936, 2.5313818148599356, 2.0182749778165467, 2.0770189317675607, 2.3391684858746107, 2.1439232145579403, 2.455447394206194, 4.241805303824317, 2.6771061988264147, 2.3781597277933355, 2.2601640710179534, 2.0243858942322763, 2.4347528740264637, 2.4902650896843137, 2.1459353226703906, 2.1058054313440966, 2.462819022320993, 2.0950791326144516, 2.1535175868688428, 5.038334259510835, 1.8883658775236443, 2.1194840697388306, 4.182179698414938, 2.334728147289494, 2.700657054647542, 2.2354160329970907, 2.151071782261909, 1.9762427717827955, 3.621157584928997, 2.2366128752731456, 2.205183153458717, 2.718747625273955, 5.331182902942954, 2.404950217263347, 2.146024689957591, 2.2356260933269154, 2.517592136045637, 2.406797113021398, 2.2693752792054784, 5.238033587133332, 2.1100856007207147, 4.678151392595789, 2.865332579517469, 2.288550039847975, 2.3262806446600792, 2.1412642931387063, 2.057832409418895, 2.238542523631274, 2.243145008996038, 2.1543057004712995, 1.9318523559200653, 2.1880025575289856, 4.838619912307143, 2.020342569408926, 2.0191350211867505, 2.074683248988758, 4.222685538129955, 2.1709286479790784, 3.693485649727821, 2.694827029187544, 3.637973561535215, 2.1000724165586453, 2.047706665612873, 2.3550080380745855, 2.4080359249155916, 2.260081883983377, 2.1102752052053706, 2.181177441056144, 4.531033338002028, 2.1863597051758217, 4.918850132226348, 4.744412907923211, 1.9166932777966759, 2.6329594739933677, 5.0261034023243365, 2.1616940389539736, 2.35591316399919, 2.3189203043804594, 2.143483347456746, 2.382328218008817, 3.028354523814607, 2.1714909560783657, 2.404843281918178, 2.4612559691173908, 2.068628221147192, 2.354392768495008, 3.5221944937454146, 2.44718116571969, 2.281698311926625, 2.3604420050743764, 2.5890978462809984, 2.6260984445146245, 2.3611866068613208, 2.4825734678030695, 2.8675922359716854, 3.4320170294655625, 2.1328907197403204, 2.2717719754381442, 2.227091366882818, 1.9562769845589427, 2.2054487156907197, 4.813703315566558, 2.2401375527734833, 2.511924936079902, 1.9801431823102846, 2.4602958448358567, 2.183285408219261, 2.5415626610574877, 2.337203652283382, 2.875508158688354, 2.047644978037413, 4.2056004278405, 3.6465191108095327, 2.381804112280372, 2.775668188398029, 2.2847118604099688, 2.101658579520985, 2.1558023321823048, 3.671810392558432, 2.3243723887470646, 1.9721143312581748, 4.720280669119461, 2.095846574435447, 2.270894834472167, 4.513786098509768, 2.1744155675395227, 2.0597605527587417, 2.1976745944921454, 2.1845456992648122, 2.1397643661682086, 3.339346910692951, 2.014648746687443, 2.3554013222040866, 2.43859105864018, 2.5572144661158993, 2.063163115719805, 2.487998970348601, 2.771206999693848, 2.084116936338086, 2.190314715745537, 4.891179235580152, 2.0654881032276657, 2.1219589519641664, 2.785430503437524, 2.4256694099159075, 2.2705757844700454, 2.0486625868006683, 1.9758427059780885, 4.663552821243671, 2.68885282274796, 4.891844899318533, 4.912584952435671, 2.4267981828024805, 3.139116867190565, 2.0927134497912547, 5.212022795595315, 2.216425804351611, 2.266315549144275, 2.6532269417024072, 3.0703441048814555, 2.7238781572490205, 2.353608988522694, 2.4109420061975197, 2.418491572089998, 2.2786164735818284, 2.1473157462445327, 3.014290520620927, 2.830826812118828, 2.628785068047614, 1.8361440229419212, 2.290070450632075, 2.058862553995691, 2.1967738635879863, 3.2129810372279586, 2.4707991700218987, 2.182438131604372, 2.1204146075647325, 2.928282953329201, 2.1155280368978864, 2.1481027644586206, 3.8739557588719666, 2.5059151056225377, 2.2918185696964177, 2.0678726840129733, 2.2785545762765254, 4.625554243855196, 2.6828717949663194, 4.851373771310303, 2.346309056794721, 2.416077815442761, 2.3322736463227383, 2.320645984951029, 2.569677156593126, 2.0243927446863474, 2.3154088524398544, 2.2587923858137593, 4.902959945584986, 3.0399604977787864, 1.980624463520182, 2.183001737143861, 2.128429788976698, 2.5127432579427538, 1.9842064357272964, 3.238680524995717, 2.382013858723622, 2.3221061339866225, 2.1202304578483084, 2.07187316497613, 2.187148215554472, 1.9713614040789018, 2.0572357971461543, 2.3387318369360024, 1.9164419906859755, 2.257031856586064, 2.2146946293866008, 3.606085586388509, 2.2182622272018966, 1.8521281136873136, 2.273811645290204, 2.068073215486692, 2.2461843089538225, 2.192076720482461, 2.221322007978225, 1.9754918741447185, 2.27539278033842, 2.3801805401699117, 2.492201072613287, 2.2252762817848657, 2.292618946166375, 2.6407097328155396, 2.0789538625715758, 2.4875782901917782, 2.4930624804013326, 4.805007485251253, 2.4013088978984736, 3.171267667829286, 2.2593971315462618, 2.261409435571046, 1.8652699255902914, 3.0219743594358928, 2.2165539159851675, 2.3291402477017673, 2.14308287378904, 2.560041269651879, 2.0941967454200014, 2.0808193372294523, 2.229034404764813, 2.5459371895422596, 2.105332082669011, 3.609474016982583, 2.2941243702599072, 2.2915299164726024, 1.9347790567298204, 2.18577885684335, 2.2407545088303573, 4.572798639795921, 1.97633919311441, 2.19551191181486, 2.2723403321842746, 2.618143149225862, 2.186411513846369, 2.356867936354899, 2.712909263169618, 2.012135102663153, 2.107640418882333, 2.0377778331007685, 2.4973236553371176, 2.233959569857684, 2.2658953529224783, 2.1477846909641296, 2.200275386259091, 2.5135986278202247, 1.9825886755329423, 2.4774326177920947, 2.1021845075630825, 4.217492669365943, 2.136235598317481, 2.3586821800273845, 2.518938913010053, 1.9791681192615136, 2.271976390943317, 2.1257014510375347, 2.144111653947994, 2.2705201572071747, 2.0658265779356353, 3.6238816876668767, 2.151026320157619, 3.792577250861773, 2.502453997537238, 2.4453801175269128, 2.204038626469617, 2.3963498057370316, 3.256817571482203, 2.6249478298084323, 2.225985641318881, 3.23599212162812, 2.0839413156064444, 2.2365781191149763, 2.6219486151820908, 2.219272335391098, 2.1919381544796583, 2.714999544647313, 2.6967424844074923, 2.588182630815141, 3.5185380202538434, 2.171303791726498, 2.186412329118459, 2.0216260953944363, 2.8947278553694957, 2.2260326603445515, 2.3175510211624233, 2.3511087391368903, 1.9671694509386854, 2.2693314845450945, 4.933599797105658, 2.3180398186299485, 2.2947342157071895, 2.545491915203346, 2.4433343898114908, 2.1420888497882555, 2.4995783888793492, 2.0992148642626494, 2.0860811483508463, 2.0833503082506706, 1.9050996461117597, 2.448239750648625, 2.166887224950204, 2.150452381858215, 5.159315168015032, 2.2262795880753883, 2.27489742480788, 4.799042552111134, 4.603627141893038, 2.1941508511446353, 2.247553007841543, 2.7033465119070126, 2.0178442910080907, 2.5106247891040616, 4.818664871803424, 3.4615033399854958, 2.1398347390145758, 2.6233661901900898, 2.4009751832652384, 2.5358699201963115, 2.555250434948901, 4.917498622463708, 4.370538617091192, 5.2920928484636445, 2.2154683260161416, 3.187799414999943, 2.0510079503913987, 1.8881314051638458, 2.182429101460369, 2.109659862571854, 2.1099130938318327, 1.9623647396575135, 3.260510923398391, 2.883808326192762, 2.524269120535659, 2.1478787290154697, 2.097313240489357, 4.6052294064963935, 3.6478631495034217, 2.355528168696178, 2.3236921354871267, 2.3368700654638177, 2.6011712474491695, 3.6055816351218413, 1.9732683213848854, 4.030257694142081, 3.065832974622299, 2.0209759250262302, 2.831373154615081, 2.7054159432656437, 1.980451022478472, 2.1006559506917957, 2.2154251765242137, 2.2537980738014034, 3.0552770291287104, 2.192745509150407, 2.0057718150635644, 2.4800515772272416, 2.3500664454608216, 2.022517899960788, 2.6251552615427394, 2.1420013508067104, 2.128190374094693, 4.876022440952889, 2.0722227742512427, 2.274967647507622, 2.4237237719167086, 2.2251701259001404, 2.097710878209759, 2.271202764981688, 2.396309221622314, 2.225672388737265, 2.225521055979148, 2.1543520967284175, 1.8791036726322368, 2.434894634314528, 2.3628140199682295, 2.581263757821506, 2.329737735507907, 2.9556239264279305, 2.590365066126542, 2.7562853115770967, 2.189713936596471, 4.631664226118097, 2.2689046983120833, 4.903479952439626, 2.0012565505585957, 2.1342267478328423, 1.9770650298616748, 2.7763530999189228, 2.4496621365686146, 2.5933411081226247, 2.3307785592583348, 2.7747594505526845, 4.56031201723812, 2.8663858623924066, 2.1451596929783765, 2.108354898375521, 3.7195815164954915, 3.2156909946267476, 2.249077511767827, 2.1258154462219405, 3.302344318556601, 4.9889978823747585, 2.619527568602999, 2.04665306010376, 2.2253756395222744, 2.2860912356736667, 1.8639347098149717, 2.529066758160085, 2.0419980241928646, 4.739313367635802, 2.2358118024118365, 4.523083529943328, 2.5273724431995537, 3.0496825082006813, 4.894430762092833, 4.833658834216342, 2.251502605997829, 2.2256200761789033, 2.2520911222793947, 2.450430632961686, 2.488538992666239, 2.256617767402134, 2.3619092192432993, 1.9918488899325315, 3.285932061543732, 3.0362970462106658, 2.1360123185674227, 2.3191672891901045, 3.8474821132713215, 4.620543468949941, 2.83200953987706, 4.792638192826711, 2.170573306617109, 2.1406574220606265, 5.189601996636101, 2.430880810554892, 2.119400618752873, 2.1535602465146493, 2.18389914662718, 2.5348162947264403, 2.831402354419646, 2.0003146109029917, 2.163583318901522, 2.3557987616319878, 2.1894367475120573, 2.358042789228099, 2.149278655641381, 2.3657020643258457, 4.874611766376592, 2.2776670623534527, 2.1736423048652678, 2.124100434699876, 2.3035576663325097, 2.644536427603285, 2.0684958828299087, 2.6362294320468207, 2.174762498115135, 2.1959746288489375, 3.4925559515681615, 2.756338563174501, 2.559524838173011, 3.7330446194256446, 2.504799723453664, 2.6449712390963582, 2.1112691723536416, 1.980792299644925, 2.1904852354480258, 2.1448547150760744, 1.9710121498020117, 2.04766494500611, 2.360326589301928, 2.238937184803932, 2.998045980627879, 2.6517823967836995, 2.3198524534779565, 2.5183969590463198, 2.1859855290700496, 2.2152637467731298, 2.1896170960866472, 2.01701274484254, 2.8217877793120083, 2.8220628406095876, 2.2620027666280973, 2.153020402658856, 2.1096859021911194, 2.272744264567836, 2.406149501893013, 2.1030928440354644, 2.1017664659006097, 2.1412430619291327, 2.0459716195735, 2.493030182054845, 2.968223960958734, 2.491076975377069, 2.187713575468295, 2.0511790154803067, 2.2442985372392, 2.149280581025845, 3.3318894319862045, 2.3127725091954368, 2.0767436680676115, 2.2767016500596142, 3.5348265462249513, 4.72178515575474, 4.374934621192173, 2.5154413999653604, 2.014914819007849, 2.140641224289314, 2.3135372689771962, 2.3717791113667044, 2.186174516923543, 3.0560354890795707, 2.014577289539513, 2.099481839467886, 2.167760883836632, 2.105624709583301, 2.100296301853061, 2.5669996884485613, 1.995169491851377, 2.493521370482765, 3.27584994325825, 2.957773547509617, 3.3167666080414597, 2.0136205245402232, 3.051581547316208, 2.448521429080445, 2.773920578234116, 4.766433286311651, 2.0141828734558036, 2.4350811274035413, 3.294977704827864, 2.0591448656026654, 2.2057105787799975, 1.9973527258908756, 2.1819972842362145, 2.284985600451064, 2.2609559111065947, 2.430076717147045, 3.5323899409018646, 2.514769936585651, 2.5188356239980623, 2.072665562691659, 5.08781535231307, 4.660970700641243, 2.615089403631515, 2.2753009219770117, 2.48711456316125, 2.548523788052643, 2.1439706638486244, 2.4034508199914737, 2.684157098753057, 2.260258363374761, 4.095651502174364, 2.237983084968111, 2.147883399779609, 2.3533274971372253, 2.8293368383583557, 2.826718542837671, 2.4561290376888754, 2.8311147965231087, 1.9400650492208897, 3.0698044774718354, 2.589183160396901, 1.9493232303199504, 2.018750891870953, 2.140262581009746, 2.71254062227458, 2.2114425430952718, 2.8428235522675087, 2.417368054587327, 4.787411602868494, 2.263605467633856, 2.109687459112499, 3.0530831042599145, 2.2707948404933744, 2.6196385943006684, 2.14108712657249, 2.830883839112567, 2.084425206771287, 2.3826431611717385, 2.247847577366602, 2.1835447406081223, 2.587629108453221, 2.7866818712243973, 2.148822846140183, 2.45333263241453, 2.698867220557913, 2.0552852860415363, 2.0706092479108547, 3.747671568327441, 2.170963760097149, 2.2409194101510166, 2.538337091274454, 2.0884043864337896, 2.5037529486641104, 3.7409598932735033, 1.9378580244505201, 2.1659877819400615, 2.209973541063195, 2.1994627018382373, 4.952663960439352, 2.6838983246043355, 2.207384951674036, 3.12018592316685, 2.5382955002868077, 2.0080363572276445, 2.05580996854653, 1.9722665981691196, 2.4667419185243427, 2.424330205726107, 2.504584632764708, 2.10307763810904, 2.5379149647187775, 2.0600594297605666, 2.0256550965410924, 2.1145386787118254, 2.5185028112858685, 3.4662355549696304, 2.801113651703958, 2.8627049222412815, 2.2903005713511093, 2.038158316146588, 2.164066587297813, 2.3627425121051746, 2.0972375741102987, 2.268284811471064, 3.1604042384109974, 2.063353371512417, 2.1854399949053716, 2.2774878640884175, 2.4684807786626415, 2.376096184196544, 2.205131463668908, 2.1312584433657342, 3.0770199792591035, 2.686270219366277, 2.3181440233804893, 2.283953805532424, 1.974555583981707, 5.150539575754397, 2.296993205497431, 2.353081405315689, 3.442124136557567, 2.4996135787113287, 2.7505286884391857, 2.648905612685648, 4.958202726645126, 2.017035668398223, 2.2827345702576185, 2.193910462483594, 2.1866034905244947, 2.9282693593084947, 2.3627428742045753, 2.2599145616452803, 2.875357914767479, 3.1784829622727386, 2.2792115970988025, 2.3544606245174466, 2.705543599505688, 2.1947041810030177, 2.3644123978115386, 4.506340882057269, 2.156981679860098, 2.5016614314871015, 3.758180561296111, 2.2463996293965796, 2.140031533876983, 2.768347765465781, 4.954729235046784, 2.1841557272705714, 1.9853112271384052, 2.2989501466899385, 2.018824098443801, 3.989024045954907, 2.336477780857214, 2.1954739229331928, 2.126049295813187, 3.243381261628576, 2.0010260073136465, 2.1398408847190833, 1.8703289859218255, 2.3637243067272786, 4.840803541189398, 2.40024418471763, 4.801607969507955, 2.1624340330277714, 2.1909672583072126, 2.0814296900365448, 2.0428531087783464, 2.218455285452992, 2.0604057968693676, 2.086878603481582, 2.182927132666461, 2.101394812137043, 2.5129866241153285, 2.013584403964212, 2.2982153368774796, 2.9367847796438964, 2.801810762525618, 2.0589518358909737, 2.1035120861516456, 2.0869692163058864, 2.175681081729219, 5.119385932912008, 2.025842357371683, 2.081005703533424, 2.3607540354825827, 4.484717798033774, 4.765024688006047, 2.670232210991518, 2.1426267182267726, 1.9749460598637618, 2.153302850599168, 2.4120812654647397, 2.087600703617535, 2.26834833386336, 2.711057145453285, 5.043778346516751, 2.0243910895193302, 2.105844829727001, 2.407300678474435, 2.4184809850246154, 2.309270240276163, 2.1408308573133743, 2.6511005271843695, 2.648202903993017, 2.202344563312254, 2.6438116466181794, 2.0452591852038218, 2.0418246166399747, 2.08200895018175, 2.3253250321279664, 2.992090587660764, 2.133039405749247, 3.0853022882437524, 2.2561292153719834, 2.089513848609038, 2.3103412409499278, 2.6180783812964625, 2.9292459113372162, 2.1742582281388287, 2.2361905811161344, 2.3127207005248893, 1.9417173211667778, 2.4909972361002195, 2.054044220997705, 2.142035721957804, 2.2156694295432873, 2.482521155244708, 1.971066834553843, 2.3610801552227736, 4.626825625853943, 3.1316687985282465, 2.189812956796226, 1.9990011657084077, 2.1867184198617284, 2.215483122538947, 2.8620961137260337, 2.1314315730231685, 2.3732365068518533, 2.1818909425010813, 1.9757392634085669, 2.2811164535955926, 2.002264916650352, 3.008647308626553, 2.3213911956890163, 2.2711289954476896, 2.590691793850237, 2.5411201704732855, 2.493844530282404, 3.060165489926396, 2.1000784517406266, 2.2053027250206862, 2.4352480146514504, 4.8946655657976645, 4.977066343499621, 3.2387661535750256, 2.5618655559671164, 2.3918866045974667, 1.9624508005984165, 2.3615565111999697, 4.629187475587106, 2.1942731569994747, 2.408027735277658, 2.741238298077938, 2.4242955192051103, 1.9743127042464577, 2.1208560288587135, 2.6746707337509084, 2.012861562178969, 2.190053345457268, 2.1825907098995927, 2.4908466726221894, 2.5077200964640864, 3.3029595064446133, 2.3310485428904544, 2.3457328084931657, 4.468551873269311, 2.102249422912625, 2.1471407197420387, 2.175875558068169, 2.2492718490448462, 2.174946698772978, 2.5320707977422208, 2.295985796922196, 2.801928175891063, 2.244418718104859, 3.7910687238880447, 2.433879372622104, 2.36031838551682, 2.2833487523954124, 2.1695482295806463, 2.5213575959169803, 2.388117428475476, 2.1713070517382262, 2.4834104875037766, 2.3976385210963906, 2.093532711369603, 2.359658193772975, 2.4036309238699327, 2.0340088713133597, 2.7477727840394017, 2.286235544114747, 4.762504603157598, 2.4419709227787743, 1.9779650805679365, 1.9863529113476894, 2.1829895670037214, 4.668867405879607, 2.1027670031603787, 4.606711236121925, 2.431610061442387, 2.224194355373212, 2.153879035276649, 2.182416646089331, 2.1817452905035544, 2.0907525352588094, 3.7921456722552915, 2.271164267262791, 2.1204023419686386, 2.4201951554637793, 2.100304397844236, 2.2803388081777807, 2.318770024655908, 2.2356008076396887, 2.1829399107348753, 2.3597894625127007, 2.0352475579631317, 2.1386540742252698, 2.430825938412033, 2.0149833235485604, 2.2642201005683935, 4.027275791385054, 3.934945970824148, 2.1698340803459786, 2.8058713586813555, 1.9730108065886658, 2.104663637107246, 2.2910681335913523, 2.144591445214152, 2.2293611970190312, 3.0347688946310183, 2.8072937572308803, 2.063281634248208, 2.2549379210971816, 4.6610179121704505, 2.2378356813248437, 4.81077738767409, 2.084728880519167, 2.097233526114711, 4.282417601194778, 2.892625651911769, 2.565348945854298, 2.2291716966911075, 2.0158668507070043, 3.2735525070330964, 2.004032249947297, 2.0261434659665367, 4.263852928319748, 2.0585330240398068, 2.5755512778542764, 2.2906577291156363, 2.1330738136945855, 2.308198917131318, 2.341488640811821, 2.336158523853843, 4.482754695801612, 1.8469139839863509, 3.42190680756701, 2.140079798439757, 1.9768461267156743, 2.4356980665867574, 2.1834124530038532, 2.280951215430383, 2.225742761583632, 2.572450326187908, 3.2273738643688152, 2.578419562187104, 2.412889160014421, 2.12795932696193, 2.1851870319925535, 2.0638313463760167, 2.412977522480882, 2.40398688680662, 2.316565294014563]"
1.0,9000,0.656864436594731,0.656864436594731,0.026829957962036133,0.31306931341627364,"[3, 2, 3, 4, 2, 2, 2, 4, 2, 3, 1, 2, 3, 1, 4, 1, 3, 1, 2, 1, 2, 3, 2, 4, 2, 4, 2, 3, 3, 2, 2, 2, 2, 2, 4, 2, 3, 2, 3, 4, 3, 3, 2, 2, 2, 2, 3, 3, 3, 2, 3, 3, 2, 3, 2, 3, 3, 2, 2, 2, 3, 2, 3, 1, 3, 2, 3, 3, 3, 3, 3, 2, 4, 2, 3, 3, 2, 2, 2, 2, 3, 3, 3, 1, 3, 2, 3, 2, 3, 2, 2, 2, 2, 1, 2, 1, 3, 2, 3, 2, 3, 3, 2, 2, 2, 2, 3, 3, 3, 4, 1, 3, 2, 2, 3, 2, 3, 5, 4, 3, 4, 3, 3, 2, 2, 1, 4, 2, 2, 4, 2, 2, 2, 5, 2, 4, 4, 4, 3, 2, 3, 3, 4, 2, 3, 3, 1, 3, 2, 3, 1, 2, 3, 1, 3, 2, 3, 4, 3, 2, 3, 2, 3, 2, 2, 2, 3, 2, 3, 2, 3, 4, 1, 2, 3, 2, 3, 3, 2, 3, 4, 2, 3, 3, 2, 2, 2, 2, 2, 2, 3, 3, 3, 3, 3, 2, 3, 2, 1, 2, 2, 3, 3, 3, 2, 3, 2, 2, 1, 3, 4, 2, 2, 5, 2, 4, 2, 3, 3, 1, 1, 1, 3, 3, 3, 2, 2, 1, 3, 2, 3, 2, 2, 3, 2, 4, 2, 3, 1, 2, 4, 3, 2, 2, 3, 2, 2, 4, 2, 3, 5, 2, 2, 3, 3, 1, 2, 3, 4, 3, 4, 3, 3, 2, 3, 3, 2, 4, 2, 3, 5, 3, 4, 2, 3, 3, 4, 2, 3, 2, 5, 3, 3, 4, 2, 4, 2, 2, 2, 3, 2, 2, 3, 2, 4, 3, 4, 2, 3, 2, 1, 3, 1, 4, 2, 4, 3, 1, 2, 2, 2, 1, 5, 2, 3, 3, 3, 2, 2, 4, 3, 3, 2, 3, 2, 4, 3, 3, 2, 3, 5, 2, 2, 2, 3, 1, 3, 3, 3, 2, 3, 3, 1, 1, 1, 3, 4, 3, 2, 2, 3, 2, 5, 2, 4, 1, 3, 2, 3, 4, 2, 3, 3, 2, 3, 4, 2, 3, 1, 1, 1, 1, 1, 2, 2, 3, 2, 2, 2, 3, 2, 2, 3, 4, 3, 3, 1, 1, 3, 2, 4, 3, 3, 2, 4, 2, 2, 3, 3, 4, 4, 2, 3, 1, 2, 2, 3, 1, 3, 3, 3, 2, 2, 3, 2, 2, 2, 2, 4, 1, 2, 2, 4, 3, 4, 3, 2, 2, 2, 4, 1, 2, 2, 2, 3, 2, 3, 1, 3, 3, 4, 3, 2, 2, 1, 3, 1, 1, 2, 1, 4, 2, 2, 2, 3, 2, 3, 3, 2, 1, 3, 2, 3, 2, 2, 2, 3, 2, 2, 1, 2, 3, 1, 3, 2, 2, 2, 4, 1, 1, 3, 2, 3, 2, 2, 3, 3, 3, 3, 3, 3, 2, 2, 2, 2, 4, 3, 2, 3, 4, 4, 1, 3, 2, 1, 2, 3, 1, 3, 2, 3, 3, 2, 4, 3, 2, 3, 2, 2, 1, 5, 4, 4, 2, 4, 2, 2, 1, 3, 4, 4, 2, 3, 2, 1, 2, 2, 2, 2, 2, 2, 3, 3, 2, 3, 4, 5, 2, 2, 2, 1, 3, 2, 2, 4, 3, 4, 1, 2, 3, 4, 2, 2, 2, 2, 3, 2, 2, 3, 3, 3, 3, 2, 3, 3, 2, 1, 3, 3, 3, 1, 2, 3, 2, 2, 3, 5, 2, 2, 4, 1, 1, 3, 2, 1, 2, 5, 3, 4, 3, 3, 3, 2, 4, 3, 1, 2, 3, 1, 1, 2, 2, 5, 2, 3, 4, 1, 2, 2, 3, 2, 4, 1, 3, 3, 2, 2, 1, 2, 3, 3, 2, 1, 2, 3, 3, 3, 3, 2, 3, 3, 3, 2, 1, 4, 2, 3, 2, 2, 3, 2, 1, 2, 5, 2, 2, 2, 3, 3, 2, 3, 2, 1, 1, 3, 3, 2, 2, 3, 2, 3, 4, 1, 3, 3, 3, 2, 2, 2, 2, 2, 5, 3, 3, 3, 3, 3, 4, 3, 4, 4, 2, 2, 2, 3, 2, 3, 1, 3, 3, 2, 3, 3, 2, 3, 2, 3, 2, 2, 3, 3, 2, 1, 3, 2, 2, 4, 3, 1, 3, 2, 2, 3, 4, 2, 4, 2, 5, 4, 2, 2, 3, 2, 2, 3, 2, 3, 2, 2, 4, 4, 3, 3, 4, 2, 3, 4, 4, 3, 5, 2, 1, 2, 5, 3, 2, 3, 2, 2, 3, 5, 3, 3, 2, 2, 2, 3, 3, 3, 3, 3, 3, 1, 3, 3, 1, 2, 3, 1, 2, 4, 3, 2, 3, 3, 2, 2, 3, 2, 2, 4, 2, 3, 2, 1, 3, 4, 2, 1, 3, 3, 2, 2, 3, 1, 2, 3, 3, 2, 2, 3, 2, 1, 2, 3, 5, 3, 3, 4, 3, 3, 2, 3, 3, 4, 3, 2, 3, 1, 3, 4, 3, 1, 1, 4, 2, 3, 4, 3, 3, 2, 2, 3, 2, 3, 2, 1, 2, 2, 2, 3, 3, 1, 3, 2, 2, 2, 3, 1, 2, 2, 3, 2, 2, 3, 2, 4, 1, 2, 2, 2, 2, 3, 2, 2, 3, 4, 1, 4, 3, 1, 3, 2, 2, 2, 2, 3, 2, 2, 2, 1, 3, 3, 4, 3, 1, 3, 4, 1, 3, 2, 4, 3, 2, 2, 3, 1, 2, 5, 2, 4, 2, 3, 1, 2, 2, 1, 2, 3, 2, 3, 3, 2, 2, 2, 3, 2, 4, 3, 3, 2, 3, 3, 3, 4, 3, 2, 2, 4, 5, 2, 3, 3, 5, 3, 1, 2, 3, 3, 1, 2, 3, 3, 3, 4, 4, 3, 4, 2, 3, 2, 1, 1, 3, 4, 2, 1, 1, 3, 3, 3, 2, 3, 3, 3, 1, 2, 3, 3, 1, 3, 3, 2, 2, 2, 4, 3, 4, 2, 3, 5, 2, 2, 4, 2, 2, 3, 2, 4, 2, 2, 4, 1, 3, 2, 3, 2, 2, 1, 4, 2, 2, 3, 2, 3, 2, 3, 4, 4, 5, 4, 2, 2, 2, 5, 2, 2, 4, 5, 3, 2, 2, 3, 2, 2, 3, 2, 3, 2, 2, 3, 3, 4, 1, 2, 3, 3, 2, 2, 3, 4, 1, 2, 1, 3, 4, 1, 4, 3, 3, 1, 2, 2, 2, 2, 5, 3, 2, 2, 3, 4, 2, 4, 2, 3, 2, 3, 3, 2, 2, 2, 2, 2, 2, 3, 2, 3, 2, 2, 3, 2, 3, 3, 2, 2, 3, 4, 2, 2, 2, 3, 2, 3, 2, 3, 2, 2, 2, 4, 1, 3, 4, 2, 2, 3, 2, 2, 3, 2, 3, 3, 2, 2, 2, 3, 3, 2, 2, 1, 3, 3, 3, 2, 2, 3, 3, 2, 3, 1, 2, 3, 2, 3, 3, 5, 3, 1, 3, 2, 3, 2, 2, 4, 2, 3, 2, 2, 4, 3, 1, 3, 2, 1, 1, 3, 3, 3, 3, 2, 2, 4, 3, 3, 4, 2, 3, 3, 2, 3, 3, 2, 3, 2, 4, 4, 2, 4, 2, 2, 2, 2, 4, 2, 2, 2, 4, 2, 4, 2, 3, 1, 3, 2, 3, 2, 3, 2, 4, 2, 2, 2, 3, 2, 3, 3, 4, 2, 3, 5, 2, 2, 3, 2, 2, 2, 4, 4, 2, 3, 3, 4, 4, 1, 1, 2, 2, 3, 2, 4, 2, 2, 3, 3, 1, 2, 2, 2, 3, 2, 3, 2, 3, 3, 2, 3, 1, 5, 4, 4, 3, 2, 3, 3, 3, 3, 3, 2, 4, 2, 3, 2, 3, 4, 2, 2, 2, 4, 1, 2, 3, 3, 2, 3, 3, 3, 2, 3, 1, 1, 2, 1, 3, 3, 2, 3, 4, 4, 2, 4, 1, 1, 1, 3, 3, 3, 3, 4, 2, 4, 4, 3, 2, 1, 3, 2, 3, 1, 3, 2, 3, 2, 3, 2, 4, 4, 3, 3, 2, 3, 4, 2, 4, 2, 2, 3, 3, 2, 2, 1, 1, 2, 2, 3, 4, 3, 3, 2, 2, 3, 3, 2, 1, 2, 3, 2, 1, 4, 3, 2, 1, 2, 3, 3, 2, 2, 3, 3, 3, 3, 3, 2, 2, 3, 2, 2, 2, 3, 1, 3, 3, 3, 2, 2, 3, 3, 3, 3, 3, 2, 3, 3, 3, 2, 3, 1, 3, 2, 4, 3, 3, 2, 2, 2, 2, 3, 3, 2, 2, 3, 2, 2, 1, 1, 4, 2, 3, 2, 3, 3, 3, 2, 3, 3, 2, 4, 5, 2, 3, 2, 3, 3, 2, 2, 4, 2, 2, 3, 5, 1, 2, 2, 2, 2, 2, 1, 3, 2, 4, 1, 2, 2, 1, 2, 4, 4, 2, 3, 3, 1, 1, 1, 4, 2, 4, 2, 4, 3, 3, 4, 2, 3, 3, 3, 2, 2, 2, 3, 3, 3, 2, 4, 2, 3, 3, 3, 2, 3, 3, 3, 3, 3, 3, 4, 3, 1, 4, 3, 3, 2, 3, 2, 1, 1, 3, 2, 3, 2, 4, 2, 2, 2, 2, 3, 2, 3, 2, 1, 2, 1, 1, 1, 4, 3, 2, 3, 3, 3, 2, 4, 3, 4, 2, 3, 3, 5, 2, 2, 2, 2, 3, 2, 4, 2, 1, 1, 2, 2, 2, 3, 2, 3, 3, 1, 3, 3, 3, 3, 1, 4, 3, 2, 1, 2, 1, 2, 3, 2, 1, 4, 2, 2, 3, 4, 4, 4, 2, 3, 4, 2, 4, 1, 2, 2, 2, 3, 3, 3, 2, 2, 4, 2, 2, 1, 4, 3, 3, 4, 2, 4, 3, 3, 1, 5, 4, 4, 3, 1, 4, 2, 2, 3, 4, 5, 1, 2, 4, 3, 2, 3, 2, 3, 2, 3, 3, 2, 2, 2, 4, 4, 3, 3, 3, 2, 1, 4, 3, 2, 2, 3, 3, 2, 2, 2, 1, 1, 3, 4, 3, 2, 3, 3, 2, 3, 3, 3, 2, 2, 3, 3, 1, 2, 2, 2, 3, 2, 4, 2, 2, 2, 2, 4, 3, 3, 3, 2, 3, 5, 3, 4, 4, 2, 2, 2, 2, 2, 3, 2, 2, 2, 3, 2, 1, 3, 2, 2, 1, 3, 2, 3, 2, 3, 3, 3, 3, 2, 2, 2, 3, 2, 1, 2, 2, 4, 3, 2, 2, 2, 2, 3, 3, 2, 2, 3, 5, 3, 4, 2, 2, 2, 3, 3, 2, 4, 1, 2, 1, 2, 2, 3, 1, 2, 3, 3, 2, 3, 1, 2, 4, 3, 3, 3, 2, 2, 2, 3, 3, 3, 2, 2, 2, 5, 1, 3, 2, 1, 4, 2, 3, 2, 3, 3, 2, 3, 3, 1, 3, 2, 3, 3, 3, 3, 3, 3, 3, 3, 2, 4, 3, 2, 1, 2, 4, 1, 2, 3, 4, 2, 3, 3, 2]","[2.859845991020662, 2.0524142960762077, 2.441051001509529, 2.3858863344264494, 2.013539278087374, 2.1888285207976064, 2.017208359745593, 2.5141504440808067, 2.1195725227923137, 2.582175311639845, 1.9969337359544133, 2.091414043277035, 2.698808619290804, 2.025857973904094, 2.4200999997568915, 2.0501507025221013, 2.8752798967349706, 2.076318093091526, 2.039849775391232, 3.5900332937483332, 2.0544682106284426, 2.745037872678298, 2.0029355363684758, 4.063196246193644, 2.826178327262288, 2.3037421874546093, 2.4818224164883342, 2.4087889919006886, 2.525738216306896, 2.012108933368781, 2.5698164137893604, 2.01282203484155, 2.0212213745058474, 2.030938933285696, 2.8482791811876833, 2.8031842607682473, 2.2917611515419316, 2.222907926047331, 2.3789104035832938, 2.051034180704912, 2.1668198533133634, 2.528278440479604, 2.0291335807223754, 2.585966586104839, 2.3456107995071966, 2.854936649244631, 2.397947446522093, 3.361608547569796, 3.4911652283925814, 2.396126901359102, 1.6695868526721807, 2.270064579858691, 2.826282406270578, 2.4796864177276996, 2.024852503078804, 2.255189046925788, 3.3364200712010543, 2.1559682293139346, 2.0086299710562483, 2.72951290682643, 2.87431350291805, 2.1240557555277495, 2.433285973550308, 2.0707893903642334, 2.5628254909573602, 1.9979084440284338, 2.2109189099185818, 1.9967580279877004, 2.4811323562973406, 2.8798985001253263, 2.555160000347724, 2.597518306804235, 2.7591331663325027, 2.6497863565038373, 2.447751149314976, 2.4553139572960645, 2.0332507341754877, 2.2034387427388866, 2.213451971113016, 1.8400584527981643, 2.2591495656014464, 2.0756238537259653, 2.513833949680631, 1.9804030374908468, 2.7874347511958124, 2.024917631426087, 2.92782392755869, 2.4842467866447486, 2.6792763663070662, 2.4344024767665218, 2.030735948544649, 2.108360732839791, 2.052350049910791, 2.3331726555301406, 2.0565819560185212, 2.854724401952966, 2.4386260098553696, 1.9813558513545038, 2.7906297171917918, 2.2440297469666906, 2.2160936122354924, 3.1105346936998237, 2.0352738854253096, 2.1173540029584244, 2.40979657089441, 2.790675571848591, 2.860977913878049, 2.0324561683386335, 2.104538734962584, 3.2360363563991488, 3.2027477739866383, 2.9460586044945436, 2.044773478445837, 2.978417449468676, 2.418068256556923, 3.0745486540391274, 2.6297282042556938, 3.1255664253982114, 3.6245602236965984, 2.747931511290992, 3.283734218693847, 2.761556384247987, 2.8459959871080014, 2.1967200839807983, 2.5556951700244417, 2.3892402022031933, 2.5720183215668317, 2.0389207957312614, 3.209104785743353, 4.3775948504984585, 2.4275879360177925, 2.4248931684238832, 2.4112386332776063, 2.914479197418684, 2.0903769629192706, 2.864704053572266, 2.662730583554868, 2.99067395598111, 3.123909653435408, 2.4042457887727213, 2.0406221698758196, 2.1742624134170687, 3.3835170830506027, 2.2465993308523835, 2.475125711804678, 2.888040632129462, 2.067491662398699, 2.762808504017374, 2.440125734763384, 2.4919493915640683, 2.0348202041295544, 2.781945367909457, 3.352780498074097, 2.224853898522437, 2.7495146362050695, 2.1934822192175267, 2.107704635235389, 3.5649574322903907, 2.7585482786793474, 2.1297772970382214, 3.1423888950086303, 2.024537392734715, 1.980366454759607, 2.15847593457525, 2.42732077122298, 2.4244400414119345, 1.9840599249053188, 2.8546599441015403, 2.0640312850514713, 2.367282546389232, 2.4753538418951218, 2.168709877141846, 3.222960595133375, 2.709174832894882, 2.240106477185003, 2.0325623644437667, 2.293611788751108, 2.9063180388748964, 1.9996713436755316, 2.8167950085960847, 2.911749214320197, 2.3872295223390214, 2.165593273454227, 2.490909295009786, 2.802733190884459, 2.050637263294327, 2.057075838245755, 2.4577628498167052, 2.0424349550655174, 2.3448763734633657, 2.275629900166742, 2.795278789077975, 2.425419738040215, 2.8484723747646137, 2.758936948495627, 2.159454975407411, 2.412948061917928, 3.1630786587650506, 2.1474547252966762, 2.3940159114814183, 2.7764813151737764, 3.0404258379206057, 2.175616360581643, 2.651657154179516, 1.9950597024040793, 2.461218874911769, 2.1379742216007727, 2.048574939771404, 2.098127528743361, 2.501228948613087, 2.965576618306078, 1.9856304880715037, 2.3906010804915674, 3.1545878463660157, 2.105375653305635, 2.0738883900250102, 2.3889120661896475, 2.763113930852628, 2.0736861779478906, 2.1979558678564803, 2.2152851215383897, 2.5445139317929364, 2.1711972092664737, 2.1300624936168187, 2.8120436559920763, 2.8713227642291637, 2.4421871156892276, 3.189852571292726, 2.0649084899316748, 2.2146708412038723, 2.443219762878826, 3.1766294998761344, 2.012287135612624, 2.1530373613002767, 2.108492944883175, 2.740959116508086, 2.471122069787221, 3.2006307452148057, 2.106786196198755, 2.1645341630754107, 2.8846553455382997, 1.8661003989419358, 2.389507972037969, 2.1896698728599673, 3.0533500620235126, 2.757550290685447, 2.143600394344277, 3.726475308711297, 2.4754820662104478, 3.1328576231810485, 4.306564775763208, 2.3887989769375935, 2.417421735252605, 2.001279043856763, 2.2345912763310793, 2.898330247587179, 2.6260829489001494, 3.1849928381497072, 2.639998291586387, 2.122562118615212, 2.912338533772203, 3.3660482599000128, 2.405198946441076, 2.0065092812119483, 2.7985972771205656, 2.720637422016713, 2.478855695425534, 2.9221007522245275, 2.3035291186105047, 2.6580247231441954, 3.4596301948206283, 2.3816104702489556, 2.7744490335966394, 1.7908165257512487, 3.2793388401226666, 2.501677918496486, 3.2453530357634763, 2.3894486129144994, 2.4903315704580025, 2.1831667232939194, 3.489890533230518, 2.4073553209281116, 2.5255592823731288, 3.240347954575637, 2.1544768356719453, 2.718294822866787, 2.032161289353488, 3.4497841681733536, 2.097307759451085, 3.0371976734094637, 2.377874597392034, 2.0823396377946635, 2.7257122908956664, 3.2239638888353372, 2.273722029457982, 2.5730326620353154, 3.4711680383463754, 2.788671986786651, 2.7101673895937273, 2.1592424075675547, 2.8818828593185764, 2.0570132041756013, 2.4062406561929084, 4.221027022246666, 2.0505150431638137, 2.2976511473476733, 2.3633193510599266, 1.721526078197698, 2.8748892945593507, 2.394690752016033, 3.091707837891835, 2.8079780350263457, 3.691226782355754, 2.0275000904374956, 2.2316424124141436, 2.595026765659299, 2.479910626078639, 2.0703551090017114, 2.0039701578497726, 3.2940922464317444, 2.268771822397584, 1.778534244490661, 2.0631743458285854, 2.8115580109915213, 2.647333323863572, 2.0848995303418074, 2.703163609656106, 3.1381157263563653, 2.1486533452616206, 2.1407488738279232, 3.5357702099444506, 2.0994417515556014, 1.9893641591486935, 2.0518705601196507, 3.2559497158627346, 2.107135881392582, 3.1449644570715174, 2.0645315174691996, 2.538689735932622, 1.9849864102881591, 2.1533786904841463, 2.647070229293617, 2.095916608057526, 2.5378167291734552, 3.279667262223613, 4.215477783799402, 3.1593661768198773, 2.828182775651598, 2.767317618140088, 2.1629796587841246, 2.0594764414124205, 2.8408783771069808, 2.9881848889770195, 2.069074989447932, 3.3124226053035435, 2.087521309205114, 2.4191892955559027, 3.2023570852960535, 2.1180396520272686, 3.1332038226144086, 1.9816637560091062, 2.270735540406659, 2.0401102887803644, 2.8391022413113176, 2.2574245432504196, 2.907082807634566, 2.0125490500667675, 3.0334852257477705, 2.0646905891817173, 1.985247200819195, 2.766382803144653, 2.3321968388885073, 2.034623156236285, 3.081780470635392, 2.006941622581147, 2.4284319853819096, 2.0683693861620474, 2.391948155740655, 2.037729085546932, 2.8730283209768483, 2.8977080640141977, 2.052081726343352, 3.374612673970626, 1.7306083108673012, 2.9404703574597484, 4.235951143796353, 1.9806535737714592, 2.1018315302813995, 2.5202233224763457, 3.103994406567586, 2.7936647845462184, 2.5731647004741824, 2.0457362853246517, 2.765704652262693, 3.433541946556274, 1.9963412065650885, 2.1522445597040587, 2.050823618418887, 2.7357042723023723, 2.1063858355432816, 3.330739488567767, 2.0394714766931834, 2.577644302204481, 2.0644913241532215, 2.3889780259626407, 2.3923762475953865, 2.8269844067117194, 2.956343358654653, 2.8038647968906414, 2.42634799716173, 1.996020115966934, 3.2183530956349777, 2.2011751418349115, 2.4003148080158536, 2.3911551109639793, 2.364894348496565, 2.0530553252986157, 2.035911034661071, 3.8550475595115894, 2.142130812875878, 2.012246672894737, 2.425831025076916, 2.9284639509142147, 2.2191253588181596, 2.6986002838518766, 2.8569488761947017, 2.0436948421580667, 2.4334265523834766, 2.417675454093984, 2.8418121342909592, 2.196801010072328, 2.074834559832856, 2.456879648775798, 2.0767954483168722, 2.7559805589449717, 2.033553389040565, 2.8093448645952064, 2.165931773236135, 3.159306868452564, 2.0470460574086577, 2.775004559563536, 2.07189130602074, 2.8016552705409925, 2.4691281108231666, 2.3444839251727525, 2.1277737383601476, 2.8063497755881106, 1.9873800849072416, 2.476570956748641, 2.5130415993255735, 2.9251979604819476, 2.0941649538095133, 2.748368009788741, 1.781530836075081, 3.571851318101788, 2.501278834811444, 2.669374122248533, 2.7779932411242627, 2.0467849743802238, 2.0120288547142122, 2.197764614805533, 2.1007152032459198, 2.540197397545807, 2.0908572651932404, 2.0414530413020104, 2.1232664541616746, 3.199593729884889, 2.091828538597625, 2.9756042871005097, 2.9372659931195484, 2.386206314431918, 2.7749761574967775, 2.012149411442162, 3.455246495119, 2.4934088537425803, 2.0408494426943338, 2.045080274532826, 2.640607979310311, 2.0312863523646674, 2.0079858932729038, 2.991204602905139, 2.4005265444299995, 2.4462447502959184, 2.3848995903577053, 1.997875464141937, 2.5386124218983617, 3.3328669922080323, 2.958294544400106, 2.5715083826692737, 2.456555846622679, 2.366897268387443, 3.2217741506452087, 2.0647230147844073, 2.3992267996595267, 2.0458227376918536, 3.2307073136328492, 2.2787550273836694, 1.8307027398317544, 2.0662644780507424, 2.891901941690526, 2.9672378121083316, 2.1459318648362395, 2.852581540756399, 2.2046899712184946, 2.0182376647745697, 3.0322548569370724, 2.8026329251309763, 2.2955915964506843, 2.162264362330349, 2.803805841326338, 2.1418762033143466, 2.822275750418606, 2.112126266127951, 3.845133760547648, 2.26876975642854, 3.3713364066736893, 2.381203903076767, 2.0207330504721757, 2.4585751014280723, 2.988676447249002, 3.787788321666242, 2.5791367187037952, 2.7482766793080042, 2.0233196312114723, 2.8408459515042908, 2.4537826558942357, 2.089007889266677, 2.0835648149353583, 2.389060614249834, 2.4695672883540314, 3.138763701506924, 2.000517196119997, 2.786178466396863, 2.0806343164495207, 2.711465410725925, 2.0458845403362966, 2.1430554090215517, 2.875224804988634, 2.039311842956864, 2.014875102061437, 2.720702842861394, 2.5591888355575882, 2.085516464676407, 2.0101196087866606, 2.7560093817029183, 2.546262435967699, 3.6624535804074236, 2.0461450690809238, 2.356974741466936, 2.455796605808341, 2.5677938212082703, 2.0127990167080787, 2.3884982779724777, 2.21054365978147, 2.3608458108416004, 2.775374477074661, 2.8029289316992494, 1.9823743478492506, 2.3418893226737536, 2.8979040033398538, 2.405302530850128, 2.3826674894682656, 2.4201462665481097, 2.3666750005809707, 2.099013551408315, 2.3707700493446113, 2.763294107388169, 2.3638453663924515, 2.0578415659691673, 2.6234020446489885, 2.091806249826407, 3.076951809693562, 2.700317916592688, 2.0752205187684125, 2.4437709810110158, 2.0425374051838334, 2.4213970079578493, 3.19851183554976, 2.0769948900772457, 2.059294359181931, 3.221741085079005, 2.098758580857249, 2.6299393926336148, 2.054296106057617, 2.8957555993052204, 2.064779274590784, 3.275475368017448, 2.0133782586415383, 2.5170910376452587, 3.608449236967558, 2.1217770269103715, 2.00701506518553, 2.1843697792873606, 2.750017004113569, 2.1452996533985815, 2.3965624255376126, 3.590675835578764, 2.8873114822761083, 2.8231504102655234, 2.1755380977027214, 2.774646358631812, 2.6642655888892963, 2.3511780260613397, 3.3080564508633863, 2.6607002322073847, 3.1636470609021474, 2.436114659996453, 2.3337290062286353, 2.0565351190368584, 2.046933245298507, 2.8801337786174037, 2.0829426313623767, 3.9910585955448683, 2.4862082367624403, 3.4925236671154627, 4.1212848879860315, 2.883715809755566, 2.190495469482082, 2.1127287822848517, 2.584418034016825, 2.425497178317225, 3.5054983916742026, 2.892220931470118, 2.37656148369855, 2.0521318958265806, 1.9940378802064922, 2.1981984267628683, 2.086816520887158, 2.5163251844972687, 2.7689888103241467, 2.351899744941747, 2.434623963903441, 2.4902031357866647, 2.1933255412096972, 2.51616554220418, 2.186708871755838, 2.895459334610558, 2.799844700833091, 2.292753774531929, 2.4519167438393894, 3.0415038924962174, 2.558211341364797, 2.9733213641501983, 2.0063745902469288, 3.679161845472083, 2.014408395096225, 2.2386383954520817, 2.4303237804774644, 2.816473692163327, 2.9205692518776654, 2.582400586074896, 2.5626959242859906, 1.9896257811054394, 3.3366586606827373, 2.0142168900410224, 2.0442124337155527, 2.391880255974338, 2.794320971304564, 3.320822327202306, 2.0906160427705456, 3.295353127624404, 2.240358247457806, 2.0711341537896923, 2.0854939997244557, 2.1229455826178816, 1.7162071707889412, 2.435475570216225, 2.484744096087135, 2.427220445853974, 2.376476401134227, 2.359582184613774, 2.8996045641699135, 2.0123461821935282, 2.069788060209712, 2.427308022695427, 2.2226830356788208, 2.043131697160364, 2.606135879462156, 2.112467487123879, 1.9981587031671428, 2.356246966828785, 3.6692235294687117, 2.3883740770185695, 2.449174986995347, 2.5416188402567874, 2.4115859074379764, 2.763258859610289, 3.107711999226587, 2.865126408725032, 2.8056816879714894, 3.053474255453038, 2.086811532332898, 2.1045207287629766, 2.042039758061234, 2.0459984610140607, 2.3775522813584584, 2.888922927464967, 2.4414866178254107, 2.5054908528137854, 2.424237895446466, 2.504494158143485, 2.1295184465005086, 2.829094010879886, 3.33449089672677, 2.4427896221870724, 2.0460804950174474, 3.196173605217982, 2.4272231004051994, 1.9783532959737997, 2.7957995222565555, 1.9841378017801552, 2.642126464262077, 2.743180744784067, 2.0256725659707646, 2.886829691126878, 2.1134399289599464, 2.410486536263613, 2.071955342258191, 1.9915679915639934, 2.017529844353459, 2.1526831145117953, 2.156272583747595, 2.7631421828689864, 3.0266621338789665, 2.011903586573906, 2.533278927196927, 2.8130817353995154, 2.9237084677612537, 3.705410546483693, 3.486748180093411, 2.485286253415135, 2.4605779135775396, 2.3056089970996316, 2.922327567010913, 3.029100391912835, 2.538833154854207, 2.5291131425226867, 2.108500695748556, 2.134977764995372, 3.3499489238922546, 3.046727765902439, 3.311823428802346, 2.566584098558268, 2.558262368390573, 2.084410929166232, 3.0572385834406637, 2.8769122966680625, 2.7505547515263205, 3.19425560909126, 3.0323248325985177, 2.3726468543139787, 2.024462010688152, 2.0776295285780955, 3.6161788435443807, 2.066370085573694, 2.0272445148464664, 2.446989336427728, 2.8238452203726725, 2.080467199881811, 2.3415973420061476, 4.2096960595176665, 3.223537685969227, 3.165421893006583, 2.1497785596049757, 2.4786949214165275, 2.8942475777001744, 2.112892396968988, 3.5439120594683904, 2.852174167742678, 2.5373172288172934, 2.4505415737206793, 2.4282451997446897, 2.394906645558729, 2.0683303091536773, 2.146925206978291, 3.0523098744512316, 2.0126518543574092, 2.080174034504242, 2.0652340644541525, 2.0880484331052527, 3.068480106846552, 2.386781383881333, 3.5987344075697703, 2.354990682580979, 2.084286820349696, 2.04477791271629, 1.9881467255235106, 2.04361945956036, 2.0196377856702057, 2.779660973801382, 2.8077386331358647, 2.3999043455015237, 2.3912751043002096, 2.1145497723368076, 2.0434653686621074, 2.272142109650033, 2.8694201676822186, 2.781300551086319, 1.9810382467332848, 2.441705737212064, 3.0407269713552596, 2.0793475312368535, 2.1849736953023724, 2.8525904006359233, 2.79960264821007, 2.386576483628853, 2.70729712275417, 2.8356636761561638, 2.377522350032898, 2.009866871277459, 2.4839350031057865, 2.0353308689159846, 2.179736243805545, 2.7429382456186513, 3.353490360000845, 2.8910981218783065, 3.074651683613229, 2.4370947349948353, 3.1505188434419784, 2.42265164470973, 2.114429861622825, 2.0074425348682765, 2.822719747103239, 3.1664204358354335, 3.960863939110312, 2.804342544153441, 2.3978510011397334, 2.4015497369816083, 1.9867761926998804, 2.6016440888657213, 3.567168159629139, 2.3931323830935947, 2.0451282200821024, 2.012055183195029, 3.048923258390331, 2.0130132627548494, 2.706305424520658, 2.8293567414042453, 2.52312292900322, 2.754158350930561, 2.4072932416929085, 2.7499355243939894, 2.9758806812498517, 2.0799954890068446, 2.4174909869812065, 2.0796715254773437, 2.766098193765425, 2.208894120831891, 2.100413234887952, 2.1880779521025433, 2.1378657495986304, 2.0006435728279164, 2.0869828060291575, 2.918797476995549, 2.598538522905595, 2.1853785905152288, 2.0349820396456058, 2.7497096537427734, 2.1307568014217018, 2.8623181054597704, 2.2895164799591026, 2.9189462187965374, 2.3786752603507613, 2.130802773387851, 2.4479194252064556, 2.445441593060061, 2.697952787589649, 3.9219246241999053, 2.378058342473943, 2.0224236319891418, 2.1310176673297296, 1.9952276503974986, 2.3776742237959247, 2.4735181211413857, 2.026835730539051, 2.94524679544447, 4.111320789780025, 2.53739769192713, 2.4585124673579193, 2.433715426632666, 2.0006665602503984, 2.1730047361098768, 2.8617114418333753, 2.040150213672226, 2.760198658713692, 2.514548495643183, 2.4471189800767057, 2.035375026864531, 3.394550112999841, 2.700375284966678, 2.3887285982496413, 3.1402276765833377, 2.608810055206932, 2.921024058959186, 2.7953333695751503, 2.773746201729788, 2.7479956325829753, 3.549257704632052, 2.055850578535627, 2.4115216105164032, 2.2196245090507434, 3.3682900364897903, 2.1445695362006267, 2.0402297533984823, 2.154200079772698, 2.4964620161456086, 2.15205428919219, 2.0582692112815044, 3.2511619552690045, 2.023460126800967, 3.5205342857912227, 2.2484853391825403, 2.5009850728460674, 2.1051439975239674, 2.0473582207041234, 2.003694073757897, 2.0575680269105785, 2.0789498496144962, 2.0360764730218657, 2.7123386848633255, 2.0622158134972715, 3.6076882311522134, 1.9970678726356264, 1.9959931163345028, 2.275877351192726, 3.615362407588928, 2.4954790855446483, 2.947726746996895, 2.1864874433991845, 3.2686093119647763, 2.0145480746155044, 2.378326323338971, 2.0810031923228562, 2.1072205704983373, 2.1949244565745563, 2.029390702297017, 2.4284203545298824, 3.527039922179918, 2.0378646079376614, 3.748220836234677, 3.3201374044666094, 2.341943088203, 2.9198497174311364, 4.030421121497159, 2.0367254469735534, 2.116221440867312, 2.087148553345132, 2.7669922535455758, 2.485111570895459, 3.4455447505411794, 2.4082754320471755, 2.127023835243358, 2.8914424579748688, 2.7538507080623673, 2.54587730970172, 3.5088974826321166, 2.161177296019958, 2.0692371021058866, 2.0858395956779114, 2.1729312861556247, 2.1906456895016007, 2.132359480010013, 2.1143176351632267, 2.285153359204232, 3.394414443736736, 2.400660942897621, 2.0661641685883745, 2.0473761334155265, 3.0909809159992117, 2.4401646093167546, 3.461808328525511, 2.799535672255381, 2.7530229841161247, 2.7285781071864896, 2.541197819952768, 2.0351283859260603, 2.641909141779488, 2.611013333338425, 3.032825936330758, 2.0518494728715906, 3.3652902287768733, 2.543101406546088, 2.473279728348363, 2.3502067427137843, 2.0776810775232586, 2.0217216315480004, 2.777956541525215, 3.4226727028939834, 2.08047743877674, 1.9808841558350319, 2.9417554095779526, 2.5698396753888018, 2.0596216637697666, 3.393503616511475, 3.1571882693961277, 2.093114308198223, 2.788483237794987, 2.7767981037247798, 2.0231342232781424, 3.1842469160533673, 2.003444696801054, 2.7281100878650784, 2.497080967503954, 2.5224367263063256, 2.748986590516979, 2.130670147840732, 2.4265059657374426, 2.383991673482388, 2.7819327117678205, 3.815148917647452, 2.0105078845932294, 2.390931322097328, 2.9830885703116543, 3.2146046651615556, 2.7998857178347842, 2.384938945059122, 2.8124546721344563, 3.715777325523047, 3.1240256989508657, 4.241311959050051, 4.003682055069337, 2.469134408056521, 2.738810605653429, 2.0537763897693044, 3.944004836152679, 2.4387342560229084, 2.0899586119708276, 3.3122424683000564, 3.158404753892535, 2.581015245286365, 2.0797579937511834, 2.1442197329136077, 2.4676681426319056, 2.100906825720074, 2.0298551915758583, 2.7915488193180105, 2.210346596086176, 2.1930368698435534, 2.5868459640582246, 2.5725918872505056, 2.418737007319533, 2.963089809818429, 2.8959968309982433, 2.5047680837388193, 2.0343742828070925, 2.4067631353434846, 2.6922216286599205, 2.7803757296571856, 2.042000170175345, 2.6389591380008266, 2.3393097933133156, 2.435147988486486, 2.012630237288949, 2.066439077449842, 2.910927776391679, 1.7960543549046193, 2.9782095930411763, 2.8883168424811725, 2.627731949367946, 2.8699839239674665, 2.1115734786510285, 2.585227039107534, 2.000672657372272, 2.0782614280243314, 2.4380122084276667, 3.254567474321397, 3.327749755619077, 1.9884584440531083, 2.0348759096521243, 2.4253414089450285, 2.515279571502283, 2.732194531883075, 3.363477852861264, 2.124076312457082, 2.0784604000042863, 2.3893929073919296, 2.2850649907226557, 2.4526924793823115, 1.980214026712774, 2.0031630698711123, 1.7036864385246921, 2.3417194346870107, 2.4309276562270443, 2.4543997841270655, 2.940381941401174, 2.4231624018820774, 2.6948634714377073, 2.499232805001322, 2.0128087166746953, 2.2397777099100433, 2.0429529332828458, 3.1664337227401553, 2.7358828024442747, 2.0636249785634044, 2.126454805237837, 2.140171973903124, 2.4234782512659594, 3.176408367693984, 2.7071528795772424, 2.4022853884608604, 2.13029572912933, 2.8814866729236748, 3.705903572821809, 2.8417813213346763, 2.437151960208268, 2.433032826124758, 2.074068371988081, 2.322915618332311, 3.502850559783839, 2.433165593554236, 2.096244627754407, 2.440213872687369, 2.5134290283509375, 2.0207630479093863, 2.4097075416806457, 2.049105498892321, 3.0010336651345284, 2.456244431527734, 3.4494823508769548, 2.4372002242806627, 2.4348910779420967, 2.7149435416127474, 3.17882560102828, 2.975493033915665, 3.274359043452173, 1.9846444171794468, 2.0460103627604096, 2.148612328259927, 2.8953041351446918, 2.7784587380095482, 2.082658560911461, 2.2373963315268655, 1.9897629663475889, 2.7618318559500303, 2.043067400238791, 2.1447312353548464, 2.053489052377331, 2.4503400926592436, 2.0302725672822772, 2.4358043779325285, 3.239382567739985, 1.9902066551793296, 2.5049102416285907, 2.022189724222729, 2.9061985740637812, 2.031438015097441, 2.8248213141562095, 2.2002129119452665, 1.9871622513712224, 2.8011323021159735, 2.4000240867104012, 2.1147075731654588, 2.8399315513984016, 2.0108091378421515, 3.6454734012000247, 2.7737057390119015, 3.3605595941587363, 2.523328131535251, 2.19565944490782, 2.427709273966439, 2.9176373944549057, 2.429488879923517, 2.901360517158216, 2.046392002516793, 2.8765403551202517, 2.383835365448909, 2.796367663158387, 2.209841224233517, 2.0747504689683387, 2.0428296051358625, 2.3039927237352216, 2.2056427845310083, 2.183640358255571, 2.6831527821892824, 2.0587978885151235, 2.0379114449193247, 1.9982102515611628, 2.6089067858414343, 2.0464338509441964, 2.56304027824163, 1.7147022748983511, 2.447831664178643, 2.098325576237448, 4.10672839913828, 2.1625453756635586, 1.7027126126325385, 2.901409588284031, 2.8466825753439675, 2.0252030875865197, 2.146738019876877, 2.013784825813727, 2.3857398846086095, 2.3833093501163836, 2.365957909603616, 2.1449131414046025, 2.818304037151817, 2.7847185586379, 3.322286081966041, 2.0466536244735387, 2.483071990017535, 3.5992040707100017, 4.2499077301505555, 2.0447989755009432, 2.4224911795477007, 2.1943142500721007, 2.7468368515289856, 2.4961877380472264, 3.355631130960691, 2.7163535888436607, 2.023196857348296, 2.1594047889152574, 2.6715126635375364, 2.1290853415937785, 2.503238151037582, 3.630337776298966, 3.405126667383861, 3.459957634312596, 2.8635317849694135, 2.7553986724909856, 2.0090645956723248, 2.7001665971134687, 2.0343662456918956, 2.448651785832386, 2.023306590186521, 2.3558511928353316, 2.795038969868462, 3.4125715964618184, 2.508166566055687, 2.0303562641370836, 2.0120923202100753, 3.5107857778691707, 3.3708773066664266, 2.8220141438173547, 2.5284898571808174, 2.4485043035892824, 2.5517808433659512, 2.2583595438200135, 1.981911243728782, 2.693998050796517, 2.354867532088659, 1.9976315792670045, 2.8863988258294384, 2.201917931238569, 1.9883040760129522, 2.0150674385423497, 2.4263991580777353, 2.439573129714777, 2.3281078050489494, 2.4462297412268503, 2.367743921546629, 2.0123550317018353, 2.4775349656832732, 1.999003985972307, 2.1898062266764065, 2.025125210711683, 2.3964774858668174, 3.620163604530233, 2.104206081453395, 3.2981905104575002, 2.8845343613560055, 2.0456661678719654, 2.012446230420631, 2.065657553189083, 2.0910216103419166, 2.0461131977620406, 2.045978506797021, 2.0361177671654622, 2.924762416224955, 2.2550732113738645, 2.874355948112762, 2.160196876932763, 2.1443851928774795, 3.4229287315406207, 2.197106438009869, 2.9495558491693967, 2.040849980520359, 2.9163658548188685, 2.115152051774665, 4.001505197804578, 3.1042732113223384, 2.8160552580943077, 1.985290434956115, 2.21725504508499, 2.1290519168183173, 2.6023576391715895, 2.8382507958237726, 2.2600213302397, 3.169454393930921, 3.0418339959314378, 2.033698057114105, 2.0276815681791653, 2.6390065366161655, 3.1732117392353123, 2.0974260899358956, 2.3943637245701006, 2.561295626925507, 3.9305059697200266, 2.1500614115422927, 3.1179365996540276, 2.0458490815281647, 2.090432408308862, 2.3217272338508215, 2.543083265423865, 2.0468235044546557, 3.3155986515157334, 2.7956856169342856, 2.8973665088027274, 2.24380416091186, 1.948932714378915, 3.905747005176941, 3.4278644627985377, 2.42600644744957, 2.046066637922281, 2.4265302456468683, 2.129735903035742, 2.177007949942345, 2.5182632292705036, 2.092907284403334, 2.3553520756229247, 2.4170579748320358, 3.095947719405121, 2.4092010865554494, 2.075844734720634, 3.017840909941019, 4.118364655167717, 1.8790504326758297, 2.8529559686682293, 2.4074586948580547, 2.6706859315752136, 3.473515069401164, 2.169558476541938, 2.3886543242195484, 2.035412995305288, 2.0356746326175283, 3.0500307334472994, 3.0374385099890904, 2.0479093971880693, 2.074815437041526, 2.822254980131351, 2.0521269163802334, 2.0837042173127345, 2.0431258862883066, 3.0048050041494507, 3.443499808158354, 2.800270298410693, 2.509417969386031, 2.4158054601301515, 2.1306978540254393, 2.558197794327097, 2.753732922753451, 2.5277570183223124, 2.050431739767575, 2.046422195628762, 3.2192475900924955, 2.2031283439302514, 1.7779389944384594, 3.118083334353766, 2.4910032444615857, 1.7890626036118529, 2.0245135431755337, 1.9886078235390046, 2.0415364610149136, 2.039109302981684, 2.7204511980131683, 1.6318142898193093, 2.849173905425336, 2.559749485622404, 3.1648244859502532, 2.553123294263803, 2.817002571423899, 2.264387395358775, 2.8009686127634175, 2.4319381663627513, 2.0407637893884223, 2.7346522416373222, 3.2026170023644074, 3.279042298286101, 2.441113745648764, 2.4261695745126937, 2.7636524011130215, 2.8018157340495917, 2.11706523700179, 2.0172363510778295, 2.7566038510855666, 2.058862967208537, 2.8671677675641405, 2.8641724619349676, 2.3213951680172586, 2.139171491632094, 2.0448314170102715, 2.556825076252814, 2.243861134620382, 2.031603956985886, 3.4217639539371993, 2.8107011959678285, 2.3774292303533784, 2.0819962430697965, 3.0430299803791545, 3.5326287738081463, 3.0999027686353493, 3.2410226935239064, 2.015126016996266, 2.023914654877927, 2.811381856482413, 2.265411349655541, 2.4518258566505913, 2.6951350880066376, 1.9919365902954256, 2.7545704609408164, 2.404955549187156, 2.019489791893826, 2.0147473396440008, 2.5369077066954686, 2.3583075168800622, 2.1355852594963336, 3.5856476746830075, 2.695817586879135, 3.7059169991039713, 2.7316330577424184, 3.6130540902757673, 2.85129920516968, 3.1579455126451745, 2.957764239076201, 2.7550225808974647, 2.8851149389513964, 2.9270182181882225, 2.0106240229573635, 2.463286690535085, 3.100798683280259, 3.333582667931329, 2.835758198002982, 2.2014641899741307, 2.5009474403089964, 2.947395377133766, 2.4998770510643884, 2.5150192850500406, 2.104600177239934, 3.674961287002216, 4.303013479413906, 2.89258620449871, 2.063543221701921, 2.5554535768485427, 2.503178103630476, 2.767425980624291, 2.0973778598948467, 2.5609586814169516, 2.445322992783216, 3.2921049789777843, 2.7976181274262233, 2.0303604212656334, 2.0795074574705708, 2.2090204720787296, 3.0043747363268754, 2.787161285350198, 2.7735799254300706, 2.0668043498226774, 3.1218393293173228, 2.2722349869658696, 2.2504526764423414, 2.736199247741724, 2.0235776503234746, 3.071003059595087, 2.428616309211033, 2.2323826584379445, 2.1270501054950524, 3.5947790383254086, 2.087467417700147, 2.763653786822538, 2.8563919798751813, 2.088183502173345, 2.242118754340087, 2.024311522083499, 2.6802317507697038, 2.3842660439666874, 3.050364707552027, 2.4227533557882532, 2.086899050963712, 2.9236957244673794, 3.001487791851908, 2.0311965583879874, 2.1091064282134546, 2.1960893598695836, 2.001427052988637, 2.7556138848513685, 3.7614591296121116, 2.0584952495566844, 2.8059933716515686, 2.160255370332148, 2.387807640349373, 1.9058088076486406, 3.575662722680441, 2.717683920752899, 3.067419756738655, 2.5034893333321615, 2.4293192414879106, 3.8736129177084893, 3.3069590688021577, 2.4134812809148674, 2.399470586149506, 3.133232099094174, 2.632871812792337, 2.0018940370957523, 1.9810196782257614, 2.4838715365076367, 2.909958934628408, 2.8917417547726867, 2.1049269428994575, 2.1999750078755427, 2.005676192650531, 2.0017961906483817, 2.033185329237445, 2.5031994282015377, 2.482172801098783, 2.2394509943842342, 3.036885360866876, 2.43379692170774, 2.0491678637215833, 2.0752455612754983, 2.0878871200597313, 2.0120249747275656, 2.0572986603360337, 2.9332444294267077, 2.7491559242199153, 2.777594055271151, 2.8117995098818787, 3.2317290174886986, 2.456675847964535, 2.41147560496045, 2.3992081650403523, 2.4410839400148103, 2.9635251775415297, 2.086457638580124, 2.5730747608320277, 1.9830569483571585, 3.7978380500262667, 2.5274577044109563, 2.982048573511642, 2.855801863101445, 2.5150382470161317, 2.6237721465088883, 2.5503978043071527, 3.376712397964664, 1.9941246256222354, 2.0759212264370976, 2.044585021951571, 2.043843406124891, 2.7954475026524825, 2.8628481187490364, 2.1185950517514156, 2.4729909365604037, 2.4203614550309425, 2.0670238468658737, 2.080515976856798, 2.656332100672736, 2.0452914566631653, 2.1237860291187722, 3.625594958198425, 2.0499818226929456, 3.3261550996072415, 3.533767127737318, 2.444353650815385, 2.023372011031202, 2.248552905231261, 3.3736208800329903, 2.0359029975458744, 2.7331778313560986, 2.45301896165235, 2.0071608925828395, 3.2202034612362738, 2.1447013615841684, 2.045976551448203, 2.3945718581395035, 3.13503086986107, 2.363520001797939, 2.8038456895247066, 2.327418342835754, 2.088760948480939, 3.529526968159343, 2.094523852574329, 3.0483615212968176, 2.400214482646847, 2.041965476681272, 2.381599938856629, 2.1410505039730183, 2.423334229862143, 2.769421503840598, 2.386449645023044, 2.523443582736519, 2.7906065895403813, 2.584321490533626, 2.7316009092816316, 2.440841314606645, 3.4232093497618328, 3.388983714548318, 2.0046903989003773, 2.7581575085956485, 2.3865302933169135, 2.0512493083824057, 3.413206782359366, 2.742510877448218, 3.1217705961002236, 2.179583259716862, 4.241582943311685, 3.783090204771081, 2.8672275209643505, 2.789118841047136, 1.9834044843039373, 2.7757319234671654, 2.845607249403543, 2.3870923370968717, 2.0573551972843136, 2.5637631801956555, 3.6625079002204766, 2.0769308024278805, 2.0254475272964023, 2.140978835496038, 2.467658719807192, 2.089925061342743, 2.024083434297056, 1.7945178648370492, 2.5324869068005706, 2.431884189803253, 2.574759045062825, 2.376147987978778, 2.373091112785021, 2.7962415709422395, 2.8218733403749674, 2.3042143621429374, 2.6639056549101845, 3.4409174222503194, 3.1821959385190572, 2.388795096950947, 2.102322793358069, 2.8952464896287986, 2.313365277452984, 2.410738392142091, 2.0669983662685487, 2.070107065895942, 2.7211188175028016, 2.908220240489344, 2.0172845982509005, 2.765703820836983, 2.0887500970915647, 2.114271075323467, 1.9799518504722213, 2.0804806874491577, 2.912059346782985, 2.766594245499088, 2.0409381116456187, 3.1080276685934214, 2.0381838754103008, 2.420688910394835, 2.2974679645551963, 2.399362255938605, 2.855060592090633, 2.48234686137384, 2.7475474941252864, 2.809267248404492, 3.2805789403551118, 2.6912226922150744, 2.0778240821942346, 2.0598300744810727, 2.180111771635704, 2.133758231225867, 2.147396524945833, 2.9105485064747953, 2.755101464827601, 2.411628033007283, 2.1447945907816273, 3.7246208546335895, 3.7504051518489354, 2.5641110281203603, 2.538099987070243, 2.464802941893843, 3.096475808516585, 2.838903203219712, 2.914161468119762, 2.0793204893004216, 2.6909857832852224, 2.684249583599923, 2.407851788897004, 1.9828407776725592, 2.3899496854757243, 2.212897444182298, 1.9904095384080636, 2.0411520651949915, 2.0345100823397253, 2.156172843710314, 2.1655080413771515, 2.449577542048704, 2.2675895008108906, 2.4504655444532495, 2.873900067827705, 2.7570336981776356, 2.0354612339031055, 2.412177867188, 2.424021002854096, 2.4113511528903593, 2.9180360677770683, 2.4446187746557047, 2.2516995897571928, 2.8148696884381392, 3.8207935401630273, 2.4754368920802046, 2.0857295703422882, 2.2461142977433317, 2.406546343712284, 2.1909211092405876, 2.478898780438429, 2.4021848691936243, 2.5275162001195284, 2.0922047291272428, 2.894202210275659, 2.0966656216610637, 2.091611275926291, 2.3661348510113758, 2.2416058895504523, 2.1609795085542354, 3.6931431235725203, 2.1679845215612614, 1.9975360160665114, 2.9095132145725286, 2.4125826791228517, 4.310041798082417, 2.454040564814059, 3.6173403192526123, 2.1930965477571704, 2.808234734540483, 2.7703178639996486, 2.0343551600157626, 2.0566466469498055, 2.3898975674424032, 3.3601754754807174, 2.4739875396615614, 2.389545889722569, 2.4691843859850375, 2.014754545333487, 2.068027100555937, 2.8275628183217556, 2.7895709427351445, 2.069154404300755, 2.8258068307644595, 2.367237321502832, 2.417314154540242, 2.4727192385761265, 2.015186988214999, 2.116665296771874, 3.139803656821108, 3.0578176101213614, 2.4068007599795433, 2.2453579861505197, 1.981682047374726, 2.8468865511290633, 2.4344800764994545, 2.0274304770636027, 2.060840861758683, 2.5998665095215454, 2.9970231464094477, 2.0085440570662154, 2.423137104938452, 3.5625074804672785, 2.0569389147900137, 3.4706486670696615, 3.2529629467216497, 2.0120213718828226, 3.294146414243357, 2.3666454556311387, 2.5524797614989243, 2.0549895145486112, 2.7336323594330585, 2.4174842851910125, 2.0054401846166994, 2.7427788736687404, 3.4858594975524353, 2.004317643040395, 2.8841369639363186, 2.4341148034708624, 2.400823902336781, 2.100416057063142, 2.446688100310828, 2.453632830417088, 2.8754198557964585, 2.690222730266405, 3.3623687389697534, 2.023414968026218, 1.985095604198072, 3.2637049675505736, 2.0352414598226196, 2.0858576269105527, 2.0461758318321936, 2.1752416573784688, 3.433684388282061, 2.880762946019232, 2.5429516405798505, 2.3962718465745447, 2.0368208915297115, 2.7495813370415303, 2.8693730969649396, 2.7734209439552995, 2.1079415340078564]"
1.25,9000,0.6740731662217361,0.6740731662217361,0.026566028594970703,0.32007781868694485,"[3, 2, 3, 4, 2, 2, 2, 4, 2, 3, 1, 2, 3, 1, 4, 1, 3, 1, 2, 1, 2, 3, 2, 4, 2, 4, 2, 3, 3, 2, 2, 2, 2, 2, 4, 2, 3, 2, 3, 4, 3, 3, 2, 2, 2, 2, 3, 3, 3, 2, 3, 3, 2, 3, 2, 3, 3, 2, 2, 2, 3, 2, 3, 1, 3, 2, 3, 3, 3, 3, 3, 2, 4, 2, 3, 3, 2, 2, 2, 2, 3, 3, 3, 1, 3, 2, 3, 2, 3, 2, 2, 2, 2, 1, 2, 1, 3, 2, 3, 2, 3, 3, 2, 2, 2, 2, 3, 3, 3, 4, 1, 3, 2, 2, 3, 2, 3, 5, 4, 3, 4, 3, 3, 2, 2, 1, 4, 2, 2, 4, 2, 2, 2, 5, 2, 4, 4, 4, 3, 2, 3, 3, 4, 2, 3, 3, 1, 3, 2, 3, 1, 2, 3, 1, 3, 2, 3, 4, 3, 2, 3, 2, 3, 2, 2, 2, 3, 2, 3, 2, 3, 4, 1, 2, 3, 2, 3, 3, 2, 3, 4, 2, 3, 3, 2, 2, 2, 2, 2, 2, 3, 3, 3, 3, 3, 2, 3, 2, 1, 2, 2, 3, 3, 3, 2, 3, 2, 2, 1, 3, 4, 2, 2, 5, 2, 4, 2, 3, 3, 1, 1, 1, 3, 3, 3, 2, 2, 1, 3, 2, 3, 2, 2, 3, 2, 4, 2, 3, 1, 2, 4, 3, 2, 2, 3, 2, 2, 4, 2, 3, 5, 2, 2, 3, 3, 1, 2, 3, 4, 3, 4, 3, 3, 2, 3, 3, 2, 4, 2, 3, 5, 3, 4, 2, 3, 3, 4, 2, 3, 2, 5, 3, 3, 4, 2, 4, 2, 2, 2, 3, 2, 2, 3, 2, 4, 3, 4, 2, 3, 2, 1, 3, 1, 4, 2, 4, 3, 1, 2, 2, 2, 1, 5, 2, 3, 3, 3, 2, 2, 4, 3, 3, 2, 3, 2, 4, 3, 3, 2, 3, 5, 2, 2, 2, 3, 1, 3, 3, 3, 2, 3, 3, 1, 1, 1, 3, 4, 3, 2, 2, 3, 2, 5, 2, 4, 1, 3, 2, 3, 4, 2, 3, 3, 2, 3, 4, 2, 3, 1, 1, 1, 1, 1, 2, 2, 3, 2, 2, 2, 3, 2, 2, 3, 4, 3, 3, 1, 1, 3, 2, 4, 3, 3, 2, 4, 2, 2, 3, 3, 4, 4, 2, 3, 1, 2, 2, 3, 1, 3, 3, 3, 2, 2, 3, 2, 2, 2, 2, 4, 1, 2, 2, 4, 3, 4, 3, 2, 2, 2, 4, 1, 2, 2, 2, 3, 2, 3, 1, 3, 3, 4, 3, 2, 2, 1, 3, 1, 1, 2, 1, 4, 2, 2, 2, 3, 2, 3, 3, 2, 1, 3, 2, 3, 2, 2, 2, 3, 2, 2, 1, 2, 3, 1, 3, 2, 2, 2, 4, 1, 1, 3, 2, 3, 2, 2, 3, 3, 3, 3, 3, 3, 2, 2, 2, 2, 4, 3, 2, 3, 4, 4, 1, 3, 2, 1, 2, 3, 1, 3, 2, 3, 3, 2, 4, 3, 2, 3, 2, 2, 1, 5, 4, 4, 2, 4, 2, 2, 1, 3, 4, 4, 2, 3, 2, 1, 2, 2, 2, 2, 2, 2, 3, 3, 2, 3, 4, 5, 2, 2, 2, 1, 3, 2, 2, 4, 3, 4, 1, 2, 3, 4, 2, 2, 2, 2, 3, 2, 2, 3, 3, 3, 3, 2, 3, 3, 2, 1, 3, 3, 3, 1, 2, 3, 2, 2, 3, 5, 2, 2, 4, 1, 1, 3, 2, 1, 2, 5, 3, 4, 3, 3, 3, 2, 4, 3, 1, 2, 3, 1, 1, 2, 2, 5, 2, 3, 4, 1, 2, 2, 3, 2, 4, 1, 3, 3, 2, 2, 1, 2, 3, 3, 2, 1, 2, 3, 3, 3, 3, 2, 3, 3, 3, 2, 1, 4, 2, 3, 2, 2, 3, 2, 1, 2, 5, 2, 2, 2, 3, 3, 2, 3, 2, 1, 1, 3, 3, 2, 2, 3, 2, 3, 4, 1, 3, 3, 3, 2, 2, 2, 2, 2, 5, 3, 3, 3, 3, 3, 4, 3, 4, 4, 2, 2, 2, 3, 2, 3, 1, 3, 3, 2, 3, 3, 2, 3, 2, 3, 2, 2, 3, 3, 2, 1, 3, 2, 2, 4, 3, 1, 3, 2, 2, 3, 4, 2, 4, 2, 5, 4, 2, 2, 3, 2, 2, 3, 2, 3, 2, 2, 4, 4, 3, 3, 4, 2, 3, 4, 4, 3, 5, 2, 1, 2, 5, 3, 2, 3, 2, 2, 3, 5, 3, 3, 2, 2, 2, 3, 3, 3, 3, 3, 3, 1, 3, 3, 1, 2, 3, 1, 2, 4, 3, 2, 3, 3, 2, 2, 3, 2, 2, 4, 2, 3, 2, 1, 3, 4, 2, 1, 3, 3, 2, 2, 3, 1, 2, 3, 3, 2, 2, 3, 2, 1, 2, 3, 5, 3, 3, 4, 3, 3, 2, 3, 3, 4, 3, 2, 3, 1, 3, 4, 3, 1, 1, 4, 2, 3, 4, 3, 3, 2, 2, 3, 2, 3, 2, 1, 2, 2, 2, 3, 3, 1, 3, 2, 2, 2, 3, 1, 2, 2, 3, 2, 2, 3, 2, 4, 1, 2, 2, 2, 2, 3, 2, 2, 3, 4, 1, 4, 3, 1, 3, 2, 2, 2, 2, 3, 2, 2, 2, 1, 3, 3, 4, 3, 1, 3, 4, 1, 3, 2, 4, 3, 2, 2, 3, 1, 2, 5, 2, 4, 2, 3, 1, 2, 2, 1, 2, 3, 2, 3, 3, 2, 2, 2, 3, 2, 4, 3, 3, 2, 3, 3, 3, 4, 3, 2, 2, 4, 5, 2, 3, 3, 5, 3, 1, 2, 3, 3, 1, 2, 3, 3, 3, 4, 4, 3, 4, 2, 3, 2, 1, 1, 3, 4, 2, 1, 1, 3, 3, 3, 2, 3, 3, 3, 1, 2, 3, 3, 1, 3, 3, 2, 2, 2, 4, 3, 4, 2, 3, 5, 2, 2, 4, 2, 2, 3, 2, 4, 2, 2, 4, 1, 3, 2, 3, 2, 2, 1, 4, 2, 2, 3, 2, 3, 2, 3, 4, 4, 5, 4, 2, 2, 2, 5, 2, 2, 4, 5, 3, 2, 2, 3, 2, 2, 3, 2, 3, 2, 2, 3, 3, 4, 1, 2, 3, 3, 2, 2, 3, 4, 1, 2, 1, 3, 4, 1, 4, 3, 3, 1, 2, 2, 2, 2, 5, 3, 2, 2, 3, 4, 2, 4, 2, 3, 2, 3, 3, 2, 2, 2, 2, 2, 2, 3, 2, 3, 2, 2, 3, 2, 3, 3, 2, 2, 3, 4, 2, 2, 2, 3, 2, 3, 2, 3, 2, 2, 2, 4, 1, 3, 4, 2, 2, 3, 2, 2, 3, 2, 3, 3, 2, 2, 2, 3, 3, 2, 2, 1, 3, 3, 3, 2, 2, 3, 3, 2, 3, 1, 2, 3, 2, 3, 3, 5, 3, 1, 3, 2, 3, 2, 2, 4, 2, 3, 2, 2, 4, 3, 1, 3, 2, 1, 1, 3, 3, 3, 3, 2, 2, 4, 3, 3, 4, 2, 3, 3, 2, 3, 3, 2, 3, 2, 4, 4, 2, 4, 2, 2, 2, 2, 4, 2, 2, 2, 4, 2, 4, 2, 3, 1, 3, 2, 3, 2, 3, 2, 4, 2, 2, 2, 3, 2, 3, 3, 4, 2, 3, 5, 2, 2, 3, 2, 2, 2, 4, 4, 2, 3, 3, 4, 4, 1, 1, 2, 2, 3, 2, 4, 2, 2, 3, 3, 1, 2, 2, 2, 3, 2, 3, 2, 3, 3, 2, 3, 1, 5, 4, 4, 3, 2, 3, 3, 3, 3, 3, 2, 4, 2, 3, 2, 3, 4, 2, 2, 2, 4, 1, 2, 3, 3, 2, 3, 3, 3, 2, 3, 1, 1, 2, 1, 3, 3, 2, 3, 4, 4, 2, 4, 1, 1, 1, 3, 3, 3, 3, 4, 2, 4, 4, 3, 2, 1, 3, 2, 3, 1, 3, 2, 3, 2, 3, 2, 4, 4, 3, 3, 2, 3, 4, 2, 4, 2, 2, 3, 3, 2, 2, 1, 1, 2, 2, 3, 4, 3, 3, 2, 2, 3, 3, 2, 1, 2, 3, 2, 1, 4, 3, 2, 1, 2, 3, 3, 2, 2, 3, 3, 3, 3, 3, 2, 2, 3, 2, 2, 2, 3, 1, 3, 3, 3, 2, 2, 3, 3, 3, 3, 3, 2, 3, 3, 3, 2, 3, 1, 3, 2, 4, 3, 3, 2, 2, 2, 2, 3, 3, 2, 2, 3, 2, 2, 1, 1, 4, 2, 3, 2, 3, 3, 3, 2, 3, 3, 2, 4, 5, 2, 3, 2, 3, 3, 2, 2, 4, 2, 2, 3, 5, 1, 2, 2, 2, 2, 2, 1, 3, 2, 4, 1, 2, 2, 1, 2, 4, 4, 2, 3, 3, 1, 1, 1, 4, 2, 4, 2, 4, 3, 3, 4, 2, 3, 3, 3, 2, 2, 2, 3, 3, 3, 2, 4, 2, 3, 3, 3, 2, 3, 3, 3, 3, 3, 3, 4, 3, 1, 4, 3, 3, 2, 3, 2, 1, 1, 3, 2, 3, 2, 4, 2, 2, 2, 2, 3, 2, 3, 2, 1, 2, 1, 1, 1, 4, 3, 2, 3, 3, 3, 2, 4, 3, 4, 2, 3, 3, 5, 2, 2, 2, 2, 3, 2, 4, 2, 1, 1, 2, 2, 2, 3, 2, 3, 3, 1, 3, 3, 3, 3, 1, 4, 3, 2, 1, 2, 1, 2, 3, 2, 1, 4, 2, 2, 3, 4, 4, 4, 2, 3, 4, 2, 4, 1, 2, 2, 2, 3, 3, 3, 2, 2, 4, 2, 2, 1, 4, 3, 3, 4, 2, 4, 3, 3, 1, 5, 4, 4, 3, 1, 4, 2, 2, 3, 4, 5, 1, 2, 4, 3, 2, 3, 2, 3, 2, 3, 3, 2, 2, 2, 4, 4, 3, 3, 3, 2, 1, 4, 3, 2, 2, 3, 3, 2, 2, 2, 1, 1, 3, 4, 3, 2, 3, 3, 2, 3, 3, 3, 2, 2, 3, 3, 1, 2, 2, 2, 3, 2, 4, 2, 2, 2, 2, 4, 3, 3, 3, 2, 3, 5, 3, 4, 4, 2, 2, 2, 2, 2, 3, 2, 2, 2, 3, 2, 1, 3, 2, 2, 1, 3, 2, 3, 2, 3, 3, 3, 3, 2, 2, 2, 3, 2, 1, 2, 2, 4, 3, 2, 2, 2, 2, 3, 3, 2, 2, 3, 5, 3, 4, 2, 2, 2, 3, 3, 2, 4, 1, 2, 1, 2, 2, 3, 1, 2, 3, 3, 2, 3, 1, 2, 4, 3, 3, 3, 2, 2, 2, 3, 3, 3, 2, 2, 2, 5, 1, 3, 2, 1, 4, 2, 3, 2, 3, 3, 2, 3, 3, 1, 3, 2, 3, 3, 3, 3, 3, 3, 3, 3, 2, 4, 3, 2, 1, 2, 4, 1, 2, 3, 4, 2, 3, 3, 2]","[3.1475817506484836, 2.1467894703076658, 2.5034646256322657, 2.3921950906441403, 2.0692401003697407, 2.1599959779327906, 2.087600803858221, 2.5247895256857356, 2.248885010098711, 2.4319018061785025, 2.0641350181150644, 2.185967080527713, 2.3139838035528744, 2.0918890063206925, 2.3340478143871524, 2.2091297236868703, 2.9367829526150935, 2.1884162510037375, 2.1229104152522287, 3.75340684184142, 2.086006849327351, 2.566498091865447, 2.05517311398875, 4.119396763444425, 2.6277684405147683, 2.5596007720329816, 2.413710642706851, 2.3164415489592094, 2.480468080696941, 2.1010783398720254, 2.5121773084111294, 2.0656508941888974, 2.1076826066011156, 2.151986715676437, 3.128695408982164, 2.6624927968608048, 2.425088381289294, 2.2503811215036134, 2.212113138473793, 2.1446521387630817, 2.331941819879402, 2.849152681786821, 2.0740537681689766, 3.0467177863681028, 2.2663276023424808, 2.834830238226084, 2.3722453087915576, 3.0797856869265265, 3.0767208144098372, 2.3631349937212485, 1.6432085729691184, 2.328215171174431, 2.700087961495164, 2.4051838416945746, 2.0868574607163266, 3.21363339108486, 3.4577118097010535, 2.3140274872646787, 2.0836690256571386, 2.5668003955841505, 2.931946954951801, 2.030769129203593, 2.4667692130515544, 2.096620029811418, 3.1150849863201326, 2.069012621723266, 2.542255256479444, 2.0632557458126475, 3.429182890748038, 2.502293541682579, 3.0095442122350056, 2.3658212940073744, 2.8906975979165557, 2.3708770434699957, 2.429098710875515, 2.4643373761544214, 2.1288836256692236, 2.2287837987224126, 2.4067061984507636, 2.162688837206158, 2.1730032796829994, 2.120812499911353, 2.427011244010836, 2.0204085404730545, 3.446311931900519, 2.0871833739514494, 2.9421677671147926, 2.49213435716979, 2.7856894052663517, 2.398688726139695, 2.1162992141989867, 2.167645587587562, 2.1833018003236235, 2.2430809576496653, 2.167645143625874, 2.764424653787569, 2.4913295583670494, 2.025176581759662, 2.638663668939259, 2.809800567651526, 2.2210501443663024, 2.8138636537528874, 2.100011890038973, 2.173653502439619, 2.3609243743494135, 2.7863801206475234, 2.722495429346022, 2.1249074842007234, 2.1463575684778244, 3.012939959433641, 3.44480294294076, 2.8163662185504794, 2.147549455827524, 2.348083147174714, 2.394941384553892, 2.8904375014559065, 2.6590540163181946, 2.9991518695923864, 3.445031880705314, 2.5809783475587182, 2.9925188187690077, 2.71634087609001, 2.5512562158044676, 2.4781330321734374, 2.6156985645340405, 2.328672789552864, 2.484200100596429, 2.118261644341028, 2.8599671984277424, 4.232370201387782, 2.438255272140372, 2.3900984689736, 2.3997607234320686, 2.6393969639089905, 2.2197732812242084, 2.537052586056525, 3.0226958813559888, 2.4419264076170997, 3.3774020287286834, 2.364767350033676, 2.1267756075343036, 2.4437429121619254, 3.2960417901029926, 2.2172773984264875, 2.490700688917, 3.277124068824538, 2.1832432287795274, 2.6164294027582655, 2.395264044404207, 2.5306794913986077, 2.097741592311755, 2.4257157424641766, 2.6656884780808396, 2.289577024612847, 3.5415342400107286, 2.532990966598666, 2.374110046728956, 2.9670599291753352, 2.5951105165867334, 2.2956272275457184, 2.582926172776826, 2.0852805954042637, 2.0202254743154535, 2.403295830613621, 2.4369183344439524, 2.3878309449760424, 2.0387082219090007, 3.050124336865461, 2.0628013309242976, 2.3336186563518226, 2.486628487386305, 2.1004769144325084, 3.4679594578267574, 2.504021168903336, 2.4378538656029134, 2.1622727360873224, 2.586898399673678, 2.9728015042616707, 2.0778344689088706, 2.58848176306669, 2.68755155853823, 2.357606934100479, 2.3947024661432668, 2.3902842567602507, 3.017025432147383, 2.073767238323258, 2.13112068786197, 2.4423651202138896, 2.1358470903893645, 2.262652410542158, 2.5280892174186875, 2.5588028228837425, 2.3927335121511897, 2.597948039150394, 2.6317272175004924, 2.3345274587459275, 2.3759570307684195, 2.849758058857291, 2.0721044009197134, 2.352571244308774, 2.645854530270114, 2.937632440112362, 2.411077561990797, 2.6886362319985477, 2.054757038132505, 2.4895623857591627, 2.26297836331863, 2.1990822440267985, 2.2195624941771532, 2.789470543782066, 2.3228213878834576, 2.0465675849023697, 2.270615257610778, 2.8783293572888153, 2.081646990262543, 2.1762576070364057, 2.3270307415937768, 2.5148322242172942, 2.2489133610234595, 2.1943428377331453, 2.3153609079298985, 2.5324499309192996, 2.216049529868518, 2.129799153179677, 2.706826704891338, 2.779183476562284, 2.4376443723582844, 2.6254627860230375, 2.1040248407688207, 2.412805629974469, 2.3396863271320476, 3.860664424655873, 2.101970093957915, 2.090875025775324, 2.1293112732201034, 3.330727793991331, 2.256966082383474, 2.6816333180146845, 2.015410097270204, 2.214771352964423, 2.9447033540681486, 2.4663657862297654, 2.3668465836355344, 2.127372416901023, 3.5591553150284954, 2.5901164163327857, 2.1888240689650273, 3.933562858250328, 2.2787842398939175, 3.2356962656021366, 4.18456693836565, 2.365460749634527, 2.428539911561368, 2.0858796717895016, 2.9372000147878707, 2.826651957487376, 2.566700081916263, 2.9524892131743092, 2.4231525363329145, 2.261683354788343, 2.7893020042815904, 2.996270268848691, 2.3353101846039586, 2.0730567359756034, 2.78471197458094, 2.5613818982849756, 3.245321046604568, 2.261244523789066, 1.7955145281348746, 2.7898440843182573, 2.994592269126508, 2.3294882496659346, 2.6356846504694476, 1.8993437779141786, 3.8269627810628766, 2.791717264807169, 3.0595621944341866, 2.3297157119052576, 2.4541297873569454, 2.1017606552030768, 3.280382838840754, 2.380327973429759, 2.7942358605604687, 3.4769768857677397, 2.274944276242228, 3.492310003819237, 2.1234318600212734, 2.7750141389725256, 2.1123346444251214, 3.3891416812387307, 2.31079331175335, 2.113261393352992, 2.8945885359351955, 3.139010208463268, 2.420630127628897, 2.4251463711829087, 3.2669979376319955, 2.6288668557779458, 2.444120493601767, 2.3334637334210795, 2.8548479383727132, 2.1308072564103204, 2.37475000308225, 3.817138488379421, 2.10522045827932, 2.5681161056839357, 2.3159482555133097, 1.7471375152515298, 2.652150910127721, 2.3559482601705795, 2.5965536626721, 2.7233154804872743, 4.182558465540972, 2.1369402630968723, 2.0760660638309627, 3.3457207321821314, 2.3742409879960675, 2.0944468126223215, 2.097184363056889, 3.1918391239482933, 2.2502404345276097, 1.8374363663888027, 2.1616386484529517, 2.4959105517998132, 2.257638165507871, 2.192363284717953, 2.5129359196254195, 2.9085636734391813, 2.528773083095156, 2.2131783352829193, 3.061328571935391, 2.15507833096474, 2.026255579004795, 2.040942937926623, 3.3759437178730827, 2.2603176161517107, 2.942835877125813, 2.4519245417786864, 2.611644061380339, 2.0433445110367283, 2.308889702651733, 2.70251631484867, 2.211105575636372, 3.067928775545613, 3.077899570043611, 4.133862457031377, 2.79837740667777, 2.8157750222716897, 2.5999978446558996, 2.2459882770227284, 2.143133711022119, 2.7341327357567766, 3.6145203392434757, 2.152170538663574, 2.515850956177013, 2.1023575224287163, 2.4005512527924977, 3.0328965435477997, 2.177084606029807, 3.529330051569925, 2.0267173885861363, 2.331572770928613, 2.12421406819272, 2.691017725478162, 2.3724120760474596, 2.9789423058131566, 2.0642848323310417, 2.638712773420498, 2.16922618593958, 2.0446495508420504, 2.634315798474779, 2.2381978065821424, 2.0967555314174042, 2.6830969265378113, 2.0752202451108874, 2.5529805235184377, 2.148639580805604, 2.3422238458098277, 2.112298125570693, 2.78279769903275, 2.8235384459433295, 2.1130604051650645, 3.216810893548285, 1.7535906137141164, 2.7831878848260594, 4.065179967870295, 2.021662266279655, 2.238097942634252, 2.2519956350744117, 2.820130879513908, 2.314206400600873, 2.4671168092183127, 2.081306748010277, 2.591926291343493, 3.392704711622279, 2.0611699011078604, 2.305376418001029, 2.1735011826033475, 2.558787107001769, 2.086702112569025, 2.9755629244387176, 2.121017344758855, 2.5123534566517307, 2.1682290301265867, 2.3273608154233907, 2.1358801860638357, 2.7036008901103403, 2.276616599196835, 2.646209093497835, 2.5838615903706796, 2.094234841191194, 3.483898678914363, 2.1849467234665303, 2.3450960592805523, 2.276439425457682, 2.323829808343964, 2.1499972886601735, 2.103200292283857, 3.976718596230583, 2.1485882311134237, 2.10176761169269, 2.4368392935020005, 2.661138238189821, 2.583321710969766, 2.8759032568549667, 2.707102443753331, 2.1421517779079555, 2.224315058054867, 2.1844898311805205, 2.7366433171351656, 2.2271874905421973, 2.2871696922021725, 2.506844092002509, 2.2254767486631954, 2.5822612139339074, 2.0593374058261773, 2.5901959115898014, 2.324890815887652, 2.7980806176040836, 2.1199258985445524, 2.8921288752357404, 2.1341990317229604, 2.558646981553297, 2.4944698047297282, 2.2996844588339553, 2.1157389343355386, 2.6783335669526105, 2.0553228625761193, 2.284233231812207, 2.519240679499663, 2.540931149014185, 2.1997331008333747, 2.583162659666457, 1.783977961771809, 3.1301105488049963, 2.538369673289831, 2.253108358158006, 2.688092194341121, 2.1576153207659168, 2.061681687044549, 2.6185504566490794, 2.2004468237515336, 2.377820946491939, 2.1831808690836194, 2.1309334282955743, 2.235750040051369, 2.851892038792129, 2.2274820151810526, 2.910914876422442, 2.6661892163089633, 2.3524866291469726, 2.6383224673766983, 2.0622849732457342, 3.559254434386493, 2.3317317144270753, 2.0247873331111848, 2.1490847151946775, 2.6745023200701747, 2.119053527751983, 2.0804459517914973, 2.674835731658334, 2.3461556240109096, 2.4579494603388596, 2.345947561472059, 2.068847584808459, 2.4340191212198503, 2.6506677511660905, 2.767095439703745, 2.3533889599237443, 2.367426413875069, 2.294856831581101, 3.4620222894881985, 2.1693884491247264, 2.376485310613344, 2.152800126075079, 3.0275822259877776, 2.551548585606743, 2.0465278082860414, 2.177102191310913, 2.7624188004020973, 2.738181402464682, 2.204443164917721, 2.753701414919609, 2.3013369143586475, 2.0927516198379936, 2.7264365209927757, 2.5964211343310994, 2.41002964652786, 2.380650934877013, 2.6354074259731135, 2.6075227047394414, 2.7190339055348827, 2.356795903364534, 3.620872969696519, 2.4248612422711946, 2.7218632185225875, 2.327453718959869, 2.105238950770109, 2.4416607657211675, 2.728476171603626, 3.319583471841698, 2.6259990523980394, 2.5109069344682555, 2.0791867113398794, 2.73397047257163, 2.248188582058135, 2.319099497597562, 2.1856841436951777, 2.3277741011428232, 2.288181619576949, 2.879448288475443, 2.043071331479461, 3.4720901009709504, 2.1710194349794754, 2.515483606725852, 2.1531093969322384, 2.1900488948439296, 2.6612057609581936, 2.120218510616596, 2.0759247888518373, 2.522713349493412, 2.8455360398551077, 2.0923249422462504, 2.091123424120057, 2.5824054478762597, 2.470138984895983, 3.8126428265719756, 2.1154172009812133, 2.2841987589530133, 2.195633862397134, 3.2461246407681945, 2.1045316332994983, 2.36395600129364, 2.5403774414992033, 2.2733743782007116, 2.606088798556699, 2.3948653173707624, 2.0302733100110526, 2.286700630292589, 2.824518959378359, 2.3700554656316495, 2.3347777521287387, 2.4053400970515595, 2.293744565987192, 2.223996301039656, 2.314236880719859, 2.6556932725975595, 2.3185805249612392, 2.1739484442796346, 2.6889196053185502, 2.2247635769191927, 2.826188738875743, 2.4986955915477918, 1.9744379003668868, 2.6969208110251994, 1.9278738644677578, 2.4115990180307505, 2.9811446307053355, 2.088677471335382, 2.1422225408286053, 2.9483351061666867, 2.22272038539577, 2.830417790646435, 2.0530807789215, 2.813767983213792, 2.169669982685279, 3.075936197399695, 2.0684343319033305, 2.510046823264536, 3.4447154067925707, 2.2625236220344354, 2.0755877642909195, 2.2429713663616564, 2.5914145054068043, 2.164445643583193, 2.3676281998543254, 3.6527587073676524, 2.6458597783895854, 2.7234108509393424, 2.230840972160382, 2.6366720982286287, 2.435271439906579, 2.2941869430537567, 3.5795122976271223, 3.473189047989886, 2.923663194862003, 2.3751919497151244, 2.1420015082136707, 2.1674107634695514, 2.158357293450133, 2.6452992948082272, 2.182570632151131, 4.031379272138709, 2.5366215159955603, 2.897035757905239, 3.974472724556243, 2.8661824285953132, 2.3408067194495783, 2.1184432879403396, 3.0736403021179917, 2.717846071322942, 2.8619686260119774, 2.796079909168013, 2.343218195078856, 2.2515535836806664, 2.04964366750315, 2.167888642089239, 2.2019562287492103, 2.60978475529804, 2.4411845640500265, 2.8981182161024246, 2.436630913795703, 2.482945007211305, 2.1365001705914852, 2.7862239260286135, 2.247745483984188, 2.8122854247101903, 2.645781075655564, 2.2281286564133724, 2.59251036459108, 3.7902215197749136, 2.6282899103284287, 2.3225814766749657, 2.0723827196680724, 2.914607010625339, 2.0735893084775943, 2.8863917256671487, 2.3141485817395595, 2.626314571595555, 3.3626488534711547, 2.541075374564783, 2.479152079401399, 2.0275647794046083, 3.3001574346421845, 2.07263098487985, 2.2162474536243986, 2.3418840639264014, 2.5930056669217065, 3.1347938495942715, 2.2214144815484445, 2.508424262196397, 2.296547450417667, 2.162474944352781, 2.1953381097789686, 2.200289587331275, 1.7205208054282122, 2.4040586667626567, 2.52929470909703, 2.43641628937538, 2.342792427575951, 2.9344003429637033, 2.6337087763544846, 2.0632696472752543, 2.1947347907634795, 2.436854538661758, 2.771431878124005, 2.2455109972078517, 2.398355092951242, 2.218099211754404, 2.0702649606650363, 2.280556851908618, 2.75869670917532, 2.4393159057826703, 2.433616933298215, 2.58425416182926, 2.362502616172931, 2.61868305810752, 2.3186578701227583, 2.748469000276979, 2.748658001159912, 3.4987778835749164, 2.2019312651822647, 2.07557887636067, 2.2400467497764285, 2.114683549485979, 2.309180387955699, 2.8185720665788354, 2.468810694488923, 2.5204513960893724, 2.4583249327281695, 2.306977864250755, 2.2943318957942083, 2.714157705198663, 2.955339677890283, 2.4406594164993796, 2.1150940614757507, 2.898382975894261, 2.4017578416020195, 2.0101512881880783, 2.6645342454838694, 2.0390979309263177, 2.4338022713648684, 2.557204710637537, 2.090961193749215, 2.704971572931527, 2.089937155748688, 2.3938350060476794, 2.031393893914789, 2.037283928135424, 2.089209567061381, 2.374307581930472, 1.8038810261664517, 2.6180991880139595, 2.6663847613708827, 2.061054824141249, 2.8351800350285954, 2.744531063867588, 2.23029387777818, 2.9189893591627487, 2.971997768856827, 2.433651168431506, 2.243197271941, 2.987548357968074, 3.267584236804217, 3.515797727024196, 2.2671305237818933, 2.3981832191517802, 2.338652937654413, 2.151789098734628, 2.690514729001075, 3.2846485203429383, 3.5254331695188057, 2.9245908149297417, 2.422294086289259, 2.1899182420221157, 2.7097825952157883, 2.4552852457897556, 3.2312589828647362, 3.0011554510176044, 2.632905970375988, 2.323628729350721, 2.0528385408241907, 2.1949788953807663, 3.5247053572861047, 2.0745050832272875, 2.0988274910667357, 2.4941851294598103, 2.687891872177414, 2.1701831554867983, 2.1813759876110144, 4.050782874845386, 3.060895990421241, 2.893548828343794, 2.115798089868095, 2.4028291284071592, 2.7425367329552945, 2.2249945308496315, 3.6483962442396383, 2.513719019439438, 2.466978486735005, 2.4404555637764758, 2.4068725990962045, 2.3570286278733916, 2.1484440328645302, 2.2393167495808557, 2.717476466010552, 2.1037952080746036, 2.20554993515292, 2.1719458278718187, 2.1049953393359666, 2.5929817617188187, 2.355364373669867, 3.727756892460252, 2.274270193632821, 2.226131009234727, 2.147571645664809, 2.0569971644618317, 2.141774550674111, 2.0997580609607223, 2.2477878621346337, 3.4286144349395125, 2.3820379613583795, 2.486342770148267, 2.0542603417616903, 2.1410034538284584, 3.2594734507282626, 2.802020524439207, 2.6309748739128653, 2.023587234664126, 2.3000450572178335, 3.577847771746732, 2.2035760704638605, 2.2490451698780163, 3.1502694782824734, 2.4750798256413984, 2.1458531146514463, 2.744792559432711, 2.6439078324171987, 2.3090306065540256, 2.018797927157069, 2.4264444795432336, 1.9308070671767124, 2.219784373263696, 2.5559912039110153, 2.742908404224445, 2.620971202723121, 2.9572448361001653, 2.807947031223171, 2.879587854840162, 2.3788815062260493, 2.513496701360678, 2.112398626280922, 2.6822598141015233, 2.8664808749811743, 3.9972678955509378, 3.485732294597747, 2.3717626798306095, 2.3902717778559324, 2.052300884110873, 3.2270237522543375, 2.6612974891478864, 2.348149919229744, 2.149324642810321, 2.0618134392034286, 3.827349278147154, 2.0666078309218117, 2.530971860826478, 2.7154724530577976, 2.717914277144753, 2.5731425776746164, 2.347952488361541, 2.591006767146693, 2.742880656146905, 2.2068185604371267, 2.2568622141821533, 2.166201466558977, 2.593895639402534, 2.2907551624639066, 2.265672284854387, 2.5059471024076125, 2.333941111383402, 2.0437037418420827, 2.2027883476473966, 2.996254791814202, 2.3304339062466406, 2.4603742116141603, 2.1375473702641727, 2.58987647230999, 1.9221807814601788, 2.763428901246558, 2.211928688330516, 2.72401138729224, 2.3147999642481167, 2.305527882728229, 2.466774620484104, 2.45393032606062, 2.4868600870859225, 3.919396772972381, 2.311712803135846, 2.0426381499972575, 2.267162518104524, 2.0555974782196733, 2.309790608481036, 2.4111504738229455, 2.096781865442028, 3.016837668371199, 3.963606622203609, 2.5631308235988017, 2.4413473342695173, 2.434246537116872, 2.0828147005145152, 2.33127199092689, 2.760393054133009, 2.0212882731443114, 2.6033692966512323, 2.3577362694052653, 2.6031732770704092, 2.139513944593553, 2.653859377156099, 2.4989826725676663, 2.326112637076111, 2.8219066702502325, 2.947848091293205, 2.791163010096567, 2.6622015388392875, 2.6321675612597804, 2.6549668786477003, 3.978330352724582, 2.1639852073386847, 2.362180863532299, 2.1992786174372623, 3.479779557235386, 2.303358330071324, 2.0216863033506107, 2.453404292225015, 2.3057795966302144, 2.129793126065209, 2.137092527821287, 3.0322596304844245, 2.1188857007003636, 3.464228555464892, 2.2569902050426127, 2.5789472705123324, 2.1883823301587393, 2.1951556736566626, 2.0589689630293098, 2.1725796086921183, 2.0663955885021634, 2.1430240994790686, 2.51985361780616, 2.230509648318088, 3.525081506597584, 2.0648062606929343, 2.0594279988809907, 3.030683400110849, 3.169488516392235, 2.7606972591476153, 2.64718270550051, 2.175948833081586, 2.7878339777034484, 2.074288288352071, 2.352049750318273, 2.1728653520686185, 2.1940048530218936, 2.749511043394662, 2.0775025449664315, 2.343619442976504, 3.6029611491266857, 2.112976302472715, 2.915712808317713, 2.5544571124583646, 2.286969682069669, 2.512670843209264, 4.072372288421633, 1.9377857710028343, 2.202657702299804, 2.1004921892319484, 2.5983696653451154, 2.5701295407535385, 3.160553366860835, 2.3849323646663896, 2.1491922910958694, 2.5928642202370122, 2.6105990066044886, 2.6484288670646796, 3.9254136015072523, 2.276409679898415, 2.1919777034808225, 2.197067530222366, 2.2247271431117706, 2.1322555679685458, 2.281253075133854, 2.2225886660511947, 2.4336247011071546, 3.4911299126967736, 2.385824102345127, 2.1055394700045955, 2.121577654557452, 2.794005103433368, 2.2905430659961112, 3.1161451761825907, 2.6832305702612844, 3.3818525570247964, 2.5621225005115136, 2.5552962780918302, 2.0992837860030598, 3.1316841422328316, 2.958873666694173, 2.832864688967697, 2.2891362173100966, 3.471620071113609, 2.59398694329125, 2.3731236874122885, 2.8454364186765013, 2.163172024892976, 2.039125221382081, 2.6532368117618566, 3.3773091087338507, 2.2092303183770365, 2.0228161378184732, 2.281607892906818, 3.150185148310459, 2.143860428193202, 3.0451462592451417, 2.85927748264539, 2.4458260024233587, 2.666918249720021, 2.608443867879642, 2.078258898768402, 2.7097025549704843, 2.0945548673386205, 3.6476045372845984, 2.4532331770126623, 2.4631298936632136, 2.58625814196771, 2.1622978860233415, 2.9321970915243325, 2.3414041922879623, 2.6341383125908036, 3.2333354400396277, 2.0930664217473223, 2.3371354387474184, 2.946205394930049, 2.983684013023938, 2.64598633165045, 2.3140796689317344, 2.9212380827048627, 2.9808492716017425, 3.303111419060589, 3.732316493251285, 3.8470673634941814, 2.2470194878204874, 2.470468200869461, 2.261945005818655, 3.5553742993967155, 2.4251346787478085, 2.14922592816813, 2.9219966408256552, 3.180107209673316, 2.52706012734787, 2.1666341683860337, 2.2327091966526535, 2.4481679519121364, 2.204012636424713, 2.11189175776826, 3.1673081222233224, 2.3911663780271355, 2.144221437724464, 3.4086461432714557, 2.810298559504847, 2.504465218024518, 3.4194451944954665, 3.1076353521540296, 2.381644121681721, 2.0955101267997853, 2.3431376497062306, 2.8067047572882733, 2.562217251281663, 2.1705051821271972, 2.2178944240301375, 2.8719498032476727, 2.40241939253323, 2.1036870326178394, 2.1779759161540087, 2.2053330681551007, 1.847118102583504, 2.347042998551981, 2.7865259908998317, 2.9645445897996163, 2.9058051448531055, 2.218394441122184, 2.417715236554258, 2.082845211540782, 2.127080270956129, 2.245100357302257, 3.30065193168097, 4.016361050774579, 2.0607191536308576, 2.098020352142647, 2.433944367371164, 2.5352088683147818, 2.5802196996822344, 3.765734234761295, 2.3407661964345827, 2.199136716142037, 2.3294369520743654, 3.2140850457715464, 2.557396350359602, 2.0194626986587827, 2.056311730014435, 1.6968608750159642, 2.285850482151609, 2.420296063788779, 2.4303047708084344, 2.4756098131719817, 2.420433346999828, 2.510396553713969, 2.7079759441959164, 2.1045801735685594, 2.9631538032223004, 2.1384391407572143, 2.9376081207307743, 2.596514330609079, 2.1638936906670363, 2.1160698661533797, 2.1387858704927893, 2.2135280069975605, 2.9095310750554435, 3.33037654841118, 2.4286248335372402, 2.1604242316375917, 2.646169378521744, 3.1307594239149314, 2.6675904651361826, 2.4884290320542144, 2.4308306890398175, 2.211829998732941, 2.230748939171393, 3.3654500610062366, 2.3283694937095625, 2.1460104798275674, 2.533947223401561, 2.560175365423954, 2.1032269659368557, 2.3947057843200388, 2.1302316910985892, 3.0026683579276816, 2.6488385753380412, 3.2341571815530687, 2.412689126601679, 2.401133768835532, 2.532888760346248, 2.825432828066726, 3.442517094219663, 2.4813581753537544, 2.041633119836125, 2.1537390335651994, 2.52856782710027, 2.8115087804052163, 2.6167539619428624, 2.1811490957000625, 2.1439282059705023, 2.028251277495612, 2.6115420910962515, 2.2451892445672197, 2.1616011838162263, 2.1521677321196093, 2.375317658352383, 2.113980376202708, 2.40831097752684, 3.029684965394809, 2.0694674969804554, 2.453416259577415, 2.0414676360804753, 3.122004439150899, 2.1176503765792365, 2.6927764101097673, 2.318373684757008, 2.0542327868194956, 2.652224449657186, 2.3115764107273287, 2.475890491029132, 2.7688353903636314, 2.0945739438178697, 3.021022511233156, 2.631965078994555, 2.7046163870028233, 2.5022623673791555, 2.6080158313980415, 2.369963808933229, 2.7521335411203474, 2.1419774161629497, 2.8418159375419902, 2.11665289754502, 2.8079000829331435, 2.340622000523667, 2.6673773183860057, 2.223989067375654, 2.252077155736925, 2.1378219859077263, 2.5608544978395824, 2.338169782991483, 2.136195634544306, 2.9850842659810737, 2.211243678130943, 2.1132106826290373, 2.070522917523474, 2.583873250776917, 2.116862314134397, 2.768614818363247, 1.7519859782911433, 2.717241154518908, 2.2599942873980203, 3.231228529633528, 2.5592952206877797, 1.7288215146588433, 2.7068710816867534, 2.7241819970064514, 2.0886118447266693, 2.171643472052504, 2.070468862609396, 2.35015253563756, 2.3379897310757376, 2.400657607776119, 2.2682439598043187, 2.805336074286791, 2.5449535742811107, 3.4055517121589025, 2.117962097944833, 2.5603679384429623, 3.5216212624388072, 4.29534523059104, 2.1476770473919125, 2.3780785114892993, 2.354702738660386, 2.612334314135582, 2.5128929663570285, 2.6497576610233353, 3.1794121429098263, 2.078572330220052, 2.3312246111605277, 3.172820182733953, 2.0490069305987784, 2.3006925928397877, 3.7689177029804917, 3.5149846262563638, 2.7471940918140736, 2.777323062699963, 2.514481759531345, 2.083681863476139, 2.4979383633504426, 2.095469907719706, 2.613005792681783, 2.1181173775843716, 2.3175722578224516, 2.4198844475436725, 2.8737771129945173, 2.29329038277097, 2.114399209381461, 2.0619992790906903, 3.7989345970995014, 3.1679226206632833, 2.678728856243553, 2.5333063161297273, 2.4302607204088638, 2.3581667814911214, 2.4196624506470212, 2.027955858879604, 2.333010530104888, 2.206624234289495, 2.067627143757786, 3.6554491186616715, 2.3216920859070376, 2.0599466699203743, 2.076887273044073, 2.3655698651152783, 2.321437959694823, 2.42585572868784, 2.52721781561652, 2.338089552529216, 2.9426521125124823, 2.3623527826706465, 2.074494898397483, 2.1280547543975357, 2.088222135709352, 2.364889377731591, 3.7570003570864823, 2.5013311066620427, 3.213085464625378, 2.4577036204622082, 2.113020698554437, 2.0637703054789966, 2.1030042810947878, 2.184003279927994, 2.115257711525728, 2.114583695218197, 2.143230742338785, 3.489809446988839, 2.752400343205039, 2.792048270645372, 2.2320627672615814, 2.4038441382838927, 2.9875735270255785, 2.061460657308769, 2.823884219247765, 2.127915610424819, 2.2325461298554523, 2.270973956232816, 4.0446599061609145, 2.8215260655332, 2.693119315704605, 2.044865901755579, 2.3893483978362022, 2.12213515493293, 2.6000789434597698, 2.6568542156081465, 2.1492529312282196, 3.3951850306852873, 2.9446791003151693, 2.0600613492675994, 2.068949749557907, 2.3243089065512077, 3.1437023758573712, 2.3222296679267247, 2.3543117596708134, 2.9320602062281376, 3.4635069346160843, 2.075982871227451, 2.8509040396408185, 2.1139360293424416, 2.0848603232600684, 2.2248020627790215, 2.6977596842277074, 2.263985423612417, 2.5317444271323706, 2.663964244038612, 2.656966807559571, 2.6955633094992777, 1.8027545029423169, 3.6260866549624957, 2.7464468313915447, 2.395669504996957, 2.1150247182342357, 2.3982906795262435, 2.1255579373341362, 2.2455722607413153, 2.796721105929233, 2.1613746808871976, 2.2760786653715455, 2.3228560708887427, 2.6118707173229603, 2.357499665853398, 2.186047485873567, 2.9044744677878884, 3.4030115094198257, 2.0956502865758697, 2.9895501735654966, 2.3808452740114645, 3.5552240020370296, 2.6737332462827785, 2.3140263267619794, 2.325740957301588, 2.1397039450753055, 2.1020172965836017, 3.5425448349558675, 2.961679272997962, 2.3062532426741633, 2.2870739985288813, 2.6799340417810926, 2.0422257878946604, 2.186381736704824, 2.0361790408273546, 3.1667139920651497, 2.994178714675643, 2.4394249341260994, 2.6883282733125884, 2.317326212287024, 2.307609750032976, 2.4219709467837967, 2.6100095890516064, 2.5538831925031396, 2.1715401557332883, 2.1557999147030404, 2.9377262019325348, 2.082429462920422, 1.8712914633898858, 3.1764423977639336, 2.4869488859764113, 1.851126125535949, 2.1241571739203735, 2.0614666737743947, 2.131350874609498, 2.156038795082229, 2.5214540762274904, 1.6101720002176854, 2.810316690279292, 2.9935148449334297, 3.077042215672425, 2.538698804216303, 2.692646028408566, 2.8631397511145686, 2.725072977855653, 2.4621866556166814, 2.127484295462592, 2.5535225681059104, 3.3615291488533314, 3.825478835694444, 2.400208217524264, 2.467991380595433, 2.620652406166561, 2.6556444583287315, 2.1011477130486904, 2.087740877206082, 2.5853802729372757, 2.110605854017019, 3.1083914010523483, 2.7727084138261655, 2.257074144702689, 2.1337792884553686, 2.0767786343393135, 3.124053824770598, 2.912527193394349, 2.120642874847519, 3.6241120851169537, 2.6611128827617976, 2.3085646199710412, 2.1826037440659825, 3.3074538732882828, 3.4857554877681225, 3.345242180912138, 3.037892431460586, 2.1508480668364482, 2.082164310130556, 2.66451902278504, 2.7659551793888317, 2.5530596240352215, 2.3345967591186265, 2.0391284583597367, 2.575204845677288, 2.3683191108641006, 2.0990174751413364, 2.075285444165064, 2.4644843645401275, 2.2908681919219758, 2.186893933788897, 3.3326229675936334, 2.4091454890745436, 3.830533936752998, 2.5384140626445086, 3.812990099528725, 2.7472843913497624, 3.532285184395156, 2.628220218331099, 2.6511349875287045, 2.9078556386803838, 3.0427582429466438, 2.022586841873477, 2.401925666319058, 2.8041389411555984, 3.691811768678913, 2.541255249740361, 2.711176216557752, 2.4704195620253966, 2.960559840041928, 2.531354910978121, 2.465007692236302, 2.5033032284507444, 3.836237574337199, 4.166795652430053, 2.797907797014362, 2.1634845655420945, 2.6543751261097137, 2.5088780090804317, 2.6005401088045508, 2.2158110248111633, 2.4678517215695774, 2.3502112443292735, 3.538684367480461, 2.6736348525003666, 2.114420012353916, 2.1653804425794334, 2.3845302298141, 2.7320202778138625, 3.3013251555279224, 2.850700203920842, 2.4311543101620483, 2.838075995244246, 2.5189212036088597, 3.2289277200263715, 2.561264047588703, 2.0804778824968984, 3.121438356768001, 2.3056041075200167, 2.079770379792722, 2.151113679155115, 3.7079635576020618, 2.276718986449033, 2.6206593404907124, 3.1624411643583388, 2.2114037351677363, 2.379024981132979, 2.0841503005675603, 2.5148756751899874, 2.3427771884699693, 3.3448960214537324, 2.379390485618773, 2.278643781992428, 2.63727722878433, 2.825095935436293, 2.1186041835469624, 2.027020929629563, 2.292524931660779, 2.0476244087173705, 2.6194222406549237, 3.118332618004316, 2.209729221736244, 2.6444852314346026, 2.1292298921568036, 2.3604999341365063, 2.267721950255628, 3.993477739622689, 2.5466020797883573, 3.706726608208837, 2.761785964446561, 2.446919016735321, 3.437096820765608, 3.0675818632874092, 2.371987384747424, 2.2465459056128925, 3.384298334256013, 3.482983550669533, 2.0499612759564436, 2.023494314720495, 2.4902565421895493, 2.8857334777185586, 2.697487537837721, 2.4659424931941634, 2.250446610964709, 2.06888782029569, 2.0884675615628607, 2.096491498223042, 2.5479806465638823, 2.2106370153528885, 2.220501842749807, 2.6144179276474, 2.3956584264854666, 2.2046562369742677, 2.2892264127455233, 2.2073136875886994, 2.0616622709369246, 2.13223572718554, 3.1822546430944114, 2.5871055163790295, 2.6124269436722938, 2.6345442007380897, 2.9593204788947274, 2.43215658103905, 2.3619506439704674, 2.37855415690464, 2.579610882480082, 2.5479506779456123, 2.0970347352099847, 3.021200843948069, 2.033689158088107, 2.97335028063012, 2.8037358846480953, 3.19495848645902, 2.4965355857212015, 2.5318391428126548, 2.69337855894245, 2.2455133333284634, 2.6425882938658622, 2.0500777561950376, 2.1543654332205042, 2.1466063877429127, 2.0718344612192565, 2.8839273246089885, 2.7366232485313184, 2.2860412117848363, 3.041713827602702, 2.409102875979101, 2.1809022009459635, 2.170427243696933, 2.7467021843778876, 2.150141506195374, 2.240512177843127, 2.6963556825594273, 2.0704873029995743, 3.2355924039479635, 3.7946356012641242, 2.4831578111584847, 2.079448828792808, 2.1629237539228887, 2.627117816683749, 2.1031600732037776, 2.585140296100176, 2.3497272449106474, 2.113151337848253, 3.306675307483566, 2.3365276410524585, 2.1535698360559015, 2.3553532951583764, 2.754591277440905, 2.3169523456504546, 2.7052434280779507, 2.2532813320694465, 2.211686472398668, 3.708549531101464, 2.2015290907886267, 2.676474109510214, 2.34459401421198, 2.1334977413668184, 2.329435548802383, 2.603835570385625, 2.4212932031946206, 2.6841937008959666, 2.3537042964679853, 2.687454052407194, 2.749049420263283, 2.5878148649510306, 2.5382531863241926, 2.430909756742297, 3.1956737642423088, 3.21028934870049, 2.0639547420942757, 2.593155037175996, 2.3541078741336054, 2.175631406982704, 2.6692286460199037, 2.5928485072341934, 2.831094078811816, 2.5344989847315125, 4.157492102779489, 3.189896010603188, 3.502314110877779, 2.7047706471975865, 2.0354282865853164, 2.6421044477689546, 2.7577968103563633, 2.3569204360094753, 2.1325186476109232, 2.6517480541393543, 3.8129146520787165, 2.4059990326486544, 2.0577702321607747, 2.2164911993270033, 2.448120798507906, 2.2521836211076356, 2.083008910812215, 1.8784251728557795, 2.3690664486532267, 2.4597544507398443, 2.4316233859759855, 2.341148992752033, 2.3258518736737086, 2.7729236235233015, 2.717020177801272, 2.5541429093423553, 3.521294353963485, 3.03382704522949, 2.835367469722843, 2.3654413335269027, 2.312061866191816, 2.811220312520512, 2.395846558241355, 2.397257432413358, 2.0776491057976014, 2.1573352232916503, 2.563790882495225, 2.844523124451284, 1.9141681421993983, 2.591922130749002, 2.2489108033025547, 2.2223556727597025, 2.018150724529309, 1.961764745954662, 2.210995637257258, 2.4630565151627386, 2.1283566334408577, 2.7692532471516706, 2.1145739707572324, 2.408055578389307, 2.4220262105044967, 2.3793252537502925, 2.630916589896534, 2.699305588498039, 2.6527243182170883, 2.6929330930212885, 3.5825558785832787, 2.2118928847251604, 2.1959524744916443, 2.1449033505455954, 2.1895987477625383, 2.0723908585026427, 2.1038779866515767, 3.5899669535922154, 2.5778620786921627, 2.3627134196271378, 2.2654886154220195, 2.632448736010007, 2.891971760488556, 2.673161215103422, 2.399389980802378, 2.2643400262790827, 2.821502472423933, 2.6211230465271806, 2.221515006995163, 2.173982819439697, 3.433642814953141, 2.843085857968179, 3.2323204652981485, 2.032607403520465, 2.332223163518459, 2.1335504200649087, 2.0314868331447262, 2.129427293089857, 2.0961896905666375, 2.1456340689980906, 2.1234503139394487, 2.1324477882587396, 2.953276088652834, 2.2315891969041495, 2.273035336416467, 2.587531300289087, 2.0688845833180345, 2.4044608083419905, 2.385734005352613, 2.4003237905531747, 2.8546472541197025, 2.378752048141683, 2.139674368314717, 2.61784306198204, 3.6731050705464905, 2.278558180926577, 2.1965169448847326, 2.955867231811001, 2.3762797149900825, 2.2740380338261166, 2.4012423718468323, 2.145968257246666, 2.3533580213429413, 2.189923805888589, 3.202518289528197, 2.109121278613292, 1.978468162378073, 2.291041566432917, 2.265957033227134, 2.5904552832880423, 2.800402541166719, 2.3083120876255734, 2.103982758047919, 3.3463185036870975, 2.198000651950253, 4.201966544526725, 2.497850639966849, 2.8912019818678796, 2.427490611195222, 2.7224379510852152, 2.406525677400019, 2.0954144331264937, 2.202640599553, 2.3709582818218773, 2.7026941923480132, 2.5859685724079617, 2.330202501460697, 2.4557554893987645, 2.0753215026506524, 2.185922651631687, 2.6033697734272248, 2.4248794793786512, 2.2630694299748138, 2.6977081014463513, 2.296558514727892, 2.32703807065816, 2.264958584400553, 2.1511531770991166, 2.34744514820913, 2.925962095694944, 2.507853131346833, 2.3775528569043076, 2.555558794000789, 2.026808921664937, 2.9765532356832507, 2.3990770482921815, 2.0997580773678743, 2.1867953292383278, 3.3630085311685542, 2.667118876114112, 2.0832390975597423, 2.1728249274999314, 3.6634590159759437, 2.1694314255273137, 3.1582216243049066, 3.209479371706486, 2.0616442416941307, 3.403726836293924, 2.576274121391814, 2.1896400410063723, 2.088615542073165, 2.548418905530368, 2.3228273027628337, 2.102378527881929, 2.5941896055251035, 2.902683055087111, 2.062089408897508, 2.794622297824205, 2.3972491604458326, 2.3866395788653496, 2.30252023615928, 2.2126862292670184, 2.3848639778560132, 2.282430539046255, 2.4871735021304207, 3.615010824183789, 2.0796637928415063, 2.0438909357798707, 3.011883746367628, 2.0998496268538265, 2.061967345506134, 2.1155711429773776, 2.3030251921051303, 3.8220060711795814, 2.5692522394711843, 2.5298457651568795, 2.3638603240275007, 2.107753369521766, 2.589234353893556, 2.732441511439557, 3.4800479989063, 2.200219577520966]"
1.5,9000,0.6372766979210663,0.6372766979210663,0.02049994468688965,0.31724846550469754,"[3, 2, 3, 4, 2, 2, 2, 4, 2, 3, 1, 2, 3, 1, 4, 1, 3, 1, 2, 1, 2, 3, 2, 4, 2, 4, 2, 3, 3, 2, 2, 2, 2, 2, 4, 2, 3, 2, 3, 4, 3, 3, 2, 2, 2, 2, 3, 3, 3, 2, 3, 3, 2, 3, 2, 3, 3, 2, 2, 2, 3, 2, 3, 1, 3, 2, 3, 3, 3, 3, 3, 2, 4, 2, 3, 3, 2, 2, 2, 2, 3, 3, 3, 1, 3, 2, 3, 2, 3, 2, 2, 2, 2, 1, 2, 1, 3, 2, 3, 2, 3, 3, 2, 2, 2, 2, 3, 3, 3, 4, 1, 3, 2, 2, 3, 2, 3, 5, 4, 3, 4, 3, 3, 2, 2, 1, 4, 2, 2, 4, 2, 2, 2, 5, 2, 4, 4, 4, 3, 2, 3, 3, 4, 2, 3, 3, 1, 3, 2, 3, 1, 2, 3, 1, 3, 2, 3, 4, 3, 2, 3, 2, 3, 2, 2, 2, 3, 2, 3, 2, 3, 4, 1, 2, 3, 2, 3, 3, 2, 3, 4, 2, 3, 3, 2, 2, 2, 2, 2, 2, 3, 3, 3, 3, 3, 2, 3, 2, 1, 2, 2, 3, 3, 3, 2, 3, 2, 2, 1, 3, 4, 2, 2, 5, 2, 4, 2, 3, 3, 1, 1, 1, 3, 3, 3, 2, 2, 1, 3, 2, 3, 2, 2, 3, 2, 4, 2, 3, 1, 2, 4, 3, 2, 2, 3, 2, 2, 4, 2, 3, 5, 2, 2, 3, 3, 1, 2, 3, 4, 3, 4, 3, 3, 2, 3, 3, 2, 4, 2, 3, 5, 3, 4, 2, 3, 3, 4, 2, 3, 2, 5, 3, 3, 4, 2, 4, 2, 2, 2, 3, 2, 2, 3, 2, 4, 3, 4, 2, 3, 2, 1, 3, 1, 4, 2, 4, 3, 1, 2, 2, 2, 1, 5, 2, 3, 3, 3, 2, 2, 4, 3, 3, 2, 3, 2, 4, 3, 3, 2, 3, 5, 2, 2, 2, 3, 1, 3, 3, 3, 2, 3, 3, 1, 1, 1, 3, 4, 3, 2, 2, 3, 2, 5, 2, 4, 1, 3, 2, 3, 4, 2, 3, 3, 2, 3, 4, 2, 3, 1, 1, 1, 1, 1, 2, 2, 3, 2, 2, 2, 3, 2, 2, 3, 4, 3, 3, 1, 1, 3, 2, 4, 3, 3, 2, 4, 2, 2, 3, 3, 4, 4, 2, 3, 1, 2, 2, 3, 1, 3, 3, 3, 2, 2, 3, 2, 2, 2, 2, 4, 1, 2, 2, 4, 3, 4, 3, 2, 2, 2, 4, 1, 2, 2, 2, 3, 2, 3, 1, 3, 3, 4, 3, 2, 2, 1, 3, 1, 1, 2, 1, 4, 2, 2, 2, 3, 2, 3, 3, 2, 1, 3, 2, 3, 2, 2, 2, 3, 2, 2, 1, 2, 3, 1, 3, 2, 2, 2, 4, 1, 1, 3, 2, 3, 2, 2, 3, 3, 3, 3, 3, 3, 2, 2, 2, 2, 4, 3, 2, 3, 4, 4, 1, 3, 2, 1, 2, 3, 1, 3, 2, 3, 3, 2, 4, 3, 2, 3, 2, 2, 1, 5, 4, 4, 2, 4, 2, 2, 1, 3, 4, 4, 2, 3, 2, 1, 2, 2, 2, 2, 2, 2, 3, 3, 2, 3, 4, 5, 2, 2, 2, 1, 3, 2, 2, 4, 3, 4, 1, 2, 3, 4, 2, 2, 2, 2, 3, 2, 2, 3, 3, 3, 3, 2, 3, 3, 2, 1, 3, 3, 3, 1, 2, 3, 2, 2, 3, 5, 2, 2, 4, 1, 1, 3, 2, 1, 2, 5, 3, 4, 3, 3, 3, 2, 4, 3, 1, 2, 3, 1, 1, 2, 2, 5, 2, 3, 4, 1, 2, 2, 3, 2, 4, 1, 3, 3, 2, 2, 1, 2, 3, 3, 2, 1, 2, 3, 3, 3, 3, 2, 3, 3, 3, 2, 1, 4, 2, 3, 2, 2, 3, 2, 1, 2, 5, 2, 2, 2, 3, 3, 2, 3, 2, 1, 1, 3, 3, 2, 2, 3, 2, 3, 4, 1, 3, 3, 3, 2, 2, 2, 2, 2, 5, 3, 3, 3, 3, 3, 4, 3, 4, 4, 2, 2, 2, 3, 2, 3, 1, 3, 3, 2, 3, 3, 2, 3, 2, 3, 2, 2, 3, 3, 2, 1, 3, 2, 2, 4, 3, 1, 3, 2, 2, 3, 4, 2, 4, 2, 5, 4, 2, 2, 3, 2, 2, 3, 2, 3, 2, 2, 4, 4, 3, 3, 4, 2, 3, 4, 4, 3, 5, 2, 1, 2, 5, 3, 2, 3, 2, 2, 3, 5, 3, 3, 2, 2, 2, 3, 3, 3, 3, 3, 3, 1, 3, 3, 1, 2, 3, 1, 2, 4, 3, 2, 3, 3, 2, 2, 3, 2, 2, 4, 2, 3, 2, 1, 3, 4, 2, 1, 3, 3, 2, 2, 3, 1, 2, 3, 3, 2, 2, 3, 2, 1, 2, 3, 5, 3, 3, 4, 3, 3, 2, 3, 3, 4, 3, 2, 3, 1, 3, 4, 3, 1, 1, 4, 2, 3, 4, 3, 3, 2, 2, 3, 2, 3, 2, 1, 2, 2, 2, 3, 3, 1, 3, 2, 2, 2, 3, 1, 2, 2, 3, 2, 2, 3, 2, 4, 1, 2, 2, 2, 2, 3, 2, 2, 3, 4, 1, 4, 3, 1, 3, 2, 2, 2, 2, 3, 2, 2, 2, 1, 3, 3, 4, 3, 1, 3, 4, 1, 3, 2, 4, 3, 2, 2, 3, 1, 2, 5, 2, 4, 2, 3, 1, 2, 2, 1, 2, 3, 2, 3, 3, 2, 2, 2, 3, 2, 4, 3, 3, 2, 3, 3, 3, 4, 3, 2, 2, 4, 5, 2, 3, 3, 5, 3, 1, 2, 3, 3, 1, 2, 3, 3, 3, 4, 4, 3, 4, 2, 3, 2, 1, 1, 3, 4, 2, 1, 1, 3, 3, 3, 2, 3, 3, 3, 1, 2, 3, 3, 1, 3, 3, 2, 2, 2, 4, 3, 4, 2, 3, 5, 2, 2, 4, 2, 2, 3, 2, 4, 2, 2, 4, 1, 3, 2, 3, 2, 2, 1, 4, 2, 2, 3, 2, 3, 2, 3, 4, 4, 5, 4, 2, 2, 2, 5, 2, 2, 4, 5, 3, 2, 2, 3, 2, 2, 3, 2, 3, 2, 2, 3, 3, 4, 1, 2, 3, 3, 2, 2, 3, 4, 1, 2, 1, 3, 4, 1, 4, 3, 3, 1, 2, 2, 2, 2, 5, 3, 2, 2, 3, 4, 2, 4, 2, 3, 2, 3, 3, 2, 2, 2, 2, 2, 2, 3, 2, 3, 2, 2, 3, 2, 3, 3, 2, 2, 3, 4, 2, 2, 2, 3, 2, 3, 2, 3, 2, 2, 2, 4, 1, 3, 4, 2, 2, 3, 2, 2, 3, 2, 3, 3, 2, 2, 2, 3, 3, 2, 2, 1, 3, 3, 3, 2, 2, 3, 3, 2, 3, 1, 2, 3, 2, 3, 3, 5, 3, 1, 3, 2, 3, 2, 2, 4, 2, 3, 2, 2, 4, 3, 1, 3, 2, 1, 1, 3, 3, 3, 3, 2, 2, 4, 3, 3, 4, 2, 3, 3, 2, 3, 3, 2, 3, 2, 4, 4, 2, 4, 2, 2, 2, 2, 4, 2, 2, 2, 4, 2, 4, 2, 3, 1, 3, 2, 3, 2, 3, 2, 4, 2, 2, 2, 3, 2, 3, 3, 4, 2, 3, 5, 2, 2, 3, 2, 2, 2, 4, 4, 2, 3, 3, 4, 4, 1, 1, 2, 2, 3, 2, 4, 2, 2, 3, 3, 1, 2, 2, 2, 3, 2, 3, 2, 3, 3, 2, 3, 1, 5, 4, 4, 3, 2, 3, 3, 3, 3, 3, 2, 4, 2, 3, 2, 3, 4, 2, 2, 2, 4, 1, 2, 3, 3, 2, 3, 3, 3, 2, 3, 1, 1, 2, 1, 3, 3, 2, 3, 4, 4, 2, 4, 1, 1, 1, 3, 3, 3, 3, 4, 2, 4, 4, 3, 2, 1, 3, 2, 3, 1, 3, 2, 3, 2, 3, 2, 4, 4, 3, 3, 2, 3, 4, 2, 4, 2, 2, 3, 3, 2, 2, 1, 1, 2, 2, 3, 4, 3, 3, 2, 2, 3, 3, 2, 1, 2, 3, 2, 1, 4, 3, 2, 1, 2, 3, 3, 2, 2, 3, 3, 3, 3, 3, 2, 2, 3, 2, 2, 2, 3, 1, 3, 3, 3, 2, 2, 3, 3, 3, 3, 3, 2, 3, 3, 3, 2, 3, 1, 3, 2, 4, 3, 3, 2, 2, 2, 2, 3, 3, 2, 2, 3, 2, 2, 1, 1, 4, 2, 3, 2, 3, 3, 3, 2, 3, 3, 2, 4, 5, 2, 3, 2, 3, 3, 2, 2, 4, 2, 2, 3, 5, 1, 2, 2, 2, 2, 2, 1, 3, 2, 4, 1, 2, 2, 1, 2, 4, 4, 2, 3, 3, 1, 1, 1, 4, 2, 4, 2, 4, 3, 3, 4, 2, 3, 3, 3, 2, 2, 2, 3, 3, 3, 2, 4, 2, 3, 3, 3, 2, 3, 3, 3, 3, 3, 3, 4, 3, 1, 4, 3, 3, 2, 3, 2, 1, 1, 3, 2, 3, 2, 4, 2, 2, 2, 2, 3, 2, 3, 2, 1, 2, 1, 1, 1, 4, 3, 2, 3, 3, 3, 2, 4, 3, 4, 2, 3, 3, 5, 2, 2, 2, 2, 3, 2, 4, 2, 1, 1, 2, 2, 2, 3, 2, 3, 3, 1, 3, 3, 3, 3, 1, 4, 3, 2, 1, 2, 1, 2, 3, 2, 1, 4, 2, 2, 3, 4, 4, 4, 2, 3, 4, 2, 4, 1, 2, 2, 2, 3, 3, 3, 2, 2, 4, 2, 2, 1, 4, 3, 3, 4, 2, 4, 3, 3, 1, 5, 4, 4, 3, 1, 4, 2, 2, 3, 4, 5, 1, 2, 4, 3, 2, 3, 2, 3, 2, 3, 3, 2, 2, 2, 4, 4, 3, 3, 3, 2, 1, 4, 3, 2, 2, 3, 3, 2, 2, 2, 1, 1, 3, 4, 3, 2, 3, 3, 2, 3, 3, 3, 2, 2, 3, 3, 1, 2, 2, 2, 3, 2, 4, 2, 2, 2, 2, 4, 3, 3, 3, 2, 3, 5, 3, 4, 4, 2, 2, 2, 2, 2, 3, 2, 2, 2, 3, 2, 1, 3, 2, 2, 1, 3, 2, 3, 2, 3, 3, 3, 3, 2, 2, 2, 3, 2, 1, 2, 2, 4, 3, 2, 2, 2, 2, 3, 3, 2, 2, 3, 5, 3, 4, 2, 2, 2, 3, 3, 2, 4, 1, 2, 1, 2, 2, 3, 1, 2, 3, 3, 2, 3, 1, 2, 4, 3, 3, 3, 2, 2, 2, 3, 3, 3, 2, 2, 2, 5, 1, 3, 2, 1, 4, 2, 3, 2, 3, 3, 2, 3, 3, 1, 3, 2, 3, 3, 3, 3, 3, 3, 3, 3, 2, 4, 3, 2, 1, 2, 4, 1, 2, 3, 4, 2, 3, 3, 2]","[2.734383782891361, 2.2131398458452294, 2.394363302459856, 2.7188313613492667, 1.9981071728380062, 2.235490846686367, 2.0820077381649758, 2.5206278031247633, 2.401003227537135, 2.4857841989211122, 2.067668991806844, 2.206385050568209, 2.623288823733118, 2.0551580589476997, 2.1635247943220506, 2.293015877721251, 3.0892939645374025, 2.3104665749027093, 2.150467704244561, 3.5922830791170925, 2.031889938844598, 2.2667509814889057, 1.9802719901986117, 4.399142536189843, 2.884360027993285, 2.535264576570969, 2.2893297540839153, 2.129516619559805, 2.614069694943805, 2.190039246964432, 2.6596075546615903, 1.9817060350582496, 2.173772991275824, 2.078341692207344, 2.6945262069812346, 2.473181087576549, 2.6404580472224266, 2.406681380512443, 2.45485944570149, 2.2438226334472438, 2.4862660256390017, 3.0388519234995726, 1.9676631933973248, 2.903725450145277, 2.036241279265883, 2.5720353810619248, 2.334460190857188, 2.862561379344509, 3.8474115495409507, 2.2928299458513064, 1.8615841749491349, 2.427628918756821, 2.5520850548389156, 2.3993069871255814, 2.03216604663512, 2.759263209397168, 2.9247362427920565, 2.5593417048033604, 2.1104861238773824, 2.361022242576473, 3.0671955227143686, 2.4485950122508298, 2.375622023351354, 2.176888321218722, 2.7036536399021602, 2.089957555010632, 2.4451705182863646, 2.063651093293565, 3.197725564375008, 2.7470518771970442, 2.8731929024015983, 2.9430694599529477, 2.784227291099414, 2.9113470606559586, 2.2535396871661493, 2.5230569114300567, 2.2242076533352604, 2.2519396428125633, 2.7506191368448687, 2.3744167609511986, 2.4207226040289975, 2.287437566748117, 2.50265970660499, 1.9143026142069108, 3.644442348779786, 2.0336553307843634, 2.6578489061308046, 2.5107424373310256, 2.920520003187797, 2.269515578310567, 2.1667022730363765, 2.362109961723637, 2.2774894470721208, 1.976458982652683, 2.308441356638112, 2.7531863708915707, 2.338911233073121, 1.9360905244413789, 2.4107370916327855, 2.7644855243079745, 2.313100833653303, 2.3952995332187768, 2.0458312336566316, 2.3431186329108806, 2.121796387815716, 2.7271318412244914, 2.509147357552545, 2.2060383867144866, 2.115891747233282, 2.7940988977222077, 3.877488978052816, 2.6818902678412657, 2.2630575859273874, 3.287735500747833, 2.345281691671361, 2.8514125588720187, 2.779067345221001, 3.6034991658885627, 3.3152717922168704, 2.332919559370837, 2.7544495917540557, 2.2996529652168807, 2.7268851696333316, 2.341549914177921, 2.7967084514922633, 2.1353524061723377, 2.4853187446691836, 2.1292248086349224, 2.6168054898809054, 4.350793467200917, 2.245325503740923, 2.2767067067578264, 2.4137489411358013, 2.9611867239983445, 2.4073098660043235, 2.289586515070561, 2.85123301311873, 3.316180807220484, 3.785252601006683, 2.2538441851625333, 2.168129980516656, 2.2772916306130107, 2.9879561111241015, 2.367513930505205, 2.333652938979686, 3.147875034220659, 2.333273006089273, 2.4484707943386965, 2.396811863011825, 2.686877221841371, 2.0354569436467935, 2.3854435336925452, 2.838670023560836, 2.5513358737487506, 3.1273212665411236, 2.495726536559109, 2.2033147653719727, 3.191275347094606, 2.3510525988400803, 2.3167130413808694, 2.9541564905577453, 2.024960446304523, 1.913466080131591, 2.3963433486777057, 2.2392162700393445, 2.2663450915067047, 1.9979243348421072, 2.6429784096167923, 2.0223513255620897, 2.1483466282081918, 2.532027897471553, 2.1589001716690026, 3.890414488814006, 2.1205929473496865, 2.617531645374435, 2.2742854762468454, 2.752892926871427, 2.9142292192425945, 2.130269625109949, 2.327983674398343, 2.6950220679966876, 2.314014007922098, 2.5276135942672058, 2.4277229388210344, 2.8898205286554592, 2.1653506965370406, 2.095095277659369, 2.416657643253324, 2.2095827789005, 2.0194472239659005, 2.856079805180544, 2.2852534685142034, 2.288747727538946, 2.374851331655584, 2.266938062181232, 2.287093563475111, 2.756732781720553, 2.470042579143871, 2.122139777140555, 2.2445581272777337, 2.5364861159939425, 2.8180206758243695, 2.339012671870742, 2.6724144932124214, 2.024815632584775, 2.340442284526912, 2.372513964190632, 2.0981621229314085, 2.3599017281481256, 2.65870059654112, 3.218744991926756, 2.033838263666636, 2.7221891191804204, 2.5041005131643534, 2.0656338232270492, 2.25490677006688, 2.127848949011893, 2.223661424534594, 2.3819202296113056, 2.476559589133007, 2.464164923114492, 2.599692881650696, 2.447571313268548, 2.0842871700220083, 2.6757680935292067, 2.8600152427192596, 2.447526227111024, 2.9163059718932645, 2.1082290044697514, 2.778490931263481, 2.239346140743584, 3.413625465537043, 2.194114181891937, 2.4409728533496864, 2.140493602682072, 3.255607046866139, 2.383911387309155, 2.75053139616811, 2.2819101177119734, 2.298784975162671, 3.079041881859996, 2.5049045623945734, 2.2072941878706924, 2.1889112571806653, 3.220164637432454, 2.32823169577018, 2.3296324886293243, 4.109617084699918, 2.4836110393768247, 3.4498791973609384, 4.206030304967751, 2.3499025872291925, 2.3963164588660772, 2.1670327627685144, 2.753266888071853, 2.851758820552554, 2.8194742801298416, 2.7500894872131507, 2.453025421440253, 2.3105451229195997, 2.6226496668549717, 2.828869513760509, 2.1132420805880625, 2.061992497026263, 2.472744861629657, 2.3827069576165845, 3.0998762535061553, 3.1231447731849014, 2.583328796684226, 2.6320166989347054, 3.364689737665435, 2.185523641428835, 2.4900141131581797, 2.3565755199249176, 3.4014105421107406, 2.668967151101864, 3.0071425796163638, 2.140118115449918, 2.325086896769947, 2.2612670030986055, 3.366999501328733, 2.3249495815647236, 2.5411412634357453, 3.8387304170154515, 2.2662610979574644, 3.218256044646515, 2.1992954150770596, 3.2525733375151695, 2.109362598148578, 3.684271638092448, 2.1000957676764704, 2.057546238609837, 2.831984475201315, 3.0580246864804037, 2.3875008285397543, 2.5013596802596454, 3.599045421560291, 2.365969843844455, 2.699007283190344, 2.282232793507154, 2.6731139874787826, 2.0936630299243513, 2.299460641784901, 4.062894986335835, 2.1661328486707436, 2.6206209420257696, 2.216541519139373, 2.1507152845403734, 2.5296454167357965, 2.2599896460156423, 3.60475687567192, 2.648618611578306, 3.695799142485154, 2.1585269048847766, 2.4305796274015483, 3.306064251570848, 2.4008569905958, 2.1669576477639776, 2.0697493005818917, 3.3066518898955923, 2.4252510507102354, 2.3311177736027227, 2.234549310442809, 2.613313940155437, 2.782281169854368, 2.282057900363246, 2.20777447805973, 2.483711069085179, 2.3763411046507255, 2.173407701379085, 3.097767326813146, 2.1617373556397, 1.8945761493885707, 1.9689127456867326, 3.621171274865217, 2.2482530753012844, 2.6403203877920354, 2.8765591853860677, 2.505146721009472, 2.019110194037519, 2.210389457847614, 2.6333444006882125, 2.2127656366759023, 2.581059779342405, 2.796665232575217, 4.282979350405823, 2.9444441620463406, 2.4753549159198553, 2.3269406675056694, 2.487877903336496, 2.149989657662557, 2.661210187137272, 3.3932224327049627, 2.14483916536873, 3.145446213964291, 2.110216347237353, 2.370916391176429, 2.6706934062671, 2.35879730944377, 3.16409089590954, 1.9431313529086545, 2.442971714183711, 2.156424840841536, 2.458197570640451, 2.6880257143472392, 3.1426093910748314, 1.975463716390143, 2.972503556378886, 2.269221112913075, 2.0250736680138526, 2.5302039759250645, 1.9541450699314609, 2.030951066922911, 2.742776170987036, 2.071878808825498, 2.462082443601685, 2.1287041975220298, 2.197274939884085, 2.101974077393441, 2.7847029494387874, 2.8375314038927577, 2.201958054184254, 2.8773419922348125, 2.1337582545016907, 2.7472626457366287, 3.9391524774342663, 1.9200316051469803, 2.444600803274264, 2.748049379840693, 2.4703830067334747, 2.818533559988672, 2.9399109040120246, 2.0568574163924045, 2.2900571196392927, 3.444203946289112, 2.054119674738405, 2.3432763172702, 2.0837637458080884, 2.2779600084494436, 2.0887335709887234, 2.920025527333819, 2.1418171814202305, 2.6139675456464087, 2.264664537154325, 2.1293572452992118, 2.1557151262552363, 2.5681376367539555, 3.007608861219503, 3.188272002339218, 2.849959982003626, 1.9537751095424793, 4.009694845974771, 2.45200122386877, 2.1639547963417964, 2.382878829480693, 2.2525568460336376, 2.2277982043014033, 2.0604008688017865, 3.7145705877498303, 2.2321918815212287, 2.1931889245055984, 2.170812976465161, 2.6243802400642977, 2.6328266584704343, 2.8859355316855866, 2.479257473246169, 2.2383925054641676, 2.4204898898472007, 2.284950560382683, 2.5237414024385023, 2.359132238315407, 2.156357034016559, 2.46585722490669, 2.228379999638576, 2.292336779083726, 2.0029118461683684, 2.382261531479138, 2.562537541124657, 2.943087962863625, 2.090384807671395, 2.697877754209952, 2.2056626779788493, 2.427486956363408, 2.61430429655813, 2.2351127837898486, 2.1285295702298854, 2.5455666346091532, 2.0738461395567453, 2.5085106028763082, 2.495271948311469, 2.8807751156869283, 2.2692898780805213, 2.3429009318604495, 2.0748448148500573, 3.0557535832276574, 2.675573134190456, 2.7711881616260587, 2.47805697787503, 2.309054285311264, 1.9635684553342685, 2.6008055952679934, 2.4154969027874955, 2.4244375156118636, 2.193653255437015, 2.187129443833391, 2.2264949884884744, 2.9916869631236906, 2.185102826996964, 2.946143844452531, 2.601016119494188, 2.290616403330575, 2.502067808698016, 1.966325215355209, 3.1637396152054515, 2.256663537828845, 1.9415334697334612, 2.2700730648772294, 2.8032145577014456, 2.1792883084423256, 2.0957580542482654, 2.545252506162876, 2.1687965541716783, 2.540311798298588, 2.2607356596553227, 2.0892034068669725, 2.3953479159222835, 3.3611230562039927, 2.7642322841835147, 2.4593502209263938, 2.3196615464782724, 2.07371779766184, 3.863284167780336, 2.2699625862980177, 2.2048941182184474, 2.287050904178608, 3.10777206121566, 2.637804320596737, 2.3464849309857403, 2.3052110902899057, 2.7011863699017233, 2.8370997696056746, 2.3849289126608957, 2.7041857536917724, 2.446526199235211, 2.1055447651023855, 2.744207396516781, 2.5136787151101947, 2.5656506151477365, 2.354912514462858, 2.9501101299367534, 2.577645865290038, 2.6851048504488744, 2.3351842587487637, 3.928405484588306, 2.629813844251135, 3.249238974315391, 2.176226705909939, 2.162606528846175, 2.3729895653457764, 2.6534162202738774, 3.628682792169715, 2.52790878431166, 2.6754674244653094, 1.9971140014033448, 2.6604687137523295, 2.4366918257367267, 2.2558176627932274, 2.251537081372787, 2.13124578434804, 2.572997978103621, 2.802422746726937, 1.9249720179164804, 3.6192919445785727, 2.1845256320361774, 2.1729713877475567, 2.2884641397755496, 2.3191532522991904, 2.5029801036165886, 2.1381668509097436, 2.028653341345899, 2.159563290149625, 2.636226357324942, 2.06437174495808, 2.144549537929234, 2.2929958665370087, 2.411459182597015, 4.138549294152097, 2.069781987376963, 2.0714598934855992, 2.626224145536801, 2.6970782904815174, 2.205819321567057, 2.3430265306252376, 2.4365897066349773, 2.622694708824028, 2.3487782706478604, 2.621714817258914, 1.9593803935838077, 2.1757822382357217, 2.842011931099206, 2.278008612656433, 2.209694406302093, 2.392799362101274, 2.0686352194163358, 2.380162329957199, 2.1622763368172953, 2.5253937562128197, 2.228569865161776, 2.3372447458224217, 2.7381406757960733, 2.2811723155985235, 2.871307045142911, 2.1427022668068165, 2.2340194879054067, 2.4680125407799514, 2.1605765445254326, 2.421399955146112, 2.834587563324438, 2.0941492934389756, 2.145825999424033, 2.6882728855970113, 2.3743319409473935, 2.6708647519735704, 2.0243774898321845, 2.792884566312238, 2.2712490743077898, 3.932449790964357, 1.994425155430727, 2.4877139827372456, 3.607034838143423, 2.3548342640042788, 2.0735582143554963, 2.5241476651817307, 2.3806083390434294, 2.3046534771061347, 2.513681311005664, 3.9380540158324226, 2.4889067299651715, 2.70510561970425, 2.325771333595716, 2.49452632726142, 1.9922158025657528, 2.1635465558191096, 3.828284491931127, 2.9006811752506336, 2.7112567696344785, 2.3050909715564867, 2.3202589943875247, 2.307370339526528, 2.3124447832680532, 3.5163365842575276, 2.2373096647129906, 4.3220547485596175, 2.4625925285315735, 3.338489012163122, 3.926195865043644, 2.873848830313298, 2.3193979229665556, 2.2337771723663464, 2.7753126317706256, 2.7138956146236897, 3.6745384924741966, 2.712057629974133, 2.2947085532715352, 2.086496507098749, 2.001449714890045, 2.2251120164217912, 2.32589355338588, 2.4465947333398073, 2.7493386314773627, 2.881009751208387, 2.3403990176560554, 2.4223061055080017, 2.463680534710258, 2.5509750790754917, 2.356572794402569, 2.7861099077780187, 2.396815666306817, 2.5172110478852177, 2.5498270550691364, 3.1581871737641674, 2.8542455186879394, 3.1712037691040296, 2.0589125306580396, 3.406858977173622, 2.017981194506212, 2.617595413417438, 2.1690944934301686, 2.289875708630323, 2.879553293074003, 2.837042176049294, 2.400204787853823, 1.9005586355029795, 3.686071102288073, 2.0136020653694997, 2.223044723445074, 2.195722281941256, 2.4879907744468444, 3.060258589133893, 2.1573767923035967, 3.2043992598870266, 2.4222557670663236, 2.1919258940022663, 2.295651579087194, 2.372418731029412, 2.029088299892349, 2.294053911186617, 2.4291121533807027, 2.236922138711573, 2.2927629778084806, 2.8978624912680613, 2.6383741196933275, 1.9708247546997326, 2.385784531453671, 2.238924750588854, 2.6011479209766977, 2.105329401427543, 2.609609708539819, 2.3007747697309453, 2.095680208571343, 2.0548179352902203, 3.2997861025585715, 2.6827161359515763, 2.382677621260278, 2.6994659054910644, 2.1970503884764203, 2.458769035796233, 3.497277885418208, 2.410852293889857, 2.661926959451967, 3.487001800644905, 2.325779480557427, 2.202922372174983, 2.0803601267551164, 2.0664295136963253, 2.092725395482554, 2.861282104603735, 2.3385057895733334, 2.5472493366851343, 2.2345391352936277, 2.47310905577432, 2.3107939290600457, 2.616377768430736, 2.781169005334697, 2.4613036898363685, 2.0683053779864364, 2.5529028682505523, 2.329985055024601, 1.8674313564715632, 2.5289545661859463, 1.9997051384418412, 2.5016901575340516, 2.2242842024077047, 2.0509183521568737, 2.581622716451954, 2.2464619513694215, 2.2377298777993735, 1.9753334507535079, 1.9449709900472354, 2.0893590982208172, 2.2638794453266735, 2.6035060028140986, 2.456100999086311, 2.6127421446317793, 1.9607039598642337, 2.9285579702691376, 2.447682620949784, 2.9352686218479054, 3.464083342460243, 2.87534347234931, 2.2719578423560103, 2.367438741231834, 2.80116838928365, 3.25083851908659, 3.1149288589355866, 2.7243194883924113, 2.4614331904029174, 2.2522786619810757, 2.2932634092743185, 2.9985603076507665, 2.953548408553718, 3.2199146898553654, 2.677993566084954, 2.3918252727755975, 2.2708851005542385, 2.6036747879855846, 2.675189678178584, 3.159683387776733, 3.1727927223145818, 2.945968949004914, 2.2051930698329487, 2.019659742688221, 2.3404550540270557, 4.219318979629282, 2.0758324699683364, 2.086863967878195, 2.305515040978531, 2.4963541407604075, 2.1807041922830113, 2.500183531754244, 4.01269871089497, 2.705749045748116, 2.5272020580506482, 2.178855639492238, 2.280055364830688, 2.495846780274038, 2.3727329090947658, 3.8989068748576328, 2.5433653259160622, 2.334970399088551, 2.4139272388769624, 2.35335731009869, 2.2649264645359013, 2.1278106270324835, 2.252399600954995, 2.1870759487726827, 2.202454173127702, 2.2398191181597946, 2.281648713835062, 2.1222700427771897, 3.4298874723503396, 2.303766465499429, 4.029326452919619, 2.0260905946582124, 2.333865827839697, 2.263158983997123, 1.93255591510481, 2.2366687382786603, 2.1375612056214464, 2.8077639910048973, 3.223918226172176, 2.3792084265074434, 2.497230527419883, 2.459439125681185, 2.233145155355343, 2.9222877531394307, 2.5126142487216447, 2.422047516663059, 1.9288278876965563, 2.201148100877391, 3.0890724346846303, 2.3797404686702976, 2.185978103766531, 2.7931104802818116, 2.564571358384716, 2.2477320774158036, 2.880195340758405, 2.5348121842664475, 2.0920409585118374, 1.91055362252794, 2.4964590126911412, 2.2204249580623348, 2.4181930196872368, 2.2187389954690313, 2.9865397985740323, 2.85967313045077, 3.019743352612467, 2.9826728650689645, 3.5461160516590646, 2.2254499825064076, 2.492314295791859, 1.9903309108068354, 2.470618043185604, 2.546458699448471, 4.305515134439471, 3.022497493902333, 2.3322547828404354, 2.416833447758763, 2.0600369899346087, 2.8243939450008098, 3.1518436909222096, 2.224354561882887, 2.271169431506247, 1.9641705063733244, 3.327845156570142, 1.9860788268156035, 2.490510352649684, 2.6223856040625786, 2.4782754886337224, 2.250668509801694, 2.3199530721576282, 2.378745149512035, 2.554695761196696, 2.3945572616104336, 2.096710832179692, 2.162509576144804, 2.2990561983283397, 2.2836850755855194, 2.3191665531981, 2.372147639068671, 2.342850042200723, 1.9278618629039492, 2.3296959810009703, 2.974955785380209, 2.5911256075124047, 2.306844627686242, 2.2637972621877096, 2.3735801853348706, 2.145394056906901, 2.7021912763184703, 2.4431841195987665, 2.60419524047006, 2.118404456643131, 2.402404281814525, 2.3232063496748085, 2.521946072917702, 2.0886190713615145, 4.089012189421079, 2.1042974501911456, 1.9730483175065712, 2.4380786939088868, 2.0286560844760166, 2.095513842400287, 2.3240758079818624, 2.0775163333244313, 2.712692759569968, 3.922987353963631, 2.6029412804819945, 2.371557317610759, 2.478444503876447, 2.153027154386265, 2.3687181522643956, 2.6883187529027492, 1.9255442616120062, 2.3887916929198525, 2.447620609433662, 2.3471148010956187, 2.27278366611804, 3.450971177950431, 2.144014104334023, 2.1236536038765763, 3.3916169648563756, 2.741435267489251, 2.6932003259045363, 2.518295094104976, 2.473942519105064, 2.4660232404787656, 3.932591665090602, 2.291717012511073, 2.195580116465252, 2.424601989771926, 4.241985679411986, 2.488991038641502, 1.927363089487891, 2.2713842532742725, 2.5140784162022984, 2.134315382454512, 2.122384033177001, 3.8257564152150385, 2.2249663417336576, 3.7091547520071795, 2.5710560977393406, 2.541516090028688, 2.3543718727477723, 2.229160443305166, 1.9976173975027824, 2.330989752395598, 2.1352762310029267, 2.288823573274363, 2.19294047010614, 2.3442680617179317, 3.958084151500252, 2.07073628341635, 2.046159926264149, 2.7317125983998105, 3.325137175377092, 2.5272189869906527, 2.9194760990862267, 2.438951782895143, 2.957153420761128, 2.021175233702888, 2.3350649850263614, 2.1929606839623195, 2.339614919473629, 2.640313871417626, 2.1323636971995, 2.350208660991662, 3.7377328458880474, 2.10507305589974, 3.440730824171191, 3.32185984316641, 2.1770116898312675, 2.607843911963344, 4.323595582862852, 2.2523146509942267, 2.224218220953314, 2.101692572000192, 2.319500584138809, 2.662154807405614, 3.043470792405023, 2.3459896810348906, 2.492859274950246, 2.451731960206615, 2.4682733077093384, 2.7297632026110143, 3.6871739125320584, 2.4159029822767373, 2.3731858212890047, 2.3035542911472238, 2.4872242959145825, 2.2112251699018874, 2.4344244052403345, 2.28084017752092, 2.6174187212234163, 3.331428596932481, 2.3965094721561044, 2.074700733535778, 2.0979326264873492, 2.397444310572062, 2.3227452985337185, 3.6640244108032576, 2.614388777317669, 3.0995154755940013, 2.3396462620003065, 2.493103194534898, 2.0425041094934278, 3.0597607155742557, 2.7918174333891983, 2.7336596651446694, 2.3046780065280155, 3.771321636641746, 2.9442598898617747, 2.252805788495507, 2.8108147069916813, 2.3380568701569384, 1.956995735591531, 2.570219986319153, 3.42029755422429, 2.405577964314837, 1.9253043047732392, 3.1233068019181043, 2.8640463740860316, 2.1533104444464026, 3.5157631639433626, 2.559987207254214, 2.2295330635676995, 2.586293377496889, 2.319090451605128, 1.9928742946125189, 2.8287400550545296, 2.0577336293182062, 3.322515122826399, 2.572426976185909, 2.478315946706925, 2.357045962588586, 2.1983384583361967, 2.848571288165538, 2.2399744048769294, 2.436503078979761, 3.700601914150189, 2.15342820641047, 2.174023095017807, 2.958465358270889, 2.753301592542405, 2.3977535984518723, 2.2580586310934327, 2.444795328757468, 3.5702229962711254, 3.1981639384857914, 4.038834349152914, 4.334725687225937, 2.3384597025501073, 2.6800702476616967, 2.2829219319694953, 4.055917031849167, 2.4308117544909367, 2.0729477187964185, 2.721695443185442, 3.142098081974897, 2.5322296750261475, 2.1644868385046507, 2.411596456222241, 2.3562796931020746, 2.32329955297397, 2.146562081435114, 3.097655570978782, 2.6796088011330554, 2.2659040790068876, 2.7879165963047527, 2.7711780839420537, 2.2403882388831975, 2.953308565167163, 3.2182009081670513, 2.2953513530302616, 2.0252601002589925, 2.1490102496873464, 2.9296567672197584, 2.3937458088822083, 2.2654593039250974, 2.749610330915918, 2.6589351549492357, 2.286563128784889, 2.2019598575377404, 2.3092036392857507, 2.867653324347619, 2.282469306516882, 3.28298246622897, 2.491866608478599, 2.7248412651986222, 2.5984782244364504, 2.34257332072774, 2.4554116676563464, 2.1531665767321515, 2.1266880535380426, 2.3665287529551744, 3.887898323407281, 3.841653636946271, 2.0985048826406065, 2.0367307568978488, 2.4150170592258187, 2.6086892234384917, 2.422342725249164, 3.641324592803791, 2.317986557073614, 2.3594545173437904, 2.138844302198862, 2.764937900824263, 2.3429260908979717, 1.9099805214844248, 1.985474978651927, 1.9674174642303204, 2.171897424688971, 2.4146968049094566, 2.4019964815453854, 2.8318115530660966, 2.461769061659655, 2.242615592648055, 2.640238459682702, 2.206041129844604, 2.871864605386522, 2.2214273409215064, 2.7749791190840347, 2.3478611539943666, 2.244853889279704, 2.319432334427627, 2.1873992842154637, 2.417642609390621, 2.553789161584109, 3.0836599314775683, 2.3406533100567364, 2.1897766588228844, 2.4558674433689465, 3.5869651530159525, 2.4536411436608563, 2.6749174702050267, 2.462835538516501, 2.1660201867510933, 1.966551861590752, 3.3315564302829657, 2.2340779813720633, 2.3096916999249952, 2.282218536898433, 2.728770893650191, 2.0044715500593893, 2.2821584412299396, 2.137477873684289, 2.695616192749591, 2.5557856912324213, 3.341547734705938, 2.333491422934463, 2.2806883781195744, 2.252505498696531, 2.5983329750564215, 3.0122923519811944, 3.17360867671427, 2.01128986790915, 2.2913413100043014, 2.3754031725056697, 2.7825609753372675, 2.3570640287211644, 2.2308138508705446, 2.2157345745244967, 1.9036956382854293, 2.426137869479399, 2.103859129416375, 2.291655512041884, 2.2377162029974307, 2.402166091221755, 2.156106174748991, 2.2049935641555414, 2.870616416096543, 2.1384810716339238, 2.5268186540675206, 1.9676995693280106, 3.437735895539465, 2.023935439193914, 2.518674390860988, 2.3133892299867234, 2.068864959380977, 2.4262591308063337, 2.1537299489639516, 2.274025060913498, 2.6087987561571535, 2.160316937773142, 3.117419698832222, 2.4730172617187254, 3.016553924774123, 2.4056974162043665, 2.552666861660949, 2.1787044662310846, 2.481264255240497, 2.473926987923831, 2.9210517264582183, 2.0754285923853724, 2.882746267571841, 2.2364001229187442, 2.5419461938708383, 2.332525907514201, 2.2474363505903816, 2.218607207106981, 2.5409935675110384, 2.4718910459004735, 2.275674520853049, 3.0726847146161647, 2.107289746332246, 2.1061440730113237, 2.096858961132021, 2.6585020188655886, 2.0763855366685036, 2.7135661089774095, 2.219315618971342, 2.560867823140459, 2.3336700112979045, 3.6412501677166063, 2.4693692933785325, 2.010967786402667, 2.6868033443167234, 2.569294634046441, 2.0401828315236017, 2.3375444759766664, 2.003722090949623, 2.2799505938702462, 2.2243717768963416, 2.249693701350757, 2.431029515807963, 2.474098317682255, 2.268413254434091, 4.08857588616204, 2.0814110784997815, 2.3601158006194316, 3.9887172461945433, 4.276181246702136, 2.2636406248283683, 2.2217806398578452, 2.599879968426941, 2.3737067841428847, 2.559155475375105, 3.366570608101327, 3.262419622453163, 1.9943065423475363, 2.637925208848562, 2.9318663410501853, 2.3425434202838304, 2.4443880525216706, 4.078078966318939, 3.783699389647989, 3.5988013342347926, 2.4402068862991997, 2.834748462788836, 1.961603718953983, 2.1392420576770843, 2.0250763162575964, 2.5409862620848958, 2.2214554335690577, 2.2704074465618667, 2.7641086171901823, 2.751631584778717, 2.553508733222796, 2.158020063315253, 1.9650197152073612, 4.057854433032979, 3.2546410937002896, 2.4544830753389038, 2.3305718114762963, 2.3673411632127466, 2.5556948253142964, 2.9497969793326666, 1.948790632675781, 2.791979859737437, 2.420171225444111, 2.083626513031507, 3.3299706878241375, 2.545536083079951, 2.0949749623379312, 2.033051482620687, 2.3075670897610334, 2.1559589031446516, 2.7905209354806106, 2.353964157394986, 2.31771778059757, 2.9132491806640703, 2.3465329747348753, 2.1150092156147196, 2.1920292478250394, 2.038402027923868, 2.3008467307397886, 4.070066721685195, 2.483167660252946, 2.8374950026293373, 2.5364514762437533, 2.058830995845503, 1.9731125486481453, 2.063116004068469, 2.197411321396596, 2.0690531887507375, 2.0659732223825142, 2.289767842798777, 2.8552522935876805, 2.6607383815131644, 2.7184825176156875, 2.4242442771979578, 2.3023481953806604, 2.83680024588871, 2.127168995649715, 2.892778016438545, 2.1733393063493294, 2.992005382119792, 2.3314020204850427, 4.336296637102752, 2.4767584103681095, 2.3497030754678665, 2.026062299193776, 2.516364888456186, 2.1577575638312134, 2.602466337768245, 2.5939716205778955, 2.4390631145486386, 3.7900911253254606, 2.8502209003448264, 2.0062199581934967, 2.093281078695729, 2.6305084736060333, 3.283231966625802, 2.223676271811617, 2.252511538372631, 3.026931866487077, 4.024984259508718, 2.3729220737982852, 2.564558261125167, 2.063013666222102, 2.1732072435880743, 1.9393771789015726, 2.6127670688411087, 2.1897496318619085, 3.2180725814125175, 2.526349903269609, 3.4247963237659613, 2.658450094125587, 2.383691967812268, 3.9594514424886635, 3.4717677974065166, 2.3021639596408563, 2.0679885090185124, 2.3141416066283913, 2.173398216087952, 2.325044914190783, 2.598942703439857, 2.236953914120926, 2.034354537341675, 2.719076371130752, 2.6103042155606664, 2.3635795916614324, 2.2996423309584184, 3.2171447720238344, 3.752812286138756, 2.4876700682323256, 3.607437397080687, 2.3273134240654385, 3.1326002273469653, 3.5126436921590187, 2.289912839941647, 2.1219551862085027, 2.273651887090152, 2.0549950842089997, 3.144261844855891, 2.974349352714832, 2.280399357426508, 2.155919754840824, 2.4599902580014263, 1.9747748215933303, 2.2547247831901047, 1.9935887037840487, 2.886308990875218, 3.6560091670368937, 2.3551988162637425, 2.389525030972892, 2.127563700590247, 2.303425936087421, 2.390348663385071, 2.4655799214819827, 2.607128491113332, 2.0748026913951922, 2.3007586557310087, 3.0975467203986504, 2.456046818142044, 2.3833249559787584, 3.614421094208309, 2.4406021197159453, 2.3472291890566095, 2.2490547206752556, 2.1019207301148297, 2.1890369950202944, 2.199354099836751, 2.1538089496921216, 1.8964008860255224, 2.757901083575972, 2.7535006155825315, 3.053527039146874, 2.7307436981839417, 2.564523533394999, 2.880878899854684, 2.554153486081588, 2.5036227632885484, 2.171368381368841, 2.2539033164046383, 3.0034348100194883, 3.3946295461971627, 2.4194046204248205, 2.2787106694222614, 2.4677681144852803, 2.441887108304355, 2.108298858192984, 2.082647813480183, 2.3065895452609566, 2.0358052843818406, 2.6113518459295286, 2.744594681606087, 2.4016531717508234, 2.1645213447313365, 2.0361658727869543, 2.791082328407185, 2.737023327428069, 2.186550945187148, 3.3837854779430123, 2.4204305389211487, 2.0899115990473867, 2.277910451011032, 3.3045233869512067, 3.761078698215859, 3.5546520083552773, 2.9081210271400515, 2.1660284161414456, 2.01072035488601, 2.4359951426255853, 2.7327589026663914, 2.3231091056439923, 2.763926149331974, 1.9533997045940192, 2.2600921929077598, 2.270074213699611, 2.134177045044016, 2.025731809461638, 2.5810059844838102, 2.1019363508205484, 2.31073188125891, 3.1923831155156948, 2.436690328004819, 3.5874406948422575, 2.1848639056733137, 3.4964403913093896, 2.674862699400067, 3.347658396870232, 3.387078316155363, 2.4020682051175655, 2.812840378795482, 3.0218517630564037, 1.9278673429353181, 2.533834026897033, 2.3973066853507956, 3.1961010545924253, 2.305180068770539, 2.5616407867134163, 2.502020339858617, 3.15872088895736, 2.643518669395244, 2.533341614552021, 2.4921794137007103, 4.199922272984276, 4.1248231258681365, 2.720410295968615, 2.242984362368951, 2.505023418892388, 2.4943639059385854, 2.329418582834837, 2.342759116983426, 2.4570585729850833, 2.287440512695119, 3.688163237190426, 2.570540449536318, 2.1581151240056307, 2.1587578475645817, 2.6492844409027096, 2.782188122361484, 3.0311224476366885, 3.0739619468531463, 2.3018244959154237, 2.9576961219529614, 2.488711133809043, 2.8755966851562382, 2.289278567983696, 2.0030141015860936, 2.851183134324362, 2.1300498992025485, 2.447506767668059, 2.3366219617204456, 3.9388793747153352, 2.3135940508382165, 2.4677998013820726, 3.282108561536146, 2.260573029431685, 2.5941505472275326, 2.0197954821273587, 2.664784048540433, 2.2462484104418285, 2.9093744158333283, 2.227775800730971, 2.3628390225812304, 2.5153456282015805, 2.694548960222213, 2.177234997530177, 2.334966657701201, 2.4122546577916744, 1.9457776343503834, 2.5085917151880137, 3.1605485743485864, 2.1003693280727815, 2.5338398283233476, 2.1937883023854465, 2.3272337812638955, 2.3991698970294353, 3.862473953862838, 2.3151695057932207, 3.066153178676294, 2.485748973593354, 2.2849151125933727, 3.79410910780247, 2.902069614621309, 2.240391725909092, 2.600211566413389, 3.060283568788729, 2.9418270425240185, 1.956456118569429, 1.928403283279538, 2.502161625679638, 2.6068707942603453, 2.6903694917709293, 2.2750118949688014, 2.397374364585792, 2.04294233467466, 2.1788583126514456, 2.219135095375863, 2.71949117314475, 2.5554473468557544, 2.4286931937073892, 2.614722232550385, 2.2556684044122797, 2.015141298428968, 2.165755367605191, 2.3503748498477033, 1.9634797320232498, 2.10019053066359, 3.2028611943014225, 2.3609181013766194, 2.337291405122694, 2.441968636888026, 2.692026411301854, 2.3295595046020856, 2.194528111491744, 2.3632889295589314, 2.737646201882455, 2.7666730442197762, 2.0858934852594917, 2.8335688635222387, 1.9749893589437537, 3.769766912016494, 2.5845523120413607, 2.822372885223452, 2.711134205344119, 2.44434995025975, 2.6500245982894115, 2.388854619408548, 3.4923570082914486, 2.0034333146292505, 2.2978145112305652, 2.2587481679636183, 2.0135731153739584, 2.9678885854949875, 2.614154930270859, 2.251311868497987, 3.076816256351867, 2.924271290691996, 2.3225755097321517, 2.181819571050105, 2.686313865711887, 2.274902147948394, 2.3971969905431343, 3.200693987790192, 2.150362794354226, 3.058439957138862, 3.698555732407683, 2.4040659790368504, 1.9983117661020982, 2.405032244741569, 3.42166354154756, 2.0602170848003905, 2.4448277472130653, 2.2387839111052994, 2.142711549136118, 3.5120211569582516, 2.2401823355598367, 2.2905681497225663, 2.2572709102708526, 2.8372501333277014, 2.2211297817949154, 2.4575454690137133, 2.0695152640280416, 2.3703566069650037, 4.157314008580804, 2.277496784349758, 3.298931121390849, 2.161660665014025, 2.198847258267228, 2.1852828210132125, 2.3033645800940157, 2.465698236861915, 2.50668746069204, 2.296180622407324, 2.4820309001206935, 2.607664371480851, 2.6393146044885887, 2.18412876966773, 2.416751912946226, 3.0514041028060586, 3.012084115585617, 2.0204002762965323, 2.342116893944618, 2.298024799800643, 2.0934979605027197, 3.4283123036137333, 2.4336060454938107, 2.4275902781748733, 2.406116849778135, 4.075088236239609, 3.6414370864648795, 3.105490950404184, 2.5078254458464495, 1.9829364326592924, 2.519349842208602, 2.7693448911310843, 2.3108770051396483, 2.1014833560527206, 2.663557070482086, 4.139791420506359, 2.2429268380614493, 2.0421954636869897, 2.337487142004129, 2.3560642222038863, 2.3039740577511933, 2.0145798189153266, 2.4719741643490085, 2.6639374798868722, 2.343567558556142, 2.38201580052614, 2.285253183268677, 2.2153518889445984, 2.418877137082543, 2.6759029756203554, 2.835799245227898, 2.977556241341654, 2.961264639486363, 2.454339492870179, 2.349813863918174, 2.428650970216114, 2.781242800430703, 2.7402862663088805, 2.4023099713937377, 2.09019930897402, 2.1684395660997247, 2.393714985562271, 2.8189353718215204, 1.93939991023141, 2.290038107501217, 2.1805270903209832, 2.2797754977886946, 1.903985360611299, 2.1296636591338713, 2.8935288442683094, 2.541321245981999, 2.1753545929853275, 2.334394663111136, 2.1123737169207137, 2.4052079508851856, 2.5119781944544353, 2.3668125124822486, 2.5255035137654653, 2.544567434983252, 2.455775698056097, 2.6122802271159142, 2.882628070885249, 2.442668203071104, 2.3449038943367113, 2.1580761537239828, 2.4232032322871877, 2.4493979736472293, 2.1243858639060678, 3.3942848057952753, 2.272234611758615, 2.19801367013891, 2.2694977016850295, 3.3920046780517055, 3.583681590794205, 2.7171495857642607, 2.3800531650576517, 2.464052089551923, 2.523095531112724, 2.3842505225922053, 2.94159786670241, 2.2789659901121335, 3.043061935411343, 2.7824189801194885, 2.862709262413243, 1.9700462030441361, 2.151576097330057, 2.2671978441726495, 1.9184807443287724, 2.180247049850077, 2.02836541614465, 2.1662522402936784, 2.310323716935999, 2.4804364163016253, 2.8303384953516284, 2.360839732195032, 2.9904922683712565, 2.3164188206459655, 2.046538365672172, 2.435226319781704, 2.2567629739166772, 2.416321917155346, 2.8187533849447446, 2.2749141681760063, 2.2523475609822348, 2.5085971889905165, 3.77975860328828, 2.482578046541392, 2.3010383515419055, 2.7921231580433385, 2.306450771217309, 2.259735327992333, 2.38129615498877, 2.1553683675151403, 2.3590973373012734, 2.224465593877964, 2.8460854854585027, 2.094678890174971, 2.159546199933744, 2.0562836670466504, 2.3849667757001596, 2.6582023889986592, 3.3974740622394846, 2.4127422783223187, 2.1472599903908893, 2.8513755073215625, 2.393134166286743, 4.2855390663992905, 2.2077778154785457, 3.3202789879853416, 2.5105139747220466, 2.4956676091067598, 2.344198071702911, 2.0248228210832573, 2.2169184235091954, 2.3750239590062234, 3.0077703169832644, 2.3805990680540416, 2.1423425356047456, 2.3909514955723408, 2.0258965813249583, 2.3455168230098637, 2.3495705856179603, 2.335177237745671, 2.3441112755794347, 2.541210111859757, 2.0814937621347, 2.320883809575336, 2.420433704552098, 2.1674226396003125, 2.4354009214512193, 3.26173522525771, 2.8750207187281727, 2.3122684854683975, 2.6861065193234683, 1.9435496199463145, 2.558227135889476, 2.271290044530943, 2.091116349427738, 2.247008449482433, 3.195671554743287, 2.6124859125561883, 2.1085215362762524, 2.1852020064047655, 3.8748474396827097, 2.316603901251839, 3.7073547218226777, 2.6124136028738576, 1.9633973460915894, 3.6303906337296423, 2.6186763001104802, 2.2704877245303874, 2.0438105494179064, 2.230581760365417, 2.5700038448265983, 1.9445433449417886, 2.4397342913334645, 3.4107396771045777, 2.0118765010593713, 2.7518419004620753, 2.262937378536461, 2.400235851218893, 2.385049800229744, 2.274461251538895, 2.2563981428151365, 2.8684070925043264, 2.1364961752902403, 3.5115086607957617, 1.9992940599026632, 2.0216071215047617, 2.873782236173506, 2.045089760271689, 2.0685961225175786, 2.070485436485755, 2.4506300841582567, 3.5397602261607353, 2.623339579414185, 2.370809778927087, 2.2961443952557934, 2.0812064852356893, 2.3706459786918925, 2.697542316648947, 2.992911870155678, 2.2595219642348074]"
1.75,9000,0.6874857210987261,0.6874857210987261,0.023990154266357422,0.3337911714168742,"[3, 2, 3, 4, 2, 2, 2, 4, 2, 3, 1, 2, 3, 1, 4, 1, 3, 1, 2, 1, 2, 3, 2, 4, 2, 4, 2, 3, 3, 2, 2, 2, 2, 2, 4, 2, 3, 2, 3, 4, 3, 3, 2, 2, 2, 2, 3, 3, 3, 2, 3, 3, 2, 3, 2, 3, 3, 2, 2, 2, 3, 2, 3, 1, 3, 2, 3, 3, 3, 3, 3, 2, 4, 2, 3, 3, 2, 2, 2, 2, 3, 3, 3, 1, 3, 2, 3, 2, 3, 2, 2, 2, 2, 1, 2, 1, 3, 2, 3, 2, 3, 3, 2, 2, 2, 2, 3, 3, 3, 4, 1, 3, 2, 2, 3, 2, 3, 5, 4, 3, 4, 3, 3, 2, 2, 1, 4, 2, 2, 4, 2, 2, 2, 5, 2, 4, 4, 4, 3, 2, 3, 3, 4, 2, 3, 3, 1, 3, 2, 3, 1, 2, 3, 1, 3, 2, 3, 4, 3, 2, 3, 2, 3, 2, 2, 2, 3, 2, 3, 2, 3, 4, 1, 2, 3, 2, 3, 3, 2, 3, 4, 2, 3, 3, 2, 2, 2, 2, 2, 2, 3, 3, 3, 3, 3, 2, 3, 2, 1, 2, 2, 3, 3, 3, 2, 3, 2, 2, 1, 3, 4, 2, 2, 5, 2, 4, 2, 3, 3, 1, 1, 1, 3, 3, 3, 2, 2, 1, 3, 2, 3, 2, 2, 3, 2, 4, 2, 3, 1, 2, 4, 3, 2, 2, 3, 2, 2, 4, 2, 3, 5, 2, 2, 3, 3, 1, 2, 3, 4, 3, 4, 3, 3, 2, 3, 3, 2, 4, 2, 3, 5, 3, 4, 2, 3, 3, 4, 2, 3, 2, 5, 3, 3, 4, 2, 4, 2, 2, 2, 3, 2, 2, 3, 2, 4, 3, 4, 2, 3, 2, 1, 3, 1, 4, 2, 4, 3, 1, 2, 2, 2, 1, 5, 2, 3, 3, 3, 2, 2, 4, 3, 3, 2, 3, 2, 4, 3, 3, 2, 3, 5, 2, 2, 2, 3, 1, 3, 3, 3, 2, 3, 3, 1, 1, 1, 3, 4, 3, 2, 2, 3, 2, 5, 2, 4, 1, 3, 2, 3, 4, 2, 3, 3, 2, 3, 4, 2, 3, 1, 1, 1, 1, 1, 2, 2, 3, 2, 2, 2, 3, 2, 2, 3, 4, 3, 3, 1, 1, 3, 2, 4, 3, 3, 2, 4, 2, 2, 3, 3, 4, 4, 2, 3, 1, 2, 2, 3, 1, 3, 3, 3, 2, 2, 3, 2, 2, 2, 2, 4, 1, 2, 2, 4, 3, 4, 3, 2, 2, 2, 4, 1, 2, 2, 2, 3, 2, 3, 1, 3, 3, 4, 3, 2, 2, 1, 3, 1, 1, 2, 1, 4, 2, 2, 2, 3, 2, 3, 3, 2, 1, 3, 2, 3, 2, 2, 2, 3, 2, 2, 1, 2, 3, 1, 3, 2, 2, 2, 4, 1, 1, 3, 2, 3, 2, 2, 3, 3, 3, 3, 3, 3, 2, 2, 2, 2, 4, 3, 2, 3, 4, 4, 1, 3, 2, 1, 2, 3, 1, 3, 2, 3, 3, 2, 4, 3, 2, 3, 2, 2, 1, 5, 4, 4, 2, 4, 2, 2, 1, 3, 4, 4, 2, 3, 2, 1, 2, 2, 2, 2, 2, 2, 3, 3, 2, 3, 4, 5, 2, 2, 2, 1, 3, 2, 2, 4, 3, 4, 1, 2, 3, 4, 2, 2, 2, 2, 3, 2, 2, 3, 3, 3, 3, 2, 3, 3, 2, 1, 3, 3, 3, 1, 2, 3, 2, 2, 3, 5, 2, 2, 4, 1, 1, 3, 2, 1, 2, 5, 3, 4, 3, 3, 3, 2, 4, 3, 1, 2, 3, 1, 1, 2, 2, 5, 2, 3, 4, 1, 2, 2, 3, 2, 4, 1, 3, 3, 2, 2, 1, 2, 3, 3, 2, 1, 2, 3, 3, 3, 3, 2, 3, 3, 3, 2, 1, 4, 2, 3, 2, 2, 3, 2, 1, 2, 5, 2, 2, 2, 3, 3, 2, 3, 2, 1, 1, 3, 3, 2, 2, 3, 2, 3, 4, 1, 3, 3, 3, 2, 2, 2, 2, 2, 5, 3, 3, 3, 3, 3, 4, 3, 4, 4, 2, 2, 2, 3, 2, 3, 1, 3, 3, 2, 3, 3, 2, 3, 2, 3, 2, 2, 3, 3, 2, 1, 3, 2, 2, 4, 3, 1, 3, 2, 2, 3, 4, 2, 4, 2, 5, 4, 2, 2, 3, 2, 2, 3, 2, 3, 2, 2, 4, 4, 3, 3, 4, 2, 3, 4, 4, 3, 5, 2, 1, 2, 5, 3, 2, 3, 2, 2, 3, 5, 3, 3, 2, 2, 2, 3, 3, 3, 3, 3, 3, 1, 3, 3, 1, 2, 3, 1, 2, 4, 3, 2, 3, 3, 2, 2, 3, 2, 2, 4, 2, 3, 2, 1, 3, 4, 2, 1, 3, 3, 2, 2, 3, 1, 2, 3, 3, 2, 2, 3, 2, 1, 2, 3, 5, 3, 3, 4, 3, 3, 2, 3, 3, 4, 3, 2, 3, 1, 3, 4, 3, 1, 1, 4, 2, 3, 4, 3, 3, 2, 2, 3, 2, 3, 2, 1, 2, 2, 2, 3, 3, 1, 3, 2, 2, 2, 3, 1, 2, 2, 3, 2, 2, 3, 2, 4, 1, 2, 2, 2, 2, 3, 2, 2, 3, 4, 1, 4, 3, 1, 3, 2, 2, 2, 2, 3, 2, 2, 2, 1, 3, 3, 4, 3, 1, 3, 4, 1, 3, 2, 4, 3, 2, 2, 3, 1, 2, 5, 2, 4, 2, 3, 1, 2, 2, 1, 2, 3, 2, 3, 3, 2, 2, 2, 3, 2, 4, 3, 3, 2, 3, 3, 3, 4, 3, 2, 2, 4, 5, 2, 3, 3, 5, 3, 1, 2, 3, 3, 1, 2, 3, 3, 3, 4, 4, 3, 4, 2, 3, 2, 1, 1, 3, 4, 2, 1, 1, 3, 3, 3, 2, 3, 3, 3, 1, 2, 3, 3, 1, 3, 3, 2, 2, 2, 4, 3, 4, 2, 3, 5, 2, 2, 4, 2, 2, 3, 2, 4, 2, 2, 4, 1, 3, 2, 3, 2, 2, 1, 4, 2, 2, 3, 2, 3, 2, 3, 4, 4, 5, 4, 2, 2, 2, 5, 2, 2, 4, 5, 3, 2, 2, 3, 2, 2, 3, 2, 3, 2, 2, 3, 3, 4, 1, 2, 3, 3, 2, 2, 3, 4, 1, 2, 1, 3, 4, 1, 4, 3, 3, 1, 2, 2, 2, 2, 5, 3, 2, 2, 3, 4, 2, 4, 2, 3, 2, 3, 3, 2, 2, 2, 2, 2, 2, 3, 2, 3, 2, 2, 3, 2, 3, 3, 2, 2, 3, 4, 2, 2, 2, 3, 2, 3, 2, 3, 2, 2, 2, 4, 1, 3, 4, 2, 2, 3, 2, 2, 3, 2, 3, 3, 2, 2, 2, 3, 3, 2, 2, 1, 3, 3, 3, 2, 2, 3, 3, 2, 3, 1, 2, 3, 2, 3, 3, 5, 3, 1, 3, 2, 3, 2, 2, 4, 2, 3, 2, 2, 4, 3, 1, 3, 2, 1, 1, 3, 3, 3, 3, 2, 2, 4, 3, 3, 4, 2, 3, 3, 2, 3, 3, 2, 3, 2, 4, 4, 2, 4, 2, 2, 2, 2, 4, 2, 2, 2, 4, 2, 4, 2, 3, 1, 3, 2, 3, 2, 3, 2, 4, 2, 2, 2, 3, 2, 3, 3, 4, 2, 3, 5, 2, 2, 3, 2, 2, 2, 4, 4, 2, 3, 3, 4, 4, 1, 1, 2, 2, 3, 2, 4, 2, 2, 3, 3, 1, 2, 2, 2, 3, 2, 3, 2, 3, 3, 2, 3, 1, 5, 4, 4, 3, 2, 3, 3, 3, 3, 3, 2, 4, 2, 3, 2, 3, 4, 2, 2, 2, 4, 1, 2, 3, 3, 2, 3, 3, 3, 2, 3, 1, 1, 2, 1, 3, 3, 2, 3, 4, 4, 2, 4, 1, 1, 1, 3, 3, 3, 3, 4, 2, 4, 4, 3, 2, 1, 3, 2, 3, 1, 3, 2, 3, 2, 3, 2, 4, 4, 3, 3, 2, 3, 4, 2, 4, 2, 2, 3, 3, 2, 2, 1, 1, 2, 2, 3, 4, 3, 3, 2, 2, 3, 3, 2, 1, 2, 3, 2, 1, 4, 3, 2, 1, 2, 3, 3, 2, 2, 3, 3, 3, 3, 3, 2, 2, 3, 2, 2, 2, 3, 1, 3, 3, 3, 2, 2, 3, 3, 3, 3, 3, 2, 3, 3, 3, 2, 3, 1, 3, 2, 4, 3, 3, 2, 2, 2, 2, 3, 3, 2, 2, 3, 2, 2, 1, 1, 4, 2, 3, 2, 3, 3, 3, 2, 3, 3, 2, 4, 5, 2, 3, 2, 3, 3, 2, 2, 4, 2, 2, 3, 5, 1, 2, 2, 2, 2, 2, 1, 3, 2, 4, 1, 2, 2, 1, 2, 4, 4, 2, 3, 3, 1, 1, 1, 4, 2, 4, 2, 4, 3, 3, 4, 2, 3, 3, 3, 2, 2, 2, 3, 3, 3, 2, 4, 2, 3, 3, 3, 2, 3, 3, 3, 3, 3, 3, 4, 3, 1, 4, 3, 3, 2, 3, 2, 1, 1, 3, 2, 3, 2, 4, 2, 2, 2, 2, 3, 2, 3, 2, 1, 2, 1, 1, 1, 4, 3, 2, 3, 3, 3, 2, 4, 3, 4, 2, 3, 3, 5, 2, 2, 2, 2, 3, 2, 4, 2, 1, 1, 2, 2, 2, 3, 2, 3, 3, 1, 3, 3, 3, 3, 1, 4, 3, 2, 1, 2, 1, 2, 3, 2, 1, 4, 2, 2, 3, 4, 4, 4, 2, 3, 4, 2, 4, 1, 2, 2, 2, 3, 3, 3, 2, 2, 4, 2, 2, 1, 4, 3, 3, 4, 2, 4, 3, 3, 1, 5, 4, 4, 3, 1, 4, 2, 2, 3, 4, 5, 1, 2, 4, 3, 2, 3, 2, 3, 2, 3, 3, 2, 2, 2, 4, 4, 3, 3, 3, 2, 1, 4, 3, 2, 2, 3, 3, 2, 2, 2, 1, 1, 3, 4, 3, 2, 3, 3, 2, 3, 3, 3, 2, 2, 3, 3, 1, 2, 2, 2, 3, 2, 4, 2, 2, 2, 2, 4, 3, 3, 3, 2, 3, 5, 3, 4, 4, 2, 2, 2, 2, 2, 3, 2, 2, 2, 3, 2, 1, 3, 2, 2, 1, 3, 2, 3, 2, 3, 3, 3, 3, 2, 2, 2, 3, 2, 1, 2, 2, 4, 3, 2, 2, 2, 2, 3, 3, 2, 2, 3, 5, 3, 4, 2, 2, 2, 3, 3, 2, 4, 1, 2, 1, 2, 2, 3, 1, 2, 3, 3, 2, 3, 1, 2, 4, 3, 3, 3, 2, 2, 2, 3, 3, 3, 2, 2, 2, 5, 1, 3, 2, 1, 4, 2, 3, 2, 3, 3, 2, 3, 3, 1, 3, 2, 3, 3, 3, 3, 3, 3, 3, 3, 2, 4, 3, 2, 1, 2, 4, 1, 2, 3, 4, 2, 3, 3, 2]","[2.295446494519477, 2.3523349784814114, 2.355419439985378, 2.7482682965211422, 2.1273009516073693, 2.389772134369452, 2.172958999627653, 2.7499941717683054, 2.6705985697142594, 2.5408826539760105, 2.0931460394650006, 2.4926789178050237, 2.8780700822521954, 2.1943525707450937, 2.1791848165810426, 2.3225810514160146, 3.1411630227717335, 2.4773093661556294, 2.2822243149601236, 3.1819953650794095, 2.201268197336178, 2.086058733092884, 2.0815902193303986, 4.2837143051604105, 3.2321510025916234, 2.6914728709150366, 2.338628834980957, 2.124672865288454, 2.732977554123197, 2.19574396126494, 2.74033992608898, 2.118375577464572, 2.222896950782099, 2.1697520344113443, 2.2377513437161456, 2.378421232340967, 3.0744597777196474, 2.554336676007634, 2.7516664672660243, 2.243984464846969, 2.735363963633117, 3.1323911630614987, 2.0576956410674074, 2.7693586992317973, 1.946320290476038, 2.5018030470213737, 2.2526285960569297, 2.7537256720144123, 3.9092790742863093, 2.2299737341001924, 2.261911896383941, 2.709150048562546, 2.4933700934954355, 2.39908357224899, 2.1818404929282202, 2.52333729957289, 2.52449751604399, 2.86478004748418, 2.1524517581681333, 2.0653505109747683, 3.12913721920298, 2.6512384608786173, 2.3458265442494084, 2.2277432480577173, 2.477426508721452, 2.1052753056397373, 2.5837104907565753, 2.090959529725227, 3.2527385931960984, 2.931274097845806, 2.6447282339571605, 3.295261245151395, 2.4680487714692108, 3.15549529755689, 2.2629632659218433, 2.5352863028638097, 2.286348071231616, 2.397511512866141, 3.14889657703542, 2.822971520076694, 2.7643904511009763, 2.2879033046832804, 2.474905294424731, 1.9736802641363047, 3.478739250617029, 2.18265095000842, 2.3721354103904955, 2.636599745503419, 2.8812356915939734, 2.3613060804426884, 2.2550540816753006, 2.4365543383136297, 2.350742613556926, 1.8777822585656918, 2.40419733410714, 2.67481782026869, 2.3252428465736785, 1.9855370787819528, 2.308434723946859, 2.6452226387747335, 2.3783630031027245, 2.062295809367292, 2.225281945380631, 2.4622243638117, 1.958206828488847, 2.692042423291465, 2.488975720660396, 2.276460494853177, 2.301958297598202, 2.675373963610019, 3.7552110046176725, 2.4068343412645326, 2.343494870223237, 3.4884555845350986, 2.3305274980088972, 2.79088369844301, 2.69745527890971, 3.9360910180263167, 3.148712226392674, 2.1220671687284893, 2.6569480720465353, 2.02892399070784, 2.6676776753491387, 2.4028790607161836, 3.0082500414234783, 2.1442756575645, 2.681498246266629, 2.2706640931182935, 2.2415715427811804, 4.056882090241798, 2.274920171615748, 2.329214475866609, 2.3317818913411283, 2.8318960089387493, 2.5660157087255886, 2.088360571627598, 2.763521633820797, 3.466112445173126, 4.006211278380351, 2.244762942202387, 2.2918359910559416, 2.2959002689759367, 2.5846600324433835, 2.6782538266855207, 2.252916392300558, 3.1278268191905667, 2.453715490284284, 2.220954231727173, 2.342142822711445, 2.732450952439573, 2.2196363358474938, 2.3018429308390176, 2.7528469570612737, 2.847147292037426, 2.796662388801546, 2.539212766769442, 2.2537035953713036, 3.038380128450754, 2.1679399924215, 2.6235165620541068, 2.9511316353252735, 2.1779192601614654, 1.9732250286699797, 2.450942128167633, 2.271595573210162, 2.3235757638405374, 2.019186567001147, 2.3195322073691917, 2.1436453931612283, 2.0427261630924782, 2.61217816878421, 2.3126930765506297, 3.8342548927425186, 1.8985057596129387, 2.683082922473439, 2.2769891133513425, 2.737894636312203, 2.7954312450699383, 2.1272128268616592, 2.1945419799355, 2.5054473195839546, 2.2054969773244593, 2.809690993328598, 2.3621153529817738, 2.84640550455597, 2.149454636956547, 2.324100986262355, 2.388341741397884, 2.3143942879137613, 1.937181093614209, 3.1350046415984587, 2.099278603946057, 2.3357671075788637, 2.2396249618737007, 2.0849486100244965, 2.464711082608661, 2.9141257389109914, 2.194558289014133, 2.2206784263890524, 2.203704578441117, 2.30485646062599, 2.804960128163187, 2.4917531346282393, 2.7108195681643834, 2.0698255680764395, 2.434696884142799, 2.7271048535024818, 2.215937158083652, 2.5762215233827375, 2.4950280218605667, 3.414906513741644, 2.0387306532713296, 2.897145237538675, 2.2655243206073523, 2.2227823204356523, 2.447074143933873, 2.1401923333817057, 1.957745797607336, 2.442972045645187, 2.9697113359957923, 2.726487670601861, 2.6875508921663958, 2.610654600020146, 2.1792894350536067, 2.4886675365228847, 2.9127392941679027, 2.458178118424541, 3.110558480899374, 2.153768443987548, 3.1640641950725232, 2.2040192135746812, 3.2004324749751443, 2.197961509786508, 2.8435423510763784, 2.3519573671085854, 3.159123158106891, 2.5747520232936068, 2.695429712561544, 2.612961775567954, 2.6181231345217806, 3.1715888793914875, 2.707897522779776, 2.1468148993722678, 2.4010348041998117, 3.060844370697558, 2.1555210309500112, 2.6359020986140527, 3.9328010219913585, 2.629007813871075, 3.6482805020408806, 3.688851455192914, 2.2250272685805106, 2.3216893019120715, 2.1472190461052323, 2.7061586112674556, 2.872480043306867, 2.918926063187928, 2.4713995686531858, 2.5622114973384114, 2.6207659933271445, 2.6057197686174445, 2.720175744882699, 2.079205457920125, 2.126061896135411, 2.231134166702039, 2.0411462057281238, 3.1330546408648994, 3.2188617561103343, 3.082243982291979, 2.614401610879791, 3.2160978571575667, 2.135573499447637, 2.2795667509702198, 2.72906728566805, 2.985996380101616, 2.500615002583647, 2.791310711121, 2.14686912022114, 2.3574816339524016, 2.315968362257255, 3.0672753107426995, 2.283457956840017, 2.539068014581537, 3.8781387386008195, 2.490591106503066, 3.1144890053770102, 2.2727910210943145, 3.0892558290845304, 2.299011149919872, 3.6070484703524532, 2.0890843018259564, 2.198197192904025, 2.9392523213602213, 2.9944234926210904, 2.48783100943977, 2.51335375032378, 3.4800207712933586, 2.284072728991403, 2.6467919461420686, 2.46206588864903, 2.665430105083176, 2.3233215679639496, 2.2695870701312333, 3.5810129989308876, 2.238317203584983, 2.701918192412088, 2.0804432683189877, 2.5632746893988463, 2.395872646583037, 2.212102293293401, 3.9471979983024577, 2.4372820680923297, 3.2849391193548803, 2.213994181321846, 2.86061535538354, 3.0886917834248386, 2.3114901469206117, 2.2223390512718737, 2.0936721621633287, 3.168880441591816, 2.7816838510405524, 2.8414731578878607, 2.3999908077508616, 2.497858192534674, 2.9449957002704945, 2.497854543904009, 1.9099443221274266, 2.145201724064303, 2.507098128263942, 2.3156191087148437, 3.0004026474236434, 2.415950019058553, 1.998950234224574, 2.0785595635371803, 3.3336199142483895, 2.514251246721636, 2.2304273213660064, 3.2631034964176857, 2.525660844862086, 2.0307157500611823, 2.2979214403615065, 2.6529469943386963, 2.370497365912007, 2.3387019407120975, 2.6951365726798184, 3.9599112223482984, 2.9746784537538864, 2.340569423911311, 2.1908234250650955, 2.6850211025966724, 2.35397408936317, 2.5887601204118944, 3.1504194211305268, 2.3871761925768005, 3.2452948501616996, 2.2634707918110273, 2.344477706048934, 2.426374930259909, 2.470756580051762, 2.6612678782753623, 1.9893686439568554, 2.7174994808653716, 2.2854661432809236, 2.389239311338957, 2.992936819443232, 3.2781917569966628, 2.114978555234798, 2.916366383494801, 2.418858938328622, 2.033961027135515, 2.265432806039251, 1.8656391973768243, 2.2171842720856976, 2.6128975374909067, 2.1314419516465253, 2.2830448638083682, 2.3783956660823793, 2.1779734283331527, 2.2558344529274015, 2.638930973018577, 2.8647375916258078, 2.2578130073057068, 2.5616815650390983, 2.590051764780934, 2.6937171273560327, 3.3275888049135443, 1.976797937329925, 2.62231411434815, 2.9370980713442867, 2.0671507013877304, 2.8295698815958374, 3.074482784575374, 2.178850346419506, 2.1707516795044, 3.3354442369837685, 2.0857726044119476, 2.370843421650487, 2.2447125983533955, 2.056153638256578, 2.235353027062583, 2.6257623051084584, 2.277516766387899, 2.7515079429817706, 2.416379284538564, 2.1410131367225036, 2.19853462474247, 2.5021057861939306, 3.3000078410440254, 3.3446468770467983, 2.816597664811969, 1.9939489642175314, 3.8631613919004644, 2.5442063583590424, 2.1958458220936397, 2.4605815627794305, 2.1000425346456946, 2.360311945402698, 2.233210629752459, 3.310788058031615, 2.4214368315375703, 2.197457991770724, 1.9836693513904184, 2.450577573681848, 2.6858315316152974, 2.8605971894308824, 2.347662020759781, 2.330072321473714, 2.450637918095189, 2.340873486454163, 2.5133446903187244, 2.6705416152241743, 2.2823994159364367, 2.466941776720462, 2.3954215848891107, 2.135987290940427, 2.1134886165128366, 2.188074614107869, 2.9025241591004622, 2.9739404204978745, 2.2855326225517416, 2.493067935503283, 2.331838959040379, 2.0882440582915427, 2.6209473960643375, 2.018539685251987, 2.329019630166355, 2.4178128951922155, 2.0605026343236785, 2.642557966501311, 2.7361957088837103, 3.0596281867863278, 2.526911245371255, 2.1274989555425954, 2.5239255857212366, 2.8342463376076896, 2.7623043159728877, 3.0475798208023455, 2.2358428762972853, 2.36852592336405, 2.108505244853797, 2.7732698402305074, 2.5180390681817846, 2.3634784091892986, 2.485750371957698, 2.3021753541471726, 2.36093580733119, 2.966707708555896, 2.3188325484452985, 2.9617876431227734, 2.4738679592423094, 2.1927641792814887, 2.28612628018954, 2.11000545264055, 2.8737420588237543, 2.2165941675172274, 2.0276550084398646, 2.347312640384009, 2.7466009697053155, 2.2619033061913734, 2.144436854957986, 2.4460668189845842, 2.1984806697926724, 2.508671318897762, 2.176503306374499, 2.104864903969338, 2.524521921608183, 3.3248416851717537, 2.561477020804317, 2.313618672020798, 2.283731206931188, 2.038724649786818, 3.819490778868749, 2.4192624424919558, 2.1815137616191183, 2.356551851098288, 3.1685453094984672, 2.6392593323214113, 2.882205016771008, 2.438444409641198, 2.702102738177983, 2.6743528055164303, 2.467944232134567, 2.648152057953346, 2.680883849684406, 2.1857676702483446, 2.6989623664421867, 2.296587787847366, 2.944707252614558, 2.5900545641066914, 3.0342630030397824, 2.5074198278040987, 2.529753490312417, 2.4877307138777884, 3.7424117918947886, 2.96004643257041, 3.370758175383712, 2.1305141780150696, 2.216820247057366, 2.489625759043689, 2.6824085038765246, 3.3694560024017517, 2.593630708197415, 2.866438507301291, 2.1627654371384937, 2.5883566162485607, 2.5314648117964746, 2.372530093715428, 2.4812453468902103, 2.142040865275268, 2.6416465426149656, 2.714336845603674, 2.051496396003486, 3.553489517789388, 2.444778227034747, 1.9270097075612462, 2.3573209231360948, 2.4321496192179923, 2.130659915530088, 2.275530284353026, 2.1439239436352997, 1.9557180849216826, 2.6988274833409247, 2.238522508755001, 2.170988808406748, 2.1363459613078346, 2.532683584628055, 4.1276046295235265, 2.2743207248167208, 2.001490953693385, 2.7432088618667616, 2.3628035407450425, 2.204331357561526, 2.2212853709974603, 2.5790408784732106, 2.697769359563877, 2.1136643913346815, 2.4859840396448947, 1.9982112480148664, 1.9862524546782354, 2.8671758603734734, 2.2579130394228217, 2.1487270454216048, 2.3563862519975736, 2.0359587494535396, 2.587247188426989, 2.0869175316536843, 2.2262041938116948, 2.086989002524177, 2.41987191891356, 2.9777109664299, 2.4967666499490035, 3.000585799075247, 1.8745325208529895, 2.478885174367072, 2.2112322263878736, 2.3309031989220794, 2.3719504766909445, 2.553387739341318, 2.218722261769698, 2.3517082582921436, 2.493342367340225, 2.5840743351768447, 2.7044013904161504, 2.108743054455945, 2.840441122987474, 2.419962539459107, 4.338427110882423, 2.1252972258048324, 2.5179919780282365, 3.593955291482583, 2.5198199535275503, 2.132355871332708, 2.688331828792321, 2.1480190390625507, 2.460869879431212, 2.7086371268299914, 3.8396837492564826, 2.1956171820657713, 2.540637756461825, 2.668813866900065, 2.282022263485549, 1.6846240487101651, 2.0155988514422334, 3.7300061534199154, 2.56216073491798, 2.378257176086394, 2.292229012831729, 2.534398080394075, 2.403614494760103, 2.3703710065040795, 3.9389084794643927, 2.4735028952091516, 3.989728985844537, 2.57318003940486, 3.456904182452053, 3.4777126747815794, 2.775274441693945, 2.5018688289285667, 2.3142846491669893, 2.662260529640762, 2.7199446858444656, 3.930390528414728, 2.7964557204305818, 2.158986134227887, 2.172371926073225, 2.057110013801133, 2.4201290159185502, 2.521709572090149, 2.510224301245233, 2.786339708638865, 2.76615618424399, 2.3632693804104843, 2.624478329789443, 2.9999195455738183, 2.508414540228621, 2.7215807489050743, 2.836754405460948, 2.3368637522711415, 2.726863853338239, 2.4028047361410447, 2.733017357856776, 3.039561274747457, 3.4250399045746054, 2.124385801918487, 3.146785942605371, 2.1381162426861224, 2.5798952655298724, 2.129783840828206, 2.0115391699462815, 2.443426731556916, 3.1057274015010585, 2.473521099785307, 2.0022058575595048, 3.4654946443311325, 2.1357331539949813, 2.2478923553645624, 2.1771284837176252, 2.173601738376993, 2.8581600279315373, 2.303744251739449, 3.205366724605481, 2.598211134812989, 2.4128004313252487, 2.5052521202317917, 2.550565194499562, 2.497086211598009, 2.3746596541215568, 2.5549602744912594, 2.270347124431301, 2.1579273668933276, 2.774721351427195, 2.350178050728422, 2.1124540676488133, 2.4822918620567798, 2.2714369305476545, 2.734421342029882, 2.1466156817368356, 2.952155055029913, 2.4910071543534786, 2.1083895300798243, 1.9924345269163424, 3.199562413478695, 2.6913977733813055, 2.4588929633595193, 2.9193264273809545, 2.24986115287751, 2.226558456217917, 4.077724225188277, 2.184176659966179, 2.40791344221495, 3.460660939493131, 2.521647494526559, 2.496149426482771, 2.133027592817739, 2.2724963341978874, 2.0850734014673504, 2.8416575800308452, 2.361633134643769, 2.728476445523685, 2.232439384806794, 2.731307600021055, 2.6202954262545037, 2.528357698085342, 2.5862026062878, 2.4656757086047736, 2.2735171652435864, 2.3476651122088152, 2.3582081468165694, 1.9481732830079705, 2.3727677723470686, 2.020155666743854, 2.5886944757165185, 2.0629486356698217, 2.1920453546316736, 2.548600184084922, 2.2327506837956803, 2.235387693508145, 2.065626660593503, 2.026374722317126, 2.176959553725661, 2.3788562818257666, 2.995334463230373, 2.225106530980623, 2.5389830532145914, 2.1069464082569866, 3.1083749964130147, 2.3267223029080935, 3.152625948713734, 3.6622973806476, 2.7353414340946287, 2.203521354847135, 2.529782773026181, 2.895824050621038, 3.1149997974569033, 2.9315659386144484, 2.9961943690356163, 2.310995284181629, 2.442614120162149, 2.418666529497064, 2.8038530688571814, 2.7974927501410924, 2.861766434399499, 2.4336383161781727, 2.5061779243715967, 2.4917743914257438, 2.3913618814759046, 2.803730311593871, 2.895494145413667, 3.0599092101551015, 2.9019264524531114, 2.110272490577573, 2.086597732264168, 2.493628867872676, 4.249628455081414, 2.172749424224237, 2.21160668466952, 2.3430738552917725, 2.4630417549282946, 2.4426986286544894, 2.632311641942823, 3.259597218907517, 2.5174618657211725, 2.3141009670700514, 2.3399796916976774, 2.208533930322428, 2.3756617898580092, 2.405118372477939, 3.601138471502674, 2.389721793738664, 2.329400191704827, 2.4758987670295864, 2.370927149845409, 2.214788872295425, 2.377909391834259, 2.483653750987327, 1.7689573128694362, 2.2025000694356276, 2.4382575933119397, 2.4256219440063758, 2.2700303210303474, 3.742808585644714, 2.199920342861977, 3.852136620878767, 1.976801327152316, 2.489437095738181, 2.3435500502797617, 1.983007605850251, 2.3291342605128014, 2.2031907730958764, 3.1097909871042324, 2.999430351084157, 2.2769802447517873, 2.5526350610137647, 2.7095717082813167, 2.3272167535485835, 2.6480589752855206, 2.3279916653857016, 2.2785848091670773, 1.9815848072334035, 2.094795206088797, 2.738583373905629, 2.51500769102229, 2.252388929668974, 2.291400153671847, 2.4353278892784056, 2.2126045862024584, 2.79043235248448, 2.343101440066606, 2.0847009360858113, 1.991218051608307, 2.4519529639062867, 2.3274672874497493, 2.630672118478013, 2.0599309763286517, 2.7600947066489194, 2.8839597187107167, 3.0599678493750275, 2.954648141866493, 3.7321326548386446, 2.301320957293601, 2.4261900073240117, 2.049847314430292, 2.4490363668317334, 2.23614335911222, 3.8727133683702464, 2.6903370857989635, 2.251428429827527, 2.2974554944758165, 2.0529878003757824, 2.6139304550248688, 3.170538199396061, 2.19270995217866, 2.3479092747451773, 2.1088328764394095, 2.825343938682444, 2.12075521740218, 2.4222847931046814, 2.531627116434404, 2.327983088402224, 2.113311736462493, 2.192301969112292, 2.1470051055239177, 2.430415875264168, 2.5230708767818957, 1.9659513169508163, 2.432797257261919, 2.175648909520927, 2.377570242555158, 2.5168368589175145, 2.471962072880513, 2.637134153162813, 2.053069027614427, 2.5237788242098085, 2.8644831412566667, 2.8542651882448817, 2.347987746534991, 2.3078924345508023, 2.144194371394714, 2.3813748853942385, 2.6830716404262933, 2.6865789633220043, 2.329760268791428, 2.099047750782116, 2.54510122908407, 2.2642644052113483, 2.4986768311598078, 1.845100858204368, 3.6468792306766025, 2.09137082541818, 2.061232150030677, 2.726779717716706, 2.0719155127172955, 2.086590853021767, 2.3215324107653426, 2.2065197732086905, 2.5784688511629774, 3.439961665658232, 2.866798462323402, 2.488846340745284, 2.4389986470751364, 2.1395973007978206, 2.4566985980025446, 2.6755223189430697, 2.0189538032766974, 2.1884773197091194, 2.5911771981513416, 2.255273380131866, 2.312782767060264, 3.663593939319642, 1.8752464128342718, 2.1379092585430146, 3.468489361892038, 2.523745728440324, 2.805771679480471, 2.366966968904957, 2.270820712011126, 2.1212793225847912, 3.5561266662301687, 2.3950960735341718, 2.2490610420579085, 2.601305827754901, 4.536819488654275, 2.539789118494109, 2.019943595540601, 2.309112520955768, 2.717597851774616, 2.1900874051688897, 2.3389513189744435, 4.208355465486776, 2.250755981819779, 3.57291656395177, 3.076112572108076, 2.4014329307970868, 2.3957324019539357, 2.2878314108198685, 2.091029457749578, 2.41646799917672, 2.1526663022534414, 2.3215115622516937, 1.9378767299429907, 2.386477061071258, 3.8925497955763784, 2.0948152361748593, 2.081440969974794, 2.623532120961156, 3.1442018493499706, 2.423476732316279, 3.078871070476138, 2.913240492696593, 3.023901614251378, 2.1398544144666363, 2.180947796724538, 2.449368517986858, 2.5127496332162176, 2.6477202681086007, 2.1479303650908714, 2.1923398282053457, 3.4774238318216115, 2.257520893404924, 3.4910812966341087, 3.3412978022532953, 1.986921512863592, 2.625625249090567, 4.13458734354254, 2.3448214152266256, 2.3603027732733457, 2.2588322183094576, 2.1867745884176286, 2.64577534831588, 2.9267301121093547, 2.2949078185687983, 2.689935840442565, 2.248608810434942, 2.1957256466812973, 2.7208973278902024, 3.4029942361104215, 2.4835881537283546, 2.475435740033642, 2.5095527158871502, 2.63223345087466, 2.4131778653886795, 2.474089410741229, 2.6052067539794908, 2.9002631720917647, 3.1074451166596377, 2.2863953418962373, 2.2605704672857776, 2.2896400880092656, 1.9914530571433626, 2.359623198388788, 3.6270325202881546, 2.4192604187222813, 2.840143438754565, 2.05371786530875, 2.4672808515021125, 2.223471349775929, 3.0342967103873284, 2.5511633190258105, 2.707831476701245, 2.25509967286351, 3.4728525459625006, 3.411019210957542, 2.3193587368320476, 3.0152691745983367, 2.403886869093385, 2.0524964573321816, 2.323214175680901, 3.286429598822408, 2.529068259175375, 1.9796673002691858, 3.2909598546201906, 2.5647110118822165, 2.3557812362143395, 3.2937091815853714, 2.2075005080689065, 2.247181502252118, 2.3679661544757633, 2.222556359273767, 2.160458221025073, 2.754417270181773, 2.0871333254652056, 3.060181287935138, 2.529299112339316, 2.5860994931315195, 2.135196573427728, 2.4554460202736736, 2.8230583366583786, 2.1652051898011586, 2.2864514159753155, 3.6276534388082795, 2.175820512106153, 2.1653199516214356, 2.967886951530051, 2.58116245744807, 2.3373741677939908, 2.086609562439766, 2.1408844928953794, 3.3437022819267748, 2.990336519583746, 3.7503680547874936, 4.075807106069498, 2.550017562956612, 2.744501441339937, 2.279871110281713, 4.106023084499771, 2.3240343771185454, 2.2059725955282268, 2.481827623464791, 3.05345163672163, 2.706420851455741, 2.433873268364142, 2.4458455787042572, 2.5165373358135548, 2.342212155086599, 2.244093942948172, 3.2412455280135712, 3.110253293700782, 2.4429337108693807, 2.3371973031565414, 2.7044002013354307, 2.1624005677251623, 2.6275836357607827, 3.1362734476545553, 2.3620896688609028, 2.214087291413274, 2.0986702228590537, 3.0472606635105497, 2.0863093847554675, 2.3081909395159683, 2.9278224442695064, 2.608693954652631, 2.370583227445828, 2.202231066660072, 2.4406171243668404, 3.079825257436889, 2.887008956688356, 3.4858690193855244, 2.300273956047058, 2.586725322609548, 2.5149811098392343, 2.3887057544155077, 2.3102634104025803, 2.139673173375541, 2.324866532350822, 2.4206667133032713, 3.9840782304209776, 3.5104620524038275, 2.0739217343196694, 2.2203295353075796, 2.242823135182938, 2.6728686726195234, 2.098720650157808, 3.3387663344457246, 2.550987744921818, 2.503968230963907, 2.146175920761054, 2.546003383548115, 2.326215770639082, 1.9713282142269586, 2.0844216459807994, 2.4275204511348987, 1.98413836876265, 2.404307635289047, 2.2553153962365045, 3.0011205683422117, 2.3939190366946614, 1.8928996292148035, 2.558808887872414, 2.204452063935173, 2.770698584879631, 2.3208400082665, 2.412934392858352, 2.057582381426795, 2.4055984809951387, 2.3084655718077114, 2.3970610415679827, 2.413083487923209, 2.3645744279757714, 3.152287539657533, 2.2187819515018354, 2.4507867542509074, 2.3917281977903486, 3.758992901137036, 2.4233706658450855, 2.86717860820778, 2.4305043671239344, 2.361485850126697, 1.8363859169582109, 3.0280423290380494, 2.1651473595531847, 2.372023758008357, 2.257174220712952, 2.82725909296269, 2.1301584316938476, 2.1345175262862717, 2.311160310053723, 2.4832839812788805, 2.3688304877052384, 2.9094048059655724, 2.396121247355957, 2.3673862329209543, 1.9702915643974546, 2.1235040554793967, 2.6956871247260006, 3.116600800271769, 2.0264599882017493, 2.35888665723997, 2.5065877127410925, 2.834823103482599, 2.243221290442099, 2.469967922838067, 2.382171880145319, 2.0039129905582236, 2.208800824277707, 2.145815570917234, 2.4537964859355097, 2.3657092446814763, 2.292624589338495, 2.249287765768517, 2.2005398740250905, 2.7170142137646307, 2.0956764716043548, 2.5404843729997704, 2.058321402049023, 3.6502254394853075, 2.1767554936287388, 2.475188264870695, 2.4461669804713675, 2.0577919140469247, 2.3528866611843706, 2.101844612701383, 2.343403631723669, 2.397973473699224, 2.179569307196269, 2.9649672718491407, 2.270317193995343, 2.8496500199724712, 2.5093641496429524, 2.74707310839562, 2.1868395128315976, 2.2256452710062353, 2.588319986049335, 2.910188714434126, 2.2773935642144147, 2.7994555263894214, 2.163260092808679, 2.379837717089238, 2.477976871084975, 2.3691809784659497, 2.3193053129444197, 2.6945905441086566, 2.7831241312664394, 2.412245748981137, 3.137647797919934, 2.2569093030066028, 2.258103732751961, 2.109030998236919, 2.9721950747541923, 2.2779143259978625, 2.475604410376612, 2.5646015065552654, 2.261763363149955, 2.399681677513922, 3.647353218078646, 2.5937283212071764, 2.4146092771158765, 2.553406716360095, 2.5747453390084307, 2.1862031661471684, 2.4787689102662656, 2.1303565472373998, 2.186959927085844, 2.15671435860349, 2.0246566129960915, 2.544857826979622, 2.303880630876055, 2.0541093259737306, 4.3093152012970775, 2.2806491875493453, 2.3551482397833414, 3.873215130317999, 3.9531819187520147, 2.343812155548252, 2.2993241289981294, 2.9058126561827295, 2.107652338169182, 2.6989507135759836, 3.436427052424123, 3.2018652990460086, 2.1612376393234785, 2.907544591290473, 2.696356963208775, 2.717967880287459, 2.7156778490105613, 3.9866822525601044, 3.6236082722015324, 3.96007175448601, 2.163540278033762, 2.8646811086499153, 2.0708251229624524, 1.8726495014240994, 2.2139872775608236, 2.3613827166666495, 2.248845372362627, 2.0737517335117266, 2.9396092006341195, 2.4159836350381982, 2.6866235661473463, 2.250329289335412, 2.1092950094128002, 3.9858013004808903, 3.163305481449306, 2.4402558403373122, 2.217173731864526, 2.4505469798102264, 2.70617925000518, 3.404605670303706, 1.9924483808616151, 3.0936875353047477, 2.624168551213474, 2.101830000860504, 3.198133312235371, 2.8238071645311273, 2.072000778601919, 2.146317378587039, 2.257571535627272, 2.1586405145905516, 3.0872638922414977, 2.3328285677535785, 2.1355026184695904, 3.1400856673062862, 2.281927431637745, 2.1189082283547593, 2.4027315909379325, 2.1852340664044614, 2.234336407319141, 3.9463170882589207, 2.3852075161404627, 2.3031774748332867, 2.3537112915500975, 2.268361278712102, 2.113699067674142, 2.254266145827882, 2.487795482802628, 2.2739241181604526, 2.2722480239435283, 2.322025426528076, 2.319157599949361, 2.6979910511179703, 2.4772405006541978, 2.650392168374173, 2.4522226458777907, 2.638599656438895, 2.2265662472315664, 2.897953335461956, 2.294670866459875, 3.147496699256816, 2.345409525180636, 4.03348427486843, 2.0706201474416925, 2.095922764943307, 2.034499032686626, 2.93176834458553, 2.34492528145947, 2.5293404332941276, 2.375295554294973, 2.4878845328280286, 3.59963487389353, 2.8224832448631694, 2.1152888658569404, 2.126661902054306, 2.751963408565311, 3.240088402784881, 2.3910439556330094, 2.2080327641247375, 3.196702351663533, 3.9493127991026005, 2.8065096356415413, 2.1544051187203954, 2.270637456043727, 2.209313031982812, 1.821597661809712, 2.7611008684897898, 2.192556527546806, 3.2848175656471934, 2.371350334645102, 3.908450979220925, 2.8230055662535722, 2.8631095072893413, 3.7984626858250734, 3.568009529037047, 2.3430681188077283, 2.273344727566948, 2.3495862629846553, 2.3534368051783354, 2.4177168840567256, 2.534518155718124, 2.4208773349031794, 1.9812985017590423, 2.9668552620116726, 2.4359433821792327, 2.21604318843185, 2.4714188951216656, 3.4348880420126084, 3.3463180885194483, 3.1396676668596877, 3.817156712458873, 2.2847443419077385, 2.7768062403934426, 3.8813234015580926, 2.4138133478226043, 2.1369849925962336, 2.313255246294253, 2.23026884298901, 3.0195386496356242, 2.854028040473681, 2.2052764897832984, 2.2821614519426756, 2.4432528071572857, 2.081749660554989, 2.4829800699171916, 2.0559830699580015, 2.44000787343463, 3.661099509500182, 2.357393909898664, 2.2436808040936063, 2.0345672107960375, 2.3655841497088255, 2.5053743647984623, 2.1942599264298717, 2.8330721485727914, 2.239836060858065, 2.36401150498966, 3.200803615267141, 2.8548964462683255, 2.8332729811945967, 3.561941079526097, 2.6344348812385374, 2.8862458292039195, 2.2638646939978213, 2.0757806124738303, 2.303213428960535, 2.2722169914156902, 1.9525866167139316, 2.136839037703414, 2.604161676304693, 2.615597565819585, 2.775946136105282, 2.7954786747666427, 2.4641340568444856, 2.994663693719928, 2.3492639396367387, 2.416089536564627, 2.2935983041111845, 2.0430621698461997, 2.634611786563745, 2.982306213821557, 2.3544376290557545, 2.25647719693017, 2.2314556862344443, 2.36139128739617, 2.282005269053999, 2.1733073237344622, 2.1437435376356166, 2.0777450803189152, 2.3011093415663213, 2.7061472503140283, 2.6463392054750523, 2.3846110413146993, 2.1675901661350263, 2.488999572623718, 2.6448870258548403, 2.2658555777399227, 3.008465617512047, 2.3857197477699943, 2.0835421548988022, 2.370549680853488, 3.3109634593233985, 3.637178141481487, 3.4323547810244897, 2.7374239371715374, 2.1454605573726853, 2.170169910973341, 2.394189886446467, 2.846190937666393, 2.3154315183421237, 2.918598880815561, 2.030961564515704, 2.1184400329657156, 2.2535951999997996, 2.2013491387093795, 2.1423340682566945, 2.589550665268316, 2.0180760094324546, 2.5166096641772713, 3.01103915264165, 2.4674301316176477, 3.290764813499573, 2.0054914488602513, 3.182509261585926, 2.63219467535724, 3.048090494154359, 3.7656422158104914, 2.1224804417678893, 2.704857214677405, 2.996567736404141, 2.0006400462598224, 2.473284144137307, 2.02738312440141, 2.6659913919703557, 2.0772685045083343, 2.5524750116447117, 2.4903783921298714, 3.2541055079322154, 2.744860520604159, 2.5800390802207547, 2.390111643664055, 4.197008298570597, 3.6446591274240556, 2.801001177586767, 2.4045810987029728, 2.56099274116678, 2.6996965972927565, 2.192171887696407, 2.5668926450766065, 2.630114314428259, 2.230191804134839, 3.6177482729747004, 2.3953984930290764, 2.2503810206384034, 2.4307555951705218, 3.0937510080464987, 2.89810298660705, 2.754635451706621, 2.934208668635567, 2.1785070630466024, 2.7640424017485654, 2.558123956709568, 2.5506401283380997, 2.0623131120660974, 2.1659762266774982, 2.6583182778082435, 2.1085360703128373, 2.869826976069557, 2.4062569613324776, 3.802916010459136, 2.441188456430258, 2.2314729300021083, 3.365344340333913, 2.3605088227274225, 2.6185331090433484, 2.1751085260322616, 2.5347621424489417, 2.1686194557985967, 2.4855350363205058, 2.302586649840126, 2.342939341893287, 2.3912417691506156, 2.6669697690871486, 2.2607859100467573, 2.6418347401442674, 2.751276428983534, 2.0628186538515556, 2.217666616656752, 2.8312629175506028, 2.253143264148823, 2.3229943312126933, 2.384110894856642, 2.212691077193808, 2.6761162699956382, 3.625984027897422, 2.004392839329441, 2.5256372687295423, 2.4369140290336295, 2.2964645349349344, 3.7475194370466136, 2.7726807594605942, 2.2734471782880936, 2.652680201484887, 2.751826397053829, 2.5649740420428273, 2.0686298035542654, 1.9813537407467083, 2.631930133220054, 2.486694278971878, 2.519342424763274, 2.307935697439012, 2.4406510178538103, 2.1156949430159173, 2.153654420197373, 2.195150698461498, 2.786204177954953, 2.812707553166608, 2.6755421534550714, 2.399191713018304, 2.353770553973596, 2.045104040103911, 2.287513917425528, 2.5350321069872224, 2.108456962304338, 2.3268737841026983, 2.984632941458012, 2.137303761836248, 2.2324611794198703, 2.309003691083959, 2.5313899692673907, 2.4659914510836463, 2.248488548971469, 2.26831697587748, 2.827487285622301, 2.6425939212878133, 2.250234475752273, 2.695175057788314, 2.0067055279660684, 3.8513769674014453, 2.562691976280982, 2.510078259258832, 2.8031071236078993, 2.5828305275474275, 2.8041050506098157, 2.6001710111500613, 3.614105868970597, 2.0581894736568884, 2.3819872841603233, 2.3411497178209566, 2.155295359790717, 2.7498385534088556, 2.4210721884582296, 2.301219109573126, 3.252726187240684, 3.2033486771095814, 2.447893994320976, 2.443305609276256, 2.6811666079051326, 2.3499405905759763, 2.4544365009501825, 3.0016173926508314, 2.1412983348515566, 2.6576887039143293, 3.539810808828067, 2.397310489940229, 2.1634172515561865, 2.5217971564652144, 3.5756350233125973, 2.233110615900009, 2.1109568276920605, 2.2397182143460332, 2.133377661586059, 3.4169080375868672, 2.3665664608271744, 2.358465909308973, 2.2106227780278447, 2.8443343568291524, 2.08294016587671, 2.2076477023789356, 1.8924178156050535, 2.5459060268760325, 4.22298107990505, 2.5313773811961866, 3.4884885011627103, 2.194597373314778, 2.3085520994292565, 2.135442446813392, 2.231898259745073, 2.396057263884976, 2.215418404922552, 2.1957921848832567, 2.2415898293032486, 2.305768266335456, 2.477383055415623, 2.0050913934504506, 2.4414309712694315, 2.9108634335085593, 2.833276908731695, 2.1034277266998704, 2.163077249940301, 2.1967957721612916, 2.2500098837797236, 3.723273076358009, 2.1408550250213008, 2.115873148452501, 2.542879821924274, 3.5784378593256454, 3.4874415050726078, 2.774657412437328, 2.2880476114764536, 2.0110302648961564, 2.295531031073392, 2.647606201941474, 2.2037898443257404, 2.3275773298233826, 2.9345781440257026, 4.128280585215949, 2.2190712958450347, 2.0988614998266826, 2.4055158548920965, 2.5164200781934407, 2.472564256863707, 2.1722702018747952, 2.9541310937428773, 2.9071648973176965, 2.32838274888068, 2.4478017553343197, 2.1538405939570007, 2.115800842490596, 2.2018197616735313, 2.524745900182841, 3.2319830010473813, 2.6924324852143324, 2.8673850451447396, 2.169585787487571, 2.224978986031052, 2.539806516653386, 2.834105762747784, 2.8988737536649363, 2.3255568912144864, 2.180567748483017, 2.4000193507328196, 2.0471366906145376, 2.6399210636558377, 2.1013137442004175, 2.1707413332438015, 2.2797315400984544, 2.604627363385986, 1.9680656933849625, 2.4581004897787895, 3.0939065181111713, 2.562919434356455, 2.295767570083294, 1.9407149179735088, 2.2614938574746697, 2.3631389114147288, 2.7898453122450544, 2.2702344828416976, 2.3216087308546043, 2.434129556409829, 2.115702688122309, 2.454117923631639, 2.351381936636098, 2.6029038666805646, 2.4960498928526773, 2.3583746988709793, 2.544961712578525, 2.77611731360342, 2.3103376550835573, 3.4155812361063926, 2.1250478447344947, 2.25038536341449, 2.4563474797225413, 3.4729495986364705, 3.6060909068293086, 2.695163385690565, 2.4277617093897144, 2.5823590206331923, 2.059831493437506, 2.2971718934709293, 3.1200653136571983, 2.246076244453367, 2.9471397830457016, 2.768259309390921, 2.6775216537981548, 2.004015500210511, 2.15310446660838, 2.427210766317696, 2.011958932550166, 2.2984300078105893, 2.215777180644329, 2.332515052460588, 2.3590916536267628, 2.575435365655116, 2.7676783525428177, 2.4901866807628035, 3.340966109217434, 2.149092554364936, 2.137229835832395, 2.343469717063671, 2.3183612484989955, 2.333182085275431, 2.6758269896391558, 2.311811988344467, 2.4747122774360615, 2.2568255157835506, 3.496948346784387, 2.6284456670452343, 2.5081835607346425, 2.76330885901261, 2.273391045277874, 2.417574901523393, 2.38928221470887, 2.2343508831339363, 2.291915820430717, 2.502518211634004, 2.464248595041776, 2.2910203879844544, 2.5103673025215474, 2.0292371288181794, 2.614529677322383, 2.6604848903872247, 3.3247333801042807, 2.481262157255086, 2.0998479267868166, 2.3920876335144716, 2.363741218176236, 3.7321195170149912, 2.0751892932046254, 3.4362633758946255, 2.5326508726238046, 2.3534413331186133, 2.2433925030120108, 2.213849327419513, 2.3171743588303335, 2.2386981275843936, 2.8448700475760584, 2.4187270413093773, 2.1480796327111404, 2.5354054663913153, 2.1424237358485465, 2.4603784821095873, 2.2422943743038677, 2.310493357652889, 2.38578577377252, 2.4874520324332097, 2.042956270371521, 2.140376505773471, 2.594627189902935, 2.1462192831498936, 2.453830932301038, 3.286763996428608, 2.8682858213260873, 2.2765570010209526, 3.1107594750162404, 1.989596261690018, 2.310628103132123, 2.362271731431863, 2.2139207982900055, 2.370160048900092, 3.153058806663736, 2.519265653509881, 2.151382644572976, 2.3225960456842007, 3.6600554340103004, 2.408639328657342, 3.6500065797312544, 2.0878900782078103, 2.1084121285084123, 3.7333585374151763, 2.7760208152865635, 2.3582768330703683, 2.20775530273131, 2.030370756845622, 2.8851251642000086, 2.0249300701560604, 2.1441899696874853, 3.4602174816433453, 2.0987891531983007, 2.782101055273516, 2.3577262742756777, 2.2884232089735037, 2.5160790923479586, 2.443180170111208, 2.3377406703574946, 3.0758725628954204, 1.8351502513086435, 3.4151711687257214, 2.1639518083537648, 2.032074558953092, 2.4882192836142276, 2.2248784412172973, 2.15238445741745, 2.2747035364588575, 2.6635391924102385, 3.070738098841448, 2.7553488019668224, 2.3116868161760102, 2.2317774321978288, 2.2445328876005286, 2.142597598509043, 2.503061895738546, 2.654658854744614, 2.3435098393686142]"
2.0,9000,0.6279656981731687,0.6279656981731687,0.022656679153442383,0.31299923309597844,"[3, 2, 3, 4, 2, 2, 2, 4, 2, 3, 1, 2, 3, 1, 4, 1, 3, 1, 2, 1, 2, 3, 2, 4, 2, 4, 2, 3, 3, 2, 2, 2, 2, 2, 4, 2, 3, 2, 3, 4, 3, 3, 2, 2, 2, 2, 3, 3, 3, 2, 3, 3, 2, 3, 2, 3, 3, 2, 2, 2, 3, 2, 3, 1, 3, 2, 3, 3, 3, 3, 3, 2, 4, 2, 3, 3, 2, 2, 2, 2, 3, 3, 3, 1, 3, 2, 3, 2, 3, 2, 2, 2, 2, 1, 2, 1, 3, 2, 3, 2, 3, 3, 2, 2, 2, 2, 3, 3, 3, 4, 1, 3, 2, 2, 3, 2, 3, 5, 4, 3, 4, 3, 3, 2, 2, 1, 4, 2, 2, 4, 2, 2, 2, 5, 2, 4, 4, 4, 3, 2, 3, 3, 4, 2, 3, 3, 1, 3, 2, 3, 1, 2, 3, 1, 3, 2, 3, 4, 3, 2, 3, 2, 3, 2, 2, 2, 3, 2, 3, 2, 3, 4, 1, 2, 3, 2, 3, 3, 2, 3, 4, 2, 3, 3, 2, 2, 2, 2, 2, 2, 3, 3, 3, 3, 3, 2, 3, 2, 1, 2, 2, 3, 3, 3, 2, 3, 2, 2, 1, 3, 4, 2, 2, 5, 2, 4, 2, 3, 3, 1, 1, 1, 3, 3, 3, 2, 2, 1, 3, 2, 3, 2, 2, 3, 2, 4, 2, 3, 1, 2, 4, 3, 2, 2, 3, 2, 2, 4, 2, 3, 5, 2, 2, 3, 3, 1, 2, 3, 4, 3, 4, 3, 3, 2, 3, 3, 2, 4, 2, 3, 5, 3, 4, 2, 3, 3, 4, 2, 3, 2, 5, 3, 3, 4, 2, 4, 2, 2, 2, 3, 2, 2, 3, 2, 4, 3, 4, 2, 3, 2, 1, 3, 1, 4, 2, 4, 3, 1, 2, 2, 2, 1, 5, 2, 3, 3, 3, 2, 2, 4, 3, 3, 2, 3, 2, 4, 3, 3, 2, 3, 5, 2, 2, 2, 3, 1, 3, 3, 3, 2, 3, 3, 1, 1, 1, 3, 4, 3, 2, 2, 3, 2, 5, 2, 4, 1, 3, 2, 3, 4, 2, 3, 3, 2, 3, 4, 2, 3, 1, 1, 1, 1, 1, 2, 2, 3, 2, 2, 2, 3, 2, 2, 3, 4, 3, 3, 1, 1, 3, 2, 4, 3, 3, 2, 4, 2, 2, 3, 3, 4, 4, 2, 3, 1, 2, 2, 3, 1, 3, 3, 3, 2, 2, 3, 2, 2, 2, 2, 4, 1, 2, 2, 4, 3, 4, 3, 2, 2, 2, 4, 1, 2, 2, 2, 3, 2, 3, 1, 3, 3, 4, 3, 2, 2, 1, 3, 1, 1, 2, 1, 4, 2, 2, 2, 3, 2, 3, 3, 2, 1, 3, 2, 3, 2, 2, 2, 3, 2, 2, 1, 2, 3, 1, 3, 2, 2, 2, 4, 1, 1, 3, 2, 3, 2, 2, 3, 3, 3, 3, 3, 3, 2, 2, 2, 2, 4, 3, 2, 3, 4, 4, 1, 3, 2, 1, 2, 3, 1, 3, 2, 3, 3, 2, 4, 3, 2, 3, 2, 2, 1, 5, 4, 4, 2, 4, 2, 2, 1, 3, 4, 4, 2, 3, 2, 1, 2, 2, 2, 2, 2, 2, 3, 3, 2, 3, 4, 5, 2, 2, 2, 1, 3, 2, 2, 4, 3, 4, 1, 2, 3, 4, 2, 2, 2, 2, 3, 2, 2, 3, 3, 3, 3, 2, 3, 3, 2, 1, 3, 3, 3, 1, 2, 3, 2, 2, 3, 5, 2, 2, 4, 1, 1, 3, 2, 1, 2, 5, 3, 4, 3, 3, 3, 2, 4, 3, 1, 2, 3, 1, 1, 2, 2, 5, 2, 3, 4, 1, 2, 2, 3, 2, 4, 1, 3, 3, 2, 2, 1, 2, 3, 3, 2, 1, 2, 3, 3, 3, 3, 2, 3, 3, 3, 2, 1, 4, 2, 3, 2, 2, 3, 2, 1, 2, 5, 2, 2, 2, 3, 3, 2, 3, 2, 1, 1, 3, 3, 2, 2, 3, 2, 3, 4, 1, 3, 3, 3, 2, 2, 2, 2, 2, 5, 3, 3, 3, 3, 3, 4, 3, 4, 4, 2, 2, 2, 3, 2, 3, 1, 3, 3, 2, 3, 3, 2, 3, 2, 3, 2, 2, 3, 3, 2, 1, 3, 2, 2, 4, 3, 1, 3, 2, 2, 3, 4, 2, 4, 2, 5, 4, 2, 2, 3, 2, 2, 3, 2, 3, 2, 2, 4, 4, 3, 3, 4, 2, 3, 4, 4, 3, 5, 2, 1, 2, 5, 3, 2, 3, 2, 2, 3, 5, 3, 3, 2, 2, 2, 3, 3, 3, 3, 3, 3, 1, 3, 3, 1, 2, 3, 1, 2, 4, 3, 2, 3, 3, 2, 2, 3, 2, 2, 4, 2, 3, 2, 1, 3, 4, 2, 1, 3, 3, 2, 2, 3, 1, 2, 3, 3, 2, 2, 3, 2, 1, 2, 3, 5, 3, 3, 4, 3, 3, 2, 3, 3, 4, 3, 2, 3, 1, 3, 4, 3, 1, 1, 4, 2, 3, 4, 3, 3, 2, 2, 3, 2, 3, 2, 1, 2, 2, 2, 3, 3, 1, 3, 2, 2, 2, 3, 1, 2, 2, 3, 2, 2, 3, 2, 4, 1, 2, 2, 2, 2, 3, 2, 2, 3, 4, 1, 4, 3, 1, 3, 2, 2, 2, 2, 3, 2, 2, 2, 1, 3, 3, 4, 3, 1, 3, 4, 1, 3, 2, 4, 3, 2, 2, 3, 1, 2, 5, 2, 4, 2, 3, 1, 2, 2, 1, 2, 3, 2, 3, 3, 2, 2, 2, 3, 2, 4, 3, 3, 2, 3, 3, 3, 4, 3, 2, 2, 4, 5, 2, 3, 3, 5, 3, 1, 2, 3, 3, 1, 2, 3, 3, 3, 4, 4, 3, 4, 2, 3, 2, 1, 1, 3, 4, 2, 1, 1, 3, 3, 3, 2, 3, 3, 3, 1, 2, 3, 3, 1, 3, 3, 2, 2, 2, 4, 3, 4, 2, 3, 5, 2, 2, 4, 2, 2, 3, 2, 4, 2, 2, 4, 1, 3, 2, 3, 2, 2, 1, 4, 2, 2, 3, 2, 3, 2, 3, 4, 4, 5, 4, 2, 2, 2, 5, 2, 2, 4, 5, 3, 2, 2, 3, 2, 2, 3, 2, 3, 2, 2, 3, 3, 4, 1, 2, 3, 3, 2, 2, 3, 4, 1, 2, 1, 3, 4, 1, 4, 3, 3, 1, 2, 2, 2, 2, 5, 3, 2, 2, 3, 4, 2, 4, 2, 3, 2, 3, 3, 2, 2, 2, 2, 2, 2, 3, 2, 3, 2, 2, 3, 2, 3, 3, 2, 2, 3, 4, 2, 2, 2, 3, 2, 3, 2, 3, 2, 2, 2, 4, 1, 3, 4, 2, 2, 3, 2, 2, 3, 2, 3, 3, 2, 2, 2, 3, 3, 2, 2, 1, 3, 3, 3, 2, 2, 3, 3, 2, 3, 1, 2, 3, 2, 3, 3, 5, 3, 1, 3, 2, 3, 2, 2, 4, 2, 3, 2, 2, 4, 3, 1, 3, 2, 1, 1, 3, 3, 3, 3, 2, 2, 4, 3, 3, 4, 2, 3, 3, 2, 3, 3, 2, 3, 2, 4, 4, 2, 4, 2, 2, 2, 2, 4, 2, 2, 2, 4, 2, 4, 2, 3, 1, 3, 2, 3, 2, 3, 2, 4, 2, 2, 2, 3, 2, 3, 3, 4, 2, 3, 5, 2, 2, 3, 2, 2, 2, 4, 4, 2, 3, 3, 4, 4, 1, 1, 2, 2, 3, 2, 4, 2, 2, 3, 3, 1, 2, 2, 2, 3, 2, 3, 2, 3, 3, 2, 3, 1, 5, 4, 4, 3, 2, 3, 3, 3, 3, 3, 2, 4, 2, 3, 2, 3, 4, 2, 2, 2, 4, 1, 2, 3, 3, 2, 3, 3, 3, 2, 3, 1, 1, 2, 1, 3, 3, 2, 3, 4, 4, 2, 4, 1, 1, 1, 3, 3, 3, 3, 4, 2, 4, 4, 3, 2, 1, 3, 2, 3, 1, 3, 2, 3, 2, 3, 2, 4, 4, 3, 3, 2, 3, 4, 2, 4, 2, 2, 3, 3, 2, 2, 1, 1, 2, 2, 3, 4, 3, 3, 2, 2, 3, 3, 2, 1, 2, 3, 2, 1, 4, 3, 2, 1, 2, 3, 3, 2, 2, 3, 3, 3, 3, 3, 2, 2, 3, 2, 2, 2, 3, 1, 3, 3, 3, 2, 2, 3, 3, 3, 3, 3, 2, 3, 3, 3, 2, 3, 1, 3, 2, 4, 3, 3, 2, 2, 2, 2, 3, 3, 2, 2, 3, 2, 2, 1, 1, 4, 2, 3, 2, 3, 3, 3, 2, 3, 3, 2, 4, 5, 2, 3, 2, 3, 3, 2, 2, 4, 2, 2, 3, 5, 1, 2, 2, 2, 2, 2, 1, 3, 2, 4, 1, 2, 2, 1, 2, 4, 4, 2, 3, 3, 1, 1, 1, 4, 2, 4, 2, 4, 3, 3, 4, 2, 3, 3, 3, 2, 2, 2, 3, 3, 3, 2, 4, 2, 3, 3, 3, 2, 3, 3, 3, 3, 3, 3, 4, 3, 1, 4, 3, 3, 2, 3, 2, 1, 1, 3, 2, 3, 2, 4, 2, 2, 2, 2, 3, 2, 3, 2, 1, 2, 1, 1, 1, 4, 3, 2, 3, 3, 3, 2, 4, 3, 4, 2, 3, 3, 5, 2, 2, 2, 2, 3, 2, 4, 2, 1, 1, 2, 2, 2, 3, 2, 3, 3, 1, 3, 3, 3, 3, 1, 4, 3, 2, 1, 2, 1, 2, 3, 2, 1, 4, 2, 2, 3, 4, 4, 4, 2, 3, 4, 2, 4, 1, 2, 2, 2, 3, 3, 3, 2, 2, 4, 2, 2, 1, 4, 3, 3, 4, 2, 4, 3, 3, 1, 5, 4, 4, 3, 1, 4, 2, 2, 3, 4, 5, 1, 2, 4, 3, 2, 3, 2, 3, 2, 3, 3, 2, 2, 2, 4, 4, 3, 3, 3, 2, 1, 4, 3, 2, 2, 3, 3, 2, 2, 2, 1, 1, 3, 4, 3, 2, 3, 3, 2, 3, 3, 3, 2, 2, 3, 3, 1, 2, 2, 2, 3, 2, 4, 2, 2, 2, 2, 4, 3, 3, 3, 2, 3, 5, 3, 4, 4, 2, 2, 2, 2, 2, 3, 2, 2, 2, 3, 2, 1, 3, 2, 2, 1, 3, 2, 3, 2, 3, 3, 3, 3, 2, 2, 2, 3, 2, 1, 2, 2, 4, 3, 2, 2, 2, 2, 3, 3, 2, 2, 3, 5, 3, 4, 2, 2, 2, 3, 3, 2, 4, 1, 2, 1, 2, 2, 3, 1, 2, 3, 3, 2, 3, 1, 2, 4, 3, 3, 3, 2, 2, 2, 3, 3, 3, 2, 2, 2, 5, 1, 3, 2, 1, 4, 2, 3, 2, 3, 3, 2, 3, 3, 1, 3, 2, 3, 3, 3, 3, 3, 3, 3, 3, 2, 4, 3, 2, 1, 2, 4, 1, 2, 3, 4, 2, 3, 3, 2]","[2.705263825163921, 2.116393931491142, 2.3713357191609314, 2.5537310002414633, 2.0475759116004504, 2.2824696221061536, 2.048762722964537, 2.5156367188803648, 2.2506039151721646, 2.5310794860804955, 2.0047090378066583, 2.2040000961012876, 2.7200224259731858, 2.0703083506932303, 2.307673436328775, 2.1102155740048256, 3.0232957066371844, 2.161621519119957, 2.093581977202355, 3.7422079344265855, 2.108247027469362, 2.446504748356723, 2.0253981963328065, 4.457872662365597, 2.930968494576985, 2.5388535480509384, 2.409842984776355, 2.285266946788063, 2.5433738561547927, 2.0283654488557517, 2.5447043804650487, 2.0473439101040944, 2.050060783886962, 2.0852534822005446, 2.6827745932039133, 2.5590519381746875, 2.5368897446498497, 2.347013355146335, 2.54634216981527, 2.085665362524188, 2.3266204278811684, 2.872523492441188, 2.0598335340438463, 2.6854982935368423, 2.1799034244855626, 2.6773863681131926, 2.271823579825669, 3.0613652918161964, 3.777450490220706, 2.2712347012207377, 1.8927663173219509, 2.4532826903226166, 2.604018927523013, 2.3931273538193123, 2.0699831183018933, 2.606482063937007, 3.0916835935105165, 2.3186199700758388, 2.027240134024316, 2.403987400774017, 3.0229831142037247, 2.2246037540477004, 2.352799306753933, 2.1047150527491296, 2.664397587460103, 2.0050243195928577, 2.4227756824232554, 2.0046522028187566, 2.990592899067474, 2.9230364259598822, 2.619290111189973, 2.854214337796188, 2.8033809437967694, 2.895484528964108, 2.3674147832854358, 2.3841185083566376, 2.0726996335043952, 2.3192449148620344, 2.430952818480439, 2.2581370797415246, 2.455949022104296, 2.106278821722249, 2.4328571395201704, 1.9806141726158808, 3.302647687728102, 2.0700041848983552, 2.80347736546461, 2.449720600241041, 2.730904465810752, 2.358606623207244, 2.071886193945688, 2.1731113821302155, 2.113650065639778, 2.157132348358421, 2.117742014374527, 2.650714453522318, 2.3705513246118146, 1.9809223724398652, 2.536243211109188, 2.4894154115114553, 2.3145270252286285, 2.6458875000566597, 2.092101847099444, 2.194768169772155, 2.268612338330901, 2.864694760028729, 2.6599506778076067, 2.072442621027559, 2.1878998229138964, 2.892708411215581, 3.7922597457957483, 2.7350726978911073, 2.095174611894882, 3.2577035885798877, 2.3158275119578615, 2.9492129882444154, 2.62658465133158, 3.6570330638318342, 3.4654718709548433, 2.447440732755275, 2.9467577550014696, 2.4944758474242232, 2.6292520850427827, 2.371876022808943, 2.5853182899358154, 2.2690071103463367, 2.5641644151440035, 2.0932814868562244, 2.763824246298113, 4.5524342145905665, 2.3509562036762364, 2.336782916405253, 2.2948705835439176, 2.9404796325489047, 2.1849168397411827, 2.5723905557911757, 2.777633780274097, 3.290994457384947, 3.7494391178065447, 2.292608658599538, 2.0938318180718847, 2.3271162032666757, 3.094099340255699, 2.397618411015545, 2.399507596218985, 3.13030181818769, 2.140018697822997, 2.4710006856861, 2.3328988157662853, 2.4522121062643105, 2.0919550980849406, 2.514795096199174, 3.1980256695119467, 2.389459311373565, 2.989832515879712, 2.3796399630005713, 2.2349169488944876, 3.5222516650289957, 2.4696226613422114, 2.2859542095563015, 2.993219660261831, 2.069881191833054, 1.9806023394638257, 2.3014947887269854, 2.3508697858081966, 2.3366363466809323, 1.9817970395959492, 2.6930077863571698, 2.1025290571971045, 2.221685942358649, 2.4280962641221624, 2.241189475324868, 3.8362934400982613, 2.3786609913185806, 2.406738775251739, 2.0697538869073613, 2.4980811421709257, 2.7662744486333164, 2.0055945520187928, 2.545831970667661, 2.6714103811961722, 2.249608930780398, 2.351059658738742, 2.387946267999016, 2.947593263721795, 2.060700990721617, 2.1366495663556297, 2.3733762803998233, 2.0944181866142593, 2.1796658649935443, 2.5162891854489327, 2.501376675500634, 2.3369532420787755, 2.5847627496695162, 2.4830500118082575, 2.3072576412149983, 2.6054262300663087, 2.7290634461314696, 2.1968186258338713, 2.2705518745600948, 2.494171130695107, 2.9343271809884754, 2.34453467754704, 2.6871981642777745, 2.0041028576991007, 2.418077959148826, 2.2940517788028516, 2.125730588253717, 2.2061716587936084, 2.502974049378717, 3.234802258135047, 1.9823050583285031, 2.5501236687027444, 2.7351282532620735, 2.163334551057916, 2.1608356006042873, 2.268900970558205, 2.4347291425611677, 2.1553240233072657, 2.4206029849186868, 2.3809179989249434, 2.523860354092093, 2.2783643720351088, 2.19455798589577, 2.5619176228091587, 2.972343753959628, 2.3611246641775465, 3.1023113903894797, 2.100089715720981, 2.431347077592098, 2.3250883497722583, 3.335890646058993, 2.0284230906494756, 2.3177806916901433, 2.1919019472671355, 3.231371151207749, 2.4268361916777748, 3.032948305504967, 2.22782896326541, 2.303768192971375, 3.045076114860064, 2.3330688313430588, 2.2663706393143834, 2.2854648527936003, 3.1104479572127905, 2.4692998493683405, 2.3198605605177303, 3.9980138115911092, 2.4282464882545414, 3.442644535819126, 4.411525662958253, 2.2501165909325866, 2.312895301769618, 2.0061145831935843, 2.5333113005095136, 2.7398105195503293, 2.6290844394065718, 2.7824587354432526, 2.6071517280613055, 2.2675956530104964, 2.7400207711522713, 3.040688474337651, 2.2813826160848283, 2.0265541697854763, 2.5627005961005085, 2.382368712295892, 2.9268828861757243, 3.1457482356548683, 2.6902574460425477, 2.7158610963470364, 3.406450141355097, 2.24779137655373, 2.4935137632404007, 2.102477076605562, 3.404538509549888, 2.503119274426668, 2.8957220102507426, 2.269074523455015, 2.4286200942535685, 2.2370544580752743, 3.5014941853200856, 2.293614476524234, 2.567087405231442, 3.879413202694689, 2.2923457680365664, 2.9822876991068297, 2.0723472386503863, 3.3242670054908254, 2.169536156597886, 3.3723929508171437, 2.246582960722633, 2.1432236422418383, 2.8502423021524947, 3.198492334443372, 2.4507868466316434, 2.509374379734331, 3.7812468963207286, 2.5356099581840494, 2.6596584113486137, 2.30718888342995, 2.7263211477447786, 2.13662930656499, 2.2932539239669145, 4.204862435160724, 2.0882205254583077, 2.5181355238053826, 2.2043792813144827, 1.9845579216010933, 2.6308032389864904, 2.2707701603574777, 3.4924053531542016, 2.5578794611292057, 3.7214773286676452, 2.0681164296691703, 2.4105116907690873, 3.0407458169576485, 2.3656408084762304, 2.104574578891019, 2.023009773268557, 3.2785449081242213, 2.442285985758836, 2.0967369390289754, 2.138622206590295, 2.5618692830642473, 2.842296012007011, 2.183145094156183, 2.357968784859327, 2.7056061668052145, 2.345266429628463, 2.2415984154324198, 3.257756658010584, 2.1977854920230753, 2.0022605614272257, 2.0798477158063817, 3.5302312834737606, 2.241134955318484, 2.7078214763021036, 2.591786585050951, 2.5298319045204036, 1.9820967231362576, 2.2750100361754972, 2.6829913801810346, 2.1911990700810353, 2.6188125848521646, 2.96755514512785, 4.327247382010928, 3.036098029667999, 2.628513802174988, 2.4912070157503576, 2.2845175692257618, 2.13742607213671, 2.6274879803312317, 3.305319368862977, 2.1592786446581087, 3.4094043596955497, 2.147622804704567, 2.3161901263522817, 2.836149567709837, 2.1949899517280995, 3.1775860311775457, 1.9810219681363304, 2.453499721088721, 2.0936662435882027, 2.6153791129571275, 2.453515016536559, 3.0898261630873765, 2.047255609689137, 3.093710973597781, 2.1391126548849484, 1.982181079167197, 2.472156838428953, 2.1568167079918563, 2.0918913604250067, 2.879767344997417, 2.026694016127948, 2.3430599684088005, 2.1590504082555886, 2.2698830325336994, 2.0928960129635157, 2.6638485360236244, 2.739609266320299, 2.088727289159583, 3.0779174650684284, 2.0062434853173485, 2.761779984262591, 4.276197984278557, 1.980695211778441, 2.2073697654392026, 2.6979776908264084, 2.625024161118062, 2.778916633711649, 2.813973630016533, 2.086674775148545, 2.490685281318831, 3.5085760598910376, 2.0045173766013997, 2.258618472223604, 2.1291810367149258, 2.4247378765426335, 2.1636613074158055, 2.9542762030538077, 2.0934596116526927, 2.565984210497955, 2.139048200064284, 2.268922306089941, 2.270130252654895, 2.604245998539346, 3.2318156422723745, 3.1923740720271936, 2.646942416540747, 2.0177151459885554, 3.8160552860265824, 2.2891863791149767, 2.2913371326241467, 2.5378127154854746, 2.2048887343684975, 2.116601280587383, 2.0923079411644063, 3.848827120912655, 2.2314668756450424, 2.0284100024661416, 2.3058483172111153, 2.686753506933982, 2.4254301632225586, 2.7852291785181142, 2.628365281057743, 2.094825713199435, 2.339651896867417, 2.315809203318545, 2.643814730882095, 2.342889647082484, 2.1850218272068216, 2.397926581525552, 2.1750775560152276, 2.468792099571061, 2.063986262150516, 2.5246743268942344, 2.340590605182516, 3.036078845618455, 2.1146575060721253, 2.846010347743635, 2.1326305498542144, 2.475880161539935, 2.407334672362221, 2.160791123115868, 2.208075096905548, 2.560075864407832, 1.9828709877900546, 2.428598703818368, 2.5152780488699626, 2.9851212449190307, 2.204889913277806, 2.447581923774116, 2.074637517788839, 3.2971560757425866, 2.47397763340203, 2.8896440735220974, 2.5079618127163035, 2.095825255967738, 2.047087345852715, 2.436143295395698, 2.179449606789369, 2.442509995318943, 2.2038199991128105, 2.0941005740556853, 2.2260069727916325, 3.139921014178034, 2.1871536471486848, 2.8542238850972406, 2.7083484394629047, 2.2492779611032163, 2.493684268204106, 2.0471263414674423, 3.2812271765557877, 2.379943513284091, 2.0575349950311983, 2.0952738490109817, 2.6488516531101864, 2.072064229097065, 2.0270317988320703, 2.78044114765349, 2.291405621473921, 2.3624371579596746, 2.2488552844976066, 2.0050136518269897, 2.497115451485572, 3.4453437030787932, 2.747199822888843, 2.4537631952880967, 2.3481498759953014, 2.2242844038718794, 3.8359096694622874, 2.1391231433606337, 2.2882621178054183, 2.0955140082106483, 3.1955412049731717, 2.4745277333317675, 2.2285075942975676, 2.1396217493585983, 2.710172133435018, 2.7555388063663386, 2.229973289882425, 2.6500213176761727, 2.3587430626551305, 2.0490956648337284, 2.8526858600561886, 2.564114726375516, 2.526594397473304, 2.3357254417277526, 2.8532309914754372, 2.318880307756428, 2.5839751240093323, 2.253327704690758, 4.0384871591653875, 2.4892342004715093, 3.546079955032142, 2.247659867204752, 2.0499028292360424, 2.403921166574647, 2.818716805336151, 3.865948533385043, 2.590347127575496, 2.7745356145022892, 2.06948729130176, 2.6274774918555464, 2.383731937682147, 2.2083541712507655, 2.182713363396349, 2.2689490203271565, 2.40758547828707, 3.0158184726278208, 2.024615953265881, 3.3298003947510795, 2.1817654562006505, 2.3794019079984037, 2.0955339990660145, 2.229042863479535, 2.586372172960893, 2.093407976080088, 2.0480080009406496, 2.401137672965802, 2.634208712478575, 2.146974312113903, 2.027721976390202, 2.468801422660559, 2.51561466117967, 4.190845793245905, 2.1143660698802194, 2.2023270362387186, 2.5922103173874773, 2.689884833273075, 2.0285886651331575, 2.250019326008496, 2.4226543029695975, 2.4975571782352852, 2.4822787562165587, 2.7366228859151795, 1.9812518181504943, 2.1599518657708585, 2.7396726453998674, 2.2929504753327703, 2.2481332829320535, 2.3164996708526364, 2.2242125085086344, 2.2064582541505833, 2.225537104378092, 2.46843467569593, 2.2045494276978226, 2.1181494513146113, 2.6939139490948287, 2.2014038757153402, 2.9696939270307228, 2.3570483090615744, 2.161375243013394, 2.3906495379676107, 2.094560073753145, 2.316904239149798, 2.805579427426572, 2.1254701004174037, 2.1373671753117076, 2.8417775551094864, 2.2063757806665616, 2.7056512755958453, 2.0806322896456813, 2.7389777166518954, 2.1391413413141733, 3.9181152080224164, 2.0475238278023893, 2.4747713849034234, 3.7460693076510667, 2.2370595520546233, 2.0267177720771494, 2.3013730076542687, 2.4481153120675154, 2.2324918776192826, 2.5946799173063004, 4.041839937134628, 2.6117526473024073, 2.584258043917562, 2.3260753557508966, 2.493577590545426, 2.2891433244260555, 2.1817042150801527, 3.6904968378800014, 2.8662401027044737, 2.738058572007392, 2.3316013823595005, 2.4567364714430613, 2.117726864354093, 2.095873216091598, 3.2782968460506865, 2.1825121101663183, 4.303304220900334, 2.463656686600371, 3.4682009774072786, 4.1467970901043625, 2.710889324140639, 2.3459824157969824, 2.1657130146210215, 2.6982990248145082, 2.6981064525930787, 3.819691082365797, 2.7378343831571024, 2.2274104178515657, 2.1401827614038207, 2.0037723362473754, 2.3042482374272066, 2.1837651692528963, 2.5126612739507883, 2.7964128733248885, 2.642409760913861, 2.355955181445039, 2.4703950569722113, 2.4058036163298713, 2.5453010804325347, 2.348436484875397, 2.738881886049266, 2.5579717148241894, 2.432420716859473, 2.388152012659528, 3.116880915093851, 2.5861321777199793, 3.2560551946405547, 2.0265106022710913, 3.614321364172293, 2.047857038606854, 2.525809123984562, 2.302169179954243, 2.5287475139975837, 2.842524713301792, 2.8765695933833544, 2.528143728959606, 2.0023451863934394, 3.613064268228236, 2.047795093848747, 2.1055716804427718, 2.269861069486324, 2.482319057636649, 3.009551606962928, 2.186761449874126, 3.366387420018875, 2.387430398988318, 2.159944707686673, 2.183337382877081, 2.2729608141043736, 1.982837453008333, 2.3589537290008646, 2.463183091582887, 2.350837334285136, 2.2273828968085283, 2.6609194590836442, 2.6211751709987805, 2.047189989482285, 2.1407614970497377, 2.3508656621339954, 2.505579251964605, 2.1185237326345985, 2.656388305883849, 2.2180235475536554, 2.0051052691103264, 2.2020916282288923, 3.5872265129365415, 2.5678373226292246, 2.382132779938639, 2.562017321673836, 2.3137307132717075, 2.4711463589595075, 3.52460790534217, 2.6327776851866758, 2.554413593712289, 3.4390335941482717, 2.1837635556412525, 2.2376747145016345, 2.1181705309747674, 2.1143186476269067, 2.246478703481419, 2.7180198021419466, 2.374199709434675, 2.4940878639283843, 2.3471495056220917, 2.4938742186350646, 2.2858704810410013, 2.604928376974532, 2.9742374434383754, 2.361319552606093, 2.1143451825739397, 2.7960118279974315, 2.3375365626880447, 1.9799511575204214, 2.537915450642814, 1.9818222298666124, 2.6078401127176103, 2.445904036599736, 2.0702483781271317, 2.6809723807515735, 2.138383975703402, 2.3106520230042347, 2.0962809258547357, 2.0029734191934634, 2.0488667112704775, 2.2996210270280546, 2.499203787546083, 2.471108618376059, 2.8233177538912306, 2.0470468262714347, 2.89288876325237, 2.5915797479623657, 3.165016071258017, 3.7378522697523446, 3.1669086579627566, 2.3967059689538064, 2.4046777501047663, 2.6599584179387556, 3.14251762714752, 3.0651084925099985, 2.7414928779206824, 2.4174537672727605, 2.2521549676060095, 2.210405331409519, 3.1783619611854954, 3.0204963092572332, 3.36136698258485, 2.6053628439123715, 2.5134080083856327, 2.1829870498601722, 2.844911904581103, 2.8945114318788607, 2.906038265370406, 3.1087592373326927, 3.093335629600392, 2.2261441809365627, 2.042297740146247, 2.1620457196921192, 4.053126088466925, 2.1032855721228185, 2.0707568450851426, 2.3920043489611658, 2.6032305885898777, 2.1817114002105797, 2.4592815852309444, 4.211462043266562, 2.8804963026712667, 2.757380463600611, 2.2251293681466198, 2.3785492035085802, 2.6851390676851774, 2.1878788370665188, 3.9462762289105866, 2.608181789451088, 2.479715981964569, 2.3825748198839753, 2.337867173784861, 2.270839993883622, 2.1590377682977113, 2.27387838234989, 2.5333149406778492, 2.0285410635896626, 2.178893487513779, 2.139288448909042, 2.1477933096682724, 3.460698077951139, 2.249463974667721, 4.057748215503167, 2.201685267029904, 2.1802238206690814, 2.095176046216343, 1.9991436823508475, 2.0948013297345938, 2.0495485518351155, 3.0213072859243577, 3.0421542960469314, 2.272456563815534, 2.5981020420863365, 2.2303401912087715, 2.0947514870638155, 2.6307135482469675, 2.6617256248085814, 2.51447777361656, 1.9808196391652038, 2.297039550416369, 3.116738358357954, 2.1626014296132596, 2.289078190553438, 2.6841691122446063, 2.539254368686198, 2.249506445400325, 2.741093399255664, 2.5706830818488786, 2.2464690218115555, 2.0188289562733015, 2.394501613069365, 2.0734812280149955, 2.2998742313723617, 2.445825597144825, 3.1928091142104846, 2.718832144918872, 2.9883397364241406, 2.729416898951833, 3.6714706287581365, 2.336057866906595, 2.2592052085222583, 2.0401576728559814, 2.602866539873996, 2.7301443866426984, 4.237293974915116, 3.037376895136578, 2.271792383333887, 2.272988786722746, 1.9826756511360517, 2.746498987800168, 3.51522004035505, 2.2702660860089425, 2.0952893576117813, 2.047095862136391, 3.1192808038337834, 2.0474057652171105, 2.6822893852617042, 2.6050133605211108, 2.511181198789649, 2.4682026830955817, 2.266035327801811, 2.448088956410665, 2.7788495290319672, 2.1628110198367834, 2.2517113809950846, 2.181454029153378, 2.490812577348516, 2.3343111568877326, 2.2202126299097924, 2.377891883719682, 2.3045952377848793, 2.0246568314275266, 2.183818956307693, 2.789058881879066, 2.6103470605351373, 2.3494596723081846, 2.073259646389919, 2.448015895661233, 2.2091487551236932, 2.6719185334530526, 2.431373572547675, 2.675505620991988, 2.2468419453914787, 2.2560037599820717, 2.3647461296656958, 2.362177366485007, 2.3562832778521843, 4.168455157363237, 2.246642395418183, 2.041638400499532, 2.2730537929370795, 2.004157182624445, 2.246518147321603, 2.3884090548314565, 2.070624618575434, 2.825342774107068, 4.124826275707502, 2.5606519372878243, 2.4039009067840067, 2.3396365885974864, 2.0059164675417502, 2.302829215581489, 2.6717223003481365, 2.057308820465779, 2.4701564978610677, 2.498893699322468, 2.3999017448864683, 2.0733867631294216, 3.5672041481228094, 2.3570668655954794, 2.268841625507746, 3.2969683789582023, 2.6664534988086963, 2.775835452916798, 2.537764667599201, 2.493286423288794, 2.4420153043910195, 3.7676287243723334, 2.1175054409785137, 2.3137099156105196, 2.332649661701372, 4.127132246982937, 2.2516455264550723, 2.0573345486069896, 2.3106902544707193, 2.47252832016985, 2.2116080438175496, 2.1370355781188866, 3.872755124948619, 2.0507849369347064, 3.8960864138327267, 2.50040423263446, 2.442644651422032, 2.1693478033649995, 2.109312310064608, 2.02564355494777, 2.118060971609471, 2.098543388669663, 2.073613654855572, 2.379684379681177, 2.13286598783904, 4.079500991997232, 2.0047524260308607, 2.004404782366692, 2.650778307671333, 3.6374271723432896, 2.5011141826689425, 3.0404826134625065, 2.3981455769661006, 3.1674236386563193, 2.047902219732883, 2.2279812777931403, 2.181884773817208, 2.20030165044646, 2.4403569863321573, 2.043891988450418, 2.282805693038648, 3.9220709209672933, 2.092939849413175, 3.7573154281052603, 3.4118998101028377, 2.159969256918576, 2.7204462086760057, 4.391027730935027, 2.073932322114556, 2.207703458331903, 2.1475022320567314, 2.4911017724131392, 2.444554156545631, 3.180656703903709, 2.293912098227442, 2.2637014314105226, 2.6185350334140898, 2.449355372615851, 2.5925160786953976, 3.7258893646591833, 2.266954049187629, 2.1405832826081785, 2.183449170305966, 2.2789252813715457, 2.285780493160165, 2.228948228238093, 2.248904154595501, 2.501747132135006, 3.472367815376497, 2.2727012949148584, 2.1307780340419282, 2.1147642733758967, 2.6020669817813236, 2.3711577526139602, 3.7383144877974885, 2.539123956119002, 2.958275891036478, 2.403685027880969, 2.5058071925651286, 2.092054783426497, 2.7973326255885693, 2.6671661772847512, 2.8910081970241177, 2.121343608627401, 3.6837012897307506, 2.8858012169144347, 2.3910550282430907, 2.6891248134723114, 2.1345033254571404, 2.041411329483199, 2.4946483115162437, 3.486312464625901, 2.162966912650602, 1.9807697964944255, 3.1896013847434475, 2.6666664150765147, 2.1374730461645655, 3.6010105741834675, 2.708410324932035, 2.233562620829709, 2.516801105448499, 2.513021399462851, 2.069427318735662, 3.0177122160062027, 2.022839806175399, 3.009342747922031, 2.417501642759758, 2.481946685450395, 2.447782011617959, 2.236571045976979, 2.758683271001828, 2.248561607178417, 2.514682254069878, 3.907161890405603, 2.0278475691631517, 2.2695541246936184, 2.8726694870267244, 2.8482804578014087, 2.5579849822977057, 2.221308945878609, 2.609810923001081, 3.68240850763339, 3.1544159663885307, 4.241063995164421, 4.3262439880486685, 2.426193257082773, 2.7251668241125793, 2.124689979137578, 4.178947954365604, 2.3297256395725534, 2.161712811685707, 2.9295453059400605, 3.1287290031768515, 2.5830992999819538, 2.1814819984218725, 2.2266963943180267, 2.425610226449464, 2.1652541513735146, 2.071601301845449, 3.016716210447327, 2.4299483452321127, 2.28655395100814, 2.738675467765493, 2.662533025101199, 2.3399240038239766, 2.931269729152164, 3.072624839193207, 2.42992466929266, 2.0918108591329942, 2.281888572980282, 2.7841217288671656, 2.4590604915028673, 2.09155446527579, 2.823562559689274, 2.635614295514852, 2.3588477685029154, 2.028534071272539, 2.1396782257661346, 3.142134193797994, 2.139899641624149, 3.257636354761392, 2.6777745263504134, 2.7100696262758053, 2.7143030311780976, 2.18745221607689, 2.4902500997851766, 2.0059184397337595, 2.153438846706737, 2.3571599007867055, 3.90286923592398, 3.5315591741869135, 1.9832197968404104, 2.0919731167482976, 2.3039226679156117, 2.4857197965702915, 2.4048548066777036, 3.5027384317736874, 2.278663984002248, 2.1623144756759194, 2.269056504791658, 2.644830149845232, 2.407150733698511, 1.9805530346635953, 2.0254717949527867, 1.9600396626439756, 2.1598969133298747, 2.3387348486238215, 2.34200630080442, 3.032769421326883, 2.317475278381555, 2.3365361995907983, 2.491749825573147, 2.028591802711354, 2.534988918748619, 2.0945857332899505, 2.7389599534006916, 2.4220725397912726, 2.1387679695087938, 2.1613416032655968, 2.2308332641395383, 2.317686192240763, 2.7796819787393785, 2.954803519239442, 2.286528372843134, 2.2364499354585954, 2.6516850448139015, 3.798262258646133, 2.618968780245168, 2.677354149779949, 2.339415792737546, 2.1741954483165635, 2.1350667791000277, 3.2705053057700955, 2.303088400720717, 2.1504444735991965, 2.3843665693880354, 2.4966555682792824, 2.0659372471440864, 2.2801178942403704, 2.115323658745781, 2.870474257189751, 2.402853488808614, 3.4134324443558133, 2.359511590404197, 2.3587646675032548, 2.3805269538945657, 2.6977866585600405, 2.9540295099977985, 3.322101016203909, 1.9819861010935593, 2.095574697937477, 2.345253162154947, 2.7388316847981224, 2.5135585528500863, 2.1824202239477075, 2.3368003618337196, 2.002389560713646, 2.4706847763842616, 2.11850293497341, 2.2323080155369697, 2.1167415751553107, 2.3273915114586483, 2.0717363073529884, 2.344802647905218, 2.893790786048271, 1.9837852780765053, 2.4387819210181205, 2.041562740042451, 3.4179768630804217, 2.0881380012002015, 2.6035463186015337, 2.3403143778405946, 1.982800526748271, 2.5583882059184977, 2.263684026701378, 2.2780428373321255, 2.6102011946900276, 2.0279450133774253, 3.361672009628542, 2.49327333510546, 3.2005419175804226, 2.495536652112109, 2.4354623512819735, 2.3261594681944477, 2.6883838952736516, 2.5462051482364862, 2.740790698978906, 2.114445943656592, 2.959774012275001, 2.2485110473469083, 2.5380992230800357, 2.324038963952062, 2.171692996696145, 2.09454584122431, 2.538934587213499, 2.386610330701081, 2.264766729758319, 3.0899214038237175, 2.147785131165877, 2.0929549994336094, 2.005121943097313, 2.6598989272420246, 2.1144594800653826, 2.5527773056468575, 1.963602875734067, 2.391963017845743, 2.189255197024679, 3.9908077522625804, 2.3685077839047097, 1.957001581602874, 2.6768771659225297, 2.6481132219072636, 2.070096519342423, 2.2329571356432734, 2.047655337151367, 2.249127088414512, 2.2483409009635684, 2.2158113024417503, 2.2544797545584947, 2.606570598466257, 2.4792130345123287, 4.037260481979667, 2.1145305686228055, 2.4456617047376783, 4.058008882388062, 4.418507762542557, 2.095182859243284, 2.3360059623987164, 2.3757325255034005, 2.4443635664543546, 2.472330853074341, 3.4929257382822447, 3.1620364039469515, 2.069447578526302, 2.319731569208302, 2.8043546321888293, 2.2725375058154373, 2.4934679470811676, 4.124214127487603, 3.7715780928716143, 3.7008478437619154, 2.6295387991410006, 2.7492802458372614, 2.043405433765698, 2.3569993628417096, 2.091808259425346, 2.384372835648421, 2.050735273554111, 2.1832158106101196, 2.847780898566388, 3.0116806975605956, 2.467503037518281, 2.0717633801705695, 2.0471078745786286, 3.998365253830778, 3.3706872078884165, 2.6026383034714757, 2.4686914019450725, 2.381915838817626, 2.5423443927250706, 2.820500533443968, 1.981102021202886, 2.948406227146186, 2.4983465121604325, 2.004934764146621, 3.2227127129973328, 2.3693807644354563, 1.983169864524541, 2.048070214634031, 2.3097109796095614, 2.3239087996605687, 2.549771795928427, 2.3890355635756606, 2.2058104651975285, 2.653110707180617, 2.3648723707533694, 2.005378686638876, 2.2855089581785335, 2.0700713290717596, 2.271348102261267, 4.102175362111518, 2.2371503966748243, 2.9440760423328536, 2.6224974539261843, 2.114211163162405, 2.0472223513602543, 2.1306141628149815, 2.2038731586519678, 2.1143557606947163, 2.1143121931803313, 2.07362701197418, 2.867761221794321, 2.5171815299193887, 2.6500205358371223, 2.283617442863741, 2.3057482271422227, 3.0861736969507136, 2.25149996751362, 2.7950009557037276, 2.0939055063369563, 3.143893209780025, 2.201911381544117, 4.3254311074011955, 2.6251143440799374, 2.5534481499414685, 1.982195063801444, 2.436673332678032, 2.208488540066751, 2.5802356932553474, 2.5715199187764224, 2.338030522551002, 3.7252471780443956, 2.934782667697511, 2.0640330568881886, 2.0433391471722, 2.8474580672606327, 3.1416877656868336, 2.2298249453282, 2.270664379149711, 2.952748352084491, 4.161074898761431, 2.3168180826994673, 2.648281741155839, 2.1142703289226814, 2.121005368521907, 2.134682380948415, 2.586371184597153, 2.119717894896174, 3.4104316924421645, 2.5378786065102785, 3.3674684152436036, 2.5117691347966957, 2.277653614354263, 4.115461947925684, 3.663344799449324, 2.337143020737116, 2.1143407003193735, 2.3373124499597253, 2.2087097841521475, 2.2820112070841034, 2.5459796041287936, 2.176924035631395, 2.201802164228995, 2.6122018031510503, 2.8667273848337764, 2.2666524446105103, 2.161468405303969, 3.2110632619321566, 3.973912232741701, 2.3218605560283714, 3.635561329442975, 2.2936479141432997, 2.8970291732120668, 3.7479698931287655, 2.3017144788708297, 2.26881760062327, 2.0733990445069335, 2.0922314739015038, 3.1093742779539593, 2.914613092120698, 2.1173460561738198, 2.1850156416955198, 2.6027162050558394, 2.0799306375158597, 2.1827584548772867, 2.0582713398113635, 2.876826521424923, 3.6870413028949267, 2.558218128139563, 2.488000354950048, 2.2760021595814197, 2.2417123843184967, 2.5133871210793535, 2.4493172734520368, 2.538785738712544, 2.129054278555788, 2.09570791054319, 3.1625080658056794, 2.3726041208396462, 2.0938213131826275, 3.405611129076306, 2.4706538623508743, 2.1188902708317783, 2.051125677926843, 1.9832681155446361, 2.094127557228175, 2.090619377328151, 2.4010562752228766, 1.8055571011762042, 2.643472905252856, 2.6395224383307156, 3.0668761418348236, 2.529368247044363, 2.582269446856641, 2.5753124585926606, 2.5528890892891707, 2.3363386264366257, 2.0938776267135535, 2.4243975837759537, 3.183104364520273, 3.4044425893021675, 2.3332184005168686, 2.3477743319086453, 2.4712736549891927, 2.5586092707137116, 2.185863495793382, 2.0487717771187617, 2.4689937113814566, 2.095411129508583, 2.729103031450239, 2.6725183487591258, 2.4836711019338384, 2.2305096453598456, 2.08638208392536, 2.643708877159411, 2.5274984857306313, 2.0721669623717265, 3.5150310704645644, 2.580231186415124, 2.2464389010608694, 2.1519238357672923, 3.3238567540223785, 3.918746330046622, 3.6453811557986, 2.894321305698748, 2.042642993367949, 2.0696797593128404, 2.580451354759425, 2.5996325939209526, 2.4068704134979293, 2.700086375859281, 2.0030926471649293, 2.4683359853463855, 2.2928382396784284, 2.0495006813563466, 2.047966674553548, 2.477816240100459, 2.2027581394829134, 2.2381609016716753, 3.3833400809288183, 2.6522936996196744, 3.6520349084762476, 2.42342099015103, 3.5359442236005045, 2.6496065298385996, 3.193963345369223, 3.3564551631694695, 2.4630360601099888, 2.7246435206096655, 3.10253216447028, 2.0190738666628087, 2.4106863150597877, 2.6239904635699625, 3.1322685129134644, 2.534343318809446, 2.4336610777586065, 2.4347770176670505, 3.122738840051209, 2.4735242085300944, 2.460799619797745, 2.237277871994692, 4.21363937029097, 4.41037695075798, 2.7379525353874725, 2.1387415242068517, 2.570026897471168, 2.493339775641255, 2.491242066981067, 2.205929168821567, 2.5418392337011255, 2.325768666370344, 3.6665893309300994, 2.538503701732106, 2.0717647248469393, 2.181400959259312, 2.42951939347011, 2.9056247632392584, 3.0219916151651587, 2.8908398862384903, 2.168808930089631, 2.959546838930997, 2.472418742913193, 2.5862022248978604, 2.424897982675745, 2.069570750881786, 2.991336110858149, 2.301616876546573, 2.4107511328080236, 2.189093229143735, 4.056468800759738, 2.194554255785162, 2.4712741032146495, 3.1278594127460027, 2.169949898669363, 2.382553688228079, 2.069808131083622, 2.63186956195849, 2.2486503558188313, 2.9904347636075355, 2.3360907666551123, 2.164088257290707, 2.6852111631376894, 2.852187143614048, 2.0720351840874747, 2.2285794719700047, 2.3674954385197444, 2.02491025810071, 2.4499256946868777, 3.491499704082548, 2.147687238726147, 2.5324015125984185, 2.2472660259624355, 2.2497959304409076, 2.333094639953446, 3.832413163378737, 2.381413364557613, 3.0988299258481633, 2.5224529991719424, 2.3515162165617602, 4.043691991758971, 2.9890426439663553, 2.3143437960512974, 2.5299239165929324, 3.1724628011444764, 2.8285543147309773, 2.025061310079597, 1.9808136329440849, 2.449599220787383, 2.7471065204206933, 2.6550021821282987, 2.2561313679857244, 2.2993767260822646, 2.0262846966409453, 2.006281860934002, 2.045119409040876, 2.4745988738849305, 2.6569854333043827, 2.3765583907465744, 2.7902542500045495, 2.3584107486826933, 2.1116649389301054, 2.1851547708772605, 2.1841114682406952, 2.0470860908214363, 2.136721641009057, 3.1124015731146084, 2.4478367847687608, 2.513278860165144, 2.5530273816900895, 2.8637560789842005, 2.403306828763778, 2.3136950345253595, 2.2722313753461187, 2.689204544548443, 2.751723570987832, 2.147278746844052, 2.6625804683951975, 1.9814726140104346, 3.835054317761255, 2.5677014741070363, 2.8870882009181367, 2.8750233771573273, 2.5016664519339256, 2.6797762251177897, 2.519784131877732, 3.523938712252974, 2.003800395160961, 2.1339340791272097, 2.095113653232779, 2.086062499174777, 2.8607921328308565, 2.6302734664717433, 2.2190497787518613, 2.93662895683702, 2.6984656014028774, 2.139867376908836, 2.1817271777466534, 2.702011965726294, 2.095342158570573, 2.2101503210996913, 3.498123096011042, 2.060488980080627, 3.0075976678490304, 3.738737923376924, 2.3751270879044593, 2.069504234224021, 2.3431321828203817, 3.522938721259214, 2.0923053414567576, 2.405172867461734, 2.347005825339778, 2.024041857205012, 3.506964893250262, 2.2810145121596377, 2.095563761236335, 2.2707317026132983, 2.9907308646319875, 2.2044441843606037, 2.5422853629984576, 2.136523242898828, 2.184394119213651, 4.0180427544376, 2.205006003671075, 3.440575041240419, 2.291304681101086, 2.09426632782955, 2.2477879700402594, 2.3203805014484904, 2.3175308583381784, 2.486441375258274, 2.249356669493402, 2.4837258499383488, 2.5280664763509884, 2.536906071500122, 2.4234105913204362, 2.3606893476140596, 3.1607724178785075, 3.1182942840717187, 2.025965829051093, 2.4694962617634397, 2.2493827562149784, 2.129318731575205, 3.610734485237518, 2.426939559985641, 2.668269695777622, 2.3839554358190074, 4.333137798623358, 3.840548691536115, 3.1150865047104874, 2.5303083296909175, 1.9815850289549592, 2.4939287303681565, 2.6290175945245555, 2.2495645564601907, 2.136739928607688, 2.619977420665816, 4.190863363683805, 2.1935553447001848, 2.042616518091008, 2.2256480846200413, 2.425607178516359, 2.1980722966452317, 2.069734353173459, 2.1206548448094718, 2.5404244299413277, 2.3523458818819973, 2.5259575152463913, 2.227276667375305, 2.226287882017961, 2.5619386128242234, 2.5838449593367248, 2.581778593453537, 2.8948360060527354, 3.1410223213791078, 2.745183705165999, 2.2501153359013077, 2.218107216398864, 2.7388130386191265, 2.4959731844547535, 2.294708774154071, 2.1034887975448586, 2.159612482978213, 2.382524425819528, 2.7172177724766096, 2.0621977618677514, 2.490685012383557, 2.183434801284041, 2.248889094220158, 1.9804682304071994, 2.1818245112751495, 3.1425002147058847, 2.7485806894073193, 2.0939340134759985, 2.6175175023385435, 2.0930431205583844, 2.316675195941456, 2.51294389456763, 2.272281218016897, 2.586893792780557, 2.464816967185112, 2.441870348278343, 2.5610195582842383, 3.0401325818385323, 2.662450524089433, 2.1621086505462315, 2.137540459273244, 2.2724366322491445, 2.274049011700313, 2.224358868586658, 3.260164373799594, 2.4685077453413693, 2.3137443393255896, 2.2704661226975866, 3.698993231548722, 3.7447203426671005, 2.840057656266168, 2.4693906294897414, 2.4060443895220565, 2.603844375007077, 2.5904787477497644, 3.143180172723605, 2.120776175998382, 2.935958642240872, 2.7618394616157205, 2.79928442923, 1.9814026908391988, 2.2692366017801358, 2.3029146381776098, 2.0025987027117136, 2.0940032194865035, 2.0918547852277447, 2.243222395931912, 2.2214060011564025, 2.5626396133161187, 2.572669328016636, 2.382658975584046, 3.198202377055045, 2.469132750918106, 2.064603378959215, 2.2951743907584268, 2.3365008033028447, 2.2949069794509964, 2.7391406267496095, 2.353099946415246, 2.3628978176156727, 2.5264614017898515, 3.736466554943454, 2.4282318761046553, 2.1834135812047095, 2.5557863685450912, 2.293352802502649, 2.321284110625472, 2.392872582469759, 2.29205077615552, 2.419660300446707, 2.2042558535468455, 2.7726201818405154, 2.16932844892128, 2.2041726418614074, 2.224037790225637, 2.3905570493796513, 2.349253484710352, 3.632459210335562, 2.2851806481589994, 2.002180768399937, 2.820200697245101, 2.295414080691951, 4.41265035027405, 2.3684933672169772, 3.6117774854571447, 2.34137759859874, 2.573987208721956, 2.4922862319641657, 2.091804673621693, 2.131064569728811, 2.2504719440746093, 3.2004176694838424, 2.4515344920826587, 2.269105988882071, 2.4261006747441174, 2.047969005325922, 2.140191892139442, 2.5680627558293714, 2.536009485315411, 2.1511350785837, 2.603865096546295, 2.2243943983989385, 2.2604654512204267, 2.4273528163390963, 2.042662715288041, 2.2272368437745564, 3.3207114002292126, 3.0921283103094757, 2.293435096696488, 2.5213968011653467, 1.981027884712358, 2.677191752787607, 2.358631723832816, 2.0708169969414234, 2.13514432673114, 3.0886181618378257, 2.7850463145360904, 2.027212344046004, 2.3363236435616956, 3.989786754460111, 2.1178574772521572, 3.757198723158839, 2.8953161095003637, 2.0470849254352492, 3.6621172828404336, 2.616569074200876, 2.4813641455980338, 2.1084156498861493, 2.424067689839868, 2.6283644135396926, 2.039509987071139, 2.4270262467889547, 3.447297567112857, 2.025845256403257, 2.7164717210598095, 2.358513571602446, 2.272754006228559, 2.2174904581705297, 2.3814371129892504, 2.374763457439035, 3.124077272185422, 2.3350350925365166, 3.497247298285809, 2.0695181292131766, 1.9821320433022407, 2.869778201147097, 2.0920913586237586, 2.1195255969993614, 2.1143760204853566, 2.3205332991228236, 3.570326131615457, 2.715489100173081, 2.4948401347192646, 2.2712815856035022, 2.0926022459992346, 2.4479743899839486, 2.635107138692138, 2.9986905782987736, 2.186277417155041]"
2.25,9000,0.6348981271861173,0.6348981271861173,0.024660110473632812,0.3185143258974527,"[3, 2, 3, 4, 2, 2, 2, 4, 2, 3, 1, 2, 3, 1, 4, 1, 3, 1, 2, 1, 2, 3, 2, 4, 2, 4, 2, 3, 3, 2, 2, 2, 2, 2, 4, 2, 3, 2, 3, 4, 3, 3, 2, 2, 2, 2, 3, 3, 3, 2, 3, 3, 2, 3, 2, 3, 3, 2, 2, 2, 3, 2, 3, 1, 3, 2, 3, 3, 3, 3, 3, 2, 4, 2, 3, 3, 2, 2, 2, 2, 3, 3, 3, 1, 3, 2, 3, 2, 3, 2, 2, 2, 2, 1, 2, 1, 3, 2, 3, 2, 3, 3, 2, 2, 2, 2, 3, 3, 3, 4, 1, 3, 2, 2, 3, 2, 3, 5, 4, 3, 4, 3, 3, 2, 2, 1, 4, 2, 2, 4, 2, 2, 2, 5, 2, 4, 4, 4, 3, 2, 3, 3, 4, 2, 3, 3, 1, 3, 2, 3, 1, 2, 3, 1, 3, 2, 3, 4, 3, 2, 3, 2, 3, 2, 2, 2, 3, 2, 3, 2, 3, 4, 1, 2, 3, 2, 3, 3, 2, 3, 4, 2, 3, 3, 2, 2, 2, 2, 2, 2, 3, 3, 3, 3, 3, 2, 3, 2, 1, 2, 2, 3, 3, 3, 2, 3, 2, 2, 1, 3, 4, 2, 2, 5, 2, 4, 2, 3, 3, 1, 1, 1, 3, 3, 3, 2, 2, 1, 3, 2, 3, 2, 2, 3, 2, 4, 2, 3, 1, 2, 4, 3, 2, 2, 3, 2, 2, 4, 2, 3, 5, 2, 2, 3, 3, 1, 2, 3, 4, 3, 4, 3, 3, 2, 3, 3, 2, 4, 2, 3, 5, 3, 4, 2, 3, 3, 4, 2, 3, 2, 5, 3, 3, 4, 2, 4, 2, 2, 2, 3, 2, 2, 3, 2, 4, 3, 4, 2, 3, 2, 1, 3, 1, 4, 2, 4, 3, 1, 2, 2, 2, 1, 5, 2, 3, 3, 3, 2, 2, 4, 3, 3, 2, 3, 2, 4, 3, 3, 2, 3, 5, 2, 2, 2, 3, 1, 3, 3, 3, 2, 3, 3, 1, 1, 1, 3, 4, 3, 2, 2, 3, 2, 5, 2, 4, 1, 3, 2, 3, 4, 2, 3, 3, 2, 3, 4, 2, 3, 1, 1, 1, 1, 1, 2, 2, 3, 2, 2, 2, 3, 2, 2, 3, 4, 3, 3, 1, 1, 3, 2, 4, 3, 3, 2, 4, 2, 2, 3, 3, 4, 4, 2, 3, 1, 2, 2, 3, 1, 3, 3, 3, 2, 2, 3, 2, 2, 2, 2, 4, 1, 2, 2, 4, 3, 4, 3, 2, 2, 2, 4, 1, 2, 2, 2, 3, 2, 3, 1, 3, 3, 4, 3, 2, 2, 1, 3, 1, 1, 2, 1, 4, 2, 2, 2, 3, 2, 3, 3, 2, 1, 3, 2, 3, 2, 2, 2, 3, 2, 2, 1, 2, 3, 1, 3, 2, 2, 2, 4, 1, 1, 3, 2, 3, 2, 2, 3, 3, 3, 3, 3, 3, 2, 2, 2, 2, 4, 3, 2, 3, 4, 4, 1, 3, 2, 1, 2, 3, 1, 3, 2, 3, 3, 2, 4, 3, 2, 3, 2, 2, 1, 5, 4, 4, 2, 4, 2, 2, 1, 3, 4, 4, 2, 3, 2, 1, 2, 2, 2, 2, 2, 2, 3, 3, 2, 3, 4, 5, 2, 2, 2, 1, 3, 2, 2, 4, 3, 4, 1, 2, 3, 4, 2, 2, 2, 2, 3, 2, 2, 3, 3, 3, 3, 2, 3, 3, 2, 1, 3, 3, 3, 1, 2, 3, 2, 2, 3, 5, 2, 2, 4, 1, 1, 3, 2, 1, 2, 5, 3, 4, 3, 3, 3, 2, 4, 3, 1, 2, 3, 1, 1, 2, 2, 5, 2, 3, 4, 1, 2, 2, 3, 2, 4, 1, 3, 3, 2, 2, 1, 2, 3, 3, 2, 1, 2, 3, 3, 3, 3, 2, 3, 3, 3, 2, 1, 4, 2, 3, 2, 2, 3, 2, 1, 2, 5, 2, 2, 2, 3, 3, 2, 3, 2, 1, 1, 3, 3, 2, 2, 3, 2, 3, 4, 1, 3, 3, 3, 2, 2, 2, 2, 2, 5, 3, 3, 3, 3, 3, 4, 3, 4, 4, 2, 2, 2, 3, 2, 3, 1, 3, 3, 2, 3, 3, 2, 3, 2, 3, 2, 2, 3, 3, 2, 1, 3, 2, 2, 4, 3, 1, 3, 2, 2, 3, 4, 2, 4, 2, 5, 4, 2, 2, 3, 2, 2, 3, 2, 3, 2, 2, 4, 4, 3, 3, 4, 2, 3, 4, 4, 3, 5, 2, 1, 2, 5, 3, 2, 3, 2, 2, 3, 5, 3, 3, 2, 2, 2, 3, 3, 3, 3, 3, 3, 1, 3, 3, 1, 2, 3, 1, 2, 4, 3, 2, 3, 3, 2, 2, 3, 2, 2, 4, 2, 3, 2, 1, 3, 4, 2, 1, 3, 3, 2, 2, 3, 1, 2, 3, 3, 2, 2, 3, 2, 1, 2, 3, 5, 3, 3, 4, 3, 3, 2, 3, 3, 4, 3, 2, 3, 1, 3, 4, 3, 1, 1, 4, 2, 3, 4, 3, 3, 2, 2, 3, 2, 3, 2, 1, 2, 2, 2, 3, 3, 1, 3, 2, 2, 2, 3, 1, 2, 2, 3, 2, 2, 3, 2, 4, 1, 2, 2, 2, 2, 3, 2, 2, 3, 4, 1, 4, 3, 1, 3, 2, 2, 2, 2, 3, 2, 2, 2, 1, 3, 3, 4, 3, 1, 3, 4, 1, 3, 2, 4, 3, 2, 2, 3, 1, 2, 5, 2, 4, 2, 3, 1, 2, 2, 1, 2, 3, 2, 3, 3, 2, 2, 2, 3, 2, 4, 3, 3, 2, 3, 3, 3, 4, 3, 2, 2, 4, 5, 2, 3, 3, 5, 3, 1, 2, 3, 3, 1, 2, 3, 3, 3, 4, 4, 3, 4, 2, 3, 2, 1, 1, 3, 4, 2, 1, 1, 3, 3, 3, 2, 3, 3, 3, 1, 2, 3, 3, 1, 3, 3, 2, 2, 2, 4, 3, 4, 2, 3, 5, 2, 2, 4, 2, 2, 3, 2, 4, 2, 2, 4, 1, 3, 2, 3, 2, 2, 1, 4, 2, 2, 3, 2, 3, 2, 3, 4, 4, 5, 4, 2, 2, 2, 5, 2, 2, 4, 5, 3, 2, 2, 3, 2, 2, 3, 2, 3, 2, 2, 3, 3, 4, 1, 2, 3, 3, 2, 2, 3, 4, 1, 2, 1, 3, 4, 1, 4, 3, 3, 1, 2, 2, 2, 2, 5, 3, 2, 2, 3, 4, 2, 4, 2, 3, 2, 3, 3, 2, 2, 2, 2, 2, 2, 3, 2, 3, 2, 2, 3, 2, 3, 3, 2, 2, 3, 4, 2, 2, 2, 3, 2, 3, 2, 3, 2, 2, 2, 4, 1, 3, 4, 2, 2, 3, 2, 2, 3, 2, 3, 3, 2, 2, 2, 3, 3, 2, 2, 1, 3, 3, 3, 2, 2, 3, 3, 2, 3, 1, 2, 3, 2, 3, 3, 5, 3, 1, 3, 2, 3, 2, 2, 4, 2, 3, 2, 2, 4, 3, 1, 3, 2, 1, 1, 3, 3, 3, 3, 2, 2, 4, 3, 3, 4, 2, 3, 3, 2, 3, 3, 2, 3, 2, 4, 4, 2, 4, 2, 2, 2, 2, 4, 2, 2, 2, 4, 2, 4, 2, 3, 1, 3, 2, 3, 2, 3, 2, 4, 2, 2, 2, 3, 2, 3, 3, 4, 2, 3, 5, 2, 2, 3, 2, 2, 2, 4, 4, 2, 3, 3, 4, 4, 1, 1, 2, 2, 3, 2, 4, 2, 2, 3, 3, 1, 2, 2, 2, 3, 2, 3, 2, 3, 3, 2, 3, 1, 5, 4, 4, 3, 2, 3, 3, 3, 3, 3, 2, 4, 2, 3, 2, 3, 4, 2, 2, 2, 4, 1, 2, 3, 3, 2, 3, 3, 3, 2, 3, 1, 1, 2, 1, 3, 3, 2, 3, 4, 4, 2, 4, 1, 1, 1, 3, 3, 3, 3, 4, 2, 4, 4, 3, 2, 1, 3, 2, 3, 1, 3, 2, 3, 2, 3, 2, 4, 4, 3, 3, 2, 3, 4, 2, 4, 2, 2, 3, 3, 2, 2, 1, 1, 2, 2, 3, 4, 3, 3, 2, 2, 3, 3, 2, 1, 2, 3, 2, 1, 4, 3, 2, 1, 2, 3, 3, 2, 2, 3, 3, 3, 3, 3, 2, 2, 3, 2, 2, 2, 3, 1, 3, 3, 3, 2, 2, 3, 3, 3, 3, 3, 2, 3, 3, 3, 2, 3, 1, 3, 2, 4, 3, 3, 2, 2, 2, 2, 3, 3, 2, 2, 3, 2, 2, 1, 1, 4, 2, 3, 2, 3, 3, 3, 2, 3, 3, 2, 4, 5, 2, 3, 2, 3, 3, 2, 2, 4, 2, 2, 3, 5, 1, 2, 2, 2, 2, 2, 1, 3, 2, 4, 1, 2, 2, 1, 2, 4, 4, 2, 3, 3, 1, 1, 1, 4, 2, 4, 2, 4, 3, 3, 4, 2, 3, 3, 3, 2, 2, 2, 3, 3, 3, 2, 4, 2, 3, 3, 3, 2, 3, 3, 3, 3, 3, 3, 4, 3, 1, 4, 3, 3, 2, 3, 2, 1, 1, 3, 2, 3, 2, 4, 2, 2, 2, 2, 3, 2, 3, 2, 1, 2, 1, 1, 1, 4, 3, 2, 3, 3, 3, 2, 4, 3, 4, 2, 3, 3, 5, 2, 2, 2, 2, 3, 2, 4, 2, 1, 1, 2, 2, 2, 3, 2, 3, 3, 1, 3, 3, 3, 3, 1, 4, 3, 2, 1, 2, 1, 2, 3, 2, 1, 4, 2, 2, 3, 4, 4, 4, 2, 3, 4, 2, 4, 1, 2, 2, 2, 3, 3, 3, 2, 2, 4, 2, 2, 1, 4, 3, 3, 4, 2, 4, 3, 3, 1, 5, 4, 4, 3, 1, 4, 2, 2, 3, 4, 5, 1, 2, 4, 3, 2, 3, 2, 3, 2, 3, 3, 2, 2, 2, 4, 4, 3, 3, 3, 2, 1, 4, 3, 2, 2, 3, 3, 2, 2, 2, 1, 1, 3, 4, 3, 2, 3, 3, 2, 3, 3, 3, 2, 2, 3, 3, 1, 2, 2, 2, 3, 2, 4, 2, 2, 2, 2, 4, 3, 3, 3, 2, 3, 5, 3, 4, 4, 2, 2, 2, 2, 2, 3, 2, 2, 2, 3, 2, 1, 3, 2, 2, 1, 3, 2, 3, 2, 3, 3, 3, 3, 2, 2, 2, 3, 2, 1, 2, 2, 4, 3, 2, 2, 2, 2, 3, 3, 2, 2, 3, 5, 3, 4, 2, 2, 2, 3, 3, 2, 4, 1, 2, 1, 2, 2, 3, 1, 2, 3, 3, 2, 3, 1, 2, 4, 3, 3, 3, 2, 2, 2, 3, 3, 3, 2, 2, 2, 5, 1, 3, 2, 1, 4, 2, 3, 2, 3, 3, 2, 3, 3, 1, 3, 2, 3, 3, 3, 3, 3, 3, 3, 3, 2, 4, 3, 2, 1, 2, 4, 1, 2, 3, 4, 2, 3, 3, 2]","[2.759403776359273, 2.1338592716004112, 2.3438676112001913, 2.656895138387866, 2.122037298663414, 2.3449244159895466, 2.1315919086441983, 2.263396678905239, 2.129921218513336, 2.4743297892071063, 2.1384029983675057, 2.116202057453097, 2.7306929472197132, 2.124312268580728, 2.3053966973616835, 2.1893008928264135, 2.8925794460292273, 2.1364988668003133, 2.1309441521965082, 3.823738792053806, 2.157887521624311, 2.417667653254988, 2.124228219414662, 4.260889793301312, 2.618177853911132, 2.5327307377577, 2.366455097065854, 2.3057458351481332, 2.5708212022177093, 2.1481165486210942, 2.4047867835057146, 2.1201695344342224, 2.1420421505447766, 2.169075756020206, 2.75908678339474, 2.4200659759935332, 2.278434835031498, 2.3749263018927462, 2.5151926536646245, 2.209417108367698, 2.213757327400318, 2.8575138528556305, 2.182190020807388, 2.612393901890414, 2.271564576665957, 2.4986822050460726, 2.2886378176969244, 2.7586187312077266, 3.707636600411117, 2.2838969586468623, 2.154891491582198, 2.379374502619737, 2.420607584093644, 2.36002865355136, 2.1216939344912737, 2.777237930759479, 2.9649398118655386, 2.135286847248498, 2.139057026067368, 2.4368472682332754, 2.8900628718919816, 2.3735960113188077, 2.3227826826551277, 2.2190689797312055, 2.7054730061233423, 2.1409412235584124, 2.413795720795909, 2.137945439433461, 2.8851812549252402, 2.821664279277761, 2.621582833128246, 2.730805269689885, 3.0116996663943114, 2.8948791172059236, 2.3493269509937718, 2.289005271602029, 2.143563663794673, 2.384698944842932, 2.135959581010228, 2.369023682100418, 2.5464556740358675, 2.231658345733532, 2.408023508333448, 2.125159604665317, 3.4003077584382453, 2.1218635344116215, 3.0082800582004, 2.2749369145707012, 2.643826270842517, 2.2643539377256383, 2.1370149417638826, 2.2274960674540925, 2.1643600775035385, 2.2689785532777074, 2.144712223099092, 2.435065046083737, 2.337552720548944, 2.1276408154149156, 2.417176837854024, 2.595480028665185, 2.43633300998693, 2.5648253602212567, 2.119028133963052, 2.2211113376086273, 2.419053661372176, 2.8808903244059922, 2.4708935311408955, 2.14149454476643, 2.218407365914814, 2.563798759844502, 3.9871105783205474, 2.7408222773590047, 2.1437659061748002, 3.3472073032173513, 2.281426183480881, 2.7840729356765577, 2.602482264662605, 3.5569785413829447, 3.174907003308012, 2.4252029416309506, 2.635955545360689, 2.5246118681887633, 2.6256558748516854, 2.455108396900933, 2.2821708051729175, 2.2659633908991093, 2.3807167513278142, 2.128525007800739, 2.6987255854738206, 4.362667015983392, 2.3079444938791687, 2.269394858840518, 2.2934452391908358, 3.042807353912105, 2.1433054022489624, 2.614059301910707, 2.7193131398926185, 3.411520659497298, 3.6542862532181375, 2.2752352596580048, 2.132955535081654, 2.4562346416345404, 2.9902830427504776, 2.3156765920862754, 2.441020617197697, 3.0163072934954056, 2.143318061122584, 2.434139940759883, 2.327741472321344, 2.294995172384428, 2.1178467081349273, 2.6078824172063775, 3.211520487382673, 2.251494221392164, 3.0476801273041914, 2.4279970368356474, 2.333236752036828, 3.5654550709473334, 2.423045940863772, 2.158223575733324, 3.0180098672934865, 2.120873359557506, 2.1250643400292066, 2.3640492516040035, 2.307248773354848, 2.2682148764159704, 2.1346824597673977, 2.683698523223764, 2.2014702816134157, 2.2990598263776656, 2.2815829004636807, 2.321473583101791, 3.980138549098357, 2.413689135357734, 2.434293614230176, 2.1724391972696164, 2.5659582780533046, 2.543935980729452, 2.1455319686364223, 2.492868908674546, 2.598673372622018, 2.2905313973112222, 2.1927476450446055, 2.4079336855530724, 2.909054638323913, 2.2261990616451244, 2.116194342797347, 2.3447301873929547, 2.137676186481632, 2.2696520669258646, 2.3088881769753233, 2.4964467743844145, 2.270766092239074, 2.5344312354138263, 2.455590295318534, 2.305262542587312, 2.606422044033946, 2.6011181522579228, 2.3257312918966284, 2.2783997561222282, 2.4399411456168534, 2.718326882114801, 2.3490764363521297, 2.600843300745007, 2.1335228508722217, 2.30611042557012, 2.1182328681018996, 2.186061584284662, 2.133684561582904, 2.506625065596517, 3.3435726471301, 2.13877234380404, 2.5456362002179453, 2.5603276564893527, 2.2384023355555946, 2.130171707218658, 2.265108895981272, 2.50209864515576, 2.1909813463491146, 2.340458980644766, 2.2879125051694547, 2.3806893291393085, 2.2607874676307844, 2.323096937812572, 2.443136617073353, 2.9179058483676985, 2.284625819268825, 2.9925894728842635, 2.2344227084928043, 2.139133625476992, 2.354478269158287, 3.096456762923034, 2.1485806028712373, 2.3111710028453203, 2.198036366318076, 3.3686931139457674, 2.45407938786428, 2.971467081484305, 2.309944889690934, 2.1949526422695502, 2.887189942950399, 2.5945003117100605, 2.297328795545116, 2.316447261901973, 2.850370002654155, 2.420447092722613, 2.410132864237344, 3.7898656100521055, 2.465433200404328, 3.1841894802242816, 4.417858654816563, 2.2946183945407093, 2.31041069392592, 2.149718560712752, 2.565938411087333, 2.4294025156648487, 2.4507734739683866, 2.5798969322489067, 2.5430492749829363, 2.138570503537069, 2.5347728972578616, 2.75732758338368, 2.327065150895242, 2.133534563980129, 2.5316576186880515, 2.443538721338944, 2.8833515283634883, 3.3495736556878954, 2.957362498527492, 2.68048945643468, 3.3450670697016687, 2.2758988935450466, 2.4346489064002137, 2.283228251243718, 3.388315192918713, 2.507794222494234, 2.588060208875699, 2.266506110644222, 2.3894777949136152, 2.3778001532760067, 3.551724769348094, 2.2833327537273753, 2.480571406960017, 3.965808770140227, 2.2607668065114472, 2.816609412193841, 2.1407266540632386, 3.322661936057685, 2.198713156716602, 3.4212936664418074, 2.2661703534331825, 2.2202069584172914, 2.6779298537640477, 3.0257590668723964, 2.5311150481926585, 2.4803255217884543, 3.9026352658455066, 2.4120787364185485, 2.6924028029993696, 2.3047089973153683, 2.478576401764368, 2.1160312381930977, 2.280430069133168, 4.216273689348359, 2.177397120199328, 2.5466731287345774, 2.28787520297018, 2.1709298122481497, 2.5436152224337865, 2.2801570999777465, 3.4063858007806087, 2.4632174925510277, 3.488579801485695, 2.159256592396967, 2.422884505829952, 3.1933140369323816, 2.409096181255403, 2.2179380730282907, 2.15759057291004, 3.1265228337689153, 2.3138077162120814, 2.170364105740447, 2.132075390657998, 2.6253883475519983, 2.9547904358698545, 2.1290416880968195, 2.427839376449761, 2.6085730233008, 2.333507355346994, 2.303305653955496, 2.9648528673492502, 2.155786589532726, 2.1186911574123615, 2.1996066817156685, 3.6722067248688575, 2.1588713321810142, 2.6264077179034997, 2.693642249190521, 2.4583910543308987, 2.1370951088470687, 2.3685911425448407, 2.619566655158111, 2.2079430242165023, 2.6999559858918376, 2.638217382090556, 4.112745181536828, 2.819095817675588, 2.5192888693691455, 2.4160780759730263, 2.220708569825886, 2.122445723691188, 2.4288127776088206, 3.3230922190607033, 2.1176371905522737, 3.4719659417105184, 2.203032376042768, 2.284345467216229, 2.627707299605619, 2.222896827833906, 3.4630880929349646, 2.128442626102177, 2.3811217426502136, 2.131622551877899, 2.473535349630802, 2.2775671627576046, 2.8859850327218215, 2.119458658172339, 3.1889962379501338, 2.136023821144052, 2.1377742302302485, 2.443447728728927, 2.2664374412796455, 2.1173335781631515, 2.8256837938515336, 2.1346604187705225, 2.402146797980129, 2.1157997377982083, 2.2730151390766333, 2.125421690109269, 2.5022738466159673, 2.4277822951491856, 2.181476900410928, 2.935562957433902, 2.164776748676862, 2.5662382051852486, 4.412798530001952, 2.1258120230823145, 2.143330105989066, 2.7381503110421916, 2.577597872598629, 2.982557229433777, 2.8505308814864225, 2.1649528162565335, 2.411877771562711, 3.3413937242173013, 2.136859999943235, 2.3647736509965473, 2.161249231880178, 2.423166133303912, 2.241032938575457, 2.7845964219530868, 2.1299590292549135, 2.3953672976387077, 2.1355049175579666, 2.2652806610069858, 2.457646320352669, 2.4224356547244565, 3.319528430337306, 3.43881014130067, 2.7665814301755405, 2.1675560761171004, 3.99794420975022, 2.3464079899586445, 2.264998641486886, 2.7079748472285887, 2.2919766342354415, 2.1355285678377065, 2.120687326375305, 3.7026523731355767, 2.244704011510719, 2.148475234410085, 2.462537015717763, 2.6310756943796534, 2.435166032461518, 2.696739791547226, 2.5395533422116543, 2.1409570428131257, 2.475132930629282, 2.463919684058746, 2.432108478763874, 2.238050028713425, 2.2263681732356173, 2.3246146935534586, 2.1692741658274635, 2.4163593737913374, 2.163031480215689, 2.50327207407957, 2.1314287953653204, 2.818941373492803, 2.119879907953022, 2.993422178651917, 2.1734547950861587, 2.5615353600961193, 2.295174544371243, 2.298434090082279, 2.2371209249374138, 2.4283092538242244, 2.143328447196191, 2.468268766732185, 2.2605091500485943, 2.8688957394466774, 2.123365669407872, 2.426339621948175, 2.2768630630517213, 3.12943104186035, 2.2894858668086733, 2.9219105109279124, 2.475410557421273, 2.1490040177572864, 2.118104023914923, 2.3421814309609084, 2.1889067621411, 2.4842315959329007, 2.1147521585595705, 2.1351191970442183, 2.268904218243123, 3.1738891927293653, 2.2279654418492916, 2.5505024954375313, 2.624192990299976, 2.2878668743072903, 2.436021583202348, 2.1184179641930134, 3.0434976441197663, 2.4331224320532243, 2.2007107195731135, 2.1445648300549065, 2.6010101588929158, 2.1384482415162687, 2.137379791110397, 2.7134653445233003, 2.2655500216534636, 2.295192255157386, 2.284464050373504, 2.1408553410455555, 2.383136841489298, 3.5576012556362304, 2.6806814108781882, 2.5733235038644744, 2.3594026063419697, 2.267388420173244, 3.9770489437408725, 2.1361082602533314, 2.292833480982504, 2.1464982691468713, 2.9197829857958615, 2.557073963154948, 2.281596137724831, 2.1401223656021586, 2.461146313632602, 2.64263424616377, 2.28527039226104, 2.429484847853401, 2.290125798676153, 2.134272309087482, 2.7002837140818046, 2.725683192147777, 2.337757434239163, 2.264094762662532, 2.7293458134870656, 2.4069992941312335, 2.439977894223439, 2.2340670638536917, 3.9748793941573495, 2.308839322838151, 3.570095232812302, 2.2748401570210035, 2.1407705119930625, 2.2676935836605927, 2.6090503510638285, 3.9479976025026122, 2.492986237881222, 2.623943090047944, 2.117702201897897, 2.428728338499541, 2.4685340212318567, 2.233472771523005, 2.125565972282373, 2.2654957281400225, 2.4798345937188273, 2.9187857102931365, 2.117930649606344, 3.348552613273031, 2.1179346975685114, 2.4196540006414553, 2.1466592086457545, 2.2777798493959778, 2.7036565927771714, 2.129543329024614, 2.1255159012850156, 2.413905090071847, 2.478733730142025, 2.197811585303211, 2.1429361731817056, 2.4164344307773633, 2.4039222637920457, 4.111360798321257, 2.1175336554379127, 2.271353283921151, 2.7007177860018587, 2.8121435301999074, 2.1499135860749923, 2.2938353480999547, 2.4128185365739903, 2.5890950748873545, 2.4864066274585794, 2.9090085102051004, 2.1302930694884394, 2.2916775179363387, 2.4282925383138068, 2.277987108578371, 2.2786514641672015, 2.286837503492658, 2.266809615338696, 2.1359918422014226, 2.277473480968733, 2.4660726030118187, 2.289244992965159, 2.1479923577287967, 2.4090251582155147, 2.147891506202236, 2.6489788526481095, 2.4204289424832464, 2.317157079729479, 2.5060194501011375, 2.321459368155929, 2.2900945436651243, 2.585297592613141, 2.205424651593067, 2.1219715656160023, 2.604860283727054, 2.1353278765558055, 2.5997974356219475, 2.205923015770493, 2.422697906047696, 2.1362547657164406, 3.9341189383928947, 2.1216179899241716, 2.399553805344426, 3.5326180957604763, 2.2156778340447247, 2.1348516697445317, 2.2652860007591262, 2.430633747591023, 2.2529559497628746, 2.6250886289142397, 4.071736997447063, 2.6746592575792225, 2.4422555850686205, 2.1938038589012048, 2.4351627580737785, 2.415957502264301, 2.286062122197643, 3.62324614004823, 2.957864244783888, 2.5839186445588345, 2.3172962823332868, 2.516752309414674, 2.1445902554967993, 2.1493901282142485, 3.0449592452142475, 2.12394575176671, 4.281664983239797, 2.311576926676415, 3.2177760239333297, 4.105890574316899, 2.482485449566046, 2.3451663986161275, 2.2575505274137537, 2.639893560842065, 2.809614710837505, 3.8688698197538325, 2.413493321434438, 2.292554883247489, 2.2268564335880017, 2.1308619363772334, 2.339520478874944, 2.134033699369354, 2.4112761199085404, 2.9738079194179847, 2.7553262547975863, 2.2955988181729294, 2.2606437765245087, 2.296868980313737, 2.4859132777207904, 2.1930895400096655, 2.421926406835561, 2.41136946943953, 2.413618173230348, 2.4036951800754958, 3.0665946393964107, 2.2887231357126514, 3.333936650726479, 2.133183816910814, 3.7458955667951144, 2.1243005554728214, 2.5951571403756635, 2.350699994415082, 2.602716174821705, 2.8622450584395707, 2.8278264982960937, 2.4662602989522453, 2.1193724439009074, 3.7271986185683117, 2.1238018595368198, 2.204505229317748, 2.2728383221383983, 2.5237565258918524, 2.7044604666002767, 2.224807996523668, 3.4871235126203026, 2.391428589958764, 2.1229994348424186, 2.1305897384336108, 2.4466220198246447, 2.1570789115191515, 2.2671483670515387, 2.3077641761266388, 2.3069875173073338, 2.2923333207983534, 2.776196116209613, 2.64533530238499, 2.1189303724630006, 2.149298082143868, 2.3072155750725676, 2.4411957525195818, 2.2332231208887485, 2.5458507131333556, 2.190570861431158, 2.1415929202736215, 2.2694580950239884, 3.626282764541542, 2.6949056621903478, 2.2730188552802257, 2.27531880251158, 2.264545578642861, 2.435312706166543, 3.5097701126441754, 2.6417283625222825, 2.4879057122478527, 3.497803882824802, 2.134020708737157, 2.366245746833291, 2.2303796158412155, 2.1171518751916834, 2.265331014252908, 2.434709023037975, 2.314333885693941, 2.270650337704315, 2.329888803375303, 2.4515712500845726, 2.1575495062626655, 2.427929248740147, 2.764561424475886, 2.286194798957489, 2.1173654989211426, 2.5978883126895016, 2.2754622057782363, 2.1198218982359887, 2.430639463020694, 2.1348852579700264, 2.548591223018471, 2.412831529568816, 2.123829450084078, 2.4964213984525325, 2.3078860851605674, 2.2923508283651417, 2.240784897224066, 2.1244301300362145, 2.1324290827191064, 2.3489642408163043, 2.778535130367631, 2.435008869713495, 2.73420344294253, 2.1177778147064243, 2.8407315653401635, 2.478236206647947, 3.3239562948749923, 3.485653938958882, 2.9564111797113015, 2.45549112552516, 2.4564254745001013, 2.5907304951776284, 3.11314883523419, 2.846829723621938, 2.7270039586740795, 2.5158393265006276, 2.2246257610537357, 2.2558808412332447, 3.2339508130966155, 2.855039422284233, 3.3925578394036973, 2.6886915386963053, 2.423182706891203, 2.1277693278433167, 2.883582888697317, 2.8623716134613417, 2.930086910921369, 2.9440755261886125, 3.1859744725607886, 2.282360845481904, 2.1691607276279496, 2.139913959664508, 3.92260818829425, 2.2075607230083727, 2.127922942629664, 2.3295275625377325, 2.4142609385636935, 2.117499511389917, 2.537242144898052, 4.433839969715834, 2.6232554530296177, 2.5587364699245256, 2.283299090438021, 2.4374626040552996, 2.596618234160296, 2.2708291419483393, 4.130512217419773, 2.7404399686973955, 2.4904480475509163, 2.2765775668003743, 2.278123841975013, 2.2807193056711546, 2.1156979778459997, 2.240237588343693, 2.5622227958765054, 2.149530362425185, 2.147404191615567, 2.1374390783517203, 2.2044050528449017, 3.4370389647903647, 2.2893644055188718, 4.124254448904484, 2.266186620815748, 2.158114246160082, 2.1437774534034197, 2.1461889621726495, 2.1407607399265953, 2.137918346524065, 3.075197887880444, 3.023711339458001, 2.2937337540270337, 2.734856531188677, 2.330161921898178, 2.1403594737320706, 2.7915811979876675, 2.6044260173778544, 2.4226868651315674, 2.1268137451650495, 2.399019283243516, 3.2480878612951187, 2.144387789052746, 2.427754554091738, 2.7703135764199747, 2.6240595286796884, 2.472347219909485, 2.7243501351384793, 2.5122005786663255, 2.265253070459727, 2.160957699218139, 2.371092341972345, 2.3324969094332326, 2.2532198685536176, 2.412200040503691, 3.2747052470997873, 2.6238898123900634, 2.6865097789991363, 2.791332094632845, 3.9365651261880497, 2.263557734773399, 2.363602378121005, 2.1674970624497134, 2.411330107599726, 2.6098204324262357, 4.29244743202711, 3.1570838528063634, 2.288386665474452, 2.2980184975466282, 2.1417558589985832, 2.748680280442427, 3.6618599498469635, 2.276098970819808, 2.144689684464354, 2.1181725855848508, 3.0859153179820726, 2.120667508668435, 2.7760784646839305, 2.428613422035848, 2.57119426844938, 2.411614184530543, 2.331654763483677, 2.4304215672651415, 2.7162170508884165, 2.146075127834759, 2.3955699386366773, 2.1154275055545195, 2.4129025881026847, 2.4304374513989626, 2.1711689647814127, 2.413923851955725, 2.180150730265817, 2.1182597456219976, 2.1344667204425822, 2.54662953768422, 2.5736860851274375, 2.4553781474906247, 2.148072134868769, 2.4298333803073393, 2.4284054750036037, 2.4250357222052665, 2.40518797463638, 2.6982950120041767, 2.268255349900777, 2.2400457840266483, 2.38043326469763, 2.2931007633736926, 2.4142699394183613, 4.280458024275132, 2.2666488417190997, 2.1638526109719582, 2.129921384392623, 2.1339602021561825, 2.2656485630399423, 2.3746339775580623, 2.126858432491311, 2.686125688230355, 4.109747182796499, 2.2643265625676774, 2.2675304790563433, 2.2923687918806492, 2.148123599759694, 2.359226982807067, 2.423455916989772, 2.1988898659601883, 2.427343675015564, 2.558633634908372, 2.4227336072562644, 2.1490955080051655, 3.4772052144480172, 2.42057833475351, 2.2646311293971433, 3.1987269926773743, 2.727919326028384, 2.447570878922966, 2.4294255606120774, 2.432818670664035, 2.486706136180361, 3.6854934206796246, 2.142807652078676, 2.2643781438278796, 2.334843772254867, 4.1546536277273605, 2.294575316746966, 2.199096994373549, 2.4151148839710292, 2.4604588417332973, 2.36924118332911, 2.1193019906995496, 3.9304126679492732, 2.147872057594008, 4.005705883215327, 2.402173963097379, 2.4794207809368736, 2.249787515510598, 2.1820290256033315, 2.1262035172103726, 2.1472800380633363, 2.258999206967629, 2.1509221352324004, 2.421928082977693, 2.190915505607054, 4.3012833894174936, 2.138752302033243, 2.1359535424966105, 2.955020493819194, 3.6712306266212544, 2.4916519185860686, 2.930155019636074, 2.3403981918152263, 2.9696652656918228, 2.124664293174333, 2.297150680238019, 2.11889528264929, 2.1760433153383496, 2.45832196002969, 2.1819954722384383, 2.3755472994194275, 4.11637968711389, 2.12577460228395, 3.654902944122501, 3.492055954402949, 2.2918175280833495, 2.7249965223706045, 4.264952476733909, 2.3361285128340414, 2.249694270945138, 2.2020616871369474, 2.4152307980730763, 2.3385251055877063, 2.8663994595611952, 2.285728803665906, 2.3950418140822656, 2.6240804630055754, 2.4406170484343033, 2.6871937293192434, 3.6213201768999355, 2.326699061614158, 2.1478633389879045, 2.131489700564137, 2.265303155722768, 2.318988373900035, 2.292583253930828, 2.1162370308975302, 2.3710474516763824, 3.403967138993335, 2.2957039999102227, 2.1585408276223848, 2.12073945478338, 2.5735135962970093, 2.5250757608923564, 3.783665089097893, 2.440368724834347, 2.981763292204972, 2.4344129680999433, 2.4827378857576248, 2.118649240523977, 2.6090532520051055, 2.7336568552486598, 2.715487518074675, 2.255924972354535, 3.835882300692175, 2.6192370621367185, 2.343345073301659, 2.561081748374972, 2.188531867154182, 2.1620245403411458, 2.4437827642381778, 3.3428932546549612, 2.1473301672453324, 2.1264124789705243, 3.3411481190632353, 2.723738556693904, 2.122823895428474, 3.815285702603168, 2.615583055329829, 2.3378988030366696, 2.4413912103896673, 2.4109620978721207, 2.117219383401247, 2.9399264716623943, 2.1562222263186386, 2.935901778853224, 2.3755215917289703, 2.3521382297107114, 2.427950460340585, 2.19617975937429, 2.8388108924339996, 2.282099755313677, 2.424333066911624, 3.8361024551136205, 2.143947277387694, 2.2703672152138417, 2.5708563400706277, 2.5675967445999284, 2.41147628130426, 2.333050202984475, 2.631672053046595, 3.751833505048727, 3.203238671620571, 4.11662101430982, 4.4682499771371695, 2.448903342635623, 2.6775802675988363, 2.2302747241733543, 3.9375431875959603, 2.35478604835832, 2.240911550119703, 2.7662325540599726, 2.918214279298664, 2.4050096443237114, 2.1156526765125983, 2.311479959328474, 2.261568666459065, 2.2694216575810593, 2.1347213734793495, 2.7456028628891445, 2.127872912467688, 2.325215216933059, 2.9256855428861055, 2.7908854001705725, 2.3769002260073373, 2.8537563438160785, 3.0104567213602302, 2.3844151994210367, 2.1166854899568865, 2.331138435790743, 2.568581096829031, 2.5172458881765762, 2.167212077093249, 2.9321192067931974, 2.753209026657997, 2.266295315537279, 2.1494740696856653, 2.1405770377290483, 3.3204782480758923, 2.156380021939112, 3.3466660268758157, 2.6425102973180348, 2.7175856098743636, 2.5395948576202607, 2.2673945631358494, 2.6107763180635675, 2.1481394771990456, 2.1602391578105165, 2.4879384962542193, 4.156550044638803, 3.328002139087833, 2.146136588856077, 2.117991770194459, 2.3803820030260594, 2.345488803667542, 2.443830454740872, 3.372223390153122, 2.204713929673907, 2.142077621627072, 2.2663610485846903, 2.8141091958721183, 2.375911270492873, 2.124667404045414, 2.1248207365831964, 2.1542778209978652, 2.291235114739857, 2.2851091935879757, 2.415124247861993, 3.1558811122802672, 2.294691784059232, 2.4360290824688, 2.4392266000491056, 2.149938845637597, 2.579444338361326, 2.1390250471247385, 2.5911753560443533, 2.454299149973953, 2.133248877766447, 2.3119739699711306, 2.2396030232680886, 2.4790306761108387, 2.5575422193434916, 2.6938622590718837, 2.33146642264086, 2.1952047402577373, 2.5309913806248896, 3.5135070335265794, 2.4498438001041913, 2.672907577663206, 2.290591240375047, 2.162172620226518, 2.2720723229666366, 3.0386290607310675, 2.358100324556555, 2.2257486615443285, 2.373219878643471, 2.2913220420384492, 2.1417127436151198, 2.369474036312149, 2.1252428739449556, 2.828694742639586, 2.446497082053249, 3.5657142950051637, 2.271639517282706, 2.265626297979141, 2.4287113580898154, 2.7092879152155755, 2.8562514327789503, 3.4920610645001084, 2.1362045288397953, 2.146986861257831, 2.3334005434822642, 2.421522253833881, 2.4152865349900945, 2.1232060074332786, 2.4193466234205068, 2.1197296862863206, 2.431596663656455, 2.233055686073767, 2.251475739394222, 2.1366580311370442, 2.373020231513926, 2.135808256373153, 2.348020504876912, 2.5725125872414343, 2.1506890837392847, 2.3661057143709066, 2.1632434946622836, 3.347276488070866, 2.139707300223571, 2.416802772263544, 2.389151146501546, 2.142761189590262, 2.414722495949895, 2.312725247267499, 2.334521570424063, 2.537031162818852, 2.1447317672320256, 3.1651040112917235, 2.4327133022028833, 3.2317779348900855, 2.3859917512102005, 2.336699384173837, 2.3260760295014897, 2.726418943003065, 2.6918181494866515, 2.4372936030226473, 2.118176691731657, 3.011508805745986, 2.2816927155048425, 2.4321189516875577, 2.3707034588476934, 2.194616969046652, 2.1387038898287605, 2.5333831561746973, 2.244123338468778, 2.330549870675945, 3.1499112141921617, 2.1828790452757207, 2.1258965698862426, 2.141727156806322, 2.3388818948863364, 2.118285668701753, 2.6342142327707037, 2.1829640236956678, 2.5165938247093744, 2.244884296882113, 3.7166966646544783, 2.339879426318837, 2.1824100016304335, 2.5530684042209373, 2.414123425280624, 2.122606887253997, 2.2567015820462997, 2.1226767264482147, 2.2866522501968847, 2.2803229255098634, 2.3569465732638304, 2.2648019862468627, 2.523367761999669, 2.498751002316491, 4.1540712725685065, 2.118857978220203, 2.414093867755606, 4.308993885448826, 4.206724355594931, 2.143832302739362, 2.263139869437734, 2.1950790502566893, 2.453020460283639, 2.276228204949998, 3.526604972362832, 3.270493593706552, 2.1173824880054966, 2.144235949428551, 2.8359150022836763, 2.308405831534182, 2.4483004975781206, 4.117140410309204, 3.820403904244988, 3.468708171161635, 2.6682439311481314, 2.690973053571289, 2.1410529423009477, 2.4200348933066085, 2.1166645606050136, 2.4258610520207653, 2.14747223480306, 2.298231457758938, 2.9207006135352587, 2.971876809590218, 2.5096181914437947, 2.1360262103133443, 2.1182692936245386, 3.921046102790435, 3.2334969211070623, 2.40949265484566, 2.559465124331126, 2.271272336951538, 2.583993511582526, 2.94082911896836, 2.1290871057994982, 2.9579576159218783, 2.542859004884897, 2.1402202434714876, 3.1136539772271887, 2.2335593785995864, 2.1457346009597633, 2.126016762326383, 2.321800257317363, 2.344982117022389, 2.380640064464005, 2.358217618652976, 2.2993971720269983, 2.805177384007131, 2.402909753522547, 2.143794110729199, 2.3168023391820203, 2.1224040890513685, 2.2848099114095857, 4.1204499688329586, 2.3667827520245797, 2.9580334481981136, 2.801595998882932, 2.116286554747015, 2.1191909068087265, 2.1572215567526154, 2.115180127720278, 2.117450659732211, 2.117099912662896, 2.1510296687989188, 2.9668969826131026, 2.533097967216408, 2.585746997687865, 2.2134619621654092, 2.3086760494926786, 2.902744473051176, 2.402976075023249, 2.510745843249576, 2.133548773951977, 3.3346394805740376, 2.3082457051787086, 4.279064857574348, 2.5783239045980753, 2.583810974881882, 2.1378868157092876, 2.1960750195696863, 2.240449413586963, 2.59081490178768, 2.5189376648639703, 2.4662756696953805, 3.989823679408249, 2.7219938489032565, 2.1634082085493977, 2.1775447373074392, 3.0259751939093573, 2.864768640311747, 2.225590510465959, 2.2793054918670643, 2.8856137436315654, 4.239247892474298, 2.3034213690381096, 2.584100571594229, 2.1167628779275662, 2.2590968025883926, 2.268977665696631, 2.372864850873434, 2.2428369104162074, 3.4802366442091803, 2.4303428435855325, 3.3203282952600226, 2.4228723634526754, 2.4468144527969824, 4.050864973541952, 3.8753322198185423, 2.2722939349257816, 2.117329413831707, 2.2736579513064514, 2.2422305736015087, 2.356799154665796, 2.4913758385595663, 2.1685742576476614, 2.267127719948231, 2.5557884001243565, 2.899935903724284, 2.336622958597184, 2.13526620014519, 2.978299255151862, 3.999898723244753, 2.2576136841927297, 4.004758514551129, 2.283601948494566, 2.9353842109760673, 3.7514578761972626, 2.3502526210644086, 2.264437713317768, 2.1491943811502194, 2.1200717147495323, 2.841726180330728, 2.740351611423486, 2.2763327787424976, 2.226318375812196, 2.4101198137000526, 2.2002742558702293, 2.125928988282096, 2.20663877806561, 2.9620521895799286, 3.7027276430289238, 2.5959941553994677, 2.5653093461849186, 2.3733651181188544, 2.3197884585526842, 2.423014550374433, 2.4403103251741, 2.2690253970347065, 2.1602287455509366, 2.1480593101158596, 2.8575445221584674, 2.3895596833070525, 2.1994821310163983, 3.5123768663601904, 2.2627273295885257, 2.1679768821026686, 2.1506152460929098, 2.1465255861201937, 2.1353364292826216, 2.1596840057351736, 2.413249784847695, 2.175744401249938, 2.4819472840955914, 2.6037302618601164, 3.050578839514122, 2.372440754487599, 2.426246074289579, 2.46038557901756, 2.475632451628983, 2.3184087590277356, 2.133324324695687, 2.420426553313954, 3.247046997484982, 3.387542972004789, 2.330314339198109, 2.3349190648426394, 2.436337522706517, 2.416502212560864, 2.239039042412528, 2.1316648005248586, 2.417982481114155, 2.2493477463919067, 2.7179982223079655, 2.4298646288735517, 2.4788067854212517, 2.2369976798108313, 2.162596459916382, 2.719651393585129, 2.6087576105839783, 2.1392753117661347, 3.5577958995995806, 2.409836740719589, 2.2650105786587194, 2.2006330518333344, 3.215271584963963, 4.007396996385572, 3.890561773934044, 2.5767836184270436, 2.187505522840019, 2.119251695638266, 2.4116092403126705, 2.7403009952496205, 2.3736545089995644, 2.7509307428995426, 2.125389993415204, 2.4126873550903607, 2.277083537938901, 2.1375329577688915, 2.1251831967604184, 2.4085016066761518, 2.2748239478230765, 2.208979140597132, 3.1314550720825536, 2.6857027685014474, 3.3954083284809093, 2.4125643340277043, 3.276370108163332, 2.4261455336770212, 3.0671241355198635, 3.2341507225119304, 2.475200932143971, 2.517661128742459, 3.068990498033365, 2.1629293885049057, 2.5870159167825144, 2.569275929272968, 3.0139241689274936, 2.5796100680009912, 2.494031675205714, 2.3864543412121946, 2.968713861861592, 2.285835499161358, 2.3626265559268043, 2.3678090119681308, 4.114127968858473, 4.408610768095981, 2.414444524391963, 2.1330359757387765, 2.4731056870662718, 2.264627736277497, 2.4163602613724136, 2.1317323582444327, 2.3817204726366277, 2.359955264032837, 3.611511103084453, 2.4353752701582354, 2.1360370358401752, 2.1150002580956007, 2.124419569408692, 2.7995435726744486, 3.306983058950795, 3.087385676377945, 2.358797345796386, 2.902788924393222, 2.5400952068736635, 2.79470800007959, 2.4244550926985555, 2.1183741062631896, 2.912093110299394, 2.346253589694815, 2.424812171307607, 2.265040514456315, 4.113954320975958, 2.197929024434348, 2.436341131215461, 3.09117278672991, 2.2176093320952495, 2.4573493211568924, 2.1202851725997043, 2.7175764195654617, 2.282814240084504, 3.0552102328817634, 2.263822599329857, 2.275600725740778, 2.61865881510483, 2.674808554324781, 2.138214410136725, 2.3159869770660473, 2.218381268281143, 2.120299996578692, 2.4452085152141017, 3.4754479891928436, 2.182090946922445, 2.475864816280912, 2.280777630267542, 2.2920368672424796, 2.6006029729078852, 3.6648424216334368, 2.435847545376619, 3.190120849564064, 2.4827073124960357, 2.3124529649532644, 3.9330604242123215, 2.667495211896351, 2.2694812971758758, 2.6674287401338574, 3.3396251775178905, 2.926324912486267, 2.121516064092675, 2.1267653911452054, 2.2739597303487824, 2.6214446539813774, 2.557696511912672, 2.3388559454877917, 2.4054830687768183, 2.1313651284032544, 2.151065256250492, 2.1918770131295098, 2.2944872602044613, 2.679991729969645, 2.326865690739209, 2.8279889675493246, 2.2627770193172982, 2.2676215039146794, 2.22743845698828, 2.136821633379156, 2.118093920089881, 2.1167745910354734, 3.178072538700027, 2.428391420133489, 2.413034825409307, 2.4611805158652365, 2.6010657416012832, 2.262747761302536, 2.264258341330953, 2.291920839133784, 2.745347130204785, 2.8471507217327394, 2.2002624845776833, 2.6086264526740393, 2.1320706209940417, 3.6333623186556223, 2.485515064212708, 2.865433097871355, 2.849190620351023, 2.3457244892384477, 2.4900048296074058, 2.5675394091775994, 3.490362227999486, 2.131087829037101, 2.1839490607958485, 2.143275148958475, 2.1600235930396168, 2.9546530672402866, 2.5549154864862196, 2.3180756943287784, 3.002247790039135, 2.7566609943050104, 2.142099828503235, 2.117626530904731, 2.6445494950640187, 2.145114766817907, 2.269393121268086, 3.6318861154137556, 2.224492236914816, 2.860563699485974, 3.5514220447909564, 2.3217998906981867, 2.1178386035359638, 2.4177312099088675, 3.4823116445463818, 2.1206663970234327, 2.4463910526872286, 2.350192248114402, 2.1658995256035043, 3.5093646539474, 2.327314941472466, 2.1468988136396074, 2.2798474899103884, 2.8153325327906584, 2.2883977150652086, 2.532472396683472, 2.2837978119278723, 2.139097159118971, 3.816509260959884, 2.1243002732242564, 3.537988948731008, 2.2647373854393718, 2.1364536236515503, 2.2758714688770754, 2.4857291101337, 2.295139239168235, 2.4828929956873718, 2.288500528477781, 2.6205129483758953, 2.5091209370580985, 2.60345517685843, 2.4124806166202135, 2.28112123538283, 2.850028544544761, 2.8324984105763646, 2.128798035140799, 2.422028341341685, 2.288710543698297, 2.1623577658276427, 3.466180829682197, 2.440891129234727, 2.564280641250065, 2.3731232523621126, 4.3304968901364616, 3.842030737670043, 3.2389852217530537, 2.474578601138173, 2.132975635037089, 2.437989663980171, 2.4411271752296466, 2.290174154925809, 2.116921818200371, 2.3049088416019217, 4.111502251871844, 2.3246954138468636, 2.171727099188616, 2.3030403786112528, 2.2615441285982487, 2.1736608351785547, 2.1196912120275924, 2.1821828601117144, 2.4648588334751604, 2.3191323150078125, 2.4856852900592297, 2.2914781041787275, 2.2835177334492127, 2.5255231534839826, 2.4389299832262266, 2.2939126407955825, 2.9177277767151804, 2.8406328281887068, 2.6397769068219197, 2.2946082907156673, 2.206809730823761, 2.421372139861828, 2.451205002377681, 2.2921425674622067, 2.2091968209633874, 2.1203248080134447, 2.44479231734594, 2.5845206022849143, 2.346839057195552, 2.411875606457345, 2.2506170190983656, 2.1161157849970262, 2.1239846741532906, 2.3010510267900366, 3.3234249564792115, 2.7890188837106438, 2.133778275120788, 2.6067805167975235, 2.1266060027445484, 2.28825059559496, 2.422659554852715, 2.292322105328309, 2.5515875303351345, 2.4557262253718948, 2.4855391443880106, 2.435906608554016, 2.9951137916910917, 2.807905867772982, 2.140420594320185, 2.1233666151735866, 2.3026814454342985, 2.3205744453936883, 2.277096063564025, 3.0240654336322663, 2.4140701357175365, 2.2646552773147457, 2.265357385710169, 3.8050386792503064, 3.62905886907416, 3.0442234325625277, 2.4302860858389397, 2.4674278182690457, 2.5878227776618408, 2.4908325979853703, 3.328899064546607, 2.2728169327383836, 2.8051022671160104, 2.6891733041150614, 2.9701435357117827, 2.131507693598845, 2.2678109474782167, 2.3658095756943864, 2.12141341655939, 2.134335428901675, 2.117039123833356, 2.3008144819361056, 2.3429397152260116, 2.733006468820091, 2.610940368551624, 2.459895972522739, 3.407905418378823, 2.4191018405884503, 2.167999675329196, 2.2958910865527873, 2.267123663311435, 2.2937382501170536, 2.5802778833483524, 2.309637748830742, 2.396121459128693, 2.517659199237583, 3.4847306628849077, 2.4653155630127674, 2.1312031849540176, 2.5661413751692495, 2.2812261062061197, 2.364090362802457, 2.357977577067835, 2.4533848371696005, 2.4810126400759485, 2.118261072656298, 2.7594584016312895, 2.197040973672152, 2.300232061139134, 2.265403018552492, 2.364009450693445, 2.365605764101836, 3.628963496743401, 2.345289788777426, 2.17063949707249, 2.8632581618716375, 2.480461644878571, 4.426913125457768, 2.4772532577360007, 3.4284440664593845, 2.413276051339426, 2.464750076236253, 2.6074073715501163, 2.1166356925334653, 2.176412908162847, 2.2974792204311716, 3.2307776562109276, 2.3717574867556106, 2.266759427972061, 2.265517096945119, 2.125201961006925, 2.1447123889783795, 2.4911052353822165, 2.597936089033609, 2.209848319418173, 2.419369143824211, 2.2682739482679963, 2.376429774827737, 2.4582385552726382, 2.1876642972335363, 2.2943707667062223, 3.291355365050932, 3.197714925576797, 2.2818886284481588, 2.2233662168785138, 2.128490258420232, 2.63192370290693, 2.2645560142264785, 2.128407204529891, 2.1566669023151355, 3.1276294914224874, 2.6979492328592407, 2.138833298512867, 2.448338308319699, 4.119328336558649, 2.1456417750029555, 3.807550220583167, 2.942521437339459, 2.1180845379666278, 3.4932906294605974, 2.614679739022446, 2.6707924627572415, 2.159245042688882, 2.4177706907314866, 2.557762665304274, 2.162282767026255, 2.4415890148644137, 3.2302259356111467, 2.127827346234979, 2.4222459548486737, 2.2636048112689533, 2.2961283605619864, 2.201844422517409, 2.4500591771425677, 2.30330714661943, 3.2817933696922514, 2.4239441860167847, 3.2457986105951657, 2.1179504673132143, 2.1373794593518216, 2.7532254935602, 2.1189436948537725, 2.2471836711620914, 2.1176137643364603, 2.2543681194234986, 3.634086642089062, 2.5969761092853423, 2.536652773462456, 2.28427440868236, 2.1230566733476532, 2.4294992323791647, 2.5412389926815924, 3.117489606844906, 2.257936661194753]"
2.5,9000,0.6354748611994477,0.6354748611994477,0.018131256103515625,0.3161004056050798,"[3, 2, 3, 4, 2, 2, 2, 4, 2, 3, 1, 2, 3, 1, 4, 1, 3, 1, 2, 1, 2, 3, 2, 4, 2, 4, 2, 3, 3, 2, 2, 2, 2, 2, 4, 2, 3, 2, 3, 4, 3, 3, 2, 2, 2, 2, 3, 3, 3, 2, 3, 3, 2, 3, 2, 3, 3, 2, 2, 2, 3, 2, 3, 1, 3, 2, 3, 3, 3, 3, 3, 2, 4, 2, 3, 3, 2, 2, 2, 2, 3, 3, 3, 1, 3, 2, 3, 2, 3, 2, 2, 2, 2, 1, 2, 1, 3, 2, 3, 2, 3, 3, 2, 2, 2, 2, 3, 3, 3, 4, 1, 3, 2, 2, 3, 2, 3, 5, 4, 3, 4, 3, 3, 2, 2, 1, 4, 2, 2, 4, 2, 2, 2, 5, 2, 4, 4, 4, 3, 2, 3, 3, 4, 2, 3, 3, 1, 3, 2, 3, 1, 2, 3, 1, 3, 2, 3, 4, 3, 2, 3, 2, 3, 2, 2, 2, 3, 2, 3, 2, 3, 4, 1, 2, 3, 2, 3, 3, 2, 3, 4, 2, 3, 3, 2, 2, 2, 2, 2, 2, 3, 3, 3, 3, 3, 2, 3, 2, 1, 2, 2, 3, 3, 3, 2, 3, 2, 2, 1, 3, 4, 2, 2, 5, 2, 4, 2, 3, 3, 1, 1, 1, 3, 3, 3, 2, 2, 1, 3, 2, 3, 2, 2, 3, 2, 4, 2, 3, 1, 2, 4, 3, 2, 2, 3, 2, 2, 4, 2, 3, 5, 2, 2, 3, 3, 1, 2, 3, 4, 3, 4, 3, 3, 2, 3, 3, 2, 4, 2, 3, 5, 3, 4, 2, 3, 3, 4, 2, 3, 2, 5, 3, 3, 4, 2, 4, 2, 2, 2, 3, 2, 2, 3, 2, 4, 3, 4, 2, 3, 2, 1, 3, 1, 4, 2, 4, 3, 1, 2, 2, 2, 1, 5, 2, 3, 3, 3, 2, 2, 4, 3, 3, 2, 3, 2, 4, 3, 3, 2, 3, 5, 2, 2, 2, 3, 1, 3, 3, 3, 2, 3, 3, 1, 1, 1, 3, 4, 3, 2, 2, 3, 2, 5, 2, 4, 1, 3, 2, 3, 4, 2, 3, 3, 2, 3, 4, 2, 3, 1, 1, 1, 1, 1, 2, 2, 3, 2, 2, 2, 3, 2, 2, 3, 4, 3, 3, 1, 1, 3, 2, 4, 3, 3, 2, 4, 2, 2, 3, 3, 4, 4, 2, 3, 1, 2, 2, 3, 1, 3, 3, 3, 2, 2, 3, 2, 2, 2, 2, 4, 1, 2, 2, 4, 3, 4, 3, 2, 2, 2, 4, 1, 2, 2, 2, 3, 2, 3, 1, 3, 3, 4, 3, 2, 2, 1, 3, 1, 1, 2, 1, 4, 2, 2, 2, 3, 2, 3, 3, 2, 1, 3, 2, 3, 2, 2, 2, 3, 2, 2, 1, 2, 3, 1, 3, 2, 2, 2, 4, 1, 1, 3, 2, 3, 2, 2, 3, 3, 3, 3, 3, 3, 2, 2, 2, 2, 4, 3, 2, 3, 4, 4, 1, 3, 2, 1, 2, 3, 1, 3, 2, 3, 3, 2, 4, 3, 2, 3, 2, 2, 1, 5, 4, 4, 2, 4, 2, 2, 1, 3, 4, 4, 2, 3, 2, 1, 2, 2, 2, 2, 2, 2, 3, 3, 2, 3, 4, 5, 2, 2, 2, 1, 3, 2, 2, 4, 3, 4, 1, 2, 3, 4, 2, 2, 2, 2, 3, 2, 2, 3, 3, 3, 3, 2, 3, 3, 2, 1, 3, 3, 3, 1, 2, 3, 2, 2, 3, 5, 2, 2, 4, 1, 1, 3, 2, 1, 2, 5, 3, 4, 3, 3, 3, 2, 4, 3, 1, 2, 3, 1, 1, 2, 2, 5, 2, 3, 4, 1, 2, 2, 3, 2, 4, 1, 3, 3, 2, 2, 1, 2, 3, 3, 2, 1, 2, 3, 3, 3, 3, 2, 3, 3, 3, 2, 1, 4, 2, 3, 2, 2, 3, 2, 1, 2, 5, 2, 2, 2, 3, 3, 2, 3, 2, 1, 1, 3, 3, 2, 2, 3, 2, 3, 4, 1, 3, 3, 3, 2, 2, 2, 2, 2, 5, 3, 3, 3, 3, 3, 4, 3, 4, 4, 2, 2, 2, 3, 2, 3, 1, 3, 3, 2, 3, 3, 2, 3, 2, 3, 2, 2, 3, 3, 2, 1, 3, 2, 2, 4, 3, 1, 3, 2, 2, 3, 4, 2, 4, 2, 5, 4, 2, 2, 3, 2, 2, 3, 2, 3, 2, 2, 4, 4, 3, 3, 4, 2, 3, 4, 4, 3, 5, 2, 1, 2, 5, 3, 2, 3, 2, 2, 3, 5, 3, 3, 2, 2, 2, 3, 3, 3, 3, 3, 3, 1, 3, 3, 1, 2, 3, 1, 2, 4, 3, 2, 3, 3, 2, 2, 3, 2, 2, 4, 2, 3, 2, 1, 3, 4, 2, 1, 3, 3, 2, 2, 3, 1, 2, 3, 3, 2, 2, 3, 2, 1, 2, 3, 5, 3, 3, 4, 3, 3, 2, 3, 3, 4, 3, 2, 3, 1, 3, 4, 3, 1, 1, 4, 2, 3, 4, 3, 3, 2, 2, 3, 2, 3, 2, 1, 2, 2, 2, 3, 3, 1, 3, 2, 2, 2, 3, 1, 2, 2, 3, 2, 2, 3, 2, 4, 1, 2, 2, 2, 2, 3, 2, 2, 3, 4, 1, 4, 3, 1, 3, 2, 2, 2, 2, 3, 2, 2, 2, 1, 3, 3, 4, 3, 1, 3, 4, 1, 3, 2, 4, 3, 2, 2, 3, 1, 2, 5, 2, 4, 2, 3, 1, 2, 2, 1, 2, 3, 2, 3, 3, 2, 2, 2, 3, 2, 4, 3, 3, 2, 3, 3, 3, 4, 3, 2, 2, 4, 5, 2, 3, 3, 5, 3, 1, 2, 3, 3, 1, 2, 3, 3, 3, 4, 4, 3, 4, 2, 3, 2, 1, 1, 3, 4, 2, 1, 1, 3, 3, 3, 2, 3, 3, 3, 1, 2, 3, 3, 1, 3, 3, 2, 2, 2, 4, 3, 4, 2, 3, 5, 2, 2, 4, 2, 2, 3, 2, 4, 2, 2, 4, 1, 3, 2, 3, 2, 2, 1, 4, 2, 2, 3, 2, 3, 2, 3, 4, 4, 5, 4, 2, 2, 2, 5, 2, 2, 4, 5, 3, 2, 2, 3, 2, 2, 3, 2, 3, 2, 2, 3, 3, 4, 1, 2, 3, 3, 2, 2, 3, 4, 1, 2, 1, 3, 4, 1, 4, 3, 3, 1, 2, 2, 2, 2, 5, 3, 2, 2, 3, 4, 2, 4, 2, 3, 2, 3, 3, 2, 2, 2, 2, 2, 2, 3, 2, 3, 2, 2, 3, 2, 3, 3, 2, 2, 3, 4, 2, 2, 2, 3, 2, 3, 2, 3, 2, 2, 2, 4, 1, 3, 4, 2, 2, 3, 2, 2, 3, 2, 3, 3, 2, 2, 2, 3, 3, 2, 2, 1, 3, 3, 3, 2, 2, 3, 3, 2, 3, 1, 2, 3, 2, 3, 3, 5, 3, 1, 3, 2, 3, 2, 2, 4, 2, 3, 2, 2, 4, 3, 1, 3, 2, 1, 1, 3, 3, 3, 3, 2, 2, 4, 3, 3, 4, 2, 3, 3, 2, 3, 3, 2, 3, 2, 4, 4, 2, 4, 2, 2, 2, 2, 4, 2, 2, 2, 4, 2, 4, 2, 3, 1, 3, 2, 3, 2, 3, 2, 4, 2, 2, 2, 3, 2, 3, 3, 4, 2, 3, 5, 2, 2, 3, 2, 2, 2, 4, 4, 2, 3, 3, 4, 4, 1, 1, 2, 2, 3, 2, 4, 2, 2, 3, 3, 1, 2, 2, 2, 3, 2, 3, 2, 3, 3, 2, 3, 1, 5, 4, 4, 3, 2, 3, 3, 3, 3, 3, 2, 4, 2, 3, 2, 3, 4, 2, 2, 2, 4, 1, 2, 3, 3, 2, 3, 3, 3, 2, 3, 1, 1, 2, 1, 3, 3, 2, 3, 4, 4, 2, 4, 1, 1, 1, 3, 3, 3, 3, 4, 2, 4, 4, 3, 2, 1, 3, 2, 3, 1, 3, 2, 3, 2, 3, 2, 4, 4, 3, 3, 2, 3, 4, 2, 4, 2, 2, 3, 3, 2, 2, 1, 1, 2, 2, 3, 4, 3, 3, 2, 2, 3, 3, 2, 1, 2, 3, 2, 1, 4, 3, 2, 1, 2, 3, 3, 2, 2, 3, 3, 3, 3, 3, 2, 2, 3, 2, 2, 2, 3, 1, 3, 3, 3, 2, 2, 3, 3, 3, 3, 3, 2, 3, 3, 3, 2, 3, 1, 3, 2, 4, 3, 3, 2, 2, 2, 2, 3, 3, 2, 2, 3, 2, 2, 1, 1, 4, 2, 3, 2, 3, 3, 3, 2, 3, 3, 2, 4, 5, 2, 3, 2, 3, 3, 2, 2, 4, 2, 2, 3, 5, 1, 2, 2, 2, 2, 2, 1, 3, 2, 4, 1, 2, 2, 1, 2, 4, 4, 2, 3, 3, 1, 1, 1, 4, 2, 4, 2, 4, 3, 3, 4, 2, 3, 3, 3, 2, 2, 2, 3, 3, 3, 2, 4, 2, 3, 3, 3, 2, 3, 3, 3, 3, 3, 3, 4, 3, 1, 4, 3, 3, 2, 3, 2, 1, 1, 3, 2, 3, 2, 4, 2, 2, 2, 2, 3, 2, 3, 2, 1, 2, 1, 1, 1, 4, 3, 2, 3, 3, 3, 2, 4, 3, 4, 2, 3, 3, 5, 2, 2, 2, 2, 3, 2, 4, 2, 1, 1, 2, 2, 2, 3, 2, 3, 3, 1, 3, 3, 3, 3, 1, 4, 3, 2, 1, 2, 1, 2, 3, 2, 1, 4, 2, 2, 3, 4, 4, 4, 2, 3, 4, 2, 4, 1, 2, 2, 2, 3, 3, 3, 2, 2, 4, 2, 2, 1, 4, 3, 3, 4, 2, 4, 3, 3, 1, 5, 4, 4, 3, 1, 4, 2, 2, 3, 4, 5, 1, 2, 4, 3, 2, 3, 2, 3, 2, 3, 3, 2, 2, 2, 4, 4, 3, 3, 3, 2, 1, 4, 3, 2, 2, 3, 3, 2, 2, 2, 1, 1, 3, 4, 3, 2, 3, 3, 2, 3, 3, 3, 2, 2, 3, 3, 1, 2, 2, 2, 3, 2, 4, 2, 2, 2, 2, 4, 3, 3, 3, 2, 3, 5, 3, 4, 4, 2, 2, 2, 2, 2, 3, 2, 2, 2, 3, 2, 1, 3, 2, 2, 1, 3, 2, 3, 2, 3, 3, 3, 3, 2, 2, 2, 3, 2, 1, 2, 2, 4, 3, 2, 2, 2, 2, 3, 3, 2, 2, 3, 5, 3, 4, 2, 2, 2, 3, 3, 2, 4, 1, 2, 1, 2, 2, 3, 1, 2, 3, 3, 2, 3, 1, 2, 4, 3, 3, 3, 2, 2, 2, 3, 3, 3, 2, 2, 2, 5, 1, 3, 2, 1, 4, 2, 3, 2, 3, 3, 2, 3, 3, 1, 3, 2, 3, 3, 3, 3, 3, 3, 3, 3, 2, 4, 3, 2, 1, 2, 4, 1, 2, 3, 4, 2, 3, 3, 2]","[2.724723295552924, 2.1345391718431204, 2.3706437072609474, 2.5178970711339828, 2.05615449188232, 2.2653158466202052, 2.0538653688085446, 2.5417391196575987, 2.2979167125664084, 2.4795016652716293, 1.9980888635687275, 2.247058908442966, 2.926632622943467, 2.082681789164689, 2.2748563245616396, 2.128335038215739, 3.025652236637638, 2.1880514526965724, 2.108165243558896, 3.7142603661502562, 2.1156131833698457, 2.3744941486622704, 2.028557242671518, 4.432444814503794, 2.9067356875469206, 2.604115405312112, 2.3859596170987976, 2.247700335422163, 2.831165552063454, 2.0228340027182012, 2.5225014458402377, 2.056601976625498, 2.051361667463408, 2.106108297553276, 2.6977269000834445, 2.509281259199172, 2.6089192070293907, 2.342884297597612, 2.5070773954362826, 2.0797345945489285, 2.380029880225253, 2.9383833928639644, 2.0591854029507277, 2.7819392632271835, 2.133697104998971, 2.667037672785146, 2.2378960114999202, 2.9832405502760224, 3.6228151236104447, 2.2390318412054593, 2.199082633786788, 2.4807196629262456, 2.5632961823047173, 2.356887571814547, 2.083309097761385, 2.8175308698536505, 3.0873768047509866, 2.3778482234825673, 2.0250045112116752, 2.3157543538055365, 3.026255165269578, 2.4905333976946293, 2.345083587254396, 2.087785914147424, 2.7773359375048097, 1.9974807477102436, 2.509683853127523, 1.998198486956353, 3.2394639453844674, 2.8192099913923423, 2.6985207257207366, 2.795659251708715, 2.771158824959708, 2.8051380199092995, 2.352627144941303, 2.3731696838866294, 2.0780694802295008, 2.3170099667966033, 2.513048755975009, 2.670476038292378, 2.748637049523284, 2.084769714819761, 2.3863642731415386, 1.9741894152534434, 3.4182474384023656, 2.083268464486792, 3.0653586157177726, 2.457757249348496, 2.7343921855070525, 2.352003385237269, 2.0796384433514463, 2.166983951230291, 2.1307710651412064, 2.107244330871281, 2.131938988084269, 2.6139771020030165, 2.37215664833622, 1.973594959091525, 2.4829011062430952, 2.599220326418922, 2.2914700915724424, 2.533821495831625, 2.1110201201410477, 2.1955859662226254, 2.2180025821016436, 2.838946361241537, 2.622835689185823, 2.078565206179536, 2.199773163055822, 2.8318632098227274, 3.7840018944508005, 2.6550076118810755, 2.1050933679996624, 3.0460328699033, 2.2937684804307974, 2.8854910787426236, 2.601857060693818, 3.6166510744259406, 3.401323702082786, 2.3726888209174795, 2.869454236663994, 2.447786001622514, 2.832481033626281, 2.4324721250276475, 2.6184581811751872, 2.243328420951682, 2.555340560381093, 2.108744829671389, 2.6246676370291455, 4.460204108795228, 2.348638566512408, 2.3237233241057527, 2.263816576184217, 2.8117309342452854, 2.213493063463326, 2.451102290861065, 2.8521772513514554, 3.095387272660393, 3.803600886059379, 2.268179379522649, 2.1076833502129775, 2.3780576125706787, 3.0241004628045136, 2.404145468143187, 2.3787130914107135, 3.2201753460568345, 2.159345347358259, 2.3976200085923236, 2.296575235745465, 2.4529516297707756, 2.1113031698027873, 2.7013775455656774, 2.9767372324045156, 2.4187885895349823, 3.1514647339562085, 2.452136774560758, 2.2914238299470977, 3.311099762613561, 2.4002779434733625, 2.3523593711808104, 3.1211618803473913, 2.083505693647395, 1.9742122390502361, 2.3485501039059344, 2.348805249392015, 2.3240060279523895, 1.9719079001119324, 2.7051705403801924, 2.0920022647897696, 2.1847937620180273, 2.429092641822533, 2.2132502156827685, 3.8398169580745933, 2.294230309432206, 2.4372046272898324, 2.074690761333475, 2.5420099649662142, 2.7680243703621246, 1.9963808827754084, 2.4655004552206203, 2.5762470918514415, 2.2103700002003195, 2.4288443834407705, 2.332241109908779, 2.984523340406092, 2.031932983769862, 2.1658437318647703, 2.3501890808986725, 2.1065523619188795, 2.134155310010339, 2.594798727034155, 2.4104985758113426, 2.3233947997579794, 2.496518281553772, 2.426631949615714, 2.355555664034332, 2.577055512946256, 2.6202464968746764, 2.1580854573600154, 2.240348878024928, 2.4233024795782607, 2.9040482030363095, 2.40628202064521, 2.687006124542322, 1.9992580644316982, 2.430295003161929, 2.3548617270389904, 2.159722834336689, 2.2428703959164054, 2.5459317596506397, 3.019831330447881, 1.97092803301781, 2.499783636193057, 2.6431884361381544, 2.151201767857657, 2.1895673332002197, 2.24353314349261, 2.3279274582145995, 2.182077113205081, 2.762371512534418, 2.4171421260565276, 2.51791104379176, 2.281200376664433, 2.1789645717611243, 2.503753923501659, 2.932022581871866, 2.347146585024317, 3.26261388536286, 2.0876467911355476, 2.512288308563689, 2.2770003252315623, 3.5028870569196426, 2.0227228231626126, 2.626947967074048, 2.2011143393654473, 3.3446047480403482, 2.679004013460566, 2.8696142519397654, 2.518952356558146, 2.337214855663237, 3.0540158121165093, 2.7872110657745064, 2.2393531710031196, 2.2685991205478255, 3.2350006705782626, 2.400900583566169, 2.648007573784296, 4.0130928241476385, 2.676283831861001, 3.4761573002381687, 4.291625816965679, 2.209390824736403, 2.290363652494501, 1.9953778460693905, 2.6973992464306478, 2.7236231150976016, 2.6066039526520814, 2.692644651649464, 2.544988552665069, 2.3264562025921625, 2.706190784219755, 2.936229578162733, 2.24613195858992, 2.026327599795445, 2.5273149837588744, 2.2870788531038317, 3.1181893566971457, 2.910104223711661, 2.8534056322261927, 2.736226418606531, 3.2331619991174962, 2.213875700806166, 2.4245704106531147, 2.436507618275476, 3.4963878044629846, 2.545651649417275, 2.8260505766653057, 2.243198394472984, 2.4110554803296798, 2.1865860955590164, 3.381478065796058, 2.2662393567952708, 2.633390800819598, 3.8973948141855184, 2.3320650069441538, 3.17449151183612, 2.078749179814289, 3.0862052176922923, 2.1738798501976078, 3.7306125726845654, 2.216206494599843, 2.1451973278533414, 2.899273705906531, 3.1612561553790948, 2.4759651630357173, 2.4509928474495317, 3.6656351313370066, 2.484122525186607, 2.550915318809471, 2.3556882841263014, 2.7224599957925255, 2.1658828089714, 2.266934790967242, 4.006732700777504, 2.0838666716466645, 2.573702702440891, 2.156861696220551, 2.3035294897165306, 2.548462636730587, 2.2399278481371234, 3.3402685726652637, 2.502482256027721, 3.8154808794813637, 2.077849090668438, 2.696037330333973, 3.1817453239195417, 2.304890253958807, 2.0880568602805614, 2.0241035575280666, 3.2190657745801707, 2.4587379024706078, 2.4390267315672776, 2.162038901194899, 2.7513281037666104, 2.7067617746079033, 2.216910408310376, 2.263767809186165, 2.611636061821808, 2.4469686737839833, 2.254559508914348, 3.118459656010991, 2.2244058976979773, 2.002811487521747, 2.0653764102030685, 3.4848733938512897, 2.2980594964304593, 2.6073631704101348, 3.0047834487659633, 2.5405248489150307, 1.9713298701674025, 2.3036810051996253, 2.6860596961726797, 2.2189888392448402, 2.7245130390590275, 2.91623264812057, 4.250441073551718, 2.931724393399682, 2.6114953519370534, 2.4290196677672764, 2.303971829082172, 2.164346006654026, 2.588402698236742, 3.4264535363968602, 2.1925703915539723, 3.1565819720706187, 2.145772696617551, 2.293069069385143, 2.7730252332703573, 2.1951581929403137, 3.5114240157410737, 1.973402858801853, 2.4803010537441614, 2.1080027104605237, 2.5680580708707885, 2.497298349222536, 3.1084491714965874, 2.0567722905636856, 2.9406083778782666, 2.1610929239808625, 1.971167164161479, 2.3953900199011477, 2.1078531383599706, 2.111426107071875, 2.740639634262864, 2.0260578640151676, 2.336687399256656, 2.1930106141799888, 2.241638941266369, 2.1094883321426656, 2.6153174959408023, 2.7240112925506286, 2.082889225258263, 3.0030593869958655, 2.3320760013848467, 2.7090159730753802, 4.13040408759399, 1.974033106826924, 2.2405594864911462, 2.604393112550415, 2.503689076101321, 2.9122728056910283, 2.7575995314867745, 2.0868481165564847, 2.430025989716772, 3.4706436171686805, 1.9984585399137484, 2.273983899116848, 2.162128083717997, 2.346104464143129, 2.1505715198325865, 2.8214070587925466, 2.1084012623666384, 2.55183053708646, 2.1612172445103623, 2.243491991495363, 2.488643045334158, 2.56285820747687, 3.0255919184323132, 3.418890790171303, 2.644676652075371, 2.0252553622953884, 3.808478681080409, 2.2614210364565266, 2.2706319002325537, 2.4793207844543685, 2.1558790626056057, 2.134139236676594, 2.1106226056802417, 3.8306484392075335, 2.2309090176795725, 2.022748067665126, 2.26880813037109, 2.58238715894315, 2.504563887621249, 2.813550137831574, 2.569683762268483, 2.105766324189944, 2.5656705739235504, 2.54128473666601, 2.6182248164792243, 2.367864907634434, 2.2383618235322316, 2.3987893516579315, 2.2143501284224567, 2.401879931937637, 2.0602360945739004, 2.4359356909817578, 2.4058448891372413, 2.9317613956156947, 2.1378883911148954, 2.8296824853771176, 2.1389558693694295, 2.354662883220748, 2.398763972021322, 2.1001872820660035, 2.20565345543819, 2.507306309146399, 1.9698364676454447, 2.675604478091316, 2.5424309227709894, 2.875941930793348, 2.245342628087177, 2.3724164915239303, 2.394251671394377, 3.148065563671386, 2.4813439079031894, 2.7652445612761203, 2.448955691414546, 2.103838404991168, 2.0570968380377757, 2.553179878368821, 2.189398522461817, 2.36883999321977, 2.2474062797138488, 2.1071649733737012, 2.2488983957401834, 3.328709528732494, 2.2177311772825705, 2.837783946466092, 2.6111084801459916, 2.211008374880309, 2.424241540490238, 2.057021623252891, 3.2858682987333294, 2.3130370860927574, 2.038039559764765, 2.1049019593401965, 2.6292820939833654, 2.0792950489542474, 2.0254063483612676, 2.6752106185268385, 2.2704997988632387, 2.344615045563395, 2.211823633985442, 1.9975013237088675, 2.473543722799786, 3.2008279941273856, 2.658798234338134, 2.348228967689342, 2.3028928788925227, 2.188842324768409, 3.8405571753023926, 2.161072693797342, 2.2675025140257326, 2.1044387400098357, 3.1418770371614837, 2.5170661550401134, 2.623120033448008, 2.160110981996123, 2.675776270107101, 2.660834950160233, 2.2247293693574504, 2.615314023190903, 2.3895395167116305, 2.053223190162423, 2.7560463683700833, 2.772068350229312, 2.585076659897407, 2.4056603358317936, 2.7927942143173397, 2.409367647502472, 2.531583041738968, 2.317734324334521, 3.9233936408420735, 2.551029493262681, 3.3402750983102236, 2.214129356184157, 2.05166633056908, 2.4053479457658056, 2.750098108721122, 3.669220024512742, 2.6002842266345447, 2.715848043018766, 2.084265449428509, 2.588422928420263, 2.621396244343239, 2.263732023480232, 2.217743131078206, 2.243440465045028, 2.6457611597870523, 2.925537234505937, 2.030066033965556, 3.470888663979742, 2.2195714555273414, 2.2928012285193913, 2.10440018162586, 2.226523976834051, 2.4673267485757484, 2.108500857116279, 2.055321077484284, 2.3212509119588898, 2.7150481020068766, 2.1470235098448107, 2.024075133122579, 2.401861949552285, 2.4991755994401936, 4.192468562987273, 2.138450513564691, 2.1608200687961188, 2.491168830646549, 2.8236210205424865, 2.0224034629150665, 2.209578429429737, 2.5099179699521996, 2.442305682873421, 2.402540280475532, 2.5720752018681674, 1.9729595238399105, 2.1018060425627696, 2.7238890469117467, 2.267520083028933, 2.2132162314048984, 2.2924720196099524, 2.1889809966246796, 2.2423176104743887, 2.1864261146443105, 2.393508853308314, 2.1565335176878806, 2.131153123262884, 2.7347797328737666, 2.2430060230037983, 2.9168690800811805, 2.2655432239245537, 2.436007412835147, 2.4107151467559125, 2.3537596323596337, 2.2916916878302147, 2.718423086326461, 2.118127206199892, 2.1644596069153352, 2.7547116535507596, 2.2424766854217317, 2.754824973145519, 2.063863123312693, 2.7252294262506624, 2.1610375935643957, 4.160832067903764, 2.056254951169718, 2.462786121772891, 3.683851459766329, 2.2712803927849867, 2.026012043514031, 2.3071949457807546, 2.3713876915927448, 2.2289319927361824, 2.579662056511056, 4.005376622802218, 2.4978069907325415, 2.531037345506561, 2.364562426369731, 2.4244473004764755, 2.185397480552136, 2.130223738105248, 3.7195271074426675, 3.036887503430348, 2.637536434096039, 2.299077726737742, 2.398414361771746, 2.1319682094604655, 2.1037458994511367, 3.2205152002860173, 2.218131308531233, 4.237961038720379, 2.483130005136313, 3.3001066110859587, 4.035504588583818, 2.6909117414638204, 2.386970831920738, 2.1466141847023277, 2.8095018931542386, 2.7464497106176564, 3.92956966717325, 2.72743468916198, 2.1828128655414565, 2.184100161350753, 1.9998955745739302, 2.2936828802501057, 2.2157144067769288, 2.53790967516738, 2.9819372694985065, 2.74507366938636, 2.3480570108498005, 2.488253985289726, 2.7386638564671575, 2.6050386372391228, 2.391805906730246, 2.725414264423173, 2.511364795194262, 2.4084865521013303, 2.3904611163279155, 3.2727352943088426, 2.6168883535154843, 3.0492122939595414, 2.0264116328654547, 3.330306106362272, 2.0556122538009425, 2.6772297068472746, 2.2508331943788837, 2.43663179360935, 2.907287508389048, 2.864504110547689, 2.501682946442781, 2.002648262793169, 3.5298618417048866, 2.0557317329190012, 2.1282317070670143, 2.2416813036164767, 2.3768832792719845, 2.9413373820089017, 2.218487647820207, 3.0988057909981697, 2.3966146824405032, 2.1912856884466265, 2.2165395216124946, 2.5886600764512293, 2.3068479314441457, 2.351333887198017, 2.484043475730675, 2.3488678419256437, 2.1828659481597548, 2.7706853158432465, 2.497753772980147, 2.0568988588913544, 2.157912635386864, 2.3488132031393825, 2.655443941389074, 2.155502469047205, 2.9320138319978017, 2.24668388656272, 1.9973246121912756, 2.161274124026252, 3.287121774444923, 2.542941475481578, 2.376999759059014, 2.593027463584176, 2.297812788059441, 2.3973390338212015, 3.6231922824171203, 2.5697255827213517, 2.5001067467452636, 3.8382682389744356, 2.215717519112855, 2.543154077066975, 2.1561837247999565, 2.138541981659413, 2.2164075860821906, 2.6952794239871483, 2.3741801178439053, 2.512928923973307, 2.346920451740601, 2.7608219457631504, 2.3525208668338737, 2.5615420351951586, 2.85327944721319, 2.3467706840074434, 2.1384908010241808, 2.7022373367287207, 2.322269690320631, 1.9754682395040395, 2.4796756887781655, 1.971859313089972, 2.5436607955774093, 2.375652802164602, 2.0827974643166156, 2.627083388467308, 2.094313068278673, 2.294690491062229, 2.069413921469027, 2.0014365266725394, 2.0536647960488517, 2.352164217546546, 2.6913723603862607, 2.397411827900366, 2.7076782071119316, 2.0571749922510354, 2.969476486950179, 2.5601074510342903, 2.943314052042846, 3.5227557916871586, 3.012192775194583, 2.358537605403543, 2.6513695891262, 2.840724305982901, 3.1977076392388324, 3.1817041783490323, 2.661208273451851, 2.3377343444493466, 2.319996300922717, 2.2011588965455458, 2.9442909638205768, 3.068388057905073, 3.363774154991119, 2.656104162323202, 2.4778525260139848, 2.2172152443235995, 2.710313760776069, 2.7692156346127117, 2.982544212234174, 3.0277675885335174, 2.9413323417962283, 2.185255184705825, 2.031695288854783, 2.187233254163065, 3.9857180561878547, 2.090543097963001, 2.0818167326847363, 2.4011516821930226, 2.5648167313122543, 2.2196757187808713, 2.393505343478253, 4.04414588936992, 2.828236503724453, 2.6706419991736934, 2.208493063187635, 2.3322452219165593, 2.627599148518727, 2.190753162385871, 3.8900844487488113, 2.785720994762623, 2.4452826583243454, 2.376147151922766, 2.3216320072708476, 2.2397931531545363, 2.1930349941447447, 2.306371748122978, 2.3990833181317868, 2.0224952768248916, 2.2160504337164633, 2.16075385227245, 2.1454438264546747, 3.3129309928232993, 2.21064959171103, 4.026945412457922, 2.162057913957019, 2.213484485652801, 2.105090601478839, 1.9997628491414574, 2.105813355043941, 2.0523496612124488, 2.865348984348373, 3.1673166274099906, 2.236675111279063, 2.5981327184532974, 2.5141086973191045, 2.1059094916425525, 2.84116680706051, 2.618904161673195, 2.45450865520313, 1.9737931111454978, 2.2260874835385778, 3.5204912004103783, 2.186161400251566, 2.286700970682803, 2.695037150212937, 2.7245741246842776, 2.458048616626353, 2.715833918427555, 2.48794125543179, 2.216426260097748, 2.006588254200104, 2.3542368990506697, 2.3240428823830386, 2.31008578713361, 2.3758040962721294, 2.9686779736575226, 2.9411935188505347, 2.9587369846433487, 2.7910714839583304, 3.86245024475894, 2.325121800381959, 2.33146904844228, 2.052341842599178, 2.5655189088787322, 2.618161577619175, 4.154160721340309, 3.166962797611664, 2.237956183327828, 2.2356485591460467, 1.9702132332000755, 2.8823523131356055, 3.5380115723810164, 2.2409001072989816, 2.104872046333794, 2.057080411820387, 3.2681063862487143, 2.0564826704149906, 2.6027095822517574, 2.561378118836375, 2.5311959598112623, 2.4030167990884848, 2.2144206524401886, 2.371438526412874, 2.694799323871403, 2.185757142396253, 2.1727692049578633, 2.2201721363611124, 2.4297804609936993, 2.340202877083168, 2.268040849869015, 2.455508471814223, 2.3777177080748086, 2.02998718812209, 2.215610662246053, 2.794451381264647, 2.8544916672760077, 2.4053351557188316, 2.076989326755532, 2.371579446067314, 2.4510635247890717, 2.6434523001302224, 2.410506285209931, 2.5769006592213746, 2.2157069646836756, 2.296053956339948, 2.3487139688037146, 2.3451161316475253, 2.2670188169687107, 4.075816155931448, 2.216091856893225, 2.032967023895769, 2.3249890144509786, 1.9991532824555136, 2.2163315067595484, 2.3569277539335345, 2.0820717713231396, 2.8300665179684734, 4.007508268744247, 2.595661018500459, 2.405387022872435, 2.3182191580201352, 1.9957599717581165, 2.3294574703265076, 2.643830794760368, 2.038475805517098, 2.39924827900442, 2.7596928362775337, 2.420050914388284, 2.076744143847562, 3.3448331222541148, 2.2655074320614013, 2.2436476082916768, 3.181928128138169, 2.714753646469896, 2.7602457397113205, 2.4799665192797207, 2.4250089042036165, 2.3650324367653877, 3.820306491828303, 2.132395291112571, 2.297852902611379, 2.3183363108302575, 4.44118515051326, 2.2698203760193305, 2.0384261810498288, 2.374006095793052, 2.7316202873823534, 2.181812306165488, 2.1650991919481846, 4.1075753444113685, 2.0499649202627164, 3.8210720576871964, 2.8462451573151775, 2.4271971153272136, 2.165182667926232, 2.130077254704247, 2.028083994703173, 2.131323783016175, 2.065050080685286, 2.0763065148348177, 2.2922563968247416, 2.1550205459076937, 4.302843226557357, 1.998005176313821, 1.998675711798382, 3.1203204703539327, 3.46588863146088, 2.549519072620775, 2.953100380192789, 2.7353137348841705, 3.0324799863107326, 2.0555251083950066, 2.181711790253761, 2.219341315576348, 2.219552728543605, 2.5701237666316725, 2.0286203009596226, 2.2178078584051066, 3.866398022536926, 2.109403780350002, 3.503922337951655, 3.151768744560634, 2.101772498497786, 2.9045347239484314, 4.350254439335364, 2.323172811584093, 2.2228890619149393, 2.1460052572742647, 2.42922266123269, 2.449601335280237, 3.0970530782688246, 2.2656653037244245, 2.563327367648302, 2.5028460732781874, 2.3689958614334024, 2.902198540771428, 3.7947058590823843, 2.2760271854259027, 2.1582563755991657, 2.2163239058958246, 2.2801184941149493, 2.267990313059136, 2.2432252989767894, 2.3011952126496364, 2.5535679636245314, 3.4594458233093617, 2.236203073663578, 2.1425290039203446, 2.1376824582211067, 2.4775952580504614, 2.61846791184531, 3.5916851246688593, 2.477344722076937, 3.0822465299401784, 2.31633757097661, 2.490910821181563, 2.111110896605564, 2.918101334613293, 2.713379031435791, 2.830335815736331, 2.1500634891084878, 3.6298092893506824, 2.933004434160358, 2.360884675681642, 2.830864679982101, 2.1353436577118843, 2.0334049987236167, 2.4223820926818402, 3.443212013392177, 2.185456456164265, 1.9738892477441095, 2.966267523144094, 2.7729598202849153, 2.1642554030970613, 3.4252146812321076, 2.5897086089361987, 2.3105548490029486, 2.450027410191948, 2.4573177112841447, 2.0843811245804353, 2.863267733231614, 2.0244313902456343, 3.2177526147063173, 2.3802480672919315, 2.4670673505204888, 2.3720305618690722, 2.2557038342644935, 2.8647071300990543, 2.212390079124024, 2.4541142530782505, 3.7054036978013443, 2.023832889642984, 2.242273339072675, 2.8635192218222723, 2.7768085936102542, 2.511339204876646, 2.159941645466525, 2.6022670950282345, 3.4101005015901236, 3.470238037343984, 4.043522655508572, 4.511569383930937, 2.680244106419635, 2.635683572662613, 2.1526694841570406, 4.050737508409824, 2.2936351833074924, 2.1708485701395124, 2.7987343895548693, 3.1182403799865086, 2.5801321063214058, 2.2201181892050568, 2.221989370956516, 2.4338877140396145, 2.1640180302266474, 2.0801879435499857, 3.1305052100648325, 2.514986185089115, 2.2664984667051415, 2.895332152667285, 3.0033419899506706, 2.3427360512218205, 3.0176106274551495, 3.096324713100818, 2.392020424964889, 2.111581378053086, 2.2451560683694813, 2.816194195716033, 2.3513707764091327, 2.1030154326132675, 2.68158170539946, 2.7491202923802205, 2.3515382639238425, 2.0225087636139056, 2.1600020502387034, 2.9170749916487604, 2.4965217649610527, 3.046162550566895, 2.623682927612261, 2.7713741134683882, 2.718459117752892, 2.191576029423268, 2.400479331458786, 1.9957561677919844, 2.1691944543363304, 2.593214289360448, 4.170007384807219, 3.672537952686377, 1.969163684362715, 2.1112684153849437, 2.2639698544407287, 2.4853690373924904, 2.314081300337612, 3.564497188669276, 2.3482998099141836, 2.1867148773237886, 2.2432331488908277, 2.8496725952712905, 2.424190013128582, 1.974307338203539, 2.0284152855717696, 2.2804466837667907, 2.1019120348918143, 2.319958435080269, 2.2966216571351747, 3.1973375798486643, 2.290590266727416, 2.2347333524076296, 2.5243888385606073, 2.0223974111507657, 2.6941634545126303, 2.1062291977052015, 2.6357978486661113, 2.3421848904261364, 2.161757753516225, 2.120406021791775, 2.23213112825329, 2.5376643983535465, 2.6980004630559296, 3.1320581174147604, 2.2617860850339704, 2.2559374323665153, 2.578559437505291, 3.6413349921218225, 2.5701947948246797, 2.6835735528880242, 2.3186450293193808, 2.2160515387288204, 2.079430774313603, 3.195679113438187, 2.2490602003462157, 2.1403302585278046, 2.3977624835034055, 2.507976332976846, 2.0820523003368727, 2.2395108772889207, 2.136603515099998, 2.841158100242026, 2.4143575874413696, 3.2698370453727303, 2.350257883505283, 2.3516985492240456, 2.290631238748572, 2.5409200564522703, 3.044085187934323, 3.0434781537619418, 1.9715432380859037, 2.1043216815974977, 2.4469942641015994, 2.7255110926519905, 2.456281649235798, 2.2183085387714794, 2.3023641166574396, 2.0025626735551967, 2.3982293348036676, 2.1555425835991437, 2.229286626124226, 2.1338686363585593, 2.2725579844194588, 2.079927544777487, 2.325867805724875, 2.8297755240464024, 1.968072983528107, 2.409576294000397, 2.033112957869201, 3.465074704237728, 2.1096051123069492, 2.564207750916013, 2.363263603834499, 1.9699723729808922, 2.51056146671018, 2.218955844607426, 2.3655086601129205, 2.5599242889691163, 2.0236449391345475, 3.167070786740009, 2.4250341487061298, 2.971883890342592, 2.493107702364492, 2.554493284129709, 2.300513618612112, 2.604313724116417, 2.439156349894459, 2.721732543929941, 2.1382964529363404, 2.9035064111909743, 2.212487598983047, 2.479321228297673, 2.316823677796633, 2.2118177919908257, 2.106306141565601, 2.6039590968855926, 2.440802496196321, 2.238148032200181, 3.145048751549618, 2.187557658523197, 2.1093745589738053, 1.9972924513867039, 2.686822077317365, 2.1382703438960697, 2.5570728988244134, 2.2735739544113693, 2.4081817053119243, 2.2136777055537, 3.737112246917289, 2.4725143748967153, 2.277246059648768, 2.6003424973907077, 2.6189943604237236, 2.0830903697087884, 2.2280346025441062, 2.056001295791727, 2.2112993782894157, 2.2128157775157176, 2.1780038176063004, 2.273414191909373, 2.583445776571633, 2.3828741801149613, 4.333035306461456, 2.1381332282077623, 2.4560175655252197, 4.273923580392991, 4.380983814443075, 2.105077460504928, 2.3252219138542545, 2.4351101920958453, 2.369563584491893, 2.4845202196235046, 3.2588594920862928, 3.2421454723944976, 2.0843420474738057, 2.3757041698444668, 2.8960829535734947, 2.57346577213455, 2.761605562786366, 4.109866840753922, 3.7418070180526715, 3.5093029199799743, 2.5669122715185986, 2.659547229114745, 2.0551380359543368, 2.2656376314476505, 2.111586392372078, 2.38868991893781, 2.050060711046225, 2.127308170972534, 3.0417268238736073, 2.8189810802672586, 2.7066733121521485, 2.0798753266969463, 2.0570572422084914, 4.0331874606439255, 3.2892906217305313, 2.5659591315047487, 2.439365445891884, 2.3774181953335463, 2.7910531249030788, 3.174705799952944, 1.9732484523583995, 2.844904050840378, 2.4498436929198113, 1.9976534823541519, 3.407115820682495, 2.4127217299045896, 1.969259993868878, 2.055201079643571, 2.2709263088245115, 2.2792754427936694, 2.5851664512889396, 2.397817400537721, 2.1541012271614965, 3.2052875749597938, 2.30637241748992, 1.9967972441593234, 2.2685140500325076, 2.083138956730749, 2.2388131131528626, 4.082001584838357, 2.303634742978427, 2.8554897550969236, 2.768263562496221, 2.138749297813613, 2.056836439265277, 2.142845078924413, 2.247303745535833, 2.1384703979331086, 2.138554431003118, 2.07628075160965, 2.9540562138481574, 2.634159613853262, 2.5892282556521993, 2.305707993806379, 2.374985813154208, 2.9466388672382253, 2.194457485963491, 2.7590132017163373, 2.107541220205678, 2.9136821996740174, 2.2159398696483175, 4.265656326512859, 2.5035151311045523, 2.484942098404811, 1.9711401905834511, 2.51962797047397, 2.2048560058108575, 2.550507680401575, 2.4863271634389132, 2.2744121135233675, 3.7021348564036014, 2.9031696597673426, 2.0601458368320382, 2.029686621829475, 2.730936934920856, 3.1204269390886754, 2.2926928216418454, 2.240131879047846, 3.0470192422694664, 4.287389629391858, 2.6288046483616228, 2.529203480947239, 2.1386351788296496, 2.092099040050409, 2.0801722018942623, 2.6414986167949577, 2.15319916755421, 3.1546004515308903, 2.479746753781815, 3.61908657489705, 2.636046577136927, 2.5513327358264064, 3.987139695007416, 3.738514993950385, 2.3230287544715393, 2.1384994464017537, 2.3227019591992804, 2.204429269973855, 2.2827188276067676, 2.6037298999821243, 2.194269846909092, 2.1618324425099154, 2.5821077364658125, 2.696511631920981, 2.2132303568559397, 2.1883467787944655, 3.185471277548162, 3.6983106771568233, 2.7336158195909697, 3.930573198464525, 2.2661748622785765, 3.082514907090312, 3.8317133634548077, 2.3316075757289094, 2.243693947515468, 2.076720455513012, 2.110770095821637, 3.237071584322096, 2.8716991084962915, 2.1487134945137383, 2.238373754153282, 2.5658088748425305, 2.065216470717968, 2.2176561585798216, 2.036619297137075, 2.8539771059572545, 3.5157018603296413, 2.758370455430014, 2.5055335461012946, 2.2218700430785985, 2.27085847518484, 2.4778928134734746, 2.369069347142773, 2.5674629155483344, 2.162372574995761, 2.1040647409760282, 3.092025525193944, 2.66304593720846, 2.4355899157339604, 3.6793922767348173, 2.487754801188662, 2.4666710116320765, 2.049307698659618, 1.9690704871924782, 2.107112928200712, 2.104819031282544, 2.3214079120156152, 2.085797262549079, 2.6098236519359475, 2.729870241705766, 2.9928757075618706, 2.5163478919595152, 2.5348729537205923, 2.7320634081570216, 2.503047212565388, 2.3155197928937943, 2.107594994454182, 2.34676082120847, 3.1707053578440627, 3.496572815543047, 2.295958820324511, 2.3457152861069264, 2.397093505098129, 2.51013507668828, 2.17812156528184, 2.0538479051458474, 2.4014910628544044, 2.0876103752092376, 2.758176337241964, 2.6422953757034056, 2.467995003190221, 2.2327553245140597, 2.0874126597120006, 2.746866693864262, 2.673971264040016, 2.0790968969002748, 3.508335705641601, 2.5388043527181323, 2.2164843570350388, 2.1630561309190064, 3.3773841513959377, 3.847739237178697, 3.643965416587938, 2.828752257156864, 2.0475481536425084, 2.083894216915525, 2.5383796917717474, 3.0280805577018675, 2.4247306950419967, 2.894711647500863, 2.001206559629098, 2.402759685559464, 2.2677365632833606, 2.052441993844928, 2.055400787865507, 2.4403944121116123, 2.159988556381149, 2.252637318839355, 3.2963659421119345, 2.5560599047551005, 3.6546124365550794, 2.348644476074072, 3.560205610150349, 2.6161140664315075, 3.252585622443481, 3.264951666287315, 2.3948612308353288, 2.7166353266735497, 3.110107240998868, 2.006115870769516, 2.6648515223937252, 2.505682873077203, 3.17382097019434, 2.4183802877007268, 2.548399096530471, 2.4082404778248674, 3.11643497373195, 2.4822184742984725, 2.4374821831905544, 2.3033888684402513, 4.218877937319547, 4.293841454330083, 2.7272067970091562, 2.161808761243906, 2.5946835257628873, 2.514371837490238, 2.4289520609146558, 2.243338110843104, 2.528027744092442, 2.2756881298235343, 3.695266282344832, 2.4785410694254866, 2.0798727330836746, 2.2202744976315762, 2.5158135477228503, 3.144483068870797, 3.4083849801638566, 3.164989053291837, 2.224330886474067, 2.841074027347025, 2.521133978095755, 2.786272994870895, 2.3457956512562217, 2.0841044724981, 2.977520826553747, 2.2518984778034272, 2.6955754942640238, 2.1718920520178484, 4.029413149032354, 2.2380966211217475, 2.3970926405603716, 3.505912789829141, 2.1896006136160184, 2.3878999311659266, 2.0836466133018345, 2.541599142698592, 2.212218900648079, 3.0117889175267436, 2.3250583433105736, 2.1827855976093296, 2.5853620333660148, 2.799106350560193, 2.0793510710009206, 2.517504774537325, 2.416358148619339, 2.0294983784741136, 2.3678958235910157, 3.2611470728976815, 2.1877464735693906, 2.455671232610967, 2.2361695040570053, 2.2100093150479747, 2.7285444391499496, 3.9064711470670335, 2.288921528879738, 3.203632824436072, 2.578734390698137, 2.347558413038439, 3.8893774529969685, 2.9195819197646697, 2.2966302733150075, 2.451344492097174, 3.496234447495332, 3.003468337022524, 2.029207029249904, 1.9738046959514457, 2.4579913661731725, 2.7266555213859327, 2.5721613393786265, 2.337397875474283, 2.284958100337544, 2.026847359895133, 1.9950552005783666, 2.0262528507650366, 2.4801456585715735, 2.5773514682706313, 2.374392407580785, 2.6317979870976695, 2.3523811882372088, 2.1340919719670057, 2.2381054016334168, 2.21504646490564, 2.057099258743496, 2.1657047141933967, 3.125202852877119, 2.3719249153551303, 2.456821120796352, 2.4862616844450884, 2.7826931033409052, 2.4065328812159588, 2.2978816052649216, 2.23710945504833, 2.703908714731111, 2.9066142447005294, 2.1464363158000537, 2.7557695387612333, 1.972533652540665, 3.583221390818029, 2.632206384092099, 2.9034638591339776, 2.762009832940854, 2.5159242836531623, 2.709287888175457, 2.747674940445958, 3.2875362409143127, 1.9998414545103234, 2.1364416206636534, 2.105210945134655, 2.0880290751329547, 2.828352796512799, 2.566003252128111, 2.2441964829198837, 3.3905722914916385, 2.9942539420486742, 2.159637215305123, 2.219645287051814, 2.7106859424937975, 2.1047702037859843, 2.218169550297846, 3.1774899397695577, 2.032341910129064, 2.9355376559697994, 3.7805861897968978, 2.3723913892240542, 2.0842327699012833, 2.299211771519729, 3.2894650246508457, 2.110627619999234, 2.313467824345033, 2.305099525064252, 2.022112872888111, 3.485463257652082, 2.3267393112452357, 2.104342776318776, 2.2400020254766995, 2.878481329603853, 2.1567365111532943, 2.479799467410426, 2.0766215453250365, 2.2145012873958874, 4.040535866653274, 2.2451187128080363, 3.3064419373447054, 2.2706944927661823, 2.1068452673110523, 2.213882271293121, 2.415026542672061, 2.290483064045511, 2.420090684036441, 2.2108565620501275, 2.479138470127614, 2.471490966715861, 2.493334600868618, 2.3486645333500413, 2.347986224094205, 3.090611527974419, 3.057375365323087, 2.0274623920556754, 2.4005217431209207, 2.2108062459526527, 2.161862497718955, 3.4016190617793542, 2.3418578546792777, 2.5610243429175474, 2.4784528317834216, 4.230605304533996, 3.6227663566123924, 3.2292915285776918, 2.476227355705949, 1.9723168264711346, 2.4237700215974076, 2.5854523766861846, 2.2104555894382925, 2.165669441052899, 2.674233957011344, 4.192434673107187, 2.2560341037423353, 2.0310804296017917, 2.224011351863286, 2.433893592896364, 2.240371498209255, 2.083788916216686, 2.463267499389143, 2.8117831486023657, 2.345958153649679, 2.4803204500948395, 2.1830708436082342, 2.1849780139008352, 2.5287846979462825, 2.5318341035036878, 2.6796036372882064, 3.086745090336774, 3.0252943058257413, 2.6248876284027802, 2.209393245442124, 2.263041295585605, 2.725547057422694, 2.504485746551176, 2.264128674314602, 2.090151116543842, 2.1919264838323365, 2.286778512686946, 2.6707391041433914, 2.3276854879961855, 2.4300265084394264, 2.2158436131103327, 2.3012242611182816, 1.9744709087472199, 2.466938492545644, 2.91636901011615, 2.643869736976663, 2.1074862356043136, 2.483528181895521, 2.1092045908507204, 2.292133466624194, 2.5586450626569137, 2.2370133184497183, 2.4924079232404712, 2.496902836472442, 2.365312028276098, 2.5054861113521825, 3.0700382521697542, 2.8276505771488045, 2.1871118730619403, 2.1641253766183635, 2.257994061754773, 2.5705503779093877, 2.2099792035924315, 3.4414945796084573, 2.4024283946908676, 2.2977865061116187, 2.303892840124748, 3.670895201219548, 3.4759630581015513, 2.827804803766049, 2.422005993215826, 2.6487336135041963, 2.4741670200276693, 2.52013300409998, 2.915057506338328, 2.1090598964278886, 3.1231037460674536, 2.788290598716508, 2.976191234087258, 1.9726685204308037, 2.242885777619945, 2.2706758601802304, 2.002159280237641, 2.1073527509745866, 2.1114966533528707, 2.2349083839437065, 2.1810349515875798, 2.4431914404546964, 2.7275929953735423, 2.62346577482666, 3.3250552010560592, 2.40122288324209, 2.0590457989896516, 2.26323059249232, 2.324267464170197, 2.2637463757183243, 2.6988279295229933, 2.3279849235584025, 2.3314614442176578, 2.432488778943408, 3.654419326562156, 2.6763120157918894, 2.216392550193754, 2.7244229612932576, 2.2667440739379816, 2.338656031528939, 2.357378975075796, 2.5167363663100977, 2.3425388590147103, 2.2465656031986514, 2.8059272331402747, 2.17428047699434, 2.494207044501121, 2.1893179934424745, 2.3996444738976836, 2.4392784375252603, 3.3406241995679418, 2.302184873930299, 1.9939049142055532, 2.8799724443022283, 2.5102492207944316, 4.289456518825065, 2.350038763288414, 3.4039060831317762, 2.3777316520425837, 2.532726787418419, 2.6744190168499675, 2.1115933086741365, 2.158495123154277, 2.208705419202417, 2.9721235402089157, 2.4793298727639246, 2.2431377039224216, 2.432941736825578, 2.0553962922691693, 2.159011289968839, 2.492995343160958, 2.7308328593244653, 2.181096276232698, 2.5635928916630224, 2.1886301672027675, 2.190524090585101, 2.6780075472415033, 2.0475101139811875, 2.2630450088101046, 3.231577473404598, 2.9015629632179487, 2.266585344805742, 2.6451661659375105, 1.9733914469034568, 2.683423828854037, 2.3519549711228604, 2.0817007117177067, 2.1596865615243375, 3.264796140032212, 2.675388645737794, 2.0250581125526277, 2.572090112586596, 3.9469086008429235, 2.1317162831579886, 3.616574363375747, 2.825309455169588, 2.057101506541665, 3.678820713645287, 2.666432724379743, 2.6730658314095246, 2.1152879442655497, 2.3473971209978415, 2.612246448435018, 2.0535910996584748, 2.3416906530770163, 3.2700514810311567, 2.0276949527123884, 2.6982653644933063, 2.3521828632756843, 2.2361014040233194, 2.2642308995396485, 2.625822504753056, 2.356573970484378, 2.9326880866307894, 2.237628689356823, 3.550017233014725, 2.0842059692308066, 1.9712617445921272, 2.754050830086821, 2.1110403503245685, 2.094953225002355, 2.138431320826479, 2.3571309949420884, 3.6021408383975198, 2.947641587259571, 2.4683638703326674, 2.2389414105560457, 2.1100549501887995, 2.3716595022636398, 2.5657405379903957, 3.135473452385682, 2.1938419828851474]"
2.75,9000,0.6508911424470165,0.6508911424470165,0.02255702018737793,0.31923498222435104,"[3, 2, 3, 4, 2, 2, 2, 4, 2, 3, 1, 2, 3, 1, 4, 1, 3, 1, 2, 1, 2, 3, 2, 4, 2, 4, 2, 3, 3, 2, 2, 2, 2, 2, 4, 2, 3, 2, 3, 4, 3, 3, 2, 2, 2, 2, 3, 3, 3, 2, 3, 3, 2, 3, 2, 3, 3, 2, 2, 2, 3, 2, 3, 1, 3, 2, 3, 3, 3, 3, 3, 2, 4, 2, 3, 3, 2, 2, 2, 2, 3, 3, 3, 1, 3, 2, 3, 2, 3, 2, 2, 2, 2, 1, 2, 1, 3, 2, 3, 2, 3, 3, 2, 2, 2, 2, 3, 3, 3, 4, 1, 3, 2, 2, 3, 2, 3, 5, 4, 3, 4, 3, 3, 2, 2, 1, 4, 2, 2, 4, 2, 2, 2, 5, 2, 4, 4, 4, 3, 2, 3, 3, 4, 2, 3, 3, 1, 3, 2, 3, 1, 2, 3, 1, 3, 2, 3, 4, 3, 2, 3, 2, 3, 2, 2, 2, 3, 2, 3, 2, 3, 4, 1, 2, 3, 2, 3, 3, 2, 3, 4, 2, 3, 3, 2, 2, 2, 2, 2, 2, 3, 3, 3, 3, 3, 2, 3, 2, 1, 2, 2, 3, 3, 3, 2, 3, 2, 2, 1, 3, 4, 2, 2, 5, 2, 4, 2, 3, 3, 1, 1, 1, 3, 3, 3, 2, 2, 1, 3, 2, 3, 2, 2, 3, 2, 4, 2, 3, 1, 2, 4, 3, 2, 2, 3, 2, 2, 4, 2, 3, 5, 2, 2, 3, 3, 1, 2, 3, 4, 3, 4, 3, 3, 2, 3, 3, 2, 4, 2, 3, 5, 3, 4, 2, 3, 3, 4, 2, 3, 2, 5, 3, 3, 4, 2, 4, 2, 2, 2, 3, 2, 2, 3, 2, 4, 3, 4, 2, 3, 2, 1, 3, 1, 4, 2, 4, 3, 1, 2, 2, 2, 1, 5, 2, 3, 3, 3, 2, 2, 4, 3, 3, 2, 3, 2, 4, 3, 3, 2, 3, 5, 2, 2, 2, 3, 1, 3, 3, 3, 2, 3, 3, 1, 1, 1, 3, 4, 3, 2, 2, 3, 2, 5, 2, 4, 1, 3, 2, 3, 4, 2, 3, 3, 2, 3, 4, 2, 3, 1, 1, 1, 1, 1, 2, 2, 3, 2, 2, 2, 3, 2, 2, 3, 4, 3, 3, 1, 1, 3, 2, 4, 3, 3, 2, 4, 2, 2, 3, 3, 4, 4, 2, 3, 1, 2, 2, 3, 1, 3, 3, 3, 2, 2, 3, 2, 2, 2, 2, 4, 1, 2, 2, 4, 3, 4, 3, 2, 2, 2, 4, 1, 2, 2, 2, 3, 2, 3, 1, 3, 3, 4, 3, 2, 2, 1, 3, 1, 1, 2, 1, 4, 2, 2, 2, 3, 2, 3, 3, 2, 1, 3, 2, 3, 2, 2, 2, 3, 2, 2, 1, 2, 3, 1, 3, 2, 2, 2, 4, 1, 1, 3, 2, 3, 2, 2, 3, 3, 3, 3, 3, 3, 2, 2, 2, 2, 4, 3, 2, 3, 4, 4, 1, 3, 2, 1, 2, 3, 1, 3, 2, 3, 3, 2, 4, 3, 2, 3, 2, 2, 1, 5, 4, 4, 2, 4, 2, 2, 1, 3, 4, 4, 2, 3, 2, 1, 2, 2, 2, 2, 2, 2, 3, 3, 2, 3, 4, 5, 2, 2, 2, 1, 3, 2, 2, 4, 3, 4, 1, 2, 3, 4, 2, 2, 2, 2, 3, 2, 2, 3, 3, 3, 3, 2, 3, 3, 2, 1, 3, 3, 3, 1, 2, 3, 2, 2, 3, 5, 2, 2, 4, 1, 1, 3, 2, 1, 2, 5, 3, 4, 3, 3, 3, 2, 4, 3, 1, 2, 3, 1, 1, 2, 2, 5, 2, 3, 4, 1, 2, 2, 3, 2, 4, 1, 3, 3, 2, 2, 1, 2, 3, 3, 2, 1, 2, 3, 3, 3, 3, 2, 3, 3, 3, 2, 1, 4, 2, 3, 2, 2, 3, 2, 1, 2, 5, 2, 2, 2, 3, 3, 2, 3, 2, 1, 1, 3, 3, 2, 2, 3, 2, 3, 4, 1, 3, 3, 3, 2, 2, 2, 2, 2, 5, 3, 3, 3, 3, 3, 4, 3, 4, 4, 2, 2, 2, 3, 2, 3, 1, 3, 3, 2, 3, 3, 2, 3, 2, 3, 2, 2, 3, 3, 2, 1, 3, 2, 2, 4, 3, 1, 3, 2, 2, 3, 4, 2, 4, 2, 5, 4, 2, 2, 3, 2, 2, 3, 2, 3, 2, 2, 4, 4, 3, 3, 4, 2, 3, 4, 4, 3, 5, 2, 1, 2, 5, 3, 2, 3, 2, 2, 3, 5, 3, 3, 2, 2, 2, 3, 3, 3, 3, 3, 3, 1, 3, 3, 1, 2, 3, 1, 2, 4, 3, 2, 3, 3, 2, 2, 3, 2, 2, 4, 2, 3, 2, 1, 3, 4, 2, 1, 3, 3, 2, 2, 3, 1, 2, 3, 3, 2, 2, 3, 2, 1, 2, 3, 5, 3, 3, 4, 3, 3, 2, 3, 3, 4, 3, 2, 3, 1, 3, 4, 3, 1, 1, 4, 2, 3, 4, 3, 3, 2, 2, 3, 2, 3, 2, 1, 2, 2, 2, 3, 3, 1, 3, 2, 2, 2, 3, 1, 2, 2, 3, 2, 2, 3, 2, 4, 1, 2, 2, 2, 2, 3, 2, 2, 3, 4, 1, 4, 3, 1, 3, 2, 2, 2, 2, 3, 2, 2, 2, 1, 3, 3, 4, 3, 1, 3, 4, 1, 3, 2, 4, 3, 2, 2, 3, 1, 2, 5, 2, 4, 2, 3, 1, 2, 2, 1, 2, 3, 2, 3, 3, 2, 2, 2, 3, 2, 4, 3, 3, 2, 3, 3, 3, 4, 3, 2, 2, 4, 5, 2, 3, 3, 5, 3, 1, 2, 3, 3, 1, 2, 3, 3, 3, 4, 4, 3, 4, 2, 3, 2, 1, 1, 3, 4, 2, 1, 1, 3, 3, 3, 2, 3, 3, 3, 1, 2, 3, 3, 1, 3, 3, 2, 2, 2, 4, 3, 4, 2, 3, 5, 2, 2, 4, 2, 2, 3, 2, 4, 2, 2, 4, 1, 3, 2, 3, 2, 2, 1, 4, 2, 2, 3, 2, 3, 2, 3, 4, 4, 5, 4, 2, 2, 2, 5, 2, 2, 4, 5, 3, 2, 2, 3, 2, 2, 3, 2, 3, 2, 2, 3, 3, 4, 1, 2, 3, 3, 2, 2, 3, 4, 1, 2, 1, 3, 4, 1, 4, 3, 3, 1, 2, 2, 2, 2, 5, 3, 2, 2, 3, 4, 2, 4, 2, 3, 2, 3, 3, 2, 2, 2, 2, 2, 2, 3, 2, 3, 2, 2, 3, 2, 3, 3, 2, 2, 3, 4, 2, 2, 2, 3, 2, 3, 2, 3, 2, 2, 2, 4, 1, 3, 4, 2, 2, 3, 2, 2, 3, 2, 3, 3, 2, 2, 2, 3, 3, 2, 2, 1, 3, 3, 3, 2, 2, 3, 3, 2, 3, 1, 2, 3, 2, 3, 3, 5, 3, 1, 3, 2, 3, 2, 2, 4, 2, 3, 2, 2, 4, 3, 1, 3, 2, 1, 1, 3, 3, 3, 3, 2, 2, 4, 3, 3, 4, 2, 3, 3, 2, 3, 3, 2, 3, 2, 4, 4, 2, 4, 2, 2, 2, 2, 4, 2, 2, 2, 4, 2, 4, 2, 3, 1, 3, 2, 3, 2, 3, 2, 4, 2, 2, 2, 3, 2, 3, 3, 4, 2, 3, 5, 2, 2, 3, 2, 2, 2, 4, 4, 2, 3, 3, 4, 4, 1, 1, 2, 2, 3, 2, 4, 2, 2, 3, 3, 1, 2, 2, 2, 3, 2, 3, 2, 3, 3, 2, 3, 1, 5, 4, 4, 3, 2, 3, 3, 3, 3, 3, 2, 4, 2, 3, 2, 3, 4, 2, 2, 2, 4, 1, 2, 3, 3, 2, 3, 3, 3, 2, 3, 1, 1, 2, 1, 3, 3, 2, 3, 4, 4, 2, 4, 1, 1, 1, 3, 3, 3, 3, 4, 2, 4, 4, 3, 2, 1, 3, 2, 3, 1, 3, 2, 3, 2, 3, 2, 4, 4, 3, 3, 2, 3, 4, 2, 4, 2, 2, 3, 3, 2, 2, 1, 1, 2, 2, 3, 4, 3, 3, 2, 2, 3, 3, 2, 1, 2, 3, 2, 1, 4, 3, 2, 1, 2, 3, 3, 2, 2, 3, 3, 3, 3, 3, 2, 2, 3, 2, 2, 2, 3, 1, 3, 3, 3, 2, 2, 3, 3, 3, 3, 3, 2, 3, 3, 3, 2, 3, 1, 3, 2, 4, 3, 3, 2, 2, 2, 2, 3, 3, 2, 2, 3, 2, 2, 1, 1, 4, 2, 3, 2, 3, 3, 3, 2, 3, 3, 2, 4, 5, 2, 3, 2, 3, 3, 2, 2, 4, 2, 2, 3, 5, 1, 2, 2, 2, 2, 2, 1, 3, 2, 4, 1, 2, 2, 1, 2, 4, 4, 2, 3, 3, 1, 1, 1, 4, 2, 4, 2, 4, 3, 3, 4, 2, 3, 3, 3, 2, 2, 2, 3, 3, 3, 2, 4, 2, 3, 3, 3, 2, 3, 3, 3, 3, 3, 3, 4, 3, 1, 4, 3, 3, 2, 3, 2, 1, 1, 3, 2, 3, 2, 4, 2, 2, 2, 2, 3, 2, 3, 2, 1, 2, 1, 1, 1, 4, 3, 2, 3, 3, 3, 2, 4, 3, 4, 2, 3, 3, 5, 2, 2, 2, 2, 3, 2, 4, 2, 1, 1, 2, 2, 2, 3, 2, 3, 3, 1, 3, 3, 3, 3, 1, 4, 3, 2, 1, 2, 1, 2, 3, 2, 1, 4, 2, 2, 3, 4, 4, 4, 2, 3, 4, 2, 4, 1, 2, 2, 2, 3, 3, 3, 2, 2, 4, 2, 2, 1, 4, 3, 3, 4, 2, 4, 3, 3, 1, 5, 4, 4, 3, 1, 4, 2, 2, 3, 4, 5, 1, 2, 4, 3, 2, 3, 2, 3, 2, 3, 3, 2, 2, 2, 4, 4, 3, 3, 3, 2, 1, 4, 3, 2, 2, 3, 3, 2, 2, 2, 1, 1, 3, 4, 3, 2, 3, 3, 2, 3, 3, 3, 2, 2, 3, 3, 1, 2, 2, 2, 3, 2, 4, 2, 2, 2, 2, 4, 3, 3, 3, 2, 3, 5, 3, 4, 4, 2, 2, 2, 2, 2, 3, 2, 2, 2, 3, 2, 1, 3, 2, 2, 1, 3, 2, 3, 2, 3, 3, 3, 3, 2, 2, 2, 3, 2, 1, 2, 2, 4, 3, 2, 2, 2, 2, 3, 3, 2, 2, 3, 5, 3, 4, 2, 2, 2, 3, 3, 2, 4, 1, 2, 1, 2, 2, 3, 1, 2, 3, 3, 2, 3, 1, 2, 4, 3, 3, 3, 2, 2, 2, 3, 3, 3, 2, 2, 2, 5, 1, 3, 2, 1, 4, 2, 3, 2, 3, 3, 2, 3, 3, 1, 3, 2, 3, 3, 3, 3, 3, 3, 3, 3, 2, 4, 3, 2, 1, 2, 4, 1, 2, 3, 4, 2, 3, 3, 2]","[2.4160823848893695, 2.173215700130606, 2.297757851107738, 2.7103444935307848, 2.0837477386212124, 2.38551601131675, 2.0912839004586976, 2.4952066564023796, 2.330396427658418, 2.5539458630463283, 2.0432271706759058, 2.2661465416107314, 2.836629304842565, 2.112256587674769, 2.2556912471327104, 2.149856337695582, 3.0551944906183968, 2.2287266212618277, 2.144201935634051, 3.6178277758736406, 2.159955405308691, 2.275702137371463, 2.058761343638987, 4.508422007303793, 3.0461305626970328, 2.5790364285515803, 2.371666352891101, 2.22925215292779, 2.5278663761843267, 2.0776031713314684, 2.563519054078056, 2.0822745467762536, 2.099526488524774, 2.10718936361582, 2.3891178826191872, 2.411166181647129, 2.6578124436826847, 2.4557789453217858, 2.7395845482869285, 2.1403403293113885, 2.404078524687157, 2.9605696981851666, 2.092150593531553, 2.534456167337133, 2.1009319249678238, 2.499283825923838, 2.2212562792589847, 2.8623653748097686, 4.095682529093515, 2.217516944935362, 2.088174439346867, 2.559315459104364, 2.4650223235305555, 2.3734274088852994, 2.1101913867421915, 2.3956380574499794, 2.733591997522444, 2.4147719725352754, 2.0704575077960086, 2.2374010342652193, 3.053209552456352, 2.3681397018695325, 2.2879570834686436, 2.1759995603239046, 2.4401501331274678, 2.04522918602317, 2.4215774936404793, 2.0428662728282614, 2.8650010404635804, 3.072281749977929, 2.461560475604513, 3.1493028758219137, 2.7409980088923858, 3.1951327359515185, 2.3033957636957325, 2.3551184835610366, 2.1274410515326827, 2.4032282406701246, 2.5488749651489258, 2.4024872967893476, 2.594240889793208, 2.185929374289694, 2.4324996318755896, 2.006067019590013, 3.3389013525745312, 2.110325158026413, 2.5860026807702523, 2.424165546984627, 2.7199697662282, 2.308960363582846, 2.122275772243209, 2.2627898191908375, 2.1637287294953125, 2.0721777336866096, 2.1817759238417698, 2.5298545415942364, 2.2927770054186376, 2.0080240650161985, 2.3821729097728386, 2.4369276461027782, 2.411741926242926, 2.3711607595554147, 2.134803222128596, 2.284468363395993, 2.1857776885174327, 2.8589734139119947, 2.5190717481496705, 2.1258090418651796, 2.248791252268151, 2.664210260648602, 4.013128907317772, 2.6025219904235906, 2.1543150447211996, 3.7400187952127473, 2.268997081115211, 2.8728999283800176, 2.6208761918065013, 4.001024068574547, 3.2900853097830445, 2.281645567067451, 2.7368421042522986, 2.2724755817164306, 2.557940528062332, 2.3685212727660834, 2.5901581020858413, 2.2033719124178255, 2.571248384156195, 2.1422938448054953, 2.540423444890422, 4.501603298501573, 2.276253519198027, 2.28622189541505, 2.2517625897437474, 3.0679896609199884, 2.2608097251818826, 2.456544198575129, 2.6557232275643026, 3.743541566360811, 3.972541343019099, 2.237399538494905, 2.145788406140968, 2.315980643384087, 2.8246657390737204, 2.5295636431295834, 2.3298465282273018, 3.042052536094778, 2.2073907592400825, 2.3154090660131312, 2.300030077645488, 2.4399864206117305, 2.133871377055104, 2.410349405322599, 3.299465349881845, 2.5166505390952607, 2.732129670195575, 2.3793497764127025, 2.2169078518216834, 3.636903000307546, 2.3066587163065204, 2.339060025803343, 3.052858414355628, 2.1095441614223622, 2.0059918799750456, 2.322686397441921, 2.275704772312965, 2.2852911888205725, 2.0135781348891757, 2.4302887742446355, 2.1621186549377667, 2.142503284037451, 2.4026930674811235, 2.3471346704461764, 4.061058696690431, 2.1924206708276857, 2.4807831392980293, 2.116672153526892, 2.551815572455432, 2.6082911045636537, 2.048850118529269, 2.4041642454699916, 2.583478991763626, 2.1960353575997416, 2.4128898145612814, 2.378999833923749, 2.884748958960894, 2.1281944344033503, 2.18599703083626, 2.3333144479674672, 2.1495118017583854, 2.0994234402734104, 2.6202416813983667, 2.3535573226943804, 2.287303450478969, 2.4581628367314874, 2.29195369814904, 2.34340733476049, 2.7910517129871706, 2.47443197618735, 2.297063971286466, 2.2131810476080624, 2.3466992192994813, 2.8252091116394276, 2.3643055976363665, 2.6661825273313626, 2.039377973127369, 2.3549503307498028, 2.3746062368507026, 2.1404714569797703, 2.2799357994361897, 2.378322946630311, 3.710437498927389, 2.0168040151771907, 2.763596778424449, 2.474471114212118, 2.239179611646727, 2.2237360985011034, 2.202697932841152, 2.2778717881363573, 2.204610739521568, 2.5475570309013764, 2.4782865924866386, 2.516465925086909, 2.3904081748382713, 2.2601098914362514, 2.4293630609778103, 3.024405401065705, 2.324949732104118, 3.166380552581917, 2.1545653909088593, 2.551378480502144, 2.288906138694567, 3.0095786651057903, 2.077969192334679, 2.4579726024495536, 2.2662680686282677, 3.2338219975767304, 2.443221687148015, 3.0629687796898724, 2.350147609260251, 2.3974081696062877, 3.0776580161041545, 2.378459858121945, 2.1945668907123084, 2.3965991295305846, 2.8276848568470796, 2.3046088848406403, 2.3950210455905667, 3.9520583898972044, 2.452176963077263, 3.517420521564113, 4.317759911677726, 2.1992589609297273, 2.2583141382750265, 2.0521522769112654, 2.4308476369992884, 2.6322461436861153, 2.6744362957723906, 2.5433352557061863, 2.6505810250030986, 2.330388629346783, 2.6105574050157316, 2.8695087548531726, 2.212523317280299, 2.0661016870859523, 2.358176316166342, 2.215964416850677, 2.8531669112300624, 3.6083128701644456, 3.1721641530671567, 2.648254621118668, 3.5042226361125923, 2.1844940265887125, 2.342524985992262, 2.323698741222706, 3.1129896197189684, 2.3792451146321785, 2.68334638516637, 2.2037999805273345, 2.382995528607365, 2.3593495512956095, 3.4920663141786306, 2.2437864057670995, 2.437916649555743, 4.103185089285903, 2.3486857466766566, 2.76080385556956, 2.125203371029385, 3.482989622332153, 2.240087409159673, 3.354383573023549, 2.176820678029962, 2.196781723346489, 2.8065225961054727, 3.112913475897998, 2.505780401676797, 2.5319604987467246, 3.9674722876523494, 2.3781518018930896, 2.7518890175290736, 2.342970728058371, 2.5703987654360754, 2.1858683827076044, 2.2414969244686356, 4.200344956715858, 2.1486290507837613, 2.56331896046714, 2.140511343959851, 2.207682504184523, 2.518835621715139, 2.2145671458084, 3.9799217439253676, 2.4116574103357484, 3.337246352046564, 2.1062744246860805, 2.5830211207238882, 2.989410095488962, 2.3532022726435846, 2.175107562015925, 2.0515314076502404, 3.234823441219537, 2.581518525058542, 2.3408086818036025, 2.1985231461949626, 2.4775860910652234, 3.1580780021354897, 2.2495592755590974, 2.176867143721355, 2.4187212585230835, 2.3158174223812775, 2.2965966637252073, 3.165990329202709, 2.2651562043692226, 2.027679532012318, 2.133934272403386, 3.5955012689001653, 2.286141990627989, 2.4327883052281165, 2.7838907798152634, 2.470289881515013, 2.0154811025621653, 2.300886200489639, 2.647406137176021, 2.2392056636968523, 2.382369654080538, 2.7304643513462477, 4.245600224488906, 3.0449219947760104, 2.4285639386296847, 2.3278773149897565, 2.391008583017262, 2.1909277834487155, 2.4982086136158075, 3.151304110236894, 2.2138495467378703, 3.764381287794406, 2.2167797014845516, 2.2712996549223434, 2.5605558331666987, 2.2858766619371167, 2.8792173614417456, 2.0086564901088373, 2.5606935879516, 2.144737020770937, 2.467726521733058, 2.583814533222415, 3.1301365983798526, 2.081713845861538, 3.2681614446203455, 2.2016374555395415, 2.016016756938559, 2.322750547939111, 2.070173441381316, 2.1334666477653954, 2.8631169085926325, 2.0669897007173805, 2.249922132289053, 2.212400262952219, 2.208933951643905, 2.1398461149239947, 2.5438228511677, 2.6309682009921693, 2.1518469617186735, 2.8218797348896034, 2.22954377427153, 2.663421900137167, 4.153481905972576, 2.006581612104635, 2.2875436854515976, 2.96809492188172, 2.3545205542295995, 2.9475374024640244, 3.0492996965752623, 2.1388136539589437, 2.324564341057121, 3.460516459410257, 2.0420101366092434, 2.3047050573028196, 2.154445173411805, 2.253324567051312, 2.241254489650929, 2.7841590451316107, 2.1434249237065517, 2.582803946154907, 2.2012281723337743, 2.2028334118438955, 2.259033764386971, 2.4664642072026117, 3.6914727155013254, 3.45555882178536, 2.7627096910170144, 2.0258472960735014, 4.0483883676887045, 2.4202305384377043, 2.229325445322997, 2.686208448183143, 2.1437463320799828, 2.17453235111105, 2.136111903755938, 3.603118538952229, 2.3242934601645855, 2.0778860833666095, 2.2064152396989543, 2.6035381890716773, 2.438433244691901, 2.741215436245012, 2.4807555861194346, 2.152099564558688, 2.352969686789364, 2.3174108064375782, 2.4939781966388304, 2.452617533299865, 2.18531782197651, 2.342831025591168, 2.2142037597466917, 2.3013847122711475, 2.1105837322639767, 2.385655226841626, 2.438443424255578, 3.044800177521443, 2.1621895308737065, 2.7800106613827866, 2.198948507608173, 2.345968734275789, 2.3866989489961226, 2.0954106749386012, 2.2915978545346483, 2.4176680352998035, 2.0203976241869377, 2.4544135051015457, 2.4929291291335693, 3.1574663236959344, 2.2717968129604467, 2.282542119291489, 2.29329562759621, 3.1773417320994595, 2.462355452339272, 3.2191174023680618, 2.334301328865192, 2.15844658506537, 2.0806453833062872, 2.4295169672861823, 2.2645651377129483, 2.4548979738204806, 2.2650029394405142, 2.1474949861839305, 2.2749606729818637, 3.1211685235664532, 2.2214539046546973, 2.7565364414707183, 2.624823958016778, 2.193933725338695, 2.3436076795351957, 2.080893002491974, 2.971559493835901, 2.3666548762296142, 2.108090602723128, 2.154945192855809, 2.6464295493380225, 2.123406281904758, 2.0691345951809836, 2.7041257519692774, 2.229760344306594, 2.333283967730874, 2.191249761061654, 2.0451614465217984, 2.4930137950843676, 3.7847216709469005, 2.6557192051203087, 2.48745837945015, 2.319504665979516, 2.1510669481918616, 4.05862178235957, 2.2017040565618986, 2.2177357039476426, 2.1564701854959347, 3.1703325939852864, 2.518093627993786, 2.414277662634056, 2.204870166701644, 2.598356982310554, 2.692798378160897, 2.3227456729379643, 2.5254531817235937, 2.4533178439291405, 2.093398055988905, 2.807416581441264, 2.415685919576267, 2.6388460670331346, 2.3698633666493922, 2.954369224701457, 2.2799807031375114, 2.453586105780712, 2.2715337181805513, 4.121697032707443, 2.594820551939985, 3.861059896063254, 2.183658952231466, 2.098523488512866, 2.365023447036174, 2.7464526360668926, 3.990075170996705, 2.5455076406992525, 2.863676543475303, 2.1070429230271728, 2.4981420125934504, 2.40119377298731, 2.21763602181309, 2.2468178180918166, 2.2030030452170783, 2.436821531319482, 2.955830194453449, 2.053794159698063, 3.3570066408909653, 2.2407986795413546, 2.1971254353557326, 2.1565971259060683, 2.316837536091431, 2.453295100496376, 2.143097041750332, 2.0864914730465225, 2.219305479566842, 2.5166106149099825, 2.2126618228885575, 2.0735171701478845, 2.3014439131799094, 2.5025783283279215, 4.330949614958877, 2.1603389332353906, 2.1274797439186433, 2.8372102699412514, 2.4099932295726925, 2.0790205777047097, 2.1986413360642785, 2.42080674334756, 2.6773571201963646, 2.3175918408269234, 2.861701525146601, 2.0101160202056203, 2.090081454671018, 2.6313706533238483, 2.239570048736338, 2.186665106069653, 2.273265238941139, 2.1506104181069867, 2.28175565814111, 2.1590215010672313, 2.3070514665603725, 2.141591760544755, 2.1843631174025653, 2.68544277576846, 2.2575971084440036, 2.932734930476626, 2.1710221924601347, 2.275692770517066, 2.244272893290842, 2.198942758080344, 2.2758342168377004, 2.5743094810659706, 2.1919521243248705, 2.1905537930924024, 2.610955944425657, 2.28123195779437, 2.622319594114763, 2.1389162565715005, 2.6269579086630594, 2.2018196121818856, 4.318106174479128, 2.083417010467456, 2.4443718936220713, 3.7708552271342937, 2.2987354157497943, 2.067140549186822, 2.4206708508138983, 2.285929094360077, 2.330802144691348, 2.738686182216858, 4.179783895269711, 2.490682403151894, 2.4553826256658318, 2.423216546437091, 2.342930284521478, 2.087351935332854, 2.1123668081909828, 3.7412213644597774, 2.5654258559472347, 2.4930784152275804, 2.291791474255963, 2.6339568195959027, 2.1816797223650317, 2.1587511282017893, 3.664186596906439, 2.2455398753978706, 4.337807031355423, 2.4126909630312197, 3.6249730837304144, 4.026477877115613, 2.5803119004146855, 2.3960978136341513, 2.2542826742550925, 2.5157721650234457, 2.741286116530062, 4.1807562400225065, 2.619697827986627, 2.1709168990518166, 2.1322739848700376, 2.0372791870638594, 2.4079681520123613, 2.253496705231269, 2.4386261676106193, 2.8975984067462295, 2.612995362591292, 2.3000602788796054, 2.4396063646685073, 2.553549838399237, 2.415415554262502, 2.4493676054513047, 2.6263493916297285, 2.4043068455838545, 2.5958186697245473, 2.3045723632851987, 2.7162165185558704, 2.5953262275728513, 3.729551619152042, 2.065825036685392, 3.8188234282946594, 2.085532873716186, 2.4216813127140604, 2.2592115637472507, 2.3579602776220074, 2.5164775579015464, 3.0766588844057177, 2.5127048404664443, 2.028216894107234, 3.749729452530461, 2.0851395292166237, 2.1283043357025204, 2.20879448796461, 2.348383308764627, 2.8039297952792683, 2.2189634818101474, 3.722907812913836, 2.4886796482158275, 2.2180789962773004, 2.2507802943023107, 2.33682841213413, 2.196757659559928, 2.311164458955211, 2.409683670714018, 2.275498707611313, 2.1707421425230677, 2.6226264968572033, 2.534641974117528, 2.0812971625421754, 2.2121074777977836, 2.2756785872956278, 2.4467502140511206, 2.110581209677199, 2.7114958619206306, 2.285762276336374, 2.0457432092982852, 2.1259849209724058, 3.8387721597645625, 2.699950895401789, 2.3425092592342645, 2.558039136076825, 2.2556825690388624, 2.3163340802125356, 4.093285968099877, 2.4552146391955367, 2.397585784708454, 3.353866793471057, 2.2534864589201375, 2.320636077271518, 2.1083384060183357, 2.160037805536015, 2.1761586524829424, 2.6097171556570156, 2.308007602682847, 2.474213476564044, 2.26001764496388, 2.521386828999949, 2.3385283561035006, 2.4707972583323747, 2.7950709932952074, 2.326187258793044, 2.160206300430184, 2.552027878531958, 2.2910074919531374, 2.0018569241938318, 2.3927915035424925, 2.013738091190734, 2.654952215179853, 2.2718876634328735, 2.1118757664443684, 2.5672531098443376, 2.235057691827749, 2.244069488843708, 2.1609154221205182, 2.0322061245745724, 2.0919442182871952, 2.310788153259799, 2.9250324246133865, 2.3160944303799513, 2.7752436771802897, 2.080388087048976, 2.9740472088082806, 2.4098435861088365, 3.614821750738878, 3.984776020301828, 3.0524740794191634, 2.3425919653037655, 2.4183576786598646, 2.578476665095413, 3.080725435554111, 2.7714635248107147, 3.0127322299440062, 2.419569610462959, 2.2640869269457164, 2.306394666288073, 3.290442707643062, 2.7955943082051466, 3.168867649190106, 2.450067239714576, 2.519101808014506, 2.248555706307682, 2.781437029859694, 3.045462543283353, 2.7768247666579287, 3.0826353405355134, 3.2657780388031727, 2.1628763910108413, 2.0887036772732284, 2.2314202626104933, 4.303799556816658, 2.1669224671400884, 2.1151044929299196, 2.3131616682236418, 2.460016431303133, 2.240455428118437, 2.650118098448387, 4.089934834668767, 2.6104734068989384, 2.4999305472249302, 2.3225226955585336, 2.3352019269781956, 2.5401518774308602, 2.256594362428369, 4.052195994852669, 2.516962343399039, 2.4448095196076407, 2.3453161792448878, 2.2931068472561544, 2.215010583384607, 2.212320000181686, 2.3393232934582033, 2.2355356204991756, 2.0787183115263197, 2.230498265650093, 2.2027537342134074, 2.217862395027485, 3.910296106005762, 2.1951148973163956, 4.18083258047747, 2.1234045582856984, 2.2389457799388066, 2.154324152553317, 2.015823955787043, 2.1519447314126956, 2.096273853979915, 3.398173619736009, 2.869950181922049, 2.2252756794202115, 2.6842578485010584, 2.366093715578966, 2.1516282342466226, 2.433665729545037, 2.4847195178856754, 2.3598044472848043, 2.007371716540803, 2.265110732262905, 2.763841277921084, 2.2349489783164054, 2.343384983683911, 2.3979729723951464, 2.449823515005771, 2.24391456702473, 2.7457721604268985, 2.4461265010396844, 2.176097174616151, 2.055519094906498, 2.3821538505326028, 2.1809341009789174, 2.41115373549092, 2.2713895788639635, 3.2822133581209187, 2.6634054542542627, 2.9206311723601828, 2.7857927331962626, 4.026176367496851, 2.2816178862797996, 2.2326968545704036, 2.052515224560367, 2.4577047496638835, 2.4812958661666835, 4.266168220454978, 2.801927409793535, 2.2210581839104355, 2.2286552543752043, 2.019157251300475, 2.5139988778306153, 3.724877636887177, 2.2113663120587077, 2.1550436712905765, 2.080699461059483, 2.731455629406487, 2.082667322036308, 2.7035950047918864, 2.47133689738532, 2.39154116304056, 2.297641962510481, 2.2229732451143174, 2.2857617379449233, 2.671419906562235, 2.2362798602845326, 2.2089611244044636, 2.238821141492905, 2.3253726611575236, 2.398930059185573, 2.2691272257063537, 2.3682496060198512, 2.3495250959474863, 2.0540537329134034, 2.2538382489356645, 2.6371301125314592, 2.681353833180327, 2.3420195622153575, 2.1309970907349465, 2.2852978077464527, 2.34694548629575, 2.548658426287397, 2.5891693830394757, 2.55592407546281, 2.178465210966626, 2.311125653907713, 2.2943863850070856, 2.331634311638644, 2.166164302504617, 4.176568195379886, 2.1771980838233187, 2.0845169206968475, 2.357111033784884, 2.0397229322688086, 2.1764091178661653, 2.3514029381011574, 2.1142648646566142, 2.628698165590612, 4.002805286916296, 2.549369049140747, 2.3648947989075184, 2.3043424966517496, 2.050894257600076, 2.353759094702446, 2.5474123610058608, 2.1066544114461454, 2.310048537572645, 2.499700772019661, 2.2792145969876243, 2.131804272356334, 3.955515071023838, 2.171140025038151, 2.202321096287302, 3.5162668175567977, 2.528938947296339, 2.667792836317648, 2.3918340426911704, 2.3410813946016837, 2.263067247254456, 3.602760966314655, 2.180273700781937, 2.255550505473163, 2.464538256825249, 4.450467651184848, 2.3219231283839052, 2.1068177831847477, 2.289045602067048, 2.5016824074061987, 2.291007978203292, 2.1884481761548047, 4.261753917356079, 2.1041248052649513, 4.04133387270139, 2.6373355384849675, 2.380019096252621, 2.2468277491597144, 2.144120680419768, 2.060319352170538, 2.1838012780088345, 2.1752818888064045, 2.133245017549376, 2.1989191090433162, 2.1778443325999355, 4.251650630376833, 2.043502682597451, 2.0412951717880423, 2.4937649995214564, 3.712898095030044, 2.366512934571824, 3.1852946793754615, 2.520794608656295, 3.2218344561593693, 2.085819770427878, 2.174541816234467, 2.241556337325605, 2.281133618860841, 2.380115018420069, 2.0988270326715086, 2.2520953046185017, 4.014334540693751, 2.140124473043077, 4.007973290812, 3.7802272079598316, 2.0901918871354392, 2.673230004223074, 4.4314830073506375, 2.1837985141797804, 2.2666387895828013, 2.2160140743471985, 2.327209027808156, 2.4072317601082958, 3.0096945281805683, 2.245676280931421, 2.3700633397402804, 2.5178773013872786, 2.2938033844649137, 2.532076365452997, 3.5309281012886444, 2.3417625992421294, 2.2109758296572197, 2.2514901359679462, 2.393969906435608, 2.3986034218358787, 2.29363742121722, 2.319603077360015, 2.6048446009671893, 3.347647189317792, 2.226829703275211, 2.187185173189287, 2.1628674951269313, 2.324584621731177, 2.345157760867558, 3.9947577760907063, 2.4004654213407504, 2.762218404510709, 2.2354809894070096, 2.4641107551227632, 2.1345043713872505, 2.665393619050545, 2.5334644013795784, 2.8044168668131513, 2.1284872076196364, 3.7745893702145494, 3.0813589602169973, 2.360268299194451, 2.6851026557727677, 2.2108404901557144, 2.0830750370247912, 2.3497292811969763, 3.434984732980014, 2.2372697677877724, 2.00705521937473, 3.65509621116935, 2.4545570158183745, 2.191226064950554, 3.825867197651494, 2.4591266375062135, 2.185708783390532, 2.374557427596165, 2.3505565822487906, 2.106662101796772, 3.043589254353568, 2.050452129544351, 2.7406023817584044, 2.412361879515527, 2.474061768618064, 2.28381266187184, 2.3182326276288507, 2.741161067947971, 2.1893849324356554, 2.3611028826010143, 4.09625459889784, 2.0743146746976477, 2.206845411891527, 2.765760569488892, 2.613776955922725, 2.4043910930309385, 2.170644942068553, 2.3494839227619675, 3.903650380100826, 2.961774828085988, 4.282636223685866, 4.416162381571286, 2.4391391014014747, 2.8203412256675087, 2.141800036983666, 4.355831945545587, 2.287817019009612, 2.206282501765223, 2.7429601397412418, 3.017867491144443, 2.5835794214053522, 2.2389987442191908, 2.3098740041921126, 2.3869069174639668, 2.228769739262618, 2.120466729088928, 2.938105889030951, 2.542496636469341, 2.4035148203050847, 2.411970661493631, 2.552998853464913, 2.2300089958437845, 2.6166400180827383, 3.060591344259841, 2.4138786691119507, 2.132955470687817, 2.2157361050596456, 2.7798062238805548, 2.3165335930425757, 2.139263757901798, 3.1470260460592936, 2.577781043182906, 2.310491617857552, 2.0786739108447483, 2.2052287875912593, 3.5853639794266092, 2.3832077401230842, 3.739591865582253, 2.5092603378349025, 2.574217219043874, 2.517893745980265, 2.253885351613006, 2.503339365308458, 2.0509067808692367, 2.2152391998764904, 2.3562401388004175, 4.184818689824455, 3.263415276202707, 2.0226125351099418, 2.1339857941960765, 2.2477468905560674, 2.4674851800824893, 2.242908995738103, 3.310452023681327, 2.3086403857589586, 2.233126842653456, 2.203685563386362, 2.445936591913858, 2.309372386858639, 2.0056787982460165, 2.0592286892745015, 2.167833834905531, 2.089732510853027, 2.2986165164475603, 2.2963661684733347, 3.200719217517376, 2.279460272499365, 2.156612267524021, 2.3990812827148957, 2.0790405010874657, 2.4415003851393817, 2.150575710397577, 2.4988021184737406, 2.244336250224436, 2.199448729633874, 2.264996470523708, 2.3202700753268077, 2.3293295432419643, 2.5257030619667726, 2.7782803798591478, 2.214662924080896, 2.317463585054454, 2.535593090379464, 3.9835916169966037, 2.4825842671199694, 2.816172367371817, 2.3029404597452063, 2.2086024429946063, 2.047903457328049, 3.0791780356323346, 2.2650485456553686, 2.234697084217136, 2.280535086609355, 2.4905182037723748, 2.0924367815024993, 2.21242879851588, 2.166419549652644, 2.691110566814325, 2.2979579462453383, 3.396242597522275, 2.314706836409299, 2.309963932834261, 2.2042693911726703, 2.4686110159402435, 2.6453224851860293, 3.6733733373700264, 2.0147786610101255, 2.1568555606423945, 2.3157331749341936, 2.626030617505626, 2.3539674653766864, 2.2449564049028616, 2.4599346977339422, 2.02849866766336, 2.3134030659893154, 2.1104491461114994, 2.329634634461823, 2.1754232109400147, 2.3035310401167792, 2.1213240037869605, 2.2756508340610067, 2.6710832584600523, 2.0262032979221525, 2.431649617789914, 2.0840364825526647, 3.6050267347324234, 2.1175694710381077, 2.4620212928479344, 2.3985781296688073, 2.0199502019341797, 2.40695153233489, 2.208042662076671, 2.2364739547491794, 2.4507198721997896, 2.0749334380421107, 3.3231620771650867, 2.3409982856336145, 3.3154433336129703, 2.4603893509268726, 2.425193023988536, 2.2651721021686875, 2.537732465322959, 2.776761765323486, 2.6384702084592146, 2.160846125636418, 2.9989331610807257, 2.1890638813535235, 2.39395844453251, 2.425733718837957, 2.2006484343525416, 2.150322398816817, 2.579551021066203, 2.475960540358468, 2.3810080326167706, 3.1829864527741956, 2.16467571687893, 2.140220674519815, 2.0458490878466478, 2.677321687880219, 2.160932080802024, 2.462464383333864, 2.190459966842713, 2.252613390552178, 2.234798586424934, 4.127240841674551, 2.3475578441179223, 2.156478620207195, 2.5797207330350234, 2.513336918810166, 2.1109114747189586, 2.3337564977343686, 2.084252084824703, 2.1929756952478656, 2.187983464768619, 2.121072505053247, 2.3319838924425826, 2.4050666741986233, 2.3286602983148055, 4.343150419636079, 2.1613834877313334, 2.3607052295073285, 4.231017779146635, 4.2855764933376985, 2.154367414755874, 2.281288296605058, 2.476319419944885, 2.2700421639439208, 2.4518985225896985, 3.847246786293593, 3.217231422215563, 2.1067907499254277, 2.421830542426114, 2.6333996288698365, 2.402362633644057, 2.5188070355527485, 4.255364835793651, 3.8692387457672917, 4.109099912583874, 2.442584328000791, 2.857619209331418, 2.065201890466338, 2.170711387689135, 2.1329389627421045, 2.2885112455798007, 2.1038094465778925, 2.121965324763509, 2.9762279020008764, 2.8776712084153986, 2.5082441707083807, 2.1214959141181726, 2.0807757391534647, 4.074757301267004, 3.3561337636492636, 2.456255465878232, 2.3986133816115216, 2.341131699626536, 2.574464107035587, 3.1074891473921165, 2.0091648209888793, 3.2606041157925647, 2.674432961853435, 2.0446605157553517, 3.013600549472726, 2.474458146257168, 2.0222954687043617, 2.0868865252646063, 2.2686294918947167, 2.281416085257175, 2.7007159311604627, 2.3022464756644685, 2.1495992526943057, 2.6366185537899254, 2.348322751586789, 2.0474793897956287, 2.396879195368189, 2.1107515184173997, 2.2182370329121293, 4.231260762047781, 2.2084908869527218, 2.644440153021933, 2.5610327968730378, 2.159355287366732, 2.08150265800432, 2.1861446033698955, 2.2653404984683583, 2.160273470692048, 2.159996820291488, 2.1333298342359672, 2.4847284914447814, 2.4815272383223164, 2.510360765457898, 2.3852928491242045, 2.3112234819816653, 2.9341673751727932, 2.3737089534168088, 2.712123836978561, 2.1462563210159895, 3.5965335970393544, 2.2457322801848445, 4.362470667536995, 2.355093209173969, 2.3684314698994937, 2.016105558301702, 2.5237040489109925, 2.2942231871424346, 2.5582446536781416, 2.45144035184057, 2.49828168165238, 3.935125429485919, 2.8281014175761494, 2.110880875286801, 2.095316532629831, 3.1067617258124427, 3.076345540750622, 2.2381333940405446, 2.213895443189756, 3.022502552281465, 4.330551229979045, 2.4518601086198903, 2.38636400831707, 2.1597309854415667, 2.2020733422663596, 2.0454625583206365, 2.5206853374309306, 2.118164049154285, 3.7709047725483584, 2.3925575461049813, 3.716829868222422, 2.500718318541996, 2.600515189976674, 4.224063298023968, 3.998852106164853, 2.2885085305159776, 2.1601778384548176, 2.289584393184823, 2.2956280702465146, 2.360005922521812, 2.4197241280934505, 2.248527953073061, 2.124146846603251, 2.8182033490199982, 2.8572580053462047, 2.2268918898827477, 2.2277543601833156, 3.3350190911661053, 4.044549970403898, 2.5357638597658716, 4.005561731624074, 2.243998732103332, 2.6066217756388292, 4.1490119397368215, 2.346680601428851, 2.202168540099339, 2.131882258168838, 2.135626342456189, 2.8208670752678393, 2.8158665567975274, 2.111039422474393, 2.1852785444505045, 2.456750135010098, 2.134460818947662, 2.2471041455640015, 2.1127663360363016, 2.6552883956349738, 3.984952706698329, 2.4544015351713546, 2.36018497797136, 2.2168297536544563, 2.274721169184544, 2.518969175209299, 2.2935614576743, 2.5263607614464787, 2.1536402687484464, 2.1577014505502805, 3.1684463864207846, 2.535519829199008, 2.3302310482722732, 3.4863134435924232, 2.4412497591261566, 2.365640243639835, 2.1062884846322962, 2.0229193552043907, 2.1476663272756356, 2.133326020600883, 2.2187886100941903, 1.9977641904051795, 2.4997439986023298, 2.474193804038263, 2.972203124275148, 2.543504257451576, 2.4427551856748253, 2.542029541690802, 2.387905297646873, 2.291337056621676, 2.1460792875292114, 2.251163733881503, 2.97872431586372, 3.11238053344613, 2.302059416489104, 2.26398524432994, 2.317142400312938, 2.4083552769599548, 2.266396287018654, 2.0913413936489373, 2.302664931923123, 2.1327930932264625, 2.443682752695437, 2.5524672078309134, 2.6280781502365387, 2.3182151207053616, 2.1369550869675256, 2.4246188063619227, 2.4324086312296136, 2.124058630380153, 3.3491881540378503, 2.4298123869967605, 2.1759059101416893, 2.2135553644076182, 3.3050671852819504, 4.06938220699352, 3.8144000515791245, 2.674452017864406, 2.068296820661465, 2.108265080249401, 2.4312104392267524, 2.552991559172015, 2.3075923749192313, 2.8258773129805266, 2.0329632131193156, 2.2984884216578743, 2.2388573608731663, 2.095969880083003, 2.0862290536336454, 2.486305680682371, 2.1302172167093727, 2.328328090291272, 3.2160435928869138, 2.713060027249169, 3.395705995344961, 2.244962438688697, 3.238165659184312, 2.522819310523198, 2.9711587984970085, 3.751044356883616, 2.2807070371551355, 2.567682329500914, 3.0957636167967912, 2.057074257240512, 2.380353043209427, 2.3479566534706264, 2.7223603208652505, 2.4081560318978354, 2.3760684342637286, 2.41415515500507, 3.184392625399897, 2.4594762389112184, 2.455619920251563, 2.2093003455321387, 4.35984668535643, 4.310465676630854, 2.6204480856572827, 2.199280803979213, 2.5017805781494094, 2.469463172875411, 2.328099887637121, 2.2783960065688733, 2.545325590184419, 2.2932260973156615, 3.7052509239441953, 2.3965268531895636, 2.1215044527107825, 2.238484151704568, 2.5397728254267875, 2.838281525297371, 2.8301305200989018, 2.8819486166439328, 2.122049002664272, 2.930158093021469, 2.5047016993444413, 2.382703032077347, 2.2543412288113953, 2.107572885008493, 2.8178763477150492, 2.255704479142617, 2.584541559447955, 2.286904847988585, 4.172708394228918, 2.229975280578125, 2.3171452465104747, 3.0754980632601385, 2.220115451531507, 2.4735856434271732, 2.1090802312238917, 2.6766095283152675, 2.1899484795479074, 2.7213314760508958, 2.2818267971789883, 2.198767212275865, 2.5937444233481384, 2.7511150247086222, 2.1232218483043845, 2.3549132824155814, 2.4624864701786007, 2.0556629730006133, 2.29742488621052, 3.452876255316428, 2.1640541073369306, 2.3962503422902413, 2.3472483788464036, 2.197222791212023, 2.454357674407918, 3.666615996191928, 2.2098980314211074, 2.717009887693289, 2.3861723862444952, 2.2798095584002906, 4.192009331446298, 2.781603481520979, 2.259575598029463, 2.728146478616796, 2.922843806266532, 2.519332862963479, 2.056622141570457, 2.0073335774938124, 2.4233947966917078, 2.571456439280387, 2.556656659869037, 2.213178201103712, 2.3929071631151317, 2.0643905531269313, 2.0532144778319354, 2.1066210600058124, 2.4663002821250393, 2.901006098909762, 2.5116745263246956, 2.758077204312674, 2.3077165752593394, 2.1055003173360474, 2.186162004165874, 2.2556956774480685, 2.080637413953185, 2.18645469940015, 3.0743386762429252, 2.284160467210816, 2.35219143811383, 2.411382632161151, 2.634677489222604, 2.3611224486924707, 2.255456011714947, 2.2238457497778095, 2.799390169245902, 2.725038276355416, 2.2145949602554356, 2.504770130982427, 2.0115180571121636, 4.138215359004032, 2.4418159401809243, 2.643505428070363, 3.0070197310800144, 2.460841187594451, 2.650013967560847, 2.5696477650300773, 3.9124636642289614, 2.037457359029652, 2.2072258192841963, 2.153927961856218, 2.1349257481239095, 2.850064765609942, 2.49287241827237, 2.246655757707194, 2.91717540760009, 2.8833426851963595, 2.2064298829517166, 2.2405556142717264, 2.6602813673941816, 2.1553789533603913, 2.282176181935257, 3.736333880033083, 2.126848182968525, 2.753835790673485, 3.6113055534947947, 2.3138963853861316, 2.1071505092940574, 2.49220491041044, 3.9061137975247426, 2.1360953958102256, 2.2449286575100946, 2.3122400313870255, 2.0580850620980815, 3.5786893224511065, 2.300542240325976, 2.1567861134225006, 2.2143229420597574, 2.9885247677318825, 2.140923473363155, 2.3669807370921223, 2.05715189160357, 2.2574904896146664, 4.160026089058366, 2.2725339781224334, 3.822198197862991, 2.229119380621345, 2.1485475100329756, 2.1844723954874343, 2.235947441578631, 2.2798132009939067, 2.3134885979506787, 2.194433517626127, 2.3715141221473943, 2.354060372445442, 2.5147856713960195, 2.2448964069058475, 2.3221855050565443, 2.96873567735485, 2.9001480217539006, 2.0623657681993737, 2.305856088601191, 2.194599166322759, 2.155319525295057, 4.000248580562863, 2.267305089351231, 2.39744558985385, 2.368280774691516, 4.206420724007225, 4.020787083071123, 2.9089597313516093, 2.3603596018397113, 2.0122318834543504, 2.345159995671673, 2.5079215473293064, 2.195753584043615, 2.1865708242596447, 2.594432863629285, 4.331061185902313, 2.1554100742844757, 2.0907278929612785, 2.3032173173934454, 2.386887563320718, 2.244378203598683, 2.1086117471093626, 2.3768451541020346, 2.5852963098222546, 2.28507787004059, 2.5293581067606987, 2.1700675937068867, 2.163788881941084, 2.3533377803540736, 2.4527595700160747, 2.6885732107612483, 2.5926953310921053, 3.0043628533794617, 2.4994259107844083, 2.1992509915766245, 2.263694378842234, 2.625912215688102, 2.6371879553031006, 2.2507351124330244, 2.168212933103196, 2.2159693946631513, 2.2169531858749023, 2.589536876674842, 2.125157687080709, 2.324562633338599, 2.2057758851377294, 2.3195074451227846, 2.0051402976720865, 2.289703658558544, 3.58768818433502, 2.8301532589011855, 2.146437339179319, 2.345325767969005, 2.140780236955516, 2.274379809896483, 2.606511075547837, 2.224162246943883, 2.4716947982996342, 2.3518364595110177, 2.2621467869711105, 2.4236604195934213, 2.6006658070799564, 2.779676779041763, 2.231819868744636, 2.191654133060063, 2.391239404020205, 2.411960580977076, 2.317630081993069, 3.1038298613723914, 2.2995790845539106, 2.255769093443976, 2.32559207305629, 4.017810255071312, 4.027963128555492, 2.946773737752303, 2.471275620232181, 2.4270357349490452, 2.335870933442924, 2.4559870638332506, 3.592005865998086, 2.1780187988916535, 2.698298688611827, 2.7085329231237436, 2.6538739409731527, 2.0110740502964495, 2.2048291655565793, 2.4300354552607906, 2.029826703433951, 2.1468767920789746, 2.1332343980464064, 2.3295080045943948, 2.3373515242256064, 2.803750884393721, 2.4875592237526987, 2.394380545324128, 3.6055640566055285, 2.3035478223989854, 2.114502377032407, 2.253691742434074, 2.284430498685496, 2.251993700983722, 2.61290492373774, 2.3124653107306883, 2.5018747779690518, 2.397003016420164, 3.613220304462785, 2.452084177037569, 2.251264147883538, 2.457722199427313, 2.242124795645216, 2.385641421583856, 2.3718096302054796, 2.2823870112226787, 2.425644559491342, 2.2677705819251317, 2.496268896231817, 2.2387684812211996, 2.3157721778441953, 2.1495009703072085, 2.5005972715474014, 2.341134918709096, 3.894315527547702, 2.349596075143906, 2.035109221055731, 2.4905621640433657, 2.303743739058525, 4.324901590536634, 2.264621680938831, 3.8102457070610636, 2.382730312271216, 2.4060363412423746, 2.383260239600313, 2.1329161931618117, 2.1664054647002255, 2.201515426336766, 3.314654367655817, 2.359525056507404, 2.203999783594406, 2.3900212268085457, 2.086243853860836, 2.208490529968236, 2.4294876302405535, 2.429218752559102, 2.1859476280281847, 2.4640455085359845, 2.1517654050673505, 2.226076878409495, 2.446502214428733, 2.0684220533530766, 2.2601710718283905, 3.475034220907986, 3.3112463984718987, 2.242647357512941, 2.583667169804503, 2.008694059916321, 2.429825836489915, 2.3091197506448973, 2.115486452639335, 2.1843752424736866, 3.023243098200968, 2.7254318424951745, 2.0702810435487375, 2.3318355316008823, 4.096803702460575, 2.182509104327205, 4.0067671930182245, 2.5438999203895736, 2.0806300138395892, 3.7530123245501956, 2.686106319917138, 2.5264044053256676, 2.161026144821971, 2.2490689324945445, 2.8129306545051076, 2.0484024691199387, 2.2678555439548154, 3.608078428344824, 2.0616001410620206, 2.5998869586050075, 2.3083694929742418, 2.2271644161055186, 2.259778011031833, 2.3866218108392787, 2.3341865478988932, 3.5254731965588118, 2.147080351973852, 3.3517423095680487, 2.1072387414176927, 2.0157053829280516, 2.6498936862911613, 2.134736621106239, 2.192676905718934, 2.160402118820704, 2.4038976460250656, 3.353996274527482, 2.6421773745470722, 2.4408790668448215, 2.2178146571976933, 2.1379807170584884, 2.285034249854561, 2.51562950030244, 2.7494811346685166, 2.2464254678695026]"
3.0,9000,0.643978219186482,0.643978219186482,0.024343252182006836,0.3183727632734671,"[3, 2, 3, 4, 2, 2, 2, 4, 2, 3, 1, 2, 3, 1, 4, 1, 3, 1, 2, 1, 2, 3, 2, 4, 2, 4, 2, 3, 3, 2, 2, 2, 2, 2, 4, 2, 3, 2, 3, 4, 3, 3, 2, 2, 2, 2, 3, 3, 3, 2, 3, 3, 2, 3, 2, 3, 3, 2, 2, 2, 3, 2, 3, 1, 3, 2, 3, 3, 3, 3, 3, 2, 4, 2, 3, 3, 2, 2, 2, 2, 3, 3, 3, 1, 3, 2, 3, 2, 3, 2, 2, 2, 2, 1, 2, 1, 3, 2, 3, 2, 3, 3, 2, 2, 2, 2, 3, 3, 3, 4, 1, 3, 2, 2, 3, 2, 3, 5, 4, 3, 4, 3, 3, 2, 2, 1, 4, 2, 2, 4, 2, 2, 2, 5, 2, 4, 4, 4, 3, 2, 3, 3, 4, 2, 3, 3, 1, 3, 2, 3, 1, 2, 3, 1, 3, 2, 3, 4, 3, 2, 3, 2, 3, 2, 2, 2, 3, 2, 3, 2, 3, 4, 1, 2, 3, 2, 3, 3, 2, 3, 4, 2, 3, 3, 2, 2, 2, 2, 2, 2, 3, 3, 3, 3, 3, 2, 3, 2, 1, 2, 2, 3, 3, 3, 2, 3, 2, 2, 1, 3, 4, 2, 2, 5, 2, 4, 2, 3, 3, 1, 1, 1, 3, 3, 3, 2, 2, 1, 3, 2, 3, 2, 2, 3, 2, 4, 2, 3, 1, 2, 4, 3, 2, 2, 3, 2, 2, 4, 2, 3, 5, 2, 2, 3, 3, 1, 2, 3, 4, 3, 4, 3, 3, 2, 3, 3, 2, 4, 2, 3, 5, 3, 4, 2, 3, 3, 4, 2, 3, 2, 5, 3, 3, 4, 2, 4, 2, 2, 2, 3, 2, 2, 3, 2, 4, 3, 4, 2, 3, 2, 1, 3, 1, 4, 2, 4, 3, 1, 2, 2, 2, 1, 5, 2, 3, 3, 3, 2, 2, 4, 3, 3, 2, 3, 2, 4, 3, 3, 2, 3, 5, 2, 2, 2, 3, 1, 3, 3, 3, 2, 3, 3, 1, 1, 1, 3, 4, 3, 2, 2, 3, 2, 5, 2, 4, 1, 3, 2, 3, 4, 2, 3, 3, 2, 3, 4, 2, 3, 1, 1, 1, 1, 1, 2, 2, 3, 2, 2, 2, 3, 2, 2, 3, 4, 3, 3, 1, 1, 3, 2, 4, 3, 3, 2, 4, 2, 2, 3, 3, 4, 4, 2, 3, 1, 2, 2, 3, 1, 3, 3, 3, 2, 2, 3, 2, 2, 2, 2, 4, 1, 2, 2, 4, 3, 4, 3, 2, 2, 2, 4, 1, 2, 2, 2, 3, 2, 3, 1, 3, 3, 4, 3, 2, 2, 1, 3, 1, 1, 2, 1, 4, 2, 2, 2, 3, 2, 3, 3, 2, 1, 3, 2, 3, 2, 2, 2, 3, 2, 2, 1, 2, 3, 1, 3, 2, 2, 2, 4, 1, 1, 3, 2, 3, 2, 2, 3, 3, 3, 3, 3, 3, 2, 2, 2, 2, 4, 3, 2, 3, 4, 4, 1, 3, 2, 1, 2, 3, 1, 3, 2, 3, 3, 2, 4, 3, 2, 3, 2, 2, 1, 5, 4, 4, 2, 4, 2, 2, 1, 3, 4, 4, 2, 3, 2, 1, 2, 2, 2, 2, 2, 2, 3, 3, 2, 3, 4, 5, 2, 2, 2, 1, 3, 2, 2, 4, 3, 4, 1, 2, 3, 4, 2, 2, 2, 2, 3, 2, 2, 3, 3, 3, 3, 2, 3, 3, 2, 1, 3, 3, 3, 1, 2, 3, 2, 2, 3, 5, 2, 2, 4, 1, 1, 3, 2, 1, 2, 5, 3, 4, 3, 3, 3, 2, 4, 3, 1, 2, 3, 1, 1, 2, 2, 5, 2, 3, 4, 1, 2, 2, 3, 2, 4, 1, 3, 3, 2, 2, 1, 2, 3, 3, 2, 1, 2, 3, 3, 3, 3, 2, 3, 3, 3, 2, 1, 4, 2, 3, 2, 2, 3, 2, 1, 2, 5, 2, 2, 2, 3, 3, 2, 3, 2, 1, 1, 3, 3, 2, 2, 3, 2, 3, 4, 1, 3, 3, 3, 2, 2, 2, 2, 2, 5, 3, 3, 3, 3, 3, 4, 3, 4, 4, 2, 2, 2, 3, 2, 3, 1, 3, 3, 2, 3, 3, 2, 3, 2, 3, 2, 2, 3, 3, 2, 1, 3, 2, 2, 4, 3, 1, 3, 2, 2, 3, 4, 2, 4, 2, 5, 4, 2, 2, 3, 2, 2, 3, 2, 3, 2, 2, 4, 4, 3, 3, 4, 2, 3, 4, 4, 3, 5, 2, 1, 2, 5, 3, 2, 3, 2, 2, 3, 5, 3, 3, 2, 2, 2, 3, 3, 3, 3, 3, 3, 1, 3, 3, 1, 2, 3, 1, 2, 4, 3, 2, 3, 3, 2, 2, 3, 2, 2, 4, 2, 3, 2, 1, 3, 4, 2, 1, 3, 3, 2, 2, 3, 1, 2, 3, 3, 2, 2, 3, 2, 1, 2, 3, 5, 3, 3, 4, 3, 3, 2, 3, 3, 4, 3, 2, 3, 1, 3, 4, 3, 1, 1, 4, 2, 3, 4, 3, 3, 2, 2, 3, 2, 3, 2, 1, 2, 2, 2, 3, 3, 1, 3, 2, 2, 2, 3, 1, 2, 2, 3, 2, 2, 3, 2, 4, 1, 2, 2, 2, 2, 3, 2, 2, 3, 4, 1, 4, 3, 1, 3, 2, 2, 2, 2, 3, 2, 2, 2, 1, 3, 3, 4, 3, 1, 3, 4, 1, 3, 2, 4, 3, 2, 2, 3, 1, 2, 5, 2, 4, 2, 3, 1, 2, 2, 1, 2, 3, 2, 3, 3, 2, 2, 2, 3, 2, 4, 3, 3, 2, 3, 3, 3, 4, 3, 2, 2, 4, 5, 2, 3, 3, 5, 3, 1, 2, 3, 3, 1, 2, 3, 3, 3, 4, 4, 3, 4, 2, 3, 2, 1, 1, 3, 4, 2, 1, 1, 3, 3, 3, 2, 3, 3, 3, 1, 2, 3, 3, 1, 3, 3, 2, 2, 2, 4, 3, 4, 2, 3, 5, 2, 2, 4, 2, 2, 3, 2, 4, 2, 2, 4, 1, 3, 2, 3, 2, 2, 1, 4, 2, 2, 3, 2, 3, 2, 3, 4, 4, 5, 4, 2, 2, 2, 5, 2, 2, 4, 5, 3, 2, 2, 3, 2, 2, 3, 2, 3, 2, 2, 3, 3, 4, 1, 2, 3, 3, 2, 2, 3, 4, 1, 2, 1, 3, 4, 1, 4, 3, 3, 1, 2, 2, 2, 2, 5, 3, 2, 2, 3, 4, 2, 4, 2, 3, 2, 3, 3, 2, 2, 2, 2, 2, 2, 3, 2, 3, 2, 2, 3, 2, 3, 3, 2, 2, 3, 4, 2, 2, 2, 3, 2, 3, 2, 3, 2, 2, 2, 4, 1, 3, 4, 2, 2, 3, 2, 2, 3, 2, 3, 3, 2, 2, 2, 3, 3, 2, 2, 1, 3, 3, 3, 2, 2, 3, 3, 2, 3, 1, 2, 3, 2, 3, 3, 5, 3, 1, 3, 2, 3, 2, 2, 4, 2, 3, 2, 2, 4, 3, 1, 3, 2, 1, 1, 3, 3, 3, 3, 2, 2, 4, 3, 3, 4, 2, 3, 3, 2, 3, 3, 2, 3, 2, 4, 4, 2, 4, 2, 2, 2, 2, 4, 2, 2, 2, 4, 2, 4, 2, 3, 1, 3, 2, 3, 2, 3, 2, 4, 2, 2, 2, 3, 2, 3, 3, 4, 2, 3, 5, 2, 2, 3, 2, 2, 2, 4, 4, 2, 3, 3, 4, 4, 1, 1, 2, 2, 3, 2, 4, 2, 2, 3, 3, 1, 2, 2, 2, 3, 2, 3, 2, 3, 3, 2, 3, 1, 5, 4, 4, 3, 2, 3, 3, 3, 3, 3, 2, 4, 2, 3, 2, 3, 4, 2, 2, 2, 4, 1, 2, 3, 3, 2, 3, 3, 3, 2, 3, 1, 1, 2, 1, 3, 3, 2, 3, 4, 4, 2, 4, 1, 1, 1, 3, 3, 3, 3, 4, 2, 4, 4, 3, 2, 1, 3, 2, 3, 1, 3, 2, 3, 2, 3, 2, 4, 4, 3, 3, 2, 3, 4, 2, 4, 2, 2, 3, 3, 2, 2, 1, 1, 2, 2, 3, 4, 3, 3, 2, 2, 3, 3, 2, 1, 2, 3, 2, 1, 4, 3, 2, 1, 2, 3, 3, 2, 2, 3, 3, 3, 3, 3, 2, 2, 3, 2, 2, 2, 3, 1, 3, 3, 3, 2, 2, 3, 3, 3, 3, 3, 2, 3, 3, 3, 2, 3, 1, 3, 2, 4, 3, 3, 2, 2, 2, 2, 3, 3, 2, 2, 3, 2, 2, 1, 1, 4, 2, 3, 2, 3, 3, 3, 2, 3, 3, 2, 4, 5, 2, 3, 2, 3, 3, 2, 2, 4, 2, 2, 3, 5, 1, 2, 2, 2, 2, 2, 1, 3, 2, 4, 1, 2, 2, 1, 2, 4, 4, 2, 3, 3, 1, 1, 1, 4, 2, 4, 2, 4, 3, 3, 4, 2, 3, 3, 3, 2, 2, 2, 3, 3, 3, 2, 4, 2, 3, 3, 3, 2, 3, 3, 3, 3, 3, 3, 4, 3, 1, 4, 3, 3, 2, 3, 2, 1, 1, 3, 2, 3, 2, 4, 2, 2, 2, 2, 3, 2, 3, 2, 1, 2, 1, 1, 1, 4, 3, 2, 3, 3, 3, 2, 4, 3, 4, 2, 3, 3, 5, 2, 2, 2, 2, 3, 2, 4, 2, 1, 1, 2, 2, 2, 3, 2, 3, 3, 1, 3, 3, 3, 3, 1, 4, 3, 2, 1, 2, 1, 2, 3, 2, 1, 4, 2, 2, 3, 4, 4, 4, 2, 3, 4, 2, 4, 1, 2, 2, 2, 3, 3, 3, 2, 2, 4, 2, 2, 1, 4, 3, 3, 4, 2, 4, 3, 3, 1, 5, 4, 4, 3, 1, 4, 2, 2, 3, 4, 5, 1, 2, 4, 3, 2, 3, 2, 3, 2, 3, 3, 2, 2, 2, 4, 4, 3, 3, 3, 2, 1, 4, 3, 2, 2, 3, 3, 2, 2, 2, 1, 1, 3, 4, 3, 2, 3, 3, 2, 3, 3, 3, 2, 2, 3, 3, 1, 2, 2, 2, 3, 2, 4, 2, 2, 2, 2, 4, 3, 3, 3, 2, 3, 5, 3, 4, 4, 2, 2, 2, 2, 2, 3, 2, 2, 2, 3, 2, 1, 3, 2, 2, 1, 3, 2, 3, 2, 3, 3, 3, 3, 2, 2, 2, 3, 2, 1, 2, 2, 4, 3, 2, 2, 2, 2, 3, 3, 2, 2, 3, 5, 3, 4, 2, 2, 2, 3, 3, 2, 4, 1, 2, 1, 2, 2, 3, 1, 2, 3, 3, 2, 3, 1, 2, 4, 3, 3, 3, 2, 2, 2, 3, 3, 3, 2, 2, 2, 5, 1, 3, 2, 1, 4, 2, 3, 2, 3, 3, 2, 3, 3, 1, 3, 2, 3, 3, 3, 3, 3, 3, 3, 3, 2, 4, 3, 2, 1, 2, 4, 1, 2, 3, 4, 2, 3, 3, 2]","[2.428805034865308, 2.1862365303954174, 2.3384753737180857, 2.662589654325841, 2.0240890199466195, 2.305323053538709, 2.063105858606887, 2.6012712010466617, 2.3978987587922123, 2.5753379013614315, 2.015004859605803, 2.265961215537888, 2.91445849420746, 2.071336251609332, 2.238524366778319, 2.1701955889182347, 3.05681019518284, 2.272929983679772, 2.136375208854946, 3.396088207696118, 2.0917161385120018, 2.3202046289215765, 1.9950785280399113, 4.340872539775792, 3.1133731962265117, 2.4747050330237874, 2.363785022977034, 2.20199284063481, 2.6623851804118934, 2.0926279924749034, 2.6766372151838955, 2.0164618896155693, 2.105780065405035, 2.049647744584008, 2.3895533227497903, 2.5197845866719226, 2.715400876205258, 2.420489249749502, 2.652082119591122, 2.142963020509776, 2.456996233132942, 2.876943475220726, 1.9938222787752986, 2.5876937485794618, 2.0652665377481223, 2.583681876903875, 2.2868151768786626, 3.0030846772168767, 4.012654501686345, 2.267455586791851, 2.0256332617225783, 2.507219901415254, 2.5979107803456265, 2.4208051022196195, 2.0606441229999617, 2.201755456985049, 2.7689023240013695, 2.53368138982, 2.0556328738328355, 2.3226112650107305, 3.046533609609281, 2.498274343891116, 2.3356366260078274, 2.1489131614054253, 2.36168746085148, 2.0253698585912367, 2.339206745815498, 2.0131363895015193, 2.74785551101817, 3.019073647895453, 2.51134556012752, 3.1387021434339895, 2.5955291436756007, 3.1022156531161666, 2.289347801772661, 2.47810195659517, 2.1499505103345107, 2.301219078492164, 2.7262147986439387, 2.3710846984589784, 2.5968403193158176, 2.200322613296785, 2.500068321430783, 1.9229673934874103, 3.1849848344146925, 2.0613366947263128, 2.5855235002451464, 2.534524709124303, 2.7985189832371296, 2.3394794637600427, 2.1232084003561686, 2.2971974488722835, 2.1895683417415266, 2.016749100068145, 2.2305552266544333, 2.732863220944875, 2.3126881285879897, 1.9330995704882412, 2.4700293612257003, 2.384414056332359, 2.319428733862612, 2.465577612801796, 2.087715414072887, 2.3090822628988787, 2.1083907725039275, 2.743376184020258, 2.603266958646153, 2.1415011352730264, 2.176820318680349, 2.8789151968103646, 3.678500384258581, 2.6398785241687053, 2.188733631367093, 3.6012588990117163, 2.333280527760067, 2.9320054168115632, 2.6823421454712357, 3.783998539018996, 3.3745175151651434, 2.350975443367672, 2.902161169366425, 2.2646891306096273, 2.809108399191461, 2.239353869368478, 2.7918082580483987, 2.1942227577361075, 2.616303007277576, 2.1264964836348224, 2.6621872502978197, 4.353585478802961, 2.2750439677364245, 2.322107123969763, 2.344403830616976, 3.006656515677743, 2.338682142447841, 2.4246766335359933, 2.6361676101226497, 3.5761406287947404, 3.7368694389996753, 2.270042257002966, 2.1445888148180976, 2.168038455522848, 2.9005698201731547, 2.4968941304547787, 2.304617592019579, 2.9628853673669386, 2.262819332118127, 2.425427481864203, 2.3677278841350704, 2.616433840998676, 2.082890988898262, 2.546743130555222, 3.189459786948813, 2.5821266758689783, 2.6142598229706966, 2.3212841914009488, 2.103705416090488, 3.4682998287429525, 2.3801244496196503, 2.3469474639070373, 3.2060855745798156, 2.057293254689914, 1.9225783744751619, 2.2719807899017668, 2.27220295010152, 2.3172885930225964, 1.9618545591435952, 2.44536104405601, 2.0770477931200086, 2.132239478789144, 2.523706750267661, 2.2548657378358654, 3.7259441768980643, 2.1900863504812227, 2.4845518785277987, 2.146645421562565, 2.534477237850921, 2.7990873567412953, 2.0441164490223844, 2.4317973855640465, 2.706317481965975, 2.2565904741155434, 2.480580274744708, 2.4237870209515293, 2.7893978200997522, 2.1021147866726264, 2.152057956835338, 2.391796743507071, 2.163865885720493, 2.0574566863658643, 2.752002736163297, 2.3704933170563525, 2.327706640055155, 2.4847929801072617, 2.3085383600460228, 2.2743618592443218, 2.7748343850913577, 2.5729692412715686, 2.1963378504610342, 2.2450074215168865, 2.4870743112075613, 2.889632457699296, 2.2867528797398506, 2.668300981568466, 1.9950764765692643, 2.3814261922021736, 2.426083163211675, 2.0737048155010918, 2.337352098512911, 2.4202654671394157, 3.548459305083278, 1.97855585264671, 2.7764002180280185, 2.5990399696816575, 2.1490926351653923, 2.24709263761628, 2.1907333750807894, 2.2797013242178275, 2.2529723280565435, 2.654773516602687, 2.488402763605029, 2.6116976458855032, 2.4302899605309247, 2.1357813164669768, 2.6139949712517834, 2.9414753714039796, 2.4222609412982448, 3.2920660865261975, 2.0903909498040534, 2.7391762048247577, 2.2842680100771684, 3.020712600069555, 2.0945229866027493, 2.5878282136823083, 2.214854195636643, 2.9420127299438503, 2.5640198222853217, 3.023419033953073, 2.4309922978165277, 2.392047877500336, 3.072759079041939, 2.2694175777956835, 2.201085211329743, 2.3102549490891473, 2.9153584642634147, 2.3695118930809675, 2.4238017791490787, 3.917734969814218, 2.6103838154723698, 3.4754133244591707, 4.108780207958704, 2.2732799791637412, 2.3304204531612243, 2.061212655765206, 2.3613156797438415, 2.8615689362658823, 2.8236144752636627, 2.7548668168245025, 2.6225047004139515, 2.3499557898354206, 2.7020899532237115, 3.0096539304496472, 2.1678314711186237, 2.03308155957735, 2.4073326423988854, 2.3119789743190253, 2.7261099279147993, 3.421135786101244, 3.0059957631664793, 2.584575033451973, 3.508277457898681, 2.196837743256949, 2.465463126231676, 2.3729752875443304, 3.004033135866958, 2.425039791380645, 2.9779883190433294, 2.1964389872604313, 2.3745367710500704, 2.2922375266732713, 3.36771932882239, 2.3031088730440725, 2.427745501968491, 3.7433421450688247, 2.2971437454631616, 2.77877805511203, 2.1383654062652067, 3.485773789377834, 2.17966065912617, 3.4166892268733813, 2.1571106501879553, 2.10825456194402, 2.801866249071451, 3.1071455511683888, 2.36607724462691, 2.5618645930348225, 3.672656980675626, 2.4492109498429575, 2.768347096627088, 2.272101423014061, 2.6987132029756076, 2.1513919091325495, 2.2912555816254154, 4.080266900608849, 2.133427534763798, 2.4936823939688915, 2.1698292372154184, 2.242955739765512, 2.598210860687583, 2.252183643447376, 3.896787383080127, 2.574776354576369, 3.3403427532919086, 2.0928134421858413, 2.655879751728265, 2.809475101102219, 2.3905768919807766, 2.144295034191841, 2.0100956453221155, 3.2851671469090684, 2.565176964273109, 2.4304319014302234, 2.2169091944453685, 2.694144179546416, 3.0068903572766965, 2.280435386704845, 2.2099124801803227, 2.5156554280226624, 2.244797713684642, 2.2022980152419738, 3.3114198282036686, 2.234965860086383, 1.9345103423214236, 2.031480416282914, 3.4157130851557604, 2.273678113658979, 2.588484502497512, 2.7726511987256695, 2.48207424419425, 1.9717067603401564, 2.1811495072181684, 2.6235388439685132, 2.2055096569140917, 2.2632438651289895, 2.899555784099366, 4.204393730181279, 3.1338092628833176, 2.4706958477601755, 2.3896279957530893, 2.4592665430779594, 2.177585855957269, 2.669374445520796, 2.9977494797222133, 2.195907166368336, 3.5792494028170783, 2.1593412056067365, 2.3452016027944946, 2.700314826151385, 2.3163734222648054, 2.8056798414615214, 1.9363738138413311, 2.5143548637535353, 2.1391454957603506, 2.5381404836317465, 2.6812487849382576, 3.143753257491091, 2.013558982592353, 3.1367209206350437, 2.233032853657569, 1.9744799943592901, 2.4634364076291004, 2.0063723126277937, 2.0807955910368334, 2.8950109069115566, 2.03767905699483, 2.296064554235516, 2.1884038148139107, 2.2230190059836694, 2.1138238945994607, 2.731410410703491, 2.854952665943932, 2.1500875686747047, 2.881599946191072, 2.255786577299166, 2.7971166065830357, 3.8603733655868187, 1.9256315842985652, 2.3767402735030516, 2.9029953097641106, 2.4797777023919414, 3.010364551858909, 2.9835512596254063, 2.0826104527319984, 2.3724757938494143, 3.4340684505461536, 2.0087039304528718, 2.2488234025916447, 2.093602154568173, 2.3047007592355806, 2.159834864708158, 2.969178905952048, 2.132352398614651, 2.676129415979399, 2.230913878886308, 2.191434788148328, 2.3128848482433226, 2.6053758194215733, 3.4502732640827887, 3.3054766919098597, 2.694186099447786, 1.9295702826188812, 3.760697437635329, 2.4326014284412403, 2.228240395868648, 2.485894329970434, 2.1865776845381997, 2.1930532044509503, 2.0944908285362116, 3.545192747615684, 2.2886976726998927, 2.094092707998293, 2.119432014911504, 2.68395037987035, 2.4264737304494726, 2.764806033742859, 2.531824935737259, 2.177263464733226, 2.498164254352249, 2.4144170191539667, 2.5995697869211414, 2.451311982945462, 2.1097307924613524, 2.4190322590292586, 2.2022869704994736, 2.35281944091904, 2.0368073067965713, 2.43632210078138, 2.555884049012363, 3.1331785805452785, 2.1291509374617075, 2.596806399747889, 2.193243310838269, 2.4056880844909956, 2.5412518139403963, 2.1370325998098294, 2.2197744195592537, 2.5534465196863176, 1.9971609816188582, 2.621963025314215, 2.5894797990163174, 3.133176749969591, 2.295214266413469, 2.355617147491089, 2.2376042750720297, 3.2271938014998782, 2.6318935039787346, 3.069757770342406, 2.4274328735781943, 2.210123782813292, 2.008027250122731, 2.4320478432352908, 2.332256874156292, 2.463943532085474, 2.260040464056018, 2.1534242617781008, 2.2165016123078423, 3.176525547161609, 2.1660523240266163, 2.9561089957789872, 2.6938016854238294, 2.245709730227507, 2.471068536544527, 2.0093092445949132, 3.046030876238082, 2.3340055879445925, 1.9980315711001002, 2.1919960862652665, 2.714287962652181, 2.1290613682222683, 2.0487837815262817, 2.7036772801798015, 2.230491990757722, 2.4654096334067863, 2.231814088994547, 2.0250191520574674, 2.5123138391599, 3.6412006606142238, 2.757949917230758, 2.4804306170330195, 2.3423340962396044, 2.1241274489743476, 3.713327583023557, 2.2333776659638804, 2.220685569099263, 2.1998914039456694, 3.2425289873679723, 2.4602403386566176, 2.423034866347735, 2.2497695125254342, 2.7605982080724307, 2.845022193808007, 2.3331328792265102, 2.7100761375910576, 2.4594836322239244, 2.074051438996965, 2.8849411445574553, 2.535561064070934, 2.643787025056991, 2.336849176362483, 3.0183812045125498, 2.2645091044989067, 2.6390533836476964, 2.2550414421754947, 3.973312716382786, 2.642424863048551, 3.6395666270571922, 2.1925143274162804, 2.100587251014266, 2.429031617361676, 2.8217520439870913, 3.7806993317600495, 2.5445763319846337, 2.8712151306035154, 2.044343636964012, 2.669029633214485, 2.547131704789705, 2.176700109199562, 2.2662420869852395, 2.192313028039616, 2.6312355407492154, 2.9347985369143847, 1.9693620136393148, 3.204237993126166, 2.235079306413167, 2.214444245452679, 2.200548610307271, 2.3025447858316226, 2.464849616517774, 2.1306548611066582, 2.038294108121141, 2.228925466674659, 2.5341129908655944, 2.1380217848900376, 2.071473610127037, 2.353125940746872, 2.5139295346725596, 4.071944499730044, 2.1195698707282284, 2.1023609626138993, 2.752992259527585, 2.267097077247762, 2.0999663056604967, 2.2700823607676095, 2.335216353826224, 2.6355124889288555, 2.3629576289744185, 2.7582298422291456, 1.9439302134428815, 2.1094417210774914, 2.8570362753504437, 2.28127960165223, 2.208078035019942, 2.3553779865012627, 2.121763863763566, 2.3467740211050154, 2.165310416225543, 2.4346063668489535, 2.175422859073352, 2.2439498585534374, 2.788626546248657, 2.2741469231959135, 3.05786207187587, 2.179651516409371, 2.346571964860433, 2.228006139892288, 2.25026886934839, 2.368678310760934, 2.81487799804818, 2.1311529584304623, 2.1756496022372147, 2.778036724785599, 2.344062676474194, 2.602389405198049, 2.0572735556404687, 2.834190249722043, 2.2339759300508986, 4.162048891588186, 2.0223767468699814, 2.491597284199626, 3.7072258196881966, 2.3130097331262722, 2.038460042133056, 2.4866172495931598, 2.3731524741795544, 2.3223949710790377, 2.608620316431412, 3.886877722717615, 2.5056145722579117, 2.648354474576906, 2.4253140016319428, 2.4675614712068334, 2.047520359292005, 2.1244681583393645, 3.624322527360659, 2.405030084124442, 2.695375223260238, 2.325074307133027, 2.506622062719875, 2.230057164434206, 2.211700488658389, 3.6991638331505445, 2.259625816663289, 4.1600085454917375, 2.4796634899636234, 3.6704916776729632, 3.872744504701879, 2.7979388979334052, 2.3205849864379413, 2.227285456627302, 2.495507334039049, 2.570327594118753, 4.082887828109941, 2.796602761220415, 2.2268962518236712, 2.0358101300791507, 1.984210468249874, 2.3212129951232248, 2.300820572369402, 2.444361485807345, 2.912995483543504, 2.5204500726175207, 2.345849749360909, 2.51411505090683, 2.6812540305516146, 2.4116021086032684, 2.4603542882285, 2.8310397851455775, 2.484271866235619, 2.587476653137628, 2.37830197156139, 2.662038505140839, 2.8185651035953865, 3.5470673717600354, 2.0316492623049816, 3.6741600326032824, 2.0333311686012463, 2.2879909298005, 2.2308819405166287, 2.324063907101871, 2.5083639646430673, 2.954909280388838, 2.4925866538731163, 1.937292417681745, 3.577841511924082, 2.031294713014401, 2.111063324774928, 2.222296963120027, 2.4440571184928435, 3.0533367739521844, 2.1531587014615683, 3.565231774093658, 2.4425717544680525, 2.2178042213759492, 2.2867569456538797, 2.375672881842868, 2.1863947330755917, 2.3508906881193266, 2.4640938881325036, 2.2711360949315664, 2.225991487908821, 2.522410580436491, 2.628308612479443, 2.011401695342612, 2.287239116477896, 2.272067382869979, 2.382107388455818, 2.023851638209327, 2.849800881976831, 2.2937467206034396, 2.0280311022886623, 2.0946218419611413, 3.7158998257020843, 2.613325004136825, 2.412820440380683, 2.7258704311153927, 2.264347537635159, 2.430216541674078, 4.056494206581148, 2.4307186204088684, 2.5543721119478735, 3.2748518717914337, 2.300767524322277, 2.3351972417900666, 2.012240010116461, 2.118010847565506, 2.153683156920949, 2.845281134327931, 2.3390926947690427, 2.592934711949968, 2.2434347987096857, 2.667649442528041, 2.344194859684008, 2.627809249127892, 2.9253220109054276, 2.4286679665454254, 2.118883193229336, 2.673651747785134, 2.3468835090907594, 1.9011705403465884, 2.525004820729336, 1.9626826981014873, 2.645135586740124, 2.3004560198225166, 2.069364632524528, 2.6740477073557285, 2.2022353252105824, 2.2566718792028784, 2.0449502171338003, 1.9579457906956552, 2.0665245105327057, 2.2103802187349935, 2.859376824926951, 2.4289758067941047, 2.7928559642574022, 2.0066951547171534, 2.846369221751402, 2.469580484392389, 3.354482966359619, 3.9473005558290044, 3.125118669273808, 2.292287682096369, 2.535642959830381, 2.4976579622026573, 3.011018559538138, 2.8249870130450767, 2.9333929965941685, 2.433838286703686, 2.216487300370704, 2.2963816938348787, 3.2430981524624953, 2.810774170909911, 3.0234195784452798, 2.40010563169662, 2.521159618569744, 2.2752396252003466, 2.729827849418333, 2.954706072218092, 2.7711930466728254, 3.1899000658513423, 3.1243813554510766, 2.1852682703993733, 2.0238792145098556, 2.286875725846128, 4.209704662049804, 2.101918485880338, 2.086080661596289, 2.3178741531082183, 2.5719938622114475, 2.2333021968344875, 2.590293568604282, 3.83242562590877, 2.758049939933074, 2.6304995130972926, 2.2536618243257176, 2.3019299610290775, 2.5648633532957272, 2.269667762435777, 3.7326207299154452, 2.650113638443954, 2.394224203053478, 2.4273526581791405, 2.3577524645238785, 2.254479445042387, 2.1879882717781, 2.296574275324352, 2.2651636218660998, 2.098401388270316, 2.234199692240315, 2.2388121436804402, 2.164946615919587, 3.7415639971592776, 2.2518249912155013, 3.8968530055983197, 2.081262575426887, 2.277934859980958, 2.1887807851867596, 1.9255792134405239, 2.1764618497988963, 2.08894025755665, 3.190852056751244, 2.813114387015561, 2.3076247469202182, 2.4887210157648028, 2.5135497947113143, 2.174823254565487, 2.2982843244266715, 2.5089906786603775, 2.4545726453593706, 1.929722178154631, 2.2355555025290728, 2.739090296906131, 2.3051448838531527, 2.1966418420068234, 2.4353986239205074, 2.6507606139826247, 2.334959625717767, 2.7800179339921605, 2.5486967031015806, 2.1533648686382008, 1.9524243906758736, 2.465984355687548, 2.2573840975336497, 2.437344455155437, 2.2978772953095072, 3.2050384286717217, 2.95372558153617, 3.0780600783634395, 2.7262678875883823, 3.754508280284863, 2.2982708681283666, 2.2158635865504093, 1.9672865484815099, 2.560025633357354, 2.6085055386177056, 4.090167584153766, 2.5969647387065224, 2.2857895813009175, 2.3251217611302044, 1.990739220803032, 2.447515817077629, 3.6448113131816076, 2.235612022948344, 2.19250593694041, 2.008307225927001, 2.7409356867840167, 2.0184953980886857, 2.57985577538507, 2.63060311294313, 2.3366125746840427, 2.3334421681498534, 2.2698362943230137, 2.3722860227431832, 2.665115055946419, 2.3120352357519143, 2.145555387640608, 2.2248410333180866, 2.3766606953448126, 2.283512122114927, 2.285939002415341, 2.263815473682449, 2.3532254933392185, 1.970705897499809, 2.302588840606894, 2.848043914366917, 2.816132712826982, 2.202498160714762, 2.1683611298005347, 2.369884125053923, 2.336809703287976, 2.7298651106392433, 2.553051417667382, 2.5947842782638384, 2.1656248617514806, 2.3292549011904513, 2.2951522415375303, 2.4568688978196986, 2.1545008478447722, 3.927336343319805, 2.159064586590384, 2.002203193031929, 2.4358566879806314, 1.9968624274891316, 2.154979886961777, 2.3592267336811155, 2.0817336688457866, 2.661393897120114, 3.8505359512820574, 2.6809829419066507, 2.4283655696588875, 2.415922595309917, 2.0546995344237757, 2.302087744846207, 2.7234138786861255, 1.9905960031614451, 2.3976745118767617, 2.5865009813734803, 2.2515635956603774, 2.172540137068475, 3.866345058582213, 2.180261568951306, 2.1887823857920896, 3.518072323513541, 2.4815252425144414, 2.8190338392785756, 2.5200477754368995, 2.457989245814542, 2.359687310101652, 3.5523206539528642, 2.2227777935231963, 2.263663807249995, 2.4612927364221178, 4.2679445641244325, 2.359288376842264, 1.9914418248017123, 2.154807370884024, 2.665985218914151, 2.16953020688817, 2.1647482285530746, 4.070999604212142, 2.1295868501091397, 3.7151951634308373, 2.744758117106513, 2.416121421508116, 2.2670058415492678, 2.1405004709832807, 2.0031447783166056, 2.2410410573027626, 2.119329473430185, 2.179999281916963, 2.223730600813243, 2.2147462115187713, 3.993631881023486, 2.016431262650713, 2.0050023556090544, 2.3395690483318705, 3.5218837937550322, 2.359121698600661, 3.133544223639255, 2.6165680298610186, 3.2438047189881627, 2.0348165139207395, 2.2456634720509228, 2.239001914786671, 2.317685448236273, 2.3381715567971098, 2.0762906850691274, 2.294390189909247, 3.6369524196827356, 2.115265033213017, 3.8939898888745246, 3.6612882076955335, 2.110013461140947, 2.826634619464804, 4.24359100250567, 2.2722139738187517, 2.2213194660659257, 2.1553773376410246, 2.386168084235063, 2.5517507874218084, 3.164454861933838, 2.312893290624863, 2.4907450087717242, 2.541513166042133, 2.4139198983949397, 2.64537077585761, 3.406991986275259, 2.3357836888471857, 2.281380254384338, 2.2904319964741346, 2.4487300511342402, 2.3206317365294984, 2.31319641376138, 2.342018535373726, 2.62055150177786, 3.2381742797940127, 2.3156703674008083, 2.132341205625305, 2.13266094991313, 2.4251420566102406, 2.414363055560362, 3.8002838319940757, 2.564734860912059, 2.6826291753641387, 2.3126706504022945, 2.472117656466091, 2.086168179365081, 2.7638382579555762, 2.5049547966612145, 2.851922222794612, 2.11655604767359, 3.5673864868878127, 3.0781693564236967, 2.3526766741427703, 2.6353608120106613, 2.254811463754022, 1.9947381539559825, 2.5027617975878473, 3.402234623686916, 2.317160266526913, 1.9280835829212213, 3.462644091690212, 2.4362759622226347, 2.1791301435513457, 3.5804449358310446, 2.5940803125565797, 2.0729442018981756, 2.5309529918778506, 2.4066938357155374, 2.0423720178792077, 3.049304989841307, 2.00450791769164, 2.7357297435174837, 2.5220287218317847, 2.540413077458729, 2.3621951053345605, 2.283187130388369, 2.582605673642518, 2.2221593444178387, 2.4612950117755705, 3.967826399529952, 2.075602516461582, 2.212206045711404, 2.9559623172816125, 2.8185099979900627, 2.4847080390675336, 2.1996201538983584, 2.3235189580596005, 3.812279724818289, 3.0355392841913797, 4.196166749490997, 4.295810153804629, 2.54288312261983, 2.8216901153092553, 2.133031787701124, 4.26940960957621, 2.3569459678322615, 2.109540180719014, 2.856231667925309, 3.094074471210444, 2.632241675513923, 2.2257605328015826, 2.318941152339071, 2.441977392330767, 2.225962961475507, 2.113842472924918, 2.968411852397827, 2.69319238930877, 2.3460594337846374, 2.238524092647737, 2.614530565156784, 2.1929686217622564, 2.6255287826007083, 3.0459405227538427, 2.4036623371227024, 2.0781490829080536, 2.184464981005968, 2.881026522555914, 2.3795132763537277, 2.1632574060107235, 2.997573853589758, 2.3905841318607925, 2.3474071996914665, 2.098171513399442, 2.251626194174801, 3.302322896110407, 2.4492415370772482, 3.5990485637148506, 2.5098262029543807, 2.5152413794035264, 2.5842255002082055, 2.2556424481987336, 2.4668457771197865, 2.054764370925817, 2.1772336934184233, 2.4671937133616546, 3.8961161813479137, 3.332809785999938, 2.008628201138996, 2.083483358757822, 2.302291265086622, 2.584680858864779, 2.351127537454023, 3.3109683575286457, 2.2943534708471596, 2.295711172806131, 2.1958466174008713, 2.235594812288764, 2.3028019164048446, 1.9209574619241274, 1.9974981084115466, 2.1369990555043263, 2.10763514036152, 2.3862775783083587, 2.327436634889333, 3.148783450599876, 2.387451425215644, 2.2053983975903413, 2.470742755352678, 2.100069454641017, 2.4164679660712265, 2.1693740412802813, 2.7250084518068802, 2.310614242208428, 2.221701201368973, 2.2568857065609293, 2.2678674728622332, 2.4761236864149896, 2.6635799690639623, 2.807718533285117, 2.2572254579454776, 2.279205579740282, 2.5846178765256433, 3.954094056702814, 2.562614690320204, 2.713280729386854, 2.4086638541950114, 2.1732873714045997, 1.9914254474366078, 3.25880953355612, 2.2611016446953722, 2.2521045573455827, 2.2538542001204105, 2.6773488904941214, 2.0211720545438405, 2.2197906589957714, 2.15105093958305, 2.658311368090085, 2.348603209420226, 3.2730174117083597, 2.3692305768558506, 2.344675225264541, 2.25143052275356, 2.5914474192724573, 2.673674883950812, 3.5094800678516895, 1.9680700219983807, 2.2018865999403068, 2.2443615408527275, 2.8293894014572514, 2.424352941180627, 2.2566050250909067, 2.3378200160905833, 1.9387512389776762, 2.4150418530826654, 2.0231679078241633, 2.316350440820543, 2.197665437437076, 2.3599852560065893, 2.1182808262010235, 2.246055596734473, 2.9144986479761683, 2.0272185945424983, 2.521535658195934, 1.9997158290445234, 3.407209566610608, 2.0509399546789413, 2.5823735967655277, 2.3075581833930876, 1.9948445502277434, 2.4979641566212676, 2.1925364483210372, 2.1350675680225746, 2.5549893313719205, 2.0788060290851718, 3.393695067853181, 2.4575589672100855, 3.272182322212432, 2.4741730521897862, 2.409661567348638, 2.239706836572793, 2.5051471170991433, 2.64073554175655, 2.8937926777804504, 2.1221957490609045, 2.8886273662014, 2.2204971722745963, 2.5310464038741016, 2.3652877581318035, 2.1845557600233203, 2.168062575670808, 2.4773692238349425, 2.502228234470484, 2.3298865692821233, 2.957146437107247, 2.0986659731439428, 2.115763095433244, 2.028579265442285, 2.789938031761528, 2.1226407632340067, 2.4772317546224603, 2.254140932010733, 2.27118725025185, 2.2351415111791697, 4.114013488595117, 2.308775709987761, 2.1306584395913526, 2.712728014688879, 2.647346821866018, 2.0643722218673415, 2.337690491333346, 2.02670016271065, 2.2407497378213415, 2.214903550416662, 2.1261833586263346, 2.358927256135142, 2.4493950053689337, 2.3419455220051213, 4.113737473705057, 2.124977824421226, 2.3419961773544324, 3.9871609149173457, 4.171849192101919, 2.189004765830175, 2.2965644892791865, 2.5778569501609407, 2.343349885868787, 2.5777550247741785, 3.7117600405130244, 2.995280476123537, 2.043038065581997, 2.5702256000615074, 2.582132458545818, 2.500621962609081, 2.6542931231075158, 3.9816741460215797, 3.6560085083785987, 4.0593903695519415, 2.41777646974259, 2.9143376339695823, 1.9805204634069744, 2.178042392313253, 2.0780636166099082, 2.3475975664495015, 2.1279541491031884, 2.1741623900403564, 3.0144832491976095, 2.9225727592843684, 2.67408922130733, 2.119170854547228, 2.0087021391667075, 3.8784163522635744, 3.3338649890956717, 2.5525222818029283, 2.312399361746288, 2.405688425156131, 2.694552981772582, 3.0102725240791512, 1.9390055864014655, 3.0883898820732005, 2.567924756946005, 2.022425691975812, 2.9159154114889922, 2.5423525107038305, 2.006986658791857, 2.040339405049174, 2.3055093147282566, 2.2454898876289624, 2.7854370176115286, 2.3138116561078803, 2.2168799079013595, 2.5248453227337855, 2.36531423309447, 2.037019799162582, 2.3117049290438914, 2.0635440829094494, 2.271183685659231, 3.9572316803950596, 2.1908935875663706, 2.695817082362573, 2.673742954238803, 2.114477258204251, 2.012465603398837, 2.126953881728412, 2.2617881024974062, 2.1192309526493758, 2.117798655377007, 2.1804384018626073, 2.4055305039389063, 2.4100705342646886, 2.6371967171985085, 2.4296745741235255, 2.238502138300573, 3.0182007121948593, 2.2403609748076287, 2.922328719480342, 2.147011342303462, 3.3601511617038637, 2.2179776376476665, 4.187348023914016, 2.48274249880347, 2.3562417323478497, 1.9749397441010381, 2.5745756984833115, 2.2333665080781113, 2.558783246548896, 2.576208009763232, 2.4580365461360674, 3.5757077443149416, 2.9046067425571267, 2.0383457001631897, 2.058115834701436, 2.8506545186111842, 3.2394862383378573, 2.182469662238163, 2.2487060492469744, 2.9010798997544978, 4.2312518542610595, 2.556182106458654, 2.5442891262800367, 2.1164223532654924, 2.15768526297204, 1.9787882237659962, 2.594019688633983, 2.063110140195385, 3.613023326153181, 2.5237935569866536, 3.693450080690562, 2.4783017959443683, 2.5904178268212057, 4.050151056460426, 3.8435766743493067, 2.3339456798197737, 2.118735837542878, 2.3395157247678746, 2.240639984761663, 2.3040152939555605, 2.433908812419234, 2.2492278390648406, 2.0851056117297038, 2.810508998232164, 2.8129415101718216, 2.2901242252345084, 2.267896313430377, 3.341562985643848, 3.953400462419026, 2.598150155843291, 3.617948939761268, 2.304208146465047, 2.5438299641453126, 4.057700459705823, 2.265440385624179, 2.187992559312676, 2.172943891649369, 2.0919769405252433, 2.8800608831293393, 2.9416145452971936, 2.0786724735174826, 2.109527441614041, 2.555083323633563, 2.0342064964823816, 2.267724485191004, 2.0222391632713697, 2.6347414267745983, 3.840779464460693, 2.5741111844717093, 2.274623880148103, 2.164259008916895, 2.2198075768194725, 2.520472941070851, 2.412667375060049, 2.662213670208752, 2.0894349357551496, 2.206266010941829, 3.2761202095562654, 2.636522513289612, 2.4281170428712735, 3.5074419782469004, 2.5226233682428973, 2.458640778402602, 2.1407888293936534, 2.0102166954390097, 2.1543113430105763, 2.1325160627019195, 2.2262494874085874, 1.9589583961728012, 2.6818695106399275, 2.4764007369978605, 2.9807551114109314, 2.6992341921503944, 2.5829786507230863, 2.5743419829655476, 2.504253495869883, 2.401038296696126, 2.146094789933695, 2.2935135155197126, 2.836544612781137, 3.0008797241767633, 2.3782343445795036, 2.2639761814018877, 2.434401443169477, 2.505231739077361, 2.1896499186629255, 2.0634035170935316, 2.359447499695907, 2.0301181526475642, 2.418900264260104, 2.749584248601012, 2.5324686737560618, 2.2572283922999876, 2.072988126406311, 2.381628527986017, 2.343529288026404, 2.1324387605558783, 3.1814734814009493, 2.515970125863315, 2.152374638425205, 2.2209645397637736, 3.1917346728773177, 3.7600581800866637, 3.403819092244632, 2.9319396670253006, 2.048992329508571, 2.050671090140505, 2.523208237182117, 2.5231208283166224, 2.2935862917737806, 2.959143528211973, 1.9618654519554297, 2.337824526265105, 2.277589815263329, 2.087366498825282, 2.0369354886920013, 2.5779351690963215, 2.1165336325374002, 2.3354541923749124, 3.287690087384811, 2.619766983690233, 3.44231969128143, 2.2614076585543104, 3.306399966809871, 2.6964398423662628, 3.0270674243690685, 3.6485200039434376, 2.350662352219901, 2.7370979850162724, 2.9755988473699753, 1.960475905383922, 2.500773784477319, 2.4457945339810685, 2.824029385676384, 2.400727791907318, 2.291353147733778, 2.4834104207140357, 3.172213569877106, 2.6169870027366744, 2.5452855520961024, 2.1950843832892275, 4.1212016629560395, 4.071015892633326, 2.80048705711544, 2.2208318028188723, 2.496856748205687, 2.568341047880179, 2.3907803172211888, 2.3293801558755494, 2.5824445132864096, 2.306633656167717, 3.538444528936198, 2.5443437810200438, 2.1192150612531653, 2.2230963419904275, 2.679090450114769, 2.9877869229433167, 2.6996843999440916, 2.9323061154342276, 2.0444129337017545, 2.9980431388069424, 2.3909065410645445, 2.2351383098382565, 2.3099643043558493, 2.047087399845854, 2.791535802774057, 2.212724772831312, 2.663751492498835, 2.29582853209688, 3.854791798455836, 2.2360379941148265, 2.4344161787381227, 3.144482701175569, 2.2070253690139587, 2.4693229043381835, 2.0548913570006535, 2.662168763467247, 2.225076987009701, 2.636801002459881, 2.299352458866966, 2.2013965803418762, 2.6332452881602584, 2.8025338954558814, 2.1281065033740223, 2.4556655339570037, 2.480371761865996, 1.979037388012127, 2.4326694359398164, 3.395355137202622, 2.0954477249517067, 2.5170441061848976, 2.2813225381444733, 2.262738153354558, 2.3225150219482273, 3.581862782158385, 2.280571583307433, 2.5885417018772183, 2.360553100229948, 2.2934545872024485, 4.023360458187649, 2.985649735745625, 2.284502848428842, 2.6460248787043237, 2.8696547120037073, 2.3929640050517156, 1.9840032746457512, 1.9295247215347775, 2.5305343171350287, 2.609096228072112, 2.693669925845523, 2.1148100038914532, 2.3481350775896463, 2.024222535707514, 2.066711969983807, 2.116642566248702, 2.652317002121771, 2.7822278879052735, 2.5046282525231605, 2.7525952185225258, 2.3330400202618415, 1.9716783235001223, 2.1141013621216875, 2.312205272705123, 2.007985990530523, 2.1544274362735782, 2.974118897736061, 2.363995791823074, 2.415157946345667, 2.495037112326224, 2.8004987299861273, 2.408835046975785, 2.2631745863709556, 2.300221597232584, 2.683389030571731, 2.8948707515716454, 2.148030183114244, 2.5343518857248593, 1.9511889545577874, 4.162339391116509, 2.4479332310131947, 2.6254738748203974, 2.9343445451868804, 2.5023804380535117, 2.6842305748094475, 2.6392033755558306, 3.8441580306015775, 1.9851329148470993, 2.2360972915738953, 2.1867295940312683, 2.0624816659618777, 2.8021506716713747, 2.5945571985760276, 2.174856146751771, 2.8614045158391876, 2.969129697958434, 2.2578446041433153, 2.2338208888508184, 2.6422949529299316, 2.1942417869268818, 2.30176093530318, 3.5869524470552867, 2.0951448627031777, 2.9300094196565754, 3.535017970601798, 2.3695805862971393, 2.0449006414588218, 2.4524434846401273, 3.8112829769528664, 2.0944053622380663, 2.361583896965061, 2.3047230308281432, 2.0440257656858636, 3.4237657404911945, 2.2052368280885366, 2.20152705206535, 2.250919331657569, 3.042527153522671, 2.1719629475553255, 2.4225015734933266, 2.03930720419417, 2.321497522293145, 4.057634262427509, 2.2990307786927233, 3.547698931761447, 2.2271735406986943, 2.1588734750633063, 2.196725752935241, 2.0676628525652245, 2.3892786357277194, 2.420030619533642, 2.248297296081704, 2.3074099600229454, 2.4818284288662698, 2.534486085138187, 2.2610657933617286, 2.4079497570294737, 3.1310670922197668, 3.0549883286682546, 2.0137396521729136, 2.3759690192615435, 2.249154906176888, 2.0981289212561536, 3.897240807632497, 2.3770818724235987, 2.5013104711247043, 2.2898449425003298, 3.985486514168411, 3.8781631512496926, 2.697960570022037, 2.461992780636899, 1.9548846351741465, 2.4791053156839293, 2.719661047081348, 2.255131652819612, 2.1550286474743254, 2.718134716311448, 4.072522134020959, 2.0643329540355873, 2.034359150930727, 2.2844776043903456, 2.4418771904639756, 2.2581574569336897, 2.05246588240156, 2.516651765047266, 2.797824611772331, 2.3207301247657672, 2.5004886797005477, 2.2224991581397737, 2.189992493707207, 2.3822821757010777, 2.634774174512965, 2.804720966734884, 2.471728826761564, 3.1543398271567855, 2.5761506680939785, 2.273238719571533, 2.3102601577404838, 2.8287764018015875, 2.6838174457591815, 2.3390842903358533, 2.10859959270433, 2.2068822178957053, 2.317098110866566, 2.746060411424205, 2.0735109234086138, 2.3724669525082267, 2.137331326454448, 2.341523420267228, 1.918169492336348, 2.318759156955326, 3.3143559614665423, 2.7249483936902292, 2.1479485244693333, 2.406305596762142, 2.118660108229002, 2.361148435182946, 2.5554086167357326, 2.3018601924659934, 2.554851767676707, 2.3789426311647834, 2.3549218272016104, 2.5844707859131204, 2.5953870437997697, 2.768565246721604, 2.288944599683994, 2.1813463730756695, 2.408725369012712, 2.550313247196344, 2.22833138182364, 3.072912761324191, 2.343471196170164, 2.2647954989219903, 2.27793240670589, 3.971559913921064, 3.9929369823096166, 2.6761773919533374, 2.4742522006289662, 2.580571708631332, 2.4835744805181736, 2.499396488997213, 3.336709819102174, 2.1639132731943373, 2.6558734154375627, 2.6959505642179904, 2.4058637427391814, 1.9488902058490476, 2.2017673688827415, 2.357145019628638, 1.945626855307792, 2.15022369626824, 2.0795931686353386, 2.2419241475315808, 2.3045667594073977, 2.6542466021996445, 2.428357218320204, 2.5118577005654625, 3.4282702850995355, 2.364018473089825, 2.0570952377080665, 2.354391599045078, 2.312832557064116, 2.3456003587910126, 2.766692258998929, 2.3317574654276654, 2.4021559874364935, 2.4950728129720616, 3.7230164526080425, 2.6099034359345175, 2.2892619923236603, 2.400101747890153, 2.2945062480686724, 2.2884837861489205, 2.4124294050013644, 2.3334400708610885, 2.4128414756650285, 2.274369331007164, 2.5428998559602527, 2.1728321966157207, 2.3533721120611557, 2.1160199391054455, 2.4518241187454306, 2.3758735439024887, 3.8027612644690008, 2.3284372115094882, 2.0254244794705265, 2.4745437831303803, 2.4440098837514825, 4.1457546968046675, 2.1721783423388183, 3.749999359076801, 2.356274732248596, 2.4977718971363916, 2.5068460005330193, 2.077945732060742, 2.1555239611314247, 2.2849623379861073, 3.2680976225838254, 2.3617541881566737, 2.197473424179364, 2.4581010515429678, 2.0370121136489594, 2.2685131558428524, 2.4625525687984138, 2.544083938328443, 2.2087966660886926, 2.5928535331863984, 2.127743557520019, 2.2600365808115828, 2.581004038706435, 2.0496406945289847, 2.270696845585848, 3.3661399480816767, 3.1507020831731243, 2.2972116984720357, 2.6668308958331752, 1.9365683233474553, 2.4384183412026044, 2.3403046556042058, 2.088058174908551, 2.1961100385771664, 2.809803946915714, 2.761536391192114, 2.0547192685767977, 2.3887467629299546, 3.7628651668315864, 2.234351109137583, 3.8145573809734508, 2.5067593397223846, 2.007947678052044, 3.6238272336069572, 2.575895373845426, 2.5163837586446034, 2.09725965943654, 2.2826681369964263, 2.7353081743944285, 1.9459936517883734, 2.3799317313996906, 3.683374407426177, 2.0097757842072017, 2.7943874273391733, 2.336420359709181, 2.3174032702735508, 2.2899840152839053, 2.471688540437096, 2.3438633129839475, 3.249235804311102, 2.1560489781956598, 3.3628482733263843, 2.0453574440868407, 1.972867923149443, 2.8320870242324583, 2.087370601766576, 2.1090372566448976, 2.1198970003521644, 2.430191673404294, 3.193423870938784, 2.843821816348565, 2.3784210821452745, 2.2689969272721986, 2.1041662029090236, 2.368519611397325, 2.659928502483953, 2.5520059233027097, 2.2170205227781725]"
-1.0,9000,0.6301584266850396,0.6301584266850396,0.0030069351196289062,0.31617001217591567,"[3, 2, 3, 4, 2, 2, 2, 4, 2, 3, 1, 2, 3, 1, 4, 1, 3, 1, 2, 1, 2, 3, 2, 4, 2, 4, 2, 3, 3, 2, 2, 2, 2, 2, 4, 2, 3, 2, 3, 4, 3, 3, 2, 2, 2, 2, 3, 3, 3, 2, 3, 3, 2, 3, 2, 3, 3, 2, 2, 2, 3, 2, 3, 1, 3, 2, 3, 3, 3, 3, 3, 2, 4, 2, 3, 3, 2, 2, 2, 2, 3, 3, 3, 1, 3, 2, 3, 2, 3, 2, 2, 2, 2, 1, 2, 1, 3, 2, 3, 2, 3, 3, 2, 2, 2, 2, 3, 3, 3, 4, 1, 3, 2, 2, 3, 2, 3, 5, 4, 3, 4, 3, 3, 2, 2, 1, 4, 2, 2, 4, 2, 2, 2, 5, 2, 4, 4, 4, 3, 2, 3, 3, 4, 2, 3, 3, 1, 3, 2, 3, 1, 2, 3, 1, 3, 2, 3, 4, 3, 2, 3, 2, 3, 2, 2, 2, 3, 2, 3, 2, 3, 4, 1, 2, 3, 2, 3, 3, 2, 3, 4, 2, 3, 3, 2, 2, 2, 2, 2, 2, 3, 3, 3, 3, 3, 2, 3, 2, 1, 2, 2, 3, 3, 3, 2, 3, 2, 2, 1, 3, 4, 2, 2, 5, 2, 4, 2, 3, 3, 1, 1, 1, 3, 3, 3, 2, 2, 1, 3, 2, 3, 2, 2, 3, 2, 4, 2, 3, 1, 2, 4, 3, 2, 2, 3, 2, 2, 4, 2, 3, 5, 2, 2, 3, 3, 1, 2, 3, 4, 3, 4, 3, 3, 2, 3, 3, 2, 4, 2, 3, 5, 3, 4, 2, 3, 3, 4, 2, 3, 2, 5, 3, 3, 4, 2, 4, 2, 2, 2, 3, 2, 2, 3, 2, 4, 3, 4, 2, 3, 2, 1, 3, 1, 4, 2, 4, 3, 1, 2, 2, 2, 1, 5, 2, 3, 3, 3, 2, 2, 4, 3, 3, 2, 3, 2, 4, 3, 3, 2, 3, 5, 2, 2, 2, 3, 1, 3, 3, 3, 2, 3, 3, 1, 1, 1, 3, 4, 3, 2, 2, 3, 2, 5, 2, 4, 1, 3, 2, 3, 4, 2, 3, 3, 2, 3, 4, 2, 3, 1, 1, 1, 1, 1, 2, 2, 3, 2, 2, 2, 3, 2, 2, 3, 4, 3, 3, 1, 1, 3, 2, 4, 3, 3, 2, 4, 2, 2, 3, 3, 4, 4, 2, 3, 1, 2, 2, 3, 1, 3, 3, 3, 2, 2, 3, 2, 2, 2, 2, 4, 1, 2, 2, 4, 3, 4, 3, 2, 2, 2, 4, 1, 2, 2, 2, 3, 2, 3, 1, 3, 3, 4, 3, 2, 2, 1, 3, 1, 1, 2, 1, 4, 2, 2, 2, 3, 2, 3, 3, 2, 1, 3, 2, 3, 2, 2, 2, 3, 2, 2, 1, 2, 3, 1, 3, 2, 2, 2, 4, 1, 1, 3, 2, 3, 2, 2, 3, 3, 3, 3, 3, 3, 2, 2, 2, 2, 4, 3, 2, 3, 4, 4, 1, 3, 2, 1, 2, 3, 1, 3, 2, 3, 3, 2, 4, 3, 2, 3, 2, 2, 1, 5, 4, 4, 2, 4, 2, 2, 1, 3, 4, 4, 2, 3, 2, 1, 2, 2, 2, 2, 2, 2, 3, 3, 2, 3, 4, 5, 2, 2, 2, 1, 3, 2, 2, 4, 3, 4, 1, 2, 3, 4, 2, 2, 2, 2, 3, 2, 2, 3, 3, 3, 3, 2, 3, 3, 2, 1, 3, 3, 3, 1, 2, 3, 2, 2, 3, 5, 2, 2, 4, 1, 1, 3, 2, 1, 2, 5, 3, 4, 3, 3, 3, 2, 4, 3, 1, 2, 3, 1, 1, 2, 2, 5, 2, 3, 4, 1, 2, 2, 3, 2, 4, 1, 3, 3, 2, 2, 1, 2, 3, 3, 2, 1, 2, 3, 3, 3, 3, 2, 3, 3, 3, 2, 1, 4, 2, 3, 2, 2, 3, 2, 1, 2, 5, 2, 2, 2, 3, 3, 2, 3, 2, 1, 1, 3, 3, 2, 2, 3, 2, 3, 4, 1, 3, 3, 3, 2, 2, 2, 2, 2, 5, 3, 3, 3, 3, 3, 4, 3, 4, 4, 2, 2, 2, 3, 2, 3, 1, 3, 3, 2, 3, 3, 2, 3, 2, 3, 2, 2, 3, 3, 2, 1, 3, 2, 2, 4, 3, 1, 3, 2, 2, 3, 4, 2, 4, 2, 5, 4, 2, 2, 3, 2, 2, 3, 2, 3, 2, 2, 4, 4, 3, 3, 4, 2, 3, 4, 4, 3, 5, 2, 1, 2, 5, 3, 2, 3, 2, 2, 3, 5, 3, 3, 2, 2, 2, 3, 3, 3, 3, 3, 3, 1, 3, 3, 1, 2, 3, 1, 2, 4, 3, 2, 3, 3, 2, 2, 3, 2, 2, 4, 2, 3, 2, 1, 3, 4, 2, 1, 3, 3, 2, 2, 3, 1, 2, 3, 3, 2, 2, 3, 2, 1, 2, 3, 5, 3, 3, 4, 3, 3, 2, 3, 3, 4, 3, 2, 3, 1, 3, 4, 3, 1, 1, 4, 2, 3, 4, 3, 3, 2, 2, 3, 2, 3, 2, 1, 2, 2, 2, 3, 3, 1, 3, 2, 2, 2, 3, 1, 2, 2, 3, 2, 2, 3, 2, 4, 1, 2, 2, 2, 2, 3, 2, 2, 3, 4, 1, 4, 3, 1, 3, 2, 2, 2, 2, 3, 2, 2, 2, 1, 3, 3, 4, 3, 1, 3, 4, 1, 3, 2, 4, 3, 2, 2, 3, 1, 2, 5, 2, 4, 2, 3, 1, 2, 2, 1, 2, 3, 2, 3, 3, 2, 2, 2, 3, 2, 4, 3, 3, 2, 3, 3, 3, 4, 3, 2, 2, 4, 5, 2, 3, 3, 5, 3, 1, 2, 3, 3, 1, 2, 3, 3, 3, 4, 4, 3, 4, 2, 3, 2, 1, 1, 3, 4, 2, 1, 1, 3, 3, 3, 2, 3, 3, 3, 1, 2, 3, 3, 1, 3, 3, 2, 2, 2, 4, 3, 4, 2, 3, 5, 2, 2, 4, 2, 2, 3, 2, 4, 2, 2, 4, 1, 3, 2, 3, 2, 2, 1, 4, 2, 2, 3, 2, 3, 2, 3, 4, 4, 5, 4, 2, 2, 2, 5, 2, 2, 4, 5, 3, 2, 2, 3, 2, 2, 3, 2, 3, 2, 2, 3, 3, 4, 1, 2, 3, 3, 2, 2, 3, 4, 1, 2, 1, 3, 4, 1, 4, 3, 3, 1, 2, 2, 2, 2, 5, 3, 2, 2, 3, 4, 2, 4, 2, 3, 2, 3, 3, 2, 2, 2, 2, 2, 2, 3, 2, 3, 2, 2, 3, 2, 3, 3, 2, 2, 3, 4, 2, 2, 2, 3, 2, 3, 2, 3, 2, 2, 2, 4, 1, 3, 4, 2, 2, 3, 2, 2, 3, 2, 3, 3, 2, 2, 2, 3, 3, 2, 2, 1, 3, 3, 3, 2, 2, 3, 3, 2, 3, 1, 2, 3, 2, 3, 3, 5, 3, 1, 3, 2, 3, 2, 2, 4, 2, 3, 2, 2, 4, 3, 1, 3, 2, 1, 1, 3, 3, 3, 3, 2, 2, 4, 3, 3, 4, 2, 3, 3, 2, 3, 3, 2, 3, 2, 4, 4, 2, 4, 2, 2, 2, 2, 4, 2, 2, 2, 4, 2, 4, 2, 3, 1, 3, 2, 3, 2, 3, 2, 4, 2, 2, 2, 3, 2, 3, 3, 4, 2, 3, 5, 2, 2, 3, 2, 2, 2, 4, 4, 2, 3, 3, 4, 4, 1, 1, 2, 2, 3, 2, 4, 2, 2, 3, 3, 1, 2, 2, 2, 3, 2, 3, 2, 3, 3, 2, 3, 1, 5, 4, 4, 3, 2, 3, 3, 3, 3, 3, 2, 4, 2, 3, 2, 3, 4, 2, 2, 2, 4, 1, 2, 3, 3, 2, 3, 3, 3, 2, 3, 1, 1, 2, 1, 3, 3, 2, 3, 4, 4, 2, 4, 1, 1, 1, 3, 3, 3, 3, 4, 2, 4, 4, 3, 2, 1, 3, 2, 3, 1, 3, 2, 3, 2, 3, 2, 4, 4, 3, 3, 2, 3, 4, 2, 4, 2, 2, 3, 3, 2, 2, 1, 1, 2, 2, 3, 4, 3, 3, 2, 2, 3, 3, 2, 1, 2, 3, 2, 1, 4, 3, 2, 1, 2, 3, 3, 2, 2, 3, 3, 3, 3, 3, 2, 2, 3, 2, 2, 2, 3, 1, 3, 3, 3, 2, 2, 3, 3, 3, 3, 3, 2, 3, 3, 3, 2, 3, 1, 3, 2, 4, 3, 3, 2, 2, 2, 2, 3, 3, 2, 2, 3, 2, 2, 1, 1, 4, 2, 3, 2, 3, 3, 3, 2, 3, 3, 2, 4, 5, 2, 3, 2, 3, 3, 2, 2, 4, 2, 2, 3, 5, 1, 2, 2, 2, 2, 2, 1, 3, 2, 4, 1, 2, 2, 1, 2, 4, 4, 2, 3, 3, 1, 1, 1, 4, 2, 4, 2, 4, 3, 3, 4, 2, 3, 3, 3, 2, 2, 2, 3, 3, 3, 2, 4, 2, 3, 3, 3, 2, 3, 3, 3, 3, 3, 3, 4, 3, 1, 4, 3, 3, 2, 3, 2, 1, 1, 3, 2, 3, 2, 4, 2, 2, 2, 2, 3, 2, 3, 2, 1, 2, 1, 1, 1, 4, 3, 2, 3, 3, 3, 2, 4, 3, 4, 2, 3, 3, 5, 2, 2, 2, 2, 3, 2, 4, 2, 1, 1, 2, 2, 2, 3, 2, 3, 3, 1, 3, 3, 3, 3, 1, 4, 3, 2, 1, 2, 1, 2, 3, 2, 1, 4, 2, 2, 3, 4, 4, 4, 2, 3, 4, 2, 4, 1, 2, 2, 2, 3, 3, 3, 2, 2, 4, 2, 2, 1, 4, 3, 3, 4, 2, 4, 3, 3, 1, 5, 4, 4, 3, 1, 4, 2, 2, 3, 4, 5, 1, 2, 4, 3, 2, 3, 2, 3, 2, 3, 3, 2, 2, 2, 4, 4, 3, 3, 3, 2, 1, 4, 3, 2, 2, 3, 3, 2, 2, 2, 1, 1, 3, 4, 3, 2, 3, 3, 2, 3, 3, 3, 2, 2, 3, 3, 1, 2, 2, 2, 3, 2, 4, 2, 2, 2, 2, 4, 3, 3, 3, 2, 3, 5, 3, 4, 4, 2, 2, 2, 2, 2, 3, 2, 2, 2, 3, 2, 1, 3, 2, 2, 1, 3, 2, 3, 2, 3, 3, 3, 3, 2, 2, 2, 3, 2, 1, 2, 2, 4, 3, 2, 2, 2, 2, 3, 3, 2, 2, 3, 5, 3, 4, 2, 2, 2, 3, 3, 2, 4, 1, 2, 1, 2, 2, 3, 1, 2, 3, 3, 2, 3, 1, 2, 4, 3, 3, 3, 2, 2, 2, 3, 3, 3, 2, 2, 2, 5, 1, 3, 2, 1, 4, 2, 3, 2, 3, 3, 2, 3, 3, 1, 3, 2, 3, 3, 3, 3, 3, 3, 3, 3, 2, 4, 3, 2, 1, 2, 4, 1, 2, 3, 4, 2, 3, 3, 2]","[2.617490857130571, 2.1627149019087377, 2.362787772583922, 2.600422088128627, 2.053528576349503, 2.295827774730629, 2.0693794759671573, 2.5536446838894262, 2.3353295893148784, 2.5259356004803615, 2.020962987186313, 2.2528538406636955, 2.8051337212626177, 2.0871606768386153, 2.2671283530601127, 2.1578856127723025, 3.044864795143268, 2.2268098807940597, 2.12802080670999, 3.6168587346697816, 2.115105533912457, 2.3585895151112974, 2.027305295773832, 4.415589065056554, 2.9819910895755415, 2.559922162658543, 2.381838203866795, 2.2378495927787045, 2.6414757437280536, 2.0669355380386825, 2.5855086696237035, 2.0504299942654716, 2.086716210347672, 2.0944745580351127, 2.5871069997612333, 2.5118581458562477, 2.6405012170453825, 2.386771304581425, 2.577497104546336, 2.1223311820858295, 2.4095663202710846, 2.926942993512647, 2.0473040363983808, 2.705160149394673, 2.1193254673975326, 2.6278170979012354, 2.2670815103371256, 2.981995155048475, 3.812053907189479, 2.2592165235867387, 2.0205594687270008, 2.4950377464270175, 2.5724726076943214, 2.389721788788363, 2.0828169149371987, 2.5841451846979693, 2.959557313685715, 2.43380497386803, 2.051905978185188, 2.3306921529750158, 3.0406898508901703, 2.382369985389007, 2.3463532351296172, 2.1291325668767365, 2.6175619814760394, 2.025173850087989, 2.4458788106942837, 2.0202039064130224, 3.0382492179440765, 2.912070137820267, 2.6308304777042175, 2.945704868071983, 2.731746544716777, 2.948252897182491, 2.3327758619099552, 2.4169809718454203, 2.1190983418662555, 2.3247230498181812, 2.5842108883212807, 2.429214895600709, 2.5714094652711434, 2.1500180637367983, 2.4415884658154288, 1.9691344993273758, 3.3507580966123163, 2.0830982776843965, 2.76483651527547, 2.483215777434587, 2.7668862137095567, 2.346226948050517, 2.108234147959571, 2.2326868483388753, 2.1649122118179887, 2.0851773356571774, 2.180719723152811, 2.6561731822620285, 2.3523115000818846, 1.9732507764544622, 2.4772071530357946, 2.527900938914, 2.3229111560476654, 2.510029254863697, 2.108252379820717, 2.251952686684908, 2.19314450658946, 2.8164669766697066, 2.609595237921343, 2.115665716350445, 2.199063959846016, 2.8367638449860966, 3.788483041851558, 2.6631927679686918, 2.1492918303981274, 3.313102403823834, 2.314833504119269, 2.906983860452952, 2.6458132904529355, 3.7071680488525773, 3.3875726145538123, 2.3710904021048718, 2.8711009001615895, 2.383567195889415, 2.702620119940205, 2.3672280015228244, 2.67436448750719, 2.2294651069692377, 2.575434958522601, 2.1240074963754956, 2.648899576725356, 4.43925944816903, 2.3217369879705436, 2.3247317589160508, 2.3049148954216263, 2.921699911624502, 2.2679597544306342, 2.456046311799432, 2.769411600874391, 3.3343041902904273, 3.7962756546040604, 2.2747049173906078, 2.131357649162925, 2.3093804729135745, 2.98120046930303, 2.4449989990565304, 2.3603321720999406, 3.120189094089907, 2.2082648099961677, 2.415774670761562, 2.3340558434931293, 2.516492010765916, 2.106292418896621, 2.5238444595514364, 3.0906011000280955, 2.483607277776081, 2.9464178790611655, 2.4097225539615383, 2.227788924073816, 3.409177824065282, 2.3973699552299825, 2.3451927698090147, 3.0461113685570824, 2.0814555981560767, 1.968976457273631, 2.3294112970323066, 2.3205828020628907, 2.3227741925685272, 1.9849327182604486, 2.6072481228821083, 2.099936692023915, 2.1762525672194273, 2.4643833574480674, 2.2456102784631824, 3.836632535344636, 2.2624153186437366, 2.4686945215051006, 2.1185993585555534, 2.555330017008222, 2.7739211689107592, 2.032789800874899, 2.457693227900529, 2.6374250009788702, 2.240364946987644, 2.4436385080595553, 2.381723506444358, 2.9155518816311354, 2.0812452795182805, 2.163267124345416, 2.3735528204482055, 2.139189111841305, 2.1161526534397725, 2.6518306546731116, 2.4039128875986413, 2.32700660665935, 2.498888474434948, 2.384412548457109, 2.3286911549633764, 2.6732100054491355, 2.6021983979577437, 2.192957783726657, 2.2500967787126793, 2.455256721815812, 2.894595127825408, 2.364287652587375, 2.6842653072712364, 2.0128669237967385, 2.4082682245830864, 2.375654803859292, 2.133966745837045, 2.2818569521024794, 2.5029845616518087, 3.2772146122039976, 1.9917177509769113, 2.628002316312445, 2.6219995482246152, 2.163308384727504, 2.216313254391161, 2.2280475176386765, 2.323715306018759, 2.220389395525601, 2.586784041106856, 2.447218666710365, 2.554742362501279, 2.3497347172634746, 2.1792533931203737, 2.5501318604931202, 2.9490271415123694, 2.3798575787144864, 3.1532293250319134, 2.1062011902405287, 2.589476562202876, 2.290939898434009, 3.298070823283876, 2.0677053944065467, 2.485711818666982, 2.2136717883183197, 3.208736139810981, 2.5106701310327835, 2.9484661451817216, 2.3642458319102166, 2.357845817243215, 3.0657816940356217, 2.4685368673525905, 2.2330967682450535, 2.296987661175174, 3.0936889483818684, 2.393058520112287, 2.4377309953789106, 3.9859073155850497, 2.529505870347304, 3.4762840638927526, 4.254867607703103, 2.2471451905509627, 2.314515311339745, 2.0397352702216787, 2.5683427440352338, 2.766211052329428, 2.6937597889745923, 2.714180515721686, 2.584428219361695, 2.3311336523140285, 2.6991270408259864, 2.959329246855685, 2.224815001114136, 2.0427443282211204, 2.4848298675722513, 2.311935162150511, 2.9643079254289324, 3.1677382703427073, 2.826584368689907, 2.6825009957413295, 3.3687173644205863, 2.2160899269900654, 2.4464770068149617, 2.2993667973458156, 3.3099115593619857, 2.504924168675043, 2.877013085294782, 2.23036546776027, 2.4014874603688687, 2.251583153127895, 3.4066770946399165, 2.2881384919589345, 2.549336000676251, 3.872575674762483, 2.321821467720965, 3.007790091784047, 2.114391801614197, 3.2791868199810157, 2.1849365969187313, 3.4935094914520146, 2.199950480895498, 2.142333501207555, 2.8574025037736295, 3.1432572075616365, 2.4471439285899423, 2.5060244237482037, 3.7112396511903922, 2.4687495085838638, 2.65936133185492, 2.327772834848055, 2.7025808267980946, 2.1629965371927917, 2.283322998472855, 4.076033575074947, 2.11761358033466, 2.553194327242949, 2.176242430471745, 2.1665986002645456, 2.5738404634972394, 2.2530121756889603, 3.5945073198656026, 2.5350427221298664, 3.6203182214060354, 2.096729690724443, 2.557916856230247, 3.056564845421064, 2.353794090061212, 2.1272564161326573, 2.0342498537368634, 3.254910623627309, 2.5016145180195406, 2.3149499680191106, 2.189613453077683, 2.612602379838984, 2.8613880078710183, 2.2442965487471747, 2.2560323022544955, 2.5753738497771947, 2.3681936605892178, 2.2452048513473297, 3.194688403890067, 2.2310520216710064, 1.9882614522322384, 2.066987045857793, 3.49537504716105, 2.2865514390661814, 2.604961237899521, 2.7959627447256175, 2.5198943085172236, 1.98893525300037, 2.2680193851350943, 2.666924069642116, 2.22077267625694, 2.548693414194646, 2.8953771610989785, 4.248916003147504, 3.0157143528888843, 2.5538842870748235, 2.4156683846409694, 2.3707163937802904, 2.17363803547829, 2.6159428260290616, 3.2687462321067047, 2.195518751440831, 3.367666608709964, 2.162244119498318, 2.319676535235925, 2.7378621587653327, 2.2549147779043412, 3.128054439223968, 1.9745809637401495, 2.4979363813672957, 2.1291462576987805, 2.5542620147125823, 2.5680327701981804, 3.123498718221703, 2.0492506653038136, 3.0532010725659915, 2.1961638172901, 1.9900619012774463, 2.4312160977854225, 2.0809616836023572, 2.1054411469253127, 2.8176378602569345, 2.044612097947198, 2.332807973176025, 2.1924704554648096, 2.2411638108112273, 2.1188591567459225, 2.6616545298826115, 2.763523140127477, 2.1243818510151193, 2.9573687989136053, 2.186248768150367, 2.7421164640596456, 4.067325129947772, 1.970216847937872, 2.297858710044163, 2.748884330851992, 2.501360615136583, 2.856641653694926, 2.872454730435283, 2.096968738420073, 2.408700166816757, 3.4652429642912677, 2.018403184830958, 2.2802311672103603, 2.1412064621976294, 2.337853406750122, 2.167672500529781, 2.8851357934929713, 2.1263865081996722, 2.5997399107273282, 2.1953029670125037, 2.228332472250732, 2.307581789635859, 2.5755053389226257, 3.237325755669382, 3.284288325550791, 2.689664762728671, 2.002379522757774, 3.8363137841237176, 2.3466918870779843, 2.257722580342733, 2.5102187927658988, 2.1830466198007827, 2.1654842297141332, 2.111004945590109, 3.726706563979584, 2.2633366521875287, 2.067530590316798, 2.228192646178494, 2.6335660167762414, 2.481331714129465, 2.799033882223136, 2.5577678366613523, 2.144631984389221, 2.426165630951493, 2.377705115040925, 2.6028654045230555, 2.401587695961844, 2.1936026702031466, 2.4091084484229643, 2.2142356062726893, 2.386277079260682, 2.063923309191075, 2.4450938907306505, 2.457262518503163, 3.0154581331956916, 2.1395234278099413, 2.761140517210493, 2.170789290052144, 2.3945637915312314, 2.4570736399255035, 2.134043459759824, 2.220898496355275, 2.525533572658336, 1.9992762319260957, 2.5342100160227905, 2.5488543334573515, 2.992528331652608, 2.264738124190007, 2.3729761311552386, 2.2198802675830835, 3.1887390491498757, 2.537210159802802, 2.914959734106613, 2.4471519244658824, 2.157981748777532, 2.047003355191091, 2.502015662456958, 2.256139727877886, 2.4229306018046155, 2.250448488497228, 2.1349471194441945, 2.245747346997885, 3.1563525631519656, 2.205586557542524, 2.8745119807889523, 2.6520057262049703, 2.2359445586359272, 2.448754249134833, 2.047524175595478, 3.1836614082518273, 2.3360393780118804, 2.038960649123485, 2.150617228530671, 2.67322907016141, 2.110611962495462, 2.049123480208647, 2.696192233262059, 2.258637308593197, 2.3973870765090384, 2.2302993443676864, 2.0250313727819615, 2.4898759199982474, 3.4242410802965804, 2.708629000706772, 2.425646728274531, 2.328967244220833, 2.1721132557103697, 3.8315069441924967, 2.1963039000195557, 2.2554971073236953, 2.153824763848723, 3.1796015859985873, 2.510733150396406, 2.4180700448315338, 2.2029632174659937, 2.701543645586402, 2.7423153321111053, 2.2822325418208846, 2.646915749235085, 2.4210325020715584, 2.073826204661165, 2.812300993786102, 2.566832948015057, 2.603041547753614, 2.3777243712685046, 2.8925649851027764, 2.3634515009608004, 2.5747495774773363, 2.2959488877847654, 3.973058736285729, 2.5828227919889892, 3.4974524043224644, 2.214333505074581, 2.084606588387833, 2.411483296573208, 2.776174265159975, 3.756669618649487, 2.5793891817509156, 2.7825496882976117, 2.076194713427625, 2.615802743299606, 2.4749341224884054, 2.235247023901817, 2.2385304083620534, 2.228689264159944, 2.523539510281573, 2.9390833456695264, 2.016857758190657, 3.3822270937626, 2.225870282026448, 2.27231090632709, 2.1540917591364894, 2.2698058867010396, 2.489335648264091, 2.125696870146967, 2.0592995058877683, 2.2926315556530414, 2.6358612508473636, 2.1535829360377763, 2.058341402722154, 2.3864015972424206, 2.5058135828138846, 4.170641489849398, 2.135631043592327, 2.148832909741557, 2.624966421742628, 2.612227642181976, 2.069916785870691, 2.24584613276071, 2.4442576823551114, 2.543577954140816, 2.3964673617098953, 2.6822339928890866, 1.9776508109053181, 2.1228344468267872, 2.7643696229456416, 2.279270177624924, 2.220656384512668, 2.3238107716873007, 2.17115303050504, 2.2856846827526525, 2.1888441622181953, 2.420347400630132, 2.1785148836384725, 2.1861613984124406, 2.743808907839123, 2.2570230843799015, 2.9639488927857576, 2.24373854613439, 2.2866367876045524, 2.3526899950091513, 2.204200276929949, 2.32921413372178, 2.752998071777235, 2.1363548823544263, 2.1728514170744226, 2.7576963794911276, 2.2845831775295813, 2.6937201076315533, 2.077465712936402, 2.755088244152979, 2.196546949541603, 4.064150522801507, 2.052832951855368, 2.47791929775259, 3.703417218622768, 2.293320510441049, 2.0449293793429737, 2.38705566296159, 2.3800999964566243, 2.2770264464490486, 2.6073716944139775, 3.9927064062428608, 2.5194905376662744, 2.5785282193077856, 2.385797982103794, 2.447329476074556, 2.146746601767527, 2.143376594485639, 3.7012939457744993, 2.7932108306696977, 2.661136507715656, 2.3167274901306163, 2.460652650573327, 2.1805173814324856, 2.1586222980105134, 3.423858119372175, 2.2358424961601018, 4.241048865549753, 2.4770529816844635, 3.4592745767675086, 3.998680571089696, 2.7276107772627114, 2.367135033016689, 2.195074837530254, 2.6838336975030286, 2.6960872662450575, 3.8993710981190315, 2.739818029354009, 2.213863895529633, 2.1346967387491196, 2.0084525218864515, 2.3167207278572635, 2.252578191821071, 2.4993453737225337, 2.853316598891043, 2.6727252950161775, 2.3496586621825792, 2.48936173074321, 2.5814169506633085, 2.528340080757025, 2.414470914512513, 2.7538083429753017, 2.4974308220105845, 2.492254522300536, 2.395092652172995, 3.0280881381607734, 2.685234667855304, 3.2910866668218377, 2.04216244611415, 3.5172618319849795, 2.0572832724142334, 2.5293442733914855, 2.2548138464452685, 2.4072471443801677, 2.75509374796202, 2.91502849603223, 2.5032144317926104, 1.9893916923741726, 3.588830821549406, 2.0564559462086436, 2.1347063974609037, 2.2408704751811706, 2.419361225815361, 2.977517272436218, 2.200348421291505, 3.3330967589560987, 2.4254613092317725, 2.2044146034054184, 2.2468647321205313, 2.3901469078613373, 2.1436202434806475, 2.350862848293704, 2.4707277076698047, 2.3201493837033778, 2.2134963280258475, 2.6888030405612704, 2.567648492582851, 2.0483742502785005, 2.2181855407335256, 2.3205277268017372, 2.5436957873608943, 2.1154009681959387, 2.7680081875301825, 2.27021348536916, 2.0262550014101994, 2.1456888307026594, 3.5011252004471527, 2.5965329428335173, 2.390459839023405, 2.6331391847086008, 2.286828931110965, 2.4177202642262263, 3.701205083317597, 2.5244516291848935, 2.527597072184099, 3.497855773023547, 2.252556640631924, 2.342297076014418, 2.110683652349307, 2.134997678089061, 2.1985580346189413, 2.745156465284191, 2.3621948289778407, 2.535820380639674, 2.309739247961605, 2.5960831003862515, 2.34407450254994, 2.5846190973552554, 2.881756121198599, 2.3824604834481353, 2.1353520754217015, 2.686414079025264, 2.3347973615360087, 1.9602793551645108, 2.499541368721853, 1.9852691562687999, 2.593622196109483, 2.350566486307166, 2.0863596909753164, 2.6427345704265153, 2.1612507743215126, 2.2845543692722035, 2.0776870872122815, 1.9977822886820902, 2.070768330378856, 2.3043855772794393, 2.6686924308697346, 2.4172162058578426, 2.7512434112252064, 2.0464621808858428, 2.928959499523039, 2.522868614432859, 3.1550975731565334, 3.709387941772432, 3.0612519288504023, 2.3452696029643096, 2.484704267438591, 2.70114839662804, 3.1357617021743227, 3.028099753715684, 2.7901087088991514, 2.3971063041327025, 2.2802859624280045, 2.252020808060186, 3.097954572143526, 2.9616027898010007, 3.246167390102027, 2.567218955172376, 2.498697416032085, 2.2421857294990497, 2.738624602290895, 2.862273051588705, 2.9111287783568844, 3.1004705157446275, 3.048188026512731, 2.1969521984906297, 2.0442336307918176, 2.2324754489631617, 4.1026699863808025, 2.1100406078690233, 2.0931507101332087, 2.368855902153959, 2.561943654507702, 2.2251483171900217, 2.4946448622996527, 4.012658523777427, 2.790192582952938, 2.6492177753659085, 2.239893350954806, 2.3339055814009906, 2.606136595758276, 2.2376277041526262, 3.873975597740275, 2.621295289026851, 2.435222565441068, 2.39636366756141, 2.3392129607345815, 2.253944863263713, 2.192301637816491, 2.306308842246839, 2.3564217915338235, 2.069281025790853, 2.2263566669750805, 2.1985116996188423, 2.1645213618181893, 3.5186965221599342, 2.2384289318292674, 4.012883952783575, 2.140261522902461, 2.244124425138536, 2.1493109870107023, 1.9854768455836633, 2.1443063219754435, 2.07987490508177, 3.0283791748168722, 3.0334411004885022, 2.2755355629241985, 2.5773178686313925, 2.397785468664454, 2.143640629688457, 2.63779833990469, 2.579897521549555, 2.456490201287194, 1.9718786840787668, 2.2475028075773977, 3.0893003075181067, 2.2398974390477484, 2.2694876513065143, 2.605732016337427, 2.580539924292749, 2.3021123042087956, 2.7553881336487076, 2.519622039739716, 2.198428727484059, 2.0007670043219354, 2.4080762182119324, 2.192653356163418, 2.3670382001088397, 2.349518859056962, 3.0986175169115873, 2.8191221494634333, 2.99833294733765, 2.78308649409757, 3.7397709987375647, 2.3150480912593103, 2.298688788154273, 2.032139592930133, 2.557081466778471, 2.6166353001096945, 4.16936280639467, 2.955075098485786, 2.266664854013616, 2.2826438634778667, 1.9966673407510167, 2.7118680552751693, 3.4929838018000012, 2.24627982365708, 2.15082435940414, 2.0471170975782558, 3.0601407428638643, 2.0512561231827755, 2.6158789931940087, 2.5857541266503334, 2.4650180294535255, 2.3784049087805794, 2.2509739944324005, 2.3797479937005557, 2.691423205133799, 2.242696699060293, 2.182064471235243, 2.2217109025210675, 2.410400316182802, 2.3336544674889934, 2.277094983646914, 2.386375432385569, 2.36302454269302, 2.017403721649049, 2.2532965647926395, 2.808247696605721, 2.7154017045383934, 2.337817539529962, 2.1265778017885673, 2.3787722037475088, 2.2983542758880535, 2.6693927147640277, 2.4782689978323873, 2.5998727875467305, 2.203409446753599, 2.315201512308128, 2.335977696691116, 2.3939173350563636, 2.233520887902117, 4.059898709953095, 2.200744283029081, 2.035427575448676, 2.3651878371266855, 2.0135924804980223, 2.199084841464758, 2.3655488241996276, 2.091384709911437, 2.760687784775722, 3.975220631877991, 2.6149032868253395, 2.4112127094205835, 2.3628450369226064, 2.0370892631097353, 2.3307453050681843, 2.6667718507060894, 2.0359398907780406, 2.404499806972798, 2.570874929182227, 2.3597291924169066, 2.1282755565780405, 3.585364261772016, 2.243986384809581, 2.2272549127933794, 3.338065946255106, 2.634399221913563, 2.7685961990748704, 2.4975275298248896, 2.4434406837217995, 2.376317137282107, 3.728065425447018, 2.1775600793661964, 2.2865511602286253, 2.3872230352075805, 4.274421753953776, 2.318193139140832, 2.0362835125161074, 2.2987774119102475, 2.580969457815884, 2.198191975170465, 2.168422647704704, 3.9982859518295544, 2.0963879051215533, 3.8193650318849657, 2.6727251764419435, 2.4353502979224966, 2.2212650039954775, 2.145821736003099, 2.030582273812469, 2.184979674874211, 2.1079042489730155, 2.1313058932297726, 2.276083561716109, 2.1904221944797735, 4.096547944615846, 2.0215424747167114, 2.0168993907438084, 2.698917393312576, 3.5217906412555853, 2.4781444215832633, 3.03852144190488, 2.5568252210790297, 3.1246248059142663, 2.0578867057103505, 2.2214882273345444, 2.2274638727350435, 2.264657509280971, 2.482533892239286, 2.0655262056691015, 2.2661770370303365, 3.8206720507130507, 2.1194446307177506, 3.69066347736966, 3.400995522725875, 2.123066720754261, 2.754298847129192, 4.332755054671016, 2.198678110818304, 2.2324233645104705, 2.160633766753719, 2.4142627681932676, 2.4919014784699236, 3.116602615822292, 2.2921134890682793, 2.419927126435516, 2.532387155273421, 2.396662085316131, 2.6820947986737846, 3.6493591369138745, 2.3138720016598278, 2.215805331621063, 2.248357750613107, 2.357226150068646, 2.301203313229994, 2.285030375659811, 2.3126278061250347, 2.580008129076244, 3.384650254190732, 2.278804159944834, 2.1460473276230463, 2.1409493981585044, 2.4647269129146014, 2.4235270130683064, 3.714714043334985, 2.515682012104706, 2.931890006385774, 2.3266536995865157, 2.4913583817629728, 2.1076238034705943, 2.8489079436897713, 2.6439176637868425, 2.8395027884474544, 2.1530628685186923, 3.6465522149084633, 2.985817710680148, 2.3620440754821224, 2.748890711433166, 2.195801839633866, 2.032394844220372, 2.4616298873619087, 3.4378726815376592, 2.2447787833895547, 1.9712129917917802, 3.2134764252278876, 2.6478641507050757, 2.1742654145401263, 3.5396212550814714, 2.596337399261176, 2.2261891180384583, 2.4875203217940864, 2.4370390557936967, 2.0753937275643266, 2.9537546915977715, 2.0319797951467073, 3.0233951273229134, 2.445282224234597, 2.4960636299170433, 2.3756484786094725, 2.270307661182191, 2.7670260456435836, 2.2263770279429234, 2.45922121586744, 3.842910334188713, 2.060018803610766, 2.2367709600900874, 2.889733665209593, 2.783348677611423, 2.4976080206769047, 2.193573054353809, 2.498311186228704, 3.6166866661488872, 3.1788964008012135, 4.134181404177247, 4.340566151576251, 2.5020831794459704, 2.7243449711852716, 2.1589125331792918, 4.157337578039693, 2.3305193398009796, 2.158137067735166, 2.8248125452452393, 3.107825954949809, 2.5971914424079414, 2.222084456466283, 2.277310775581894, 2.431180158702181, 2.2054347441832225, 2.104429165786831, 3.0539916684312853, 2.5707952730772425, 2.3115335165611457, 2.648150932470222, 2.7315345489589453, 2.2909244343570214, 2.8604430371016507, 3.087980196165199, 2.4024227714055257, 2.1043659820445324, 2.2315724962000214, 2.8376466071720867, 2.378702240376025, 2.139785647312245, 2.842321830764201, 2.620809963553761, 2.3494476535397144, 2.069187637304549, 2.2037175090861405, 3.1194695930947476, 2.3514666085259264, 3.3122044376093736, 2.585464788022188, 2.676971746570699, 2.6586004966157257, 2.2319298091998037, 2.4506903269461904, 2.037115603452026, 2.1787227947716867, 2.428864877189412, 3.97898814402775, 3.5340867901650537, 2.0039348806467157, 2.1065330738420966, 2.294721630707127, 2.5241012122074835, 2.34227711442984, 3.469718480765763, 2.325513514061977, 2.2360649192444315, 2.2301248128147946, 2.6175580573737323, 2.3788576955524086, 1.96831794871636, 2.0282882694565942, 2.10911531983108, 2.1221005091075016, 2.350801514054264, 2.324602502939346, 3.076309237756733, 2.3368408601032638, 2.239760881911617, 2.506522615574598, 2.069958690960699, 2.590748797018449, 2.1414268436477406, 2.6731752414308545, 2.341099541197863, 2.191560243830633, 2.197890462984924, 2.2548742185824544, 2.4027739371720864, 2.677094511064473, 2.986453637220351, 2.271185461638999, 2.2686901247078763, 2.582755744611258, 3.77809856767081, 2.5633611197812427, 2.70932844036031, 2.3598961158743186, 2.2024542895389696, 2.0604518627272257, 3.2221316063821974, 2.2670908405293706, 2.1999299655867905, 2.3445347597223045, 2.5701143090140586, 2.0676248097813534, 2.246767567741515, 2.1484204770628144, 2.7759627024613107, 2.3991523038082887, 3.310453536815775, 2.358313573297153, 2.3483377672986414, 2.2873368743157263, 2.576848344643058, 2.8944403105179766, 3.2815721097849355, 1.9874577992555111, 2.1546353280183097, 2.3680164619228976, 2.7531378615351714, 2.444213207203092, 2.234615275667006, 2.33392311783571, 1.9899843500757164, 2.4115554268418844, 2.115123197313599, 2.274570808174571, 2.1673579858816407, 2.321700629076563, 2.1062322819454673, 2.300750522300584, 2.8512199037506223, 2.011487375154471, 2.4595194517796513, 2.0344170641353365, 3.4587404423679766, 2.094155793446513, 2.566160503850808, 2.3526330807034195, 1.998335163333341, 2.502993423387095, 2.219570319980293, 2.2803023044838393, 2.5627944628473176, 2.0613202559775905, 3.2686900505196395, 2.4432658796320514, 3.124207784926346, 2.485278104094878, 2.492921060636903, 2.282890014497716, 2.579581990022431, 2.550486164265, 2.7793022024479743, 2.136697827455106, 2.920034980883357, 2.225701757349649, 2.501995809708044, 2.3499077230085414, 2.207875896802276, 2.140894050360494, 2.561004511269039, 2.4620450841491266, 2.2905256237590605, 3.0909466680524114, 2.158544952307825, 2.1196469724380758, 2.026477697031386, 2.7129354265986483, 2.1368786179862838, 2.5418110513057255, 2.1567051346209074, 2.370232662974849, 2.2336545868299833, 3.9052875802726748, 2.408622766677652, 2.1073831295858527, 2.6492390410901887, 2.6214314680687, 2.084331484618922, 2.2832403726531143, 2.054589373770852, 2.233929522450678, 2.2234293041829214, 2.175479690795781, 2.317202695823816, 2.5307931126551897, 2.377877581283864, 4.1540237483480755, 2.1378280675970402, 2.414446041043737, 4.079481524851099, 4.312100895492194, 2.1494019809204348, 2.314354861341747, 2.4866982853975474, 2.3688361941669713, 2.515215973989953, 3.480937728958497, 3.168407753381879, 2.0756643147169505, 2.4486513486137746, 2.780553145683246, 2.421408511619905, 2.590656989874339, 4.0906558282961285, 3.7403057669986954, 3.7504156790758287, 2.5200375131791444, 2.7764212977194, 2.036672240476191, 2.243084826730263, 2.1043312606842397, 2.3834624796678425, 2.0957246074111384, 2.16356526956328, 2.9217344139678443, 2.8779032794238883, 2.5750520625128552, 2.1065938630078236, 2.0472775342085727, 3.9936923143818044, 3.319253069016759, 2.5540331708024495, 2.4045117813318515, 2.387562401371413, 2.63359354132858, 3.0004370438685557, 1.9756501421795005, 2.967529263009055, 2.5152761677330595, 2.023977759090328, 3.2093613534088314, 2.463064615327359, 2.0032679910714433, 2.0601304239582157, 2.2943415185114056, 2.275185979167516, 2.6649720716709577, 2.3680492157537687, 2.1953571379568912, 2.8117443795778563, 2.343530934874073, 2.029906730682338, 2.29757672701186, 2.083995046610571, 2.2607310932684617, 4.0662883445636755, 2.2741069898186352, 2.806164989039725, 2.626069268155771, 2.1335621294342104, 2.048806471349727, 2.1438586846363346, 2.2511584804507945, 2.135493355439443, 2.1349114733324726, 2.1314842891843786, 2.7464105933321625, 2.551074154416288, 2.615857230872045, 2.358694422101095, 2.3250200401933303, 2.979328664117621, 2.2357357213180773, 2.8157883900967424, 2.1323418201339734, 3.1429627838416025, 2.232753190598182, 4.266593283667293, 2.5025650871522456, 2.44481062481046, 1.9902486782500541, 2.5295216017478412, 2.2264203899300634, 2.5667414323987003, 2.5307987258890328, 2.372708589360552, 3.703410102371299, 2.900678549606305, 2.0645482936763395, 2.0581425288096655, 2.81572844066486, 3.1643694311166213, 2.252028489054509, 2.251599375511543, 2.9961862316220453, 4.1759636325885765, 2.4728553370524815, 2.5420064304047734, 2.1343523397029354, 2.137924130703425, 2.0553178905570846, 2.6126675296153077, 2.1313500454530407, 3.3813875324669187, 2.4990492832363285, 3.538749680486732, 2.571034611063006, 2.459852929325573, 4.043605653629978, 3.7010862773253272, 2.3295412659607004, 2.135292211007404, 2.3318041408211405, 2.2293752974197814, 2.306193667825027, 2.537402355793359, 2.222408524997897, 2.141822786827336, 2.6860156291465502, 2.7658770971793976, 2.259216126992861, 2.224764912401662, 3.2511156704645394, 3.8428052657910694, 2.5461184366798983, 3.7302870700441497, 2.288585080489593, 2.8732466298511414, 3.82716970022973, 2.315857025232431, 2.2269340395327455, 2.128439585073215, 2.1099836586821965, 3.0793490265810792, 2.9012757239241362, 2.1385161017489724, 2.1935200573114164, 2.5550736143229376, 2.0680945375222937, 2.2391326443698847, 2.048795175104255, 2.7850434415931944, 3.684478158309526, 2.5638380252406425, 2.425397092958106, 2.2141539496221845, 2.2632154301475005, 2.4984184478614595, 2.3961532377946035, 2.5928405830433348, 2.1395134965613005, 2.156414498411227, 3.161842003354092, 2.5303874581916284, 2.314853273572487, 3.5089863642826593, 2.4928183020247396, 2.3408475861810043, 2.1009387978964384, 2.0045802190328414, 2.1353075032182645, 2.12729673320153, 2.2915444178894013, 1.935722122502217, 2.6371440540542603, 2.6310714051865496, 3.0052848594210904, 2.5894610423126365, 2.55196877326062, 2.6651052290313637, 2.507235987593282, 2.357641907936418, 2.131969463477044, 2.333308500416667, 3.0561983241429393, 3.308630460896022, 2.338324176232531, 2.318084347314657, 2.4194204135922712, 2.5059459363002405, 2.1942226408075163, 2.0695004020840377, 2.3889697806157772, 2.082558624362468, 2.627060769032465, 2.6774037706853, 2.505697470712633, 2.2505520078701853, 2.0930595921664557, 2.6112256593299503, 2.5519071711401597, 2.1119840548711575, 3.3999366869885153, 2.5247460295030395, 2.198026438619981, 2.197332532504701, 3.3114877696645766, 3.8520285261507468, 3.5942482432286824, 2.8583054558268577, 2.065333213369732, 2.078765291377554, 2.527686569533326, 2.7072992512745437, 2.3751137750822515, 2.808849831565341, 1.9993746821023999, 2.380185276461783, 2.2777711726909184, 2.0792355531370745, 2.0587475559879467, 2.5020975662843394, 2.1545906691086767, 2.2915415689334635, 3.292860660025746, 2.599843219776739, 3.567930522633122, 2.3202652418295586, 3.453715958443973, 2.6413758963360077, 3.165210738434388, 3.4403199841335104, 2.3870882152393444, 2.7190186835804013, 3.069858989843347, 2.004037995919143, 2.4891946032821535, 2.4875546839113265, 3.0334662927848193, 2.4266515386113077, 2.4543038324393462, 2.4448745073704834, 3.145516601686229, 2.5311542756524816, 2.483605572764907, 2.2758095337612523, 4.205090140949526, 4.239525555606976, 2.7413960553148873, 2.1912070437862785, 2.55561863008328, 2.525829009893445, 2.4161365243607746, 2.2786182872889924, 2.547242138716547, 2.300026119236062, 3.6519677904331918, 2.507397974454238, 2.1066118223321126, 2.221002107855787, 2.5650662486289857, 2.9530810339651437, 3.021487214926009, 2.9694158717609187, 2.1712854487874957, 2.9197768799272685, 2.4825657461812134, 2.5832696944240854, 2.3399917636288237, 2.077309388821842, 2.9091891750515604, 2.247437353315548, 2.561114813242012, 2.2373585431736203, 3.995796254366537, 2.2432285005582946, 2.419426400033701, 3.237065310393986, 2.2069509077471094, 2.4380166460072905, 2.0804798082030302, 2.6135289207512122, 2.227562343346011, 2.8767240676802834, 2.315487496060253, 2.2063516381249255, 2.6129666718165208, 2.7997730227750344, 2.1102240410908153, 2.3742695294401663, 2.4378844453856043, 2.0207884556334212, 2.404279233391327, 3.3430348989071104, 2.1572375134995707, 2.4870975549721264, 2.2655682734955134, 2.2428624903521297, 2.458260317266555, 3.7833797645800606, 2.299175660887172, 2.9706003486176735, 2.493163478379041, 2.3292164478928554, 3.970752930913121, 2.934737603537932, 2.2950171856985575, 2.558304351943924, 3.1353885224924194, 2.7686435238505123, 2.0228058863952425, 1.9717984657636083, 2.481594649095414, 2.679160082947968, 2.6270590030561607, 2.257634970117431, 2.3293455073533664, 2.039145279633563, 2.0419694101632557, 2.08191947688029, 2.545507367624416, 2.680156242893932, 2.4337035088300483, 2.7020302050833083, 2.3436108731457224, 2.0849954355804328, 2.1953782487312066, 2.2572033164696848, 2.0469865931550877, 2.1642297441273173, 3.0870702278205595, 2.3763800217521864, 2.440477667750937, 2.4925945780297663, 2.781259285495424, 2.4032782799496117, 2.286352410373158, 2.272527974749899, 2.7141534451148615, 2.793319707446991, 2.157648927056853, 2.669052056730222, 1.980599731953606, 3.841307732597311, 2.557537425434989, 2.7996978461126574, 2.8496169270795164, 2.5059472883690614, 2.693874977800609, 2.5857726062480406, 3.547475528889505, 2.0088272731199526, 2.1881990590181015, 2.1484776743636833, 2.088791259427054, 2.842032047960326, 2.5832533151160235, 2.2305160172331413, 3.057547667124692, 2.870807509717635, 2.206243787369489, 2.2253590399283487, 2.6898251611288213, 2.1515295622045625, 2.265103348275398, 3.390989152740305, 2.0784136927220156, 2.9368610622876936, 3.687942320388526, 2.374580776295964, 2.076421000913669, 2.3796460742832077, 3.5341197780597646, 2.110970224229817, 2.3465250932683808, 2.3136874511155754, 2.048034233772973, 3.485659640409303, 2.2870147603855235, 2.154489258847424, 2.2524985390142893, 2.949755196142342, 2.1771092671907706, 2.465657646597855, 2.0799042055090093, 2.2609783664352765, 4.062282333472741, 2.2662886125203086, 3.4441559802878396, 2.2572891619832203, 2.1371609054849108, 2.2160444300351996, 2.2912401862270624, 2.337583178840551, 2.4297071616027757, 2.236995777750989, 2.4295069870498844, 2.4845318231945472, 2.5279954411034513, 2.3201263563883887, 2.374043546797927, 3.0986544770892173, 3.048925245557105, 2.034886525200449, 2.395681778746797, 2.2373441886421994, 2.1430454970048443, 3.626790981539501, 2.367258807052984, 2.538983550019614, 2.4061598206164376, 4.165447835107468, 3.7631713140223484, 3.0354361879099443, 2.475629698883992, 1.9821011314641837, 2.452019254290611, 2.636372156052178, 2.2397722892861003, 2.1644739909376507, 2.674996575316673, 4.170876158353444, 2.1929719181431753, 2.0484911879366456, 2.263309686366028, 2.4311394509004587, 2.251370972286483, 2.0794944399436956, 2.364415008801588, 2.677842870642438, 2.3402973509792964, 2.4963712467400065, 2.212077541407, 2.198871451613003, 2.4746529171417007, 2.573011114886141, 2.7165604688868425, 2.843954971935444, 3.071877309807817, 2.6087187059059906, 2.2471284285149595, 2.287819380728681, 2.752888825571694, 2.5864472636740605, 2.3027537900654917, 2.1127548604132653, 2.199977453017698, 2.314014851903201, 2.703396584221355, 2.1196408937188647, 2.4086965749518994, 2.1947621600538136, 2.3124266616929954, 1.9671853139978541, 2.2897751527388763, 3.12435812116627, 2.6971860074018803, 2.1327225578089046, 2.462302280078537, 2.120823906823162, 2.3261550621511855, 2.559614879549223, 2.2731936670368857, 2.527350411568484, 2.4556342849246673, 2.3743811221237303, 2.538137426444502, 2.8828283769409517, 2.698568936398708, 2.2333159453398967, 2.1751657753311586, 2.331764220785816, 2.44159598940926, 2.22960265813709, 3.2842053676586644, 2.3824792808176576, 2.287010918930429, 2.2995791706960684, 3.707086097106636, 3.714736508589267, 2.799331630450439, 2.4507658290070493, 2.502956927357855, 2.4884655477600752, 2.5140309759811994, 3.133439552815179, 2.1513514899449904, 2.928984031729292, 2.756623264021459, 2.765392625112113, 1.9796658470905673, 2.2325301649812626, 2.3212649516923034, 1.9927776236468313, 2.133646864365656, 2.1049526533046463, 2.2504061005468166, 2.2513641734285876, 2.561202967655492, 2.6152442665404774, 2.460603778993904, 3.279688291094557, 2.390826774747281, 2.0721654417515354, 2.3089725054227013, 2.320963892680175, 2.3054009944657206, 2.7262159742000787, 2.333880114651952, 2.373653918948899, 2.468961832711007, 3.6886049953011173, 2.5293107123566947, 2.2478824271635864, 2.5985374298553916, 2.2846436074522547, 2.3296026820818314, 2.386319095479701, 2.3303700501191478, 2.387732448237484, 2.2562697041435027, 2.7071553971874374, 2.1821624799601915, 2.318274478346133, 2.1688195156357293, 2.428376420303516, 2.4214442543950034, 3.565288424764774, 2.3261687107978997, 2.026039775423267, 2.726916492903683, 2.375289912031313, 4.269888786538596, 2.2937776101329295, 3.5618706932203223, 2.3833217451634847, 2.519040325341291, 2.4931983960474766, 2.1042833691528022, 2.1663626863736654, 2.251891241316457, 3.1225483433620234, 2.43168259980211, 2.2307857159486373, 2.437730522914598, 2.0587786854833814, 2.210577970964618, 2.4846253031414807, 2.5372016802063198, 2.203286418265384, 2.570418060995636, 2.173582328437227, 2.237783072792243, 2.517570103424697, 2.0655966167926403, 2.278661770381526, 3.3094359687813686, 3.037930404153938, 2.2857427180987546, 2.63649207624585, 1.974659984767022, 2.588302585987634, 2.346562188770582, 2.0939540905730794, 2.182007366501599, 3.0947832291760884, 2.7188542200339287, 2.0515348188165445, 2.381713908759133, 3.9151377167965657, 2.182261830465111, 3.7357940593387653, 2.7113808879236734, 2.0469710284073703, 3.6679989758107636, 2.6403622731095733, 2.50386294020975, 2.1173576331783237, 2.3289024795243813, 2.670745972788975, 2.023489185064165, 2.368416584825495, 3.450070749176576, 2.0332761724558504, 2.7244804938741694, 2.3449841628097037, 2.279508165456971, 2.2795820373213647, 2.444284739656444, 2.3532357496194303, 3.10357189440563, 2.2197122895634323, 3.4721388929086876, 2.076606580597991, 1.9894069845850333, 2.791797868146508, 2.108112297091261, 2.1181604929672955, 2.1357639425920674, 2.389467045221012, 3.4615326292979183, 2.774472874703892, 2.444927431344602, 2.259842705360289, 2.114935643032874, 2.378217859271115, 2.6089671897287725, 2.9171448571071448, 2.216239346212466]"
0.1,9358,2303663.375958292,2303663.375958292,0.04182744026184082,399.6667737630268,"[2, 3, 2, 2, 3, 3, 3, 3, 3, 1, 3, 2, 3, 3, 2, 3, 3, 2, 2, 2, 2, 2, 3, 4, 4, 3, 2, 2, 3, 4, 2, 1, 2, 2, 3, 3, 2, 4, 2, 2, 3, 2, 2, 2, 1, 2, 2, 2, 1, 2, 1, 2, 1, 2, 4, 2, 3, 3, 2, 1, 2, 2, 3, 4, 1, 2, 3, 3, 2, 2, 1, 4, 1, 2, 3, 2, 2, 2, 2, 2, 2, 3, 2, 2, 2, 2, 4, 3, 3, 3, 3, 5, 3, 2, 1, 3, 2, 3, 2, 3, 2, 3, 5, 3, 3, 2, 3, 3, 2, 2, 3, 2, 2, 3, 2, 3, 3, 2, 2, 3, 4, 1, 2, 3, 3, 3, 2, 2, 2, 2, 2, 3, 2, 5, 3, 2, 2, 3, 3, 2, 1, 3, 2, 2, 3, 2, 2, 4, 3, 2, 1, 1, 1, 2, 3, 3, 3, 3, 2, 2, 2, 2, 5, 2, 2, 5, 1, 2, 5, 2, 3, 3, 3, 1, 1, 2, 3, 2, 2, 2, 2, 1, 2, 3, 2, 4, 2, 3, 5, 2, 1, 2, 4, 3, 3, 2, 3, 3, 3, 2, 2, 3, 3, 2, 2, 3, 2, 2, 2, 3, 4, 4, 2, 3, 3, 1, 3, 3, 4, 2, 1, 2, 3, 2, 1, 2, 2, 3, 1, 4, 2, 3, 2, 2, 2, 2, 2, 1, 2, 3, 2, 3, 3, 3, 4, 2, 3, 2, 3, 2, 3, 3, 4, 3, 2, 3, 3, 4, 2, 2, 2, 4, 2, 3, 1, 2, 3, 1, 2, 1, 3, 1, 2, 1, 3, 2, 3, 2, 4, 3, 2, 2, 3, 3, 2, 2, 2, 1, 2, 2, 4, 2, 3, 3, 2, 2, 4, 3, 3, 2, 2, 2, 2, 3, 3, 2, 3, 2, 2, 4, 2, 3, 2, 3, 2, 2, 2, 2, 3, 2, 3, 1, 3, 2, 4, 3, 2, 3, 3, 2, 4, 2, 3, 3, 2, 2, 2, 3, 2, 3, 3, 1, 3, 2, 3, 3, 2, 3, 2, 2, 2, 2, 1, 2, 1, 3, 2, 3, 2, 3, 3, 2, 2, 2, 2, 3, 2, 3, 2, 4, 1, 3, 2, 2, 3, 2, 2, 3, 3, 4, 3, 3, 3, 3, 3, 2, 2, 1, 3, 2, 2, 4, 2, 2, 2, 5, 2, 2, 4, 4, 4, 2, 3, 4, 2, 4, 2, 3, 3, 3, 1, 3, 2, 3, 2, 2, 4, 1, 3, 2, 3, 4, 3, 3, 1, 3, 2, 2, 3, 2, 2, 2, 2, 2, 3, 2, 3, 2, 3, 4, 1, 2, 3, 3, 2, 3, 3, 2, 3, 4, 2, 3, 3, 4, 2, 2, 3, 2, 3, 2, 2, 3, 3, 4, 3, 3, 2, 3, 3, 2, 1, 3, 2, 2, 3, 4, 3, 2, 2, 2, 2, 1, 3, 4, 2, 2, 5, 2, 4, 3, 3, 3, 3, 1, 1, 5, 3, 3, 3, 2, 2, 1, 3, 2, 4, 3, 3, 2, 3, 2, 2, 2, 3, 1, 3, 4, 3, 2, 2, 3, 3, 2, 2, 4, 2, 2, 5, 2, 2, 3, 3, 1, 2, 3, 1, 3, 4, 3, 1, 2, 3, 3, 2, 4, 2, 3, 3, 5, 3, 4, 2, 3, 3, 4, 2, 3, 2, 5, 3, 2, 3, 1, 4, 2, 2, 2, 3, 2, 2, 2, 3, 3, 3, 3, 4, 2, 3, 2, 1, 3, 1, 4, 2, 4, 3, 1, 2, 2, 2, 1, 5, 2, 3, 3, 3, 2, 2, 4, 2, 4, 3, 1, 2, 3, 2, 4, 3, 3, 1, 3, 5, 4, 2, 2, 3, 3, 3, 2, 3, 3, 2, 2, 3, 1, 1, 3, 3, 4, 4, 4, 2, 2, 3, 2, 5, 3, 2, 2, 4, 1, 3, 3, 2, 3, 4, 2, 3, 3, 2, 3, 4, 2, 3, 1, 1, 1, 2, 2, 4, 2, 2, 3, 3, 2, 2, 3, 2, 2, 3, 4, 3, 3, 1, 1, 3, 2, 4, 3, 4, 3, 3, 4, 2, 2, 3, 3, 4, 4, 2, 3, 1, 3, 2, 3, 1, 3, 3, 3, 2, 3, 2, 3, 2, 2, 2, 2, 4, 3, 3, 3, 2, 2, 4, 1, 3, 2, 3, 4, 3, 3, 2, 1, 2, 1, 1, 2, 2, 2, 3, 2, 5, 2, 2, 2, 2, 2, 3, 3, 3, 2, 2, 4, 1, 3, 2, 3, 3, 3, 2, 2, 4, 3, 2, 3, 4, 1, 2, 2, 3, 4, 2, 4, 2, 4, 5, 4, 2, 1, 4, 1, 1, 1, 3, 2, 2, 2, 3, 4, 3, 3, 3, 2, 2, 3, 1, 1, 4, 1, 4, 2, 2, 2, 3, 2, 2, 3, 3, 3, 3, 2, 3, 2, 2, 5, 1, 3, 1, 3, 5, 4, 4, 1, 2, 1, 5, 2, 4, 2, 1, 2, 1, 2, 3, 3, 2, 2, 3, 3, 3, 3, 2, 3, 3, 2, 3, 2, 2, 3, 2, 3, 1, 3, 3, 2, 2, 1, 3, 3, 2, 3, 2, 3, 5, 3, 3, 3, 1, 3, 2, 2, 3, 3, 1, 3, 2, 2, 2, 3, 2, 2, 2, 2, 2, 4, 3, 1, 2, 2, 3, 4, 2, 2, 5, 5, 2, 2, 2, 2, 3, 2, 4, 3, 3, 3, 3, 5, 2, 1, 2, 1, 3, 2, 2, 2, 3, 3, 2, 3, 1, 3, 1, 2, 3, 4, 2, 2, 2, 2, 3, 2, 4, 2, 3, 2, 1, 3, 2, 2, 3, 1, 3, 2, 2, 2, 1, 2, 3, 5, 3, 4, 3, 3, 3, 4, 2, 3, 1, 3, 4, 3, 1, 4, 3, 3, 2, 1, 2, 2, 3, 4, 1, 2, 2, 1, 3, 2, 1, 2, 2, 2, 3, 4, 1, 3, 2, 4, 2, 3, 2, 2, 2, 3, 3, 4, 3, 4, 2, 1, 5, 2, 2, 2, 1, 2, 1, 3, 3, 3, 2, 4, 2, 3, 3, 3, 2, 2, 4, 3, 2, 2, 2, 2, 3, 3, 3, 4, 4, 3, 2, 3, 3, 2, 1, 1, 3, 3, 3, 3, 1, 3, 3, 3, 2, 2, 3, 4, 3, 2, 2, 4, 2, 2, 3, 3, 2, 2, 3, 2, 4, 1, 3, 2, 3, 2, 2, 1, 4, 2, 2, 3, 2, 3, 2, 3, 4, 4, 5, 4, 2, 2, 2, 5, 2, 4, 4, 5, 3, 2, 2, 3, 2, 2, 3, 2, 3, 2, 2, 3, 3, 4, 1, 5, 3, 3, 3, 2, 2, 3, 4, 1, 2, 1, 3, 4, 1, 4, 3, 1, 1, 2, 2, 2, 2, 5, 3, 2, 2, 3, 1, 4, 2, 4, 2, 3, 2, 3, 3, 2, 2, 2, 2, 2, 2, 3, 2, 3, 2, 2, 3, 2, 3, 3, 2, 2, 3, 4, 2, 2, 2, 2, 2, 2, 2, 3, 2, 2, 2, 4, 1, 3, 4, 2, 2, 3, 2, 2, 3, 2, 3, 3, 2, 2, 2, 2, 3, 3, 2, 2, 1, 3, 3, 3, 3, 2, 2, 3, 3, 3, 2, 3, 1, 3, 3, 2, 3, 3, 5, 3, 1, 3, 2, 3, 2, 1, 4, 2, 3, 3, 2, 2, 2, 3, 2, 3, 2, 1, 1, 3, 3, 3, 3, 2, 2, 4, 3, 3, 2, 2, 3, 3, 2, 3, 3, 2, 3, 2, 4, 4, 2, 2, 4, 2, 2, 2, 2, 4, 2, 2, 2, 4, 2, 4, 2, 3, 1, 3, 2, 2, 2, 3, 2, 4, 2, 3, 2, 3, 3, 2, 4, 3, 3, 3, 4, 2, 3, 5, 2, 2, 2, 2, 2, 2, 4, 4, 2, 3, 3, 4, 4, 1, 1, 1, 2, 2, 3, 2, 2, 2, 2, 3, 3, 1, 2, 2, 2, 3, 2, 3, 3, 2, 3, 2, 3, 2, 3, 1, 5, 4, 4, 3, 2, 3, 3, 3, 3, 3, 2, 4, 2, 3, 2, 3, 4, 2, 2, 2, 4, 1, 2, 3, 3, 2, 3, 3, 3, 2, 3, 1, 1, 2, 1, 4, 3, 2, 3, 4, 4, 1, 2, 4, 1, 1, 1, 3, 3, 3, 3, 4, 2, 4, 4, 3, 2, 1, 3, 2, 3, 1, 3, 2, 3, 2, 3, 2, 4, 4, 3, 3, 2, 3, 3, 3, 2, 1, 2, 2, 2, 3, 2, 2, 1, 1, 2, 2, 3, 4, 3, 3, 2, 2, 3, 3, 2, 2, 2, 3, 2, 1, 4, 3, 2, 1, 2, 3, 3, 2, 2, 3, 3, 3, 3, 3, 2, 2, 3, 2, 2, 2, 3, 1, 3, 3, 3, 2, 2, 3, 3, 3, 3, 3, 2, 2, 3, 3, 3, 2, 3, 1, 5, 2, 4, 2, 3, 3, 2, 2, 2, 2, 3, 3, 2, 2, 3, 2, 2, 1, 1, 4, 2, 3, 3, 3, 2, 3, 2, 3, 3, 2, 4, 5, 2, 3, 2, 3, 3, 2, 2, 2, 4, 2, 2, 3, 5, 2, 2, 2, 2, 2, 2, 1, 3, 2, 4, 1, 2, 3, 1, 2, 4, 4, 2, 3, 3, 1, 1, 1, 4, 2, 4, 2, 4, 3, 3, 4, 2, 3, 3, 3, 2, 2, 2, 3, 3, 3, 2, 4, 2, 3, 3, 3, 3, 3, 3, 3, 3, 3, 3, 4, 3, 1, 4, 3, 3, 2, 3, 2, 1, 1, 3, 3, 2, 3, 2, 4, 2, 2, 2, 2, 3, 2, 3, 3, 3, 2, 1, 1, 1, 4, 3, 2, 3, 3, 3, 2, 4, 3, 4, 2, 3, 3, 5, 2, 2, 2, 2, 3, 2, 4, 2, 1, 1, 2, 2, 2, 3, 2, 3, 3, 1, 3, 3, 3, 3, 1, 4, 3, 2, 1, 2, 1, 2, 3, 2, 1, 4, 2, 2, 3, 4, 4, 4, 2, 3, 4, 2, 4, 1, 2, 2, 2, 3, 3, 3, 2, 2, 4, 2, 2, 1, 4, 3, 3, 4, 2, 4, 3, 3, 1, 5, 4, 4, 3, 1, 4, 2, 2, 3, 4, 5, 1, 2, 4, 3, 2, 3, 2, 3, 2, 3, 3, 2, 2, 2, 4, 4, 3, 3, 3, 2, 1, 4, 3, 2, 2, 3, 3, 2, 2, 2, 1, 1, 3, 4, 3, 2, 3, 3, 2, 3, 3, 3, 2, 2, 3, 3, 1, 2, 2, 2, 3, 2, 4, 2, 2, 2, 2, 2, 4, 3, 3, 3, 2, 3, 5, 3, 4, 2, 4, 2, 2, 3, 2, 2, 2, 3, 2, 2, 2, 3, 2, 1, 3, 2, 2, 1, 3, 2, 3, 2, 3, 3, 3, 3, 2, 2, 2, 3, 2, 1, 2, 2, 4, 3, 2, 2, 2, 2, 3, 3, 2, 2, 3, 5, 3, 4, 2, 2, 2, 3, 3, 2, 4, 1, 2, 1, 2, 2, 3, 1, 2, 3, 3, 2, 3, 1, 2, 4, 3, 3, 3, 2, 2, 2, 3, 3, 3, 2, 2, 2, 3, 5, 1, 3, 2, 1, 4, 2, 3, 2, 3, 3, 2, 3, 3, 1, 3, 2, 3, 3, 3, 3, 3, 3, 3, 3, 3, 2, 4, 3, 2, 1, 2, 4, 4, 1, 2, 3, 4, 2, 3, 3, 2]","[863.9090900885119, -40.92917808964904, 197.59865222067077, 1017.2670894741577, 481.3389275242858, -1477.199341433501, 1328.8197173315727, 162.2658887627244, -45.28037200061647, 237.61355491831426, 667.2751590882815, 857.5633622096445, -4336.256536663332, 642.9548415687569, 273.0143126771898, 316.89064011658064, 973.9640066052345, 467.05769201419025, 191.70742596510337, -1870.746419715339, 236.44953298072602, -403.81373150211846, 1179.7493076286028, 1178.6982471353015, 90.38984386519257, 535.126585711767, 925.9104779359643, 208.6159416941965, -291.0870915210578, -3883.8255299671873, 478.43949688159466, 443.150140757154, 108.6558927347242, -371.56930198101134, 1385.4942450276135, 1225.614137769051, -3384.0797140176064, -2880.467112584855, 426.1105607099346, -51.8866850946884, 795.0801804443795, -225.74319053326383, -102.85557401712708, 2158.863625474267, 143.23718849728414, -441.30680977660984, 71.82551213272023, 217.28868545542016, 3.875564407194645, -4056.4408577869062, 174.24366709238396, 236.40482812775457, -157.0006017744177, -465.2995658227842, 1877.6417830731443, 884.1377330854206, 90.70256572454349, -1697.7833435686837, 540.559709087845, 835.5319568370761, 1404.039603758564, 380.8647704708849, 1229.8144286613947, 4746.004735017652, 203.52082874123755, 804.1462480153332, -88.98622726648023, -68.37795781413769, 116.7700928030103, -635.4180646503577, -221.14722655021717, 991.7014961496345, -5102.863974486978, 1063.5498825340303, -341.2143992522289, 1037.7320977984275, 1165.0796265361867, 342.060688837678, 397.6639808514934, 661.7504489716819, -1112.8109646293028, 5111.634770966178, -1153.6208548111172, 105.10694420448081, -1971.3254416841291, -15.967272753576424, -3040.5991306082524, 674.8160453903141, 1964.7398898570023, -1900.885969419765, 2291.0336737742277, 4045.4022956348194, 1706.2753121451774, 368.75090006054245, 1812.4800503037693, 227.21392155394636, 700.5281761239098, 143.96670227973198, 1171.4056324856133, 46.547376846048905, 1139.4550784765459, 1031.195434446356, 392.8285702276628, -199.32047320432287, 50.301157989285855, 373.19761893231373, -1066.2758411709642, 631.9847941891433, 812.0955000118137, 195.21439339552518, 271.8164282161183, 152.03383396720716, -65.25001089377776, 1841.1436428555726, 1519.838691231803, -1818.4481622914218, -74.78020363460865, 1321.2253928195137, -1535.0056209163147, 3499.3256670451124, 5802.60953758312, -85.74851694670747, -103.85398240015678, 227.22772114080135, 488.2562330898183, 1426.7445338214966, 685.1717326405682, 112.10637596121444, 95.62518683239557, 90.37133861542657, 26.362028837478704, 945.8607722019851, 764.4709602571072, 1672.6771222403795, 5777.819668617614, -561.9314095300447, 915.5978315039507, -330.6472514259044, -49.82713959130331, -146.37641615237226, 131.3288544898736, 370.75165936266256, 47.79674920141093, 94.71043310680994, -924.5565922133901, -49.05734275412016, 523.9196322121107, 3472.5771678096494, -1866.9167039774493, -466.382597318697, 21.743634255706183, -384.5201386905894, -42.580894121754454, -18.336629961064943, 161.71779144316736, -956.605485706486, -397.439898433023, 1557.6486716338577, 641.7908196311687, 467.38119906051617, 615.2193890983423, 735.7535397102827, 1206.9875399204993, -305.7398607099582, 149.06862206164544, -1810.8612121553415, 417.4252216252172, 524.6700699026035, 435.59119913760543, 666.5441023200411, -45.46774865907446, 114.67012196575553, 641.1397634374484, -65.02509384127671, 903.7178504378516, 557.6633389068083, 1119.821717951062, -13.213197240151771, -326.2938206892427, -288.6174439709531, -252.56128428912484, 866.9040192292962, 98.02635269991194, -960.2253713666382, 1575.720615841181, 301.48273655153616, 174.65530782806616, 1607.5662479953285, 5746.719233828264, -1205.6728135366538, 409.4494646579772, -474.63100520200214, 1623.924164894721, -232.20001506180665, 2460.640224900717, 1868.4165133234235, -123.83602368558809, 2594.9899370538183, 462.4020194191188, 947.8289427124519, 119.12570564524634, -2193.659542143248, 251.59587007682427, 618.8205842617338, 1159.3666329463072, 679.5837070404448, -2349.363244493601, -241.37695475467342, 1237.572263637739, 798.7235523563146, -676.0094348141135, 5766.910968919532, 195.82772324730803, 1050.6210501003625, 1534.3643626800083, -56.969531788180234, 1532.768439296689, 7.106186428205945, 1275.3597822772704, -3294.7259537706536, -2115.9906151538007, 947.413393178381, 297.1621148366551, 439.59204565775224, 756.7540597503917, 826.5542216835325, 650.8711108295503, 3423.5229911250062, -1268.3449581144996, 910.7265475279253, 531.7388312226026, 882.8576989181953, 664.004919495288, 754.6988908673529, 785.5359970349714, 121.3087926320203, 570.5444303335248, 445.3193541190909, -967.4461590574217, 291.3570781947158, 224.01752456648558, 207.36262680277383, -504.31670230566715, 902.2983832112623, -846.1801099239469, 1057.1984185356687, 318.01643926295526, -524.8791433713573, 1335.6755204978588, 37.503790688482525, -246.6315662800131, 164.83641780858449, -4481.265206077976, -1498.9431339593393, -43.39303228406965, -150.09313204843227, -1106.4610350008068, 955.0170151821205, -22.10843498865603, 575.2381584067747, 76.53282309291416, -225.83260023920673, -370.71723868556614, 1073.116737714175, 242.40612075542094, -416.79709976967376, 2400.170209236783, -46.39976753015651, -82.61227973003292, -165.48743782499383, -58.85637075862064, -111.69798833632177, -25.710567173519678, -737.503788619533, 4637.97017533405, -1015.6247847033496, 850.4136765669379, 48.288502584097216, -157.3943198000594, 576.3310086462968, 23.76379541864287, -335.1172763873677, -104.48368069522263, 539.9075295394501, 294.9102748100942, 668.4211574141987, -41.391128237021064, -155.94786270708272, 184.42053493075213, -326.5126224679344, -1454.4377570659015, 636.283853649558, 750.809568386151, -670.7272737032135, 394.4066656270719, -2770.8241342334054, 280.57328009725245, -547.4117795714014, -1210.6075125801592, 47.260348199429075, -2309.114244455574, 575.1622360469146, -227.69576278203647, 560.3134418190645, -265.4651795919151, -214.03890688503668, 3359.7810971624185, 511.3690786241226, -373.43425096388717, -1381.2041416745742, 546.3193963326239, 697.4179500962697, -73.4313019602447, -5108.25260503037, -322.33980472910605, -458.6567717614563, 201.38027158492986, 1143.9789359336482, -84.83734114387903, 1459.7534633422745, 27.240539870007296, 523.0447060667204, -3084.347279214709, 268.6106154055367, -4038.2305422292484, 237.6823079581012, -1713.496620125983, -400.55961689815445, -2070.914249733712, 2002.1893530745315, -135.24043121578688, 2388.3802104885835, 96.87282740499924, 325.2170428580606, 152.35055797221412, 195.8415800678389, -690.6014785879707, 88.46370702754737, 1296.6475018393812, 653.0166152724695, 940.726895665131, 153.46006072016297, -2697.413277756463, -71.68036188552833, -58.07177453885333, 363.8356702430865, 36.64212964616911, -85.43811610153818, 118.49604766943901, 84.7419186616795, 466.7115040416667, -75.73971944684183, 596.2422699832971, 68.6522308801159, 600.0214348483688, -215.28770929850702, 179.07594147282094, 654.2345478779368, -2449.468676666805, 572.2775184975981, 1279.8870455018982, -148.7308717422036, 353.0179163660352, 503.97290116777737, 1059.489170511207, -630.8584199747384, -307.6297356553723, 130.98908906067538, 34.39443987912534, 743.7305412601423, -230.9905563960382, 950.6412151045554, 106.6605024750321, 4965.3046756070735, 390.30494525669576, 123.80365633718975, 953.3514275372513, 421.08924975161824, 1594.887378062741, 580.7724177213895, 928.2075715461414, -876.8444192427503, 1237.824549077231, 74.98928430609908, 2039.087523509833, 4835.77914716353, -175.34355608890945, 326.22393004273897, 571.4020221376328, -50.68567836691972, 1905.7037304467344, 2481.3870566035953, 745.5865513973165, 218.31622930625457, 562.1669974570511, 2431.8110658300925, -89.20569224316853, 317.40217238970024, -1914.0697655980157, 4492.010278372466, 1071.3670277936917, 374.16818909432135, -4.9451629682673115, -724.2017715615789, -57.24875343364613, 317.88517954732833, 381.63058904121056, 96.85525698311156, 925.0253984587915, 2504.2644312279954, 6.480986254114953, 972.6946553012625, 664.0521406506359, 243.72245941889219, 4.584690777448884, 2094.4853151431453, 642.1868929748091, 80.05589868911079, -4305.892794926539, -1461.2386449049204, -1253.9907005409177, 3678.110460063558, 485.9227417272907, 858.1608219883312, 159.0822991190438, 3615.633692025223, -81.90287159834008, 50.34201356230136, 152.4765539547904, -888.6141236558542, -4327.6662075464465, -541.1040621710246, 206.13415687152633, -3869.999910164466, 251.7734832132757, -1191.0360360530517, 341.356732781798, 416.230366174738, 153.0329101177465, 775.9243609543136, -398.5253844273183, -8.292939660139098, 1259.9797103508563, -368.3324479530306, 103.22464932748, -793.4962586816648, -298.84559455654335, 316.00521036413386, 1074.63473742823, 1567.0236138874425, 627.6406461544427, -1002.6965988234301, 1035.3555593087563, 32.09894648841697, 692.2112612314595, -3311.142718401817, 1224.2518559788919, 396.65139585199205, 1387.7903482277823, 43.7905775794743, 555.4175926511778, -846.3900229447115, 1207.1284115386984, 1460.9821407242953, 232.4727660805565, 1251.534623907958, -384.1608613401638, 158.05408750069978, 1032.8502247606202, 1306.8285619769663, 915.4366969813045, 320.30053702401784, 454.616267776829, 984.8079746962038, 288.39806457739996, 4487.452047695739, -86.40060369068772, 192.02375145656316, -15.73629767989047, -586.9431024116163, -593.9431705018927, -236.30870670615263, -1234.887341989043, 4975.558684315529, 293.9972168448384, 1590.3404575185104, 1042.3410261966214, 422.6759478481723, -177.01922933648234, 1429.5148993307673, 1408.8119921916903, -243.6945188104287, 811.6388494384007, -238.4343767643528, 276.8143419318741, 1019.3237505316463, 414.8888246294862, 350.4004334067164, 874.4638594727738, 679.3760595403813, 327.78181685542177, 3114.304992001399, 334.3204432097119, -657.832821359876, 814.1726889300774, 783.4500761120432, -836.9133786343759, 299.7011448868711, 780.800452622021, 114.79320568984781, -1389.4692727555916, 1357.5160378598694, 2941.6305107218286, 959.2541071078302, 1917.0506445251522, -162.27529305964038, -2770.168980174161, 302.8033118566056, 1273.2556374118112, 152.764013232408, -3203.771297618376, 831.3304593966147, 18.522678655456787, -918.295964515183, 1474.7321623510895, 848.5228668848083, 898.9267984381322, 669.8345765506912, 342.3041087450772, 359.22735237872627, -3578.4540512097615, 350.44981009376386, 795.441938074753, 1148.817143645198, -1112.13171765453, -676.4357975292671, 382.77662054048494, 1576.331030879554, 204.6605924837972, 144.3666824286359, 4.395234183143316, 1260.8391173614261, -4123.626778243296, 5228.624738410738, 3928.0768302243755, -1004.4747879781025, -851.2503733472174, 3214.9099268629675, 476.57549715498385, 930.171193556227, 383.75845119639166, -3187.6842405153784, -1222.8170316867436, 994.2043816505153, 331.8269382818311, 211.42264984684033, 1200.8054583874996, 1589.4114886877474, 457.7662641509886, 744.655200293744, 178.04323630301525, 803.4521341087086, -4389.827659047027, 123.06142846706632, 4597.62653804203, 169.5583463402403, -1245.3347022740563, 376.13859414572585, 92.00184696597472, 4201.5461556979135, 741.5780162475405, 212.49139256263476, -66.81233402424641, 1182.794339431202, 1805.0274210470554, 601.602034312848, 2206.8880667539474, -741.6843240485514, -183.58763999959626, -0.3907467953316086, 427.79911104243996, 2815.685832524192, 297.23601467586377, -1040.3730541681632, 695.7742336036374, 709.4007781241064, 1250.793602313269, 472.7589872744212, 4008.996334216802, 734.5423944429642, -3324.591307469986, -32.87182473536171, 1225.3406545278363, -3430.13464703594, 1095.1350943007828, 511.36928863233567, 45.48427242664468, 809.9910062923666, -844.268724917591, -642.0212084659711, 464.6704833477487, -893.3549512711988, -109.58771367750381, 2179.659570150812, 3136.430080785748, -236.463477931223, 1146.5379548825106, 893.7308877951109, -1022.1069883842142, -140.08370251185386, 2410.0962102040635, -1056.0441781061338, -276.62739680543814, 369.8950263555889, 258.55416468142914, -241.5729225599473, 1077.8552755669791, -158.34912201222392, -1366.9489000785684, -357.71658863078005, 276.6815371272186, -898.447545909708, -240.33704012705618, -320.77035287050603, 477.08817645778856, -185.11480977881337, 554.9531396570387, -698.6731636180234, 2042.8611431745612, -1432.580294535855, 738.4469807792071, 157.747786354121, -209.00385587724634, 583.251359935565, -3323.4205022183955, -1230.7904631416977, -306.4248770712593, 3726.628607957114, 5259.087305676595, 261.92771914847594, 420.4434669683017, -1265.5945581679293, 457.36881895826855, 371.45121740794207, -1996.6422429131126, 187.35379008137323, -127.75722191936757, -18.70680687465449, 541.098132337795, -141.33779735338146, -270.27070774173785, -48.730174933172236, 2932.3079295497955, -68.82433857634283, 283.6927482349123, 1068.7877367634583, -220.26033225690094, 847.7867228355786, 124.38481942581905, 2445.321001563788, 155.98994420122068, -195.11467530619552, 206.87348270588546, 399.0257831067938, -82.72415632981358, 742.2367759534804, 333.72274427360185, 339.3554369838264, 495.2066758860169, 598.0989000824492, 850.4487433537823, 1133.3543203648935, 160.1955919011993, -136.72864671218133, 2412.4651099249386, 1459.5277421192914, 3678.899385279661, 1549.8313638534107, -2014.338000151252, 168.76171804465935, -2781.317715854061, 248.89984332821712, 226.47629147991694, -247.7401363033198, -502.8692081522531, 954.9576710010731, 449.83414602834625, 2048.9649703441864, -35.880921224531335, 523.3969186143885, -74.18147012409179, 1431.143440090635, 1728.7868104926604, 565.192295095417, 4727.327537382559, 1835.7633792014021, 112.34568172268803, -198.86772914454173, -166.92274703940876, -217.86577983291204, 937.789791234554, 268.48591666974306, 1169.0985532205355, 738.1171801764574, -26.159311463564165, -131.6014622452982, -965.8375984012669, -1356.1900514371332, -1482.7823247490044, 671.0196388757497, 1765.9836116927709, 1697.9966768923084, 222.26270120145784, 36.814795768692136, 465.64516060345704, -49.4018712614257, -187.71519929366366, -419.4921795467724, 1864.7620390746613, 160.9796821069624, 1770.2460609288582, 900.3395815129601, 786.0250698303244, 721.3869920895984, 341.03417297966377, -342.840371337189, 939.9425954511548, -1180.9558690816996, 3048.658887302322, 160.7384729528655, 5029.02755794285, 1132.0424011951484, 224.94893518849057, 687.8292383960629, 3500.201210980349, 17.392361899815455, 2064.816771294013, 944.3426319481861, -1142.2774426054016, 1138.7715098328595, 114.90854784827013, 358.1133177721306, 184.06459186731, 436.8691089146611, 267.7239691549357, 540.4643581128258, 786.5106627802598, 436.49184141755336, -430.42229702246914, 134.86926470003584, 963.949377715183, -837.4394333922999, -1786.8289500188812, -26.51119523883716, 569.3177391770434, 415.9698573923833, 1716.1473643164, 206.77662219111392, 794.0753872608948, 1678.803726441379, 171.29220977479423, -38.56925178914594, 57.41837618090946, 5213.392368045492, 3206.415549142326, 1417.8551106399239, 1602.3008518258666, -272.3465732496642, 1671.1893344945872, -8.42705421905356, 468.1147698463765, -138.17486693329658, -3122.8772340386085, 136.5307950688092, 338.6379125605518, 1595.8613280135587, 269.8942768798812, -626.0349038726322, 208.0285680825284, 789.9039623097101, -554.4872695481149, -211.9377787953772, 2421.5350482787267, 1809.9065347824367, -3814.819246052395, -280.0920229107278, 1440.0928369350422, 206.45766391785236, 402.5781231576968, 446.1711098533883, 955.1303728543932, 709.9158687602823, -507.34269896398985, 1070.0330498306514, 316.05357599172726, -1002.2497099414704, 1156.7952641402776, 334.4034323844031, -213.8990372776234, -219.34321500347596, -66.44007975119723, -26.43735491806109, 219.8908279642763, 27.882579812399285, -336.47259859298356, 413.5534340888406, 429.59266196893395, -60.47264964701429, 151.82790820950777, 817.5901399238933, -962.5662137906613, 1285.8930651852434, 410.27265515799354, 67.39304418808592, 391.5335385413921, -327.3370294661049, 866.4105147743192, -377.01553567355563, 186.20418027654705, 0.12375056300641063, -184.92623326393544, -530.0602362935774, -1257.3740332318462, 2465.1153251810592, 93.8311444089328, -819.3593997363864, 273.266881438504, 546.5016072651692, -274.6852543072604, -4539.389235276373, 1.2573014977706976, -3433.432784186868, -2507.837953096221, 634.2592608484598, 2287.4668303465314, -3.891207402778093, 397.20033494379174, 901.5130427696727, -493.89262204046815, 5511.129207441629, -220.48149299391912, 143.55536709061036, 566.4048550859997, 147.34557945370062, -874.1101775497298, -54.184166995692806, 68.2183882077286, -3989.483561111155, 157.29410500018463, -127.40145284171007, 275.3386957777444, -2402.444275426103, 5810.248980160253, 605.1869420353198, 216.03052675621024, 984.802219647705, -130.71990556044295, 1061.671534329862, -185.06034782284985, 451.01711222751294, -215.87925666569595, 453.0118893794969, -107.76236105536287, -103.16823873396504, 1188.288180464172, 254.9626986458704, 1794.346784484793, 343.97987524875464, 280.95517912812636, 98.35387862398551, 1335.4131274498407, 824.6424758585648, 1031.1690230043844, 155.85506861869203, 590.6073645076971, 98.1510110252841, 517.5779874090481, 3342.8093311903363, 981.6654291308728, 1957.479482017848, 844.6409954851181, 99.56817166607829, 4916.374546262279, 4048.3514849654307, 436.85201547019244, -3765.801188165313, -1588.5092999233175, 2201.834803629152, 1393.3135490773127, 507.56707212035303, 4329.486350656918, -68.72814582908092, 2049.140112177144, -108.52197876105447, 1405.8561815707515, 2901.1113929845314, 591.0663213752734, 307.7599482624782, -76.44076095948134, 211.30671395889053, 404.23410848618425, -9.123370960770899, 480.7969834940917, -355.6242635267025, 1694.7926787188635, 315.8522153563897, 612.9538471479722, 196.91411482991347, 478.563167351885, -1550.24452141902, 1491.90828952079, 309.5064093052824, -394.1253187818818, 3678.765279809826, -48.233456674006675, -65.61370773873449, 106.77971541628938, -24.44732347807718, 75.63533451282507, 141.8466132842462, -3225.987229102945, 612.9236029576675, -1318.049554137428, 1167.973614822841, 71.49268480413463, -5007.951512340357, 21.87359398559039, -30.253197031114098, -1338.5329749285115, 2213.718913066581, 384.8452385560979, 22.83059578020334, 270.8503370860228, 1526.5258567852459, 288.9833612838121, 37.75245065140808, 4007.9842526763796, 1829.7428156207316, -1246.1558007634899, 2477.619029464067, -1526.1150123978714, 450.5392488412284, 1396.6704148319836, 646.1849191567588, 557.7205603467187, 657.1590549729469, 324.798860542188, -3523.860374703288, 5533.747272864897, 430.86308923131605, 116.19753777561448, 628.9712186680615, -929.3190181048244, -2820.1700902130333, -12.833205989894168, 705.6634219334553, -74.20523214252745, -591.5704194889881, -1037.1904521790957, -16.3569143047539, -180.45574796678744, 1692.433157238297, 198.89576072435324, 1712.3407814067905, 70.77736884940563, 415.2766649294364, 665.7409288039419, 381.0784803990744, 252.9592493282725, 500.9671984840237, -724.2027065709776, 954.003919123435, -311.7885224063647, 455.49782674644075, 432.391442062647, -2657.4595965411495, 1047.4790961398605, -820.3821899397713, 4978.731302370137, 1071.5753672581675, 128.8637671530509, -1586.3300096624487, 780.6896753165962, -2076.05556828446, 214.30193910797965, 205.68363758245877, 255.62603063982704, 622.381787108283, 1984.0994448601052, 244.60816864802115, -2780.2704097545275, 91.97081287301489, 349.61186645379735, 68.68136634792057, 95.16220869220348, 228.31900478841555, -196.59626044464494, 1155.2644685424139, 217.11807559122053, 1928.7845544372533, 791.8875732184422, 2636.3606984529292, 743.7557466993627, 44.36943665869671, 1096.521552991976, 157.13591082129273, -79.08071081263802, 2355.891058858473, -1287.4108551904064, 251.90638127403588, -116.36286243052245, 482.5029494618741, 700.5281025186692, 1768.2497234249745, 1087.3419465069524, -138.17949618481975, -2486.3892953635996, 53.65053288855279, -211.19033438467977, 461.50853546991107, -517.9236677699369, 33.716416275724555, 7.008717664357334, -178.84128597882489, 1465.1398969275417, 1144.3287090634794, 2803.531755673485, 132.02077064460224, -152.64254637720808, -1527.096079475238, 401.7433149673533, -150.4327714574357, -2696.7572058534583, 316.63452934482655, 1024.4686300907351, 312.15890604319077, 166.39466484657788, -2895.774758572178, -205.09963205107044, 3069.4138664366046, 1503.9414052973793, -1743.6992868585626, 952.0003676636366, 1121.5556690986255, -4842.049568694942, 2820.4162736665776, 266.78043023681937, 31.357538887657086, -4989.992430281677, 809.5881812502114, 424.8456784878382, 956.5728007565453, 0.06971063554254897, -2431.088576083824, 540.5928466101429, 775.8930501913203, 3739.61481415354, 251.86695220738773, 371.6887655147339, 121.3967970428431, 878.4967120633277, 547.6043269717991, 957.7491510484213, -842.5718244497205, 5131.361326370666, -906.9948853361088, 3128.040397818389, 1693.68762345704, 1304.078836941294, 1910.5270583161898, -484.7244899216453, 2429.5928324564484, 596.0235300077943, 300.96589812206594, 1907.1554216701534, -175.1945973275342, 227.93067271881358, -374.6908833190387, 339.3206609348748, 354.26322943322816, 205.07835075909685, 61.06324820445235, -2324.845334889015, -774.0877915122092, 718.9967899833031, -4522.128344002355, -994.960965805253, -455.75886974758, -2786.5869452235456, -721.4084600753015, 696.996037264623, 2459.76355466888, 838.8943278770892, 447.44289186891206, -453.9545102292698, 1517.413285916742, 1.4821590128907474, 3297.3868748989685, -2714.906961004598, 138.53872341831914, 308.92524621665314, -21.81718567683174, 4928.245380486536, 224.7435967379855, 4959.716568985638, 392.2703391872779, -1788.5707052172543, -4314.960896980254, 136.37274679043117, 1521.8279402579187, 342.9249826617933, -23.23581113117848, 1503.174260892862, 703.0420844934688, -3735.9802873613967, 370.0252701316684, -159.43023322004433, 560.8174280151774, -168.73629344694075, 165.59333527607853, 1216.072962158988, -2122.0131110750317, -1083.0586616054106, -54.10323609139857, 330.3293257072865, -4979.782975936413, -609.3027745591165, 148.37860909907153, 54.40561663236139, 585.2645479914654, 826.0177634478748, 380.55014073975485, 667.3071710648247, 2988.3365475788546, 527.2582623348242, 1278.8660154384204, -841.2214344658, 313.72356710225864, -3439.019614791716, 57.71613928009026, 1360.810947956615, 929.137892372137, -97.4726985222328, 1025.5941222402769, 291.7377970225474, 1854.0017121451158, 918.0283401799336, 361.9373525184525, 260.22496841186364, -280.33789960207105, 1072.6877723145637, 946.4724972647862, 1218.7222206239262, 139.18997747662263, 437.1464846016483, -588.8921875988683, 675.960169400604, 815.9908869332152, 868.6219675918705, 496.44937783685907, -589.3105587117068, 110.24527854305106, -213.99353654931224, 495.9821853492043, -132.34823888848587, -224.33592468613426, -575.0494076411186, 1924.9505457065084, 193.7119627939538, 131.6318236342255, -2450.0578035451617, 1107.7622499782506, 2158.0826143693844, -2808.6057810723296, 5657.660205385142, 267.4872390327509, 139.91346227698443, 259.299069384104, 269.0944284944992, 682.4971615250704, 743.023473160285, -296.71071811912077, 886.972360480398, 49.62389312474272, 946.4380049893467, 2747.286911592866, -803.2492933813455, 414.3110530615165, -14.498795646836527, 974.8762565359198, 72.2841663002938, -299.173523109474, 833.691607056417, 417.02497222235087, 664.601196494544, 246.67076667695102, -794.5984160015712, -282.4756162531205, 507.0387321883503, -343.811473588107, 335.1778372403999, 581.1180650827519, 652.3594580707546, -135.17964178420743, 502.15475332382323, 259.96598140405416, -2881.9526853494112, 3407.6535480000666, 910.1881242779755, 4259.27568330488, -408.55018021487365, -2186.08397047198, 633.776322594986, 897.4979872509539, 2425.2116885518767, 431.9169538254573, -205.29910812911237, 794.6258932172854, 536.3905904308239, 808.4960938648566, 398.58826514023497, -601.1738465862747, 54.40052935137214, -1225.355980715648, -533.8800232274477, 821.8494508133508, 336.4791642258033, -674.5775194051148, -77.82152412060793, 276.72454621986026, -94.23593544665187, -204.17403599599686, -530.8916835337569, 881.419297309862, -893.0804589851168, -286.6260220470306, 4842.69243346852, -2009.9194100568748, 528.4643062532938, 39.58020282381699, 1252.8317324116404, 383.8213150694638, -64.006028792091, 468.262359789264, -15.507018366534169, 587.5925487008254, 522.248955274179, 319.3793009450427, -33.726855238210135, -176.74477076912376, 1278.6951260975388, 390.78341354336123, -198.26554459493286, -467.29502582362863, 1282.645192036147, -449.87759714760773, 107.34597688726143, -71.02299494828361, -488.56595692603014, 868.1587771587089, 2.1953446713140465, 4937.595022032723, -1966.9849877789288, -1868.2083989129728, -366.26674228706463, 196.95773931502015, -2542.0111521456124, 847.8089679381002, -3394.3868235288182, 1154.5211148530475, -265.01237601370144, -22.133034190872763, 50.83323933523218, 4604.340336598501, 406.26362365010414, 2001.0154357789638, -173.0272938494498, 1065.9649082102467, 182.0780664153374, -393.08133263130253, 240.48042055698778, 850.4696222629445, 2515.7530825352424, 3008.168935811319, 1678.7082881138772, 74.53431056652494, -61.00910788267214, -1171.8767729878994, 1205.6017466208968, 431.5694895636638, 120.82462345200534, -646.2286114447118, 142.1432191310221, 1404.341094294187, -137.52494128557328, 194.00736236529525, 691.6222578880717, 1309.9895392082851, 261.1672573857853, -4463.602918371406, -247.9284602059695, 365.87516961414934, 18.97532489213387, 650.4933643429501, 685.412333545588, 23.39327978262179, -396.9577519551799, -1061.7284987772407, 814.7263965519167, -4831.9515852925215, 1031.2667610221954, -518.1771120222171, 298.0636627049133, 632.1427114685464, -66.099706072922, 520.7943517922763, -183.06668475664924, -1445.5030159211349, 476.0193908463473, 2833.9451850958185, 150.96091749589166, -51.49442500857543, -6.611360874286845, -427.3474450709431, -212.79462181066378, -216.41571490135368, 229.42917530387393, -3259.1498322274465, -2446.804981599519, 752.9070569124359, 82.9342149063495, -1303.6527026264862, 2117.1437991422035, 1256.311012383504, 733.6372688334691, 1.1794018888254527, 5074.445151320933, -184.13094280707884, 316.911992362834, 1467.0232558008424, 576.7963456347038, 284.8550744121708, -968.8529073351904, 348.25387774765613, 396.19203816716345, 1295.9891211561824, 1562.0692460328632, -59.646669293024104, 326.2556242354148, 200.59326912068275, 394.3159944240917, -1632.603928486457, 314.74151530946096, -1119.2093205589276, 463.96703285669685, -1806.0883892774018, 3231.837866206978, 851.7314849025927, 700.7936674207293, 1478.8832476956122, -219.89524262430052, 731.880454946072, 644.0111011436531, -1022.9777959956859, -702.2684813276011, 5344.473574852122, 790.1596533377212, 2014.2939694102308, -2338.6527923708736, 1744.5296325841546, 1958.9000984685217, 4753.590305231579, 248.2461283706603, -214.04635769386527, 262.32815705667645, 366.6424739365915, 159.99295552195827, -1487.8754964753068, 15.037298060907062, 481.5783813996205, 1204.581918717544, 2898.633109470248, 899.0780908115231, -124.42396981553634, 811.2890521091529, 4627.531723255347, -896.304188407342, 369.0633687865783, 460.54541584404893, -4756.445799557018, 307.5745555448033, -748.6353372383319, -493.21042468154633, 780.8063364973631, 210.4817684527951, -137.9570021760769, -175.6357424222058, 563.558130377188, -703.6943118517662, -1016.1388905125216, 438.0442424356998, 376.7870245220254, -268.5988164088885, 490.2719895504566, -619.9705059511758, 3500.213274195984, 1876.1955773715786, -942.296631323881, 726.7575372181312, -507.7554910261872, 747.7503387558328, 1084.1753527548058, -215.50002415429606, -85.48105113724921, 150.9853641962543, 1458.6648503319575, 1133.48430001752, 418.04804646941733, 552.4673677511155, -137.18693608493146, 392.2469257736217, 272.92869300545357, 374.041256090273, 19.635055357217993, -76.23722787802694, 900.3598396655689, 1141.3302811906967, 389.56043660048636, -2303.0011896954793, 816.9919238012169, 538.8918177062524, 652.3088476795037, -2979.7770782129874, 515.4784380359781, 377.09769021421585, -1.13779965686291, 926.6744006877835, -961.4807661939083, -3195.656605961959, 690.6142741245235, -194.6994287448107, 995.3823681842886, 599.49175965403, 381.4712792657954, 77.28535478460071, 805.8859472470142, 141.1703999085271, -474.28639852245647, -1626.9544501655948, 498.55462446043714, 947.8678925169245, 264.8403771513737, 144.43482721934572, -2890.1924069992424, -3293.022291812278, 108.07785191279197, -1084.8851953579501, 482.89980734408095, 638.8705383461069, 46.55318912822361, -1434.0954752260686, 1085.268723140077, 815.9592042030238, -580.0465276595277, 877.7854937039532, -40.6887534741187, -98.64483903615928, 501.19899382707337, -2498.039428553313, -632.6014537660861, 2656.8820723770073, 108.06058676729549, 751.219362871723, 393.24971050431463, 137.86788136978447, 10.36964069512402, 850.106767171282, 561.0338067475973, 132.20980521040832, 1017.7596890170794, -1131.7490318174277, -1092.9171841895761, -539.8804023296459, -1565.2993629274647, 507.9368885359489, -1988.06003237005, 2653.982686554192, 702.135433042054, -127.31440695523816, -525.927532393682, 291.2059468057032, 993.7688222767204, 1373.6124655169356, -2222.7978455357743, 1656.8830921132667, -2502.3799564028195, -120.63962669812736, 527.4439815401374, 174.99858591802516, 101.38051179737062, 580.9045651627755, -1434.907965766894, -487.22463074976076, -3048.602357743351, 196.02434631261542, -99.67068712666389, -648.5948320482795, -165.34523840846487, 741.3602470311819, -256.46314458746144, 430.2858564439543, 839.9942643121366, -1035.940083374187, 842.1141432994094, 74.64607269895367, 150.32855268135188, -809.7399117569644, 1306.5674855349628, -2614.0433036431764, 396.3365395595638, -1384.6099188929902, 2008.5321760685633, -1012.7271618934722, -4880.114593747751, 968.264815568917, -107.70502257171256, -489.5605757290567, 746.3169406707303, 1245.2417649089732, 649.9090197418745, -154.57140027549997, -614.7583668411057, 995.4196222284314, -1513.037462372325, -173.19793745132148, 108.07541432802202, -87.9752807936328, 1629.4824302463396, 547.9691473504372, -1681.056545171931, 160.78853434078863, -268.9686354008727, 1568.9429507882996, 724.6998614608605, 97.12516293477944, 1021.6322786207018, -404.62642067983484, 7.733750130136457, 1134.7439922743781, 3710.070654423509, -371.9033752288394, 1103.4946917982365, 512.4128811305125, 643.1830333708606, -1440.8827273539227, -2432.5893088218295, 1181.4358476752493, -3734.0053338096104, -1529.5908793461963, -79.40288689345783, 2669.9810014460736, 914.8991172240384, 266.98660833486866, 1839.986704828753, -1487.3119778680098, -4706.639506065801, 20.28836300629365, 170.03811036375345, 26.553734492271815, -328.3675090714273, -159.14820709174893, 1348.3900513985081, -1781.5957963210503, 458.1937054912979, 121.9695510899245, 373.1305616528565, 542.2816069508613, 190.7008080343873, 2064.2264236231854, 544.9242110886989, 2660.2314636478386, 1499.5527715733815, 468.58491959139826, -1004.5752352105656, -156.143758759131, -62.81965442801703, -267.5523116522278, -836.4898442808503, 961.1252449508077, 659.250637979901, 904.1168025939354, 1019.6195103085445, 6.35798327865092, 213.0651048424354, 594.2071711802747, -202.43203037898934, 2860.9503673296845, 233.331514864386, -2300.231184571577, 224.8090060626448, 5357.779960681108, -1596.1597969413892, -1304.1980810729867, 2326.238442337575, -226.98675289120752, -522.414962507778, 1820.087197130848, 5210.1195620623475, 166.88472246893434, 269.32189328334374, 101.59395247159773, 117.87269374545815, 221.96358142822504, 829.617555600903, -477.65997840722287, -2968.642822303766, 897.3883860542225, -6.095979048528079, -354.3129211728725, -377.42889356233525, 120.58606417564806, 109.22775446758465, 6059.209638590915, 674.5900983518679, 572.5283294037615, -1628.4684602414707, -30.683743723703117, -113.23352272251884, 1217.530220198255, 5127.005789579538, -131.81753570132707, 1242.5084318827896, 691.4234405099223, 131.2654344700859, 27.906146633802848, -872.8437903763429, 139.0044635998977, 469.5625902869604, 2099.5651898807146, 701.1686191955293, 598.4242906700657, 797.0134604385428, -132.65135852261835, -514.9327791913004, -333.191573904178, 2984.7907661351846, 265.7887238737971, 31.16890742385982, 476.29236641949785, -2349.2052005120527, 531.8777638085437, 733.7698715678748, 606.6740701108188, -529.0089924279654, 561.7543813927115, 622.2455187381106, 359.15075001656356, 291.60068918383746, 857.761399546526, 581.7332263734638, 95.46702408666556, 847.6551815400335, 608.8422554799355, -491.42476579155436, 4769.360182766381, 1137.9495358309973, 1226.4854028671361, -1871.1212641661746, 501.3833268460834, 3944.152054587878, -3448.4719653387983, 552.3765391154359, 234.1523203336841, 964.6609876237236, 710.384510977625, 623.9524957842957, -266.0323466511975, -730.623927635304, -466.5543912989501, -1437.2190497540166, 334.2550244569086, 252.19090249346067, -53.846247816604944, -518.066494634717, -94.10729645955405, 538.9086467553898, 1229.9124578687888, -10.44565118495018, 843.1149939468335, 685.1923893067242, 603.0099679274871, -58.93664085978645, 783.2568128417967, -1144.3306028541278, -4938.729837548227, 1884.2172240769705, 1501.5301265085018, 669.730265227091, -570.8524461746138, 267.5446602581545, 343.5911786570123, 548.7182875214643, 421.1250921005751, -278.67806499362746, 1273.7811722966694, 596.9118359962964, 980.1227900743497, 695.060920970386, -574.6770173978387, -513.2437607674725, 141.33014394723483, 962.9903538516083, 4958.667032933628, 1957.7239874244267, 3.5487590963138587, 1604.176468700756, -70.49737904211383, 460.75979353974793, -536.7277562592669, 598.3498208889652, 1428.6552513809609, -970.3375309338387, 856.6445514806464, 799.8216566280597, -2225.8831481583156, 2979.605549705276, -71.21029316181819, -199.49662381197834, 690.7686471087301, 973.4370555967871, 522.1825872651106, -4047.346823962662, 765.4951125872822, 217.1630496981544, -224.81277645116336, -423.0062350944354, 6840.464112217899, 5504.463366321852, -66.18455821086684, 918.3772524509735, 1543.102479922469, 1612.8670835717967, 958.0559909756082, 5015.181417898408, 335.6869702359346, -4413.070791071537, -1183.4965948922454, -754.5397693512266, -4377.6421781772215, 218.99737517635242, -738.2240241791746, 345.29800064390366, 933.6814237930898, 67.00663012181985, 9.300783511977613, -169.26530087377, 372.0369167621593, 1045.3175007207806, 2646.0283380275846, -3366.0436098530213, 1513.1221209565929, 4205.901449486479, 817.4421517401416, 247.9953148881085, 587.4177885771087, 194.86853392271342, 565.1920258414546, 505.33224892389035, 429.3723192165229, 946.6543694749004, 1378.3463026591362, 938.3851182317094, 1473.517680512031, -214.14830548962607, -3624.136655898115, 436.01735318036367, -207.52430750631459, 676.2427514054455, 1637.013502390711, 1381.0000881215765, -395.5399421817351, -1641.7131692047492, 152.29482228442055, 906.7574038619856, 415.99466633012986, 186.14571653877368, -1696.5441457753, 5742.3687202112305, -149.43313434145898, 227.97862882538362, -2449.6007355317106, 1916.5529480213743, 992.4046460014965, -175.77359437011262, 4203.69433296921, -632.5866474166069, 355.3514097406363, 2137.3589649031246, -176.17220065786364, -346.3202638549594, 699.3695827471821, 4248.948862268468, -747.7421941147918, 334.4421721806626, -12.82954521527222, 10.563361724667118, 20.87594891093147, 1008.6486786819959, 1944.0219858984717, -396.14824428990994, 533.5338083827808, 445.63398385022094, 1153.4101741585137, 1400.455049138976, -39.04957553183107, -565.7570659797657, 1727.323391429855, 3750.7625530233663, 442.8571956850001, -1763.2867313944953, 187.84554346405952, -983.307788884928, 120.58227414144139, -4.123878236793814, -202.94162352868875, -4047.182946487691, 1835.380294472326, 199.07052084807003, 1489.3574323140824, -173.4303030089461, 44.243618978488485, 78.2488726513269, 2655.107222009936, -126.40909071822443, -62.916514942788524, -472.4871429982787, -890.4291065189848, 2273.3461190979315, 62.05698905023581, 899.2554241986093, 829.9508290183072, -301.0870712241601, 1145.154467968234, 3717.694990235918, 85.44568621222555, 324.34387171874937, 110.76210810537299, 637.645386650896, -622.114010915244, 1411.5675966230478, 280.05479721604416, 316.23754220303493, 4195.434775486901, 1154.1022216038489, -1643.2609654624205, -112.07864735408896, 279.61715580567903, 1534.9971587297623, -149.60261637514736, 608.8899536127025, -211.11073901540476, -284.7794951893728, -2020.1430625928992, 1913.629930997578, 1551.8872527853273, 184.7684950964553, 515.2658516414699, -107.14045686107022, 972.5622365026779, 1035.6574981755311, -3946.2241481380015, 38.72989709189068]"
0.25,9358,1342822.8300068968,1342822.8300068968,0.04134535789489746,374.28269250744927,"[2, 3, 2, 2, 3, 3, 3, 3, 3, 1, 3, 2, 3, 3, 2, 3, 3, 2, 2, 2, 2, 2, 3, 4, 4, 3, 2, 2, 3, 4, 2, 1, 2, 2, 3, 3, 2, 4, 2, 2, 3, 2, 2, 2, 1, 2, 2, 2, 1, 2, 1, 2, 1, 2, 4, 2, 3, 3, 2, 1, 2, 2, 3, 4, 1, 2, 3, 3, 2, 2, 1, 4, 1, 2, 3, 2, 2, 2, 2, 2, 2, 3, 2, 2, 2, 2, 4, 3, 3, 3, 3, 5, 3, 2, 1, 3, 2, 3, 2, 3, 2, 3, 5, 3, 3, 2, 3, 3, 2, 2, 3, 2, 2, 3, 2, 3, 3, 2, 2, 3, 4, 1, 2, 3, 3, 3, 2, 2, 2, 2, 2, 3, 2, 5, 3, 2, 2, 3, 3, 2, 1, 3, 2, 2, 3, 2, 2, 4, 3, 2, 1, 1, 1, 2, 3, 3, 3, 3, 2, 2, 2, 2, 5, 2, 2, 5, 1, 2, 5, 2, 3, 3, 3, 1, 1, 2, 3, 2, 2, 2, 2, 1, 2, 3, 2, 4, 2, 3, 5, 2, 1, 2, 4, 3, 3, 2, 3, 3, 3, 2, 2, 3, 3, 2, 2, 3, 2, 2, 2, 3, 4, 4, 2, 3, 3, 1, 3, 3, 4, 2, 1, 2, 3, 2, 1, 2, 2, 3, 1, 4, 2, 3, 2, 2, 2, 2, 2, 1, 2, 3, 2, 3, 3, 3, 4, 2, 3, 2, 3, 2, 3, 3, 4, 3, 2, 3, 3, 4, 2, 2, 2, 4, 2, 3, 1, 2, 3, 1, 2, 1, 3, 1, 2, 1, 3, 2, 3, 2, 4, 3, 2, 2, 3, 3, 2, 2, 2, 1, 2, 2, 4, 2, 3, 3, 2, 2, 4, 3, 3, 2, 2, 2, 2, 3, 3, 2, 3, 2, 2, 4, 2, 3, 2, 3, 2, 2, 2, 2, 3, 2, 3, 1, 3, 2, 4, 3, 2, 3, 3, 2, 4, 2, 3, 3, 2, 2, 2, 3, 2, 3, 3, 1, 3, 2, 3, 3, 2, 3, 2, 2, 2, 2, 1, 2, 1, 3, 2, 3, 2, 3, 3, 2, 2, 2, 2, 3, 2, 3, 2, 4, 1, 3, 2, 2, 3, 2, 2, 3, 3, 4, 3, 3, 3, 3, 3, 2, 2, 1, 3, 2, 2, 4, 2, 2, 2, 5, 2, 2, 4, 4, 4, 2, 3, 4, 2, 4, 2, 3, 3, 3, 1, 3, 2, 3, 2, 2, 4, 1, 3, 2, 3, 4, 3, 3, 1, 3, 2, 2, 3, 2, 2, 2, 2, 2, 3, 2, 3, 2, 3, 4, 1, 2, 3, 3, 2, 3, 3, 2, 3, 4, 2, 3, 3, 4, 2, 2, 3, 2, 3, 2, 2, 3, 3, 4, 3, 3, 2, 3, 3, 2, 1, 3, 2, 2, 3, 4, 3, 2, 2, 2, 2, 1, 3, 4, 2, 2, 5, 2, 4, 3, 3, 3, 3, 1, 1, 5, 3, 3, 3, 2, 2, 1, 3, 2, 4, 3, 3, 2, 3, 2, 2, 2, 3, 1, 3, 4, 3, 2, 2, 3, 3, 2, 2, 4, 2, 2, 5, 2, 2, 3, 3, 1, 2, 3, 1, 3, 4, 3, 1, 2, 3, 3, 2, 4, 2, 3, 3, 5, 3, 4, 2, 3, 3, 4, 2, 3, 2, 5, 3, 2, 3, 1, 4, 2, 2, 2, 3, 2, 2, 2, 3, 3, 3, 3, 4, 2, 3, 2, 1, 3, 1, 4, 2, 4, 3, 1, 2, 2, 2, 1, 5, 2, 3, 3, 3, 2, 2, 4, 2, 4, 3, 1, 2, 3, 2, 4, 3, 3, 1, 3, 5, 4, 2, 2, 3, 3, 3, 2, 3, 3, 2, 2, 3, 1, 1, 3, 3, 4, 4, 4, 2, 2, 3, 2, 5, 3, 2, 2, 4, 1, 3, 3, 2, 3, 4, 2, 3, 3, 2, 3, 4, 2, 3, 1, 1, 1, 2, 2, 4, 2, 2, 3, 3, 2, 2, 3, 2, 2, 3, 4, 3, 3, 1, 1, 3, 2, 4, 3, 4, 3, 3, 4, 2, 2, 3, 3, 4, 4, 2, 3, 1, 3, 2, 3, 1, 3, 3, 3, 2, 3, 2, 3, 2, 2, 2, 2, 4, 3, 3, 3, 2, 2, 4, 1, 3, 2, 3, 4, 3, 3, 2, 1, 2, 1, 1, 2, 2, 2, 3, 2, 5, 2, 2, 2, 2, 2, 3, 3, 3, 2, 2, 4, 1, 3, 2, 3, 3, 3, 2, 2, 4, 3, 2, 3, 4, 1, 2, 2, 3, 4, 2, 4, 2, 4, 5, 4, 2, 1, 4, 1, 1, 1, 3, 2, 2, 2, 3, 4, 3, 3, 3, 2, 2, 3, 1, 1, 4, 1, 4, 2, 2, 2, 3, 2, 2, 3, 3, 3, 3, 2, 3, 2, 2, 5, 1, 3, 1, 3, 5, 4, 4, 1, 2, 1, 5, 2, 4, 2, 1, 2, 1, 2, 3, 3, 2, 2, 3, 3, 3, 3, 2, 3, 3, 2, 3, 2, 2, 3, 2, 3, 1, 3, 3, 2, 2, 1, 3, 3, 2, 3, 2, 3, 5, 3, 3, 3, 1, 3, 2, 2, 3, 3, 1, 3, 2, 2, 2, 3, 2, 2, 2, 2, 2, 4, 3, 1, 2, 2, 3, 4, 2, 2, 5, 5, 2, 2, 2, 2, 3, 2, 4, 3, 3, 3, 3, 5, 2, 1, 2, 1, 3, 2, 2, 2, 3, 3, 2, 3, 1, 3, 1, 2, 3, 4, 2, 2, 2, 2, 3, 2, 4, 2, 3, 2, 1, 3, 2, 2, 3, 1, 3, 2, 2, 2, 1, 2, 3, 5, 3, 4, 3, 3, 3, 4, 2, 3, 1, 3, 4, 3, 1, 4, 3, 3, 2, 1, 2, 2, 3, 4, 1, 2, 2, 1, 3, 2, 1, 2, 2, 2, 3, 4, 1, 3, 2, 4, 2, 3, 2, 2, 2, 3, 3, 4, 3, 4, 2, 1, 5, 2, 2, 2, 1, 2, 1, 3, 3, 3, 2, 4, 2, 3, 3, 3, 2, 2, 4, 3, 2, 2, 2, 2, 3, 3, 3, 4, 4, 3, 2, 3, 3, 2, 1, 1, 3, 3, 3, 3, 1, 3, 3, 3, 2, 2, 3, 4, 3, 2, 2, 4, 2, 2, 3, 3, 2, 2, 3, 2, 4, 1, 3, 2, 3, 2, 2, 1, 4, 2, 2, 3, 2, 3, 2, 3, 4, 4, 5, 4, 2, 2, 2, 5, 2, 4, 4, 5, 3, 2, 2, 3, 2, 2, 3, 2, 3, 2, 2, 3, 3, 4, 1, 5, 3, 3, 3, 2, 2, 3, 4, 1, 2, 1, 3, 4, 1, 4, 3, 1, 1, 2, 2, 2, 2, 5, 3, 2, 2, 3, 1, 4, 2, 4, 2, 3, 2, 3, 3, 2, 2, 2, 2, 2, 2, 3, 2, 3, 2, 2, 3, 2, 3, 3, 2, 2, 3, 4, 2, 2, 2, 2, 2, 2, 2, 3, 2, 2, 2, 4, 1, 3, 4, 2, 2, 3, 2, 2, 3, 2, 3, 3, 2, 2, 2, 2, 3, 3, 2, 2, 1, 3, 3, 3, 3, 2, 2, 3, 3, 3, 2, 3, 1, 3, 3, 2, 3, 3, 5, 3, 1, 3, 2, 3, 2, 1, 4, 2, 3, 3, 2, 2, 2, 3, 2, 3, 2, 1, 1, 3, 3, 3, 3, 2, 2, 4, 3, 3, 2, 2, 3, 3, 2, 3, 3, 2, 3, 2, 4, 4, 2, 2, 4, 2, 2, 2, 2, 4, 2, 2, 2, 4, 2, 4, 2, 3, 1, 3, 2, 2, 2, 3, 2, 4, 2, 3, 2, 3, 3, 2, 4, 3, 3, 3, 4, 2, 3, 5, 2, 2, 2, 2, 2, 2, 4, 4, 2, 3, 3, 4, 4, 1, 1, 1, 2, 2, 3, 2, 2, 2, 2, 3, 3, 1, 2, 2, 2, 3, 2, 3, 3, 2, 3, 2, 3, 2, 3, 1, 5, 4, 4, 3, 2, 3, 3, 3, 3, 3, 2, 4, 2, 3, 2, 3, 4, 2, 2, 2, 4, 1, 2, 3, 3, 2, 3, 3, 3, 2, 3, 1, 1, 2, 1, 4, 3, 2, 3, 4, 4, 1, 2, 4, 1, 1, 1, 3, 3, 3, 3, 4, 2, 4, 4, 3, 2, 1, 3, 2, 3, 1, 3, 2, 3, 2, 3, 2, 4, 4, 3, 3, 2, 3, 3, 3, 2, 1, 2, 2, 2, 3, 2, 2, 1, 1, 2, 2, 3, 4, 3, 3, 2, 2, 3, 3, 2, 2, 2, 3, 2, 1, 4, 3, 2, 1, 2, 3, 3, 2, 2, 3, 3, 3, 3, 3, 2, 2, 3, 2, 2, 2, 3, 1, 3, 3, 3, 2, 2, 3, 3, 3, 3, 3, 2, 2, 3, 3, 3, 2, 3, 1, 5, 2, 4, 2, 3, 3, 2, 2, 2, 2, 3, 3, 2, 2, 3, 2, 2, 1, 1, 4, 2, 3, 3, 3, 2, 3, 2, 3, 3, 2, 4, 5, 2, 3, 2, 3, 3, 2, 2, 2, 4, 2, 2, 3, 5, 2, 2, 2, 2, 2, 2, 1, 3, 2, 4, 1, 2, 3, 1, 2, 4, 4, 2, 3, 3, 1, 1, 1, 4, 2, 4, 2, 4, 3, 3, 4, 2, 3, 3, 3, 2, 2, 2, 3, 3, 3, 2, 4, 2, 3, 3, 3, 3, 3, 3, 3, 3, 3, 3, 4, 3, 1, 4, 3, 3, 2, 3, 2, 1, 1, 3, 3, 2, 3, 2, 4, 2, 2, 2, 2, 3, 2, 3, 3, 3, 2, 1, 1, 1, 4, 3, 2, 3, 3, 3, 2, 4, 3, 4, 2, 3, 3, 5, 2, 2, 2, 2, 3, 2, 4, 2, 1, 1, 2, 2, 2, 3, 2, 3, 3, 1, 3, 3, 3, 3, 1, 4, 3, 2, 1, 2, 1, 2, 3, 2, 1, 4, 2, 2, 3, 4, 4, 4, 2, 3, 4, 2, 4, 1, 2, 2, 2, 3, 3, 3, 2, 2, 4, 2, 2, 1, 4, 3, 3, 4, 2, 4, 3, 3, 1, 5, 4, 4, 3, 1, 4, 2, 2, 3, 4, 5, 1, 2, 4, 3, 2, 3, 2, 3, 2, 3, 3, 2, 2, 2, 4, 4, 3, 3, 3, 2, 1, 4, 3, 2, 2, 3, 3, 2, 2, 2, 1, 1, 3, 4, 3, 2, 3, 3, 2, 3, 3, 3, 2, 2, 3, 3, 1, 2, 2, 2, 3, 2, 4, 2, 2, 2, 2, 2, 4, 3, 3, 3, 2, 3, 5, 3, 4, 2, 4, 2, 2, 3, 2, 2, 2, 3, 2, 2, 2, 3, 2, 1, 3, 2, 2, 1, 3, 2, 3, 2, 3, 3, 3, 3, 2, 2, 2, 3, 2, 1, 2, 2, 4, 3, 2, 2, 2, 2, 3, 3, 2, 2, 3, 5, 3, 4, 2, 2, 2, 3, 3, 2, 4, 1, 2, 1, 2, 2, 3, 1, 2, 3, 3, 2, 3, 1, 2, 4, 3, 3, 3, 2, 2, 2, 3, 3, 3, 2, 2, 2, 3, 5, 1, 3, 2, 1, 4, 2, 3, 2, 3, 3, 2, 3, 3, 1, 3, 2, 3, 3, 3, 3, 3, 3, 3, 3, 3, 2, 4, 3, 2, 1, 2, 4, 4, 1, 2, 3, 4, 2, 3, 3, 2]","[1118.8988573000756, 53.159055499842566, 169.07901022131082, 759.928553719599, 921.4734063468936, -250.02759937102564, -754.8667708470517, 962.0874124591863, 349.5840316731151, 633.7125433712615, 340.52243105198573, 956.3563197465229, 3385.110986530515, 301.21549738029324, 354.26262721760133, 329.55256614150574, 142.2906473054808, 506.7530511648314, 686.564712036105, 1087.78257249518, 808.3851958941665, 665.7016466874878, -245.36706801494222, 758.7866251213838, 804.0565743709785, 869.9279411580292, 1058.23161777907, 389.3425972453389, 523.4363228772659, 3351.9102147775534, -290.8879214020677, 1173.1797457292814, 795.969560850972, 324.4578800652415, -2636.7326534940144, 314.09156616060784, 2628.4211310544165, 1759.1328702532182, 66.49193468964211, 358.85616106918155, 17.55936641171411, 596.8604484409484, 951.6022565707708, -2369.9372445709923, 942.8545852062969, 392.53439546516586, 227.3188501765025, 1091.7468555471482, 741.2530770965083, 2718.9188062394505, 1152.3890434961706, 808.2634768428512, 804.1801989193914, 1194.7039996347685, -2575.1906630547405, 219.61187104553636, 589.3981499548427, 1558.713582034071, 766.3666038698877, 1134.170926835805, 923.7941868883923, 647.9098385157596, 285.10102488944045, -1546.8877664384454, -156.96429585119483, 911.1793635920469, 633.6807532728603, -21.57644200775087, 620.0677982349773, 390.7905105542355, 740.7740089038809, -35.820190779947495, 3076.1471727057838, -2046.6530458924558, 302.6165614661502, 282.1232626335922, 806.6976146708762, 740.2514724038017, 160.1235852218984, 879.1585943584735, 681.9196350003975, -1918.8516730623696, 1025.6610247063227, 252.78085270009726, 1825.7237521447528, -56.71848870621841, 2252.0310097357665, 1072.42205564413, -1110.0006142020056, 1894.9306711941827, -2872.3736649075477, -1945.0749749025654, 233.8547748933825, 127.4944629707507, -1897.1887659258841, 427.5552295747991, 292.5544941264468, 912.2637474541241, 625.9270900022696, 647.0176481295355, 394.7612313868747, 271.08380230421744, -1792.1666281131816, 583.0251213356623, 637.085625867402, 825.0287916449073, 1414.4088820811367, 461.61359766574685, 945.2475612353215, 162.5873274844949, 173.1591514835379, 202.707935706953, 1119.1460964161347, -72.63570181563762, -2338.2869801216243, 428.05953337486727, 922.1141117915322, -2298.467455710635, 1368.1235806430113, -739.3079514706734, -2725.298942870825, 998.1800802074251, 948.8838644247292, -191.5885269710161, -1.9808234031435177, -185.06308610084557, 587.2443950249318, 114.14895894645727, 69.27520202821711, 944.1802392927362, 615.4673279330191, 407.94101741704577, 605.1599351199978, 1051.6602519012035, -1903.5851310310918, 938.3600778879614, 194.76452463593427, 474.1209859726602, 206.774312145201, 121.73908217836353, -4.597389173855618, 86.84871633008845, 116.89345148650281, -111.05738638084932, 1299.4444337192162, 742.3961526059746, 326.04112478775187, -767.1351085663008, 1098.2098378911905, 382.656031186717, 579.4838611580972, 224.04209702026483, 582.1877806810376, -63.169598425929166, -86.1824533026849, 677.5068483176887, 327.3719157857122, 144.4423524150718, 475.88814990319827, 349.94444574810683, 1443.6826038121453, 809.301633457753, 694.3962103299193, 1188.1506308201529, -127.38075249612598, 2017.3847169328478, 36.08605804615763, 12.827212023606705, 534.0821687935817, 365.44258345766593, 930.0115975854064, 832.4971958254982, 355.5342763473966, -12.447513159103437, 101.8392753357457, -246.26701614869694, 861.3147095797916, 1017.8318931093945, 698.925133811113, 267.9816774814964, 188.31074451018205, 67.62413130273421, 331.00667105736306, 577.3586154191794, -2122.300202410355, 1394.6527221755941, 113.36865805922142, 266.83805786618007, -1297.0477623650895, 712.8539357723186, 370.05418960913505, 1281.9848076034336, -44.30775157517877, 466.59252884943004, -2273.1663684550067, -371.57846357313224, 5.268422692723846, -20.68494258797847, 1204.0045066933849, 215.18359829562917, 844.6285279399231, 1596.2054552234908, 631.4774747791602, 584.4303842215787, -399.8081114599735, -441.07911260342166, 2219.166237079409, 251.33970943788188, 311.88996563913736, -1515.0807683125463, 926.8009852859734, -4799.288984548807, 697.783151265665, 193.31732200962892, -2494.897559954232, 798.432204721516, -1644.7932937387232, 183.94617613813116, -162.887938125726, 2318.0284754726663, 1629.8346725181673, 36.210205959583504, 618.0049718661365, 807.8080989269571, -2241.5484475919884, 616.5061990953585, 631.3900988694107, -2957.5994611651386, 897.8988080510278, 449.6953453540708, 1394.22990984648, 544.5513113150779, 364.19556938773906, 639.1325905664767, 529.67395554898, 850.5724749458201, -80.53823477025253, 289.8760939240069, 538.8644336726386, 659.6256833294309, 418.85231740575523, 965.549324821117, 1684.5139803785742, 835.1613380582838, 854.2038774094651, 389.06765691863325, 1168.0063942393474, 1405.6844603084073, 573.331738404068, 444.5524788896372, 459.8764773734637, 969.0862579098161, 3879.5019828748577, 2222.681368582343, 579.9765512488098, 900.5661165459543, 1123.592135116213, 505.52615187490954, 104.40277610358342, -159.08041921169786, 372.9758628307902, 596.6170103383179, 755.814317677914, 76.72494347267394, 468.91942051344813, 274.6675665661878, -2739.550620144478, 216.1061060793739, 18.33777317994725, 1024.0690447157854, 911.0734290620959, 749.6848230617913, 450.27908818690753, 1297.6964955750889, -2017.5596206940218, 585.5292172289544, 305.63248119379875, 118.23236105097112, 1053.6488464326926, -13.598892364258404, 281.0600255408706, 173.9524931953557, 37.45831710128158, -1286.6459038250941, 789.7157941403694, 739.7533811780896, 51.90129196958458, 109.19482053931253, 666.7245066717113, 407.7996740209761, 2166.01533630962, 611.8255376961368, 212.2797827204158, 557.923635083637, 270.3519596023077, 1677.8249398225175, 790.0152749467976, 880.1617362859132, 1337.206406343791, -23.073801724849545, 2526.747726710004, 109.87674838943121, 879.5419708459549, 780.8154147811633, 601.7121145934734, 115.3546458697617, -494.11278271604886, 647.5533400994638, 187.63143600274677, 1245.9178895844382, 722.5609291468561, 456.26168257064376, 142.5066530507232, 3239.3173748793934, 176.1649397726559, 1049.9049873120298, 535.0592522802118, 749.2462224500551, 840.3343737393548, -1585.762129051489, 817.2940609350084, 357.32764120214506, 2357.306000882602, 540.2670710927658, 2788.774742664069, 456.0577740911316, 995.9209072678576, 679.8795040330966, 2641.77507505516, -507.08720772735194, 1043.8280691900713, -792.9027116026863, 302.27389960138635, 1029.922236216626, 757.2487217186398, -59.86722987571892, 1307.5930018652211, 292.8943332965331, -796.1426385554365, 711.2054963928238, 591.9573834540604, 48.90173355600581, 2791.0641424521227, 147.27398256057242, -995.0671683230222, 107.35355965485635, 777.737803547681, 1418.5447728479844, 289.23570856902916, 573.1689431128029, 737.4736801161771, 880.1664289267193, -10.570066772508312, 885.0450668620535, 1224.4607785078406, 723.0591667111435, 118.64674995967201, 482.85838894212645, 2421.2659820584126, 82.61282360189932, 387.7663244475336, 115.3285454757578, 605.7591939699225, 205.137155648864, -2504.4881148171257, 369.18778363500655, 839.7456549513035, 699.0873016984795, -97.43932525663718, 884.2208549598389, 893.5715600958426, 775.2004970589215, 810.6891991315073, -1763.5899483819685, 673.6128448518402, 639.2182623085843, 407.83479020994423, 1131.9479488643017, -2791.374909971526, 833.8824320394679, 517.4439169909713, 830.5497862796708, -2216.9243030415673, 669.1956362238911, -1300.3513173812535, -2827.6202909964577, 1267.610722370256, 143.45388907715378, -379.94423456368656, 382.2787115187606, 511.39004309300515, -823.0935364737608, 198.0589402250785, 383.1767157904361, 963.704103267851, -77.0639008226388, 988.767140239042, 119.43466295093484, 1844.2000681002478, -1531.773728520694, -212.26464696853122, 451.83491946991455, 506.8175875228638, 1377.6755586313361, 15.483409440969979, 1329.215947423516, -185.27192946016612, 551.9803132932408, 186.88620698943654, -1116.4886509316389, 893.6117873566808, 816.4120074153489, 714.3415853153199, 1341.5607357486974, 334.7702615318535, -2038.728152087112, 1404.4199615873654, 580.684438755436, 3289.941161025053, 1327.0662451087778, 752.3814679949244, -1379.6411892561382, 65.01829283483198, 504.56779794555337, 221.8989727976651, -2453.3686796053144, 119.44089282647408, -40.50229510320503, 46.22391442706919, 1010.014775047339, 3316.43526946713, 404.9014833443732, 350.00827430701713, 2319.3671925412095, 316.5822139069004, 1718.4028662372234, -137.35886985178172, 421.09382798227796, 916.7960057899586, -356.6119048760555, 793.1041110059662, -35.82338489709207, -750.7141148757536, 1162.6443590071667, 1011.7533821362073, 1564.842147379447, 1785.4493899191489, 669.309551995535, 40.431259122588585, 683.2194007318535, 786.2869582049004, 1089.1008084668442, 493.9213463572371, 310.5124362823853, 462.23783566503005, 1937.7987374812596, 236.28696508564425, 730.2276734001467, -160.46754472249006, 639.5116399650921, 56.117500725174295, 1560.774002323532, 45.49125848982351, -2387.2897490648243, 421.7210820402807, -4.6866907228711625, 185.6851261692531, 219.09943461741327, 296.6064933199939, 290.03679918766227, -332.44201445231886, 127.32611477787665, 493.0310044546919, 1027.2352181788976, 572.6717476222209, -2195.594284669749, 671.979219717419, 331.74204968110644, -56.0896069410893, 522.7745351971245, 423.6046160715927, 766.0879497431541, 1909.6900505116469, -1913.5130604707629, 431.5458578742001, 116.19047224542908, 452.3615367121048, -264.8748035522475, 571.8330025815872, -2050.6879932243246, 61.09442841893292, 1166.8165466624282, 767.2538586812323, 490.04485328575134, 766.3862597349055, 502.6955550394465, 603.1328208044047, -211.906949803021, 1260.3243565954963, 23.968341879757247, 859.0634473016005, -2929.139381769561, 231.74427737913953, 1396.8130664793352, 316.0844482952865, 156.97766674707526, 473.4312501099076, 802.7600191396589, -1840.5453248427707, -42.86134398075217, 1488.805857571896, -2068.879177510511, -1019.6232027919649, -2066.032836437614, -169.0832823184253, 807.3340382098075, -344.49045334315804, 467.94700400101806, -445.4035239484555, 204.6960135451029, 2901.204445023782, 431.5160806478215, -1796.8714644401862, 1985.1885423836475, -1749.7318249617974, 122.64236016434833, 886.2555412757582, 901.16945613799, 931.1807680608428, 786.9915881088764, 2632.7190260153584, 1256.3135659685968, 914.5122387960672, 1097.9507261507997, 645.8741385802125, 489.52954441987436, 533.7911473071116, 161.64059144127268, 168.15419775650938, 379.82688883610075, 1010.5132977683427, 889.5824747311434, 2622.51002164866, -1935.8514754203725, -4320.104737754919, 970.2529486328285, 473.7307309163358, -249.96627947121215, 374.9779973019533, 878.47425096305, -1552.0460940679736, 2791.3148771988986, 1942.5541943667772, 1566.1924129709055, 158.7093435086712, 265.2357940452928, -82.22897278975859, 273.909501400976, 679.4495454295233, 195.52312665600974, -147.6624220692945, 626.3042206833851, 3411.775684786641, 677.5024565985665, -902.7847660114413, -71.59285397661392, 440.5369473296971, 101.51586201358202, -72.33885805267937, -2099.7842214681655, 187.14479862380668, 189.4753182452392, 1.520279747404686, 197.50500150910418, -488.98628107436434, 339.55449252691466, -3.691705700379657, -735.7691960595502, 967.0591858867272, 38.31648050089302, 597.8572080311679, 266.19264043722717, 447.12229676577067, 1070.5063208563652, 616.1120966952101, -2014.7945137292368, 348.9796406446321, 542.4286527801507, -1246.3105147258088, 1267.6176237916918, 3103.01173023893, 641.2000169153326, -2388.3297071379384, 2896.3780273235516, 478.84265661724135, 325.53868230029957, 498.85824513974063, 958.1245754938428, -1541.905941423584, 485.8157072228444, -1791.9181478522205, 497.5982956814458, 577.5885571250601, -1451.1380906001573, -1265.016569208236, 587.8245852064479, 400.5297991693741, 646.4169983834528, 567.8799547882361, 79.0360038327675, -24.242646663234723, 1018.0942182337961, 122.78532188544617, -237.49888995261892, 1212.8427740039374, 119.05744329115828, 1147.7371977340633, 429.9898756927002, -743.3674109674806, 769.618697966428, 384.4000119980744, 563.8432114261892, 641.1135643262685, 430.19237978620345, 356.2213438194607, 55.60024747519117, 1353.6113883535518, 797.0917916309753, -114.7606318346239, -268.7162240972201, 356.4618128888386, 785.4600557616612, 306.90567350838813, 1000.9584998989484, 2633.252936669243, 716.3777542935297, 219.49692204090232, -2127.8081325267985, -2406.588694601476, 2.0616446922430214, 755.6717719469041, 1141.7471880230235, 913.6356099590715, 655.9480161289307, 460.1368008844065, 141.18506096155485, 126.11379082966027, 469.3484062263043, 391.9961141988471, 899.6770650093606, 868.9760789633564, 31.91908104532297, -821.419491931152, 688.5760454160601, 403.48961654602374, 1078.0471082175836, 98.4154112283826, 681.0745561413369, 640.8006099756831, -263.86659387691884, 411.4738421780784, 1376.6649066234022, 174.1792907966167, 341.67336414411784, 295.04672474279647, 1295.3253947976873, 1210.7703542681224, 561.8019296133347, 857.6497074909366, -2139.997030630123, 714.2632345632767, 457.48558621346285, 67.2407372875108, 1037.2171365479821, -634.9126222980221, 699.0366977924064, -2570.551677694456, 24.729280204335623, 1622.3812477692481, 97.32202979415456, 1635.7376339295524, 858.4807714176001, 425.54686522809664, 740.2810987316873, 283.3129988048805, 412.4351348375222, -190.93047987820353, 737.1252970267528, 422.58800401267706, 522.7341265683631, 673.9900457667768, -1369.995048901013, -2302.904464353779, 773.9466553104648, -2589.378379407512, -2434.7176923215416, 1041.6782629324457, 221.81580846339824, 1245.8525949963212, 118.45128232472652, 439.7871891422944, 164.0910821605482, -676.4920341303877, 731.4003247993506, 626.8992455308573, 161.96722863806977, 1769.2256682822763, 797.2274968120344, 1624.092644597562, 429.3879913769864, -1668.1018835795894, -2031.053621978709, 584.1884061980943, 107.26684740223126, 345.21768925536276, 964.3017296776868, 187.0268805859201, 625.572463624502, -719.6971476410184, 431.81761057949825, 518.412435894474, 817.4034932912592, -1959.1604215965094, 843.5380383833606, 559.6145863664469, 476.03145045879717, 549.3951679612371, 668.9039225277354, -1536.5705555475956, 957.9286782059137, -2098.766784776463, 347.66792513325765, 961.6722687258965, -89.85548216537353, -2025.954896541832, 567.6365401634081, -2146.9937504057707, 917.0591902299998, 1777.9282717397537, -106.95713305622684, 833.1463640991799, 1138.3237264352538, 487.9134064040861, 1156.078219019482, 537.8529765750123, 35.67818758239366, 343.152769619276, 87.99923343213254, 706.2575678925004, 887.4939205114608, 311.69948262707675, 1267.3549720794058, 1741.452862950393, 803.7831274859903, 791.9371887197888, 638.653280134847, 42.46491877360262, 173.91556618543356, 1219.2905636791393, 200.72431327301726, 630.9796786021185, 1051.2222147388247, 478.6218936779842, -1499.0606703812023, -768.9521193827396, -380.3504309899289, -1758.0812077477976, 490.124760017368, -1392.6748018138192, -36.188542051037984, -3.7421721279489475, 366.91328455985024, 2692.9362105558293, 892.0178119186794, 428.09960786793266, 510.542047558195, -1666.1339915467406, 395.8370565194816, -144.6909581769022, 318.7230930956447, 976.7194782961553, 121.07544128158068, -616.9757490607805, -710.0456307069074, 2665.420314153124, 113.35209540851051, 127.94555417811324, 193.19966889029254, 529.1873765807869, 825.7210859788586, 1156.850318061517, 654.6158899279496, 830.5995321133387, 192.22792935179277, 115.7628049029233, 1653.8886812538426, 1297.5149246676833, 21.5511655257921, 293.5774373893629, 812.28032971731, 695.067728152876, 92.61631463455194, 643.9762499837475, 1024.5811245290874, 743.1234019801867, 777.3388836306011, 287.48340646437975, -0.05245643349553575, 427.8387598986601, 1283.3147846709865, 1674.3862676895897, 1115.4869282778527, -305.4036479634543, 881.6166469166726, 1303.3350695164215, 741.0864312217827, 778.8886629933107, 205.13988787114843, 809.1177714361888, 1054.1447434184588, 728.1463648644348, 321.967045773084, 710.5924775217441, -2379.563124126654, 610.3409765646177, 508.92305819157923, 1046.1656238727332, 367.3731096379117, 1515.6999775049285, 3502.9774497045087, 168.02126692437957, 2145.1204103593323, 2661.9364560552513, -275.6226929383156, -2566.8280523762664, 154.00328951456765, 336.7031695487432, 1392.489693100254, 347.08896487223717, -2076.0316655085794, 631.3391460516671, -1423.8646488295253, -2404.1331858697727, 367.785069684502, 517.4194316823592, 17.069356784856495, 1061.7057972231084, 3058.9145838857003, 217.0302107450532, 41.65400253735061, 558.5857883157182, 1435.92848766086, -2170.972941524601, 507.3988592903033, 199.11140980770037, 849.3775838132423, 19.102604380490448, 57.98735935366142, 727.7812077104888, -2107.1976895449006, 110.34387825728183, 1357.7200083373418, 627.5601603284614, 752.7564527818422, -1996.1143161847126, 127.27106913767031, 221.7117881175713, 903.1663168948438, 553.7253931917222, -101.13728369865248, -262.64956775210965, 426.82269781860725, 331.5912109374314, 423.5311780418366, -341.16951736618864, 76.15232842753153, -355.4084321614149, -3279.788518548668, 840.8369637126189, -360.7476351892674, 112.07308920846984, 670.9629967581077, -2608.1811279835265, -2002.199348696401, 206.9854421358097, 2307.22421049836, 1873.7522038113875, -852.7172368558466, 447.5842340289631, 321.9443706097106, -1112.8472075717177, -22.52990790972069, -355.61734057661477, 382.49575741835326, 803.5226269418414, -906.3591032406779, 508.8631398633307, 120.09215112776536, 845.6805815324569, 186.24976338538377, 33.83897582318605, 317.5995083677806, 544.1613729357332, 263.3824539255189, -310.7826422933391, 884.0086487346989, 310.6259534884999, 680.5885589417187, 558.231842942587, 1228.9009238820795, 75.83218602482395, 829.4570643948146, 546.8156755390223, -1546.758985531415, 837.4905757288572, -14.05014733475491, 811.013783268348, 130.6117280084054, 726.2161775186898, 550.8073968024416, 2879.7030540518167, 924.0584516707174, 728.5494393435786, -1497.7468723550364, 714.9368787634722, 3690.2517008709215, 269.1554446973115, 971.4366480497132, 2481.592263353085, -1536.245807863555, 1111.9358177877675, 639.8695930325, -158.24456009866924, -1766.4012292975076, 438.16874714052096, -81.53830222822569, -1033.8451946395298, -1158.971670245281, 1760.4279022684614, -3124.283976254954, 1848.2773912277153, 461.7778617038285, 534.6515193143077, 1463.1550287456075, 773.755709804876, 1044.4994529472056, 515.410284230441, 2648.522334930814, -4323.289610207391, 428.35761518916314, 836.655930078771, 947.5991685202911, 1154.6072508802113, 1779.2535609765105, 1018.8665050455746, 267.2011752576195, 159.2334111203781, 753.1717924237391, 639.4995781543329, 61.439478416491, 740.3182699959646, -2203.7692822023796, 883.9785406464183, -2662.939638857209, 619.4841579548853, 1097.2879172341927, 982.8747836161896, 114.9658171839225, -29.115119276238374, 309.6412093786441, 1126.8271630891052, 839.5395096799832, 718.2665433903089, 1028.957142543754, 945.8922569496783, 2004.0008547951848, -1919.3255046544136, 984.2809480908932, -1925.027430399995, 196.42723662217057, -1917.2810861803268, 1847.335694007189, 827.1610120960016, 2841.967974315745, 194.40493982350884, -1515.007252162683, -192.93808940031693, -175.98611186649566, -2867.424739519164, 830.5989227592086, 1626.513284347553, -1833.1304344956866, 806.9045230088327, 173.7565349592999, 957.2244642920258, 964.0899629204375, 1117.2102193659925, -1973.025078843446, 400.0670104860941, -629.3695657887232, 146.2819565135201, -783.7373710473129, 924.5945596307337, 647.8457953034024, 653.701487393907, 329.603237311618, 304.9668274249933, -2195.927602301335, 740.0579236598066, -25.223709310936442, 25.615790770931255, 746.8007538239885, -1250.00574328001, -7.032776626494865, 950.7231666563298, -658.059801064491, 2251.50961120982, 784.3631470732702, 656.6364222166967, 730.0655048177088, 690.1942956169792, -99.28539753491918, 12.596911341056625, 211.18811227200692, 536.4750908753736, -1840.230622016686, -633.4249813456438, 654.4844413324872, 104.67812848566913, 2008.61343699996, 1154.6101059898103, 163.3191013495062, 1689.571026198404, 855.623060750816, 1135.2203032041202, 852.875881171645, 84.1191124032323, 2870.7372458390846, 317.53580398992426, -588.2916859945453, 648.8790350882643, 1078.0131341105007, 1115.7510688791237, 29.450320102198702, 3568.1262115854497, -645.046540167645, -142.29347657496294, 460.3950249241062, 4074.680746132706, 939.5124166863837, 425.49001812967833, 594.6746550505284, 0.46197954984421585, 1713.621844499064, 549.2796787854612, 636.2591527310567, -1080.6599895192617, 672.5206342322892, 267.2421642648127, 1277.4384122393626, 895.4682394356014, 370.37551290368907, 624.7881536456612, 1179.285397676852, -1188.882799464915, -106.73684037589442, -258.5537318923426, -1238.5669253115693, -2214.374016849398, -277.07553980673947, 1109.2381562479486, -394.2397715464841, 917.3793735350686, -247.33203271515424, 173.17483188896958, 1265.2574303647416, 284.363589078632, 211.46927853954392, 818.2195779592955, -280.0599848958683, 801.640441411, 508.69841893279965, 1799.5807464120057, 1080.2826735339008, -155.92613450333045, 3214.4427303706266, -338.1676850625872, 667.0022644381052, 2614.347276024222, 1581.956902154765, -71.65488431694865, -1042.64367704309, -218.8306590134988, 157.15112426591483, 1265.0503623714042, 534.6279249380016, 912.5784557082426, -1392.8783706176864, 1638.7139368013259, 343.8064165753882, 827.8747167277156, 816.5636278740967, -2753.7020677164173, -2089.4893140386707, -1778.8048297963805, 486.2873657881365, 1652.373688079536, 2621.34245146784, 792.4158939050411, 132.2190730476762, 742.6047073958974, 108.09132098335982, -1817.5566540834948, -1939.2562848510124, 3952.5684613650888, 638.5493911444182, 86.1971191942963, 1031.9418840716962, 60.85927001216157, 990.3297824710916, 945.538479204527, 2698.004234604498, 725.0320949522618, 906.4995341730013, 154.63175528960872, 3062.33711944236, 782.4702262670198, 35.06633472316685, 134.8875845726145, -2530.6253805803717, 615.045570479575, 824.8951530136553, 795.1164284046408, -3233.130404335782, 1046.499158556258, 582.9808432055556, 1638.9092616063754, 840.9392282355577, 3012.3607470677753, 677.4271244498076, 1319.4677717737409, 730.3959940074653, 610.5744200315061, 494.25425039722694, -87.85757477489659, -1606.2947059054213, 469.5761237355696, 62.84977671242211, 918.1208532933795, 112.68264062627637, 41.88828806158455, -281.6087442459906, -717.782080464442, 127.826780682248, 978.9914719788236, 404.7799532798989, 28.63794037411924, 1566.7313141977356, 211.03539815416917, 640.5997878923006, 659.0615808564081, 1333.8229172525262, 148.05528051139956, 677.571338790305, 337.77592563991766, 87.31869105013789, 1652.2548152007002, 476.12244961953985, 494.02801240701945, 325.0008231471745, 1787.3131487072137, 472.7961565190078, 665.0226172136634, 2732.23799110854, -2032.751884028341, 359.3664604442279, 901.2278868015369, 139.07781711525425, 1034.8051790833056, 381.967768024845, 191.08038128300134, 423.78787705053014, -541.6912940474164, -55.97370177522532, 744.9223512761633, -905.6614130267161, 630.2435269309728, 245.87577742310015, 658.6476314155977, 678.1786444791846, 539.2499008129396, 508.1772687689608, 1129.160159223325, 766.5166870939023, 722.59459461942, -46.236932494590405, 566.2478052453503, 139.43932826201717, 615.6104560578136, 307.6213172692188, 543.6693906441428, 461.62422837305814, 148.97972331650828, 375.0684609979753, 1062.4860431122784, 694.5720690289108, 1698.5861901739004, -653.3745930511066, 824.0658350251115, -1126.1696298052916, 552.5424035893125, 1474.0986790424395, 249.31428859972183, 274.8221358393781, -962.6491960585792, 1478.1262504821761, 139.1507204019026, 231.83234716535145, 537.838087961823, 902.8702620141174, 103.89534304318533, 759.6013984898251, 668.399628143923, 744.6905208793141, 568.0791477743495, -53.72851830103582, 493.1643238643993, 381.9013683730016, 308.39524737037425, 562.3590789064925, 434.9088961645668, 142.2139831933376, 1712.6477733191623, -1724.2772386336223, 1951.1266045658022, 911.4190597870675, -1750.5650892881563, 1420.220557179066, -2297.015823971931, -83.31991530406253, 710.2128397022364, 635.8071598385034, 168.16908636969873, 392.77038585211324, 122.37662268114252, 677.2469747349453, 499.3342947290836, 933.9170124252921, 862.8072337301902, 873.0026840615102, 62.50582527996147, -1722.3991981286522, 158.3011844755096, 642.3505568699693, -1804.0442764861573, 1448.247927273394, 812.5555579183418, -28.778152543906003, 1007.8056652436289, 742.2085558705007, 861.790622366346, -1794.0340650808748, 1593.6210843362182, 1788.4671582075239, 1301.4576933636472, -1942.298947966, 2431.477025562408, -2013.7834491438962, 2775.5625023563457, -2088.0527729448686, 780.7869394722819, -27.412900346431456, 910.5460906273362, -1877.3395384973478, 556.9643444401477, 147.1414544210807, 81.75315667621555, 181.15149568210055, -182.76995187511056, 1581.6009679094404, 819.3601970210959, 859.4632394061463, -2662.5285388983766, -352.11629110385104, -1721.1286027272913, 545.3764263958096, -1.5130850492790842, 1479.0089201046867, 277.1186915340804, 410.12841092903665, 340.22876211565597, 467.6020222194418, 531.4624345719251, -1862.7170247346671, -1827.3028850990722, 159.30091309898182, -16.26817676355421, -614.5510694710395, 520.0008490487685, 3051.8978842013094, 780.5438138424745, 627.249805880648, 216.262584262343, 499.5827918925765, -109.95221278737506, 860.7619699591211, 794.5244743445055, 992.2087647721387, 939.9862057366677, 769.9228708226101, 304.9467053047845, 287.7270411706889, 620.4596394009951, -392.4059647004034, 162.46857746643224, 673.2157734184393, 826.0606126761218, 1889.9197794006486, 1397.330015048863, -2099.8759253079256, 199.7866784753859, 24.39278637232701, -24.486826293004356, 245.94187045577732, 118.74249279803749, 108.88324964149828, 967.1126526947675, 2913.309404904292, 1829.8383908597198, 1218.4479660396923, 581.7632233855087, 762.4303207589603, -91.4428982560766, -635.712354339015, 1068.2503081518307, 523.4930975530597, -2355.6401968982855, 874.1362989832709, 1278.0030342197383, 719.4449253962714, 415.8399832591897, 406.6543118802215, 621.9029788221055, -111.82175526090924, 708.4757415674746, 820.9604895673934, 25.699556946079667, 826.5680671989696, 675.7474975777264, 6.1486464735444315, 355.76052098273635, 1675.3729454041254, 1434.4359663240689, 659.1808710456128, 518.4905726881419, 1203.765256861479, -2533.79377602516, -2358.7874413594604, -2058.3818536800504, 929.5783948690337, 99.4094501474575, 221.32031915581095, -58.35060829921434, 1078.8823407948303, 905.1865773436803, -2174.1053065892556, 852.9451644662925, -2645.0392824168175, 1664.1338123435949, -2705.95533000128, -90.18572901972425, -3853.5148094902943, 464.6676206460286, 115.3343593612091, 503.0091218103477, -61.754652153216284, 369.294613378061, 1576.5566348325765, 390.140463274911, 32.9155488265086, -12.337280169894882, -794.5255632769471, 820.7268810170897, 715.0354664540363, 186.22832769764904, -817.36193518686, -1599.9120575845368, -2294.9102780665776, 687.0164131196243, 3821.354330918313, 92.67675817012162, 777.6237670076642, 427.6167701821399, -521.1615896312384, 915.5240614456333, 144.66283684274484, 42.073963092500435, 1144.015160610782, 1289.5654655146716, 584.1294481388286, 427.75738686120246, -218.73386954151022, 500.3288738193005, -87.58740563472713, 1804.2016821519496, -823.1223474545542, -2277.387297436958, 941.4308051245669, 35.196538761046554, 736.940393530557, -104.54872824287077, 942.1014005214961, 802.5917455578071, 332.5421251863797, 931.373638510626, 138.2069748543827, -2111.661548673675, -1530.5972205609964, -662.4211419568267, 482.290906873797, -1811.2656631259024, 907.7079417674503, 649.4838192542426, 573.7427792377256, 700.9698849965956, 85.93825230733444, -2261.5046823033, 1427.9552805415756, 2187.707968008889, 963.6699916822641, 1091.6903002577637, 833.2991654497744, 2499.288993038643, 1059.4275971427035, 1203.7561108583532, 517.1839933932167, 335.42754837204313, 1248.8808133191555, 2769.60831304767, 786.66298830516, 601.2734419847359, 878.184425957863, 511.65075846364596, -199.221847990745, 375.02480019459773, 362.237653940864, 94.11072747591936, 952.0882773180532, 1663.7226016935597, 1126.0364528963205, 37.44768298128906, -161.09187064960133, 31.08657937007945, 2708.0944928878416, 2527.4196640321334, 636.7062878993888, 1465.2442572022546, 372.04482049044947, -264.96170277636054, 686.3686578996221, 1247.401142925447, -660.3012082543104, 4.251205656879165, 463.1976356548751, 1249.2157168373149, 830.3357328911333, 73.85710810889469, 421.86848549551183, -157.23476762230882, 719.0343140231965, -2218.4366023320304, 103.13338480242271, 213.3955406908061, 503.78866787299455, 539.9744012353801, 192.83166688414798, 700.9075621521554, 249.2508760308996, 360.2432087293149, 535.7889715919406, 625.0386771516714, 1937.914753530728, 295.2294275008234, 2232.051105507914, 973.7398193068778, 2688.203834688912, -991.7539413945602, 856.2755314642171, 1508.536796288664, 704.9782865165092, -102.8218187331031, -1117.9578955062452, 465.11296767295465, 3062.1860089547718, -139.16967977556533, 1849.606863752142, 13.971334861767673, 737.4141564886118, 672.1026625493325, 1131.8446242178888, 672.5535919057311, 1918.7671945623747, 887.1317863380007, 2098.945686694977, 835.8553897084496, 604.5899000085038, 721.5819976021703, 583.4655389108142, 364.3938377328856, 711.2129441085069, 91.37628133004546, 310.9319801523757, 1296.7673836069766, 994.4029886032221, 545.6807240240979, 216.89888020753915, 983.2117301099499, -1899.3260258248843, 222.0113346324664, -593.1048630769533, 1522.189083720777, 423.0282136060555, 790.0945718721192, 3682.632632392813, 448.6668391123761, 49.18871370899416, 1001.2471285963028, -121.96763973593579, -2334.1444427940783, 531.6604821405191, 547.9615256668665, 900.4564412556296, 878.2858585006257, -129.33622555688186, 654.1496203209019, 1011.2175385727146, 102.90738835614599, 293.58401819911086, 569.3633222524854, 1923.512429357144, 226.54458325619905, 1169.9143485040358, -16.164550327340976, 272.71192838785896, 606.8851203271406, -1896.194186835667, 353.89825247379974, 7.812894999442506, 1079.7859340676514, -878.193602612265, 667.5940356345054, 823.6187770123663, -191.6296347312291, 828.6046150455193, -1313.869032899613, 2404.750297138993, 673.3891530866201, 3048.461650815261, 1285.1351255897475, 526.9332640223631, -806.7805197667395, 862.8333032990025, 337.8508417985885, -192.4726993209389, -272.2437383686911, 3423.437310512247, 41.995661910488934, 94.03921508542908, 750.2698709675285, 159.75315435364317, 789.1646003382755, 792.5499640315848, 1152.6732994693352, 476.6036749110092, 318.84564412713604, 824.8462130679344, 758.6302943278229, 1375.039288745856, -1056.3032231269976, 81.4898441204125, -390.09221912413625, -2057.988583260078, -304.20307036611564, 615.6141094123858, 806.5131474029346, -6.4427066275486595, 147.4942893024518, 1590.2884031214494, 607.0697117761363, 318.6738613408895, 458.6094425117891, 575.0971276636947, 339.59845056736043, 191.0373794037856, 873.0987421867123, 540.3088318270799, -1841.7481762766183, -75.79797513244307, 2373.0918970475404, 243.1653394552227, -1446.6603469500565, 1459.5701538954731, 1706.1411784913544, -864.017700430188, 487.5448925074264, 683.6322163062842, -2567.5702091085077, -1650.7046030147667, 263.2953698248034, 726.8037314421248, 796.8943733157734, -41.23482361976062, 1207.297437508482, 861.2066124265614, 641.0402537172026, -3.7471176566228905, -1425.6040375302832, 859.3681609199767, 266.95287943076767, 833.9530526295359, 848.6046836162228, 896.3494911052051, -2204.4892226866655, 414.2602429382498, 1733.4499537449642, 1763.6357908305645, 837.4240913045891, 34.13612436300218, -29.93395341807286, -1877.0006059184598, 161.37891989004584, 1017.5150115489737, 84.25634747163554, 732.4168181052464, 829.28794885202, 486.8500679829032, 898.7529327581259, 533.7257406111069, -316.0549974639256, 630.7995288872562, 791.0756900399133, 358.23284482739575, 870.4765088691241, 1326.3820361518087, 502.3024790343491, -1494.9560490847093, 156.74736606452515, 605.1462944770726, 374.2071099769564, 1377.449880781394, 1059.076793858839, 1120.2493946354466, 729.2007231380253, 1184.2479299030965, 1395.8433652100157, 968.2734288290773, 55.26262251376852, 760.5521617704187, 825.2685255026527, 988.7483768695181, 246.68653320571644, 475.96382088645817, 735.1040971268172, 314.47307594159713, -2139.4036250124386, 910.6717848881452, 420.21026550851195, 1093.5200547387635, 857.3893492546573, -1057.287086814526, 2457.0979096379274, 982.0490396378271, 268.60462118012015, 972.380499052803, 1347.1071953311057, 776.2451364713884, 151.63273704717196, 887.9405908147446, 765.5692132056708, 1168.5297833837976, 192.23097554063244, 580.9891469457782, 353.52080931986086, 775.46085143754, 86.21159181739756, -1411.9460287775119, -1527.0988971874117, 714.6849006762114, -161.24567773145748, 765.1426024076923, 541.382413073068, 838.0779750716695, 1189.8345532608369, 1283.0894284040317, 3325.0448991801823, 124.23657390664417, 115.5459704171412, 900.8854450182542, 1197.8421840129083, 1030.585585304375, 882.698372472416, 927.0869553304987, 79.82849071181641, 295.04387989059774, 924.8201400869224, 1327.2416665548183, -2477.5848248811385, 238.3334735873411, 515.3962504500205, 367.75369557618893, 15.87529763245476, -2411.5439913669925, -2670.8722532963566, -781.2687395402321, 529.9442072727705, 210.4237567087529, 328.33688527753066, 865.442069724751, 322.64717557767193, 884.3780409419301, 477.5641905883427, 1497.780618346665, 1099.1195114613395, 1057.0941139160523, 2342.417716477052, -3282.494554989702, 859.9217105363468, 332.7912584214417, 471.8261548568108, -1671.732628439354, -342.8713698759391, 2810.0468736370462, 252.2644910774915, 202.19495910768794, 86.0203545027747, 369.0092670553046, -4741.92224756659, -1758.6495310129721, 40.89745638405873, 4.337621896313976, -1741.420170340703, 938.6956959467784, 78.70324202360007, -2516.9990859252666, 801.5679541144398, 2992.8070823884796, 661.9862231113159, 1117.2315479482504, 2594.730078007731, 227.34186278423385, 386.45136017422413, 195.38735097168126, -276.0085473359129, -8.64527732212673, 545.605391875339, 59.41892790493057, -185.573844556739, 199.02975049283208, -1066.0358123524134, 2684.2865759313504, -2000.890428613266, -4276.350952397905, 393.7020287058687, 135.21141388486626, 1032.4550807524424, 319.3350733755618, 971.9404257401862, 1255.7375377925314, 253.21477329276175, -589.612623988918, 689.5125728845206, 1438.1366401822397, -1753.038525855863, 648.5826783213345, 2686.179789936778, 620.2332269646304, 112.59088604227611, 398.60742526429726, -2374.936042338432, 25.797024087070042, 332.5449754666124, 2367.483621778245, -118.59669429287192, -2386.808923555983, 32.191048404068056, 58.99845476419398, 2095.613472533655, -2000.1083387241238, 797.525029126604, 817.89835126024, 2642.658459044878, -1613.8268144638687, 1140.7700775760482, 408.3668401073974, -1744.6607867236894, 1180.339546029958, 801.2875896969585, -2099.8369297328436, 40.61333447671689, 709.5528300025044, 981.5851760402974, -1154.2867306591256, 761.2215930748503, 165.8299080106162, 465.1980389016476, 193.35911610651425, 932.8053218802071, 38.61128723831041, -2270.5565579402, 1139.987906473235, 687.7492804706807, 112.89077942611112, 630.7516323355219, -1951.9680287221663, 834.7987647726942, 1283.6277947147091, -204.69505860728543, -1522.6786571185094, 638.8562418158712, 1217.4803073969924, 142.52397052602313, 1329.6258677075998, 294.9159309637431, 331.21175560654143, 711.672502774692, 2454.4604488726486, -166.42241493980396, 528.7704346289214, -2421.279086610106, 48.07876962405521, 555.7543898032441, 911.1740898777377, -471.4412725508048, 1060.372397558708, -6.706431238731852, 711.7480424796005, 603.0688950247859, -2887.9549206209786, -15.363711329808325, 260.7731968986599, -466.25197103046776, 121.34254548807039, 930.2888386584609, -644.4836775192429, 219.40117920253695, 1007.3922921433593, 268.1783126914826, 991.3690870480777, 1058.2710051713657, -2277.3955401845196, 510.6201347818309, 123.02177528794843, -2385.3607323876845, 243.28325749310932, 1882.3678642517357, 37.28053318864744, 392.39289636777903, 1167.7896314811182, 112.95502397510947, -113.54907752112854, 123.32724373091375, 712.7856581318858, 2276.0764488859036, -89.5449545651428, -1915.4961471869683, 303.91131506621286, 658.1631840724473, 228.56783621609074, 638.2095024043001, 1033.9358221256928, 2682.1586999936817, 526.561199323876]"
0.5,9358,0.6789436561005553,0.6789436561005553,0.019927263259887695,0.32123115782090017,"[2, 3, 2, 2, 3, 3, 3, 3, 3, 1, 3, 2, 3, 3, 2, 3, 3, 2, 2, 2, 2, 2, 3, 4, 4, 3, 2, 2, 3, 4, 2, 1, 2, 2, 3, 3, 2, 4, 2, 2, 3, 2, 2, 2, 1, 2, 2, 2, 1, 2, 1, 2, 1, 2, 4, 2, 3, 3, 2, 1, 2, 2, 3, 4, 1, 2, 3, 3, 2, 2, 1, 4, 1, 2, 3, 2, 2, 2, 2, 2, 2, 3, 2, 2, 2, 2, 4, 3, 3, 3, 3, 5, 3, 2, 1, 3, 2, 3, 2, 3, 2, 3, 5, 3, 3, 2, 3, 3, 2, 2, 3, 2, 2, 3, 2, 3, 3, 2, 2, 3, 4, 1, 2, 3, 3, 3, 2, 2, 2, 2, 2, 3, 2, 5, 3, 2, 2, 3, 3, 2, 1, 3, 2, 2, 3, 2, 2, 4, 3, 2, 1, 1, 1, 2, 3, 3, 3, 3, 2, 2, 2, 2, 5, 2, 2, 5, 1, 2, 5, 2, 3, 3, 3, 1, 1, 2, 3, 2, 2, 2, 2, 1, 2, 3, 2, 4, 2, 3, 5, 2, 1, 2, 4, 3, 3, 2, 3, 3, 3, 2, 2, 3, 3, 2, 2, 3, 2, 2, 2, 3, 4, 4, 2, 3, 3, 1, 3, 3, 4, 2, 1, 2, 3, 2, 1, 2, 2, 3, 1, 4, 2, 3, 2, 2, 2, 2, 2, 1, 2, 3, 2, 3, 3, 3, 4, 2, 3, 2, 3, 2, 3, 3, 4, 3, 2, 3, 3, 4, 2, 2, 2, 4, 2, 3, 1, 2, 3, 1, 2, 1, 3, 1, 2, 1, 3, 2, 3, 2, 4, 3, 2, 2, 3, 3, 2, 2, 2, 1, 2, 2, 4, 2, 3, 3, 2, 2, 4, 3, 3, 2, 2, 2, 2, 3, 3, 2, 3, 2, 2, 4, 2, 3, 2, 3, 2, 2, 2, 2, 3, 2, 3, 1, 3, 2, 4, 3, 2, 3, 3, 2, 4, 2, 3, 3, 2, 2, 2, 3, 2, 3, 3, 1, 3, 2, 3, 3, 2, 3, 2, 2, 2, 2, 1, 2, 1, 3, 2, 3, 2, 3, 3, 2, 2, 2, 2, 3, 2, 3, 2, 4, 1, 3, 2, 2, 3, 2, 2, 3, 3, 4, 3, 3, 3, 3, 3, 2, 2, 1, 3, 2, 2, 4, 2, 2, 2, 5, 2, 2, 4, 4, 4, 2, 3, 4, 2, 4, 2, 3, 3, 3, 1, 3, 2, 3, 2, 2, 4, 1, 3, 2, 3, 4, 3, 3, 1, 3, 2, 2, 3, 2, 2, 2, 2, 2, 3, 2, 3, 2, 3, 4, 1, 2, 3, 3, 2, 3, 3, 2, 3, 4, 2, 3, 3, 4, 2, 2, 3, 2, 3, 2, 2, 3, 3, 4, 3, 3, 2, 3, 3, 2, 1, 3, 2, 2, 3, 4, 3, 2, 2, 2, 2, 1, 3, 4, 2, 2, 5, 2, 4, 3, 3, 3, 3, 1, 1, 5, 3, 3, 3, 2, 2, 1, 3, 2, 4, 3, 3, 2, 3, 2, 2, 2, 3, 1, 3, 4, 3, 2, 2, 3, 3, 2, 2, 4, 2, 2, 5, 2, 2, 3, 3, 1, 2, 3, 1, 3, 4, 3, 1, 2, 3, 3, 2, 4, 2, 3, 3, 5, 3, 4, 2, 3, 3, 4, 2, 3, 2, 5, 3, 2, 3, 1, 4, 2, 2, 2, 3, 2, 2, 2, 3, 3, 3, 3, 4, 2, 3, 2, 1, 3, 1, 4, 2, 4, 3, 1, 2, 2, 2, 1, 5, 2, 3, 3, 3, 2, 2, 4, 2, 4, 3, 1, 2, 3, 2, 4, 3, 3, 1, 3, 5, 4, 2, 2, 3, 3, 3, 2, 3, 3, 2, 2, 3, 1, 1, 3, 3, 4, 4, 4, 2, 2, 3, 2, 5, 3, 2, 2, 4, 1, 3, 3, 2, 3, 4, 2, 3, 3, 2, 3, 4, 2, 3, 1, 1, 1, 2, 2, 4, 2, 2, 3, 3, 2, 2, 3, 2, 2, 3, 4, 3, 3, 1, 1, 3, 2, 4, 3, 4, 3, 3, 4, 2, 2, 3, 3, 4, 4, 2, 3, 1, 3, 2, 3, 1, 3, 3, 3, 2, 3, 2, 3, 2, 2, 2, 2, 4, 3, 3, 3, 2, 2, 4, 1, 3, 2, 3, 4, 3, 3, 2, 1, 2, 1, 1, 2, 2, 2, 3, 2, 5, 2, 2, 2, 2, 2, 3, 3, 3, 2, 2, 4, 1, 3, 2, 3, 3, 3, 2, 2, 4, 3, 2, 3, 4, 1, 2, 2, 3, 4, 2, 4, 2, 4, 5, 4, 2, 1, 4, 1, 1, 1, 3, 2, 2, 2, 3, 4, 3, 3, 3, 2, 2, 3, 1, 1, 4, 1, 4, 2, 2, 2, 3, 2, 2, 3, 3, 3, 3, 2, 3, 2, 2, 5, 1, 3, 1, 3, 5, 4, 4, 1, 2, 1, 5, 2, 4, 2, 1, 2, 1, 2, 3, 3, 2, 2, 3, 3, 3, 3, 2, 3, 3, 2, 3, 2, 2, 3, 2, 3, 1, 3, 3, 2, 2, 1, 3, 3, 2, 3, 2, 3, 5, 3, 3, 3, 1, 3, 2, 2, 3, 3, 1, 3, 2, 2, 2, 3, 2, 2, 2, 2, 2, 4, 3, 1, 2, 2, 3, 4, 2, 2, 5, 5, 2, 2, 2, 2, 3, 2, 4, 3, 3, 3, 3, 5, 2, 1, 2, 1, 3, 2, 2, 2, 3, 3, 2, 3, 1, 3, 1, 2, 3, 4, 2, 2, 2, 2, 3, 2, 4, 2, 3, 2, 1, 3, 2, 2, 3, 1, 3, 2, 2, 2, 1, 2, 3, 5, 3, 4, 3, 3, 3, 4, 2, 3, 1, 3, 4, 3, 1, 4, 3, 3, 2, 1, 2, 2, 3, 4, 1, 2, 2, 1, 3, 2, 1, 2, 2, 2, 3, 4, 1, 3, 2, 4, 2, 3, 2, 2, 2, 3, 3, 4, 3, 4, 2, 1, 5, 2, 2, 2, 1, 2, 1, 3, 3, 3, 2, 4, 2, 3, 3, 3, 2, 2, 4, 3, 2, 2, 2, 2, 3, 3, 3, 4, 4, 3, 2, 3, 3, 2, 1, 1, 3, 3, 3, 3, 1, 3, 3, 3, 2, 2, 3, 4, 3, 2, 2, 4, 2, 2, 3, 3, 2, 2, 3, 2, 4, 1, 3, 2, 3, 2, 2, 1, 4, 2, 2, 3, 2, 3, 2, 3, 4, 4, 5, 4, 2, 2, 2, 5, 2, 4, 4, 5, 3, 2, 2, 3, 2, 2, 3, 2, 3, 2, 2, 3, 3, 4, 1, 5, 3, 3, 3, 2, 2, 3, 4, 1, 2, 1, 3, 4, 1, 4, 3, 1, 1, 2, 2, 2, 2, 5, 3, 2, 2, 3, 1, 4, 2, 4, 2, 3, 2, 3, 3, 2, 2, 2, 2, 2, 2, 3, 2, 3, 2, 2, 3, 2, 3, 3, 2, 2, 3, 4, 2, 2, 2, 2, 2, 2, 2, 3, 2, 2, 2, 4, 1, 3, 4, 2, 2, 3, 2, 2, 3, 2, 3, 3, 2, 2, 2, 2, 3, 3, 2, 2, 1, 3, 3, 3, 3, 2, 2, 3, 3, 3, 2, 3, 1, 3, 3, 2, 3, 3, 5, 3, 1, 3, 2, 3, 2, 1, 4, 2, 3, 3, 2, 2, 2, 3, 2, 3, 2, 1, 1, 3, 3, 3, 3, 2, 2, 4, 3, 3, 2, 2, 3, 3, 2, 3, 3, 2, 3, 2, 4, 4, 2, 2, 4, 2, 2, 2, 2, 4, 2, 2, 2, 4, 2, 4, 2, 3, 1, 3, 2, 2, 2, 3, 2, 4, 2, 3, 2, 3, 3, 2, 4, 3, 3, 3, 4, 2, 3, 5, 2, 2, 2, 2, 2, 2, 4, 4, 2, 3, 3, 4, 4, 1, 1, 1, 2, 2, 3, 2, 2, 2, 2, 3, 3, 1, 2, 2, 2, 3, 2, 3, 3, 2, 3, 2, 3, 2, 3, 1, 5, 4, 4, 3, 2, 3, 3, 3, 3, 3, 2, 4, 2, 3, 2, 3, 4, 2, 2, 2, 4, 1, 2, 3, 3, 2, 3, 3, 3, 2, 3, 1, 1, 2, 1, 4, 3, 2, 3, 4, 4, 1, 2, 4, 1, 1, 1, 3, 3, 3, 3, 4, 2, 4, 4, 3, 2, 1, 3, 2, 3, 1, 3, 2, 3, 2, 3, 2, 4, 4, 3, 3, 2, 3, 3, 3, 2, 1, 2, 2, 2, 3, 2, 2, 1, 1, 2, 2, 3, 4, 3, 3, 2, 2, 3, 3, 2, 2, 2, 3, 2, 1, 4, 3, 2, 1, 2, 3, 3, 2, 2, 3, 3, 3, 3, 3, 2, 2, 3, 2, 2, 2, 3, 1, 3, 3, 3, 2, 2, 3, 3, 3, 3, 3, 2, 2, 3, 3, 3, 2, 3, 1, 5, 2, 4, 2, 3, 3, 2, 2, 2, 2, 3, 3, 2, 2, 3, 2, 2, 1, 1, 4, 2, 3, 3, 3, 2, 3, 2, 3, 3, 2, 4, 5, 2, 3, 2, 3, 3, 2, 2, 2, 4, 2, 2, 3, 5, 2, 2, 2, 2, 2, 2, 1, 3, 2, 4, 1, 2, 3, 1, 2, 4, 4, 2, 3, 3, 1, 1, 1, 4, 2, 4, 2, 4, 3, 3, 4, 2, 3, 3, 3, 2, 2, 2, 3, 3, 3, 2, 4, 2, 3, 3, 3, 3, 3, 3, 3, 3, 3, 3, 4, 3, 1, 4, 3, 3, 2, 3, 2, 1, 1, 3, 3, 2, 3, 2, 4, 2, 2, 2, 2, 3, 2, 3, 3, 3, 2, 1, 1, 1, 4, 3, 2, 3, 3, 3, 2, 4, 3, 4, 2, 3, 3, 5, 2, 2, 2, 2, 3, 2, 4, 2, 1, 1, 2, 2, 2, 3, 2, 3, 3, 1, 3, 3, 3, 3, 1, 4, 3, 2, 1, 2, 1, 2, 3, 2, 1, 4, 2, 2, 3, 4, 4, 4, 2, 3, 4, 2, 4, 1, 2, 2, 2, 3, 3, 3, 2, 2, 4, 2, 2, 1, 4, 3, 3, 4, 2, 4, 3, 3, 1, 5, 4, 4, 3, 1, 4, 2, 2, 3, 4, 5, 1, 2, 4, 3, 2, 3, 2, 3, 2, 3, 3, 2, 2, 2, 4, 4, 3, 3, 3, 2, 1, 4, 3, 2, 2, 3, 3, 2, 2, 2, 1, 1, 3, 4, 3, 2, 3, 3, 2, 3, 3, 3, 2, 2, 3, 3, 1, 2, 2, 2, 3, 2, 4, 2, 2, 2, 2, 2, 4, 3, 3, 3, 2, 3, 5, 3, 4, 2, 4, 2, 2, 3, 2, 2, 2, 3, 2, 2, 2, 3, 2, 1, 3, 2, 2, 1, 3, 2, 3, 2, 3, 3, 3, 3, 2, 2, 2, 3, 2, 1, 2, 2, 4, 3, 2, 2, 2, 2, 3, 3, 2, 2, 3, 5, 3, 4, 2, 2, 2, 3, 3, 2, 4, 1, 2, 1, 2, 2, 3, 1, 2, 3, 3, 2, 3, 1, 2, 4, 3, 3, 3, 2, 2, 2, 3, 3, 3, 2, 2, 2, 3, 5, 1, 3, 2, 1, 4, 2, 3, 2, 3, 3, 2, 3, 3, 1, 3, 2, 3, 3, 3, 3, 3, 3, 3, 3, 3, 2, 4, 3, 2, 1, 2, 4, 4, 1, 2, 3, 4, 2, 3, 3, 2]","[2.8638286335246095, 1.806676762624987, 1.9867848392112586, 2.6275667496632384, 2.5300462620610435, 3.3864812574066407, 2.4652574104913727, 2.457363497489288, 2.173232338898323, 2.2902385101336153, 2.2102728534079343, 2.8041643971479338, 3.1941080456038256, 2.2441037164959075, 2.0867497702197233, 2.1816137613855777, 2.3333103341907497, 2.2208386019898585, 2.3017070331815517, 2.035790352062564, 2.3969143090580585, 2.016864908913833, 2.4281302017989383, 4.570021712981837, 2.966722521090282, 2.474835967516217, 2.8107648864932355, 2.1218600765245084, 2.082810465187283, 3.33225938777453, 1.8955285238166302, 2.667089347204913, 2.282773158497175, 1.9720643605574988, 2.555638868024464, 2.6018544888011172, 2.7200485268414343, 3.160358257569767, 2.0009835941515375, 1.9411526467051536, 2.18134092089801, 2.0078122074521203, 2.329819241048689, 2.928234740909283, 2.4798637447156433, 1.8529995843175682, 2.0029264373811433, 2.513934204671941, 2.2924671784515027, 2.63529567345827, 2.531490919882505, 2.3968191810555175, 2.2146033753043803, 2.5284449119305585, 2.742859918366611, 2.2351264311054635, 2.195930293097637, 2.403840593893909, 2.525818456279417, 2.7261010450081034, 2.9048210286946294, 2.3162460763500206, 2.4750711955185563, 3.7095231463094986, 1.8312200199509494, 2.671188224123274, 2.141026522522485, 1.7482681690647788, 2.13037375468957, 1.7423366910638245, 2.317218721633073, 3.663218481829633, 2.6396668756371695, 2.7616016362996056, 1.8226125861668694, 2.3436562845213293, 2.723793381417128, 2.403340106413191, 2.024535114999745, 2.5864879353439427, 2.1956803361854185, 3.529550309841216, 2.2601765971707044, 1.9477631013236292, 2.561463006948655, 1.7506407703865658, 3.1498316972995344, 2.6629301391323255, 2.3657930178423436, 2.517419713302446, 2.7492996872725786, 3.007781324407389, 2.87678433749143, 2.07614104804855, 3.0246181989884295, 2.1589562678852188, 2.259940659807555, 2.4184244351158157, 2.56758885750788, 2.211124662911765, 2.501099901697014, 2.354816228675256, 3.1279025690524738, 2.166450360383011, 2.158599405846917, 2.4695967601830366, 2.4696094899890406, 2.332391831226048, 2.6905822116048608, 1.9817113457424023, 1.9750480418276943, 1.9384666676670468, 2.5358238798021375, 3.389466300881494, 2.620208548335699, 3.6530825371525415, 2.4314611207953027, 2.6711304291001046, 2.4420683348295493, 3.1550317900688247, 3.3020799483127288, 2.366221556687733, 2.3276947156586054, 1.9486355519747312, 2.179101780869703, 2.450134071866297, 2.418020900027344, 1.91401751600909, 1.8789469924056208, 2.4135309417266906, 2.429073667424052, 2.441675809523605, 2.41709698559928, 4.760443461900445, 3.7950929605233568, 2.3478902216300774, 2.414221530561403, 2.099543829695768, 1.8968954171098278, 1.800599767945838, 1.8708379173032446, 1.9672680574700294, 1.886325011344292, 1.7678477413630185, 2.521404251012148, 2.225991683458738, 2.1840433218522666, 3.163583659886126, 2.0439396509469145, 1.9005544216493546, 2.158344476168569, 1.818522815205443, 2.1306202621695904, 1.74559898625189, 1.8764889517575842, 3.369556811300477, 1.8121223952949121, 2.6431042215032914, 2.350779515420351, 2.1728872349625217, 2.8635718927166303, 2.679185913740259, 4.105134069096542, 2.463172210458029, 1.8245032398464542, 3.863928658856988, 1.9574325651323812, 2.1030558601016827, 4.14079547926072, 2.2942995925034047, 2.3427827599867137, 2.356083884117244, 2.707115001757286, 1.755402769255358, 2.192707856419946, 1.9800265591879718, 2.73664126050191, 2.4114176138200856, 2.072667738329513, 1.8253815541659109, 1.7929531612247618, 2.606314257550779, 2.4399707744312753, 2.2430496569376226, 3.135743174693013, 4.5919455250169285, 1.963032806432618, 2.6991856619563577, 4.105011933439799, 2.0653312530802355, 2.1587663253269143, 2.491757861774839, 2.5156884022382724, 2.010903218043757, 3.083639130382435, 2.627403140708892, 1.7394110089031098, 3.1202258149202353, 2.9034869799544687, 2.261502998401777, 2.365564975037169, 2.367174004237121, 2.1989657017052826, 2.3859842165798377, 2.1334274080637403, 1.9370735830050003, 2.630253633385572, 1.879744083501781, 2.468988474463787, 3.0201778990960744, 3.970334836787843, 3.6774683742580265, 2.310474664082419, 2.447790031502266, 2.880376799889624, 2.33761721865467, 3.2644326357349067, 1.9088918013553515, 2.522428162909566, 2.522214304336996, 2.4232939269946048, 2.1514660100542162, 2.307799882527791, 2.441212562354788, 2.427290215405138, 2.500564954082412, 2.333158975845182, 3.5903747416722234, 2.1502759021657867, 2.3403448556625155, 2.7950853296288094, 2.6687301394982477, 2.266305721530012, 2.5925369971766856, 2.4182391271437305, 2.3702103924945903, 1.9557985928639652, 2.125941565708511, 1.8965319860172813, 2.363396279231946, 2.1521546157035334, 2.5597817694506686, 3.440140368430588, 2.6642205574175097, 2.3750762077575374, 2.570938829533402, 2.558608312795223, 3.221762235600158, 2.7003343055357765, 2.0827279700737806, 2.043185794864751, 2.4628333576353985, 3.4313060043144645, 3.020887410846168, 2.1288921034567614, 2.357763843342672, 3.7417335803399294, 2.9634766868280074, 1.8467256516947717, 2.1054852730203732, 2.0566255893016114, 2.007621951447038, 2.087291340128395, 2.3865061444569964, 2.1912839340820875, 1.7709319701946349, 2.922518698202988, 1.9041885639713088, 1.894100863255895, 2.4316801704285105, 2.916084910967293, 2.2018506242221396, 2.057366101471238, 3.7783880434944477, 3.0998428572797714, 1.9031648356027142, 2.2725173348458374, 1.8873714193722435, 4.188807177442284, 2.680555640596976, 2.03487744883203, 1.7894256438307876, 2.0236825236795815, 3.033014025987655, 2.4121609000570685, 2.5667380516422633, 1.8056937732653962, 1.8303713497860747, 2.2862011687673593, 1.9798799782851166, 3.0064382103852783, 2.362631546960914, 2.1697212721748755, 1.9775460009064452, 2.329447059336111, 2.563197261851876, 2.469714074742246, 2.1898117668648354, 2.914632793140486, 1.8640919024899647, 2.8855656812755095, 2.0747776134503852, 2.3042636702853687, 2.4797916245687976, 3.910202113587067, 1.7657726630904609, 4.0337162627009056, 2.3756423164534315, 1.9720736081531314, 3.371715577166463, 2.3895005504951508, 2.3850658201171053, 1.8466678317681502, 2.7373530783214832, 1.7536233309157745, 2.2276219401016704, 2.2131372640740894, 2.6788929642177495, 2.860799686823849, 3.1236984990104713, 2.344664472142663, 2.292833309465035, 2.6424234486565825, 2.2470447982382367, 2.7492537960697843, 2.181232075146916, 2.093084694413218, 2.304803067891088, 3.0649761525098134, 2.7099487433015255, 3.1776573258226444, 2.8596985728537145, 2.081294315330326, 2.5252908034921187, 2.327111808601753, 2.079062375348097, 2.279827643204136, 2.11353922523663, 2.191628593435362, 2.5694021221860646, 2.600417080167281, 1.892861791369056, 3.877338954279833, 1.8503936785343416, 3.3624834964325547, 2.0406124805770225, 2.238686928061135, 2.9818103298675362, 1.9762539380846753, 2.183246559425496, 2.5004194072348365, 2.3413583145739936, 2.010481339657982, 2.3673145871588277, 2.7220792448621607, 2.219035506303632, 1.947370136825081, 2.2916763129906372, 2.9326915619000244, 2.3593907183174254, 2.4709695747022202, 1.7955896931453426, 2.367642169096352, 2.271559426369372, 2.356054568057627, 1.944991862615184, 2.2433239287324716, 2.2816564780542183, 1.7486533382585545, 2.5307556917900453, 4.153226794482118, 2.926097942043356, 2.3390401169953043, 3.6061438931070793, 2.3363339395532736, 2.145340560422696, 2.700706694292516, 2.951298176460863, 2.5291545472113515, 3.0646055188617494, 2.438055913934365, 2.154794862504855, 2.565870888592182, 2.356426116521188, 3.4463060345907452, 2.8939139977823265, 2.442516411288693, 1.9816696939296485, 1.9251779255037569, 2.0042212573849683, 2.8954860916017178, 2.68675179567912, 2.1586071505446625, 2.0795097861012524, 2.592888563664762, 3.357897025555559, 2.3588649911578914, 1.9628977680948803, 2.7098664674004764, 3.6612118017200914, 2.9521293313568515, 2.192843603645442, 2.1015530586515587, 2.7939269187324314, 1.797019528889513, 3.143926752892589, 1.9579719173461076, 2.3414623541279975, 2.338326007732985, 2.517127369664939, 2.34417237194891, 2.6418732581203166, 2.507302387676307, 2.6793356904983963, 1.9521660415910864, 3.0184239947865596, 2.9377869398747967, 2.2484832900688994, 3.149566687005782, 2.4115620494371948, 2.0465983767989435, 3.3538837063833693, 2.069244708944982, 2.3981553156101314, 1.9534651827343532, 3.66801697941536, 1.8286410752866202, 1.8327271548826438, 1.890768975313153, 2.3495544538222966, 3.000821846339161, 3.711637949502925, 2.0535874054088143, 2.5210691972002017, 2.102064123623928, 2.72304258382303, 1.9062172524710934, 2.2361871393536394, 2.3772035556862634, 2.032925301490465, 4.015032858940533, 1.7669710774894472, 2.159763836700452, 2.6797461658708874, 2.503873309431909, 2.925292778053113, 2.8707711378260976, 2.347896335598846, 2.254015171021972, 2.915303312098231, 2.5139052694051167, 2.132149784693462, 2.583473098231494, 2.077683308497948, 2.4344994170993686, 2.329488373367523, 2.352582775539876, 2.43789967008078, 2.315605186595936, 2.2052584360883998, 2.032762745661419, 2.5778868869369513, 2.31764460723846, 2.7340807082984164, 2.109633653572587, 2.3280537832974093, 1.731226285059095, 1.951277238675909, 2.784810151321634, 2.444215411101797, 2.1114898341058987, 1.9690652335929586, 2.254877317227561, 2.776802073799453, 2.499277273983112, 3.0745661542870804, 2.4801596482091055, 2.0840746752183175, 1.7511322650663614, 1.8454871551525094, 1.9104138420212284, 2.154995425787058, 2.782565997307332, 3.5188107880326505, 2.1919125220239555, 2.799750853837099, 2.4021034411623625, 1.886021322304264, 2.062852757842567, 2.755465654840118, 2.419351355063811, 2.483567838631045, 2.628117866609503, 2.1333581872107, 2.426271800442512, 4.340039510913484, 2.4152146848146736, 1.9924307996614088, 2.8694576898325694, 2.664690425514269, 2.4215956819806284, 3.1469971938725134, 2.172541767693654, 2.3495564690667297, 3.645356518786211, 2.240676425368745, 1.8300055108397228, 2.4223554509960517, 2.636251325474951, 1.8607208982221555, 2.4536292191874507, 2.7114111337382583, 2.7073052147778065, 2.5793740943226227, 2.483020386950923, 2.805171258746161, 2.8404574888518836, 2.2131297962209118, 2.1574677405560587, 1.940020425041884, 2.8735503248765895, 2.3410626594184074, 2.5298294859163506, 4.031764010869753, 2.960836756400907, 2.159341122414422, 4.520456308032463, 2.6036902491367835, 2.5154894951140463, 2.439869259388957, 2.6338952074315456, 2.6276236786387592, 2.7529437763970837, 2.846980742529089, 1.8531203744571114, 1.8271989426975814, 2.326770697856741, 2.5722068882360434, 1.9412990543344488, 2.0918173515000626, 2.533666381480393, 2.818408435869559, 2.741181507186261, 3.6207021931213443, 3.0186576024145397, 2.4158360154493934, 1.8875586855249005, 3.6450416800132532, 2.192451894151799, 2.660539800027193, 2.8300072665686216, 3.4107955921025774, 2.808250557993417, 3.063742035360491, 1.993592403581461, 2.131810200385681, 2.416340689880118, 3.6540113337874813, 2.370732968397216, 2.1566253171583902, 1.9531280215029905, 4.317294603938948, 2.908252446757123, 2.264787112270271, 3.7028561170111, 1.868103574344438, 4.346742466617208, 1.9787309817762266, 1.8752145385679722, 3.217752711538216, 2.1500773396501476, 1.957962309446224, 2.0827521476636766, 2.510737717033876, 3.756613617867221, 2.1796789446656337, 2.9596697123644873, 3.167510049745195, 2.3351302324845453, 2.240285668409231, 2.3069654973605282, 4.58549995586066, 2.223873789400193, 2.5091133656777327, 2.4405820912966645, 2.544832060028091, 2.5447824252365034, 2.2934834315921395, 3.6157751505140303, 2.8530142175018414, 3.470497950479419, 2.2142719603627548, 2.565874665079957, 3.5026580805579997, 2.6015259653054654, 2.267989046134729, 2.162701385502024, 3.33555609991471, 3.9382987352375833, 3.715200592414603, 2.569831154403815, 1.8190555346221506, 2.0971883680181485, 3.4179728029424727, 2.9104918595812292, 2.0455133507876537, 2.4660328610486584, 2.539315620969665, 1.889371275234261, 1.969020497146555, 2.943594648386732, 3.295580591012901, 1.7417425865234932, 1.8577915004359566, 4.056314393374686, 1.883304776525613, 2.9311161541020936, 2.2139290867605887, 3.12626241291553, 2.3103869071892924, 2.1550662757063863, 1.728396723066076, 2.433893547081756, 2.0171684138036534, 2.133029856902725, 1.8062289079106895, 4.330579973895704, 2.0006639277778864, 2.7684273157440784, 4.034578873972025, 2.2525675064627846, 2.3887354166261527, 1.8856395450339305, 2.577241262251664, 3.341765232373671, 2.1629357914605936, 1.7874888998203904, 3.03175198408936, 3.297552681936155, 1.955504755270839, 2.4004660679330354, 2.380890355034719, 2.54698898039935, 2.406866615477447, 4.0778043971099045, 1.9649846719622666, 2.0453889455648184, 2.0722694885360036, 2.248145729050592, 2.386132268745719, 2.7936719679221715, 1.7900769261815728, 3.213355148218776, 2.183929251668501, 2.169985517438242, 2.846350899582316, 1.752534016070164, 2.570815242481425, 2.1465772244557297, 2.8607574150192687, 2.1165506321607372, 2.715403459704691, 1.9460078904602311, 2.136585646067758, 1.9360461888972116, 2.894456575798004, 2.592029951021314, 2.313500222460958, 2.8495043514027136, 2.417144170025553, 2.6290972453800987, 4.364381082080516, 1.9071944104185752, 2.36689305144726, 2.8189103883543103, 2.7440764712558523, 3.757978754334007, 3.044703527377773, 3.2089481837719225, 1.9504917647642888, 2.4907290615377957, 3.295838934739032, 2.1573866558432915, 2.411684035929576, 1.8229141169087628, 2.385825041797586, 1.9438115838479553, 3.1413194778051334, 2.035724480893148, 2.3672919383895885, 2.1725297460306647, 3.3408345334994274, 2.737373596573972, 2.429660422234566, 2.9905966992563475, 3.816869466451421, 3.122595351995541, 1.9240388992353892, 4.398710203781052, 1.807768193257223, 2.5956661980055595, 1.9679610056383856, 2.3776348314747686, 2.5306841643701348, 2.165563948436338, 1.832039572785657, 3.6817480132872324, 1.9844409499964464, 2.584024460860517, 2.394362859287645, 3.1439833303267526, 2.890160366138386, 2.199538944345925, 1.9381645482964964, 2.1691930975305107, 2.3998816204341344, 1.8217872019200525, 2.7911000303134523, 3.003113232928219, 2.1522377463031663, 2.8860625071616366, 2.6575737222764246, 2.6036864447856876, 2.5437235544649037, 2.292003035364236, 1.9283053957317218, 2.463027014601392, 1.8788130085103316, 2.660730814284291, 2.4541132907358016, 3.419239740483469, 2.399744011471981, 2.506664171920439, 2.087342456984539, 2.6933150951207385, 2.149085350587906, 3.4916135735040705, 2.6906953768327075, 2.9463833933514643, 2.2828388750155044, 2.3565912334641292, 2.926443657205206, 2.1762910177565207, 2.6537238628478947, 2.2451580928545054, 2.0761517450545597, 2.3563418205333178, 1.9980046582161415, 3.947159029127489, 2.3990658865987107, 2.7523052871220246, 2.7226328245647444, 2.806696915165589, 2.2739679060736107, 2.463508394994535, 2.4805066785174144, 2.6529173188739827, 1.945801779788059, 2.8075508135871714, 4.032285335640386, 2.2582652453544694, 2.4908814887506527, 2.0645914859275245, 4.000526823886778, 3.961813120911752, 2.347134814229218, 3.0139862576707883, 1.969157274081366, 3.269727636577066, 1.766685693481824, 1.9561427383563377, 1.9926750080736664, 3.601836028847657, 2.40260147735982, 2.315951088788478, 2.972406307872197, 2.676754999287789, 2.0053946612736406, 1.840812093540506, 2.252910710397029, 2.3436186622538893, 1.7702436792098903, 2.813141031011043, 2.6643858022908935, 2.7128343098964542, 1.7343701663265616, 2.8243258798940523, 2.0056360383814775, 2.2532974492602826, 2.455212233395413, 2.885795128744458, 2.4706742494338187, 2.193470584373671, 2.3032371393667317, 1.9600280733515585, 2.7318347782442527, 2.9731102179731783, 2.00057397506647, 1.875223028755685, 2.1910965027513885, 2.1890027451373575, 1.8375140901153793, 2.3681352108482328, 4.255601948335068, 2.2020608842256744, 2.521525826396043, 2.2281976890025694, 1.7650899708474554, 3.9081127210894673, 2.857588142923767, 3.825929394333048, 2.920360799006035, 1.8345588144071097, 2.3646351484205876, 4.592808322376153, 2.1359182096079223, 4.120112042340974, 1.7464309107985738, 2.27812339730292, 2.4397974679115007, 2.155180083050401, 1.7482234297378914, 1.9764072909653387, 3.450882627677411, 2.2050663109718793, 1.8795753557726362, 2.463385182251626, 2.171582808524293, 2.7643897238297233, 3.062749293832071, 1.8964458876895636, 2.4217934452470984, 3.0446025618799872, 2.5071932059803967, 2.8242940848630758, 1.8854903127302518, 2.132701252630665, 3.0426250850920544, 1.930076544919101, 3.6155702516145167, 2.079521611696081, 2.8588797213312587, 2.2405492892334338, 2.037643209057837, 1.79701507274141, 1.778471309871564, 2.4755441434581082, 2.826414684309896, 1.949660062632711, 1.844954519392693, 2.2613615626206656, 2.583008113856601, 3.645794217718781, 2.890815981179039, 1.9654932763140573, 2.6676370921418524, 1.7877543634864521, 2.364630433502855, 2.1548946990427775, 2.450934487292199, 1.7618565603191874, 2.7367140441445206, 2.166542886126275, 2.1594882087620944, 2.678767315757714, 1.9391847848697163, 2.7086670663230605, 2.456063728234671, 2.212799972328362, 1.7756006735701146, 2.3398722024734195, 2.3769699974225422, 2.5509941448066122, 2.1187423058494828, 1.9159064282111178, 1.8843217245491903, 1.894728450242825, 3.2852038260459113, 2.660962277296888, 2.5366038565066393, 2.1510808408604403, 2.2827445293023487, 3.06541393169676, 2.888073638625769, 2.262954199403589, 2.3694590722986826, 3.2381581291800554, 2.5890130583631468, 2.8033902939933517, 2.2849676531107503, 3.4095967643573566, 1.7475229997115405, 2.75245789237698, 1.9297904491432365, 3.256033229611229, 3.146971657112209, 2.3269255816689323, 2.0279623253505, 2.2768749088928524, 1.9554414173788859, 2.0400147880450885, 1.9835094634234591, 2.250074608104143, 1.791949660014469, 2.585405069145143, 2.464159542336659, 2.35886499282058, 2.2522734361992884, 2.3058342172553865, 2.220666339706144, 2.376368491800624, 2.443220192886723, 1.9913199161152164, 3.366513965331203, 4.154146678620126, 1.754150250555234, 2.3392937916687475, 1.9047403532031213, 2.2730212832318117, 2.195607601014094, 3.217942215401942, 2.5917414288925302, 2.2374615332993946, 3.0235108835197226, 2.264206088329674, 3.059937733679943, 2.005785876199114, 2.375157990184853, 3.253073411640056, 3.3812953592211565, 3.0502961840675997, 2.228606439931137, 1.8402691775952578, 3.0224094296325057, 2.256451647315391, 1.7808682803082352, 3.397215502985237, 3.4374498159872036, 3.116308583040766, 4.111043064870407, 2.659982996661053, 2.185688805050938, 2.635390986875139, 4.807225898545566, 2.474274200421416, 2.685870587406905, 2.257455715774743, 2.706383350881788, 3.8393479399667663, 2.20433263854408, 2.3593340908707296, 2.565376372526473, 2.500552726144875, 3.304859241967197, 2.4122262018416847, 2.18280697126601, 2.1761734449007326, 2.070776667829351, 1.8404444220849254, 2.076350068517477, 2.1646928833045065, 2.844377119074638, 2.4261559139140823, 2.619793563179262, 2.3070625921362162, 2.607777037620565, 4.5213811640186545, 1.9892426260570133, 1.911351248902256, 2.2483329885732117, 2.4860593992458355, 4.197350381662572, 2.0430207658757897, 2.5842114035828243, 2.474530071657892, 3.4062190093705285, 2.8114877591845957, 2.2749415297142086, 3.4650488669347688, 2.306519055454398, 2.4203368629244153, 2.8615042190764033, 2.5607617228451036, 4.0961330454596885, 1.9618149935491367, 4.49089539775041, 1.8329425799220394, 2.159641691684071, 4.043251333067198, 2.414275169521801, 2.186874558279561, 2.4760540203434758, 2.532538780201317, 1.9307656431980553, 2.4237254926656737, 2.4887659942531872, 2.4746360623175367, 4.595410567606729, 2.1374731939780305, 2.6822117547748103, 2.147978924852505, 2.7126342660363614, 2.6518352743479086, 2.231559587313445, 2.6885595731827374, 3.9362382510164915, 1.9437991211043075, 3.1041169616017736, 2.151605303232857, 1.9341802280345521, 1.7553132399945564, 2.4233704631366004, 3.091024705798523, 2.6044950497939596, 2.7766798936463433, 3.3240481785290643, 3.525367713249038, 2.4904226778158214, 2.0992923815575306, 2.514417336797905, 2.235445880752094, 1.7472105635533486, 1.82460105088468, 1.840670110424452, 2.646865908584244, 2.8833531078401813, 3.8661022479160527, 2.4413608699856395, 1.7872659929230001, 2.987548822443302, 4.234741600067519, 2.24846761818589, 2.305569369086855, 2.483457596484033, 2.86119646672046, 3.3212959313441157, 1.9203854934376015, 3.0436892180418464, 1.8939473905891826, 4.058256747374514, 2.754501501981892, 2.087830026636133, 2.816143101591919, 2.651066697451384, 2.9644783515816764, 2.8609135113248554, 1.9318863327991567, 2.13264093669905, 3.255945580737082, 2.732906960150215, 2.2416668965863304, 2.4984146315466647, 1.8349048430157373, 2.740361027542986, 2.3286751937905907, 2.4414021902485197, 3.7990814747639132, 2.3205684882771216, 2.0784148725139024, 2.706790913899209, 2.599220801469037, 2.1739292992536394, 2.5865001654172204, 2.465338649755874, 4.153430174862564, 3.7767431789435646, 4.234127298115692, 5.244003858303776, 2.597701461367516, 2.65649770982427, 2.4241187278518046, 3.836940871958425, 2.643840598098687, 1.8202691021752493, 2.730408472087303, 2.9694171761289976, 2.1290155628748573, 1.7513775669307088, 2.5987010391164604, 1.8245284088807674, 2.50628126894177, 2.1328604274129166, 2.5157579198541504, 2.102176098458714, 2.130093898902542, 2.941686458110193, 3.343988977237294, 2.160775495556155, 2.8880601193314566, 3.240176044391719, 2.081779210313444, 3.4369825114890347, 2.0562681094072235, 2.1093685730053764, 2.6553424310404, 2.7595981095607267, 2.396526957306067, 2.8625439301170137, 2.522892582322023, 2.0189029925572486, 2.4419835288536893, 2.2839563463404216, 2.9815212893808996, 2.2775932734140794, 3.594252892789447, 2.451864104855121, 2.6494592442287783, 2.9296583234844604, 2.4692345106937683, 2.7533771253613515, 2.405179247795652, 1.8693960841561663, 2.975197960668263, 4.457703156114549, 3.8312219900785265, 2.353693545012111, 1.7728223912038499, 2.7410694900627814, 1.75301991200822, 2.4919920785669762, 2.832302722982292, 3.6671869603375225, 1.914985285442978, 2.3244072008292, 1.9904056154963357, 2.7083363545107764, 2.161505751800431, 1.882048908413556, 1.9003881010532782, 2.1715283246481585, 2.499423418051919, 2.424729307322744, 2.6652814983360553, 3.2706128451671654, 2.6277585753377983, 2.638462621579673, 2.6672083884921194, 2.4521939344597627, 2.930599447357099, 2.2348908088799386, 3.0797794765977544, 2.6121799412858127, 2.1229680567067746, 2.6482839808136713, 1.9348546385001335, 3.2221253856724905, 2.355882429410888, 1.9485119863023512, 2.5129766764138437, 1.7338469623125856, 2.2749415901034475, 2.0668795388741628, 2.118132605037993, 2.4449790269778062, 2.545161358539721, 1.8581702393337027, 2.0709612958652643, 3.4730910356966618, 2.3127619978860356, 2.454546256601218, 2.094894696612862, 2.6136134382260052, 1.8288608580676669, 2.4939530500535594, 1.9396032330671502, 1.7438615131718376, 2.7969881529924328, 3.931398048897333, 2.136306802360002, 2.0042057161646554, 2.3673446899496295, 2.4926743005018936, 3.1050679943086266, 2.950358705070497, 3.709069880628896, 2.135501616517109, 2.40979949621876, 1.9484122011161986, 2.4545065686811274, 2.242663938273164, 2.153153145065642, 1.9173125126964905, 2.054897920189603, 1.7810602777908744, 2.586001411294536, 3.434574932197542, 2.027623030702468, 2.1956797668006187, 2.1903765024324637, 2.648014532249546, 2.1567375560507216, 2.0906726385864536, 2.72218494223683, 2.453704785016941, 2.5335401202329915, 1.8979699098781473, 3.05568295836068, 1.7922897398323703, 2.305914745595743, 2.1231693186703477, 2.279541267031358, 2.245243591825251, 2.154963179373199, 1.999048584243917, 2.7278718807487055, 2.337802511404143, 2.1637396832889397, 3.1177540655611145, 2.618017582891341, 3.3693473633571394, 2.026095405299669, 2.1288488750728014, 2.138990270170503, 2.5947083477081097, 2.6026591279054783, 2.800978608602743, 1.7843701875872373, 2.9518319102159416, 2.319733161551732, 2.619931340425641, 2.229192400583189, 2.113333068924779, 2.22783548202481, 2.2246386728204444, 2.0253700755115847, 2.2398025964248207, 2.429445246750842, 1.8479837617618546, 1.9464785598425474, 2.264310530699438, 2.0103286750062166, 1.7867642423178538, 3.045982300345424, 2.8017196321484734, 2.964137360449511, 2.3711216740336165, 3.4578468771825825, 2.1762533881143, 2.3319595183754336, 1.7596881865533172, 2.7674248580002327, 2.2620243699065243, 1.8667239856372229, 2.310483411200583, 1.8607728867366675, 2.428686433795421, 2.2896410034145775, 2.592690818426905, 2.434735696663673, 2.366521823832146, 2.3607795576490895, 4.448160529642519, 1.7993369933203633, 2.161296958092574, 4.757312829189866, 4.144637664512648, 2.340498746367601, 1.7426397622477663, 2.25203886056838, 2.591574472810323, 2.2745399290937622, 3.612650510869748, 3.2610714754177765, 3.2248864878485, 2.424219812019852, 2.3930904714963575, 2.998453402468259, 2.560534092635882, 3.3485476277095603, 2.6069139645050363, 4.020318375270078, 1.850651002061678, 3.924646706750634, 3.323294171597761, 2.5446322366251364, 2.958201768624968, 1.8068806907389439, 2.2945804911354957, 1.848583355040088, 2.7937503847225136, 2.405491683953844, 2.6606075624323875, 3.2143465572918952, 3.015560814818269, 3.0924912288820434, 2.161525665511955, 1.763948434816963, 3.9299928389268066, 3.16106184073853, 2.14532282263935, 2.3502836725094247, 3.681178218316642, 2.135725778419405, 2.9871728247333666, 3.126044360735392, 1.9791428896737937, 3.1139404652553324, 2.2661803622097128, 2.2312059858151505, 2.9732649047496507, 2.243400041152161, 2.344862495442883, 1.9341482860300019, 2.3692977665816763, 2.0320607157962094, 2.522337763829575, 2.222907461257159, 2.403157880518992, 2.693701851391324, 3.012580090400145, 2.4656197590084767, 1.903470672064229, 2.309718297245702, 1.9452760446323607, 1.8622688241848835, 2.395698470322504, 4.085538876937322, 2.722365512919156, 3.2370476113743614, 3.445366067340566, 1.9361835956060613, 1.7841948446911176, 1.7956187194438382, 1.7484817615949457, 1.76842039249452, 1.7607150242886946, 2.4911283396496233, 3.0706679192686366, 2.484918163130355, 2.9590619532219664, 2.229538704373696, 1.9870830806587665, 2.769681448287878, 2.1229100842648068, 2.7290825832027767, 2.1145855949996832, 3.292621567024333, 2.458977774711732, 4.543172958458552, 2.7600262663485693, 2.4290000002051206, 2.1724588455043095, 1.8387857218628552, 1.9459631613886077, 2.6800136250644733, 2.834190602594521, 2.689453417845859, 4.190373337916273, 2.579834837468296, 1.9090737755830098, 2.2121459929370744, 2.66460214738546, 3.1680668477764597, 1.9010515076961092, 2.274774924425732, 2.6467069491670374, 4.7217067065927925, 2.3505753935442932, 2.4660039102606413, 2.8944160233466403, 1.7533108947575826, 2.325675897898455, 2.00297648338259, 2.1544635055450363, 2.242501333775623, 3.479247166789572, 2.5809130047167175, 3.5543504287542707, 2.2827067138472317, 2.739926410731743, 4.023528193335239, 4.225029441894629, 2.143197983802489, 1.7657568084233706, 2.1731633046029217, 1.9850924797671619, 2.3051684657567812, 2.4625348849085182, 2.0599906359889113, 1.9847921217882856, 2.587645876504637, 2.7839772105974, 2.679958770730196, 2.174770852832119, 2.8233840867646816, 4.318144909401579, 2.2809622293875913, 4.134996948714329, 2.3766467592218516, 3.2071486310590043, 1.9419854622029382, 2.414476229705122, 2.10765028262475, 1.9341609814440197, 2.4508099212393057, 1.818515541757737, 1.738338490282717, 2.9756410026328, 2.5207644133170857, 1.902070863573492, 2.1591005283407134, 1.8724570674943695, 1.9771321716277246, 2.0047903749543288, 3.270167182251932, 3.8959326653874093, 2.7722280670266954, 2.3637847690832774, 2.183031330454261, 2.2699357392537367, 2.1056965627332236, 2.7699416601330187, 2.138761501691623, 1.99565008674488, 2.4333595315147614, 2.7428195463932683, 2.6728012229717883, 2.7519198233762703, 4.380655871203106, 1.9779466718378402, 2.524872917277815, 2.47453875913156, 2.362239210573716, 2.153857605382049, 2.2311469248884412, 2.160492914370266, 2.5907182406544167, 2.8368309601444226, 2.6802682543084324, 3.3003146579283626, 2.7026525397166754, 2.505884062862393, 2.6104943756721735, 2.6681624713392638, 2.698679917415679, 2.1096547935346384, 2.325640725523278, 3.0929212686646985, 3.393831098316089, 2.563824275852785, 2.1536928244832776, 2.6901507194099024, 2.284341200869625, 1.9074941402861014, 2.0582269106777193, 2.2869189713054565, 2.042832553670708, 2.2791430378727027, 2.5763461816046784, 2.615319515418655, 2.152433144746717, 1.8776192903045983, 1.8987262767148643, 2.9464152367018777, 2.7205746465614644, 2.2329033767519273, 3.488938151798697, 2.1453964972330617, 3.409549093681779, 2.299198071745531, 2.9870289495898317, 2.1784440507162026, 3.822518038027999, 3.6877857572290633, 2.8160128620764913, 2.3697826085503357, 1.7930156383349947, 2.1843355596065344, 3.0315541047365526, 2.1119282078094503, 3.3596262711374005, 1.9054084317791244, 2.1705932788648354, 2.2334474060633824, 2.1871412087879403, 1.9158361455408488, 2.625890872997582, 2.153866291637922, 2.116087363860008, 2.9952708844929745, 1.874368102983343, 3.4076395485258524, 1.7273269785130396, 3.3096181910143483, 2.5261314142946754, 3.402769412793724, 3.134421594609317, 2.6287412286532192, 2.736171853972331, 2.8330591939624226, 1.8835841280856185, 3.34387460050848, 2.561256305039033, 3.3723244428224417, 2.451599980595599, 2.450742841103232, 1.7462126610847952, 2.522978729392719, 2.918082831691025, 2.485597257398185, 2.4645937717995556, 2.7449108495213865, 3.9840811466018025, 2.500180032707135, 2.2990198485277715, 2.118290929915173, 2.1910261335926204, 2.027181011894576, 2.2587666812950435, 2.1121085513081317, 2.0600070367731487, 2.3609974939160905, 3.5606435058384838, 2.6914675983365144, 2.161763485518308, 2.2659904474133574, 2.026311516432222, 2.978811622029633, 3.697763997886124, 3.969520743214006, 2.524482471408542, 3.211811446355165, 2.3496359266012643, 3.113658002965071, 2.41414147722064, 1.7737363631533407, 2.728846089989144, 2.052507637600797, 2.6082224808778167, 2.478706086210962, 3.927868869909134, 2.193579137809899, 2.690229992745353, 3.5550947612148254, 2.2220368232011682, 2.7823561292429093, 1.8157195216081268, 2.986434124515481, 2.344371314209865, 3.073671263328558, 1.9570959014980036, 2.580839429002509, 2.5078459407703746, 2.4284840102420406, 2.2095970161293685, 2.712109367201576, 1.90996053757867, 1.8010744664004157, 2.877547285674043, 3.4375071753169832, 3.9020164481849244, 2.7269681720993453, 1.9928902929398438, 2.546978104955224, 2.700493468347579, 3.66491875149921, 2.6494452486895534, 3.214452670994655, 2.2646154768801123, 2.117736622080974, 3.693549379678618, 2.680659619239813, 2.073923344543771, 2.8521818210837337, 3.6459761436241203, 2.9856738449182085, 1.8277895804473623, 1.9281384256446976, 2.217219708821037, 1.740796905239822, 2.4079434618673186, 2.861611836441229, 2.116342316806009, 2.528171931269773, 2.0441582222269936, 2.469454068179225, 2.5270038266808794, 2.6756630064752147, 2.380277851673186, 2.196293674303894, 2.8814570699391715, 2.7348343892189653, 1.92469762830744, 1.9266773068974452, 2.2164266620197504, 1.7600957507140502, 1.7610535710393276, 3.4065510804571444, 2.5081018331387623, 2.1931973769518147, 2.411862262423837, 2.487976175386938, 1.9559394523585483, 1.9591831188121676, 2.5519145051620082, 2.671081485417898, 3.6370528497249754, 1.8946545429787434, 2.7953153174564886, 2.044686083424581, 3.8836599555634628, 2.3412681350775015, 2.8555795442150664, 2.612836896624061, 2.0470659721988915, 2.2032980870010754, 2.67940276770149, 3.7391172994391626, 2.030581028456064, 2.382780460461415, 2.328258943373985, 1.8422043885383868, 3.312170211906733, 2.731845302969131, 2.2248236126404466, 3.209456358563073, 3.391614762945338, 2.317409693900693, 1.79474008142234, 2.532623975235806, 2.3686724897868436, 2.5206250854747676, 3.738949701240788, 2.3970031294311025, 3.3375185530679152, 3.423768038807106, 2.330559417174146, 1.7619722001724303, 2.476998904689574, 3.5622584880482497, 1.8315797874400421, 2.888555081818237, 2.154004559128492, 2.34523616771122, 3.544707397604202, 1.9926624814389118, 2.4078652268337586, 2.286681779410454, 2.670783078319296, 2.452060870269952, 2.605266798582247, 2.3285520720793533, 2.2664164273550753, 3.9214263768221, 1.9488371896134997, 3.296282731997735, 1.962221616151742, 2.1784006300376415, 2.191849416802372, 2.230921597523426, 2.6375884689337075, 2.805209272108617, 2.4692902362133617, 2.7225302954806163, 2.9387780026015227, 2.942730115932301, 1.9425823408106255, 2.344605418590734, 2.8232586944923725, 2.8195809122049207, 1.987763171387238, 2.375800235012983, 2.4739039443366027, 1.847266885559273, 3.2378309756818453, 2.775215665532308, 2.4664883026574396, 2.0600621059000663, 4.279296332995166, 3.9068605600848016, 3.1346806525386457, 2.6375256557793043, 2.064567835955662, 2.7339310539876176, 2.8477694468113364, 2.50605720919548, 1.7642879231257236, 2.041828242285723, 3.9189128661194403, 2.240390473119634, 2.0843415215231658, 2.4132965621639424, 1.9369828692604372, 2.118033831683426, 1.802671130592912, 2.836956184280839, 2.9856455947715483, 2.264471566000553, 2.1783797470060406, 2.5272175910191255, 2.3523406130144844, 2.398901711213897, 2.784529836972236, 2.2713536949736164, 2.819264200697849, 2.731736781167764, 2.4469816960651536, 2.603468283797521, 2.396159817962817, 2.451208797926371, 2.7459881465769205, 2.5642708895669943, 2.075957318338517, 1.8465316800642055, 2.8459479926051947, 2.9545760239935746, 2.4223059151529136, 2.1602457799966897, 2.0394715652830997, 1.7840074133604187, 1.8670503933462497, 2.3690190285537795, 3.046255895110088, 2.4964397715447544, 2.119627379134359, 2.531181975716896, 1.9620636975921903, 2.4862556715579776, 2.0651880012021446, 2.560729700064146, 2.7049509293650726, 2.5646050564516356, 2.8483703331116876, 2.7106256349231863, 2.9291482480179756, 2.895812189635507, 2.2880048851901558, 1.905870100240995, 2.481568440734987, 2.8278596344433393, 1.904526634504554, 2.8429855795771863, 2.2009708210096126, 1.9679031857117644, 1.7428468144780664, 1.9968332078165358, 4.154938476818294, 3.759178423938624, 2.746392936719173, 2.2504701851172317, 2.997170054629851, 2.961216392981163, 2.2242513037101004, 3.166513544989073, 2.565899474384443, 2.6404876314547527, 1.8734065670325815, 2.6202175873507243, 2.780083845618174, 2.032319443094244, 1.8217023224680822, 2.022257641680499, 2.175382401001751, 1.818049216112255, 2.131867182127975, 1.7518942306448175, 1.975479685916615, 2.497017517812357, 2.660996021019902, 2.7834971630587613, 2.824221747268472, 3.4438725554755525, 2.3115095599623197, 2.0099411676107093, 2.6466200304333682, 2.0296151487684684, 2.5993255585033737, 2.8688554377787323, 2.1170770653275452, 2.009751609616737, 2.7911339839612146, 3.87542929807611, 2.958252445665208, 2.0929980787227307, 2.6458393704921876, 2.3244531951609924, 2.0227265864705593, 2.3400068562468253, 2.651240789014785, 2.4958912083376044, 1.816165335402907, 3.044543515702838, 1.8313683106965004, 2.358512983014732, 1.9543884690510673, 2.104591513479624, 2.7339357042695007, 3.7196564545082995, 2.448728319552182, 2.4418806195511933, 3.0593735128662916, 3.2460761889040075, 4.719368961345811, 2.214773600219321, 3.1119555234947054, 2.5919696305954028, 2.4365789478948026, 3.0005026222329216, 1.7371969542522243, 2.1560365271404502, 2.666538149482241, 3.3473727947701555, 2.0852242912459826, 1.9991573917301126, 2.024262811591856, 1.9162483668851933, 2.37480358876713, 2.222755366261884, 2.807403974558057, 2.440456816254641, 2.362293941768409, 2.0174583347357875, 2.7004608294257206, 2.8027815801789426, 2.3732706353101745, 2.5580550313938386, 3.2564195334024766, 3.069674796351012, 2.339007779549774, 1.9494968806308468, 1.966031079990218, 2.493323078728162, 1.9806932448699248, 1.9941479450409672, 2.17983656500102, 2.9286332272266398, 2.5791763206794465, 2.208222317276135, 2.555347105269789, 1.7430314717414093, 4.023471570904768, 2.387735398370974, 3.9407177274259446, 2.8201157488232567, 1.7598896400418778, 3.2439835540957387, 2.332556025631903, 2.774653774575166, 1.8325862043563892, 2.2672955506314305, 2.1809136631567863, 1.8156778484157756, 2.790547128608508, 3.4175912828033166, 1.9664386441509512, 2.462919798164272, 1.9597967936450726, 2.644347214297734, 2.287079708382406, 2.6081226348293733, 2.3934624926754386, 1.985488927220824, 2.916994736836949, 2.3729762211546763, 3.1702911531136566, 1.7644296735714073, 2.1613130145399158, 3.2150129713952094, 1.793734697095792, 2.0639629082409203, 1.7720035472569, 2.2279759246988156, 3.753429617483225, 3.8504900631803975, 2.846197570860361, 2.3142062315121392, 2.3839343073415935, 1.884090444842705, 2.5324387471221823, 2.888983091058081, 2.9826741535850925, 2.2614590984770118]"
0.75,9358,0.7719146250745503,0.7719146250745503,0.021562814712524414,0.33469282638314823,"[2, 3, 2, 2, 3, 3, 3, 3, 3, 1, 3, 2, 3, 3, 2, 3, 3, 2, 2, 2, 2, 2, 3, 4, 4, 3, 2, 2, 3, 4, 2, 1, 2, 2, 3, 3, 2, 4, 2, 2, 3, 2, 2, 2, 1, 2, 2, 2, 1, 2, 1, 2, 1, 2, 4, 2, 3, 3, 2, 1, 2, 2, 3, 4, 1, 2, 3, 3, 2, 2, 1, 4, 1, 2, 3, 2, 2, 2, 2, 2, 2, 3, 2, 2, 2, 2, 4, 3, 3, 3, 3, 5, 3, 2, 1, 3, 2, 3, 2, 3, 2, 3, 5, 3, 3, 2, 3, 3, 2, 2, 3, 2, 2, 3, 2, 3, 3, 2, 2, 3, 4, 1, 2, 3, 3, 3, 2, 2, 2, 2, 2, 3, 2, 5, 3, 2, 2, 3, 3, 2, 1, 3, 2, 2, 3, 2, 2, 4, 3, 2, 1, 1, 1, 2, 3, 3, 3, 3, 2, 2, 2, 2, 5, 2, 2, 5, 1, 2, 5, 2, 3, 3, 3, 1, 1, 2, 3, 2, 2, 2, 2, 1, 2, 3, 2, 4, 2, 3, 5, 2, 1, 2, 4, 3, 3, 2, 3, 3, 3, 2, 2, 3, 3, 2, 2, 3, 2, 2, 2, 3, 4, 4, 2, 3, 3, 1, 3, 3, 4, 2, 1, 2, 3, 2, 1, 2, 2, 3, 1, 4, 2, 3, 2, 2, 2, 2, 2, 1, 2, 3, 2, 3, 3, 3, 4, 2, 3, 2, 3, 2, 3, 3, 4, 3, 2, 3, 3, 4, 2, 2, 2, 4, 2, 3, 1, 2, 3, 1, 2, 1, 3, 1, 2, 1, 3, 2, 3, 2, 4, 3, 2, 2, 3, 3, 2, 2, 2, 1, 2, 2, 4, 2, 3, 3, 2, 2, 4, 3, 3, 2, 2, 2, 2, 3, 3, 2, 3, 2, 2, 4, 2, 3, 2, 3, 2, 2, 2, 2, 3, 2, 3, 1, 3, 2, 4, 3, 2, 3, 3, 2, 4, 2, 3, 3, 2, 2, 2, 3, 2, 3, 3, 1, 3, 2, 3, 3, 2, 3, 2, 2, 2, 2, 1, 2, 1, 3, 2, 3, 2, 3, 3, 2, 2, 2, 2, 3, 2, 3, 2, 4, 1, 3, 2, 2, 3, 2, 2, 3, 3, 4, 3, 3, 3, 3, 3, 2, 2, 1, 3, 2, 2, 4, 2, 2, 2, 5, 2, 2, 4, 4, 4, 2, 3, 4, 2, 4, 2, 3, 3, 3, 1, 3, 2, 3, 2, 2, 4, 1, 3, 2, 3, 4, 3, 3, 1, 3, 2, 2, 3, 2, 2, 2, 2, 2, 3, 2, 3, 2, 3, 4, 1, 2, 3, 3, 2, 3, 3, 2, 3, 4, 2, 3, 3, 4, 2, 2, 3, 2, 3, 2, 2, 3, 3, 4, 3, 3, 2, 3, 3, 2, 1, 3, 2, 2, 3, 4, 3, 2, 2, 2, 2, 1, 3, 4, 2, 2, 5, 2, 4, 3, 3, 3, 3, 1, 1, 5, 3, 3, 3, 2, 2, 1, 3, 2, 4, 3, 3, 2, 3, 2, 2, 2, 3, 1, 3, 4, 3, 2, 2, 3, 3, 2, 2, 4, 2, 2, 5, 2, 2, 3, 3, 1, 2, 3, 1, 3, 4, 3, 1, 2, 3, 3, 2, 4, 2, 3, 3, 5, 3, 4, 2, 3, 3, 4, 2, 3, 2, 5, 3, 2, 3, 1, 4, 2, 2, 2, 3, 2, 2, 2, 3, 3, 3, 3, 4, 2, 3, 2, 1, 3, 1, 4, 2, 4, 3, 1, 2, 2, 2, 1, 5, 2, 3, 3, 3, 2, 2, 4, 2, 4, 3, 1, 2, 3, 2, 4, 3, 3, 1, 3, 5, 4, 2, 2, 3, 3, 3, 2, 3, 3, 2, 2, 3, 1, 1, 3, 3, 4, 4, 4, 2, 2, 3, 2, 5, 3, 2, 2, 4, 1, 3, 3, 2, 3, 4, 2, 3, 3, 2, 3, 4, 2, 3, 1, 1, 1, 2, 2, 4, 2, 2, 3, 3, 2, 2, 3, 2, 2, 3, 4, 3, 3, 1, 1, 3, 2, 4, 3, 4, 3, 3, 4, 2, 2, 3, 3, 4, 4, 2, 3, 1, 3, 2, 3, 1, 3, 3, 3, 2, 3, 2, 3, 2, 2, 2, 2, 4, 3, 3, 3, 2, 2, 4, 1, 3, 2, 3, 4, 3, 3, 2, 1, 2, 1, 1, 2, 2, 2, 3, 2, 5, 2, 2, 2, 2, 2, 3, 3, 3, 2, 2, 4, 1, 3, 2, 3, 3, 3, 2, 2, 4, 3, 2, 3, 4, 1, 2, 2, 3, 4, 2, 4, 2, 4, 5, 4, 2, 1, 4, 1, 1, 1, 3, 2, 2, 2, 3, 4, 3, 3, 3, 2, 2, 3, 1, 1, 4, 1, 4, 2, 2, 2, 3, 2, 2, 3, 3, 3, 3, 2, 3, 2, 2, 5, 1, 3, 1, 3, 5, 4, 4, 1, 2, 1, 5, 2, 4, 2, 1, 2, 1, 2, 3, 3, 2, 2, 3, 3, 3, 3, 2, 3, 3, 2, 3, 2, 2, 3, 2, 3, 1, 3, 3, 2, 2, 1, 3, 3, 2, 3, 2, 3, 5, 3, 3, 3, 1, 3, 2, 2, 3, 3, 1, 3, 2, 2, 2, 3, 2, 2, 2, 2, 2, 4, 3, 1, 2, 2, 3, 4, 2, 2, 5, 5, 2, 2, 2, 2, 3, 2, 4, 3, 3, 3, 3, 5, 2, 1, 2, 1, 3, 2, 2, 2, 3, 3, 2, 3, 1, 3, 1, 2, 3, 4, 2, 2, 2, 2, 3, 2, 4, 2, 3, 2, 1, 3, 2, 2, 3, 1, 3, 2, 2, 2, 1, 2, 3, 5, 3, 4, 3, 3, 3, 4, 2, 3, 1, 3, 4, 3, 1, 4, 3, 3, 2, 1, 2, 2, 3, 4, 1, 2, 2, 1, 3, 2, 1, 2, 2, 2, 3, 4, 1, 3, 2, 4, 2, 3, 2, 2, 2, 3, 3, 4, 3, 4, 2, 1, 5, 2, 2, 2, 1, 2, 1, 3, 3, 3, 2, 4, 2, 3, 3, 3, 2, 2, 4, 3, 2, 2, 2, 2, 3, 3, 3, 4, 4, 3, 2, 3, 3, 2, 1, 1, 3, 3, 3, 3, 1, 3, 3, 3, 2, 2, 3, 4, 3, 2, 2, 4, 2, 2, 3, 3, 2, 2, 3, 2, 4, 1, 3, 2, 3, 2, 2, 1, 4, 2, 2, 3, 2, 3, 2, 3, 4, 4, 5, 4, 2, 2, 2, 5, 2, 4, 4, 5, 3, 2, 2, 3, 2, 2, 3, 2, 3, 2, 2, 3, 3, 4, 1, 5, 3, 3, 3, 2, 2, 3, 4, 1, 2, 1, 3, 4, 1, 4, 3, 1, 1, 2, 2, 2, 2, 5, 3, 2, 2, 3, 1, 4, 2, 4, 2, 3, 2, 3, 3, 2, 2, 2, 2, 2, 2, 3, 2, 3, 2, 2, 3, 2, 3, 3, 2, 2, 3, 4, 2, 2, 2, 2, 2, 2, 2, 3, 2, 2, 2, 4, 1, 3, 4, 2, 2, 3, 2, 2, 3, 2, 3, 3, 2, 2, 2, 2, 3, 3, 2, 2, 1, 3, 3, 3, 3, 2, 2, 3, 3, 3, 2, 3, 1, 3, 3, 2, 3, 3, 5, 3, 1, 3, 2, 3, 2, 1, 4, 2, 3, 3, 2, 2, 2, 3, 2, 3, 2, 1, 1, 3, 3, 3, 3, 2, 2, 4, 3, 3, 2, 2, 3, 3, 2, 3, 3, 2, 3, 2, 4, 4, 2, 2, 4, 2, 2, 2, 2, 4, 2, 2, 2, 4, 2, 4, 2, 3, 1, 3, 2, 2, 2, 3, 2, 4, 2, 3, 2, 3, 3, 2, 4, 3, 3, 3, 4, 2, 3, 5, 2, 2, 2, 2, 2, 2, 4, 4, 2, 3, 3, 4, 4, 1, 1, 1, 2, 2, 3, 2, 2, 2, 2, 3, 3, 1, 2, 2, 2, 3, 2, 3, 3, 2, 3, 2, 3, 2, 3, 1, 5, 4, 4, 3, 2, 3, 3, 3, 3, 3, 2, 4, 2, 3, 2, 3, 4, 2, 2, 2, 4, 1, 2, 3, 3, 2, 3, 3, 3, 2, 3, 1, 1, 2, 1, 4, 3, 2, 3, 4, 4, 1, 2, 4, 1, 1, 1, 3, 3, 3, 3, 4, 2, 4, 4, 3, 2, 1, 3, 2, 3, 1, 3, 2, 3, 2, 3, 2, 4, 4, 3, 3, 2, 3, 3, 3, 2, 1, 2, 2, 2, 3, 2, 2, 1, 1, 2, 2, 3, 4, 3, 3, 2, 2, 3, 3, 2, 2, 2, 3, 2, 1, 4, 3, 2, 1, 2, 3, 3, 2, 2, 3, 3, 3, 3, 3, 2, 2, 3, 2, 2, 2, 3, 1, 3, 3, 3, 2, 2, 3, 3, 3, 3, 3, 2, 2, 3, 3, 3, 2, 3, 1, 5, 2, 4, 2, 3, 3, 2, 2, 2, 2, 3, 3, 2, 2, 3, 2, 2, 1, 1, 4, 2, 3, 3, 3, 2, 3, 2, 3, 3, 2, 4, 5, 2, 3, 2, 3, 3, 2, 2, 2, 4, 2, 2, 3, 5, 2, 2, 2, 2, 2, 2, 1, 3, 2, 4, 1, 2, 3, 1, 2, 4, 4, 2, 3, 3, 1, 1, 1, 4, 2, 4, 2, 4, 3, 3, 4, 2, 3, 3, 3, 2, 2, 2, 3, 3, 3, 2, 4, 2, 3, 3, 3, 3, 3, 3, 3, 3, 3, 3, 4, 3, 1, 4, 3, 3, 2, 3, 2, 1, 1, 3, 3, 2, 3, 2, 4, 2, 2, 2, 2, 3, 2, 3, 3, 3, 2, 1, 1, 1, 4, 3, 2, 3, 3, 3, 2, 4, 3, 4, 2, 3, 3, 5, 2, 2, 2, 2, 3, 2, 4, 2, 1, 1, 2, 2, 2, 3, 2, 3, 3, 1, 3, 3, 3, 3, 1, 4, 3, 2, 1, 2, 1, 2, 3, 2, 1, 4, 2, 2, 3, 4, 4, 4, 2, 3, 4, 2, 4, 1, 2, 2, 2, 3, 3, 3, 2, 2, 4, 2, 2, 1, 4, 3, 3, 4, 2, 4, 3, 3, 1, 5, 4, 4, 3, 1, 4, 2, 2, 3, 4, 5, 1, 2, 4, 3, 2, 3, 2, 3, 2, 3, 3, 2, 2, 2, 4, 4, 3, 3, 3, 2, 1, 4, 3, 2, 2, 3, 3, 2, 2, 2, 1, 1, 3, 4, 3, 2, 3, 3, 2, 3, 3, 3, 2, 2, 3, 3, 1, 2, 2, 2, 3, 2, 4, 2, 2, 2, 2, 2, 4, 3, 3, 3, 2, 3, 5, 3, 4, 2, 4, 2, 2, 3, 2, 2, 2, 3, 2, 2, 2, 3, 2, 1, 3, 2, 2, 1, 3, 2, 3, 2, 3, 3, 3, 3, 2, 2, 2, 3, 2, 1, 2, 2, 4, 3, 2, 2, 2, 2, 3, 3, 2, 2, 3, 5, 3, 4, 2, 2, 2, 3, 3, 2, 4, 1, 2, 1, 2, 2, 3, 1, 2, 3, 3, 2, 3, 1, 2, 4, 3, 3, 3, 2, 2, 2, 3, 3, 3, 2, 2, 2, 3, 5, 1, 3, 2, 1, 4, 2, 3, 2, 3, 3, 2, 3, 3, 1, 3, 2, 3, 3, 3, 3, 3, 3, 3, 3, 3, 2, 4, 3, 2, 1, 2, 4, 4, 1, 2, 3, 4, 2, 3, 3, 2]","[2.385590739063406, 1.988174138351485, 1.7963587891931416, 2.418580315831704, 2.368627111585991, 3.0975261954354, 2.5625927381808804, 2.0745211957100156, 2.68583688663039, 1.9014153761398993, 2.623175655065381, 2.1965650598070487, 3.9457521678138265, 2.2135849707294746, 2.3925127080102104, 2.112702236034348, 3.22118650032868, 2.865420765235869, 1.9615010347336952, 2.6029754783439873, 1.9563710988779213, 2.5231812560005755, 2.956103773501331, 4.236190110262173, 2.548023798618069, 2.9124385422666723, 2.9783648612194327, 2.3197876149901524, 2.738219105954661, 4.1149233156559495, 1.9576677836745349, 2.482650194243357, 2.6854686364612124, 2.14264609577738, 1.0779608670533436, 2.423065853872975, 3.0718456200839515, 3.7287838224042993, 2.3480919171586554, 2.703875751845785, 2.3616971049103146, 2.9430984285345536, 2.324207916411669, 2.255469332840632, 1.9417719520697863, 2.6650793934420767, 2.2553626812997694, 2.673013271802231, 2.012572812235434, 3.6273040337873748, 2.7327708878700285, 1.95637622454239, 2.3304159503606967, 2.0200427788399904, 2.039800645759712, 2.379022089157707, 2.027904074785184, 2.5831442825145228, 2.30968320461592, 3.3183293339820077, 2.1001233523714253, 2.3801470424794315, 2.4501202035594023, 3.746650577889714, 2.070878465665178, 2.057504119703035, 2.212973195225285, 1.9913212963352769, 3.234516787674099, 2.659380525981844, 2.317820958086466, 4.397338762396615, 3.39980509505922, 1.9734170163086138, 2.351537105081455, 2.2517671036743487, 2.2919882496196333, 1.834617659924319, 2.2137541348085112, 2.183475126236979, 2.3258270476598013, 2.7860266539932796, 2.3799916897881817, 2.5214087604009694, 3.423565280959142, 1.930489853561283, 4.508406343341157, 2.8416000938949204, 2.426359986461752, 2.880542453505079, 1.5538248370002186, 2.5534624120962572, 2.8914852649325926, 2.46698140095368, 1.3592750884649243, 1.847785491944452, 2.622031360336058, 2.0766193010325438, 2.8412414274112683, 2.0877889781872887, 2.570124936651761, 2.4449381739330986, 2.588596766328195, 2.2030055232666594, 2.6921593371477104, 1.8310476346218578, 2.837178496962444, 2.739534769167683, 2.526462452331729, 1.7966321579648064, 2.337827791211619, 2.4612060658018047, 2.050034242017907, 3.121994410657725, 1.5024725990008139, 2.640408693045437, 2.1887262763342266, 0.672531623483323, 2.545199626665139, 2.4436760523558885, 2.4892693210904713, 2.3222464954749737, 2.324322389584804, 2.1283193011197525, 2.403793880805536, 2.6483363635639248, 2.0711452214091124, 1.8609832236739858, 1.8628728853081196, 2.137586573914959, 2.68520885067892, 2.9492100077105388, 2.6120316062329794, 4.5800962898739, 2.7662229250701396, 2.2235437715580275, 1.8806776665113427, 2.2804713137424097, 2.044016601042595, 2.109908783202035, 1.9963786014595086, 2.2168397848186787, 1.9231789474740701, 1.8081555059678929, 3.7035973734671273, 2.2083951225773095, 2.144455948609609, 2.7816816867406384, 2.602536379754501, 2.205670885941961, 2.0906328676900148, 2.413992966216645, 2.152830300044922, 1.9307615137781249, 2.3229152863741698, 4.188294066927773, 2.4128059378901128, 3.045706609528999, 2.2685406934674965, 2.2057606610695477, 3.0128999710172253, 2.4577751113602204, 3.4653692357648143, 2.7667665682240123, 2.1319439804499103, 4.350722310573403, 2.1566661356515033, 2.0071894477983054, 4.264813399181151, 2.2108803284448153, 2.262805816326825, 2.079978319814376, 2.4188879466312665, 1.9909368715001232, 2.5143764616274797, 2.0861836654656285, 2.351999586078633, 2.2591076494126456, 2.4594708983499856, 2.2906843053721744, 2.2317280015163194, 2.916113847499771, 2.8698326199413864, 2.528708672102966, 2.0636349912524365, 4.001654156669706, 1.9914109783119107, 2.655140067211865, 3.5938785613312674, 2.5235590852916614, 2.2672251234054284, 2.3457969259191245, 2.5436200173700554, 2.6191544952902883, 1.61673668361423, 1.9391605409125747, 2.0525021385705555, 2.9568991474676403, 2.7406095979185348, 2.316897270382773, 2.0794674619223272, 2.9539009150647697, 3.1094137269901903, 2.133575017219935, 2.266194722230107, 2.100159626765427, 3.9054875434012923, 2.095514662972649, 2.7266788784318883, 1.3128661708968068, 4.22428616186425, 2.402388980928624, 1.9610286193251616, 2.552774324082025, 1.4510719787488997, 2.409310075516827, 2.0303503569510113, 1.982666611879849, 2.890319230295734, 3.501934673756098, 2.8901734718659506, 2.262122654455979, 1.8397655356057334, 2.373413627922361, 1.0382302018077736, 1.9452903966031254, 3.339501745347453, 2.2367174060684505, 2.6403893235230615, 3.035596543313861, 3.0772937505969775, 2.471531960367299, 2.4886196146999287, 1.9808153412745244, 2.8897328870066015, 2.0792171586407715, 1.9746433684606428, 2.2082901764848595, 2.29690577255478, 2.6452396428136034, 1.8481519769539654, 2.734310315492103, 3.5939842237250597, 2.406475659065011, 2.735590278881252, 2.6068424525895475, 3.2114427547907596, 3.2065807954412002, 2.4379826300974816, 2.034003615502957, 2.4858781624871926, 2.0742264700030644, 4.2364895378272855, 3.0952926700412715, 2.1529234162827704, 2.5296317455288344, 4.354910690104646, 2.356032703517972, 1.9860162336101554, 2.1416592258718374, 1.974706454959932, 2.9431086798634913, 2.5193865557389024, 2.495372805115014, 1.8460436203025, 2.415025350605067, 1.8713326639532353, 2.0436236334333264, 2.1079345678308044, 2.1163492914960167, 3.334403256330768, 2.2703994882372287, 2.0960737605235575, 4.005873319903821, 2.866783535758266, 2.357251985759069, 2.437711004183777, 1.9231225651649142, 4.990669678236233, 2.824084721569525, 2.5081170950343807, 2.1610847825479715, 2.2254234736730707, 2.036617515536743, 1.8948459828458275, 2.7051528451212006, 1.988227103550995, 2.4958494133361526, 1.962336518042096, 2.0799894794504987, 3.035367615600829, 2.736373505743283, 2.5039534400819132, 3.025654018427701, 2.3015728935304813, 3.526149714311733, 1.9539804134052887, 2.6266719893303456, 3.2286252940145808, 1.9259088008056855, 3.350894277510666, 2.0289361719273775, 3.0632213468576643, 2.2499277143783325, 4.343437601851726, 2.172488931837273, 3.4467112906141755, 2.255539462694166, 2.33794987945714, 4.427892044046436, 2.856332962132835, 2.399762071820661, 2.046722951882077, 3.4552451930895356, 2.29455076493641, 2.693936104134374, 1.9055697271917942, 2.2944075632488676, 3.3373821216645037, 1.3710938692716461, 2.4797636448998324, 1.924598722228767, 3.313346784658223, 1.8430391266464206, 4.202480932423091, 1.846585232181361, 2.805322325127583, 2.3705957474712545, 3.1591165165584263, 2.7214639684489645, 2.723328423069418, 2.546009742849832, 2.444912469611371, 2.550994152573667, 2.020835783482824, 2.2442307738584533, 2.9946411829846635, 2.8307198324693017, 2.0637886773854897, 1.9096967070633848, 2.399820145533071, 1.8014195285785877, 3.872262447067822, 2.046522196690386, 2.2389136195722106, 2.275123355076333, 2.7485476831047384, 2.999424999584882, 2.5198736238925887, 2.0285874967143465, 2.0955244258448555, 2.1313456773004775, 1.9716969656685421, 2.1400767925693436, 2.9598202414747536, 2.537106672879046, 1.7984825228380132, 2.6794930959972585, 2.9319894434358953, 2.1193805621367656, 2.664336636192422, 2.1101787348640544, 2.163382300328049, 2.071970927268805, 1.2793870925852298, 2.4491547180856923, 3.127208490389565, 2.023284996821459, 1.8698933370754383, 3.328854885968517, 3.7895064009549753, 2.713672414266634, 2.080896668031688, 2.3624702596865124, 2.379064672999121, 3.2337103497976876, 3.1234913524520866, 2.717810404018553, 1.6318860708566452, 3.9224450868778398, 2.428791493730799, 2.621456537709148, 1.8089184220560663, 2.5646522346521268, 1.9380940100487936, 2.158032050637278, 3.1017866082315817, 2.2767674020913558, 2.22220779142598, 2.098937298406747, 2.676447675599881, 2.777921640905479, 2.5045522885473415, 2.4536064139495206, 2.304537454764716, 2.520661498594722, 2.3226428801938876, 2.277778866546516, 3.334642395721217, 2.450521254386847, 3.8132985286699217, 2.3260925824104923, 2.093692889377839, 3.1612702425005947, 2.182466874851473, 3.3742344001744446, 2.4632552046656118, 2.4222963662987755, 3.2816198498289375, 2.6656540983286483, 2.2020273387523406, 2.4785130587688498, 2.3208105680239113, 2.724804751008232, 2.642578727882549, 1.6576310344628773, 2.6851237493051827, 2.606389589835457, 3.887448531900321, 2.6667549981617675, 2.391499660797862, 2.9642983805414875, 2.6712550605754894, 2.4916450111377015, 2.4603979193705703, 1.982060022931668, 2.047694265298899, 2.25290806707533, 1.8015322931968996, 2.4576707203656856, 4.6270083680634695, 3.9347071920207215, 2.455003157517246, 3.7665638702094055, 1.7901473381344686, 3.0810265265047896, 1.9454302769070426, 2.131516662811926, 2.6803805601985995, 2.034291364373507, 3.9183597394751617, 1.9296099478274866, 2.257746100138164, 2.5340358551328066, 2.0011818772311227, 2.674059018574982, 3.2653816522041472, 1.8376050680321694, 2.522734694669565, 2.6318336880241793, 2.18738600822661, 2.7900984628564522, 2.27932591148395, 2.6995830275798713, 1.7955582969554724, 2.7893716754714752, 2.6707155256237396, 2.4358276294643897, 2.5427392745104163, 2.088105060829526, 2.0312000070677274, 3.022089246830317, 2.397899022815441, 1.489271069764452, 2.4519832868677605, 2.530406942950253, 2.3564611600810688, 2.4605158096533506, 2.5073261470524253, 2.798846982579679, 1.9086509631977948, 2.2774465526334606, 2.2620464937372016, 2.5319464591596628, 3.283002689753074, 3.2961708250001838, 2.9151773019501093, 1.8518202441587435, 1.930463370961528, 2.6538225971429323, 2.195009958000623, 2.394331334590035, 2.8607600815172254, 2.3064723185065183, 1.7853061480437655, 2.3547993621408394, 2.9108616761942887, 2.0188836512836827, 2.277888938303435, 1.6772955161679501, 2.2103080754567315, 2.234960698130296, 2.38666599910309, 2.592333363337187, 2.751633752965361, 4.309285559554984, 2.293887794210416, 2.004552330307356, 2.7090648197313727, 3.027309745805457, 2.495877825682292, 2.313651501593033, 1.920950557558045, 2.9908840709290945, 4.33449747751974, 2.2254312184425213, 2.4421569119580275, 1.8942966824702634, 1.7499184200230686, 2.1906961120044284, 2.878483774972636, 1.7403728542566537, 2.6989531815896584, 1.5101686541714334, 2.4558576435323087, 3.401083082263568, 2.0881499804318877, 2.2541662387701424, 2.1434921810723804, 2.461122346615482, 4.205951480816547, 2.494721264096343, 1.765707794213945, 4.680219977268907, 1.7269333620196785, 2.383105535184451, 4.542378795816578, 2.182548235245553, 2.3592817708582907, 1.8326494047683317, 3.258598521302026, 3.2077240852187057, 2.8281885373178244, 3.0082981086308878, 2.6128925658649553, 2.583974710444647, 3.0448875541382994, 3.2635221128964687, 2.400349848982878, 1.9121066579442307, 2.737213025233736, 2.226186620865807, 3.857383560848689, 2.058167818656595, 1.178894266209533, 3.3030496525334727, 2.501291342517489, 3.092672558021184, 2.204706482743815, 2.538210875417846, 1.3620252384258722, 4.229703145482754, 2.8593761521106718, 3.3001366422277094, 2.276124985477943, 2.5145557667329315, 1.9038866409225539, 3.3551140243432283, 2.3165075898539924, 2.504659073223773, 2.1887808417745878, 4.553325506566934, 4.158929067164523, 2.0241939479872446, 2.67790017499, 2.1295947175684153, 3.2760364688817987, 2.2162221422501984, 2.0583782784569826, 2.873585638934391, 2.5050118897947034, 2.3994520034234412, 2.223772592438756, 2.427975386156594, 3.4817524253445464, 2.6855277116317606, 2.340686829332798, 2.590317591122391, 3.1930950927309434, 3.1234427444209385, 2.3199434936028553, 3.972431348171669, 1.9773564063386897, 2.7571871017878933, 2.0699295846526153, 1.1533040456812267, 2.6401364273376573, 2.259966328240314, 2.99930188674079, 2.699821138015635, 4.877068506295016, 2.016786108428719, 1.7279915733893385, 3.6520322084075802, 2.2176495883500293, 1.9259373749325133, 1.8981576162462113, 3.511739553368419, 3.190496634839852, 4.055922436205108, 1.4554750645695693, 2.5034505188116176, 2.215335272267952, 1.7575098460188197, 2.212504137470818, 2.3395268189538405, 2.1844696351730684, 2.8225054692530605, 2.3579952071070327, 2.226836865787001, 3.362522584656328, 3.811764829528305, 2.2344873175553115, 1.8873359389593434, 3.52403313896588, 2.2906270885122435, 2.8013945658612394, 2.6735143891237767, 2.303113834055528, 2.7780626981622887, 1.7872914887479818, 2.963649650192715, 2.9075405160453145, 2.271752700535175, 2.8094484523782186, 2.1718409722840044, 4.787764607573683, 3.1660386317908067, 3.073938717967984, 3.502849715553554, 2.5601931417693486, 2.405060170297333, 2.2267338957689664, 2.906920764466099, 4.080130795711042, 2.448998587116415, 2.292726028385547, 2.7069927003200327, 2.495009080988864, 2.0641817850368, 2.3756091208697945, 3.4146782127581057, 3.1761839471229827, 2.1612688180121147, 2.933260770931691, 1.797533420633889, 2.6102667746088586, 2.095270739756792, 2.804777700494419, 2.77095394372205, 3.523109889988835, 1.9890685668012762, 2.5750959866462173, 2.210661520549894, 1.7864876137038048, 2.4674954429933433, 2.173202253475836, 2.1352775749493915, 3.233643716159594, 2.6440385896329266, 1.9107739851823644, 2.429398519736178, 2.400096128591677, 2.268420257504051, 2.102610691275994, 2.8913605384185104, 3.209641938007417, 1.9725271761317473, 3.349654165325675, 1.2208876971153433, 2.9896853282006175, 4.18656678712644, 1.8006472617986344, 2.3829139169859688, 2.2906677031092935, 2.58891755234046, 1.5102731975202905, 2.592074762786792, 4.196243533504718, 1.99208671174437, 3.1425096532466577, 3.8624375139546245, 1.8478700654081859, 2.2434296068386876, 2.2098542824258454, 2.3709021823618484, 2.0157698101189374, 2.9900429120084437, 2.0972398491901907, 2.7766029561195524, 2.2112757460087282, 1.7717213698307428, 1.314048731165938, 2.854169077449625, 2.334933424746479, 2.1925161628551826, 2.600328698548353, 1.9008874867293954, 3.836982924955728, 2.5577709140871607, 2.125377098533366, 2.3382096532145384, 2.168107642528981, 2.065074726123329, 2.15094747263008, 2.1082147510951246, 4.463294613789142, 2.6477929088460987, 2.778869625081948, 2.7377275551670723, 1.4742506904360602, 1.4272235163537312, 2.97784594901, 2.5017029050078583, 2.205959707706416, 2.598195653277706, 2.1694707697426105, 2.8655640172400116, 2.8999973836934902, 2.102623488285597, 2.1968224350879693, 1.9368304873975086, 2.029435894573439, 2.7266159491496698, 1.7799130947452642, 2.406545793018987, 2.427446006807761, 2.5406749136273, 2.3574985935268113, 2.0746963225793635, 3.1304368061316907, 2.983353988483044, 2.204933573354534, 2.621237898401507, 2.3922595269461415, 2.0911317656983033, 2.3961562921332105, 2.5365860397812625, 3.9903080115891747, 2.185778986950127, 2.0799509829372096, 2.779853212161987, 1.9075550678960105, 2.483370350101212, 1.8431407856583832, 2.61017929446182, 2.27990256588825, 2.1544800397555957, 3.922016901073591, 2.0776623737519273, 3.5097877989913924, 2.624275091285895, 3.548016113277792, 2.2058100791302535, 3.046117676732586, 2.1588328558366756, 2.86306705404707, 2.4001072341980256, 2.773104074185372, 4.04511579430355, 1.9638417548410758, 3.401762159025802, 2.6365210467579376, 2.704505361415464, 3.3944413108819145, 2.786954930022859, 1.602662367534525, 2.343641018967397, 1.6495861740500681, 1.9296253248208928, 2.0960320309595546, 2.4987294577114953, 4.057556259618703, 2.0774718698891737, 2.1676994010901436, 2.306511388039853, 2.1772205855740507, 2.8334448842608833, 2.0703616278312493, 2.4994710465040204, 2.9700081727085084, 2.1722480256072436, 2.0972061785306497, 2.7284783350985564, 3.3803117040414428, 2.2348845565516373, 2.2118086407682953, 1.7953430533509243, 2.322835222640623, 2.3726593009680483, 2.4552404334022344, 2.0683081661256777, 3.2295469455453376, 2.1932413556338655, 2.277933490757989, 2.5599755548676706, 3.062205632985057, 2.0010497731937633, 2.227295156028291, 2.3923861449241572, 2.210388151778229, 1.9865125687862093, 2.6232293642397804, 4.804959849737543, 2.3831975739647766, 2.348863165328901, 2.1825573939539487, 1.9904149080017257, 4.181698743488626, 2.770407974674827, 4.160603791559209, 2.8829370561687204, 1.8278841542048454, 2.1402211654518792, 4.543976164546837, 2.7945292756652234, 4.313476168080275, 2.3556419080434856, 3.2265557764767703, 2.2575784928461453, 2.3336177820988215, 2.5376561324602314, 2.5268185708917414, 1.7664961939189203, 2.497415124899088, 3.1523400551550314, 3.216573544923945, 2.7466675485512893, 2.5481662591367527, 4.2158674625986805, 1.9833372196478394, 3.1602813117026503, 3.4682916507674233, 2.8926338313810667, 1.6914142546730506, 1.9839275253391533, 2.2686295554698566, 3.425745454865834, 2.2663156789648706, 2.3564665280679806, 2.337694393906274, 1.616441096823276, 1.1696993377618283, 2.5165658617554434, 2.636174988406915, 1.9896938978664593, 2.194948796121043, 4.279250012928278, 2.460602945949319, 2.302823152961962, 1.8422677141438786, 3.100157050856661, 2.6528601988518266, 2.4003920232741076, 2.3990462216530015, 2.4771248579752387, 1.9183604227496578, 2.9665548218457194, 2.3336331590922277, 1.5474037544696464, 2.172699938357902, 3.141142501188223, 2.55006475277978, 2.874222255376909, 1.9242425692110747, 2.3397601667163253, 3.074058589451855, 2.4940206265897933, 2.4464245037514374, 1.8077377643136925, 2.521208682566442, 2.8803312888722283, 1.8126045141204634, 2.3806592088024847, 1.8351625805988543, 1.8625832852656368, 2.0907796779392442, 1.1062243896847361, 2.4774845087654604, 2.6988849991654202, 2.383550613715818, 2.831696109769904, 2.148791331877593, 2.8229862545394817, 2.326910582621913, 3.527322796966336, 3.640677753493719, 2.4244621821773227, 2.1592626531006567, 2.1187949253812604, 2.4882675389210562, 1.9913614473736154, 2.5587813010166305, 2.765191569912073, 3.239831638148199, 2.57867284616797, 2.1367572005775965, 1.8665052557100479, 2.266357047526234, 2.3995878335318626, 1.9382210298317928, 2.0393496835438283, 2.8638454776891504, 2.3531892775952046, 2.1235342795397534, 3.302054148922376, 2.80187573985435, 2.5657048095988837, 2.2593008461367923, 2.9517398284187992, 2.3659158951403567, 1.8931724533967915, 2.332317171754772, 2.931769545981135, 4.20888623299715, 1.9910043594156281, 2.080882999593104, 1.8513534085682717, 2.084453879172977, 1.9672178591711371, 3.83632871564159, 2.2438956615760643, 2.4363852180145202, 1.486237781044407, 2.0849288574137446, 3.498567366038394, 2.3159122125279836, 2.261061381852638, 3.0220784761882697, 1.6987824885092337, 2.836947210987512, 2.8953167682922913, 1.8159148905445495, 1.0613719094950413, 2.36314582937098, 2.0619299269317795, 2.5293788959588484, 2.181385610048312, 3.0123246799923153, 2.546150952261715, 2.5086392754928157, 2.86731469825706, 2.7885461055523817, 4.35031215907011, 2.250225002917518, 2.2388238165842695, 1.7817745652248198, 3.5324555537241107, 1.9959558364976626, 2.264769930124913, 2.079803192945028, 2.846856462807589, 2.7171678036548417, 4.629156190418695, 2.2590640812646616, 2.5639519623797407, 2.2794424910927527, 2.43931342257912, 2.684408856347808, 3.2000453828849444, 2.33310521565195, 1.950303958747558, 2.0154991124934787, 1.1787539026202678, 2.4226179918808692, 2.485846046039602, 4.183603168756951, 2.215655756326405, 1.872788466071283, 2.3969997928256155, 3.268915017334326, 4.248610827369401, 3.0626085350056806, 2.4264122011107445, 3.0338622301394533, 4.583214186992041, 1.8376602791780465, 2.614982823485159, 2.910909311105033, 2.193064520209695, 1.91327402540223, 3.0229538721918785, 2.664994299770082, 4.517221421289611, 2.3992444140124585, 3.759866251358533, 2.010082048265054, 1.9465006890786607, 3.096136115765807, 1.9554356651123803, 3.102180374740665, 2.164747877297074, 2.0836640924178385, 1.920784407889768, 2.1370372735393945, 2.0121255709956514, 2.1747383551506676, 3.323813747135351, 1.8489430378369707, 2.929888019835152, 2.4444213532507386, 3.06288765990789, 2.119250493584695, 2.280460296160339, 2.0798912792444284, 3.856405906211677, 2.1021929496217937, 1.9308128953570098, 2.51031269662788, 2.0653307881552037, 2.0516452983268683, 2.313671388847969, 1.573618167976751, 2.4174277529865447, 2.4105458367769907, 2.152398465901874, 4.536313684309738, 2.259446399996241, 2.3366291099741927, 2.288542580446956, 2.8210493190207035, 1.8699710763198805, 2.1202771309932684, 2.1684533253455704, 2.5334518259878007, 1.579312056953242, 3.35452028640271, 2.6106860458856245, 2.110627230505067, 3.0161623667708293, 3.6505517398956333, 3.3051126950408687, 3.4226260617116675, 2.0847767788829374, 2.5273991404984995, 3.8003622432695554, 1.7999365029923058, 3.291725877651765, 2.226286254405365, 2.9698153612560083, 2.7214246181978607, 2.4787642832776355, 2.5905302980641247, 3.272428301337002, 4.524680488361068, 2.739718519397607, 2.5860679476094157, 1.8997773262183257, 4.2109535288988456, 2.441723380853075, 2.6503030699337673, 2.425539259625398, 2.313494332232237, 3.213085804149956, 2.197366531224613, 2.6107219989612225, 3.514561606629824, 1.8997811434517902, 2.271554601326671, 3.378503327000254, 3.2037586595039, 2.746541115494394, 2.0130252379875007, 2.872357027406855, 2.878377467823653, 2.9784141479348722, 4.0925862691696295, 3.647592191479992, 1.746499731851593, 2.539133079758838, 2.1572009482007277, 4.2510200874334405, 2.3033239635650657, 1.9500613147545283, 2.951479918518789, 3.5945670735496087, 2.8400156251071382, 2.3553753734911123, 2.142334650342881, 1.8891282129685711, 2.07494920841979, 2.0313023903279435, 3.9030953111545257, 3.0042133613799917, 2.150462954720677, 3.4994431304142912, 2.3434900068877114, 2.459282852143619, 3.719540844854624, 3.4484030382930193, 2.427765268216514, 3.3659804350289177, 2.2470290428073016, 2.210715052780586, 3.2582981825672745, 2.252678583369231, 2.0676694907463458, 2.1645137385921887, 3.080073023216544, 2.5175756176557806, 1.893239087034885, 2.2052718843610384, 2.0926080124993134, 1.5926285624194305, 2.363110967745102, 2.7766054137759397, 3.155786434894612, 4.411349679391854, 2.1376489558926313, 2.1751509242493103, 1.8345185637445904, 2.1785670984681906, 1.5339190615292484, 3.154618679525707, 4.730059097071634, 1.7765891013373016, 2.1114054772269006, 2.2272518116469353, 2.112472469713805, 2.736431049302716, 2.2861415750156504, 4.2898599100035675, 2.6095591754054666, 2.2637959238466987, 2.276296695237645, 3.468470244544667, 2.641354313146932, 1.8020021457731987, 1.9224212034101116, 1.1127147061716058, 1.9453519045767502, 2.435005377592548, 2.242996981465853, 1.9559245493725554, 2.363362199899208, 2.114475212883832, 2.8366612049749222, 1.8926889323819092, 3.2426115738240986, 2.086508416347521, 2.8743472967965626, 2.3485760963671227, 2.2139462171969297, 1.8680659690860655, 2.198363234620648, 1.4093366559127332, 3.0347593514506372, 2.2178503949964274, 2.2885838781356096, 2.234912747706215, 2.71537953004286, 2.125050074617076, 2.452229757776293, 2.7279325184503636, 2.4285162863751526, 2.329361826064738, 1.907734596181574, 3.642895388128964, 2.1608435178903695, 2.0372925492339125, 2.584239831390169, 2.849753187480667, 2.0375527380237246, 2.179863278219562, 2.163122634298105, 2.173669543219901, 2.586854031158254, 3.097353527825934, 2.511249693423973, 2.5183675328161974, 3.2574097323794473, 2.243737750284104, 2.483044224733647, 3.7768876900673023, 2.2300213975706797, 1.7883456670737146, 2.077084027944374, 2.3392629772628597, 3.2170519402743585, 2.6214303663137826, 2.504846159976881, 2.3464345061028475, 2.1070045172364416, 1.8681471940464287, 2.481523532366809, 3.273523787088602, 2.1684351503149246, 2.1843095169248388, 2.1496105284811566, 2.203483123187477, 2.0300158485462956, 2.9315678659149933, 3.3185403405026364, 1.7712003194258574, 2.5131692204643694, 1.8735094762065492, 3.772621452425164, 2.1002268571742224, 2.8608367126460137, 2.3920440732890302, 1.7805845567906662, 2.7426985756976796, 2.1576844171743863, 2.4983860381920913, 2.7586698397958527, 1.898852543905541, 3.031061740529525, 3.168632053048457, 2.5405020474353623, 2.551139850431011, 2.6689098313009785, 3.0228865409069274, 2.6270164863072725, 2.6101210641188564, 1.9871401088431329, 3.198383416001881, 2.171486864433639, 2.881833060014017, 2.1978483436846723, 2.66180613647054, 2.246271188440821, 2.305483518013403, 2.0868885697956174, 2.8332187025438667, 2.707897579596383, 2.0838480538711477, 3.357598650304214, 2.2590774036092003, 2.102048576739258, 1.8421088185453485, 3.1483968037747188, 2.1713578685445096, 2.6994406759382166, 1.078758887621181, 2.5474586822350647, 2.2425513899330776, 3.6458700297844597, 2.8382214936824437, 1.0939407056537012, 1.8692987599970672, 2.74954726625059, 2.9846088091228786, 2.0456422909565894, 2.178123694188509, 1.9852593438236081, 2.1919777493131685, 2.1994697622116095, 2.092048246155171, 2.3216186213041925, 2.867626274307235, 2.3348712328166017, 3.5193544700558816, 2.1706804265572277, 2.653027142545454, 3.254386565047319, 5.050653096186922, 2.080818074509834, 1.9916245648163429, 2.7548559744837715, 2.4103899581642874, 2.80731946303972, 2.7005860958573393, 3.531191230317306, 3.7673594136581454, 2.6833430642323592, 1.9855753968262073, 3.3898516036454347, 1.6325909923382032, 4.802712759477183, 1.9281141544397786, 4.398207946391462, 2.1811090107692865, 3.910074610712754, 3.2827689209693123, 2.6400700126481516, 2.583580336058579, 1.978033465353722, 2.1937077911005187, 1.9384060079062593, 2.536454569979328, 1.9559089347983254, 1.9973706215741975, 1.9209077500051766, 2.6909052895910603, 1.7315011661871478, 2.0297578567680366, 1.9904764159753503, 4.526877757885296, 3.4954227464956995, 2.869489688546619, 2.424884846582114, 3.8639832339736735, 2.5719846028504727, 1.8499853223653253, 2.2734791169965374, 1.7967705509054617, 3.5111170232476367, 2.252012190152493, 1.8438925497804617, 4.345196360990778, 2.6455758228632225, 1.7770649338554807, 1.9813057479634049, 2.26754289745092, 2.236671800622417, 2.8375120278354666, 2.5874719629615135, 3.364436375624911, 2.0562910457787718, 2.948836506645079, 2.2249724543210023, 2.4615216380177016, 1.8396621680389476, 2.160421266505982, 2.045882342909208, 2.254458801768678, 4.3339901479584695, 2.444574392716473, 3.0540372907786058, 1.5497360692251791, 2.461329081749054, 1.989385503720925, 2.1218387501014044, 2.4162350074196843, 2.1723462675095604, 2.172761446331527, 2.0119982836613453, 3.5376459840704766, 3.037079236312661, 2.757874490374221, 2.41363796978573, 2.58694694335611, 3.0956260796802777, 1.870655175606207, 3.164876856207478, 2.0929906733456245, 2.075845381131787, 2.178645839757289, 4.607354208284372, 2.5880581492645387, 2.53349106647598, 1.7863543464276181, 2.9491039055861137, 2.1370610849929434, 2.6110204882039576, 2.5521774225145495, 1.9731976069794905, 3.6053940712157013, 3.2786621062254824, 1.9336147831808084, 1.8565811150212008, 3.9604127868107804, 3.614252534035759, 2.4787730612567556, 2.2609743755858283, 3.4656166521344085, 3.230698907144314, 1.5224967314961084, 1.7590916508672485, 2.641520595087341, 2.173160393882675, 1.8737870820621336, 1.9113977377218831, 3.127362584448061, 2.156857128557505, 2.4852190618536154, 2.6639085131801257, 2.682234796159256, 3.1274058242400864, 1.2851266755633752, 4.068910803019017, 2.2108849726154496, 2.450174781587715, 2.1724897861146846, 2.4485601972800692, 2.134952728341478, 2.220386199901552, 2.9994111276693634, 2.229001130867393, 2.0944883516770596, 2.53820907572408, 2.4286843895170107, 2.1293967292489504, 2.2718585940559897, 3.4771371148607426, 3.3596905252955906, 2.0881310376664404, 2.752577261826378, 2.3161889443795203, 3.9100647804050936, 2.278905658452222, 2.9996049060246537, 2.3812186870826695, 1.9789093572071703, 2.0141707111186693, 2.108943449727094, 2.1132635305968104, 3.196631769486288, 2.1317341383176833, 2.357310930900459, 2.8687473214760666, 1.8865457323537496, 2.3432113174294362, 1.818711777638077, 3.0794653298221766, 3.211320902393184, 1.7923037107098798, 2.6638334994437574, 2.0970003471171856, 2.30010927854459, 2.5595453439967684, 2.410908904676858, 2.9967462525556416, 2.437865552395866, 2.0758145717109553, 3.4192807567331314, 1.710568602734328, 1.4355341211076202, 2.897536653286193, 2.823300430575767, 1.5186010964707255, 1.9521885566714485, 1.7761286458125285, 2.090874628197456, 2.0765804584252097, 2.3223398717711388, 0.6652027947220387, 2.93337784678783, 3.2405488591096043, 3.1260936489412527, 2.7468715565203303, 2.789358410493084, 3.371211427158089, 2.699651590964349, 2.4101147508086416, 2.0932563536205864, 2.3741450194157228, 3.4608967402596695, 4.230617222313008, 2.317765069052082, 2.4799238489293667, 2.475911784050976, 2.740591927601037, 2.0784302608308516, 1.9746201729413753, 2.497638621456454, 1.9178098336697258, 3.175852411487955, 3.1900786229346862, 3.026276246725753, 2.2620705435338806, 2.201447176075993, 1.9948759274927632, 3.2362635684087517, 3.144182453883823, 2.0259118998616765, 3.8721433434935406, 2.8087821159972854, 4.052281122010096, 2.1452789247297033, 3.8713045825544783, 2.3073134951183345, 3.852478173878822, 3.6091512175744085, 3.3134847267816587, 1.9375736327460886, 2.0496138266424335, 2.8066840106747577, 2.497282754923686, 2.644025638612545, 1.787076934557206, 1.8614470963084049, 2.5039064548242833, 2.323904777959762, 1.9676740433088529, 1.9822924383736327, 2.51985477833483, 2.0853783373613273, 2.2983437223401224, 3.703625917854435, 2.4802108101402305, 4.40970098706709, 2.538782070088526, 4.379997812925584, 2.9703782560028986, 3.9322261054169143, 3.128781607250455, 2.4589612656827042, 3.161356578216832, 3.372255164646686, 1.8135810046564604, 1.6556461828019087, 2.5987682251719217, 3.9307664179670097, 2.2925972239484587, 2.905851878017616, 2.052135653561042, 2.503608601828983, 3.418322366123547, 2.7959473221384608, 2.577587774089054, 2.443359610237387, 4.64297488348056, 3.1996039049918137, 3.2254298388484757, 2.2141982290333084, 2.895771587726255, 2.8813512003754824, 2.5598591193014704, 2.396642154988015, 2.7324564054686427, 2.2189481071670065, 4.114194260045362, 2.6579516367900653, 2.029745042606865, 2.6940323896889113, 3.0083010787937936, 2.4433782534667845, 2.837826634718379, 2.270009101562089, 2.273125871324575, 2.837548535940813, 2.644372821667733, 3.374265617566428, 2.3693764429049935, 2.05065262797476, 3.332794107212064, 2.174866481599367, 1.725709798423348, 2.0476523542510314, 4.221078480213404, 2.3618633211963167, 2.4759075126639187, 3.128921563099836, 2.200010426662106, 2.3681875051452312, 2.048390501389233, 2.357897684258126, 2.1965207965872744, 3.4036260683537196, 2.4602022898433473, 2.16041813978069, 2.604746185851001, 3.064262114251523, 2.0271676876565117, 1.5030166436827508, 2.6635421311034855, 1.9277723971154517, 2.405110923885328, 3.037655457338696, 4.465285865597999, 2.5462931768560315, 2.146194147647216, 2.1856039855463196, 1.8171030342253025, 4.722566816090543, 2.235290655239659, 3.8784565378965277, 2.949371771434252, 2.491990917489956, 3.8945246568141387, 3.394674874398439, 2.393203818436076, 2.112223666338755, 2.9464732605822253, 3.739887423801437, 1.9263329396771538, 1.7995187613381054, 2.7497043747198457, 2.295241875362275, 3.0606986853882807, 2.683768702986873, 2.53793159365412, 2.1593283564619545, 1.9146746158430579, 1.831055323118561, 1.8396160199071603, 2.785706244529965, 2.302640418182373, 2.3897104054543776, 2.400108844407053, 2.2192437678142527, 2.3436408763502876, 2.355985092357884, 2.3303177084583795, 1.9906840053863333, 2.2334468076681624, 3.3615392737162355, 2.4250172961270007, 2.624095711837515, 2.623975241570932, 3.1607106924525494, 2.6423754098586234, 2.3993862240627597, 2.246041606433634, 2.746064267273669, 1.7938836380394043, 2.0674605017419556, 3.2950535233743787, 1.793238968086516, 3.3077832047424844, 3.066648796751842, 3.3212952954738366, 2.5780022332498445, 2.8109783700711777, 3.0990124259576177, 1.7163786562872079, 2.7747348151686966, 1.8547025761449851, 2.0902014404456626, 2.0814775766714755, 1.9979214264645924, 2.867876892286859, 2.719543406186889, 2.241836396617897, 3.030027385316704, 2.0841629830881923, 2.203469359022873, 2.353038924770789, 2.95279466437506, 2.0793000235496826, 2.1955835439643887, 2.405026405855614, 1.7975786630335584, 3.310165626408227, 4.482690852387019, 2.5412272529583015, 2.051286501814058, 2.0943906571027484, 2.7842642796934522, 2.1082395251400565, 2.283110598759816, 2.29080485421321, 1.8883223204081556, 3.6800725279479103, 2.4263267711266256, 2.077188249788571, 2.2603328132498275, 2.9577927559431574, 2.0693110878067236, 2.5831652092543766, 1.8938551510777006, 2.327624171780069, 4.577987758921963, 2.405439503771156, 2.884905303679388, 2.3385189016374843, 2.089552206764527, 2.2047389452854502, 2.614178219961205, 2.362832547904107, 2.510156459255511, 2.1897899448624383, 2.5347580316450244, 2.614237061274571, 2.4754576548942215, 2.2181698947483106, 2.5000261967923065, 3.5736978760489375, 3.552104777224807, 1.9177132805955952, 2.4928495422878503, 2.1895413501357055, 2.2085421123218536, 3.0445594172905266, 2.3499211291365683, 2.725281697862139, 2.7954400611834664, 4.5320497619378415, 3.326643471022528, 3.7644477053088883, 2.640598753760999, 1.7921677042125543, 2.534256425280231, 2.89234422899448, 2.1878088755452794, 2.233272535076226, 3.2245242287929514, 4.585782662479355, 2.3592665368140877, 1.8634674452349218, 2.1523245703924094, 2.704100426804997, 2.3760635204533034, 2.049093571698859, 1.501785499903689, 2.0291146322369586, 2.4840845800469604, 2.49645733730374, 2.1259651140387135, 2.1353877938870376, 2.744474383231085, 2.7743444849868015, 3.2207166040675848, 3.930964677276285, 3.338953122329053, 2.749655906662572, 2.182560195129313, 2.4116515198724606, 3.2172296299759404, 2.584178833866345, 2.3060794254923884, 1.9362843829400294, 2.2895446993052966, 2.2247027410021136, 2.9402270086459024, 1.0734471747357002, 2.565167599136238, 2.2502915974344324, 2.5357280283425823, 1.802810292204433, 1.4000957502646252, 2.0891199978283517, 2.429413866427007, 2.0927190131287827, 2.490643056611657, 2.1012088220438003, 2.370986625796424, 2.771051405103366, 2.2455666281928663, 2.510099060325198, 2.771356365550743, 2.386423659539573, 2.7176229708393067, 3.711831121245421, 1.5318731991699877, 2.265757344783394, 2.2256438377919525, 2.1805669104336953, 1.6181870209036981, 2.0902517344989664, 4.45343838348603, 2.50226965930394, 2.3989163714864605, 2.173724216974234, 2.3957874971793798, 2.0069446103181146, 3.071676077773284, 2.688962221855963, 2.4303374803508295, 1.6642720570303529, 2.5165140677509266, 2.6457456299728253, 2.0826403036624823, 1.9503296687507636, 4.051949501764586, 2.5409662222246054, 3.1099264046581947, 3.5112506801491237, 1.7939053044674491, 2.3211970967196653, 2.2745804519180366, 2.098980706786053, 1.8661541648455096, 2.092059510967141, 2.112533123410018, 2.137002576853577, 1.9485816548231853, 1.9349547905988835, 3.2621992834397306, 1.6128872138722032, 1.7651826116570306, 2.496313637191291, 1.9281798702891457, 2.3016423086173026, 2.4562948249633627, 2.3041906181356664, 3.0055493877719037, 2.4025401991142745, 2.180270367857949, 2.4330901833620913, 4.139360039823046, 1.7270726092377453, 2.3369682581065394, 3.318658551573478, 2.319001225618023, 2.3468821869197214, 2.40218992822401, 1.379393321504637, 2.1859609308871972, 2.4125880971501923, 3.276128845907624, 2.1315740783307513, 1.4613654373506946, 2.156830156914502, 2.4350957123816683, 2.747468984572316, 2.770287576993832, 2.312266883359224, 1.8224113441456633, 3.4067921630576734, 1.347342541581752, 4.531661031412492, 2.348159606871179, 3.2202228159529818, 2.4562705425367457, 2.7728333222757153, 1.5978930667755429, 2.113325038570435, 2.191905059733811, 2.1791618795865544, 2.5523238789232843, 2.7668716983753954, 2.2758251341065234, 2.69939762965495, 1.982270227160935, 2.200376874793414, 2.5851226308872257, 1.7297047679715898, 2.2271539110206215, 2.8577989021708876, 2.1534318413717433, 2.018546415746151, 1.7354496535344512, 1.937385691715569, 2.3336269267937735, 3.189866807856913, 2.3937355393808746, 2.3182169989543095, 3.2653095759840034, 1.7974770383247334, 3.0529599855398812, 2.5196344262173818, 2.0387764634007435, 2.2007523567306344, 3.9141145115009826, 2.6849295405234965, 1.9058345531893446, 1.5059674478910672, 2.11301066448302, 4.033816429658104, 2.1389764832633924, 3.4010737906752753, 3.0445813652925784, 1.9906951109926823, 4.121201278579102, 2.8507270837884535, 1.4209218234259275, 2.05914327401562, 2.377288760289869, 2.6106984422083515, 1.9674297739989515, 2.3490950428796933, 3.2162800141626438, 1.9188622837139993, 3.1558950178066008, 2.520760363845677, 2.241061169124864, 2.417528948463256, 1.6245310149903047, 3.226468679634075, 2.4703340027916085, 2.234613096960992, 2.1287800881386088, 4.3065783541507034, 2.0511540888152826, 1.7869549034478696, 2.9424896482328373, 2.110278685321194, 1.8878886392929843, 2.1721532008145723, 2.514870010791188, 4.099100087055233, 3.771616272241515, 2.2132433232762088, 2.4976620505242706, 2.255092675607976, 2.105410158353325, 2.4237059803004204, 2.7212062301533946, 3.7376533457533787, 2.1488442613697196]"
1.0,9358,0.6125691427781151,0.6125691427781151,0.02503514289855957,0.3122311740877895,"[2, 3, 2, 2, 3, 3, 3, 3, 3, 1, 3, 2, 3, 3, 2, 3, 3, 2, 2, 2, 2, 2, 3, 4, 4, 3, 2, 2, 3, 4, 2, 1, 2, 2, 3, 3, 2, 4, 2, 2, 3, 2, 2, 2, 1, 2, 2, 2, 1, 2, 1, 2, 1, 2, 4, 2, 3, 3, 2, 1, 2, 2, 3, 4, 1, 2, 3, 3, 2, 2, 1, 4, 1, 2, 3, 2, 2, 2, 2, 2, 2, 3, 2, 2, 2, 2, 4, 3, 3, 3, 3, 5, 3, 2, 1, 3, 2, 3, 2, 3, 2, 3, 5, 3, 3, 2, 3, 3, 2, 2, 3, 2, 2, 3, 2, 3, 3, 2, 2, 3, 4, 1, 2, 3, 3, 3, 2, 2, 2, 2, 2, 3, 2, 5, 3, 2, 2, 3, 3, 2, 1, 3, 2, 2, 3, 2, 2, 4, 3, 2, 1, 1, 1, 2, 3, 3, 3, 3, 2, 2, 2, 2, 5, 2, 2, 5, 1, 2, 5, 2, 3, 3, 3, 1, 1, 2, 3, 2, 2, 2, 2, 1, 2, 3, 2, 4, 2, 3, 5, 2, 1, 2, 4, 3, 3, 2, 3, 3, 3, 2, 2, 3, 3, 2, 2, 3, 2, 2, 2, 3, 4, 4, 2, 3, 3, 1, 3, 3, 4, 2, 1, 2, 3, 2, 1, 2, 2, 3, 1, 4, 2, 3, 2, 2, 2, 2, 2, 1, 2, 3, 2, 3, 3, 3, 4, 2, 3, 2, 3, 2, 3, 3, 4, 3, 2, 3, 3, 4, 2, 2, 2, 4, 2, 3, 1, 2, 3, 1, 2, 1, 3, 1, 2, 1, 3, 2, 3, 2, 4, 3, 2, 2, 3, 3, 2, 2, 2, 1, 2, 2, 4, 2, 3, 3, 2, 2, 4, 3, 3, 2, 2, 2, 2, 3, 3, 2, 3, 2, 2, 4, 2, 3, 2, 3, 2, 2, 2, 2, 3, 2, 3, 1, 3, 2, 4, 3, 2, 3, 3, 2, 4, 2, 3, 3, 2, 2, 2, 3, 2, 3, 3, 1, 3, 2, 3, 3, 2, 3, 2, 2, 2, 2, 1, 2, 1, 3, 2, 3, 2, 3, 3, 2, 2, 2, 2, 3, 2, 3, 2, 4, 1, 3, 2, 2, 3, 2, 2, 3, 3, 4, 3, 3, 3, 3, 3, 2, 2, 1, 3, 2, 2, 4, 2, 2, 2, 5, 2, 2, 4, 4, 4, 2, 3, 4, 2, 4, 2, 3, 3, 3, 1, 3, 2, 3, 2, 2, 4, 1, 3, 2, 3, 4, 3, 3, 1, 3, 2, 2, 3, 2, 2, 2, 2, 2, 3, 2, 3, 2, 3, 4, 1, 2, 3, 3, 2, 3, 3, 2, 3, 4, 2, 3, 3, 4, 2, 2, 3, 2, 3, 2, 2, 3, 3, 4, 3, 3, 2, 3, 3, 2, 1, 3, 2, 2, 3, 4, 3, 2, 2, 2, 2, 1, 3, 4, 2, 2, 5, 2, 4, 3, 3, 3, 3, 1, 1, 5, 3, 3, 3, 2, 2, 1, 3, 2, 4, 3, 3, 2, 3, 2, 2, 2, 3, 1, 3, 4, 3, 2, 2, 3, 3, 2, 2, 4, 2, 2, 5, 2, 2, 3, 3, 1, 2, 3, 1, 3, 4, 3, 1, 2, 3, 3, 2, 4, 2, 3, 3, 5, 3, 4, 2, 3, 3, 4, 2, 3, 2, 5, 3, 2, 3, 1, 4, 2, 2, 2, 3, 2, 2, 2, 3, 3, 3, 3, 4, 2, 3, 2, 1, 3, 1, 4, 2, 4, 3, 1, 2, 2, 2, 1, 5, 2, 3, 3, 3, 2, 2, 4, 2, 4, 3, 1, 2, 3, 2, 4, 3, 3, 1, 3, 5, 4, 2, 2, 3, 3, 3, 2, 3, 3, 2, 2, 3, 1, 1, 3, 3, 4, 4, 4, 2, 2, 3, 2, 5, 3, 2, 2, 4, 1, 3, 3, 2, 3, 4, 2, 3, 3, 2, 3, 4, 2, 3, 1, 1, 1, 2, 2, 4, 2, 2, 3, 3, 2, 2, 3, 2, 2, 3, 4, 3, 3, 1, 1, 3, 2, 4, 3, 4, 3, 3, 4, 2, 2, 3, 3, 4, 4, 2, 3, 1, 3, 2, 3, 1, 3, 3, 3, 2, 3, 2, 3, 2, 2, 2, 2, 4, 3, 3, 3, 2, 2, 4, 1, 3, 2, 3, 4, 3, 3, 2, 1, 2, 1, 1, 2, 2, 2, 3, 2, 5, 2, 2, 2, 2, 2, 3, 3, 3, 2, 2, 4, 1, 3, 2, 3, 3, 3, 2, 2, 4, 3, 2, 3, 4, 1, 2, 2, 3, 4, 2, 4, 2, 4, 5, 4, 2, 1, 4, 1, 1, 1, 3, 2, 2, 2, 3, 4, 3, 3, 3, 2, 2, 3, 1, 1, 4, 1, 4, 2, 2, 2, 3, 2, 2, 3, 3, 3, 3, 2, 3, 2, 2, 5, 1, 3, 1, 3, 5, 4, 4, 1, 2, 1, 5, 2, 4, 2, 1, 2, 1, 2, 3, 3, 2, 2, 3, 3, 3, 3, 2, 3, 3, 2, 3, 2, 2, 3, 2, 3, 1, 3, 3, 2, 2, 1, 3, 3, 2, 3, 2, 3, 5, 3, 3, 3, 1, 3, 2, 2, 3, 3, 1, 3, 2, 2, 2, 3, 2, 2, 2, 2, 2, 4, 3, 1, 2, 2, 3, 4, 2, 2, 5, 5, 2, 2, 2, 2, 3, 2, 4, 3, 3, 3, 3, 5, 2, 1, 2, 1, 3, 2, 2, 2, 3, 3, 2, 3, 1, 3, 1, 2, 3, 4, 2, 2, 2, 2, 3, 2, 4, 2, 3, 2, 1, 3, 2, 2, 3, 1, 3, 2, 2, 2, 1, 2, 3, 5, 3, 4, 3, 3, 3, 4, 2, 3, 1, 3, 4, 3, 1, 4, 3, 3, 2, 1, 2, 2, 3, 4, 1, 2, 2, 1, 3, 2, 1, 2, 2, 2, 3, 4, 1, 3, 2, 4, 2, 3, 2, 2, 2, 3, 3, 4, 3, 4, 2, 1, 5, 2, 2, 2, 1, 2, 1, 3, 3, 3, 2, 4, 2, 3, 3, 3, 2, 2, 4, 3, 2, 2, 2, 2, 3, 3, 3, 4, 4, 3, 2, 3, 3, 2, 1, 1, 3, 3, 3, 3, 1, 3, 3, 3, 2, 2, 3, 4, 3, 2, 2, 4, 2, 2, 3, 3, 2, 2, 3, 2, 4, 1, 3, 2, 3, 2, 2, 1, 4, 2, 2, 3, 2, 3, 2, 3, 4, 4, 5, 4, 2, 2, 2, 5, 2, 4, 4, 5, 3, 2, 2, 3, 2, 2, 3, 2, 3, 2, 2, 3, 3, 4, 1, 5, 3, 3, 3, 2, 2, 3, 4, 1, 2, 1, 3, 4, 1, 4, 3, 1, 1, 2, 2, 2, 2, 5, 3, 2, 2, 3, 1, 4, 2, 4, 2, 3, 2, 3, 3, 2, 2, 2, 2, 2, 2, 3, 2, 3, 2, 2, 3, 2, 3, 3, 2, 2, 3, 4, 2, 2, 2, 2, 2, 2, 2, 3, 2, 2, 2, 4, 1, 3, 4, 2, 2, 3, 2, 2, 3, 2, 3, 3, 2, 2, 2, 2, 3, 3, 2, 2, 1, 3, 3, 3, 3, 2, 2, 3, 3, 3, 2, 3, 1, 3, 3, 2, 3, 3, 5, 3, 1, 3, 2, 3, 2, 1, 4, 2, 3, 3, 2, 2, 2, 3, 2, 3, 2, 1, 1, 3, 3, 3, 3, 2, 2, 4, 3, 3, 2, 2, 3, 3, 2, 3, 3, 2, 3, 2, 4, 4, 2, 2, 4, 2, 2, 2, 2, 4, 2, 2, 2, 4, 2, 4, 2, 3, 1, 3, 2, 2, 2, 3, 2, 4, 2, 3, 2, 3, 3, 2, 4, 3, 3, 3, 4, 2, 3, 5, 2, 2, 2, 2, 2, 2, 4, 4, 2, 3, 3, 4, 4, 1, 1, 1, 2, 2, 3, 2, 2, 2, 2, 3, 3, 1, 2, 2, 2, 3, 2, 3, 3, 2, 3, 2, 3, 2, 3, 1, 5, 4, 4, 3, 2, 3, 3, 3, 3, 3, 2, 4, 2, 3, 2, 3, 4, 2, 2, 2, 4, 1, 2, 3, 3, 2, 3, 3, 3, 2, 3, 1, 1, 2, 1, 4, 3, 2, 3, 4, 4, 1, 2, 4, 1, 1, 1, 3, 3, 3, 3, 4, 2, 4, 4, 3, 2, 1, 3, 2, 3, 1, 3, 2, 3, 2, 3, 2, 4, 4, 3, 3, 2, 3, 3, 3, 2, 1, 2, 2, 2, 3, 2, 2, 1, 1, 2, 2, 3, 4, 3, 3, 2, 2, 3, 3, 2, 2, 2, 3, 2, 1, 4, 3, 2, 1, 2, 3, 3, 2, 2, 3, 3, 3, 3, 3, 2, 2, 3, 2, 2, 2, 3, 1, 3, 3, 3, 2, 2, 3, 3, 3, 3, 3, 2, 2, 3, 3, 3, 2, 3, 1, 5, 2, 4, 2, 3, 3, 2, 2, 2, 2, 3, 3, 2, 2, 3, 2, 2, 1, 1, 4, 2, 3, 3, 3, 2, 3, 2, 3, 3, 2, 4, 5, 2, 3, 2, 3, 3, 2, 2, 2, 4, 2, 2, 3, 5, 2, 2, 2, 2, 2, 2, 1, 3, 2, 4, 1, 2, 3, 1, 2, 4, 4, 2, 3, 3, 1, 1, 1, 4, 2, 4, 2, 4, 3, 3, 4, 2, 3, 3, 3, 2, 2, 2, 3, 3, 3, 2, 4, 2, 3, 3, 3, 3, 3, 3, 3, 3, 3, 3, 4, 3, 1, 4, 3, 3, 2, 3, 2, 1, 1, 3, 3, 2, 3, 2, 4, 2, 2, 2, 2, 3, 2, 3, 3, 3, 2, 1, 1, 1, 4, 3, 2, 3, 3, 3, 2, 4, 3, 4, 2, 3, 3, 5, 2, 2, 2, 2, 3, 2, 4, 2, 1, 1, 2, 2, 2, 3, 2, 3, 3, 1, 3, 3, 3, 3, 1, 4, 3, 2, 1, 2, 1, 2, 3, 2, 1, 4, 2, 2, 3, 4, 4, 4, 2, 3, 4, 2, 4, 1, 2, 2, 2, 3, 3, 3, 2, 2, 4, 2, 2, 1, 4, 3, 3, 4, 2, 4, 3, 3, 1, 5, 4, 4, 3, 1, 4, 2, 2, 3, 4, 5, 1, 2, 4, 3, 2, 3, 2, 3, 2, 3, 3, 2, 2, 2, 4, 4, 3, 3, 3, 2, 1, 4, 3, 2, 2, 3, 3, 2, 2, 2, 1, 1, 3, 4, 3, 2, 3, 3, 2, 3, 3, 3, 2, 2, 3, 3, 1, 2, 2, 2, 3, 2, 4, 2, 2, 2, 2, 2, 4, 3, 3, 3, 2, 3, 5, 3, 4, 2, 4, 2, 2, 3, 2, 2, 2, 3, 2, 2, 2, 3, 2, 1, 3, 2, 2, 1, 3, 2, 3, 2, 3, 3, 3, 3, 2, 2, 2, 3, 2, 1, 2, 2, 4, 3, 2, 2, 2, 2, 3, 3, 2, 2, 3, 5, 3, 4, 2, 2, 2, 3, 3, 2, 4, 1, 2, 1, 2, 2, 3, 1, 2, 3, 3, 2, 3, 1, 2, 4, 3, 3, 3, 2, 2, 2, 3, 3, 3, 2, 2, 2, 3, 5, 1, 3, 2, 1, 4, 2, 3, 2, 3, 3, 2, 3, 3, 1, 3, 2, 3, 3, 3, 3, 3, 3, 3, 3, 3, 2, 4, 3, 2, 1, 2, 4, 4, 1, 2, 3, 4, 2, 3, 3, 2]","[2.5822778793539385, 2.0222895798142737, 2.04060434720647, 2.520283602988756, 2.416472385725551, 2.848464093030878, 2.7457953365945578, 2.26568047795695, 2.4215678083920973, 2.1688450442960803, 2.423312746479448, 2.512901111417383, 2.906405789270536, 2.3092717059263133, 2.2694654170280613, 2.2323103307178127, 2.7335404144109723, 2.4820340149927653, 2.1864526192864386, 2.1821439568632517, 2.2180254678926055, 2.2162318612297134, 2.767127171086196, 4.275834508831825, 2.7536260059378552, 2.5800695442093575, 2.763349991058606, 2.2591267094859675, 2.355489377287338, 3.0512998166384344, 2.1250623310788654, 2.4895276341939576, 2.4034929184175104, 2.1230530306876965, 2.0970007423549735, 2.58547207367801, 2.465325677998184, 3.103168125685735, 2.2562563858886966, 2.290203964393018, 2.374141477400968, 2.3675271876721333, 2.2786013993914467, 2.669649666974665, 2.237355636706823, 2.2185364903304725, 2.1977036060974933, 2.4801510587468885, 2.1890151284220516, 2.5920416875113177, 2.4997776135648513, 2.2179939213327993, 2.2403932577060153, 2.2483641169677093, 2.5243282229489328, 2.376337313734021, 2.165179059315497, 2.304197596753936, 2.422125582763277, 2.8176920315617946, 2.543205494395757, 2.345571492560828, 2.5277872817386844, 4.015460096588159, 2.102307620897475, 2.394256407809664, 2.188384822388397, 2.0029199920931884, 2.534860008299185, 2.152800918696041, 2.307964258085846, 3.9415616829909625, 2.4535227655687306, 2.4188983800408685, 2.110400400264072, 2.38471950940565, 2.5245857769254334, 2.192547689372109, 2.2074205810736034, 2.39377662536952, 2.2532571301683886, 3.646657761509993, 2.246730703045136, 2.2509830644584388, 2.6379793189701917, 1.989902441554651, 3.2742220672049207, 2.6286413939327082, 2.7041084900635575, 2.4108847463112344, 2.416028930506166, 3.27067259715868, 2.9184619107928818, 2.329648572925923, 2.3345354679795753, 2.1115045772296517, 2.4606432841811547, 2.2527674194762266, 2.654691004414855, 2.18402220789827, 2.5640276949131064, 2.4588707653237813, 2.795803012103653, 2.2094978137625567, 2.362314142350317, 2.2145198682772165, 2.4552477693167156, 2.512278418541065, 2.560611938830971, 2.0389218640167988, 2.2186182835217685, 2.2340958025836586, 2.275344269363402, 3.352291967992193, 2.2280329557903293, 2.7245030053846513, 2.2973812716230197, 1.965362273098409, 2.350008540953433, 3.103153469463435, 3.5598686432726074, 2.2906732162773347, 2.277896859555772, 2.196768757197786, 2.3917074608282487, 2.663683175567212, 2.3103004966450893, 2.030277443488324, 2.0186472784397242, 2.2649489861798964, 2.5243113156225294, 2.656184789296061, 2.4919002252583735, 4.448892919877205, 3.792384504377414, 2.2589385393561536, 2.312305398708879, 2.2190153158637806, 2.066012448564304, 2.04788302905406, 2.072604141463379, 2.1884295520701937, 2.0348983513584105, 1.9679999398122052, 2.8022861545734923, 2.216561158055416, 2.2465126895751526, 3.2301270900224965, 2.1848464454866607, 2.092283514284165, 2.1665191249657254, 2.143708088448931, 2.171129517315876, 1.9882304738849157, 2.2015745330398704, 3.5728263106501954, 2.120725977699136, 2.8529364724586017, 2.358452129522838, 2.2566174410915725, 2.7365917321653415, 2.5557101970263862, 3.7496632188407117, 2.4663928463869333, 2.1138845452048565, 3.677384668297096, 2.1713635263565108, 2.207687365830066, 4.075826652057649, 2.325917773984119, 2.269096032511347, 2.2320939072831463, 2.6379725502500664, 2.0052859840786628, 2.418916384187526, 2.2097297700739804, 2.5426507770329834, 2.2918568754116126, 2.220932961782397, 2.0975142937247275, 2.0729559600570417, 2.8016838413527143, 2.6430533399183713, 2.3684535169125316, 2.6826487035861777, 4.091694114673455, 2.1031780156756783, 2.730633583662722, 4.146088432066386, 2.2387616691689676, 2.265738991494028, 2.321575080224746, 2.642173098488891, 2.2831750310434953, 2.5250670440017444, 2.557224939353246, 2.013787118804928, 3.1287383649184672, 2.711797086584186, 2.3712800117866135, 2.235238047743844, 2.4054470064080493, 2.5299979066121243, 2.3134807782840197, 2.388718169590563, 2.2245229053811593, 2.771226682459796, 2.0659513354760244, 2.6152437995910076, 2.245643989764478, 3.890159960014903, 3.587806294126842, 2.1893601605485884, 2.561989591379085, 2.387310977021192, 2.34192987352031, 2.65752726607032, 2.0561863583261735, 2.7845941128405074, 2.5540168565049455, 2.4102532621600874, 2.320984943076932, 2.16086442780662, 2.387013156626408, 1.9382882894173559, 2.310065223729623, 2.687383708521788, 3.1539473762254158, 2.294539918383442, 2.6207449166386234, 2.7276844236384803, 2.60213971599023, 2.4061080675610516, 2.370010189313528, 2.6026122573788135, 2.236778571414386, 2.1294085912387164, 2.241049213827149, 2.094025178309053, 2.4633631127706948, 2.1092489982034994, 2.5508786665529053, 3.2309945288921984, 2.5242611126972267, 2.4670461915871447, 2.6166328275820723, 2.6768721050273396, 3.0206334983866165, 2.6024895353600694, 2.1276386531459663, 2.2580942276934515, 2.2674944051458144, 3.0540876932961583, 2.7213128724063114, 2.1705564214793944, 2.376219657746707, 3.7682441907508206, 2.7382207214541614, 2.035570681492738, 2.2859986149550906, 2.1051781657054014, 2.3674640945525205, 2.2395868310063314, 2.5278621345701464, 2.122225149803836, 2.107066317302996, 2.600568587181505, 2.068431018149456, 2.1206092487893518, 2.2546122586691357, 2.9739569996671804, 2.2223598041582715, 2.133032451731308, 3.640213665430858, 3.4442463502816376, 2.1100291365092563, 2.4025413262716033, 2.0352453635162804, 4.257400692604385, 2.8296856319427945, 2.292553999867003, 2.0498040914736113, 2.232909301518601, 2.46208346744244, 2.2092772184478577, 2.584773878378577, 2.021963598696275, 2.1986566880751512, 2.181310530038007, 2.090980916095252, 2.7027168385420217, 2.501446991076674, 2.3822562251745936, 2.3843841757648008, 2.393504686763341, 2.6993975374978763, 2.2630270773872176, 2.3138754804109443, 2.861115651123863, 2.048384947606501, 2.673987712528601, 2.1826690365701933, 2.5322062229701268, 2.3721981153204506, 3.9554942266927817, 2.0501379449386716, 3.911529973012697, 2.337659890092489, 2.214366057071355, 3.5550444090237217, 2.5379660655293854, 2.426468242700179, 2.0493558649865626, 2.4997220392635575, 2.0737176721108206, 2.3275366503217527, 2.1432765575730515, 2.5096958006968464, 2.9556231906597357, 2.338763095909547, 2.3662489648165743, 2.227780131050259, 2.55246780673909, 2.1407166916103115, 2.8411838448618645, 2.1188917299843, 2.3006317013471884, 2.3303331909507508, 2.692071138482217, 2.895437674168329, 2.8955724671667546, 2.974441447487713, 2.2941425065187953, 2.4563084435763534, 2.2086817652884236, 2.2884894954824886, 2.4138710110440016, 2.4457363760948514, 2.423965715274046, 2.319496495927191, 2.5269208034014747, 2.0094573771576885, 3.38234793278715, 2.0505914385789774, 2.674329071918656, 2.247416139937404, 2.402677302480973, 2.806077858536896, 2.260431259120434, 2.1609728513413202, 2.3380333681487544, 2.232837231469928, 2.147542605367388, 2.2496226158739887, 2.6758652676797, 2.330214258029145, 2.0275335559267145, 2.4641123006874253, 2.577037476974319, 2.3828811852240834, 2.5812368293304417, 2.04622157690426, 2.3078058429527832, 2.295272087932017, 2.0275492954252536, 2.203956567294174, 2.5258016081879013, 2.1936077674609664, 1.9754390070249903, 2.7529111709994996, 3.8541804927866026, 2.7926029167036375, 2.2264418153178456, 3.5177604925300656, 2.352233074439931, 2.539823333708714, 2.8669366181411218, 2.7432929761242915, 2.299161368960027, 3.2765871094379575, 2.4574375980945824, 2.3038085183597263, 2.279035169529491, 2.430891878937368, 2.6700870030661688, 3.2263517988852715, 2.553097836308237, 2.2070098126545803, 2.2481867567127916, 2.1154084403195057, 2.8091278314053585, 2.9592163070373037, 2.378570535437221, 2.280868835256508, 2.4235079317039028, 3.1285186665249984, 2.288233615652312, 2.2007846248527985, 2.6890294809717936, 3.539097827954651, 3.3591092458733476, 2.290844132198357, 2.147685828761347, 2.760651494749814, 2.089537396894787, 3.047270446508157, 2.314279404700854, 2.393101891975038, 2.749008081094468, 2.875356361835229, 2.255752500854811, 2.5388323170133362, 2.424162950457879, 2.5488062252638533, 2.2800518930368887, 2.459170019908762, 2.675825886751901, 2.3939579123110595, 2.8778305269875113, 2.3786371545113845, 2.175903418519961, 3.512661062487219, 2.40598967157772, 2.458010030789523, 2.239069643513123, 3.0201798900383876, 2.0433777919032634, 2.1442204939355274, 2.008763352841949, 2.3273897489135136, 3.0391407431169455, 3.7353485334730503, 2.2722723977092834, 2.642803711222272, 2.078833519931772, 2.6332696731297043, 2.0995696542373734, 2.2556270307720876, 2.434808136785259, 2.242505107612307, 3.8359610282153667, 1.995317934321404, 2.462989434916946, 2.516945317991348, 2.259122099831649, 2.636113571924669, 2.767112413414693, 2.1741613027649875, 2.4682845490424405, 2.7732657027229957, 2.3697066002372913, 2.2989515548528234, 2.493693086688557, 2.3771997446807056, 2.2471510450544265, 2.266785461804793, 2.541977135651466, 2.4205784750496853, 2.5467837606365107, 2.1820768367102126, 2.168735972655732, 2.5518822017427287, 2.461776768485483, 2.2993369657472424, 2.2908585791951785, 2.521874695151436, 2.080094671810126, 2.2383440726375774, 2.722935058359134, 2.6290105666320556, 2.240950136944943, 2.2028298934802417, 2.297611532418355, 2.597382068872341, 2.775298918135967, 3.6062097667059536, 2.620288335427701, 2.0866721769021037, 1.9900654321136504, 2.1870079050460363, 2.087375409647187, 2.2344302947610784, 2.556480045179462, 3.4749945360941608, 2.108629245668849, 2.711009776418311, 2.6136167204054748, 2.135713889631928, 2.1762650225212585, 2.3143002919160796, 2.454091912837297, 2.2994280783509113, 2.5070697030053477, 2.339424454511633, 2.5147815012016244, 4.213371657273754, 2.380227958983075, 2.183683518921209, 2.669521803964823, 2.882192862730026, 2.40811647885376, 2.91641993912767, 2.1797110748382567, 2.43699463938204, 3.8481186733767143, 2.3371724368330216, 2.115927651465719, 2.2126579581071026, 2.230903630324455, 2.1396994835048275, 2.4473972991291464, 2.3134951914994777, 2.9808575212900617, 2.156824444945424, 2.617127605470272, 2.950979925466697, 2.2016411038459287, 2.275589419086444, 2.369081762394205, 2.234611063060495, 2.8938468819221828, 2.4390768371457585, 2.168527603270301, 3.8924421189795955, 2.39621027131167, 2.3512052210883128, 4.328419308321271, 2.3994812949344975, 2.4034673307382817, 2.2046615683377393, 2.4781683961747047, 2.6997591341668308, 2.7031698475666244, 2.78875663640716, 2.156828420002875, 2.1589610619326574, 2.6002957043838695, 2.884235077306349, 2.221230727084185, 2.1030441783000473, 2.531081763457644, 2.5421578738790993, 2.747910734970573, 3.4535665590318914, 2.7013404361542968, 2.662876864106986, 2.1696775104050787, 3.5217975219907256, 2.2631055168917404, 2.55882691502904, 2.159168535088719, 3.2363350093509036, 2.5649976163271706, 2.929661287834389, 2.2109636481503068, 2.3537363513693874, 2.371082752664026, 3.525821130205654, 2.349836199036191, 2.3779133154412557, 2.2120629178023465, 4.261046372094889, 2.8067994406389656, 2.188013510855311, 3.5294983426473525, 2.1283433851160902, 3.3420640632222764, 2.192230912526856, 2.108719473471001, 3.5299789263676713, 2.375741860574587, 2.22675663281026, 2.2733576908811663, 2.5552557271435155, 3.765468217755214, 2.4269714842754415, 2.821709322380772, 2.6344230973983844, 2.5782286842716045, 2.664046801650995, 2.3286894884460154, 4.279918366487123, 2.1896786826646304, 2.5119035873056785, 2.3177822890791564, 2.0048764931254657, 2.6213554452176107, 2.3104141779397565, 3.6482692454105186, 2.655891075541396, 3.4366111763284417, 2.1630838562612498, 2.280872698233221, 3.0714958703301902, 2.485875460758096, 2.21954122118084, 2.118373191778829, 3.2702175340217994, 3.4307347307143568, 3.764138700773211, 2.0821885377431046, 2.126100753861719, 2.1738471160776474, 2.6192780001627316, 2.974711784198428, 2.184319247650267, 2.4114979440627957, 2.6289595557186063, 2.1054548853373385, 2.193922569427062, 3.1663863543825994, 3.341855890819099, 2.0559733953613017, 2.069706240762257, 3.64943723201761, 2.1584421000924525, 2.758889320040937, 2.4268860468923372, 2.5101041060746505, 2.457445022783641, 2.0964102115038648, 2.2171999048329565, 2.5967677605049895, 2.173796960440188, 2.4391103257578286, 2.0844137240991323, 4.216371581188541, 2.404018675627704, 2.9816082861826483, 3.368614063955617, 2.423534235539633, 2.3700182640846674, 2.103692824828341, 2.6140294158408697, 3.1724376295617427, 2.270007027142467, 2.0849482474018735, 3.36921697941719, 3.5007004027537834, 2.1435232012844425, 2.373500713509364, 2.6498595253858155, 2.7061526518883205, 2.320813541112926, 3.069252667459842, 2.033374927250853, 2.3601487849932865, 2.1379747461009657, 2.498144896606289, 2.4728407388550346, 2.9747752207975227, 2.0167847051280696, 3.1967345548981956, 2.202612320861051, 2.1013577636334904, 2.606641647317039, 2.0457477153656245, 2.4038121510474517, 2.5402334389861965, 2.915596494018724, 2.1112462838496926, 2.464661129891069, 2.2227922817945984, 2.2583833852991857, 2.092800072458304, 2.740084652997875, 2.6879554630392963, 2.2194007997621594, 2.9521844920476767, 1.9763367088791333, 2.72396455307129, 4.193835147516784, 2.0142103921685086, 2.304700256729675, 2.8349412722105445, 2.658000788000715, 2.9318083387200935, 2.9517569046685663, 3.314467566295326, 2.0990191275412107, 2.534464730883711, 3.3860959392395684, 2.1109840589928472, 2.338168579585737, 2.0665362637222335, 2.4263123222272123, 2.1548784247142727, 3.017748028732861, 2.125855609375368, 2.5324374725183376, 2.1988319914442593, 2.566613055768959, 2.2254744161106714, 2.5512839715276234, 3.2998270050095555, 3.1771336724778143, 2.81912125871422, 2.0310496996478182, 3.9493926049005283, 2.2049653368948765, 2.4567312112140334, 2.2162680648161968, 2.5467997043915145, 2.3476621389757173, 2.182717620284734, 2.0583091670700515, 3.6556140835373663, 2.218685773398241, 2.4634382387476808, 2.5536889779777234, 2.401728314083973, 2.3037506202270257, 2.4944015833266384, 2.2634406051554254, 2.2553923830190934, 2.412168914091571, 2.0687136109046316, 2.794990192701163, 3.168951272723944, 2.193531294437889, 2.6379010000668472, 2.362132820689968, 2.3304376647535197, 2.561501125427988, 2.141821484345074, 2.159254842742598, 2.4657185700437436, 2.143366603039955, 2.927671894071237, 2.2646026371635677, 3.734213955591047, 2.6556759357637163, 2.3386756898237238, 2.427224225986899, 3.046449045466917, 2.163448593144576, 3.0066938026919425, 2.568827174487646, 3.0636827801568565, 2.3954246779329376, 2.2322621556021134, 2.7488550230285997, 2.131057523408067, 2.4850953425411686, 2.140091018174153, 2.3944758403899513, 2.3893340103312446, 2.18481813411391, 3.8134525577935516, 2.246347694555639, 3.045808188360601, 2.555102669483559, 2.83852911344654, 2.232471139717741, 2.632959081959564, 2.3660938118858272, 2.8147776400375024, 2.222723930915018, 2.662796465824567, 3.994522969419621, 2.172046356974882, 2.726408177063568, 2.317334668968001, 3.8196224013546436, 3.9044636538025994, 2.686172345184054, 2.3862271114160487, 2.1589978756457207, 2.4848409942290903, 1.9952232946419852, 2.15713143326543, 2.2495214357731923, 3.3033608166094384, 2.247520175028441, 2.311523521180847, 2.7276847100272192, 2.371548772275164, 2.364888218572903, 2.105488565677946, 2.4098436917252277, 2.506919732425581, 2.051620633249569, 2.7625776546814382, 2.9109107087983124, 2.5625377911386282, 2.0535285369763114, 2.675195270387054, 2.0468558238080905, 2.3108919709552787, 2.391655758677906, 2.6115445227798286, 2.327761517497892, 2.531658891911431, 2.357511264714233, 2.1998329702986408, 2.470634656134211, 2.844388331484079, 2.144664798338979, 2.1002384765295483, 2.24640221420758, 2.204294804050722, 2.032515922951492, 2.459715692755666, 4.238138249507276, 2.262720128491178, 2.429287454100342, 2.2906002510964103, 2.008498475418941, 3.929743679209725, 2.6793899562826957, 3.6504543739641573, 2.785482378230351, 2.0481974078758496, 2.248734054439444, 4.2947459458859285, 2.366045854230097, 4.036140874627378, 2.0851368636191707, 2.583857073438381, 2.3012682657538344, 2.2206871733469957, 2.127144376336642, 2.1884129177871827, 2.808204803586765, 2.3281328196376885, 2.379503648231674, 2.645293998661205, 2.4380909834656315, 2.5085147794987512, 2.9024211050753532, 2.0520590167515125, 2.409259319078841, 2.7849193108494528, 2.797135613657881, 2.452866820983454, 2.0484259046138167, 2.2570952341070942, 2.9919863320704465, 2.1367376536005938, 3.5785533808789154, 2.195597142781029, 2.241861550996066, 1.903969563824957, 2.2807893057154516, 2.1545780701509107, 2.0129360248316974, 2.2993182999473505, 2.8649358339210345, 2.23780778112087, 2.1539020100674353, 2.1454644488611643, 2.609336751241594, 3.715265007453958, 2.7115737593819884, 2.229254068794928, 2.5473761769608836, 1.994032426302186, 2.6805317163954747, 2.2205925336675767, 2.1035022519699065, 2.0488392782266445, 2.7221315659710257, 2.3209842461129204, 2.404021962749628, 2.3440828495670583, 2.206725230474783, 2.888075231507408, 2.419546849023586, 2.3250708233051416, 1.970570984436421, 2.5704718766245502, 2.591885249274358, 2.3438578794167158, 2.271897145306022, 2.1042113813299643, 2.020429659068782, 2.181443021447639, 2.6445466036729792, 2.5451626600144728, 2.7638297341329157, 2.3484659281451297, 2.478030273656015, 3.2832249884561135, 3.3025477146910323, 2.3766731317040954, 2.474730225107631, 3.095617066258366, 2.786310923986008, 2.588910686675969, 2.295622075007125, 3.3327593565638187, 2.0026728773747053, 2.841344484894789, 2.3002403650298575, 3.1576381376802303, 3.174720313913346, 2.2938956224042575, 2.0971013714360742, 2.247239524325529, 2.2259206489753924, 2.1439398906049743, 2.094735591267966, 2.4917293243732437, 2.100231892486499, 2.5847105190398714, 2.7062932851243677, 2.5765810436665264, 2.3657698169321915, 2.3145099729546117, 2.3839459886971444, 2.480843218454506, 2.219577170224624, 2.1581697927436942, 3.535448923750474, 4.008782950248719, 2.004870621041213, 2.2265259394773294, 2.0190232225703064, 2.204548502812254, 2.151267689582447, 2.9718597874648784, 2.409323158452531, 2.3074033011366604, 2.304110074921203, 2.2016251882702007, 2.620502638100512, 2.2124562174253786, 2.279832378365434, 2.7845065525998955, 2.5933105868236965, 2.845450809875806, 2.473881237899942, 2.0210537944044926, 2.2071143032674967, 2.3413829652000087, 2.0565725681802554, 3.3261023978889224, 2.7223675156190272, 2.828508157952687, 3.5931943952602214, 2.375335752258747, 2.470377561144327, 2.69240863632284, 4.324438505848272, 2.3703684148516837, 2.440538479380893, 2.130364825375409, 2.6125403481498912, 3.4604146581074064, 2.2808497936412593, 2.233171748076529, 2.5962903968513187, 2.4796196969119553, 3.4895353577620964, 2.2921250211699666, 2.4004000916816595, 2.318142627144676, 2.2039504256724367, 2.1746068578992945, 2.5899450002497133, 2.2238418293276285, 2.4861146313690847, 2.2415269918067793, 2.174514182360084, 2.360834577122247, 2.469858354154712, 4.188232965549105, 2.1957168073854554, 2.0584305468734834, 2.372946889401649, 2.664897214329771, 4.047950466656421, 2.406811843867866, 2.4482391083089827, 2.607576818077394, 3.4937035172245854, 2.37879571453216, 2.3436518233951187, 3.6528763652687255, 2.358599621027551, 2.1761815469144423, 2.670294140154539, 2.5533470028595926, 3.722086649268564, 2.228034268482417, 3.9410806683793793, 2.089074502200261, 2.254367305826807, 3.694952371161602, 2.2237827150572604, 2.344634817254226, 2.278913322875566, 2.340507158506457, 2.0496358525479335, 2.2683297258391413, 2.262289885919311, 2.2826617449553885, 3.9367766147986885, 2.1043803124733893, 2.974590679516952, 2.361241621725152, 3.065450900321454, 2.401642897422772, 2.261249253397518, 2.4580917268537594, 3.853693525570119, 2.0953711170825198, 2.6299170340883196, 2.280053943299242, 2.1364515141278573, 2.019060652052552, 2.3672919621290256, 2.3295747519204495, 2.644014640760675, 2.5697328354851754, 2.5591213963265167, 3.503770883370858, 2.3806354782592427, 2.2021535694607777, 2.4131257631011076, 2.44117831570454, 1.9749605508679275, 2.0848796847049265, 2.0749756030261874, 2.6119592471049193, 2.3183731330312902, 3.809430252512615, 2.4966808304325054, 2.0434612529212064, 2.7120933318979237, 3.8069728502671447, 2.708173191635458, 2.5110930374005713, 2.3033711579235563, 2.6253691251805216, 3.380733687214033, 2.0185848484616526, 2.6855364537621504, 2.106447891051427, 3.78214910030226, 2.7181039724266354, 2.17179275376989, 2.624232785885953, 2.9570177905918853, 2.938854065943959, 3.0165645073313057, 2.333237560861376, 2.108404478880029, 2.908822389113983, 2.555624453165714, 2.434131404166954, 2.477453890291698, 2.1587470215848006, 2.6891271902286524, 2.3082801905344024, 2.4999603712888905, 3.905191118952139, 2.1789031391143316, 2.2390926639776163, 2.8009672933955208, 2.748007007232697, 2.438869131940854, 2.3814049043481047, 2.508947304913348, 3.9117416243244674, 3.0083494974483886, 4.209910572203812, 4.292357610168495, 2.2757865370109798, 2.762583822119123, 2.2495536590244267, 4.056314250968725, 2.4612643479629948, 2.071067337452356, 2.8676764491157307, 3.031219961335984, 2.459046381160248, 2.0867772847291, 2.3971119811082895, 2.0586754603499773, 2.32362187666301, 2.1442636901639016, 2.7779352902700745, 2.3549578106056837, 2.302337089761895, 2.6389547854293016, 2.580063102056221, 2.2807341707002395, 2.7882237893029864, 3.081957358083956, 2.3549289593373732, 3.6380873141665324, 2.3050558377081902, 2.256412830383716, 2.732171689933556, 2.5807296562782933, 2.237328021623903, 2.953184534859244, 2.5313265113245222, 2.2745746334336046, 2.2191670649471416, 2.235783528497405, 3.2415999659332044, 2.012884677325488, 3.513817172554275, 2.5910662009633785, 2.6275840296536566, 3.047128710701248, 2.3251407061521405, 2.6222220945203474, 2.193157589528365, 2.113539071147435, 2.351381984664406, 3.7920298047098857, 3.4419223738188554, 2.162279428379478, 2.038671433590612, 2.4715255439744337, 2.0321044913909283, 2.507538509208093, 2.5605698861445187, 3.420323216592902, 2.177344199396924, 2.263002288708758, 2.209906838396795, 2.5191367455823634, 2.3223894134998737, 2.0058715848597024, 2.0395619844497794, 1.8672763201517704, 2.309686665011947, 2.3953513007936733, 2.4754298583884617, 2.9212185371198456, 2.4488759604066175, 2.454875126938038, 2.528953663131328, 2.2225530623663543, 2.576562116210643, 2.191903590089884, 2.8383491547057895, 2.49319892994947, 2.182396233785162, 2.3899257091123496, 2.193321176173629, 2.413837598431176, 2.6258975214069906, 2.1822096220283793, 2.3806519587927855, 2.0533550308973765, 2.5456745851006883, 2.2809661078191725, 2.498774374419729, 2.632746106238206, 2.4352892455084847, 2.1058366931978694, 2.1537947451105492, 3.286076078366109, 2.347273256872555, 2.309016454028441, 2.286495349341781, 2.5546199815050716, 2.035272969205911, 2.3757718825838325, 2.107784025224769, 2.042871720663281, 2.5167740858522807, 3.562591298226093, 2.3135083459945815, 2.269700689943527, 2.474525398916237, 2.4341371953422635, 2.837216774577548, 2.822687742749859, 3.581951220101145, 2.0899221357036963, 2.249907198053786, 2.2097852467759966, 2.642349653079281, 2.4340543500935032, 2.3767618660083247, 2.1418050005512717, 2.3134929602438365, 1.9861858683990128, 2.520303970887086, 3.581357675720655, 2.10988916641475, 2.279816585402614, 2.190946014634218, 2.4722548059237193, 2.15218187667529, 2.4285470191321834, 2.8163933648497674, 2.1954453782558643, 2.5033143361053134, 2.0539929974607265, 3.267810313979136, 2.0369495314940735, 2.510247154979558, 2.299136699820271, 2.137688885010445, 2.462518536275665, 2.265906364854088, 2.2516350552802162, 2.640877335035801, 2.1846183241992447, 2.294121123867889, 3.3141105403118534, 2.5447256027956113, 3.3332161185394695, 2.293839748289367, 2.309634736329742, 2.399673857664573, 2.6550980465509015, 2.665168462042546, 2.7572474816538963, 2.056305297380809, 2.9624885265839396, 2.3053148139126076, 2.572968963059129, 2.3464536559537432, 2.1822766507814766, 2.189563886904248, 2.4313698147385496, 2.30218461561917, 2.3249145742048314, 2.774123131348751, 2.080476565427996, 2.0962596785170646, 2.1464423922151603, 2.467849371467593, 2.0570992191359347, 2.6895335623812424, 2.0762617633487594, 2.5476713551812646, 2.2829980203826667, 3.8708484656843885, 2.28394205279211, 1.9123011619282422, 1.9790984079625242, 2.7227973397517453, 2.523300846696329, 2.0560069313457303, 2.317888025328884, 2.0402290568241392, 2.341446140410789, 2.2953355854938726, 2.3574961587324688, 2.3551132063034976, 2.503261629185349, 2.4622769188239575, 3.8716914048915556, 2.061268622790338, 2.3513574696800297, 3.9766626450553635, 4.1828422305111115, 2.226925529234876, 2.001053487304647, 2.3702977909285745, 2.5001700565251275, 2.4283713123016866, 3.644055862053291, 3.12223797331039, 3.149407329250022, 2.3927328739214975, 2.1891281034005257, 2.771451500287146, 2.178185397411194, 3.3980060153604588, 2.320254681393345, 4.005815584202303, 2.128182374588424, 3.759355923433297, 3.688693505079567, 2.586043751890192, 2.8764399510785887, 2.0141794993569535, 2.354640527771857, 2.0722792654178055, 2.5100737196220706, 2.2208699160351424, 2.376943267377498, 2.7737283166095548, 3.0384039980453066, 2.468907117143365, 2.153769720185542, 2.008119916701265, 3.8720882184486634, 3.285658892222539, 2.4569913042665084, 2.4377464157227298, 3.682405754981626, 2.3271200234094715, 2.474271791131118, 2.6938618646427015, 2.038070106902028, 3.3166634448045613, 2.498279519820292, 2.1354641894025583, 2.9740700364818555, 2.3688615474984793, 2.1593508560774572, 2.0645619699547537, 2.3645931931651365, 2.2679908311777437, 2.5817107520539966, 2.337124934658064, 2.6724768706665047, 2.401722426963828, 2.3978134341857626, 2.4408059423147885, 2.1983649252756123, 2.1615006167627144, 2.241047381818167, 2.054529500794801, 2.344310956451656, 4.013639794175813, 2.382218823198035, 2.9800923065903056, 2.6811162636741517, 2.233338685148307, 2.014834076180045, 2.075268499483932, 2.0996213291887025, 2.0510159908532812, 2.048460719508969, 2.2630732921545014, 2.780283340619274, 2.458705639413461, 2.7465823979448505, 2.317225096248777, 2.205757604779155, 2.987243139465476, 2.2890075814674473, 2.7776753975460244, 2.152007707454814, 3.3447677320198332, 2.319188287312919, 4.292090113960688, 2.6632900945282425, 2.5074069349922743, 2.102177974188455, 2.266489231874135, 2.183200651377306, 2.625720274009187, 2.6744879740749647, 2.533531954521163, 3.8250860385498546, 2.8020135965319595, 2.071479643971827, 2.1581807689810932, 2.9069443078856945, 3.121629729982267, 2.1369370257409726, 2.3042100211778456, 2.8111275031303524, 4.076690121637533, 2.080949710851237, 2.174445803791063, 2.7216610825483443, 2.046005345604043, 2.2539044022294186, 2.1312494703689597, 2.430488911063867, 2.1811475872572776, 3.5609543319838703, 2.5600296157785665, 3.2275955680727537, 2.4009480125098364, 2.2866395512400945, 4.049693500036911, 3.6738082799893, 2.301989257046845, 2.0501326871787042, 2.311926423385838, 2.1961768029776425, 2.334434003322427, 2.4779593315384294, 2.1905488182531094, 2.1666322055271023, 2.6739064180743526, 2.892991633999675, 2.440006570665246, 2.2133795501334035, 3.0977020139192564, 4.107382272396001, 2.0973525810374656, 3.530715850942896, 2.351797343504151, 2.8236184467847942, 2.1938496394553737, 2.5934041396012195, 2.2649529457521353, 2.195948306239675, 2.2497028085565858, 2.0538242978175854, 2.027235805660818, 2.9194673595924283, 2.2652481011138548, 2.1096663510714833, 2.4615602976784583, 2.074569668732399, 2.1616425289094847, 2.1046499766492737, 2.9353617109037486, 3.8106204385183835, 2.4051346944374075, 2.420460044896695, 2.2822696189460623, 2.2759287551882994, 2.4195064974958242, 2.567498287498894, 2.42475724177924, 2.236703680113428, 2.2577202293658205, 3.0395869128432147, 2.2872946243957974, 2.134395479635484, 3.4289506607867564, 2.330014396585523, 2.0810837450083426, 2.2437674606945692, 2.1651133610020796, 2.16503117889486, 2.182484327400601, 2.337782823032261, 1.9096585074823897, 2.697564071652266, 2.5782978073991534, 3.117629947811844, 2.614613204295844, 2.5627570669187323, 2.52510105592058, 2.586412420740831, 2.47802170393903, 2.1503725441048527, 2.4063538653897423, 3.0637071202809745, 3.230709206185441, 2.4429068647428056, 2.2947408146684696, 2.5548421961150476, 2.475484172356066, 2.1566391111619185, 2.105709199462141, 2.42112158685599, 2.128518909205427, 2.543306671151779, 2.595875186541968, 2.65426572659076, 2.321305666434963, 2.174340662690155, 2.0818525412466005, 2.639473881826484, 2.5083418056705504, 2.177440155560223, 3.395963571344798, 2.4432113785326512, 3.716946230657127, 2.247893254775493, 3.140862013149955, 2.4748108593557165, 3.8430655554724615, 3.6003422334536146, 2.8475087883387427, 2.1926725779140326, 2.0315636052557937, 2.4561244370133752, 2.419310392120863, 2.305948398080809, 2.7317188149578877, 2.0274224798258516, 2.382545401972818, 2.304309255475691, 2.148460045759684, 2.0584892571920355, 2.5629771949770266, 2.2227009578228833, 2.2519933946123394, 3.2147321873980985, 2.1280882157152976, 3.44661132054759, 2.1202146486991857, 3.32699336948796, 2.6108846122386318, 3.145512387794861, 3.368512882899166, 2.5181220290862614, 2.703045291318216, 2.9774142404448556, 2.035417994636308, 2.482345595447315, 2.5973735578129196, 3.061700931299938, 2.53666522526481, 2.390726330555894, 2.01604269783108, 2.4916342366299102, 3.0464985060762815, 2.498362612991994, 2.4942545525393887, 2.3896953578721347, 4.049015945290906, 2.4776880130012704, 2.5907868010758373, 2.1808451945946845, 2.4372933457171575, 2.3601459558189934, 2.4255900196870126, 2.220208054048392, 2.4167306120502343, 2.377073577228059, 3.548675319650547, 2.5966919760334877, 2.1538485865850574, 2.5022253447458067, 2.3297994291601367, 2.679891389239171, 2.8579472107981143, 2.9631556996933988, 2.2751833351997854, 3.062698121588123, 2.4314086084829456, 2.610708757563729, 2.435702681529563, 2.0251701691350448, 2.850831099237395, 2.2609671270024085, 2.2949161751070046, 2.3460656872789842, 3.9337441999894, 2.22269238851181, 2.5548684849148864, 2.9338250702987483, 2.227931520209388, 2.546774993057959, 2.0390927175295706, 2.7908189346695425, 2.3134853729024467, 2.9121369066215115, 2.240273670545731, 2.330563023365089, 2.6533767218385647, 2.712960282179078, 2.169711248407673, 2.2008424113951874, 2.258285597617331, 2.0066273760119726, 2.603182704399819, 3.49683700840758, 3.980388393856861, 2.6098933363535286, 2.227800027941498, 2.380674287529958, 2.200400205032359, 3.620499479507597, 2.4861259259030923, 2.95701505970345, 2.398520499327668, 2.290994646398578, 3.9259362981384154, 2.8663238888105727, 2.2652118892141746, 2.7148987974623897, 2.953133001369823, 2.708759411954575, 2.0154867015575832, 2.0211558930858686, 2.3955582954846784, 2.069464144296934, 2.608307924604696, 2.7402274771862825, 2.1950524207255486, 2.423619847554437, 2.087239351837077, 2.214472548437507, 2.262594624180072, 2.5613926394850375, 2.660443677883828, 2.3795078380019463, 2.8672435281617537, 2.4893646248894865, 2.2756361952211837, 2.117826394541387, 2.240997900102303, 2.0068422810291087, 2.0623773470019864, 3.148690423183366, 2.480666381631975, 2.417650138994212, 2.519201571528762, 2.726348755825205, 2.2813032399092066, 2.2271614803277746, 2.396115665413615, 2.696997941660874, 2.828938589118454, 2.1233439185283283, 2.6302543282586353, 2.059805686608588, 3.945994509080462, 2.4515489400790242, 2.7950180740031763, 2.8560764058300303, 2.365617774430723, 2.51999107616993, 2.3761880385301293, 3.7161548327633342, 2.068932494771012, 2.2699843821285253, 2.222866538539795, 2.063108626961674, 2.992321768051028, 2.6656056566506408, 2.2471642135464367, 2.677806603556431, 2.710242205728627, 2.2468774020292974, 2.101157258240818, 2.6351356150207854, 2.236268568697517, 2.355987320741221, 3.690940004649474, 2.234716442730765, 3.064123961071569, 3.5123952921745483, 2.3753757729789977, 2.0212689112389954, 2.4616487352013836, 3.6575045203234025, 2.0581566920309875, 2.579224418509994, 2.3222344776231845, 2.178905782287205, 3.473844226817862, 2.203409788843311, 2.2492657513377243, 2.308158598913604, 2.9216185712340286, 2.3215889072957867, 2.558805691364293, 2.2392175713061184, 2.257575617280529, 3.91013592699063, 2.1660636419007973, 3.471270148168932, 2.214364755707882, 2.1731701913248926, 2.262905722012967, 2.2488069314548946, 2.452135771586605, 2.590447112060696, 2.3549112636881233, 2.54085661543864, 2.6541724797592714, 2.685234185366907, 2.1802432198004515, 2.382584796450505, 3.017604752729852, 2.979170114020704, 2.068537499631892, 2.450596589235036, 2.3564412718387304, 2.0746121830326536, 3.605134578478734, 2.5554429070344495, 2.5935550977932724, 2.2606433802746886, 4.1903707073327885, 3.89951998537159, 2.976667397595351, 2.562448213949498, 2.066398917608111, 2.5831650859196222, 2.7037425741700996, 2.3671040090532696, 2.0634499300354014, 2.4314740350376045, 4.013600337289875, 2.202954180208782, 2.115797965881291, 2.3356277360457556, 2.2888211735215074, 2.2058175936025184, 2.034765581076136, 2.18457749221297, 2.4734592228096965, 2.3396552148998397, 2.450665088136967, 2.3603169040764818, 2.302323811632515, 2.4863908037320126, 2.6551621983514355, 2.4916420563679225, 2.6949873491744905, 3.00901768675473, 2.6451608671524474, 2.3994076862949494, 2.3036770021530817, 2.641256039005995, 2.621520347266663, 2.4140176749621656, 2.1558592324517987, 2.104528145521668, 2.5512906029430313, 2.7865078377151042, 1.9917512258154408, 2.392918299247592, 2.1648377660409706, 2.1390111405837895, 2.000897743930238, 2.059457314386273, 3.2630673998814106, 2.7236155153832233, 2.1536796751245495, 2.588828822906465, 2.1014280565653345, 2.401950452694704, 2.391772250360288, 2.399038979955668, 2.6468621651041087, 2.4729460525096068, 2.57715156338541, 2.6168495646081906, 2.8595164243073756, 2.566960561833097, 2.2509304718228695, 2.1104017265471535, 2.4036609202003016, 2.2668364882269443, 2.1846923171076913, 2.97738170494842, 2.3926192700709725, 2.2300532483100217, 2.0425352240253467, 2.215521659191828, 3.7209867428005565, 3.849496235199067, 2.812466481107968, 2.4399079324536648, 2.394454842623992, 2.716204853984931, 2.486022904890451, 3.302947509236577, 2.3157838828342188, 2.690393961236696, 2.141573706890962, 2.689241262009763, 2.6590789954352156, 2.0557046338337654, 2.0855654139352096, 2.220469678171947, 2.3325887025157157, 1.9984522224037067, 2.1577386658196307, 2.03173119043322, 2.2138485761600393, 2.382604042853752, 2.699747211249801, 2.55681702628986, 2.323296982362392, 3.142359588087838, 2.429276372565926, 2.1049295128864705, 2.4413264802345105, 2.264322664638089, 2.4256425822507977, 2.7718853441033304, 2.3085599189060484, 2.3205035057263625, 2.63260072669521, 3.713167380033057, 2.3953532564369318, 2.2000662387535925, 2.4959337039640945, 2.3344887976904123, 2.2602010072279612, 2.4115256888719148, 2.210715220739737, 2.4951148634389138, 2.122066706490905, 2.770570836119271, 2.1161611552708797, 2.06977763406137, 2.1703540364427085, 2.34654630620854, 2.455077545123014, 3.767368082450995, 2.3724353527409305, 2.197150872516739, 2.776013328605673, 2.4079758592087073, 4.394383164876303, 2.320929312625447, 3.522911619242314, 2.43681730587971, 2.523418535426021, 2.439422536611541, 2.026857246943142, 2.1770070584040275, 2.420323055446545, 3.325928863224208, 2.32470150160259, 2.212809121898977, 2.3177651421438137, 2.0586259589511964, 2.2659104931124485, 2.4717224609197896, 2.402995449272086, 2.2769537976617764, 2.5289437494247755, 2.191269405594304, 2.4482340900558226, 2.3437956621934557, 2.1938292851069314, 2.3562425767956916, 3.3219750608767713, 3.1764772418260643, 2.3393154213407805, 2.332459240340533, 2.0337219394087223, 2.559640637097495, 2.261903431911396, 2.0982635482063072, 2.1930773874524783, 2.907316606253948, 2.748910412586511, 2.1416466519830575, 2.2065234597623813, 2.0287921026112636, 3.924035106753641, 2.2563946107124138, 3.839801054117507, 2.7964357229855987, 2.006773930149528, 3.4707480219660565, 2.5252322009583015, 2.3886504860502287, 2.0737233811949625, 2.3870053087085275, 2.544651627059223, 2.008919124802138, 2.560527160923236, 3.5010628109520265, 2.0614658124753067, 2.6313353090884455, 2.2549737042739393, 2.4267684060254306, 2.2675036135751587, 2.2516337140023492, 2.7055444378548636, 2.2787267257076564, 3.1871845919124233, 2.3668339362785438, 3.2826257035953543, 2.022083864033992, 2.098481768931147, 2.967756420269556, 2.0456064189880365, 2.167114558442242, 2.0522042446059863, 2.327960144405562, 3.4827707742905964, 3.8495731932437596, 2.5262951309027617, 2.4477643999067924, 2.3404096985556073, 2.0755703930440808, 2.488737043182428, 2.725893747027628, 2.8391467738456293, 2.256237761775152]"
1.25,9358,0.6435649926575174,0.6435649926575174,0.02551436424255371,0.31080134280324917,"[2, 3, 2, 2, 3, 3, 3, 3, 3, 1, 3, 2, 3, 3, 2, 3, 3, 2, 2, 2, 2, 2, 3, 4, 4, 3, 2, 2, 3, 4, 2, 1, 2, 2, 3, 3, 2, 4, 2, 2, 3, 2, 2, 2, 1, 2, 2, 2, 1, 2, 1, 2, 1, 2, 4, 2, 3, 3, 2, 1, 2, 2, 3, 4, 1, 2, 3, 3, 2, 2, 1, 4, 1, 2, 3, 2, 2, 2, 2, 2, 2, 3, 2, 2, 2, 2, 4, 3, 3, 3, 3, 5, 3, 2, 1, 3, 2, 3, 2, 3, 2, 3, 5, 3, 3, 2, 3, 3, 2, 2, 3, 2, 2, 3, 2, 3, 3, 2, 2, 3, 4, 1, 2, 3, 3, 3, 2, 2, 2, 2, 2, 3, 2, 5, 3, 2, 2, 3, 3, 2, 1, 3, 2, 2, 3, 2, 2, 4, 3, 2, 1, 1, 1, 2, 3, 3, 3, 3, 2, 2, 2, 2, 5, 2, 2, 5, 1, 2, 5, 2, 3, 3, 3, 1, 1, 2, 3, 2, 2, 2, 2, 1, 2, 3, 2, 4, 2, 3, 5, 2, 1, 2, 4, 3, 3, 2, 3, 3, 3, 2, 2, 3, 3, 2, 2, 3, 2, 2, 2, 3, 4, 4, 2, 3, 3, 1, 3, 3, 4, 2, 1, 2, 3, 2, 1, 2, 2, 3, 1, 4, 2, 3, 2, 2, 2, 2, 2, 1, 2, 3, 2, 3, 3, 3, 4, 2, 3, 2, 3, 2, 3, 3, 4, 3, 2, 3, 3, 4, 2, 2, 2, 4, 2, 3, 1, 2, 3, 1, 2, 1, 3, 1, 2, 1, 3, 2, 3, 2, 4, 3, 2, 2, 3, 3, 2, 2, 2, 1, 2, 2, 4, 2, 3, 3, 2, 2, 4, 3, 3, 2, 2, 2, 2, 3, 3, 2, 3, 2, 2, 4, 2, 3, 2, 3, 2, 2, 2, 2, 3, 2, 3, 1, 3, 2, 4, 3, 2, 3, 3, 2, 4, 2, 3, 3, 2, 2, 2, 3, 2, 3, 3, 1, 3, 2, 3, 3, 2, 3, 2, 2, 2, 2, 1, 2, 1, 3, 2, 3, 2, 3, 3, 2, 2, 2, 2, 3, 2, 3, 2, 4, 1, 3, 2, 2, 3, 2, 2, 3, 3, 4, 3, 3, 3, 3, 3, 2, 2, 1, 3, 2, 2, 4, 2, 2, 2, 5, 2, 2, 4, 4, 4, 2, 3, 4, 2, 4, 2, 3, 3, 3, 1, 3, 2, 3, 2, 2, 4, 1, 3, 2, 3, 4, 3, 3, 1, 3, 2, 2, 3, 2, 2, 2, 2, 2, 3, 2, 3, 2, 3, 4, 1, 2, 3, 3, 2, 3, 3, 2, 3, 4, 2, 3, 3, 4, 2, 2, 3, 2, 3, 2, 2, 3, 3, 4, 3, 3, 2, 3, 3, 2, 1, 3, 2, 2, 3, 4, 3, 2, 2, 2, 2, 1, 3, 4, 2, 2, 5, 2, 4, 3, 3, 3, 3, 1, 1, 5, 3, 3, 3, 2, 2, 1, 3, 2, 4, 3, 3, 2, 3, 2, 2, 2, 3, 1, 3, 4, 3, 2, 2, 3, 3, 2, 2, 4, 2, 2, 5, 2, 2, 3, 3, 1, 2, 3, 1, 3, 4, 3, 1, 2, 3, 3, 2, 4, 2, 3, 3, 5, 3, 4, 2, 3, 3, 4, 2, 3, 2, 5, 3, 2, 3, 1, 4, 2, 2, 2, 3, 2, 2, 2, 3, 3, 3, 3, 4, 2, 3, 2, 1, 3, 1, 4, 2, 4, 3, 1, 2, 2, 2, 1, 5, 2, 3, 3, 3, 2, 2, 4, 2, 4, 3, 1, 2, 3, 2, 4, 3, 3, 1, 3, 5, 4, 2, 2, 3, 3, 3, 2, 3, 3, 2, 2, 3, 1, 1, 3, 3, 4, 4, 4, 2, 2, 3, 2, 5, 3, 2, 2, 4, 1, 3, 3, 2, 3, 4, 2, 3, 3, 2, 3, 4, 2, 3, 1, 1, 1, 2, 2, 4, 2, 2, 3, 3, 2, 2, 3, 2, 2, 3, 4, 3, 3, 1, 1, 3, 2, 4, 3, 4, 3, 3, 4, 2, 2, 3, 3, 4, 4, 2, 3, 1, 3, 2, 3, 1, 3, 3, 3, 2, 3, 2, 3, 2, 2, 2, 2, 4, 3, 3, 3, 2, 2, 4, 1, 3, 2, 3, 4, 3, 3, 2, 1, 2, 1, 1, 2, 2, 2, 3, 2, 5, 2, 2, 2, 2, 2, 3, 3, 3, 2, 2, 4, 1, 3, 2, 3, 3, 3, 2, 2, 4, 3, 2, 3, 4, 1, 2, 2, 3, 4, 2, 4, 2, 4, 5, 4, 2, 1, 4, 1, 1, 1, 3, 2, 2, 2, 3, 4, 3, 3, 3, 2, 2, 3, 1, 1, 4, 1, 4, 2, 2, 2, 3, 2, 2, 3, 3, 3, 3, 2, 3, 2, 2, 5, 1, 3, 1, 3, 5, 4, 4, 1, 2, 1, 5, 2, 4, 2, 1, 2, 1, 2, 3, 3, 2, 2, 3, 3, 3, 3, 2, 3, 3, 2, 3, 2, 2, 3, 2, 3, 1, 3, 3, 2, 2, 1, 3, 3, 2, 3, 2, 3, 5, 3, 3, 3, 1, 3, 2, 2, 3, 3, 1, 3, 2, 2, 2, 3, 2, 2, 2, 2, 2, 4, 3, 1, 2, 2, 3, 4, 2, 2, 5, 5, 2, 2, 2, 2, 3, 2, 4, 3, 3, 3, 3, 5, 2, 1, 2, 1, 3, 2, 2, 2, 3, 3, 2, 3, 1, 3, 1, 2, 3, 4, 2, 2, 2, 2, 3, 2, 4, 2, 3, 2, 1, 3, 2, 2, 3, 1, 3, 2, 2, 2, 1, 2, 3, 5, 3, 4, 3, 3, 3, 4, 2, 3, 1, 3, 4, 3, 1, 4, 3, 3, 2, 1, 2, 2, 3, 4, 1, 2, 2, 1, 3, 2, 1, 2, 2, 2, 3, 4, 1, 3, 2, 4, 2, 3, 2, 2, 2, 3, 3, 4, 3, 4, 2, 1, 5, 2, 2, 2, 1, 2, 1, 3, 3, 3, 2, 4, 2, 3, 3, 3, 2, 2, 4, 3, 2, 2, 2, 2, 3, 3, 3, 4, 4, 3, 2, 3, 3, 2, 1, 1, 3, 3, 3, 3, 1, 3, 3, 3, 2, 2, 3, 4, 3, 2, 2, 4, 2, 2, 3, 3, 2, 2, 3, 2, 4, 1, 3, 2, 3, 2, 2, 1, 4, 2, 2, 3, 2, 3, 2, 3, 4, 4, 5, 4, 2, 2, 2, 5, 2, 4, 4, 5, 3, 2, 2, 3, 2, 2, 3, 2, 3, 2, 2, 3, 3, 4, 1, 5, 3, 3, 3, 2, 2, 3, 4, 1, 2, 1, 3, 4, 1, 4, 3, 1, 1, 2, 2, 2, 2, 5, 3, 2, 2, 3, 1, 4, 2, 4, 2, 3, 2, 3, 3, 2, 2, 2, 2, 2, 2, 3, 2, 3, 2, 2, 3, 2, 3, 3, 2, 2, 3, 4, 2, 2, 2, 2, 2, 2, 2, 3, 2, 2, 2, 4, 1, 3, 4, 2, 2, 3, 2, 2, 3, 2, 3, 3, 2, 2, 2, 2, 3, 3, 2, 2, 1, 3, 3, 3, 3, 2, 2, 3, 3, 3, 2, 3, 1, 3, 3, 2, 3, 3, 5, 3, 1, 3, 2, 3, 2, 1, 4, 2, 3, 3, 2, 2, 2, 3, 2, 3, 2, 1, 1, 3, 3, 3, 3, 2, 2, 4, 3, 3, 2, 2, 3, 3, 2, 3, 3, 2, 3, 2, 4, 4, 2, 2, 4, 2, 2, 2, 2, 4, 2, 2, 2, 4, 2, 4, 2, 3, 1, 3, 2, 2, 2, 3, 2, 4, 2, 3, 2, 3, 3, 2, 4, 3, 3, 3, 4, 2, 3, 5, 2, 2, 2, 2, 2, 2, 4, 4, 2, 3, 3, 4, 4, 1, 1, 1, 2, 2, 3, 2, 2, 2, 2, 3, 3, 1, 2, 2, 2, 3, 2, 3, 3, 2, 3, 2, 3, 2, 3, 1, 5, 4, 4, 3, 2, 3, 3, 3, 3, 3, 2, 4, 2, 3, 2, 3, 4, 2, 2, 2, 4, 1, 2, 3, 3, 2, 3, 3, 3, 2, 3, 1, 1, 2, 1, 4, 3, 2, 3, 4, 4, 1, 2, 4, 1, 1, 1, 3, 3, 3, 3, 4, 2, 4, 4, 3, 2, 1, 3, 2, 3, 1, 3, 2, 3, 2, 3, 2, 4, 4, 3, 3, 2, 3, 3, 3, 2, 1, 2, 2, 2, 3, 2, 2, 1, 1, 2, 2, 3, 4, 3, 3, 2, 2, 3, 3, 2, 2, 2, 3, 2, 1, 4, 3, 2, 1, 2, 3, 3, 2, 2, 3, 3, 3, 3, 3, 2, 2, 3, 2, 2, 2, 3, 1, 3, 3, 3, 2, 2, 3, 3, 3, 3, 3, 2, 2, 3, 3, 3, 2, 3, 1, 5, 2, 4, 2, 3, 3, 2, 2, 2, 2, 3, 3, 2, 2, 3, 2, 2, 1, 1, 4, 2, 3, 3, 3, 2, 3, 2, 3, 3, 2, 4, 5, 2, 3, 2, 3, 3, 2, 2, 2, 4, 2, 2, 3, 5, 2, 2, 2, 2, 2, 2, 1, 3, 2, 4, 1, 2, 3, 1, 2, 4, 4, 2, 3, 3, 1, 1, 1, 4, 2, 4, 2, 4, 3, 3, 4, 2, 3, 3, 3, 2, 2, 2, 3, 3, 3, 2, 4, 2, 3, 3, 3, 3, 3, 3, 3, 3, 3, 3, 4, 3, 1, 4, 3, 3, 2, 3, 2, 1, 1, 3, 3, 2, 3, 2, 4, 2, 2, 2, 2, 3, 2, 3, 3, 3, 2, 1, 1, 1, 4, 3, 2, 3, 3, 3, 2, 4, 3, 4, 2, 3, 3, 5, 2, 2, 2, 2, 3, 2, 4, 2, 1, 1, 2, 2, 2, 3, 2, 3, 3, 1, 3, 3, 3, 3, 1, 4, 3, 2, 1, 2, 1, 2, 3, 2, 1, 4, 2, 2, 3, 4, 4, 4, 2, 3, 4, 2, 4, 1, 2, 2, 2, 3, 3, 3, 2, 2, 4, 2, 2, 1, 4, 3, 3, 4, 2, 4, 3, 3, 1, 5, 4, 4, 3, 1, 4, 2, 2, 3, 4, 5, 1, 2, 4, 3, 2, 3, 2, 3, 2, 3, 3, 2, 2, 2, 4, 4, 3, 3, 3, 2, 1, 4, 3, 2, 2, 3, 3, 2, 2, 2, 1, 1, 3, 4, 3, 2, 3, 3, 2, 3, 3, 3, 2, 2, 3, 3, 1, 2, 2, 2, 3, 2, 4, 2, 2, 2, 2, 2, 4, 3, 3, 3, 2, 3, 5, 3, 4, 2, 4, 2, 2, 3, 2, 2, 2, 3, 2, 2, 2, 3, 2, 1, 3, 2, 2, 1, 3, 2, 3, 2, 3, 3, 3, 3, 2, 2, 2, 3, 2, 1, 2, 2, 4, 3, 2, 2, 2, 2, 3, 3, 2, 2, 3, 5, 3, 4, 2, 2, 2, 3, 3, 2, 4, 1, 2, 1, 2, 2, 3, 1, 2, 3, 3, 2, 3, 1, 2, 4, 3, 3, 3, 2, 2, 2, 3, 3, 3, 2, 2, 2, 3, 5, 1, 3, 2, 1, 4, 2, 3, 2, 3, 3, 2, 3, 3, 1, 3, 2, 3, 3, 3, 3, 3, 3, 3, 3, 3, 2, 4, 3, 2, 1, 2, 4, 4, 1, 2, 3, 4, 2, 3, 3, 2]","[2.6903731274611915, 2.1005361340528297, 2.0935466947540977, 2.68067503106964, 2.311103685248369, 2.981284783556032, 2.6673997555315863, 1.9699836871247942, 2.5590078972022767, 2.0239083798365654, 2.7292733199586703, 2.751018710332259, 2.831546076666776, 2.427215649536783, 2.3888699576109853, 2.1010445721507462, 2.8405871220845955, 2.6946112395647743, 2.0136943485743615, 2.217642004442879, 1.9969924005937636, 1.9898441502741622, 2.727944651609789, 4.488006499972537, 2.4841698132218695, 2.6418510470604053, 2.6574047043709497, 2.4164852254513858, 2.458408909328907, 3.1775853842856465, 2.2171815685010796, 2.270658317209163, 2.3134714184546223, 2.1649769578170335, 1.8253130278932317, 2.5052237541748643, 2.271307404566838, 2.987919562809141, 2.4534612571310115, 2.373400956029633, 2.5045085469020365, 2.32889849396124, 1.9595498613285647, 2.780550469105468, 2.008013242722753, 2.043529746160836, 2.471123994803774, 2.272919478145361, 2.0326855617554096, 2.726897351531851, 2.2616374122412672, 1.9970090886350433, 1.9797618606582905, 2.08537622823226, 2.4923410229482, 2.757721886316154, 2.0240483281891803, 2.1530759727323723, 2.3869633661763636, 2.9352385657860456, 2.6730477835201207, 2.3486100580241156, 2.790113777277746, 4.10627841399229, 2.170715313151707, 2.3273542434296455, 2.0090735238238353, 2.110782591398462, 2.661268395773914, 2.0215995928308494, 2.1211645038691276, 3.6015976913806416, 2.483717866019518, 2.4417401971348287, 2.048527716090813, 2.7550870757922494, 2.6801985405512214, 2.012269421043223, 2.424390522131646, 2.325808699613028, 2.3546339612074, 3.35966230614269, 2.2012856839855734, 2.3968477226845533, 2.920017233518489, 2.118568512654494, 3.0772720149988233, 2.6170563490583656, 2.6071652130544356, 2.0921404026849366, 2.556828433105141, 3.320228886241707, 2.6062957802936317, 2.49078818208739, 2.3182171647854624, 2.055140999090339, 2.7874761032137907, 1.976814658688549, 3.028663039521694, 2.0131806819768614, 2.7691433534117533, 2.7698663347767787, 2.4103329239082285, 2.0971017903897633, 2.3352548750048374, 2.000646200292029, 2.4524661292274654, 2.7583619152033867, 2.678788554610864, 2.09443672362234, 2.4166676217013885, 2.4066807103375414, 2.0073644626588747, 3.152707532757791, 2.3727573463691365, 2.5143625334078195, 2.050611688725202, 1.7302351927720505, 2.617968314273247, 3.2246991443478783, 3.8354587347029625, 1.9531639041989306, 1.959922560917141, 2.2757470295308164, 2.614759943976815, 2.6312635372071815, 2.371766683954905, 2.0981099240449193, 2.1042622485966396, 1.9694709705264246, 2.9361793140096943, 2.7716985535018472, 2.692990736876756, 4.285728484627963, 3.7079601306719026, 2.1337874530754717, 2.1757342723907502, 2.5226898276303977, 2.076507185951387, 2.0851979241186793, 2.1306239582282944, 2.4344367229819244, 2.094765803109456, 2.1319542217589396, 2.8730339340206195, 1.9941683216210007, 2.4046105805341056, 3.620012169595531, 2.216212395573266, 2.1024037390877583, 2.022439763546788, 2.1079589017210614, 2.019101205291751, 2.1194529788423093, 2.171308787049504, 3.1957819581567315, 2.0421658410239676, 2.8935341358784528, 2.4002996702939816, 2.398365521756217, 2.5572519031357728, 2.7814782154399906, 3.4321864421954675, 2.3421375273063854, 2.163691479114107, 3.3840711811595168, 2.4443642762021627, 2.1725734841617617, 4.1684232318049705, 2.418409926421617, 1.9654778473221421, 1.9877508884070687, 2.385112866095561, 2.109530988302497, 2.790102416169293, 2.22729746994711, 2.6697425326904645, 1.9534374255389602, 1.988256955011524, 2.0562441038415136, 2.070135066865641, 2.773403611327235, 2.7296993370386646, 2.404404547163363, 2.9809025771816895, 3.6602906899443868, 2.114450464888215, 2.8502218905548475, 3.9336431786129964, 2.260406018648948, 2.3926405735982073, 1.9996565724765767, 2.8988165854188908, 2.4205118096288114, 2.7526228351576867, 2.3863970386541573, 2.1041342382896513, 3.0329554868291186, 2.79360730161117, 2.7612968584893176, 1.986087646959542, 2.6248367003544297, 2.665639781247199, 2.369184650237874, 2.612005036299338, 2.2761760286033272, 2.842332364049652, 2.0968862878988497, 3.1292803796870046, 1.6712675230976424, 3.4167663405438615, 3.345566910583046, 2.0121562674364313, 2.5158465737912383, 1.9356509255809438, 2.4133761315028486, 2.4280146860204352, 2.0826048336979732, 2.7196043623093673, 2.643479166173146, 2.6231938782875264, 2.7888024818573296, 2.029029777168299, 2.326687534463238, 1.6824551261857126, 2.373690490040526, 3.0041713016313634, 3.255235194873965, 2.229100134550499, 3.0439214032744335, 2.561064170569015, 2.891571748802283, 2.761420341005594, 2.0867051677579327, 3.0978057702920188, 1.9852727142770583, 2.469257339767976, 2.4066010701276657, 2.1634223973001063, 2.7709264562652525, 2.0563341940418254, 2.390506164247104, 3.2140482600779814, 2.6998173866213344, 2.6606292951197266, 2.4860407820668646, 2.5861443966138897, 2.863746613500569, 2.7505964955278155, 2.0439070973118225, 2.4568252783151916, 1.969024124751221, 2.748924396976589, 2.8804323869186668, 2.019404371374996, 2.393437584855974, 3.6204268512234234, 2.3896856251537524, 2.093510468674147, 2.26400232469485, 2.056688305590861, 2.328931870043799, 1.9774894370468825, 2.5347995760034903, 2.0494698463955117, 2.0493917628980047, 2.568117277212456, 2.07522776945329, 2.2026270238273975, 2.0174319642317284, 2.7813064412406208, 1.990201180477768, 2.0401541193650106, 3.792026546169268, 3.606804458375202, 2.1540566748029453, 2.742960363805278, 2.094582234655381, 4.061574991543843, 2.979130822717087, 2.4740537944807053, 2.1045284608057444, 2.2973223299749197, 2.346180783000749, 2.0025198735966327, 2.3876865579505333, 2.100708577146052, 2.1134492121875073, 2.016414499302925, 2.10489215723667, 2.891169310140963, 2.6861411772734605, 2.7527914514600047, 2.1062998106843054, 2.2256793414432994, 2.5390146070382222, 2.0511372084777446, 2.0355885829199227, 2.522744244350725, 2.1655819642316887, 2.476481707406121, 2.4401830405196883, 2.7494573760497194, 2.336323996960215, 3.8057922111577227, 2.0831054062791807, 3.4203143642251677, 2.354594620821089, 2.2486282211147297, 3.342556598796537, 2.6650233423761653, 2.4192240761953916, 2.0853184717469797, 2.458378906677632, 2.068832449646707, 1.9282652092955126, 2.0374340372936257, 2.6880752960351604, 2.791004974564242, 1.9472979860503141, 2.3783652800354025, 2.1061400560786083, 2.6469976302000924, 2.039687872865493, 2.757117045562955, 2.0512332160907154, 2.265671471425344, 2.2076287072360756, 2.469614647076772, 2.4802077981608885, 2.9371009362573677, 2.6537191963353335, 2.474113152624314, 2.287331501788498, 2.0010355192647062, 2.303378202503787, 1.8780962072135883, 2.5019305516198744, 2.497584339429131, 2.057622357398584, 2.422789040097254, 2.110023354177422, 2.837535210161465, 2.0846648567968646, 2.9806645896344364, 2.480283843010634, 2.313003203299665, 2.5273526336898025, 2.3918496543213337, 2.026273400359784, 2.04511738314261, 2.007704445301903, 2.4596644973724584, 1.9775785772480636, 2.590275705486883, 2.4177743117219572, 2.1004611065242504, 2.7067907970157976, 2.2645800288133016, 2.3119486974475567, 3.070219112305119, 2.086076827626068, 2.060207985140602, 2.556864181915982, 2.0570244717130253, 2.195631378944634, 2.7519457255414523, 2.009009621656109, 2.1271193024691715, 2.9695074585535632, 3.4420970931794646, 2.9218731754704, 1.990740829136318, 3.008759453147145, 2.3450860999739214, 2.6586428106126005, 2.9693145388066178, 2.522571134110513, 2.192364509257358, 3.4629929507853316, 2.71392039063868, 2.5149293141889886, 2.3412789505202873, 2.8314962151563727, 2.557101472034974, 3.166512526018865, 2.2280331224703604, 2.423708143780268, 2.2618585705274414, 2.0494771717598423, 3.119777670810522, 2.8709562683658856, 2.7547411709494964, 2.3819379078004226, 2.308281574931045, 2.947031138624423, 1.954454446057881, 2.4270012505927623, 2.6395365846527477, 3.0594120563846903, 3.1392048013928537, 2.3784603511919014, 2.032402524190668, 2.612423372067251, 2.118967292737363, 3.3079777812296096, 2.2232970511545616, 2.520960895992785, 2.831505096289187, 2.9171172905433305, 1.973436211671396, 2.669963139909264, 2.3646391574207053, 2.235701414752662, 2.379671046869441, 2.6731743304699815, 2.636388126606681, 2.0650401528662212, 2.84756198361383, 2.2262061537975133, 2.2387531179983347, 3.716639376147336, 2.4831625734500764, 2.712717901667423, 2.4040495624958016, 2.9398438502854907, 2.088480855569451, 2.1458445003076, 2.1103904910855715, 2.193175240809201, 3.0776231308922357, 3.503159517563222, 2.386485399049095, 2.4580812975438624, 2.0733235700635193, 2.8641673240786787, 2.1739630371788374, 2.4210355666974497, 2.2969057561444743, 2.267563167962006, 3.4499357912423703, 2.115703732234841, 2.452995433609186, 2.1841629291522033, 1.9955991713518642, 2.2601141109229292, 2.642840415202769, 2.0219957677689764, 2.8206908815831433, 2.7709655340894566, 2.33854167510931, 2.0053266378579164, 2.4421657560210512, 2.4832814983995766, 2.097692244509, 2.3808329881398422, 3.090987379677496, 2.385982434423037, 2.8925731908916634, 2.0142097778557657, 2.4475535920848146, 2.0025829614523483, 2.8259328265431773, 2.5121852380285623, 2.3766533613952374, 2.8490459308057496, 2.064559361080016, 2.404433387445231, 2.3534794565316175, 3.0998516780275613, 2.270185090441154, 2.425919309249806, 2.375780089225454, 2.6380908124064413, 2.9229298787799016, 3.3738617919589533, 2.6061876684884986, 2.0682772689175435, 2.1184822911078833, 2.003504193403411, 2.126246559599854, 1.98201657757211, 2.440507760719481, 3.032282197329775, 2.0575617150750016, 2.2987475772003574, 3.049491546379632, 2.2106472503410126, 2.014585190127377, 2.324423147486008, 2.832697114598993, 1.9919251744779167, 2.3765861307261886, 2.1363810924041484, 2.388355016058186, 4.520149498817997, 2.076801627943304, 2.2844684310976326, 2.59723007467633, 2.906162730497227, 2.313724589071207, 2.9902342036138094, 2.1528148984013162, 1.8658638729556918, 3.792895213469463, 2.4691603270413545, 2.107543809349617, 2.0007314718395093, 1.9422532118406428, 2.149135775779012, 2.4982122261238873, 2.323949369650624, 3.22909057613983, 1.985039586997457, 3.224943944270225, 2.792561575084534, 1.9491780213757304, 2.4086761721316954, 2.6241919877718707, 2.406408138996642, 2.878300816713044, 2.7227335077753554, 2.080582515687694, 3.606209100164385, 2.2801933254156928, 2.771016692535514, 4.455690920719497, 2.3227909454816458, 2.3392297696888775, 2.0058612131918827, 2.261814621761819, 2.5740372226655897, 2.3799601619285315, 2.9550436767598622, 2.1044548439195836, 2.040487015082055, 2.785253183022453, 3.18535725722427, 2.4143859727273886, 2.0587168526054547, 2.7757970273885446, 2.6718026244465345, 2.5211240571799296, 3.047216231591052, 2.4137840748688406, 2.6623465288969212, 2.1561611442307287, 3.3830938719454595, 2.39493334793306, 2.658486380190242, 1.6806554827738507, 3.362323042673702, 2.4360019895740073, 2.8760071446045616, 2.4216165759399004, 2.498392588435371, 2.2580493888391904, 3.588031822244253, 2.347253713999178, 2.7550888384761536, 2.2667567879624446, 4.491331014212149, 2.605194041848906, 2.0119689676430124, 3.393393485224768, 2.1560427935276554, 2.851950827006486, 2.4324258140077406, 2.1885699081846646, 3.5258179688242297, 2.756237531984228, 2.4114627841632577, 2.3538757784835793, 2.5212081163804423, 3.708245743803593, 2.726438184282233, 2.6655746902302764, 2.8829685244923375, 2.702065829293944, 2.4181273355457864, 2.35844026433689, 4.278779723064902, 2.06869185569974, 2.3249211692328586, 2.367808836831443, 1.6454308066088108, 2.7946215468547235, 2.3690075258061776, 2.993563620864337, 2.625687138602216, 3.6151638793657286, 2.0464031316871845, 2.086831646050615, 2.7211536688526317, 2.4472009318061736, 2.110498416192779, 2.071854294636731, 3.1606814641525074, 2.9146627847508744, 3.4861302527794122, 1.6000345843328323, 2.101262593148956, 2.0167639295134863, 2.586678312519909, 2.7511359552520354, 2.0094248540326576, 2.7418210329741526, 3.084767797371409, 2.1564764407884773, 2.2399956688869747, 3.3187207805332877, 3.3296748431983945, 2.0791187957544555, 2.1906603724781393, 3.377033443794949, 2.1799145309887766, 3.016035318021445, 2.577441010999591, 1.9614908075843904, 2.5027719658878103, 2.064025549730607, 1.9830343421186258, 2.639876433355518, 2.1150877675497544, 2.7182174239538024, 2.142924148198202, 4.121612495265756, 2.348488798835031, 2.995579365548195, 3.479334523734931, 2.730055826557726, 2.023699094845105, 2.0538753519789505, 2.62388637062299, 3.086844907762055, 2.343973965511945, 2.0628915069511935, 3.188172745968963, 3.441371706242929, 2.1489123872199993, 2.333835578811304, 2.6107292314726, 3.059781271785239, 2.053326949453009, 3.2479646498077743, 2.097371037547324, 2.260072598069046, 2.0375396595645507, 2.764938834808605, 2.041858785735632, 2.7781745835033167, 2.103448197256108, 3.1377614680824912, 2.0015472172067668, 2.0614083085899337, 2.6340921951789107, 2.085427825357249, 2.3781036940502527, 2.6584258660759668, 3.036797133481912, 2.0543779618727767, 2.3900448628628634, 2.413559914684052, 2.3965316685565514, 2.0614369346768395, 2.6351540377794276, 2.580281331444348, 2.052968939474208, 3.3166847630282987, 1.6596285983983483, 2.756190022677677, 4.5322836048264765, 2.1075090226246393, 1.9448439656219536, 2.5185079402109007, 3.0305108680796042, 2.703057298599736, 2.5575469924697267, 3.188999664197334, 2.1166505049968998, 2.5182534681636906, 3.3703285636780307, 2.055416351771451, 2.205283156094349, 2.1160239621120693, 2.731285247589163, 2.200509265263697, 3.118327976741128, 2.043950648756104, 2.4144726955452636, 2.003547000820097, 2.7198704809930776, 2.376809827717028, 2.6579782076159897, 3.1249453278745865, 2.8881808850650845, 2.448623335297337, 2.1392946229916023, 3.3908304803696137, 2.109212281043589, 2.1524388151968976, 2.417910880776714, 2.607953669882418, 2.3520024803995137, 2.0129711314617365, 2.079682526475794, 3.8548094711200105, 2.1912762310379, 2.1795472717218956, 2.814406378453021, 2.280872991084036, 2.33360258884606, 2.7075159303600893, 2.1358827880960933, 2.3990135740259055, 2.3522744088368075, 2.07327893130575, 2.9885093287609164, 3.253292938886263, 2.0648544875473998, 2.792166710759907, 2.346146877908659, 2.3529813745492865, 2.654372709357659, 2.040003114308721, 2.0217841799412333, 2.709539779802803, 2.1337222278466577, 2.7529741302708772, 1.9705538618685114, 3.7758270389691173, 3.083046751801895, 1.9862741638442514, 2.5295333132330673, 2.9382041409911985, 2.024064066231329, 3.1097521388723566, 2.6531962711046306, 3.3389274417443806, 2.5526529003991327, 1.9876618855202444, 2.518729153276877, 2.043897871949231, 2.273002987008937, 2.04001885235087, 2.4901530314051175, 2.4406673278976374, 2.437246826596443, 3.4618427086953156, 1.9802106750889337, 3.0606526435450423, 2.303868323816778, 3.1026832929720713, 1.9857519861356903, 2.6687773687553507, 2.107324346305687, 2.9164190718102954, 2.413596072106824, 2.5998880859210716, 3.890058378380169, 2.021315220758681, 3.087960355237562, 2.359948563417248, 3.799783594812244, 3.955671523136794, 2.6742715680151683, 2.287273736256689, 2.022819788499695, 2.2342075963288615, 2.1157537963586797, 2.452792687047457, 2.440113814109882, 2.819916065504845, 1.9795904362213776, 2.1361918763790633, 2.9200195457937164, 2.3922740343567668, 2.218509117721453, 2.169032602322688, 2.7381977593610545, 2.8274728729624483, 2.0823210683390427, 2.5027830255538652, 3.0027420286902777, 2.7461035243606875, 2.080412118953619, 2.3619855913551198, 2.0902396812405373, 2.367855100958759, 2.3242316110549335, 2.6527450348530723, 2.3625298531066847, 2.4147224283753714, 2.7703798342838573, 2.4275046731713616, 2.4904180981615727, 2.924714993075397, 2.149208159281735, 2.0557026924990596, 1.9756834659065277, 2.000657188338525, 2.095126427338048, 2.440530467980761, 4.074463790749246, 2.0662483147469444, 2.0499496195254077, 2.1260137803346906, 2.107831589432198, 3.7796203053402393, 2.591110176208038, 3.2956836908388554, 2.958575097488745, 2.2029381581785783, 1.9780486237441037, 4.048117173565388, 2.373974356523446, 4.224151420880242, 2.0618920558155045, 2.6353490863265883, 1.9484588265572333, 1.9901863237775712, 2.036971178847559, 2.2090898337618476, 2.7355224688925466, 2.3772821664883743, 2.1070822486261824, 2.6028491259347004, 2.719656326843186, 2.3650470583680776, 3.08443019927942, 2.0847881857653787, 2.3567707623890835, 2.946719279247624, 2.6206316598508037, 2.7899168760780957, 2.086710091852738, 2.397213096908799, 2.997139089479075, 2.155938483465906, 3.401987047481283, 2.0034588792752253, 2.0648348582623623, 1.6988102879816054, 2.3810803050156095, 2.063152378684813, 2.1054841382922107, 1.9503900266643632, 2.998027567214714, 2.404717084146983, 2.1610697788399005, 2.0371763226529236, 2.592954225107369, 3.750555474695955, 2.4453750133125616, 2.4101416475619613, 2.665443462062724, 2.137630209340004, 2.8934737157598116, 1.9902363879014098, 2.076086544151239, 2.083792397311855, 2.5631019429462008, 2.4014105150433047, 2.3104925344290477, 2.305069563625869, 2.422959013263772, 3.18602484753263, 2.3076779554475904, 2.3585551806275857, 2.1305941463946576, 2.6256673136076905, 2.7499084171816537, 2.1599427726590172, 2.4088300271853766, 2.2300110095628742, 2.103319374264346, 2.2422610802944236, 2.160307424451265, 2.6666144062925046, 3.002773477157092, 2.7724657707866203, 2.760468548406234, 3.1364267689320826, 3.2572754501306482, 2.56690864985842, 2.3167387953853438, 2.9231153627200297, 2.5424339100672744, 2.528249879320572, 2.1242569233190434, 3.386758704636181, 2.110913314388485, 3.140715251800687, 2.3671920546745167, 3.0050936101013646, 3.149406939555391, 2.3795451425322494, 2.1194643399507624, 1.9770398785886443, 2.411905017257165, 2.1504913071191765, 2.061312724366374, 2.689482448211532, 2.0539068280632486, 2.369158223355223, 3.0579075298234564, 2.879347399045728, 2.335226180260753, 2.3668408617800516, 2.5308781169294394, 3.127825418117288, 1.9970712281188656, 2.0445042890063045, 3.096637820894424, 3.779401973872405, 2.1097507141793446, 1.990696327692906, 2.125309822194414, 2.002322329784313, 2.0323070772814655, 2.8067960532634153, 2.31668495371442, 2.4233884214374215, 1.9071259036035382, 2.0038687549428826, 2.3935866364107206, 2.4624202312773678, 1.959798350606675, 2.847902781783564, 2.6013146747211886, 2.6226316455294043, 2.7617637029464808, 2.1605929676832982, 1.9647341094139683, 2.096450846550822, 2.1382049416504976, 3.431873437304194, 2.5258465334023157, 2.429284366324949, 3.3368606567768184, 2.116343762535041, 2.7007774708175614, 3.06631427773613, 4.035108914045172, 2.337291903354428, 2.3001721368683237, 2.0460636546334046, 2.654113624217434, 3.6230608698080893, 2.3846470018253116, 1.9871807136633513, 2.634169935390525, 2.597273860653516, 3.0544573815266434, 1.9532955771880842, 2.742293723496049, 2.3292849996590594, 2.0397335627463824, 2.072903979677427, 2.2792797939918, 1.9885175196496179, 2.40004740781373, 1.983660486952501, 2.1511920645568767, 2.4600796821123, 2.281063310946951, 4.109860282273798, 2.4305817854463525, 2.1399210972192546, 2.468783168319245, 2.895305926673173, 4.218803853649282, 2.306317674111773, 2.2933995047918687, 2.6255004292886297, 3.3075270412488025, 2.4080496560412463, 2.4938523180529404, 3.354573334894385, 2.7698040968597133, 2.032241359715126, 2.6539458956128494, 2.65958589091643, 3.4986916975930087, 2.4107869184914366, 3.345501446899887, 2.1786152693564826, 2.304680666174958, 3.274933910957155, 1.9939468330602492, 2.286524054281225, 2.031001930412388, 2.0650552019952952, 2.0869697064917014, 1.9676825687693016, 1.9726769744503558, 2.0016941913059996, 3.7794628559706354, 2.0589097150792997, 2.9238635885172504, 2.764807791180398, 3.178942874780481, 2.32254713754201, 2.0263328569366363, 2.4069937105929347, 3.8668418848110804, 2.060076859312558, 2.7493632028609944, 2.3377595014764023, 2.152653289806828, 2.1013445540557565, 2.33801966449117, 1.955595154773678, 2.8996417621202757, 2.6545165263639747, 2.3983812058058773, 3.557476037251689, 2.1403253923458427, 1.9999905480292959, 2.0593987822289663, 2.1781518712271195, 2.1273724044285776, 2.1223308830543193, 2.069966355111763, 3.0557663872150926, 2.38690764064792, 3.5602102904064705, 2.5201729938037243, 2.087537031238027, 2.6318342409174704, 3.5045033487639405, 2.392085578471899, 2.3073779273819244, 2.0067495091522844, 2.6232857384512838, 3.374064853583563, 2.105194947567211, 2.5766046907428155, 2.052417929707205, 3.601286432194253, 3.0536211910019637, 2.224917109098803, 2.6229871850493347, 3.111221208618545, 3.060658897161501, 3.152597921847285, 2.211468892569539, 2.077127715681063, 2.6556570770198804, 2.3500011309687645, 2.411571590612417, 2.7033318284468173, 2.1372603344103642, 2.5489459602549833, 2.371036072820771, 2.6887269423298354, 3.848154787514136, 2.018587676008608, 2.4067364057989846, 2.6949468825279834, 2.9739010947485545, 2.719244688491624, 2.3917564118151704, 2.891039307467316, 3.748353764271763, 3.0119133734795986, 4.229928187424297, 4.011350329899907, 2.343897141660091, 2.694152892264295, 2.0617011694749117, 3.862747553325174, 2.366259069628892, 2.189040682474894, 3.1986150933360844, 3.0017907317090544, 2.473643149446997, 2.061024277668969, 2.1121622691406094, 2.1964956242455487, 2.0952339155131865, 2.0351124995575094, 2.641112684330597, 1.909261124303113, 2.2341128705591373, 2.809212363482203, 2.4899366426294365, 2.487341706202958, 2.941372524701438, 2.827707769701112, 2.5137722411532595, 3.5941461365999285, 2.5428540030802345, 2.4764242927937663, 2.4848995614060376, 2.764806431334515, 2.006228503647795, 2.7421770362201987, 2.5208132511590158, 2.384367849147677, 1.9972881726554994, 1.9839997418013393, 3.1593459622884366, 1.6348967839077255, 3.0108454583070863, 2.914177685604254, 2.6747400763890976, 2.7232477434044986, 2.0935307853035434, 2.6452828565149367, 2.011946785578485, 2.106270474663853, 2.327852830831072, 3.4333456708257932, 3.132062671630253, 2.029180919538945, 2.0900708321723025, 2.382977046513758, 2.093544726098658, 2.335482452855735, 2.6611630481317023, 3.272169735498466, 2.093602054407462, 1.968701420629305, 2.4221756253227644, 2.5048126672863975, 2.462607179029301, 2.111920228202862, 2.092298754340298, 1.7191205842179258, 2.37389074653588, 2.321377005997003, 2.4376157607516267, 2.95745960263376, 2.293962285514077, 2.719774299102809, 2.392229472024925, 1.9954969895581631, 2.2097646210109607, 2.009011452997192, 2.930608721644463, 2.7171488674892585, 2.012241470326733, 2.134673346822463, 2.1774741369603388, 2.2753668874609216, 3.0411956898654435, 2.4377270484542053, 2.3734451578553326, 2.0805039031806563, 2.8337568349963074, 2.5573967497133943, 2.410119833360606, 2.482576251349624, 2.300249945737116, 2.0934347982419625, 2.45725680674691, 3.248966857037886, 2.4647166953797033, 2.0613669226675775, 2.4824947115532066, 2.2308266067007776, 2.114014730931206, 2.4345301373655746, 2.05261079218105, 2.0869492184538996, 2.402271128851085, 3.5721792016850076, 2.363772024868522, 2.3869461515253647, 2.583796056852409, 2.7289452591278636, 3.1076177200553485, 2.922241516715538, 3.401988947479544, 2.0674577235537637, 1.97832770776456, 2.4213402732596574, 2.6044066764541234, 2.72359104190299, 2.7556979519828566, 2.0319147709970395, 2.3637657383001716, 2.1214342430732778, 2.6797645828207752, 3.781133254037874, 2.156829739652739, 2.1317183091120766, 2.008618334027992, 2.397702134282401, 2.030923801196347, 2.4737666870777932, 2.9359255568187193, 2.011636225473731, 2.376773361862429, 2.142268548359242, 2.97367961431823, 2.1122281605151656, 2.679686567980447, 2.280835648737636, 2.04218924771634, 2.706734220212402, 2.4510554665037243, 2.4389957153441535, 2.7319266708854086, 2.0155643591967998, 2.257441243921876, 3.5276942248548755, 2.6659459346421928, 3.385617405149616, 2.435216977541233, 2.1439020253955685, 2.741778225557466, 2.9964122118436887, 2.556111561460869, 2.5436260487738567, 2.0798428942090323, 2.964682877398778, 2.372604748701047, 2.649205929240561, 2.2514688778997325, 2.0742447229745733, 2.01024914939209, 2.366623634391277, 2.0975774293422944, 2.2230691185714315, 2.90140574600653, 2.1289963550716333, 2.0596068128165177, 2.036658993373258, 2.3865374913805018, 2.0794229118368306, 2.5429341026556176, 1.6085678734214564, 2.4496659013569566, 2.078567161413572, 4.007429394702306, 2.160192403681783, 1.7165490167247364, 2.1251834896807456, 2.739159723004153, 2.67098185445491, 2.081800076377212, 2.111578624627896, 2.091046201245203, 2.353491378755557, 2.3778837324258055, 2.4096399789116734, 2.074976396083739, 2.7887144526808543, 2.82656792211093, 3.385806866586478, 2.0772173090477195, 2.5039872444705815, 3.759262932000893, 4.241083293810627, 1.9904849458366987, 2.1117699671741677, 1.9826955452223283, 2.71256148747847, 2.2985114707894745, 3.4044312712823075, 2.8751981269627094, 3.4235805399991905, 1.8937765906511477, 2.0032465471289513, 2.7003684561387375, 1.971940355934977, 3.382110643816416, 2.317674597472342, 3.778272681088645, 2.1764747409391694, 3.5260938741831316, 3.330228126693405, 2.9398803413770653, 2.6330236470582413, 2.126072790754798, 2.7718984460402947, 2.2096460229787604, 2.385468830417869, 1.9954876955383927, 2.337412519639907, 2.709468192048793, 3.3963194971126924, 2.2984409843033298, 2.030083836451944, 2.1080318459275524, 3.5627946320073836, 3.323524959542927, 2.7078587630005093, 2.6532451337804996, 3.4753616863823975, 2.355671812168392, 2.3930007190319333, 2.2417649702478086, 2.094887300736887, 3.2714894402717274, 2.434327078097817, 2.042466431738535, 2.9037620094865297, 2.041958746892888, 2.0307301260377284, 2.078174158738258, 2.3970510649248995, 2.505757201567367, 2.1180217998372934, 2.434465356546643, 2.656368478779505, 2.323404740326823, 2.0434731020205645, 2.4710425801141978, 2.177342894838409, 2.028693235002495, 2.266534953425054, 2.0825816329771367, 2.351076225451321, 3.775033369739333, 2.113602311083902, 3.291309110898328, 2.8056275293018325, 2.40708122332825, 2.1044800744752257, 2.1274151729641497, 2.053330140639974, 2.082640922463567, 2.083992653807209, 1.9722625547585808, 3.053604581984694, 2.2837846699187683, 2.7327130759142295, 2.0516265319264004, 2.1990148695103064, 3.324924007232076, 2.359070682472434, 2.6471275836257933, 2.0301162625353726, 3.104770504623942, 2.1382728183829802, 4.04862242748507, 3.0277128398250697, 2.884081363860387, 2.0609744195166657, 2.0561574064817187, 2.183727539758867, 2.5865661097353505, 2.710710176871474, 2.284622716074652, 3.460186998583655, 2.9087978891563515, 2.132118487921943, 2.0871535106933763, 2.976108017756821, 2.8902248778029582, 2.1380231298154806, 2.3722895072578187, 2.588082033052138, 3.921070417209525, 2.0251771076149434, 1.9721192430505774, 2.9959350778894978, 2.0852915396867995, 2.149924149463272, 2.4691831935813484, 2.3982254598004635, 2.119134235742491, 3.409497547399024, 2.6560508075053826, 2.74895673369696, 2.1929951916580888, 1.8924078677860303, 3.974281494214903, 3.513436245833062, 2.370765264163776, 2.083108187619394, 2.365508531160724, 2.1768631921125534, 2.2223696017040457, 2.4802456496882104, 2.0646328616722913, 2.4477668052821047, 2.3369225751741785, 3.165761906643379, 2.3589569480222035, 1.994951709562008, 2.878023004879316, 4.168382445269225, 1.6883486724944616, 3.1524908711010813, 2.3462162740996333, 2.7052280909559547, 2.430669838334046, 2.703595772914936, 2.242214672787904, 2.2930912584383933, 1.9793355029208888, 2.082055009677701, 2.0961202471361324, 2.847564853020455, 2.0958917477843886, 2.1542485872776598, 2.7054417783551905, 2.188087632780878, 2.0214207743724275, 2.1730749083088567, 3.051621255786004, 3.4772939184902234, 2.6999595180655818, 2.629468823621076, 2.5212495574173186, 2.1806040886345355, 2.5345156435541383, 2.655698595954608, 2.297724282851945, 2.4477940444378103, 1.9741946362076626, 3.0020036871943883, 2.0267303796339133, 1.5936637061083365, 2.9904736440426953, 2.35054200215884, 1.599719342889604, 1.983374958909666, 2.0276817771640006, 2.023226882827139, 2.03524066341226, 2.779016776987967, 1.7029982423151728, 2.621289993272822, 2.5289007450633902, 3.133389738457252, 2.3142978793359803, 2.652808646158679, 2.1298554683450748, 2.6836875982732993, 2.2988910425769062, 2.030981259341695, 2.74184321503868, 3.3680815163583198, 3.365299076701885, 2.3547236795604505, 2.4374393370288026, 2.6614939589599014, 2.6998754352465144, 2.1986781934042448, 2.0564073902293223, 2.7322317846036217, 2.2011418568106977, 2.763032369836429, 2.9246424487453697, 2.6008021281949234, 2.7886328201043207, 2.1875147751301904, 2.1257315807931785, 2.6018713352391565, 2.3043564060702884, 2.017562242811869, 3.575773736551946, 2.716047978587463, 3.300429814079396, 2.056443936947457, 3.0665941488894566, 2.4670887066746916, 3.7671314898250783, 3.4656676673068296, 2.919465585436675, 2.0528969019481242, 2.0947305270286356, 2.7092170070237085, 2.2531207262106743, 2.47130442987615, 2.4996388498210296, 2.099620191780717, 2.7526384777482757, 2.3713373389057546, 2.033792312955344, 2.0813866066845677, 2.4019159631387255, 2.4181065932479506, 2.0879332657282825, 3.456819831100284, 2.1427041253943893, 3.57651835497897, 2.0406369852486295, 3.4696836574620016, 2.6246502891825045, 3.033189269246801, 2.8978273937120704, 2.72341171785532, 2.657284642724393, 2.998218302969924, 2.1529943462206846, 2.340860216487149, 3.0625825020786506, 3.2184920531769268, 2.9015245623542283, 2.2648407946358655, 2.102941043338165, 2.4041985485691972, 2.855440686122747, 2.2614862698706206, 2.3806662881618554, 2.1096472453006525, 3.7518211170042783, 2.6883552778292454, 2.6316832799255176, 2.0130619656896434, 2.5328792459021088, 2.3337028185086623, 2.728968322534343, 1.9895401028489652, 2.4765809725063836, 2.4480527361629605, 3.3504241975750624, 2.636656522198354, 2.030042116348745, 2.6509949057762774, 1.9225698372235396, 2.7998156344937692, 2.936157127534518, 2.686009683880837, 2.1729228038093877, 3.0191214330423684, 2.3693021336738207, 2.400566919004039, 2.7263177739682893, 2.098112636727954, 3.086603434807617, 2.510372394980288, 2.07940268634101, 2.098472068201085, 3.8190972613959837, 2.051965237867268, 2.661480052258835, 2.680854462682563, 2.0873504116020904, 2.206539774709631, 2.090747647843254, 2.6880512000179944, 2.3682825460096484, 3.164741304624883, 2.403412635586966, 2.075551529485392, 2.891990226536432, 2.9170126423944733, 2.021650812925354, 1.9617542067320843, 2.100453112917859, 2.1097210694361292, 2.636821639927245, 3.822584448045802, 3.790823919471935, 2.688176472715211, 2.21683868074614, 2.3327397994244596, 2.0191125172578657, 3.549732003189277, 2.7014433670991957, 3.2310604498820013, 2.5231682418582957, 2.4181746025077246, 3.9371151652615497, 3.0432673947109716, 2.391120061843509, 2.4561900558732743, 3.2040590648605254, 2.7686872179187647, 2.105034511176794, 2.103834872202929, 2.3167691379484125, 2.07108255387923, 2.865100855341528, 2.730838903085224, 2.2117131371073495, 2.232794300570926, 2.0670775612864998, 2.000671232353948, 2.03191887539834, 2.228143563394117, 2.554112590532312, 2.189691067356929, 3.0659744109752687, 2.649104406292935, 2.2455385474980116, 2.149931947266688, 1.9794420065337661, 2.1087077115993735, 2.0757311233747107, 2.991699798986997, 2.7016324295765184, 2.7322688233683463, 2.7352524871656385, 3.042962007991282, 2.3790090878986865, 2.4112486209668367, 2.323671680330117, 2.5114268786545924, 2.7805353263302175, 2.159587170958473, 2.50051621818799, 2.08338924029529, 3.6186038076691163, 2.4933169986913795, 3.0088557785137438, 2.892758368070161, 2.430904895097037, 2.52189099694697, 2.4617969605445187, 3.3228985512038824, 2.077661510797067, 2.0244110195064553, 1.9926321404813316, 2.1356470586534333, 2.8203821402780616, 2.75520277067367, 2.196720123829267, 2.441328472463717, 2.2289401413351437, 1.9781311139513709, 2.053417312185716, 2.6399267196842975, 1.985542504277744, 2.076313339384363, 3.7670220274147352, 2.1042701141133486, 3.1228144811025453, 3.505184947309075, 2.3726375505371795, 2.1001763911661895, 2.2641453036779366, 3.3539244012827445, 2.0797631853419785, 2.651294853055073, 2.476162791699201, 2.0398327247615233, 3.2909747894894172, 2.2384135171728565, 1.978667031270577, 2.370200720757664, 3.029113103157462, 2.3657951465170464, 2.778041360278359, 2.4120683723021523, 1.9706724408413723, 3.4364352664390525, 2.018182344365068, 3.236820447322634, 2.418917725933912, 2.01892136817702, 2.3950390388611638, 2.344414125452324, 2.2922378545818582, 2.684252278993769, 2.3463683664694104, 2.6242828098700857, 2.6699888385860064, 2.5568827656375386, 2.4387672696939626, 2.3272307771467746, 3.19439282039864, 3.1792669974343473, 2.076970788425049, 2.716639591368113, 2.345558996467353, 2.1117518235445094, 3.3780292582547187, 2.6629755319516146, 3.06280310929745, 2.230121095071046, 4.4153100706663055, 3.8538538222682748, 3.0814970063502534, 2.6972642698533287, 2.079901439667868, 2.6456115563430833, 2.5764283625642155, 2.3399184385148715, 2.0751637299712065, 2.3330653173534004, 3.7714555475687774, 2.188985702677948, 2.1095738941524265, 2.1446872615944166, 2.374132448505719, 2.0396455098586888, 2.093036690838763, 1.5449714421318879, 2.2348304792222735, 2.3924332988340478, 2.596883043107632, 2.344408471618196, 2.3750866541704014, 2.7994384192012145, 2.603926591910718, 2.0317508076115773, 2.773273579273244, 3.231856105747492, 3.1489119737967703, 2.3228298842446313, 2.0082249316744853, 2.6049851952184806, 2.1785118634040184, 2.313301894015971, 2.1441860088557267, 2.0525337959970313, 2.66697143649611, 2.708893609670733, 2.12115346473516, 2.746251570619511, 2.162320050119185, 2.030693693986242, 2.1145513760446013, 2.038345872182755, 3.1479897501977154, 2.872467429239432, 2.0292317963475575, 3.1256060757175317, 2.056872755386888, 2.3187857469173796, 2.2831377468683236, 2.322125255171547, 2.7829279112562464, 2.44400346095766, 2.693084934169115, 2.625093540932721, 3.3290457826297053, 2.70470204121629, 1.975087377758939, 2.050326361866837, 2.122909090405167, 1.9250441785992805, 2.240542212042632, 2.816124684572079, 2.7473094298996785, 2.4097188838495467, 2.087127224227548, 2.169166704610569, 3.705899731529372, 3.6732498174952513, 2.840996682965468, 2.525522689302732, 2.2820216159349322, 3.000620754806881, 2.809507993927596, 3.1268932846801745, 2.101179539547174, 2.668571559946401, 2.1346706648593776, 2.6510988577316956, 2.6575999535552377, 2.085558685661629, 2.12540469485719, 2.416587912834335, 2.2757136118763963, 2.1149453763557533, 2.0270846017029243, 2.093742201253799, 2.245465406425035, 2.194350899527619, 2.5954232597826183, 2.276913803528051, 2.3205635972691407, 2.9866289726268276, 2.727917925932863, 2.114423601485213, 2.2988556129483233, 2.390690785451537, 2.3071523508044636, 2.7157291939157835, 2.4248931618015366, 2.3379110588147616, 2.7346677601265026, 3.596950738378668, 2.2806466838704536, 2.0010947400939583, 2.2515171502932176, 2.35537244608167, 2.2810857471518875, 2.4271286450814626, 2.3837177268076233, 2.556621158631917, 2.0414565992695874, 2.8516760417966425, 2.162487158801768, 2.031986778456123, 2.444898293523108, 2.248720845111858, 2.0705618839685505, 3.7211937474065713, 2.1650100089434243, 2.0310807971095395, 2.9523301924568903, 2.279367404686713, 4.420796226403997, 2.6025325548341955, 3.581039157529321, 2.191992456967037, 2.7161115124802984, 2.6845203671989806, 2.096320503631487, 2.0575852228913636, 2.311765712876302, 3.3894723426851874, 2.4595847435594447, 2.420640325525048, 2.358821170631749, 2.081314291839023, 1.9680626623793869, 2.8179725621956626, 2.7019908464203883, 2.025060452642498, 2.6697961221821114, 2.4338341221547783, 2.4131080463808003, 2.3079205060016346, 2.052285007101208, 2.0805145439727326, 3.167845417539409, 3.2017450545696735, 2.3528191757659016, 2.0228966710805754, 2.097187469093249, 2.861523656467073, 2.391070879061622, 2.0594464450832795, 2.027837617106527, 2.7477012567833747, 2.953961670665993, 2.038296252759735, 2.3841358091815636, 2.095296970433009, 3.8269323654339025, 1.9739962110533908, 3.5644909951996118, 3.374251734717274, 2.1087438690221463, 3.286314957318727, 2.4303788675966658, 2.5943573474647135, 2.129132209874859, 2.7520785470234594, 2.4256447688417486, 2.150101961061182, 2.6602859759653965, 3.28693056707331, 2.080711691011877, 2.6111329070889053, 2.394736685462693, 2.307456466886839, 2.0273605523416816, 2.3584732643758093, 2.8827789435079385, 2.4397751632835347, 3.114517243645002, 2.7663478409737676, 3.2396787707864165, 2.0997452834331347, 2.0629297016865844, 3.0738581196423818, 2.0864022444310186, 2.1958357323634763, 2.082012339575371, 2.086641268280953, 3.574882751619728, 4.225609700782721, 2.6295682726350305, 2.6257995276931076, 2.3531399798895563, 2.0705513865556773, 2.6973630723491717, 2.702064093695357, 2.9841327722594193, 2.1299802487982533]"
1.5,9358,0.6215470322747942,0.6215470322747942,0.024655580520629883,0.31514655813374176,"[2, 3, 2, 2, 3, 3, 3, 3, 3, 1, 3, 2, 3, 3, 2, 3, 3, 2, 2, 2, 2, 2, 3, 4, 4, 3, 2, 2, 3, 4, 2, 1, 2, 2, 3, 3, 2, 4, 2, 2, 3, 2, 2, 2, 1, 2, 2, 2, 1, 2, 1, 2, 1, 2, 4, 2, 3, 3, 2, 1, 2, 2, 3, 4, 1, 2, 3, 3, 2, 2, 1, 4, 1, 2, 3, 2, 2, 2, 2, 2, 2, 3, 2, 2, 2, 2, 4, 3, 3, 3, 3, 5, 3, 2, 1, 3, 2, 3, 2, 3, 2, 3, 5, 3, 3, 2, 3, 3, 2, 2, 3, 2, 2, 3, 2, 3, 3, 2, 2, 3, 4, 1, 2, 3, 3, 3, 2, 2, 2, 2, 2, 3, 2, 5, 3, 2, 2, 3, 3, 2, 1, 3, 2, 2, 3, 2, 2, 4, 3, 2, 1, 1, 1, 2, 3, 3, 3, 3, 2, 2, 2, 2, 5, 2, 2, 5, 1, 2, 5, 2, 3, 3, 3, 1, 1, 2, 3, 2, 2, 2, 2, 1, 2, 3, 2, 4, 2, 3, 5, 2, 1, 2, 4, 3, 3, 2, 3, 3, 3, 2, 2, 3, 3, 2, 2, 3, 2, 2, 2, 3, 4, 4, 2, 3, 3, 1, 3, 3, 4, 2, 1, 2, 3, 2, 1, 2, 2, 3, 1, 4, 2, 3, 2, 2, 2, 2, 2, 1, 2, 3, 2, 3, 3, 3, 4, 2, 3, 2, 3, 2, 3, 3, 4, 3, 2, 3, 3, 4, 2, 2, 2, 4, 2, 3, 1, 2, 3, 1, 2, 1, 3, 1, 2, 1, 3, 2, 3, 2, 4, 3, 2, 2, 3, 3, 2, 2, 2, 1, 2, 2, 4, 2, 3, 3, 2, 2, 4, 3, 3, 2, 2, 2, 2, 3, 3, 2, 3, 2, 2, 4, 2, 3, 2, 3, 2, 2, 2, 2, 3, 2, 3, 1, 3, 2, 4, 3, 2, 3, 3, 2, 4, 2, 3, 3, 2, 2, 2, 3, 2, 3, 3, 1, 3, 2, 3, 3, 2, 3, 2, 2, 2, 2, 1, 2, 1, 3, 2, 3, 2, 3, 3, 2, 2, 2, 2, 3, 2, 3, 2, 4, 1, 3, 2, 2, 3, 2, 2, 3, 3, 4, 3, 3, 3, 3, 3, 2, 2, 1, 3, 2, 2, 4, 2, 2, 2, 5, 2, 2, 4, 4, 4, 2, 3, 4, 2, 4, 2, 3, 3, 3, 1, 3, 2, 3, 2, 2, 4, 1, 3, 2, 3, 4, 3, 3, 1, 3, 2, 2, 3, 2, 2, 2, 2, 2, 3, 2, 3, 2, 3, 4, 1, 2, 3, 3, 2, 3, 3, 2, 3, 4, 2, 3, 3, 4, 2, 2, 3, 2, 3, 2, 2, 3, 3, 4, 3, 3, 2, 3, 3, 2, 1, 3, 2, 2, 3, 4, 3, 2, 2, 2, 2, 1, 3, 4, 2, 2, 5, 2, 4, 3, 3, 3, 3, 1, 1, 5, 3, 3, 3, 2, 2, 1, 3, 2, 4, 3, 3, 2, 3, 2, 2, 2, 3, 1, 3, 4, 3, 2, 2, 3, 3, 2, 2, 4, 2, 2, 5, 2, 2, 3, 3, 1, 2, 3, 1, 3, 4, 3, 1, 2, 3, 3, 2, 4, 2, 3, 3, 5, 3, 4, 2, 3, 3, 4, 2, 3, 2, 5, 3, 2, 3, 1, 4, 2, 2, 2, 3, 2, 2, 2, 3, 3, 3, 3, 4, 2, 3, 2, 1, 3, 1, 4, 2, 4, 3, 1, 2, 2, 2, 1, 5, 2, 3, 3, 3, 2, 2, 4, 2, 4, 3, 1, 2, 3, 2, 4, 3, 3, 1, 3, 5, 4, 2, 2, 3, 3, 3, 2, 3, 3, 2, 2, 3, 1, 1, 3, 3, 4, 4, 4, 2, 2, 3, 2, 5, 3, 2, 2, 4, 1, 3, 3, 2, 3, 4, 2, 3, 3, 2, 3, 4, 2, 3, 1, 1, 1, 2, 2, 4, 2, 2, 3, 3, 2, 2, 3, 2, 2, 3, 4, 3, 3, 1, 1, 3, 2, 4, 3, 4, 3, 3, 4, 2, 2, 3, 3, 4, 4, 2, 3, 1, 3, 2, 3, 1, 3, 3, 3, 2, 3, 2, 3, 2, 2, 2, 2, 4, 3, 3, 3, 2, 2, 4, 1, 3, 2, 3, 4, 3, 3, 2, 1, 2, 1, 1, 2, 2, 2, 3, 2, 5, 2, 2, 2, 2, 2, 3, 3, 3, 2, 2, 4, 1, 3, 2, 3, 3, 3, 2, 2, 4, 3, 2, 3, 4, 1, 2, 2, 3, 4, 2, 4, 2, 4, 5, 4, 2, 1, 4, 1, 1, 1, 3, 2, 2, 2, 3, 4, 3, 3, 3, 2, 2, 3, 1, 1, 4, 1, 4, 2, 2, 2, 3, 2, 2, 3, 3, 3, 3, 2, 3, 2, 2, 5, 1, 3, 1, 3, 5, 4, 4, 1, 2, 1, 5, 2, 4, 2, 1, 2, 1, 2, 3, 3, 2, 2, 3, 3, 3, 3, 2, 3, 3, 2, 3, 2, 2, 3, 2, 3, 1, 3, 3, 2, 2, 1, 3, 3, 2, 3, 2, 3, 5, 3, 3, 3, 1, 3, 2, 2, 3, 3, 1, 3, 2, 2, 2, 3, 2, 2, 2, 2, 2, 4, 3, 1, 2, 2, 3, 4, 2, 2, 5, 5, 2, 2, 2, 2, 3, 2, 4, 3, 3, 3, 3, 5, 2, 1, 2, 1, 3, 2, 2, 2, 3, 3, 2, 3, 1, 3, 1, 2, 3, 4, 2, 2, 2, 2, 3, 2, 4, 2, 3, 2, 1, 3, 2, 2, 3, 1, 3, 2, 2, 2, 1, 2, 3, 5, 3, 4, 3, 3, 3, 4, 2, 3, 1, 3, 4, 3, 1, 4, 3, 3, 2, 1, 2, 2, 3, 4, 1, 2, 2, 1, 3, 2, 1, 2, 2, 2, 3, 4, 1, 3, 2, 4, 2, 3, 2, 2, 2, 3, 3, 4, 3, 4, 2, 1, 5, 2, 2, 2, 1, 2, 1, 3, 3, 3, 2, 4, 2, 3, 3, 3, 2, 2, 4, 3, 2, 2, 2, 2, 3, 3, 3, 4, 4, 3, 2, 3, 3, 2, 1, 1, 3, 3, 3, 3, 1, 3, 3, 3, 2, 2, 3, 4, 3, 2, 2, 4, 2, 2, 3, 3, 2, 2, 3, 2, 4, 1, 3, 2, 3, 2, 2, 1, 4, 2, 2, 3, 2, 3, 2, 3, 4, 4, 5, 4, 2, 2, 2, 5, 2, 4, 4, 5, 3, 2, 2, 3, 2, 2, 3, 2, 3, 2, 2, 3, 3, 4, 1, 5, 3, 3, 3, 2, 2, 3, 4, 1, 2, 1, 3, 4, 1, 4, 3, 1, 1, 2, 2, 2, 2, 5, 3, 2, 2, 3, 1, 4, 2, 4, 2, 3, 2, 3, 3, 2, 2, 2, 2, 2, 2, 3, 2, 3, 2, 2, 3, 2, 3, 3, 2, 2, 3, 4, 2, 2, 2, 2, 2, 2, 2, 3, 2, 2, 2, 4, 1, 3, 4, 2, 2, 3, 2, 2, 3, 2, 3, 3, 2, 2, 2, 2, 3, 3, 2, 2, 1, 3, 3, 3, 3, 2, 2, 3, 3, 3, 2, 3, 1, 3, 3, 2, 3, 3, 5, 3, 1, 3, 2, 3, 2, 1, 4, 2, 3, 3, 2, 2, 2, 3, 2, 3, 2, 1, 1, 3, 3, 3, 3, 2, 2, 4, 3, 3, 2, 2, 3, 3, 2, 3, 3, 2, 3, 2, 4, 4, 2, 2, 4, 2, 2, 2, 2, 4, 2, 2, 2, 4, 2, 4, 2, 3, 1, 3, 2, 2, 2, 3, 2, 4, 2, 3, 2, 3, 3, 2, 4, 3, 3, 3, 4, 2, 3, 5, 2, 2, 2, 2, 2, 2, 4, 4, 2, 3, 3, 4, 4, 1, 1, 1, 2, 2, 3, 2, 2, 2, 2, 3, 3, 1, 2, 2, 2, 3, 2, 3, 3, 2, 3, 2, 3, 2, 3, 1, 5, 4, 4, 3, 2, 3, 3, 3, 3, 3, 2, 4, 2, 3, 2, 3, 4, 2, 2, 2, 4, 1, 2, 3, 3, 2, 3, 3, 3, 2, 3, 1, 1, 2, 1, 4, 3, 2, 3, 4, 4, 1, 2, 4, 1, 1, 1, 3, 3, 3, 3, 4, 2, 4, 4, 3, 2, 1, 3, 2, 3, 1, 3, 2, 3, 2, 3, 2, 4, 4, 3, 3, 2, 3, 3, 3, 2, 1, 2, 2, 2, 3, 2, 2, 1, 1, 2, 2, 3, 4, 3, 3, 2, 2, 3, 3, 2, 2, 2, 3, 2, 1, 4, 3, 2, 1, 2, 3, 3, 2, 2, 3, 3, 3, 3, 3, 2, 2, 3, 2, 2, 2, 3, 1, 3, 3, 3, 2, 2, 3, 3, 3, 3, 3, 2, 2, 3, 3, 3, 2, 3, 1, 5, 2, 4, 2, 3, 3, 2, 2, 2, 2, 3, 3, 2, 2, 3, 2, 2, 1, 1, 4, 2, 3, 3, 3, 2, 3, 2, 3, 3, 2, 4, 5, 2, 3, 2, 3, 3, 2, 2, 2, 4, 2, 2, 3, 5, 2, 2, 2, 2, 2, 2, 1, 3, 2, 4, 1, 2, 3, 1, 2, 4, 4, 2, 3, 3, 1, 1, 1, 4, 2, 4, 2, 4, 3, 3, 4, 2, 3, 3, 3, 2, 2, 2, 3, 3, 3, 2, 4, 2, 3, 3, 3, 3, 3, 3, 3, 3, 3, 3, 4, 3, 1, 4, 3, 3, 2, 3, 2, 1, 1, 3, 3, 2, 3, 2, 4, 2, 2, 2, 2, 3, 2, 3, 3, 3, 2, 1, 1, 1, 4, 3, 2, 3, 3, 3, 2, 4, 3, 4, 2, 3, 3, 5, 2, 2, 2, 2, 3, 2, 4, 2, 1, 1, 2, 2, 2, 3, 2, 3, 3, 1, 3, 3, 3, 3, 1, 4, 3, 2, 1, 2, 1, 2, 3, 2, 1, 4, 2, 2, 3, 4, 4, 4, 2, 3, 4, 2, 4, 1, 2, 2, 2, 3, 3, 3, 2, 2, 4, 2, 2, 1, 4, 3, 3, 4, 2, 4, 3, 3, 1, 5, 4, 4, 3, 1, 4, 2, 2, 3, 4, 5, 1, 2, 4, 3, 2, 3, 2, 3, 2, 3, 3, 2, 2, 2, 4, 4, 3, 3, 3, 2, 1, 4, 3, 2, 2, 3, 3, 2, 2, 2, 1, 1, 3, 4, 3, 2, 3, 3, 2, 3, 3, 3, 2, 2, 3, 3, 1, 2, 2, 2, 3, 2, 4, 2, 2, 2, 2, 2, 4, 3, 3, 3, 2, 3, 5, 3, 4, 2, 4, 2, 2, 3, 2, 2, 2, 3, 2, 2, 2, 3, 2, 1, 3, 2, 2, 1, 3, 2, 3, 2, 3, 3, 3, 3, 2, 2, 2, 3, 2, 1, 2, 2, 4, 3, 2, 2, 2, 2, 3, 3, 2, 2, 3, 5, 3, 4, 2, 2, 2, 3, 3, 2, 4, 1, 2, 1, 2, 2, 3, 1, 2, 3, 3, 2, 3, 1, 2, 4, 3, 3, 3, 2, 2, 2, 3, 3, 3, 2, 2, 2, 3, 5, 1, 3, 2, 1, 4, 2, 3, 2, 3, 3, 2, 3, 3, 1, 3, 2, 3, 3, 3, 3, 3, 3, 3, 3, 3, 2, 4, 3, 2, 1, 2, 4, 4, 1, 2, 3, 4, 2, 3, 3, 2]","[2.287954275328105, 2.085339904849874, 2.0037300427273035, 2.312272364704112, 2.333184367895053, 2.8086381735340358, 2.925958001680837, 2.2222393756195657, 2.48895239860793, 2.1034657969593162, 2.368496664550819, 2.155879641056613, 2.8277025638579643, 2.243368142351477, 2.285739159256474, 2.2760747441716855, 2.892695525169079, 2.504142828504012, 2.1383220847254942, 2.2653836825731846, 2.148511944449195, 2.4104954512077286, 2.9584441569918942, 4.003839163016453, 2.714503755271773, 2.5649565324556103, 2.7178875758780094, 2.231065735722682, 2.4543575708434595, 2.8783968719948256, 2.186243246565243, 2.4151095030329834, 2.474863346297725, 2.1711945651199316, 2.216149817027712, 2.549240760188734, 2.4268830829503942, 3.187385799153777, 2.2846051082213163, 2.4383003308994615, 2.387256777278251, 2.579950112455061, 2.3431038796138655, 2.7336699012888963, 2.132587487816663, 2.5018890903488114, 2.1599052718765708, 2.4996040881414476, 2.1461596106345695, 2.565110283318886, 2.535111983923263, 2.1485017630739507, 2.3307725372971073, 2.1058351774908908, 2.6859666959867052, 2.236641365980265, 2.1606298275030356, 2.3047754233934983, 2.3159748364945725, 2.7622725270590522, 2.1738022163992774, 2.3103017270334205, 2.379299401781135, 4.094626312743477, 2.2049439133058324, 2.180146368511456, 2.2556400763430187, 2.079088540449855, 2.696233539150325, 2.448370866351065, 2.3506964783467876, 4.284766051686983, 2.4056579898618415, 2.4885429069825484, 2.2888184837069705, 2.180999451035573, 2.255313658561153, 2.081942020075588, 2.1781939405948463, 2.238338717954853, 2.239374783399122, 3.757642453174471, 2.2461629410656307, 2.338121337227107, 2.572109492577488, 2.045713642781727, 3.5078403258388544, 2.5514590730561624, 2.9136355410975296, 2.485075751889663, 2.417625270005301, 3.342936325032097, 3.022438716077842, 2.376778533714065, 2.1714635487755816, 2.0557860670729036, 2.390684314275488, 2.2180717993528867, 2.4762765964039795, 2.195884885799617, 2.4493428720089327, 2.3247545557795855, 3.08879077317445, 2.25043055643067, 2.4615732578121263, 2.089033347933264, 2.4309563687098357, 2.465696295622519, 2.3614720771604922, 2.003187036047606, 2.2401550957745195, 2.3034975241956737, 2.181032081609089, 3.3805434125625284, 2.195437992918659, 2.5834001072711685, 2.2787941709655004, 1.9017151356801305, 2.1694814469434665, 2.9265809820798334, 3.5001742798534785, 2.3469999525406955, 2.342876495566742, 2.2848831061008306, 2.3879129902693257, 2.7589114352122643, 2.1530503351945454, 2.0295707227146274, 2.0258171890412178, 2.25117689057704, 2.3689038592816978, 2.686429995573488, 2.3906326712278667, 4.316375728146227, 3.7210847204075286, 2.22907141732583, 2.2498033507284334, 2.1294677398455364, 2.128624674422484, 2.15194716093271, 2.1338811332490173, 2.17206475269776, 2.0602356776718898, 1.9802976076024774, 2.942545403419639, 2.26473374133208, 2.1616369779344775, 3.0146862309028295, 2.266255887052449, 2.180298024930051, 2.1902359194348877, 2.338881391571956, 2.220897480600402, 2.0451740298937775, 2.385978473124174, 3.9186737907586027, 2.3213245706875827, 2.9083140528899634, 2.2884142898413558, 2.1940717952883793, 2.6738198895941645, 2.3186929329793515, 3.6528889152944912, 2.487021644114434, 2.23785386150447, 3.7423685893841823, 2.137383245206609, 2.242083348709986, 4.022878142779652, 2.2487405146887354, 2.3108625083896057, 2.211399604776102, 2.6681696745133814, 2.07985214359318, 2.3410332275166095, 2.3042187595733976, 2.290317576268374, 2.31820837062839, 2.382839092635166, 2.255486008435694, 2.218386424324015, 2.9031077221836363, 2.7106769865913485, 2.428679489116319, 2.556678984059533, 3.9847550503850506, 2.143748582756647, 2.62919499349914, 4.160080163402008, 2.33424084566881, 2.226189293113833, 2.319657558583937, 2.542297953450228, 2.362532009004892, 2.3306658632479555, 2.5226648543279055, 2.111769407705495, 3.1004927241053886, 2.5029130413655842, 2.205835568665456, 2.212414348508787, 2.3472627096961634, 2.6363171434988883, 2.1832503406823167, 2.3982193723379424, 2.341295759447425, 2.848502689481283, 2.1356154492904054, 2.415337708711887, 2.3010596193070993, 4.100961769815555, 3.89510823557353, 2.139260468143847, 2.6000091901831404, 2.569770865215847, 2.271810727184121, 2.6593371732711253, 2.0962797925499066, 2.934907861601537, 2.5761328050253534, 2.3196402890410814, 2.1604296792502775, 2.071716525538532, 2.3236766603127226, 2.035716184843993, 2.0946272079122767, 2.7202166597164723, 3.105312741852771, 2.410589980964596, 2.5528415870929844, 2.7001187314674833, 2.376119844346446, 2.2824337115215427, 2.294471615029687, 2.4443160376284427, 2.2129115389998852, 2.0363218656797457, 2.1890472866053026, 2.1727180299397517, 2.3441068694149165, 2.055058098742934, 2.571883492960961, 3.100547396085088, 2.2913929721193393, 2.4289987490054727, 2.6468184124861622, 2.7420666967085516, 2.956355995215611, 2.403408898359709, 2.148513990962283, 2.2739271059562816, 2.2228248046961148, 3.0212335894841367, 2.453136677865546, 2.22071251895013, 2.341224649042644, 3.9040323317136894, 2.703652939544457, 2.089626263827737, 2.3681470036252867, 2.1120914683043517, 2.5799297497045726, 2.418033062680281, 2.559821255580681, 2.059246037760102, 2.3169160352067877, 2.687657102373346, 2.129405246524549, 2.1956980027003965, 2.2035146046616583, 3.0812806571451303, 2.2957788009651305, 2.1794283896130313, 3.516066827569669, 3.5055601557568545, 2.207056764464343, 2.2742720785005233, 2.0603476727995775, 4.431562740493633, 2.8367612527742203, 2.3395144391607063, 2.15957766554515, 2.3105681466800307, 2.451896221368236, 2.116514926230799, 2.6302781206884522, 2.085234697305683, 2.4402549114815413, 2.1366625205606686, 2.1215304277853493, 2.417961373675045, 2.452061001103087, 2.296898837702387, 2.7507356527415685, 2.4682013381484365, 2.9035878230458096, 2.17317536525411, 2.488332714606061, 2.988462770104907, 2.0747279046077196, 2.6381470477471747, 2.0826848043678914, 2.5483774625120117, 2.2605480407716994, 4.096805266102248, 2.181848512746648, 4.000753412570125, 2.2494011317750315, 2.3306280270157385, 3.8136998393062074, 2.5221944068122095, 2.4010157336163784, 2.1232489082934776, 2.4497419973911314, 2.2478058577097206, 2.533938887313378, 2.0952137923237864, 2.2505080494458287, 3.0753635812323004, 2.288720383650884, 2.330996196847025, 2.1870918694763457, 2.4881120702906028, 2.0652140205491536, 3.0049890410076276, 2.058170205775951, 2.45575064510754, 2.3750659000323067, 2.5564625222061457, 3.1434164421356647, 2.6826048651877197, 3.133975162009505, 2.310853518230703, 2.433561898384672, 2.1746699439649673, 2.382971910610535, 2.707670531881076, 2.599425984535887, 2.493677606740927, 2.216692521103362, 2.46573856107051, 1.9936776315694016, 3.365009423622129, 2.1236476788238803, 2.425649156149476, 2.2304153000116296, 2.5037737109212146, 2.78620722074533, 2.3411706591127834, 2.1592723108037917, 2.310195926407184, 2.218650004712754, 2.0421744595493614, 2.2462304391041696, 2.625047358764861, 2.3263768101446622, 1.9995115595844029, 2.410837960017454, 2.506510880291832, 2.3873914501539453, 2.3650491136956524, 2.1514109418365086, 2.3296138555112096, 2.146316042062821, 2.097629021221446, 2.353313005268609, 2.5754840268213806, 2.1698049434940514, 2.0118720987482335, 2.74136507299482, 3.8851345300657463, 2.5967267521191513, 2.2095754417114932, 3.595416568350613, 2.312451694105848, 2.697835408855433, 2.8825272763165284, 2.6644021614245146, 2.4926706477088993, 3.3035083239750413, 2.291989368321532, 2.287549388779114, 2.3577664972127073, 2.2601272683857947, 2.487906076381077, 3.3846725805952405, 2.7273622027817375, 2.2072349662006383, 2.407280254744483, 2.173740394643199, 2.5355068700098773, 3.109584273759669, 2.2957093136946747, 2.3185931098912675, 2.3062814310905706, 2.9981914822172353, 2.3462125928551343, 2.205225841485757, 2.710735984908061, 3.5941609042829166, 3.7036532017307007, 2.2634653543964136, 2.184157638414023, 2.792577756352851, 2.2268669853112524, 2.8345963774465823, 2.545305466713101, 2.3307682386296134, 2.926861176314517, 3.024172017600555, 2.277382403177286, 2.347432396831746, 2.3387954779592635, 2.5509355379488263, 2.405850241482693, 2.273966484077645, 2.4640140610350065, 2.5939365074715623, 2.789306551298507, 2.4225790253270842, 2.2233040567462354, 3.460019503575435, 2.543403489903117, 2.321347713455772, 2.30510278769253, 2.894748337994798, 2.121319537684677, 2.3059917176657034, 1.9934536413140262, 2.3558342817993454, 3.1198849703483083, 3.9051297533841645, 2.3158186851371876, 2.8677934172355903, 2.0160681726275578, 2.4620372074630743, 2.1457130635875137, 2.142415452618657, 2.484970058123597, 2.3179257598527254, 3.9376015528300816, 2.0474614455320035, 2.6159560611314996, 2.5329536647609245, 2.168786020219219, 2.6025852147246167, 2.718722664443357, 2.0760079752040177, 2.3892690146584226, 2.610651490361542, 2.230570328643429, 2.5165711969215288, 2.3966674121785463, 2.486656548069333, 2.1349964669084285, 2.2169379835344873, 2.3523783922040833, 2.3738227160755363, 2.479209236722811, 2.1952570343262168, 2.0781880303016456, 2.7573389245738817, 2.3288214905984064, 2.2165667300389185, 2.321817212051972, 2.438867409187102, 2.2790375758889176, 2.3048686160619103, 2.801393018833505, 2.471117508355563, 2.259076711706069, 2.2058859339807646, 2.2364758759023546, 2.395502412769191, 2.8537044160492226, 3.977976997982984, 2.6900611870373434, 2.047771627859742, 2.0457662465538227, 2.459410870907667, 2.156550878318126, 2.358021640859897, 2.44847559672587, 3.5524406338270813, 2.0256844815458277, 2.776512743031792, 2.4921938293198296, 2.218854541090047, 2.28090211483729, 2.3108008108720584, 2.2388204783786336, 2.2763257120600393, 2.427029147365642, 2.5320101148388736, 2.5823965486511313, 4.012853423516647, 2.4436372980286905, 2.2223127653023713, 2.506305671509004, 2.985554490947302, 2.3888347673191155, 3.007128712236036, 2.1494149046343027, 2.7151334799351696, 4.009505154291221, 2.2846755036395234, 2.282460253745991, 2.1176060302778166, 2.396648627709891, 2.275359003730048, 2.41327009802685, 2.339714569287296, 2.9715027831007492, 2.256045830908583, 2.356846092545263, 3.103038605659478, 2.2900945629647143, 2.2072053332203803, 2.3335346992804107, 2.303663819991331, 2.9523033728402654, 2.3152371914133, 2.2948754154245323, 3.962707117182224, 2.3664101351779294, 2.228530203702282, 4.166678432968592, 2.240179849978203, 2.3068240016370827, 2.085851668169411, 2.5185487500226147, 2.7494532844483133, 2.75913922072867, 2.607065894748413, 2.361018311336611, 2.3990223020700574, 2.650110635888793, 2.886914742487087, 2.270171836507893, 2.0822291450955173, 2.3799834666136914, 2.2318113010882765, 2.9258763300136494, 3.4288305523085607, 2.898863875521479, 2.81936904764686, 2.339120692769302, 3.433301979469507, 2.1961657647969632, 2.3830590753247454, 2.247858278704616, 3.1288021801883428, 2.4512245680418387, 2.798409621592928, 2.2085110318979275, 2.391563151331521, 2.3333785163692413, 3.388011159477892, 2.2825045261033114, 2.295497201710418, 2.3189927596824247, 4.144934409238451, 2.8969838404421244, 2.167999446284057, 3.3778193569416635, 2.242520325158121, 3.286659450993928, 2.1732916084147016, 2.184850183510748, 3.66751708378584, 2.294796383714433, 2.2719552740715248, 2.3337620556580148, 2.5394886996005397, 3.790329469021863, 2.3988510875631293, 2.728650289951895, 2.5232061476003333, 2.643741101826983, 3.0297971281526532, 2.275679610897862, 4.051746596445861, 2.1716659136766006, 2.591671130079909, 2.1554650180233255, 2.115554138056836, 2.5293211429880333, 2.2406078173556785, 3.891957398463382, 2.4797433746420214, 3.398456722449808, 2.1377905201837297, 2.4805100441621253, 3.0156506301945387, 2.3649707445298582, 2.1844328336417016, 2.06501335070283, 3.2454324672649086, 3.7394864451207503, 3.9727687221584262, 2.286373909304656, 2.3149171307462555, 2.250948159251257, 2.3839871242023047, 3.0457892153255783, 2.3126751428003103, 2.160468358238167, 2.423645799369364, 2.2055804650539153, 2.2878459747550344, 3.1686634143702745, 3.410716949766154, 2.212905450650817, 2.106901311538913, 3.5154918201735854, 2.2954290158620005, 2.4655794902090125, 2.468505714471042, 2.7203242053010532, 2.5044129053745494, 2.0217408955345237, 2.615023061332205, 2.660307029031263, 2.268082016929805, 2.4611159871042587, 2.203050265968491, 4.196512670733959, 2.6640956120257595, 3.046749687164896, 3.282122656930862, 2.3393945506935614, 2.466386758324775, 2.2283064776037405, 2.5759167829061314, 3.168854119656046, 2.3031278606217978, 2.251430427296702, 3.6117015439010807, 3.564668009394989, 2.21824588006255, 2.319315637916401, 2.841212365546199, 2.6014376796304908, 2.3338119759036218, 2.725999096903495, 2.001396810900478, 2.5811409022777134, 2.181023471734643, 2.490308422997027, 2.6847529408563564, 3.169065523353387, 2.0835632548697385, 3.1494181426167196, 2.260231876578212, 2.0233376745520095, 2.369317262919434, 2.1804316046918117, 2.2447066435788923, 2.6979677667336093, 2.8212297781824844, 2.084876302659043, 2.2962685624291654, 2.2706758145824875, 2.2238153357860297, 2.1664437423847622, 2.6267395505054796, 2.7456437532110596, 2.1812584660526335, 2.819060820707319, 2.1355167707364333, 2.715315817904342, 3.9482009914807232, 1.995211625439547, 2.3807006542166427, 2.919676576925137, 2.3606504099728878, 2.758870366987503, 3.0216038872391624, 3.4870217561312367, 2.14240633812027, 2.610710331908148, 3.4439652316625358, 2.055618074381372, 2.3192475079167125, 2.1719883258348034, 2.252770361263158, 2.2250397265509774, 2.813310485481094, 2.1771121267449463, 2.6425606026420763, 2.2590118084447663, 2.2853480785963263, 2.10709145417609, 2.526492644061191, 3.4959068508870637, 3.219857672256712, 2.7648153706588445, 2.014667361265092, 3.945037000932977, 2.4714645700143754, 2.445412549209034, 2.239396583318817, 2.5897843872907362, 2.1651084772755804, 2.2246374391068193, 2.155312105450961, 3.575812267818761, 2.3759691751707255, 2.508295025847654, 2.4892007365454547, 2.2514966450139413, 2.1907016069169574, 2.5443184487021675, 2.493465997326084, 2.1936764185497246, 2.404163652378958, 2.187843645869684, 2.708490014084983, 3.2046774226024834, 2.231256505320219, 2.330445893020034, 2.1114315677530437, 2.4467243934822256, 2.4714429457765434, 2.036396985198737, 2.333759423652658, 2.294661979323169, 2.3053369316536303, 3.111117797669776, 2.2218915119653846, 3.833026073629677, 2.5672443146806745, 2.3364477797873184, 2.5533858037388932, 3.256499562928615, 2.18924493224444, 2.9464798103375056, 2.386286571277198, 3.0176847466850565, 2.338907596208958, 2.211453905444072, 2.6953708607432327, 2.0912702063124824, 2.413679019811155, 2.065012089940141, 2.5105139044549682, 2.3306837910899914, 2.1417256017483157, 3.930337141593252, 2.215999889490665, 3.1900429274351882, 2.5472660596132086, 2.7579036577064513, 2.2698685482469703, 2.6726760068009763, 2.3585653321898623, 2.8084778321841677, 2.2706537549361245, 2.533308725170056, 4.007795804033627, 2.1336725900305837, 2.680343164742107, 2.4178829301256175, 3.6190600179155963, 3.804067565687732, 2.8568194576138444, 2.304840962945163, 2.3045028922708615, 2.3658413254429074, 2.047430901406271, 2.103616364591574, 2.2933234115471297, 3.394735172473668, 2.2163782972705794, 2.340953249913045, 2.415885986105533, 2.4810241382808185, 2.644899158646115, 2.205970535309636, 2.305802450353554, 2.444553575381291, 2.182327037383131, 2.776498416778303, 2.9831785713493133, 2.438893769737817, 2.212116394069381, 2.6622805327428027, 2.005747651921555, 2.2699356183641854, 2.325175019369513, 2.3487365240084954, 2.158685726392282, 2.7769061605474765, 2.1430446314033698, 2.2049187033325532, 2.2749017634744586, 2.6541941334757575, 2.1894407229832518, 2.227191617014486, 2.3618854727651204, 2.260774883257909, 2.088640367324911, 2.4841142484327845, 4.337825163559192, 2.3551283838156336, 2.488644416913466, 2.356363547095738, 2.0808889469722276, 4.0452999082862116, 2.5386641285485734, 3.727798177900938, 2.5476619616509404, 2.0707859270341857, 2.2459436637014543, 4.239400410603396, 2.4767986322236517, 3.904956012299608, 2.280664899032136, 2.712046911800644, 2.3212458142429484, 2.324412571561149, 2.3817432475177402, 2.3078516817599803, 2.711588712281331, 2.3408576445215585, 2.8075077003383817, 2.7318751400889774, 2.4316134058207237, 2.3687691378825946, 2.791786833843836, 2.0949477292887737, 2.4702644006137495, 2.5670647854181023, 3.040940367283366, 2.3365374725894, 2.0937751742398016, 2.223399596296886, 2.8971507702896697, 2.233958352048033, 3.5314471796341858, 2.3163149844501585, 2.238033009346484, 2.082987312441972, 2.347741039937125, 2.4046182285295057, 2.08232112708993, 2.291442882389706, 2.890504286277235, 2.3046955326827567, 2.316126840588249, 2.066746317523425, 2.6703063123354704, 3.637847884758953, 2.679900266111724, 2.2727612996117013, 2.3501898526270857, 2.024883460177302, 2.736729944269552, 2.324382027435416, 2.2015208619453377, 2.181429379465756, 2.7275001929084493, 2.3455610037512535, 2.562554883232909, 2.4371072599344523, 2.236316717307407, 2.8006333260232426, 2.392523818949311, 2.332858913504448, 1.9811273896848904, 2.6381784664087697, 2.6042016406653907, 2.2308130393846697, 2.2643608792847294, 2.121166590560805, 2.0263924367425226, 2.2950894597709817, 2.719020938076006, 2.3494754594641085, 2.7368166955971067, 2.227646120951899, 2.436361359355434, 3.403027903264894, 3.514244327279355, 2.321584549701124, 2.6664361458371655, 3.103129568923591, 2.9623287539539382, 2.4114930533930616, 2.3288106991714925, 3.162197493113747, 2.079008786343775, 2.7016026997766893, 2.4707130886070003, 3.1094406718445926, 3.142313239592051, 2.1769294035514615, 2.0834402041583036, 2.303808512241159, 2.27168546762755, 2.160033167868664, 2.1378948165824463, 2.507271904495769, 2.285536687086548, 2.6190563764093695, 2.6598302627870263, 2.535902093683937, 2.404341351433444, 2.2419296992415676, 2.421965342102722, 2.1867799695607313, 2.119839145248073, 2.2820725368572026, 3.7820458346869517, 4.05565653881786, 2.0797180888191296, 2.209602592045478, 2.003775422782718, 2.2025095672919277, 2.126966457536318, 2.936727259926456, 2.272529822538402, 2.3031736272313976, 2.303580975028487, 2.2015660931859533, 2.5178964728938915, 2.1938401451831373, 2.314327569764426, 2.4443582858918456, 2.346432771996379, 2.775998993263097, 2.464195891994773, 2.0297229187520034, 2.0680612586602694, 2.46027401479514, 2.1578806812129914, 3.144896417794172, 2.6214735428885523, 2.825812904777367, 3.712216564186472, 2.298561041085495, 2.5003808103512317, 2.4915786788049186, 4.16146263115228, 2.2599575210075282, 2.2826042933426667, 2.032699449089171, 2.579868147856438, 3.396533432710733, 2.231066171855867, 2.2117474684302834, 2.541018072743102, 2.4007540921559016, 3.882026023239942, 2.318294912317967, 2.331928208847719, 2.3773895981971838, 2.333031930334978, 2.4180928425321913, 3.0369390259113644, 2.325430709085582, 2.5798547066253583, 2.185270452490189, 2.1836213892742795, 2.310214699631659, 2.4087614155681436, 4.029982696187106, 2.1744166503791997, 2.0709595350046284, 2.3615790877529403, 2.6616865011666198, 3.8795938569487673, 2.6509760853939364, 2.3726103962500615, 2.632181458636602, 3.7028735644107584, 2.384950283402884, 2.3004084657127035, 3.8179966479614142, 2.143395888849299, 2.4000190514120825, 2.558821330593089, 2.439637676791916, 3.6283871650150887, 2.27236761976892, 4.244681960789167, 2.171499442906868, 2.2482543848336354, 4.00762043518452, 2.150370045431285, 2.501875709577341, 2.5821718656114268, 2.288831221602432, 2.0649920768068664, 2.2522679946240576, 2.1919714942968325, 2.24174092763371, 3.9554879229724147, 2.0534867731635593, 3.135577713254762, 2.260942961409821, 3.173846138618103, 2.2117038906984714, 2.340632674629952, 2.265353947983105, 3.8305612034211753, 2.1672735244671752, 2.5426759099685117, 2.3355440121210846, 2.215963555111946, 2.1134713942671723, 2.288138220405174, 2.303657374221924, 2.4845451000382113, 2.3282316703995996, 2.459919658952162, 3.5256250227522647, 2.377279524518445, 2.318431013605105, 2.4542547755126525, 2.6695211177786535, 2.0117176812236943, 2.1961901520828717, 2.189864648855684, 2.31661730931982, 2.216452390302061, 3.8499756308539026, 2.484020869580712, 2.15052007150263, 2.5723116527918264, 3.677263991138026, 3.1315593256755014, 2.7660719170345103, 2.266706357025103, 2.404534989506786, 3.4130610143870315, 1.996623442806761, 2.5310588079670615, 2.229195651041745, 3.6439661944981907, 2.4706980254574575, 2.2036957276292344, 2.433341843481958, 3.0446922159782748, 2.9494132396708777, 2.9798978515809886, 2.6097712402028796, 2.0617960361256213, 2.8774425518306868, 2.4718733642465085, 2.520183341736623, 2.2984494509140596, 2.3398536244496855, 2.7544051710880657, 2.210745494146844, 2.393234012602793, 3.9442914408177314, 2.1067119587663834, 2.217589424824122, 2.867754115752102, 2.6814351021763905, 2.431864546410084, 2.1791277063957337, 2.3495450623162863, 3.7363114809768185, 2.866497879864986, 4.146978188620766, 4.1617003930263134, 2.327544432078573, 2.79708884630005, 2.186729385687795, 4.261506377993616, 2.3286065293810383, 2.1365141910542613, 2.7357026030639733, 3.065132067167869, 2.6258847707545523, 2.2811943305448414, 2.346413075085355, 2.1033412239951454, 2.261218546189409, 2.153879575716045, 3.0342945772743546, 2.688656813612289, 2.3955832018674075, 2.4402619817036992, 2.472557306034858, 2.2369077509629722, 2.6848256668587553, 3.092842122626461, 2.410229703238422, 3.762373556329887, 2.3066127985252316, 2.20414530536817, 2.8689094972566065, 2.3088652958850915, 2.190925770305229, 3.031830985998787, 2.580523901587369, 2.3457353090139916, 2.1197067873698967, 2.270937592647625, 3.360420195146032, 2.3223538917566726, 3.594143896445072, 2.4962508531899688, 2.603384212376076, 3.3578695134176586, 2.290882332580979, 2.4646862095543893, 2.0821388599969786, 2.234613314976314, 2.2422583077424, 3.904841127920027, 3.3931107842424826, 2.042999607044685, 2.1489741993613656, 2.2805815438817936, 2.146854776414671, 2.547756291252247, 2.2669272139231853, 3.363603544189309, 2.367639599037174, 2.308895806071576, 2.2081699558272425, 2.488310568738453, 2.3378724074250146, 1.9925203485832959, 2.0617408243121766, 2.0419712926529736, 2.0945050314093447, 2.3555413206529416, 2.314144272400653, 2.9679233242760104, 2.343642337166854, 2.145294365715153, 2.476907397833771, 2.120799588312788, 2.5503044594096806, 2.1984285327148254, 2.564724249664564, 2.2521943278114542, 2.25370731194247, 2.2748546245171077, 2.324967579633972, 2.226231212727922, 2.5545045450495585, 2.1700573248787527, 2.248123844194158, 2.2120603965055374, 2.534069407260853, 2.2404908546623754, 2.7371892276636545, 2.8003273205877317, 2.3684309417122638, 2.243019389461301, 2.015018685259645, 3.137294677273771, 2.258761857129615, 2.271657374594306, 2.297114315808873, 2.6111590717534674, 2.096540678381326, 2.2205042927395353, 2.2004532791097873, 2.1795034026487037, 2.3562821561577136, 3.283184018389287, 2.358300822961369, 2.344162286538743, 2.5154251420052125, 2.196948575355816, 2.457051537317175, 2.725122202797154, 3.474196607400889, 2.0196469260259398, 2.2171486879974007, 2.2373043107061075, 2.7309248783995064, 2.3719634228215134, 2.2951255815139997, 2.2989540427627015, 2.4124522553314995, 2.015340553914802, 2.341452535771576, 3.546416822850109, 2.1194907978238398, 2.352883213658051, 2.227293081149716, 2.3282721524357455, 2.156435100902372, 2.597759721245669, 2.7618533937781606, 2.0537036262182244, 2.4841643306795027, 2.069527354886926, 3.565319640934879, 2.1262553716491177, 2.5132483717641914, 2.3973001516959744, 2.0350632250417298, 2.4394971840515836, 2.200198761698303, 2.2940055636884997, 2.4920478666630093, 2.1085564845814813, 2.4240966156510155, 3.261158935125783, 2.37850800059053, 3.191518506538758, 2.3729844514558858, 2.5107453950109218, 2.3608674207010676, 2.4940010673570536, 2.686713259951749, 2.7680071439352307, 2.183838971606914, 2.941098464025381, 2.209788444873877, 2.4459704921938896, 2.42384243348755, 2.2455266158127554, 2.197673414050871, 2.5948531594609756, 2.5460358334464415, 2.373696289266632, 2.904661637618834, 2.1834979344153336, 2.1675602998698906, 2.0670619401559995, 2.764454299744556, 2.1840952028838965, 2.5008045948119855, 2.1094195098549133, 2.299764681821113, 2.281162601472496, 3.9914909894833324, 2.4149325144225102, 2.034339566156949, 2.0130531382765757, 2.620407818949987, 2.575808531187406, 2.125395481574157, 2.365170436682084, 2.09112971357215, 2.2214495133203833, 2.2065677365049208, 2.1309666215514835, 2.388076486410871, 2.4293519575120026, 2.2998093122224734, 4.105592795107517, 2.185440841312022, 2.3795242385754944, 3.9391871915890277, 4.220743860045412, 2.209731556131906, 2.0784861424145658, 2.587052813959914, 2.283617795224419, 2.5412398245416896, 3.6833029176058556, 3.1876615296726394, 3.013605442235289, 2.5549803961516604, 2.455534135299406, 2.6848686684781464, 2.321287085812805, 3.5081477463359945, 2.429416927833235, 4.142219639996797, 2.2494788590044354, 3.7785904360384555, 4.00459790045516, 2.414119607900878, 2.86300850993668, 2.0605593486506493, 2.1421181262561357, 2.1147422312397364, 2.347109173195757, 2.1494299651170587, 2.1453851069142247, 2.803135121630078, 2.806448659784504, 2.422175049312925, 2.1569475634563364, 2.0807667704692956, 4.025067872574055, 3.3181503685122236, 2.4960605134558875, 2.3654559595339717, 3.826566693564026, 2.3918674698632656, 2.4702300932257177, 2.9695648298755755, 2.0029121389160087, 3.4624443073881706, 2.627345626238157, 2.0635188215709723, 3.0891874813256077, 2.5605447293027974, 2.0420544360428363, 2.0989829476772766, 2.290396264222252, 2.2623477477287075, 2.791505571107697, 2.335617668941581, 2.8516409629968527, 2.182555960652614, 2.598554031321869, 2.3504249530974586, 2.3736714508200465, 2.071921849939293, 2.3758024866635483, 2.1249186538335474, 2.251547705055711, 4.115571237573422, 2.2716088943006647, 2.6347445896636303, 2.3942979732092557, 2.30325317118981, 2.082933706500464, 2.193088226425099, 2.314513230649126, 2.1821318943576147, 2.181307202962824, 2.192224331782066, 2.5131002671055844, 2.541820113861307, 2.558465893095322, 2.4493482268533886, 2.342623124732456, 2.90738373478742, 2.3100185231757107, 2.8100317675867137, 2.185552486822496, 3.39371668598674, 2.273808641308527, 4.267716861670966, 2.3623574872221873, 2.3424166230872543, 2.023602390308362, 2.6189072064089176, 2.2925276715924476, 2.56810940892096, 2.484992957426955, 2.479586458338635, 3.7882237578468216, 2.862326343985296, 2.104344614048001, 2.103153043527201, 3.0436780418733176, 3.160800323110667, 2.274088244515693, 2.238605480224294, 3.044697726339148, 4.051164216051812, 2.2315579265500953, 2.378427359814288, 2.4103698086999144, 2.1805147525896404, 2.1986522964749935, 2.0077423957516967, 2.6061493513632046, 2.1424888276049074, 3.5841144361116593, 2.44179443144784, 3.5511744832590804, 2.586539595776892, 2.4617828063100906, 4.0902068991048335, 3.672060034766531, 2.3254095406173465, 2.181846815850774, 2.3286166738193104, 2.2967156106096156, 2.3654974518735914, 2.4814809207106676, 2.288641132327566, 2.1066826554359914, 2.8298956534349315, 2.7618451586529225, 2.2563880747758875, 2.2928805028122445, 3.3460917497428992, 3.86760990587433, 2.5013620491054156, 3.699878920508093, 2.283137468264334, 2.7040757398759103, 2.2029876358278786, 2.6510793481472565, 2.353964999838432, 2.273726363404, 2.1879091255743446, 2.153864653270392, 2.145283450835296, 2.8710599174318436, 2.1474684312448598, 2.206939678649033, 2.4975351159704418, 2.108470940222414, 2.305356430895511, 2.0890054980339148, 2.6545586905241625, 3.851491356123515, 2.3148742521479173, 2.3524872362970664, 2.1864458071932726, 2.2960311031591805, 2.5217213771118123, 2.3275104896531262, 2.627594207528118, 2.2600129959222155, 2.2196702752662465, 3.1961771671407933, 2.45028001913991, 2.2810601425725903, 3.353641278774411, 2.5094959934257424, 2.3151909446550722, 2.1568199466485685, 2.043914233920801, 2.1897556979025303, 2.173225449442961, 2.1950246450518516, 1.851434589010081, 2.587724259410096, 2.5489167758714366, 2.9565392876395284, 2.636779453373246, 2.5010218873744106, 2.6736849460938097, 2.4351566498008266, 2.360059368615151, 2.1850247522056647, 2.2463289445252452, 2.921720361703921, 3.126986501603104, 2.34484491175027, 2.285754470198445, 2.3525994447682437, 2.443681729277003, 2.254781570152754, 2.112262854787631, 2.309442292003402, 2.110729983643071, 2.58814413080452, 2.4639894623477407, 2.647249893998211, 2.160533189898595, 2.318841785528633, 2.13686597309148, 2.4870189197304975, 2.502242403360317, 2.1645869886813323, 3.2838661290511237, 2.4624395658860214, 4.1208215609599215, 2.255811849380484, 3.302160706816796, 2.6267818206747857, 3.90877301649528, 3.651084377045592, 2.7718956235608183, 2.0960033239175115, 2.117506612655675, 2.4666071421527005, 2.4809708377261175, 2.3325662140268446, 2.7008110895718067, 2.0286493082550154, 2.29699216697546, 2.267811104729869, 2.126060315139573, 2.097023032942743, 2.535722639942716, 2.1247783530369144, 2.3699480727760514, 3.2111769987079013, 2.2712323687596583, 3.4284871313508383, 2.3795067387557354, 3.292973551771029, 2.6040754226574148, 3.0491714446459994, 3.683349856407646, 2.2964221353568535, 2.6618614671156178, 3.0653598447635617, 2.0343588382799216, 2.2833940602671614, 2.341083503649159, 2.8061926439754745, 2.359249178229383, 2.429230548357403, 2.112497376035465, 2.458231582181795, 3.1984716796681827, 2.5638289024171104, 2.510413962572474, 2.274021880233571, 4.272856567329779, 2.4056303533059817, 2.7142834205626487, 2.2532067276596237, 2.5340932245916745, 2.54839428716392, 2.3400580369803166, 2.353431537520578, 2.5760436316577793, 2.2975532464277273, 3.6657762840870127, 2.453626886377626, 2.156973016894447, 2.5574261021151234, 2.680537166854936, 2.7327146762490115, 2.6830446804654127, 2.763968401120997, 2.149543337644748, 2.9189106303901204, 2.50734488728019, 2.456388388912591, 2.2558010172942202, 2.1154431872728243, 2.813589912281742, 2.2309073113570017, 2.4850424530417263, 2.3159173347032085, 4.031438440903346, 2.2877440378805844, 2.352607929247614, 3.0166853753066283, 2.2563798733651073, 2.509525882248403, 2.119936567547322, 2.6490623439029313, 2.2124254210621586, 2.711289179232732, 2.3054913768476886, 2.245177092199672, 2.575087422041807, 2.76121697636167, 2.162092551746471, 2.2702522431661722, 2.5248573121755458, 2.051111468557096, 2.3390273219503377, 3.312482835563274, 4.163186835033835, 2.431842959833878, 2.339224374176493, 2.2341100534367078, 2.32237591930335, 3.683121590284375, 2.2137274817584722, 2.7312729043495243, 2.4266691374656024, 2.3067085262016755, 4.044386453204991, 2.8495838212813442, 2.2843663704943635, 2.681352593184603, 2.770164391160559, 2.5794852021594, 2.0539707381048786, 1.997453224889174, 2.5014761139077444, 2.24643306894761, 2.593217711430841, 2.5968596452885118, 2.240376178460022, 2.3974104479856555, 2.077128276098108, 2.0890180758703973, 2.1368516986900596, 2.584171290155282, 2.831056364876688, 2.53718377344266, 2.688929892892928, 2.5462739053339294, 2.4744865150708604, 2.2095732610455667, 2.330967680322624, 2.0803544247719, 2.2149722698254157, 3.0611589309867666, 2.2994862542931074, 2.3666691076944617, 2.431746586386271, 2.677574139471626, 2.4062541027007183, 2.2720859350538274, 2.268267220102776, 2.7837483371601044, 2.591003366424496, 2.2117331936979268, 2.5948588843828166, 2.0099271064593527, 4.033223378515507, 2.5021307962192574, 2.6613531131250108, 2.9343102393005585, 2.5089631185422894, 2.7027697278924587, 2.4276824737547433, 3.7800720228377305, 2.04204630118068, 2.2559310682248532, 2.2084215525171356, 2.130816539300474, 2.838666344522564, 2.5253208621205903, 2.2575740023482576, 2.845355684939702, 2.7973693547916985, 2.274518042941881, 2.2858353407603818, 2.679700415842653, 2.212746940100102, 2.330011404158028, 3.5133028136138287, 2.130983308166288, 2.8127461099626356, 3.6131794199176275, 2.363115391568353, 2.1141840905342755, 2.482431330032054, 3.7611431493626464, 2.1552628954706137, 2.2729478004843324, 2.309028005945301, 2.0845497129008255, 3.5190519203593804, 2.3088103394707176, 2.216941666700766, 2.239879849025709, 2.9690413382739917, 2.156693570636141, 2.3780391716171057, 2.042588152525417, 2.336317993013519, 4.148162931134129, 2.335956903809559, 3.6505172036328237, 2.2387823070124093, 2.1923824927155673, 2.1961012827537494, 2.2375593206091953, 2.344694412608768, 2.3489380184843225, 2.225795263653838, 2.365299622833553, 2.405688917580248, 2.5289698063514527, 2.169422685821856, 2.3805946409547043, 3.0163478237740695, 2.949477637288859, 2.071092417474094, 2.3189550902733544, 2.226289060353188, 2.174594757897352, 3.8609356003929305, 2.2944461239299496, 2.3981983242125313, 2.410542120205041, 4.0575191682346565, 3.8549403397177215, 2.89519771770102, 2.3982488149229155, 2.0120550138854174, 2.390914006325746, 2.6048709172051328, 2.229730365185772, 2.215318436583723, 2.7021301857640427, 4.232252893238176, 2.1775687083723803, 2.089474365886443, 2.3265695747341555, 2.437854047284585, 2.3044609448862996, 2.118540022242975, 2.3485926430399715, 2.5372095436752606, 2.322413297516055, 2.512743487596373, 2.1983662891283986, 2.179649527637572, 2.365559851684224, 2.530844832360928, 2.8254177389967374, 2.662561182317154, 3.02096612241475, 2.4794589238811287, 2.240156093435966, 2.343054708512622, 2.7305719240577027, 2.6977989248531737, 2.303218534037901, 2.163880030815147, 2.2577496675316833, 2.23475880922151, 2.6588722708148, 1.9542285181361112, 2.3295135260189386, 2.220864317733425, 2.3855731415054824, 1.9909150850864399, 2.166274249249022, 3.367348620999799, 2.7464440651513753, 2.1860920997104456, 2.3122812157703203, 2.1692283485140864, 2.3284975414909126, 2.634541692785069, 2.26921069420875, 2.4792060179051383, 2.407494736737937, 2.2862998018509013, 2.489306168642721, 2.6242449792028157, 2.5663741128114506, 2.3049997331447454, 2.2304717167390344, 2.4251555308558537, 2.349898447145247, 2.2961381414211477, 3.2080822864642102, 2.3002434194701498, 2.2730192277845576, 2.179394801312764, 2.35003503857312, 3.6794597114514103, 3.885385017707229, 2.8425389290606513, 2.46995856613521, 2.336669988472027, 2.350261663814709, 2.45334110830542, 3.380219576204506, 2.200341707473257, 2.8010677988226096, 2.3047582901605774, 2.7403571331074676, 2.6626862826517956, 2.0086035276775895, 2.214313913105387, 2.211579019638219, 2.4084756921271886, 2.0192994119889724, 2.187402103325216, 2.146734296807613, 2.312558566661193, 2.3339678638288275, 2.7010022955158774, 2.5762345502870403, 2.284530816228598, 3.300042882559037, 2.312074177504061, 2.1151402655987397, 2.3120322112077427, 2.3132529785756164, 2.3069703708154368, 2.683326586873021, 2.3306592118603837, 2.4660515437770147, 2.4131270210304225, 3.633965994668898, 2.3661335411504587, 2.317757345943105, 2.5534559446650147, 2.2775512870469448, 2.3777235001301866, 2.396193155542314, 2.1315016509415856, 2.403384373761352, 2.3217572791354666, 2.556555045761472, 2.2385886174179355, 2.19877863933376, 2.1370574411987904, 2.511393128065187, 2.44099139474316, 3.713010889838775, 2.381643504573329, 2.061264558099828, 2.535016860323485, 2.195165790344382, 4.187967688604487, 2.233975376855502, 3.6838271668627165, 2.4234537105104894, 2.443999523817741, 2.238419559690726, 2.145161274332364, 2.207641805044574, 2.246906345222957, 3.1891666088573176, 2.396965808577535, 2.2091066423497208, 2.447195459071258, 2.0970671522354682, 2.2806608060059603, 2.4195521680440226, 2.285010232043209, 2.246909236332896, 2.5192825334923308, 2.1438076929857814, 2.232998884735284, 2.349493780209475, 2.0963766410098037, 2.318822636234903, 3.3999324944366953, 3.157280470035408, 2.2791090374593272, 2.71644809046751, 2.0015088060281654, 2.453426682785829, 2.341645789957519, 2.139033433713937, 2.234991461597118, 3.047054958682732, 2.6996989702221024, 2.0946877546028295, 2.1884959918979, 2.145785732014016, 3.9407841237720618, 2.2484160409899525, 3.8667880390408547, 2.4988421963755876, 2.0803323651255377, 3.7222678299732124, 2.689751711269353, 2.3282788234597285, 2.163415955554159, 2.2400843677087225, 2.795190302885573, 2.036698510015162, 2.296087022240161, 3.5665991256416136, 2.0688100925234902, 2.698196498059393, 2.3394092811955143, 2.2781601230485164, 2.331380064899123, 2.2614021254652283, 2.7918786259852877, 2.3502044081549633, 3.3214474149056037, 2.1168798443041013, 3.4008047777792516, 2.114447109394754, 2.0224094725089015, 2.688244644218842, 2.151212405019244, 2.1706416362819674, 2.1825153928251515, 2.466833866569155, 3.3146322393476386, 3.663822450488622, 2.558192901953292, 2.4200258724194468, 2.2502886083171623, 2.160883014605484, 2.3020909894597814, 2.566941412973937, 2.753906207670053, 2.268644512151488]"
1.75,9358,0.6155860718456433,0.6155860718456433,0.025418996810913086,0.31066798227683795,"[2, 3, 2, 2, 3, 3, 3, 3, 3, 1, 3, 2, 3, 3, 2, 3, 3, 2, 2, 2, 2, 2, 3, 4, 4, 3, 2, 2, 3, 4, 2, 1, 2, 2, 3, 3, 2, 4, 2, 2, 3, 2, 2, 2, 1, 2, 2, 2, 1, 2, 1, 2, 1, 2, 4, 2, 3, 3, 2, 1, 2, 2, 3, 4, 1, 2, 3, 3, 2, 2, 1, 4, 1, 2, 3, 2, 2, 2, 2, 2, 2, 3, 2, 2, 2, 2, 4, 3, 3, 3, 3, 5, 3, 2, 1, 3, 2, 3, 2, 3, 2, 3, 5, 3, 3, 2, 3, 3, 2, 2, 3, 2, 2, 3, 2, 3, 3, 2, 2, 3, 4, 1, 2, 3, 3, 3, 2, 2, 2, 2, 2, 3, 2, 5, 3, 2, 2, 3, 3, 2, 1, 3, 2, 2, 3, 2, 2, 4, 3, 2, 1, 1, 1, 2, 3, 3, 3, 3, 2, 2, 2, 2, 5, 2, 2, 5, 1, 2, 5, 2, 3, 3, 3, 1, 1, 2, 3, 2, 2, 2, 2, 1, 2, 3, 2, 4, 2, 3, 5, 2, 1, 2, 4, 3, 3, 2, 3, 3, 3, 2, 2, 3, 3, 2, 2, 3, 2, 2, 2, 3, 4, 4, 2, 3, 3, 1, 3, 3, 4, 2, 1, 2, 3, 2, 1, 2, 2, 3, 1, 4, 2, 3, 2, 2, 2, 2, 2, 1, 2, 3, 2, 3, 3, 3, 4, 2, 3, 2, 3, 2, 3, 3, 4, 3, 2, 3, 3, 4, 2, 2, 2, 4, 2, 3, 1, 2, 3, 1, 2, 1, 3, 1, 2, 1, 3, 2, 3, 2, 4, 3, 2, 2, 3, 3, 2, 2, 2, 1, 2, 2, 4, 2, 3, 3, 2, 2, 4, 3, 3, 2, 2, 2, 2, 3, 3, 2, 3, 2, 2, 4, 2, 3, 2, 3, 2, 2, 2, 2, 3, 2, 3, 1, 3, 2, 4, 3, 2, 3, 3, 2, 4, 2, 3, 3, 2, 2, 2, 3, 2, 3, 3, 1, 3, 2, 3, 3, 2, 3, 2, 2, 2, 2, 1, 2, 1, 3, 2, 3, 2, 3, 3, 2, 2, 2, 2, 3, 2, 3, 2, 4, 1, 3, 2, 2, 3, 2, 2, 3, 3, 4, 3, 3, 3, 3, 3, 2, 2, 1, 3, 2, 2, 4, 2, 2, 2, 5, 2, 2, 4, 4, 4, 2, 3, 4, 2, 4, 2, 3, 3, 3, 1, 3, 2, 3, 2, 2, 4, 1, 3, 2, 3, 4, 3, 3, 1, 3, 2, 2, 3, 2, 2, 2, 2, 2, 3, 2, 3, 2, 3, 4, 1, 2, 3, 3, 2, 3, 3, 2, 3, 4, 2, 3, 3, 4, 2, 2, 3, 2, 3, 2, 2, 3, 3, 4, 3, 3, 2, 3, 3, 2, 1, 3, 2, 2, 3, 4, 3, 2, 2, 2, 2, 1, 3, 4, 2, 2, 5, 2, 4, 3, 3, 3, 3, 1, 1, 5, 3, 3, 3, 2, 2, 1, 3, 2, 4, 3, 3, 2, 3, 2, 2, 2, 3, 1, 3, 4, 3, 2, 2, 3, 3, 2, 2, 4, 2, 2, 5, 2, 2, 3, 3, 1, 2, 3, 1, 3, 4, 3, 1, 2, 3, 3, 2, 4, 2, 3, 3, 5, 3, 4, 2, 3, 3, 4, 2, 3, 2, 5, 3, 2, 3, 1, 4, 2, 2, 2, 3, 2, 2, 2, 3, 3, 3, 3, 4, 2, 3, 2, 1, 3, 1, 4, 2, 4, 3, 1, 2, 2, 2, 1, 5, 2, 3, 3, 3, 2, 2, 4, 2, 4, 3, 1, 2, 3, 2, 4, 3, 3, 1, 3, 5, 4, 2, 2, 3, 3, 3, 2, 3, 3, 2, 2, 3, 1, 1, 3, 3, 4, 4, 4, 2, 2, 3, 2, 5, 3, 2, 2, 4, 1, 3, 3, 2, 3, 4, 2, 3, 3, 2, 3, 4, 2, 3, 1, 1, 1, 2, 2, 4, 2, 2, 3, 3, 2, 2, 3, 2, 2, 3, 4, 3, 3, 1, 1, 3, 2, 4, 3, 4, 3, 3, 4, 2, 2, 3, 3, 4, 4, 2, 3, 1, 3, 2, 3, 1, 3, 3, 3, 2, 3, 2, 3, 2, 2, 2, 2, 4, 3, 3, 3, 2, 2, 4, 1, 3, 2, 3, 4, 3, 3, 2, 1, 2, 1, 1, 2, 2, 2, 3, 2, 5, 2, 2, 2, 2, 2, 3, 3, 3, 2, 2, 4, 1, 3, 2, 3, 3, 3, 2, 2, 4, 3, 2, 3, 4, 1, 2, 2, 3, 4, 2, 4, 2, 4, 5, 4, 2, 1, 4, 1, 1, 1, 3, 2, 2, 2, 3, 4, 3, 3, 3, 2, 2, 3, 1, 1, 4, 1, 4, 2, 2, 2, 3, 2, 2, 3, 3, 3, 3, 2, 3, 2, 2, 5, 1, 3, 1, 3, 5, 4, 4, 1, 2, 1, 5, 2, 4, 2, 1, 2, 1, 2, 3, 3, 2, 2, 3, 3, 3, 3, 2, 3, 3, 2, 3, 2, 2, 3, 2, 3, 1, 3, 3, 2, 2, 1, 3, 3, 2, 3, 2, 3, 5, 3, 3, 3, 1, 3, 2, 2, 3, 3, 1, 3, 2, 2, 2, 3, 2, 2, 2, 2, 2, 4, 3, 1, 2, 2, 3, 4, 2, 2, 5, 5, 2, 2, 2, 2, 3, 2, 4, 3, 3, 3, 3, 5, 2, 1, 2, 1, 3, 2, 2, 2, 3, 3, 2, 3, 1, 3, 1, 2, 3, 4, 2, 2, 2, 2, 3, 2, 4, 2, 3, 2, 1, 3, 2, 2, 3, 1, 3, 2, 2, 2, 1, 2, 3, 5, 3, 4, 3, 3, 3, 4, 2, 3, 1, 3, 4, 3, 1, 4, 3, 3, 2, 1, 2, 2, 3, 4, 1, 2, 2, 1, 3, 2, 1, 2, 2, 2, 3, 4, 1, 3, 2, 4, 2, 3, 2, 2, 2, 3, 3, 4, 3, 4, 2, 1, 5, 2, 2, 2, 1, 2, 1, 3, 3, 3, 2, 4, 2, 3, 3, 3, 2, 2, 4, 3, 2, 2, 2, 2, 3, 3, 3, 4, 4, 3, 2, 3, 3, 2, 1, 1, 3, 3, 3, 3, 1, 3, 3, 3, 2, 2, 3, 4, 3, 2, 2, 4, 2, 2, 3, 3, 2, 2, 3, 2, 4, 1, 3, 2, 3, 2, 2, 1, 4, 2, 2, 3, 2, 3, 2, 3, 4, 4, 5, 4, 2, 2, 2, 5, 2, 4, 4, 5, 3, 2, 2, 3, 2, 2, 3, 2, 3, 2, 2, 3, 3, 4, 1, 5, 3, 3, 3, 2, 2, 3, 4, 1, 2, 1, 3, 4, 1, 4, 3, 1, 1, 2, 2, 2, 2, 5, 3, 2, 2, 3, 1, 4, 2, 4, 2, 3, 2, 3, 3, 2, 2, 2, 2, 2, 2, 3, 2, 3, 2, 2, 3, 2, 3, 3, 2, 2, 3, 4, 2, 2, 2, 2, 2, 2, 2, 3, 2, 2, 2, 4, 1, 3, 4, 2, 2, 3, 2, 2, 3, 2, 3, 3, 2, 2, 2, 2, 3, 3, 2, 2, 1, 3, 3, 3, 3, 2, 2, 3, 3, 3, 2, 3, 1, 3, 3, 2, 3, 3, 5, 3, 1, 3, 2, 3, 2, 1, 4, 2, 3, 3, 2, 2, 2, 3, 2, 3, 2, 1, 1, 3, 3, 3, 3, 2, 2, 4, 3, 3, 2, 2, 3, 3, 2, 3, 3, 2, 3, 2, 4, 4, 2, 2, 4, 2, 2, 2, 2, 4, 2, 2, 2, 4, 2, 4, 2, 3, 1, 3, 2, 2, 2, 3, 2, 4, 2, 3, 2, 3, 3, 2, 4, 3, 3, 3, 4, 2, 3, 5, 2, 2, 2, 2, 2, 2, 4, 4, 2, 3, 3, 4, 4, 1, 1, 1, 2, 2, 3, 2, 2, 2, 2, 3, 3, 1, 2, 2, 2, 3, 2, 3, 3, 2, 3, 2, 3, 2, 3, 1, 5, 4, 4, 3, 2, 3, 3, 3, 3, 3, 2, 4, 2, 3, 2, 3, 4, 2, 2, 2, 4, 1, 2, 3, 3, 2, 3, 3, 3, 2, 3, 1, 1, 2, 1, 4, 3, 2, 3, 4, 4, 1, 2, 4, 1, 1, 1, 3, 3, 3, 3, 4, 2, 4, 4, 3, 2, 1, 3, 2, 3, 1, 3, 2, 3, 2, 3, 2, 4, 4, 3, 3, 2, 3, 3, 3, 2, 1, 2, 2, 2, 3, 2, 2, 1, 1, 2, 2, 3, 4, 3, 3, 2, 2, 3, 3, 2, 2, 2, 3, 2, 1, 4, 3, 2, 1, 2, 3, 3, 2, 2, 3, 3, 3, 3, 3, 2, 2, 3, 2, 2, 2, 3, 1, 3, 3, 3, 2, 2, 3, 3, 3, 3, 3, 2, 2, 3, 3, 3, 2, 3, 1, 5, 2, 4, 2, 3, 3, 2, 2, 2, 2, 3, 3, 2, 2, 3, 2, 2, 1, 1, 4, 2, 3, 3, 3, 2, 3, 2, 3, 3, 2, 4, 5, 2, 3, 2, 3, 3, 2, 2, 2, 4, 2, 2, 3, 5, 2, 2, 2, 2, 2, 2, 1, 3, 2, 4, 1, 2, 3, 1, 2, 4, 4, 2, 3, 3, 1, 1, 1, 4, 2, 4, 2, 4, 3, 3, 4, 2, 3, 3, 3, 2, 2, 2, 3, 3, 3, 2, 4, 2, 3, 3, 3, 3, 3, 3, 3, 3, 3, 3, 4, 3, 1, 4, 3, 3, 2, 3, 2, 1, 1, 3, 3, 2, 3, 2, 4, 2, 2, 2, 2, 3, 2, 3, 3, 3, 2, 1, 1, 1, 4, 3, 2, 3, 3, 3, 2, 4, 3, 4, 2, 3, 3, 5, 2, 2, 2, 2, 3, 2, 4, 2, 1, 1, 2, 2, 2, 3, 2, 3, 3, 1, 3, 3, 3, 3, 1, 4, 3, 2, 1, 2, 1, 2, 3, 2, 1, 4, 2, 2, 3, 4, 4, 4, 2, 3, 4, 2, 4, 1, 2, 2, 2, 3, 3, 3, 2, 2, 4, 2, 2, 1, 4, 3, 3, 4, 2, 4, 3, 3, 1, 5, 4, 4, 3, 1, 4, 2, 2, 3, 4, 5, 1, 2, 4, 3, 2, 3, 2, 3, 2, 3, 3, 2, 2, 2, 4, 4, 3, 3, 3, 2, 1, 4, 3, 2, 2, 3, 3, 2, 2, 2, 1, 1, 3, 4, 3, 2, 3, 3, 2, 3, 3, 3, 2, 2, 3, 3, 1, 2, 2, 2, 3, 2, 4, 2, 2, 2, 2, 2, 4, 3, 3, 3, 2, 3, 5, 3, 4, 2, 4, 2, 2, 3, 2, 2, 2, 3, 2, 2, 2, 3, 2, 1, 3, 2, 2, 1, 3, 2, 3, 2, 3, 3, 3, 3, 2, 2, 2, 3, 2, 1, 2, 2, 4, 3, 2, 2, 2, 2, 3, 3, 2, 2, 3, 5, 3, 4, 2, 2, 2, 3, 3, 2, 4, 1, 2, 1, 2, 2, 3, 1, 2, 3, 3, 2, 3, 1, 2, 4, 3, 3, 3, 2, 2, 2, 3, 3, 3, 2, 2, 2, 3, 5, 1, 3, 2, 1, 4, 2, 3, 2, 3, 3, 2, 3, 3, 1, 3, 2, 3, 3, 3, 3, 3, 3, 3, 3, 3, 2, 4, 3, 2, 1, 2, 4, 4, 1, 2, 3, 4, 2, 3, 3, 2]","[2.3229815894748786, 2.074763594903296, 1.9912375197742471, 2.3453709058044243, 2.2611547716804075, 3.1644392921031366, 2.882061552687671, 2.079736391345736, 2.5257224654915147, 2.019056145937515, 2.4445023693916976, 2.251808719754317, 2.9907661965444268, 2.253398948605099, 2.2903209923550043, 2.1880929468306496, 2.8769701553732006, 2.539375281883956, 2.0421936053423897, 2.3121699480286035, 2.035929543999366, 2.2759626576268728, 2.9032211384768325, 4.2754997699795, 2.6542056958869837, 2.54655581433392, 2.638559642668694, 2.260696569846317, 2.4687721584776003, 3.120093104189465, 2.1803465120237986, 2.299922205146986, 2.39688393557964, 2.1703980217358536, 2.2696469244354267, 2.481964963876691, 2.4718465104478167, 3.3241776150433546, 2.3171788155243056, 2.4193604934078063, 2.395526292455328, 2.510542773255332, 2.1836961045639027, 2.923193865362387, 2.0270496155798337, 2.3796349871190587, 2.241207304707958, 2.381674940678509, 2.063271191791628, 2.7659714998617613, 2.404411833962531, 2.035935802845004, 2.1912766097728547, 2.0579478722574662, 2.818188905262189, 2.347299080040103, 2.0730450919965007, 2.2879544742539224, 2.279225505973812, 2.7640085988731014, 2.2076691623881795, 2.275221527252544, 2.445618083623948, 4.107078079817968, 2.1872547112941887, 2.1324083932316666, 2.1483334831245733, 2.0786065261252276, 2.688679432193642, 2.3418089867476666, 2.264471961662592, 4.235904765057945, 2.610155680054071, 2.6713678952107704, 2.2170672263665145, 2.2923744365581875, 2.291255739691732, 1.9877227281692527, 2.22273828334865, 2.185765195881182, 2.3175109062401047, 3.596385932522665, 2.2537902841270894, 2.3472495095821237, 2.7523331065247056, 2.0545584046799763, 3.5771530467045904, 2.510288339920778, 2.8306190849813095, 2.3999417503651066, 2.626629058183498, 3.3266596560960173, 2.8566551159061415, 2.4017025371863463, 2.3351959945034384, 2.003801702614111, 2.482919117935284, 2.0822983454936903, 2.5833015901312666, 2.0959374132805415, 2.491689589950452, 2.408423183521087, 3.1563464004090873, 2.1849229791420806, 2.4050538154195342, 1.983363442182159, 2.4527804437798433, 2.5259363075902854, 2.385586549295647, 1.991571324874958, 2.273778269971045, 2.323969139868507, 2.0677294567892326, 3.3353377164919356, 2.4095877342024257, 2.8227001467885633, 2.1674868783346453, 1.9833753253309296, 2.341912616978526, 2.939487081809102, 3.558632381521443, 2.1813010529663037, 2.1838358854498257, 2.286790678014372, 2.454405504694029, 2.6989441459746315, 2.1490652677571305, 2.0199171869918593, 2.022224614750522, 2.106512326348357, 2.544148024992098, 2.6840583944308083, 2.4308945958330384, 4.399543060211358, 3.6456552086632263, 2.186610279463471, 2.16743458686624, 2.2484754090568555, 2.092719773260577, 2.122947461632735, 2.1156491276508893, 2.226506108422922, 2.0456312045178446, 2.005642253010853, 2.982499780262604, 2.142743290828609, 2.1883515920498247, 3.142172187503413, 2.3116337735855867, 2.157310371711496, 2.0994100294688725, 2.2829129161409876, 2.125126133276737, 2.054890123498808, 2.324951312400042, 3.8980549814271424, 2.241649435972903, 2.8751254356185223, 2.2702723466669497, 2.2129776135756813, 2.5687633853824288, 2.4007065682708935, 3.646806400168022, 2.422531733507345, 2.2115886533569236, 3.8090822464202763, 2.203261205501256, 2.1905844905680847, 4.236999880900617, 2.2500963643899428, 2.158951164970918, 2.086399975668673, 2.5716150857050115, 2.078137112702353, 2.4429809499340265, 2.267678038695256, 2.3143024458348513, 2.154435407842866, 2.2483991512147625, 2.19299302639777, 2.1712345993152065, 2.8812306323865724, 2.750009464688368, 2.476284243427325, 2.882907468823112, 4.003323908255068, 2.109583263086412, 2.637869609745804, 4.026493053278312, 2.3595009110154894, 2.237798702457266, 2.18666646824115, 2.6021585792326074, 2.3840345929229168, 2.5838351171442047, 2.424050215433676, 2.1030812922148248, 3.0214844290822547, 2.5436712421438865, 2.3216716432121145, 2.08577617738672, 2.507239623143874, 2.636382460738883, 2.1750651059005994, 2.4411085688869263, 2.3156110316316036, 2.938943249844421, 2.114317887038736, 2.5836894489935966, 2.261484554397837, 4.090842394500309, 3.932155064458444, 2.041616748402724, 2.5398855081374854, 2.565216323151512, 2.2874403785013566, 2.7523905788731025, 2.068038465264915, 2.8731248858630796, 2.7188473052455326, 2.479655253912969, 2.3050193910294845, 1.994008695472011, 2.266999490365664, 2.0976636969608315, 2.0958503322754174, 2.789861803923144, 3.3348016808922316, 2.401696105609991, 2.6699289232741057, 2.5971614045463163, 2.488186031388545, 2.389609350538286, 2.158379600336081, 2.6101751980419063, 2.085470537091382, 2.131692654964228, 2.216066353898195, 2.195091985050035, 2.4480527194314297, 2.0042492100772513, 2.4859196456005925, 3.1865302612326936, 2.3395369489288775, 2.5396922486590405, 2.555675082762966, 2.6605041954117796, 2.9737584324303556, 2.430797137152393, 2.080493118306108, 2.330704199197207, 2.0793765077215323, 3.0946201027486073, 2.6026456737110677, 2.125239835639167, 2.3338988901164974, 4.018764660850692, 2.575962970536075, 2.072128620889561, 2.3250002238512693, 2.0583184779885957, 2.5105552909466087, 2.2713290255726326, 2.5200255975652133, 2.00167473823802, 2.2443595161342977, 2.82490628634074, 2.0922399284283055, 2.200164834585724, 2.0984734999265524, 3.0348739583079687, 2.1682236447840975, 2.1060537941139548, 3.744943277468204, 3.5136477482481743, 2.2185476024415247, 2.3687310040085343, 2.0455623572158235, 4.520545226350419, 2.9255560830673533, 2.3797801442031767, 2.144152311276619, 2.3227923625094347, 2.604236030906102, 2.0110343921110614, 2.5135216106002303, 2.0748282696415585, 2.3545546793168652, 2.043213797181437, 2.1043071938405467, 2.57970432480286, 2.4822621287105058, 2.399386380165978, 2.5981618782197127, 2.3785185939676783, 2.9412671176456815, 2.0728243499118992, 2.350630070949803, 2.927225314974682, 2.0887785972230652, 2.6403767253906905, 2.1477565756568553, 2.6157650585256076, 2.216677184709797, 4.209323172433204, 2.149130892581595, 3.8395875269299875, 2.2235295775428234, 2.3288650058871085, 3.8585786751494133, 2.5282783485672047, 2.3609075006945033, 2.0960244437576128, 2.6276205390287437, 2.197714282290947, 2.333772179168982, 2.024128940327378, 2.2942099148330217, 3.0385113907647754, 2.3070436871618196, 2.3142910892513258, 2.1090993190846885, 2.6392622165867494, 1.9980060115530214, 3.108822757340436, 2.002336089593803, 2.4702902789875587, 2.3274430854075066, 2.5568965484629893, 2.930858177429045, 2.785524118667495, 2.9778056164047295, 2.352834177227381, 2.333143708016143, 2.06441414386125, 2.367678010360546, 2.449797453857826, 2.5842786649249145, 2.4936608578656068, 2.090902768532197, 2.391845641440918, 1.9974170867011538, 3.3486806895211148, 2.0957793056367784, 2.8247497123313394, 2.2872570978477977, 2.423676560837297, 2.6958218688659374, 2.345374985313445, 2.0738796047482775, 2.1671174688147414, 2.1078384888830546, 2.1280948618631306, 2.109553082187644, 2.554180724824205, 2.3430263733390553, 1.9938307681503935, 2.4630385341114636, 2.4866608034404853, 2.346557015786458, 2.517982496964107, 2.123277094169687, 2.1997454244891976, 2.2386483638098835, 2.2646590173010566, 2.333323910231034, 2.643666542602188, 2.06740482893543, 2.0307971469931485, 2.7768611383914026, 3.9115650822077574, 2.653612402110543, 2.087521352178873, 3.3573620364909953, 2.2738998676819175, 2.6876947071465453, 2.905430145101454, 2.5852140074173797, 2.5982649198368084, 3.3975031339303072, 2.3578395694569085, 2.381347620943742, 2.5326229160061944, 2.4177745779538498, 2.6131120511353787, 3.3086543694270256, 2.553617929023883, 2.2494505867539485, 2.3641777310859204, 2.109550402543899, 2.6253727275540713, 3.023016786668097, 2.4001176219647222, 2.3146893580687498, 2.2331281106910605, 2.935178599370095, 2.1817850703623343, 2.250685665626578, 2.7633654922313764, 3.391255863547194, 3.6269240420841804, 2.2594486428820986, 2.1031465603149524, 2.7695924379867125, 2.192181985920049, 2.97561339043944, 2.45758815998069, 2.37397892849138, 2.9005321731405416, 2.986393007832645, 2.1349677182639297, 2.368321642981089, 2.2838661096143182, 2.3946845446996337, 2.3947438601504074, 2.521804001013222, 2.437575674794426, 2.4199364343347147, 2.9698047291398098, 2.401552363181859, 2.26784243572607, 3.54465294672352, 2.5223616367025, 2.384356805506479, 2.3229823285395312, 3.0257022729545877, 2.0972104950060757, 2.2588316069587346, 1.997554781305197, 2.3203310881077317, 3.2947736033066755, 3.9884029874103906, 2.3163948935051937, 2.917911063465197, 1.9836528420015365, 2.608617114169108, 2.134536310899783, 2.1814984864761704, 2.390670988142662, 2.285412551205758, 3.968441442387891, 2.053483969512064, 2.5708557802311773, 2.416134748485597, 2.0493619505013894, 2.503072839704014, 2.67063801894364, 1.9913705920354567, 2.4840542480507697, 2.578543431465824, 2.1905406951032242, 2.377570629447831, 2.3451764153559536, 2.493746781850393, 2.051994511038756, 2.3780829065535567, 2.525771630361003, 2.33279406623409, 2.5702158937612416, 2.096323375428238, 2.1505208991471156, 2.530603442665005, 2.4320837797101436, 2.4820424560249617, 2.31270739028328, 2.524289903992917, 2.223079890743066, 2.3231262819892127, 2.6423468995811406, 2.612633743609586, 2.232459444099915, 2.2502798838010265, 2.2314751820806777, 2.3833361638883575, 2.896722781510227, 3.817457279927, 2.684465762613033, 2.008728457272413, 2.054526067310845, 2.3350223117938422, 2.1532393230240774, 2.2190904700104985, 2.449237105029161, 3.3392160064826846, 1.977741362296138, 2.579954911830841, 2.6180815455643667, 2.2048640468919243, 2.1773688614026305, 2.472364692899486, 2.3537160365280148, 2.1428436433803717, 2.3449161500885816, 2.420666250652204, 2.4981261504768946, 4.314523222755384, 2.2895064264092646, 2.236125178989337, 2.4489160422904472, 3.0051206912476576, 2.3160741994576246, 3.1794423083190413, 2.113591414371439, 2.4452097200049336, 4.078285607983738, 2.2987313911787224, 2.2540977782284544, 2.0103636524868205, 2.4373599193305333, 2.2330977697548944, 2.4708791501055507, 2.4991552318752634, 3.019405902174289, 2.3455340215232, 2.5569423947427987, 3.0660634226265495, 2.5037650157083142, 2.230799557152051, 2.3917428234727836, 2.3238669120564146, 3.0491761219765405, 2.388113156030414, 2.4511420565076723, 3.9979295980673317, 2.482744538611574, 2.352285293731969, 4.398220966360412, 2.184633387961585, 2.258690160040159, 1.9853193314441357, 2.549190932368079, 2.6559634029011745, 2.594161388143378, 2.636595354545324, 2.320830657769248, 2.308911187970135, 2.687450826394023, 2.951884601737726, 2.299890767336004, 2.032111054798122, 2.4777892994425286, 2.2611386242591847, 2.9860529174695447, 3.2369440953049864, 2.9370022427950064, 2.842252563725763, 2.315887736029292, 3.3784825530938494, 2.211690377656066, 2.390985516399331, 2.249359341120526, 3.3643526549316, 2.447547216706813, 2.7417938694208046, 2.248666144767278, 2.418509504628367, 2.257509054241605, 3.4870209300595434, 2.24774460153843, 2.4002480145821874, 2.310387119432724, 4.411587774361996, 2.9630407676049835, 2.068514730895293, 3.2908682527463116, 2.208720015772691, 3.4499393999105825, 2.2257519175235037, 2.1809377801635508, 3.6475725677372415, 2.4006788317902923, 2.298794426208357, 2.3605905284757664, 2.4879598948572674, 3.871379651512954, 2.4704072817096523, 2.636173592911823, 2.890715999454378, 2.6649406218884093, 2.9102487775757813, 2.251940114397988, 4.165352869684756, 2.0924215083461237, 2.554346939675981, 2.1475808781999075, 2.1377141937832667, 2.557814511096458, 2.2289351338924575, 3.6092734876418913, 2.4465755644220257, 3.644870231672898, 2.0684159629063315, 2.5534191009086533, 3.0761216246425005, 2.3200966275213184, 2.110733920937231, 2.024024956633718, 3.2359056213798865, 3.907256122383944, 4.035952624448479, 2.255529498324672, 2.2787102389220943, 2.151217767822902, 2.543300149940841, 2.9247478680104253, 2.2024017078949782, 2.2604307813401885, 2.5783170803809647, 2.2194551350590817, 2.2847042033618608, 3.176876296182276, 3.5378761722378265, 2.1746039445505048, 2.1138304130253975, 3.552214557410281, 2.272551207619493, 2.5525389814785817, 2.5196225076763388, 2.7753913535052717, 2.515953257817959, 1.9801656218400494, 2.4621862454370262, 2.6840874328522264, 2.2186368445347857, 2.521260546103837, 2.1881537060111587, 4.297858807355843, 2.599736444131434, 3.00220077888196, 3.7058884199765934, 2.4178276190602292, 2.293925691397481, 2.1651363973815982, 2.5398181670042628, 3.3206919010506666, 2.367449336030154, 2.195486133243703, 3.521393859448281, 3.492189876090256, 2.1790775294677167, 2.2696803625807465, 2.84722886597579, 2.717741973250866, 2.1971646938043277, 3.1961596601441826, 1.9926718385663635, 2.513245629824151, 2.1050732416306173, 2.555371208848255, 2.479133663726965, 3.1146040435573727, 2.0758557634671835, 3.125116368699166, 2.1455107437416885, 1.979184026215772, 2.3548682542815085, 2.150001915266262, 2.208011292955977, 2.687613342153247, 2.8288818876370945, 2.0304837549321575, 2.2796316364481557, 2.299580954476907, 2.2392580566319356, 2.1140359085846994, 2.5606319121900585, 2.6583052543108483, 2.086524632613881, 2.9779372974315885, 2.170007301216072, 2.692196860663748, 4.265137657663387, 1.9964740872916462, 2.2051488913511283, 2.7564450313384117, 2.476121700832181, 2.8486983489038757, 2.8678295310679838, 3.572076988470489, 2.1104083875697315, 2.7124690785122194, 3.5000799316779565, 2.0039049735671433, 2.2726269285833216, 2.1624186328933095, 2.337384025408056, 2.2010617981666414, 2.8188723702073917, 2.1074776814966736, 2.5505359739262126, 2.146260762077348, 2.555155605802315, 2.330202928604069, 2.5256360725668916, 3.3739692900304266, 3.3777301092306424, 2.6678422276128804, 2.0363051421764244, 3.9193057813423517, 2.3799338486012003, 2.29617165044083, 2.2742445539711005, 2.6091536321619384, 2.141652708239474, 2.1228270506455926, 2.1208789131492685, 3.793910464649371, 2.37092245073174, 2.4379894197891008, 2.563543578764648, 2.375126530117806, 2.367934523117505, 2.585138348892615, 2.3925694881983466, 2.2132206654146365, 2.358442173107804, 2.145445475641561, 2.8587412816683564, 3.2651893305529427, 2.144918762861309, 2.3681162208160944, 2.0855201075493612, 2.6188582391772477, 2.4703473728970136, 1.9711560135436799, 2.234005299166628, 2.356196622476848, 2.291825860978755, 2.9923870260062873, 2.0799502352383787, 3.806891465842064, 2.6872357479993223, 2.1693836909033735, 2.5423858435756896, 3.167248609733884, 2.1000192237776694, 3.201065827582849, 2.3890014623319815, 3.189204010073201, 2.3622792342360595, 2.086366595158602, 2.610741302715155, 2.026553199871289, 2.3008015729591706, 1.9981301453248483, 2.4980151769484884, 2.3150133283277516, 2.20059180783651, 3.972907128750836, 2.08357202058109, 3.17728586681932, 2.4925146168912335, 2.954142954531527, 2.139586746345014, 2.6401920848450504, 2.234004213247056, 2.802803737323016, 2.2995945153091233, 2.4768811579643506, 4.068688787938436, 2.045051811517225, 2.810156863348826, 2.3873469477468463, 3.6150271132517617, 3.8939468965760677, 2.7986118573992282, 2.4314635864321037, 2.207425474660674, 2.438529373378698, 2.053502746048979, 2.17945404961308, 2.33744986125407, 3.3933762195538204, 2.083339400151532, 2.2448309730604192, 2.4901661790595115, 2.6754597515711565, 2.5629157796196234, 2.1866236110256576, 2.3939130196552623, 2.579016644199251, 2.1488367268365938, 2.640041616456007, 3.007376540278542, 2.665301853167474, 2.175089005087475, 2.5237092695789234, 1.9899972251969191, 2.2554711464789428, 2.26607839691589, 2.348850704600571, 2.1456009966963174, 2.6977344907061567, 2.271141752509243, 2.2508744741366673, 2.333114818232923, 2.652188818674137, 2.152220229471797, 2.165821740978995, 2.216715238090754, 2.145176938640978, 2.0727346857755387, 2.450744789530413, 4.444474479517555, 2.2542560786452865, 2.306403816712729, 2.2540269731846867, 2.077499753588184, 4.1446293030292525, 2.4735890051585914, 3.7331260860092366, 2.5839833545267696, 2.0914669641977954, 2.1097293730064566, 4.326720270512519, 2.4474854206670367, 4.120570171473474, 2.2220795185818734, 2.6789584017763826, 2.152568185560766, 2.1951863020149287, 2.2936376377095042, 2.3236669794386526, 2.8844601752157386, 2.326898160248481, 2.652391789835774, 2.6667692998957437, 2.494831977034143, 2.324192674693944, 3.050288428381375, 2.068857330902596, 2.5604688522407835, 2.7512176981626153, 2.9707028788332788, 2.6247904669404525, 2.0695781412919434, 2.239513626162167, 2.8743364519765624, 2.2209446026937605, 3.423482211371808, 2.200164170579277, 2.378286150672266, 2.1577341546983906, 2.3413359435948458, 2.331366763600745, 2.0766193426350594, 2.126324252437402, 3.082949605484356, 2.323232682365064, 2.2784967805755905, 1.9970640552844534, 2.772719553059099, 3.607694123143052, 2.597790905721285, 2.29829893426199, 2.366626538954043, 2.0486941967171775, 2.7759190494952874, 2.1952050785518438, 2.3676095115114357, 2.149388548393706, 2.624893899790662, 2.3499024280133836, 2.476671393580729, 2.572979053123968, 2.2761378547766937, 2.871230293615729, 2.313806411054671, 2.3059196721885162, 2.00513215709133, 2.6133077233302204, 2.619316678170872, 2.1345437596749743, 2.2847937189157355, 2.1312217321667313, 2.0218709899719567, 2.2732901369509544, 2.6939303798041387, 2.367065701289665, 2.7838873493336336, 2.3528287701615636, 2.525035171445609, 3.2973707138820645, 3.4369484877357865, 2.3798895578289083, 2.7072642485904406, 3.1467040383003475, 2.819354918713891, 2.3697146968699343, 2.226399835175253, 3.148272988393223, 2.0786555537493947, 2.8018482448823585, 2.4440000757658793, 3.048575548524395, 3.1294839998137776, 2.17895080590106, 2.057527257188729, 2.163287501857338, 2.2989602856177727, 2.1257332445094783, 2.087021094306882, 2.5374517299911106, 2.2190846609439348, 2.4984894898368157, 2.770975685269494, 2.631455730740708, 2.351106594998137, 2.228122527100415, 2.510098713378103, 2.4047465811480766, 2.008990879010148, 2.2025449486040323, 3.594936626005126, 4.145489062185132, 2.0782195208365914, 2.0875046619238375, 2.017105209418684, 2.091864991051871, 2.049174304511002, 3.0248476850340564, 2.2093115665344274, 2.4008082245573457, 2.316312514378798, 2.0924449774143556, 2.630288443773475, 2.264911189643102, 2.1568210711720077, 2.563477224344562, 2.5218212846301222, 2.7098537542138117, 2.552489148059049, 2.045984309328852, 2.1491408526917075, 2.3238440900839232, 2.1454606027880985, 3.1661349017256133, 2.709262811278795, 2.752066319906325, 3.911793046807464, 2.247209838927498, 2.541687925347317, 2.600055550158431, 4.240936838389914, 2.2170401977568197, 2.2031184387753044, 1.9734290176513318, 2.723777400348203, 3.63298283567854, 2.234800715396508, 2.08618613177603, 2.5167067861228807, 2.4863297071314454, 3.8746933259958203, 2.1543822076549404, 2.4224174391950015, 2.378335992363224, 2.2416788549407647, 2.34897903584823, 2.864979945145177, 2.194560417451096, 2.6974037752595748, 2.0578976424108135, 2.334843396411205, 2.334557635222843, 2.3038245954024816, 4.188067632338323, 2.225060315080469, 2.0651995588003764, 2.366481333135744, 2.772474178874667, 4.091596338510861, 2.556010300977738, 2.281483052534614, 2.5943599777613007, 3.7994439973161995, 2.5751947059342384, 2.373442698902537, 3.6484137736149753, 2.270925822334721, 2.512974761632735, 2.6339285544805406, 2.4453343460825203, 3.7305783148029033, 2.298540942960005, 4.378201891484595, 2.163249358627466, 2.2463386453244514, 4.131281499627168, 2.0347873046703713, 2.5452528460506034, 2.6499839328593118, 2.1615818502479547, 2.0427072804638073, 2.1058415867241167, 2.0537782788398555, 2.1195392814251415, 4.270821668597031, 2.0052151585874327, 3.0847244739619395, 2.376924876090042, 3.1624073949261806, 2.1575737186233592, 2.211375922793704, 2.2214793590230206, 4.016474003153018, 2.1135258126651757, 2.747054840984074, 2.3920868321063478, 2.180480554031641, 2.1020350218522847, 2.2442813736185565, 2.349387475797316, 2.548531603079705, 2.335560165266349, 2.6396520116149027, 3.7230242645022127, 2.2742911207224923, 2.198863373827445, 2.282979493549431, 2.547779804584273, 2.030892072818663, 2.1664752703806416, 2.144203094782353, 2.458625547629317, 2.4297913795657275, 3.813034059407835, 2.4841892156146614, 2.1238247431630404, 2.625635584009759, 3.716735292229355, 2.9813865109047044, 2.7471174358995456, 2.123126505489599, 2.377783524666223, 3.4745129970244717, 1.9956061940297984, 2.6128613625433528, 2.1645897915291843, 3.653616988087867, 2.5683267819740148, 2.2609620157149135, 2.404639781521203, 3.0883786773613258, 3.17621415372911, 2.9880844789239216, 2.5070884705760568, 2.0260027518554287, 2.970836912290929, 2.3619136819222595, 2.465910354852391, 2.353868331899391, 2.2825803469542856, 2.810150722981895, 2.202727710701984, 2.429295460772446, 3.9456574637411572, 2.017060617319829, 2.2430853407397713, 2.8023775542945786, 2.724572512064162, 2.494677592175064, 2.159195282817067, 2.536849112691044, 3.676643056082912, 3.181192282383668, 4.226052512727732, 4.438240647741573, 2.5066366386949417, 2.7277965280149856, 2.116018298413268, 4.236650994582112, 2.2714603648185294, 2.14019117793401, 2.8220158036378455, 3.082244641338108, 2.586682774390659, 2.2217540586086804, 2.222805382518524, 2.1160189227169317, 2.1598870766212204, 2.0771947066547107, 3.0362717730484805, 2.461485848087399, 2.3268034841357346, 2.704809032641861, 2.716796309556285, 2.3161227928014725, 2.8570853161595315, 3.0681149901574516, 2.4259688678610685, 3.7961605879516775, 2.35597128757926, 2.258841345287935, 2.771184962347051, 2.355221882265897, 2.080316708108533, 2.9074328909307603, 2.6864608952412325, 2.342568936185596, 2.009072244003446, 2.1389295675529896, 3.2789983222898345, 2.322541015875134, 3.358144392195786, 2.6184922359424805, 2.695663865157894, 3.4005257575602306, 2.1862165473016413, 2.45979679663219, 1.9876017238202452, 2.187420047530223, 2.4067012438434556, 4.1414655530056805, 3.4615054205331903, 1.9670971521472258, 2.124775044559126, 2.2377489161080155, 2.1260779275928376, 2.4486952071511077, 2.284116483100282, 3.4548093461712224, 2.316760321822457, 2.1601601653200544, 2.248875816096162, 2.6746366110790767, 2.3877508023720644, 1.9981285088220435, 2.0447059385043125, 2.1383832969047023, 2.095925438423077, 2.291976007247267, 2.2878422539305254, 3.1696396089621706, 2.2547258940689074, 2.225193930175491, 2.443201993271014, 2.0084004612382658, 2.529669592822142, 2.0943737450118998, 2.573494572377876, 2.3190688871887484, 2.1495216206549155, 2.15203469717314, 2.273327166851403, 2.3460932381216284, 2.668906645153179, 2.2277401441546116, 2.23154111098143, 2.175123428738486, 2.599460420194801, 2.307489082541061, 2.6486932774156156, 2.746584366749582, 2.2840523086691467, 2.207883031192896, 2.100223628873802, 3.1465830640551187, 2.2700965790215184, 2.146243625249061, 2.368241387155539, 2.4467927076443026, 2.093773676010007, 2.230115660490213, 2.137693895318495, 2.1505725133602893, 2.339095197180346, 3.3732024918200745, 2.334844477526963, 2.3435359278367174, 2.626688486396882, 2.2825699548657505, 2.5399074534180817, 2.8768784657116613, 3.369546465500748, 1.981452857759665, 2.0828658141648986, 2.275530746749776, 2.6673534588219874, 2.442371232451848, 2.4004764624479864, 2.2108365455335615, 2.3946504414059735, 2.028664966912359, 2.371997671652666, 3.665584272333418, 2.1386829520108965, 2.256166455252054, 2.1211945350749293, 2.2719310141554128, 2.075623736399491, 2.585037878755962, 2.7642662546852126, 1.9605170190994663, 2.398922829543543, 2.066079969753501, 3.5430389018011477, 2.1200718524622366, 2.5337777876014136, 2.384500432143593, 1.9719759223223006, 2.4899855442281993, 2.235371836663917, 2.3370305185963023, 2.5169634202483553, 2.015926723118352, 2.477776014246719, 3.2953843261136093, 2.393783220399662, 3.174813173543467, 2.403504699184045, 2.473291392265313, 2.449192331056683, 2.6276317902830635, 2.606106011822216, 2.644557699866266, 2.147907288259302, 2.9767067160236653, 2.2033160421919864, 2.441441344095482, 2.361222723825241, 2.1876725058861153, 2.0948379427300754, 2.5969556678616863, 2.4304483032115254, 2.2956932985285725, 2.9286316826769028, 2.181238862348992, 2.113349521846363, 1.9968700310696654, 2.6722671561610234, 2.1477497739774045, 2.4955506966538104, 2.0969205308326755, 2.317830717184132, 2.191926508032604, 3.9959059952939606, 2.398496406801728, 2.1244055387127543, 2.0300711208991027, 2.590950026629483, 2.584449545472087, 2.094704870468866, 2.248613071707535, 2.071204398016968, 2.1961475776542243, 2.2052959236955765, 2.1511979892597815, 2.260162416040293, 2.5365704349785925, 2.40535374290887, 4.285445511959031, 2.1469225632122058, 2.4328714873349244, 4.236277463016307, 4.412440983844735, 2.0874253832124188, 2.0789768411588287, 2.3977423015338366, 2.3443166207146784, 2.4452096694768812, 3.5601817073665303, 3.2390950145506965, 3.268881866805159, 2.3208372315164425, 2.5420817862353204, 2.7750504663406015, 2.3945576167091143, 3.6736902566836895, 2.577706567862783, 4.225970208911136, 2.2303379492287045, 3.8327057302274685, 3.8010924848646583, 2.5611822595317353, 2.7318382493773297, 2.071327819048167, 2.2717113074623305, 2.1349059131927564, 2.3188385626506687, 2.0353652047509767, 2.109212517934168, 2.9546515686907853, 2.9093291535458996, 2.5191894203787752, 2.075308707835695, 2.0775748597358437, 4.078054399386264, 3.3588151095091536, 2.544343762179847, 2.4567677172034186, 3.9214080867206573, 2.3587747240460253, 2.612165000334747, 3.0467926545253814, 1.9917403137071927, 3.503597983039776, 2.5638542182437707, 1.9990481093518027, 3.2388623430627255, 2.3956335937271023, 1.9676781816506503, 2.0663767417479395, 2.269053958049356, 2.3124570396635704, 2.5808557234564913, 2.3632412822311446, 2.866978726781833, 2.1309271330972632, 2.8404891048700307, 2.329038431656606, 2.339478111375075, 1.9938824754183049, 2.338963378070061, 2.0949979930729277, 2.2222100042540767, 4.1977870767808305, 2.219213429025403, 2.80491956176647, 2.6229351963976146, 2.324119352163827, 2.07624276875582, 2.168382132018451, 2.2458366037049426, 2.1489566880446613, 2.149463654541366, 2.053622850839837, 2.7801749999517393, 2.5468583133511404, 2.546859463195989, 2.3043998695732184, 2.3468565958905137, 2.9991144015077627, 2.2980299374393707, 2.7156098988439554, 2.102289098462502, 3.258529810770631, 2.2039386797481093, 4.3538779950990785, 2.475072301046822, 2.482743891711714, 1.9790212962291756, 2.4931855491585693, 2.2487042747483654, 2.555278848287418, 2.469774241947855, 2.3536458069795536, 3.837445008932172, 2.891422582395505, 2.089241421399989, 2.045409088891991, 3.120533474973533, 3.0794417735730812, 2.2664706839360336, 2.230166040201328, 3.0335765680273137, 4.291800050927404, 2.3605875884243126, 2.4485611667412566, 2.490122288746041, 2.1499508013602155, 2.1281534048839372, 2.1046966172233255, 2.5793502888064648, 2.1245452628548587, 3.4802354809210545, 2.4440085139481353, 3.5793581935779732, 2.5492147472796667, 2.464518820597861, 4.159478849998449, 3.838013262148948, 2.310499060913891, 2.1491319357225347, 2.3085275245378183, 2.2461298029091346, 2.307694653288542, 2.5180772486469536, 2.198772100598131, 2.1775690939350043, 2.662163830353334, 2.8285793799703987, 2.2008303107269382, 2.1700053295091406, 3.255559995278122, 3.9304625725060554, 2.5202357339018695, 3.9287131615408817, 2.2473555099679143, 2.8545873623000446, 2.25206156852607, 2.722881936043234, 2.340414542992936, 2.2680186258149866, 2.0562755582495473, 2.12176871237085, 2.127043876103019, 2.841488918531079, 2.102814881198905, 2.2186195791663654, 2.5434372727032293, 2.1128655076561556, 2.2069007747679947, 2.080266759928012, 2.787887295923822, 3.75308477733805, 2.5857862372747342, 2.471436190573185, 2.25131769286311, 2.2607381778990154, 2.5172862360631996, 2.3360035001657304, 2.52581912253847, 2.3133621004531095, 2.081315706728473, 3.140393009561423, 2.5012770342805313, 2.240126809609065, 3.499218485351135, 2.46472370703624, 2.2823794963340136, 2.030822325958492, 1.9665348991807163, 2.0997052383548134, 2.0911977112507616, 2.3283174941390765, 1.94355901204655, 2.539786040656681, 2.6061000136696104, 3.0046582873199603, 2.4833643326385917, 2.4967290006244203, 2.5917343769549013, 2.4553153296153196, 2.270529359926917, 2.102613515294755, 2.3413437884152364, 3.1513240589943186, 3.3654688157371013, 2.280147312164213, 2.323433506847352, 2.365145278819639, 2.4874131586708477, 2.2273432843638354, 2.058213120753684, 2.391675482339561, 2.1187031353763834, 2.6617795225007397, 2.6592081678471073, 2.585096886216579, 2.3049557594321617, 2.2770929056437956, 2.11381424273792, 2.5953693819042476, 2.540810861231743, 2.0706124873250715, 3.5009356254116195, 2.520446896170855, 4.042502188245894, 2.1557193247724165, 3.3702237140903377, 2.590096395485567, 4.017175877923904, 3.7802983284600375, 2.758092946603944, 2.0308699281014038, 2.0995544326976283, 2.5178849420229, 2.7251765201137363, 2.3910127040905715, 2.772255240328341, 2.0204836125221277, 2.3993290074142934, 2.2567771589354737, 2.049731341772813, 2.0675815695333175, 2.4379536577003122, 2.1664450389538206, 2.2640802423883355, 3.3133415749474193, 2.2682262901375836, 3.579630175654194, 2.2950124974680564, 3.450758543692557, 2.567072903698216, 3.1204313602585305, 3.480240233067533, 2.3623409336333534, 2.635132156795257, 3.1373306677193673, 2.0431344482815343, 2.4404311783933554, 2.488150159008103, 2.987532107394755, 2.4657001864222035, 2.4562158573370088, 2.1026337847516845, 2.396195346386485, 3.1488484211151446, 2.4313233772873164, 2.427351099794682, 2.21773008260912, 4.32392247345745, 2.6008369333483996, 2.6775835420178304, 2.1498293472321333, 2.5681681515387917, 2.4853764047227, 2.4174197509527984, 2.2219121662524435, 2.54686143817465, 2.2908149945871807, 3.7266882699083537, 2.4367346921754613, 2.0752930607215996, 2.6064110810915833, 2.4664772774839636, 2.9566379059004966, 3.1066396041207596, 2.943604708944578, 2.1605568770402406, 2.8910856602391695, 2.5170555506391077, 2.5789699385201748, 2.335520975689714, 2.100822892080329, 2.950553020281913, 2.287219737547037, 2.550632871458659, 2.1897610025875704, 4.160376769676829, 2.2062848198944813, 2.36514006311494, 3.221926016861189, 2.181265727007419, 2.3862368854234606, 2.098060654871948, 2.602930652110487, 2.20169500117166, 2.92705585458286, 2.322743449264335, 2.1508139743547705, 2.6265665843020627, 2.812657191493793, 2.0721459045064616, 2.3368008455758567, 2.4175718908303727, 2.0512401733507244, 2.328923702607845, 3.4349854182895103, 4.257645776907626, 2.431721879992544, 2.2907237016974356, 2.1883647031029665, 2.522054323323025, 3.8306256561352523, 2.2722553772537903, 3.032275997013479, 2.5072071266931966, 2.3292215655215514, 4.102733173133309, 2.87768192434901, 2.2911648933752384, 2.564306375459595, 3.2177911147296294, 2.7974830040331873, 2.0494824808672947, 1.9950960981102748, 2.4250889736696792, 2.1985581833111816, 2.6923127349952964, 2.560861076002308, 2.2829780986095884, 2.3142373066567785, 2.0352467364629234, 1.9833728304506164, 2.0246933529700737, 2.418818203701942, 2.740197444446087, 2.418016015070512, 2.7319519012117066, 2.755490645163467, 2.411993369063638, 2.2170006244279183, 2.1911566485647866, 2.077828342984196, 2.1733333988859247, 3.1098009638604265, 2.353230972785221, 2.445625832183777, 2.47634595647379, 2.7531066627235945, 2.394495592606754, 2.298714104355999, 2.2119319365750063, 2.7453331390437787, 2.7509983909251448, 2.1830811043943656, 2.622422633315289, 1.9874279690623864, 3.8548562055354028, 2.549947883999172, 2.8205188275943485, 2.9076745765217007, 2.4984383066238762, 2.687566093658823, 2.6126900123792587, 3.582597695581434, 2.0122480148030313, 2.129750450456827, 2.0882306880178834, 2.1175330401880252, 2.8347250997531654, 2.5413392807217483, 2.2398142635682285, 3.09181579605766, 2.82280582111929, 2.1367285401701785, 2.218901068138544, 2.6980612295019655, 2.085571721762535, 2.206727377820299, 3.50599698262314, 2.054461539361196, 2.8590373860686036, 3.744143610280563, 2.339111134991971, 2.101596902657602, 2.370301115190696, 3.5942339327640207, 2.1209091642365205, 2.2804154190461525, 2.32832589300047, 2.012015274994711, 3.5537124129511097, 2.3233427553794685, 2.0829930773595446, 2.2293826413555977, 2.9608411401801753, 2.1468256441595495, 2.4533540350813983, 2.0832757180261563, 2.1878676251818465, 4.095729813749215, 2.2326544316496895, 3.582445622112589, 2.2746221709912793, 2.0980904561801252, 2.2117300170117753, 2.351218668662894, 2.2540791466862804, 2.374622425278553, 2.193476093707599, 2.445155820911238, 2.410196091588018, 2.4902096591667164, 2.2281302788660673, 2.321139691860909, 3.0650295929732345, 3.0167422625176936, 2.0389571887855107, 2.3858276342314855, 2.19317253969414, 2.160816368409898, 3.711147370171642, 2.3117644839285103, 2.542169356154341, 2.4273560174343536, 4.32387393493322, 3.8668901975791155, 3.124642821940668, 2.433439027606567, 1.9861198703239764, 2.3861568169893626, 2.522019053149805, 2.191057049868386, 2.173120598134222, 2.6209201005562117, 4.30431813241541, 2.206562784866305, 2.0538178480070814, 2.2350038726676207, 2.419634839474953, 2.2146776014951635, 2.0989191598653383, 2.261846310076547, 2.600572360844256, 2.3195672961244345, 2.5302966936580176, 2.165772806409566, 2.1772786509746873, 2.4866559974301565, 2.4783957986088256, 2.6224475236473883, 2.880107805390317, 3.055494416167835, 2.6336666677714855, 2.184647991934741, 2.21684825841196, 2.6675704321374494, 2.5122573989694676, 2.235010980087257, 2.123368443999131, 2.1916014763841827, 2.2593266884468894, 2.618830666135749, 2.1817793072143195, 2.423901828752224, 2.210324715186774, 2.291283268608554, 1.9991153201510197, 2.311590071761891, 3.274739177832954, 2.7739125102674054, 2.101957379643671, 2.487451777751872, 2.1123241143026172, 2.2640359269559167, 2.5767743107984344, 2.2113519502125216, 2.4994923575738714, 2.4226382929647428, 2.323998651891107, 2.4593662282245714, 2.921122338583722, 2.7735251958368794, 2.162555216917654, 2.163805349542514, 2.282463661957651, 2.37696921732448, 2.272645475850207, 3.285015385701294, 2.397330349373788, 2.2981403768391524, 2.1506392743804312, 2.3094434040767657, 3.824128687550118, 3.7674782606950394, 2.92490902853259, 2.4599769723930818, 2.4564620092734404, 2.4379431922174706, 2.533796567344152, 3.266826953805171, 2.1081805229383437, 2.932874031186404, 2.2921815720392, 2.757129439818002, 2.8503438517084754, 1.9882416189953687, 2.206860040331342, 2.246780145948263, 2.345038704297303, 2.02623131909999, 2.101152074838206, 2.1261519905995576, 2.288446855426337, 2.230986079313954, 2.6234827269903938, 2.5844549785915167, 2.4439489403396233, 3.4231091813951076, 2.3900575707420537, 2.0826049587414848, 2.2295929060463466, 2.3179721226060517, 2.232704595469534, 2.6483625795011134, 2.333432587867962, 2.424935172129504, 2.4248230689906114, 3.651569224910783, 2.4829145705847484, 2.1992775007805143, 2.5722970975447623, 2.2507895299414757, 2.3706392947153443, 2.3638721072451903, 2.359761963633866, 2.393368630418734, 2.241383435033274, 2.6727653014828228, 2.2111369733300243, 2.336173324509219, 2.203461488561682, 2.4410967625243263, 2.337912273942752, 3.6506184732544185, 2.297504016675339, 1.981764637521879, 2.7263538405025023, 2.320625401857417, 4.385133720130674, 2.3515775442496327, 3.6527805616549536, 2.349488587270043, 2.494444139626116, 2.4990910999708134, 2.127118982250679, 2.1405011986088334, 2.180498377276531, 3.1762589668859205, 2.4405536971825876, 2.2483000022974364, 2.4138923486017894, 2.0675544478688845, 2.1329523699683888, 2.5100029722881922, 2.5595798572252004, 2.142257728572561, 2.5300683784197657, 2.1993118739034725, 2.196804309872997, 2.4931436106396516, 2.0306404370946654, 2.2205667469160564, 3.3679834055623665, 3.1394825608668295, 2.249831926558812, 2.5738795148847555, 1.992602991264342, 2.6066839629862555, 2.3450829058503233, 2.0863211467363287, 2.1423576590812243, 3.1643501057335044, 2.735979391779839, 2.024452314018691, 2.413855223786824, 2.126735106384862, 4.082410635756492, 2.108209516657283, 3.8285944734268895, 2.7803994848818427, 2.077841903816412, 3.740742348707667, 2.680069255746294, 2.573754517048446, 2.142057877042729, 2.3451825470734096, 2.7093940033023154, 2.06732666080371, 2.3107557666398, 3.4344512215748795, 2.040360213349435, 2.6429079006787024, 2.3464577656088754, 2.2058504248964335, 2.22402506807724, 2.4581669513480193, 2.8381081447298997, 2.365982307971939, 3.257861221661206, 2.2426613252111176, 3.480721851173283, 2.101435215811945, 1.9797546243097994, 2.716965172812457, 2.1233991416596343, 2.1453725323759105, 2.1487209381922847, 2.3454420110890126, 3.5407750436723955, 3.916501268943179, 2.7481636232028674, 2.486455771309429, 2.2229840148313493, 2.117454281444165, 2.3516297514427498, 2.5344229258910866, 2.999323084878781, 2.199886909316684]"
2.0,9358,0.6152784402916243,0.6152784402916243,0.02287459373474121,0.31341014400383455,"[2, 3, 2, 2, 3, 3, 3, 3, 3, 1, 3, 2, 3, 3, 2, 3, 3, 2, 2, 2, 2, 2, 3, 4, 4, 3, 2, 2, 3, 4, 2, 1, 2, 2, 3, 3, 2, 4, 2, 2, 3, 2, 2, 2, 1, 2, 2, 2, 1, 2, 1, 2, 1, 2, 4, 2, 3, 3, 2, 1, 2, 2, 3, 4, 1, 2, 3, 3, 2, 2, 1, 4, 1, 2, 3, 2, 2, 2, 2, 2, 2, 3, 2, 2, 2, 2, 4, 3, 3, 3, 3, 5, 3, 2, 1, 3, 2, 3, 2, 3, 2, 3, 5, 3, 3, 2, 3, 3, 2, 2, 3, 2, 2, 3, 2, 3, 3, 2, 2, 3, 4, 1, 2, 3, 3, 3, 2, 2, 2, 2, 2, 3, 2, 5, 3, 2, 2, 3, 3, 2, 1, 3, 2, 2, 3, 2, 2, 4, 3, 2, 1, 1, 1, 2, 3, 3, 3, 3, 2, 2, 2, 2, 5, 2, 2, 5, 1, 2, 5, 2, 3, 3, 3, 1, 1, 2, 3, 2, 2, 2, 2, 1, 2, 3, 2, 4, 2, 3, 5, 2, 1, 2, 4, 3, 3, 2, 3, 3, 3, 2, 2, 3, 3, 2, 2, 3, 2, 2, 2, 3, 4, 4, 2, 3, 3, 1, 3, 3, 4, 2, 1, 2, 3, 2, 1, 2, 2, 3, 1, 4, 2, 3, 2, 2, 2, 2, 2, 1, 2, 3, 2, 3, 3, 3, 4, 2, 3, 2, 3, 2, 3, 3, 4, 3, 2, 3, 3, 4, 2, 2, 2, 4, 2, 3, 1, 2, 3, 1, 2, 1, 3, 1, 2, 1, 3, 2, 3, 2, 4, 3, 2, 2, 3, 3, 2, 2, 2, 1, 2, 2, 4, 2, 3, 3, 2, 2, 4, 3, 3, 2, 2, 2, 2, 3, 3, 2, 3, 2, 2, 4, 2, 3, 2, 3, 2, 2, 2, 2, 3, 2, 3, 1, 3, 2, 4, 3, 2, 3, 3, 2, 4, 2, 3, 3, 2, 2, 2, 3, 2, 3, 3, 1, 3, 2, 3, 3, 2, 3, 2, 2, 2, 2, 1, 2, 1, 3, 2, 3, 2, 3, 3, 2, 2, 2, 2, 3, 2, 3, 2, 4, 1, 3, 2, 2, 3, 2, 2, 3, 3, 4, 3, 3, 3, 3, 3, 2, 2, 1, 3, 2, 2, 4, 2, 2, 2, 5, 2, 2, 4, 4, 4, 2, 3, 4, 2, 4, 2, 3, 3, 3, 1, 3, 2, 3, 2, 2, 4, 1, 3, 2, 3, 4, 3, 3, 1, 3, 2, 2, 3, 2, 2, 2, 2, 2, 3, 2, 3, 2, 3, 4, 1, 2, 3, 3, 2, 3, 3, 2, 3, 4, 2, 3, 3, 4, 2, 2, 3, 2, 3, 2, 2, 3, 3, 4, 3, 3, 2, 3, 3, 2, 1, 3, 2, 2, 3, 4, 3, 2, 2, 2, 2, 1, 3, 4, 2, 2, 5, 2, 4, 3, 3, 3, 3, 1, 1, 5, 3, 3, 3, 2, 2, 1, 3, 2, 4, 3, 3, 2, 3, 2, 2, 2, 3, 1, 3, 4, 3, 2, 2, 3, 3, 2, 2, 4, 2, 2, 5, 2, 2, 3, 3, 1, 2, 3, 1, 3, 4, 3, 1, 2, 3, 3, 2, 4, 2, 3, 3, 5, 3, 4, 2, 3, 3, 4, 2, 3, 2, 5, 3, 2, 3, 1, 4, 2, 2, 2, 3, 2, 2, 2, 3, 3, 3, 3, 4, 2, 3, 2, 1, 3, 1, 4, 2, 4, 3, 1, 2, 2, 2, 1, 5, 2, 3, 3, 3, 2, 2, 4, 2, 4, 3, 1, 2, 3, 2, 4, 3, 3, 1, 3, 5, 4, 2, 2, 3, 3, 3, 2, 3, 3, 2, 2, 3, 1, 1, 3, 3, 4, 4, 4, 2, 2, 3, 2, 5, 3, 2, 2, 4, 1, 3, 3, 2, 3, 4, 2, 3, 3, 2, 3, 4, 2, 3, 1, 1, 1, 2, 2, 4, 2, 2, 3, 3, 2, 2, 3, 2, 2, 3, 4, 3, 3, 1, 1, 3, 2, 4, 3, 4, 3, 3, 4, 2, 2, 3, 3, 4, 4, 2, 3, 1, 3, 2, 3, 1, 3, 3, 3, 2, 3, 2, 3, 2, 2, 2, 2, 4, 3, 3, 3, 2, 2, 4, 1, 3, 2, 3, 4, 3, 3, 2, 1, 2, 1, 1, 2, 2, 2, 3, 2, 5, 2, 2, 2, 2, 2, 3, 3, 3, 2, 2, 4, 1, 3, 2, 3, 3, 3, 2, 2, 4, 3, 2, 3, 4, 1, 2, 2, 3, 4, 2, 4, 2, 4, 5, 4, 2, 1, 4, 1, 1, 1, 3, 2, 2, 2, 3, 4, 3, 3, 3, 2, 2, 3, 1, 1, 4, 1, 4, 2, 2, 2, 3, 2, 2, 3, 3, 3, 3, 2, 3, 2, 2, 5, 1, 3, 1, 3, 5, 4, 4, 1, 2, 1, 5, 2, 4, 2, 1, 2, 1, 2, 3, 3, 2, 2, 3, 3, 3, 3, 2, 3, 3, 2, 3, 2, 2, 3, 2, 3, 1, 3, 3, 2, 2, 1, 3, 3, 2, 3, 2, 3, 5, 3, 3, 3, 1, 3, 2, 2, 3, 3, 1, 3, 2, 2, 2, 3, 2, 2, 2, 2, 2, 4, 3, 1, 2, 2, 3, 4, 2, 2, 5, 5, 2, 2, 2, 2, 3, 2, 4, 3, 3, 3, 3, 5, 2, 1, 2, 1, 3, 2, 2, 2, 3, 3, 2, 3, 1, 3, 1, 2, 3, 4, 2, 2, 2, 2, 3, 2, 4, 2, 3, 2, 1, 3, 2, 2, 3, 1, 3, 2, 2, 2, 1, 2, 3, 5, 3, 4, 3, 3, 3, 4, 2, 3, 1, 3, 4, 3, 1, 4, 3, 3, 2, 1, 2, 2, 3, 4, 1, 2, 2, 1, 3, 2, 1, 2, 2, 2, 3, 4, 1, 3, 2, 4, 2, 3, 2, 2, 2, 3, 3, 4, 3, 4, 2, 1, 5, 2, 2, 2, 1, 2, 1, 3, 3, 3, 2, 4, 2, 3, 3, 3, 2, 2, 4, 3, 2, 2, 2, 2, 3, 3, 3, 4, 4, 3, 2, 3, 3, 2, 1, 1, 3, 3, 3, 3, 1, 3, 3, 3, 2, 2, 3, 4, 3, 2, 2, 4, 2, 2, 3, 3, 2, 2, 3, 2, 4, 1, 3, 2, 3, 2, 2, 1, 4, 2, 2, 3, 2, 3, 2, 3, 4, 4, 5, 4, 2, 2, 2, 5, 2, 4, 4, 5, 3, 2, 2, 3, 2, 2, 3, 2, 3, 2, 2, 3, 3, 4, 1, 5, 3, 3, 3, 2, 2, 3, 4, 1, 2, 1, 3, 4, 1, 4, 3, 1, 1, 2, 2, 2, 2, 5, 3, 2, 2, 3, 1, 4, 2, 4, 2, 3, 2, 3, 3, 2, 2, 2, 2, 2, 2, 3, 2, 3, 2, 2, 3, 2, 3, 3, 2, 2, 3, 4, 2, 2, 2, 2, 2, 2, 2, 3, 2, 2, 2, 4, 1, 3, 4, 2, 2, 3, 2, 2, 3, 2, 3, 3, 2, 2, 2, 2, 3, 3, 2, 2, 1, 3, 3, 3, 3, 2, 2, 3, 3, 3, 2, 3, 1, 3, 3, 2, 3, 3, 5, 3, 1, 3, 2, 3, 2, 1, 4, 2, 3, 3, 2, 2, 2, 3, 2, 3, 2, 1, 1, 3, 3, 3, 3, 2, 2, 4, 3, 3, 2, 2, 3, 3, 2, 3, 3, 2, 3, 2, 4, 4, 2, 2, 4, 2, 2, 2, 2, 4, 2, 2, 2, 4, 2, 4, 2, 3, 1, 3, 2, 2, 2, 3, 2, 4, 2, 3, 2, 3, 3, 2, 4, 3, 3, 3, 4, 2, 3, 5, 2, 2, 2, 2, 2, 2, 4, 4, 2, 3, 3, 4, 4, 1, 1, 1, 2, 2, 3, 2, 2, 2, 2, 3, 3, 1, 2, 2, 2, 3, 2, 3, 3, 2, 3, 2, 3, 2, 3, 1, 5, 4, 4, 3, 2, 3, 3, 3, 3, 3, 2, 4, 2, 3, 2, 3, 4, 2, 2, 2, 4, 1, 2, 3, 3, 2, 3, 3, 3, 2, 3, 1, 1, 2, 1, 4, 3, 2, 3, 4, 4, 1, 2, 4, 1, 1, 1, 3, 3, 3, 3, 4, 2, 4, 4, 3, 2, 1, 3, 2, 3, 1, 3, 2, 3, 2, 3, 2, 4, 4, 3, 3, 2, 3, 3, 3, 2, 1, 2, 2, 2, 3, 2, 2, 1, 1, 2, 2, 3, 4, 3, 3, 2, 2, 3, 3, 2, 2, 2, 3, 2, 1, 4, 3, 2, 1, 2, 3, 3, 2, 2, 3, 3, 3, 3, 3, 2, 2, 3, 2, 2, 2, 3, 1, 3, 3, 3, 2, 2, 3, 3, 3, 3, 3, 2, 2, 3, 3, 3, 2, 3, 1, 5, 2, 4, 2, 3, 3, 2, 2, 2, 2, 3, 3, 2, 2, 3, 2, 2, 1, 1, 4, 2, 3, 3, 3, 2, 3, 2, 3, 3, 2, 4, 5, 2, 3, 2, 3, 3, 2, 2, 2, 4, 2, 2, 3, 5, 2, 2, 2, 2, 2, 2, 1, 3, 2, 4, 1, 2, 3, 1, 2, 4, 4, 2, 3, 3, 1, 1, 1, 4, 2, 4, 2, 4, 3, 3, 4, 2, 3, 3, 3, 2, 2, 2, 3, 3, 3, 2, 4, 2, 3, 3, 3, 3, 3, 3, 3, 3, 3, 3, 4, 3, 1, 4, 3, 3, 2, 3, 2, 1, 1, 3, 3, 2, 3, 2, 4, 2, 2, 2, 2, 3, 2, 3, 3, 3, 2, 1, 1, 1, 4, 3, 2, 3, 3, 3, 2, 4, 3, 4, 2, 3, 3, 5, 2, 2, 2, 2, 3, 2, 4, 2, 1, 1, 2, 2, 2, 3, 2, 3, 3, 1, 3, 3, 3, 3, 1, 4, 3, 2, 1, 2, 1, 2, 3, 2, 1, 4, 2, 2, 3, 4, 4, 4, 2, 3, 4, 2, 4, 1, 2, 2, 2, 3, 3, 3, 2, 2, 4, 2, 2, 1, 4, 3, 3, 4, 2, 4, 3, 3, 1, 5, 4, 4, 3, 1, 4, 2, 2, 3, 4, 5, 1, 2, 4, 3, 2, 3, 2, 3, 2, 3, 3, 2, 2, 2, 4, 4, 3, 3, 3, 2, 1, 4, 3, 2, 2, 3, 3, 2, 2, 2, 1, 1, 3, 4, 3, 2, 3, 3, 2, 3, 3, 3, 2, 2, 3, 3, 1, 2, 2, 2, 3, 2, 4, 2, 2, 2, 2, 2, 4, 3, 3, 3, 2, 3, 5, 3, 4, 2, 4, 2, 2, 3, 2, 2, 2, 3, 2, 2, 2, 3, 2, 1, 3, 2, 2, 1, 3, 2, 3, 2, 3, 3, 3, 3, 2, 2, 2, 3, 2, 1, 2, 2, 4, 3, 2, 2, 2, 2, 3, 3, 2, 2, 3, 5, 3, 4, 2, 2, 2, 3, 3, 2, 4, 1, 2, 1, 2, 2, 3, 1, 2, 3, 3, 2, 3, 1, 2, 4, 3, 3, 3, 2, 2, 2, 3, 3, 3, 2, 2, 2, 3, 5, 1, 3, 2, 1, 4, 2, 3, 2, 3, 3, 2, 3, 3, 1, 3, 2, 3, 3, 3, 3, 3, 3, 3, 3, 3, 2, 4, 3, 2, 1, 2, 4, 4, 1, 2, 3, 4, 2, 3, 3, 2]","[2.419078798358932, 2.0490433308809637, 1.9976885748617819, 2.406756746467486, 2.376174749417331, 2.834964157430977, 2.832306192290065, 2.234794986803867, 2.483937581103802, 2.115181429986902, 2.4114857018412708, 2.3035287297982276, 2.9929551765801063, 2.267053745314038, 2.289031876018581, 2.2482875504697444, 2.8652011609395736, 2.529243053824444, 2.146355989540805, 2.2705127244527263, 2.1650717604549503, 2.3506427276250834, 2.891874882140499, 4.171273687586027, 2.73417060281562, 2.6080937412174277, 2.770749696992876, 2.249952684769179, 2.4444444397517295, 3.0893645275990482, 2.139138496085314, 2.4609547433409746, 2.472166430355296, 2.1509817840201393, 2.03412075516324, 2.5595388249580613, 2.5236139075170376, 3.2365041121300275, 2.277101556893074, 2.4050109406155653, 2.380255285864217, 2.533795169783459, 2.3254027833443898, 2.6332413156232106, 2.1643168337514664, 2.4101199988337636, 2.1805916566835015, 2.5176078857971333, 2.156398651494192, 2.693340227402241, 2.549979257346213, 2.1650530602675255, 2.3027537396752655, 2.163462809517087, 2.5324783380836386, 2.300691052975866, 2.154482568093859, 2.3428637495985987, 2.3632121174748746, 2.8424192462632876, 2.316658741266182, 2.3341460781804875, 2.4444785196398686, 4.052682965080431, 2.1504873398198083, 2.2593198927092937, 2.2304498874617504, 2.0375614158022444, 2.684980064003234, 2.3545163606560893, 2.339441828409317, 4.198642816397001, 2.5396425398524127, 2.3834305441719366, 2.2256965006941964, 2.2641855928888903, 2.367832728806926, 2.1084947658655446, 2.1900415092330725, 2.3005097497461375, 2.2588921817863277, 3.645985063628782, 2.266913785793012, 2.3195501594317727, 2.6873278497648925, 2.009107733518624, 3.5425216830972115, 2.616149058182482, 2.7942375459809385, 2.5097914748339725, 2.3023835717725287, 3.2532856770842606, 2.985272992737113, 2.3665046755662704, 2.129417222903685, 2.060453984371684, 2.4380379130441, 2.2271403767513878, 2.579898354957879, 2.1863895516552265, 2.5074353948389754, 2.386989279230211, 2.9135166310640614, 2.235175177431448, 2.4477564523703528, 2.1215194464067952, 2.4880864252321504, 2.5101204797064236, 2.4599233877391113, 1.9966912315324685, 2.2381535523149316, 2.2888025874907316, 2.216096544455765, 3.3696214841296874, 2.1077588667042706, 2.6347411824128124, 2.2872707828985477, 1.7817546338560428, 2.2816867558028027, 2.9603494472997816, 3.439160098621003, 2.332558721732213, 2.3249851458252397, 2.2360659848053817, 2.3914016348227327, 2.7180228473445767, 2.2095524605765595, 2.0123041184511803, 2.005409982687302, 2.2550985040682554, 2.460609366204043, 2.703123986321029, 2.4521430260003085, 4.4386123815534715, 3.680676638097396, 2.2485793848019817, 2.246032284553775, 2.1773215302670783, 2.0956985289245518, 2.1056888928242596, 2.0955056941059005, 2.1787839964034488, 2.0357804341819463, 1.9546500935040085, 2.970128599618648, 2.247152271529844, 2.1924774198770276, 3.0839203735848675, 2.272114707175436, 2.1490559500746906, 2.176014064332464, 2.270601176273445, 2.199484146667422, 2.008116623585119, 2.3089162303220934, 3.8460300778820176, 2.2525544336509156, 2.9070391673900184, 2.316944075782086, 2.2192044515217746, 2.7423513143687233, 2.4284905182062433, 3.7113849522652673, 2.5142861226333943, 2.178087046877704, 3.815751769927016, 2.147930456733668, 2.2088541419213685, 4.104405323955442, 2.2769212108784314, 2.299031055260711, 2.2148855205924503, 2.647832594307866, 2.038963929859091, 2.384042230129983, 2.247438839961785, 2.399278441078486, 2.3125232404875775, 2.3326923172782936, 2.1973207358581783, 2.1620259016750496, 2.875718979471455, 2.707348344364999, 2.42266349294765, 2.5306151730921926, 4.0781317336956375, 2.1136292924182656, 2.6768438658431712, 4.128972884079381, 2.320301029297073, 2.2453486606584536, 2.3349734522928753, 2.5829319470605023, 2.355680244148874, 2.306890495266535, 2.491037042112429, 2.0647403686430863, 3.1122392509106978, 2.616911368135394, 2.276956051319059, 2.2167493059391044, 2.4352825700171463, 2.6406236418958207, 2.232174801081601, 2.3806955411715025, 2.2728447921465946, 2.932211347630976, 2.1041859586237908, 2.519463950120959, 2.168218551314293, 4.07699339857573, 3.620283457040548, 2.148079523481775, 2.58709312866445, 2.37275433370521, 2.3160841035111863, 2.578895978783889, 2.0691366822687227, 2.8814918143048738, 2.6696558277312454, 2.417394493628439, 2.2264049808953406, 2.0897135442954133, 2.358711891060636, 1.8734916217035025, 2.1679387326247577, 2.765175005407972, 3.0215246375053084, 2.394839553907831, 2.6219871681081592, 2.7578083663922297, 2.4770732977637375, 2.34759936485605, 2.305075956314774, 2.5453372673949417, 2.217662498425007, 2.060848992639741, 2.2099759090277225, 2.154922212332251, 2.4193234867550744, 2.0591169209708235, 2.589117756443581, 3.2222717427393857, 2.396901061884018, 2.479089695232884, 2.6402217082548622, 2.7691620743930856, 3.02853324942215, 2.4887605634613794, 2.1322293450585557, 2.2871250937033056, 2.2358702475807832, 3.1841837953737797, 2.6330407034817442, 2.1991444265958746, 2.3778846837878707, 3.9320587429438927, 2.703157499255021, 2.0569161097867306, 2.3178100541154674, 2.0981780733391644, 2.5337577694086098, 2.364487099715114, 2.5461259042958515, 2.0668089313981524, 2.244457252496053, 2.5487344881371974, 2.09713220996044, 2.157646370401208, 2.2245441428929413, 3.082668834791138, 2.2713267275911297, 2.1561638153812255, 3.6420292778630543, 3.432597024812053, 2.1851461790254025, 2.336961413602979, 2.0359861362436176, 4.460884462048285, 2.8437871284103156, 2.336402520946339, 2.115351317633346, 2.274536709648465, 2.3928033989432937, 2.1391488368694622, 2.629536866936787, 2.0488500956109092, 2.3527611135218307, 2.1433078589905916, 2.106809532448356, 2.6012802047218697, 2.4992764259402787, 2.3456739313620045, 2.641700859326556, 2.4315354827808893, 2.9032480279184423, 2.1961712338998676, 2.4422081488330374, 2.985666576351071, 2.0481984203896637, 2.7396282000785774, 2.1131578806813742, 2.5930787888238536, 2.3084555598207532, 4.10550413863671, 2.127762694498179, 3.9504441194101787, 2.2879819712886933, 2.2883820284041465, 3.804298217484983, 2.5623984861283033, 2.4153738373962588, 2.0858248299643503, 2.587765702608834, 2.1832145611442035, 2.478833437074143, 2.100024928079244, 2.359006240342503, 3.0718009091995273, 2.2002525536406847, 2.363450594487601, 2.1833907420572305, 2.6065261870303584, 2.0777703579268865, 3.0775716449874366, 2.0648329449269505, 2.436235088502018, 2.3656487474511545, 2.688136309351615, 3.023552898973454, 2.7885024501927567, 3.0336570633113875, 2.31660702544032, 2.462000184255904, 2.1802701265524163, 2.336333912372285, 2.63369642472273, 2.5641654510109313, 2.4290908771831834, 2.237758420296422, 2.4915570318347324, 1.9792252564778692, 3.4642078689592264, 2.0865572539718147, 2.481750706443926, 2.2389106245463415, 2.4924200804532184, 2.8329237658335042, 2.3251508655654476, 2.1519892097705755, 2.310958111925469, 2.223849805071017, 2.0715984837109964, 2.246013329677792, 2.6856167153032624, 2.3506135771269596, 1.9899404638721792, 2.456408015850177, 2.5975372596244024, 2.3674500775812093, 2.4741447537204646, 2.1047040162865627, 2.313776953947834, 2.197277225237136, 1.9576599304721776, 2.307048878817477, 2.6100193890497136, 2.1713345536613495, 1.9797969593113747, 2.8040184113868216, 3.9105055502086303, 2.693984969496398, 2.2115350703455383, 3.47610975454189, 2.3380949344249875, 2.6879222268247087, 2.9079585442630744, 2.716447401193245, 2.3055362903726007, 3.3660485829009827, 2.36950285641973, 2.3275811306069762, 2.241677644437278, 2.3549110891304235, 2.484004557930564, 3.220419820114686, 2.7060092371279887, 2.210535145069611, 2.3283465259590845, 2.1457166440066686, 2.6591447172218388, 3.0304043581817606, 2.3434891261312276, 2.3165287320456414, 2.3596081529399635, 3.0241216057667355, 2.3311125739047087, 2.206844974751152, 2.777718144055047, 3.493591949888046, 3.6017710790128605, 2.2809676314236094, 2.1648500524399634, 2.831566869466405, 2.167754792874196, 2.981032726121996, 2.4504734884038117, 2.3674781445781825, 2.895107224446506, 2.939219550065183, 2.270384137707036, 2.4384891949462237, 2.3766333044606376, 2.579042465301983, 2.3782558586896814, 2.2552914134442315, 2.5782178955319495, 2.526643014696459, 2.955279185198242, 2.441000942061189, 2.2249287483268265, 3.449869005272925, 2.5028199331325736, 2.390579314764336, 2.291750983708014, 2.8371643759184053, 2.082281144447384, 2.2375438703305024, 1.9788138523545276, 2.3643143757924676, 3.2558439970424136, 3.8815385374240914, 2.311432930972431, 2.8868349322032567, 2.020350085322523, 2.5967537000992786, 2.1073900636656524, 2.1856667491458692, 2.4907294830721396, 2.2627671607055717, 3.941179668517027, 2.012317932359851, 2.526648248743495, 2.5429035770643873, 2.1979567013475156, 2.643538564668957, 2.80306166267668, 2.0975956732948924, 2.4299435877321813, 2.685478488166986, 2.286241506741149, 2.466722585820831, 2.4303860245346773, 2.465427136304252, 2.1533991805898327, 2.3022374698969656, 2.4508723704705195, 2.4037692848371854, 2.5097501327036813, 2.1852363734307083, 2.1048986312354985, 2.720663745352152, 2.384611639180783, 2.146659810950236, 2.322450458063439, 2.478347653751375, 2.2077318539749404, 2.2913208793972477, 2.759997668089753, 2.560575228403837, 2.2203711415798395, 2.2080573702358484, 2.2642420833531327, 2.493933481079386, 2.8703616778494245, 3.7879053295348832, 2.6935305603469355, 2.0457338201706006, 2.009204351153651, 2.3747935972201906, 2.1339330460332873, 2.3199561425250703, 2.5444051318549836, 3.430021795516849, 2.0380124123450805, 2.7273576237188846, 2.576287449204077, 2.1661896643120877, 2.2440026370658495, 2.2211078607339863, 2.3178448120258066, 2.292584352373642, 2.463152816266174, 2.4698896909392465, 2.579933533530877, 4.154984054758328, 2.414818508405646, 2.1868350471759492, 2.5989079078407737, 2.9615507382936244, 2.4126957929938273, 2.879343150844109, 2.1426828649210363, 2.6474036621049795, 4.008374865096712, 2.300229625373779, 2.2338067854427113, 2.1411528736218015, 2.244101478191585, 2.214126771859914, 2.4797430004385363, 2.241367744227717, 2.9541664428598944, 2.1172402516305233, 2.4623821900675313, 3.089785603223262, 2.2208123091937604, 2.23897432763387, 2.327581197953556, 2.289108023885334, 3.068253631398183, 2.3793560856116573, 2.1667959381396917, 4.0440807972140345, 2.290399635655082, 2.285793236994248, 4.306130591388169, 2.3038913669720906, 2.356252130603607, 2.1156756378366004, 2.5934382153159397, 2.7827290603696504, 2.7578308278680854, 2.721581249633805, 2.3080498850589426, 2.325217367429766, 2.670404466768014, 2.9235747532006244, 2.2604392894463303, 2.0761759557170394, 2.476513099210207, 2.357511994929383, 2.970611039538164, 3.3343711817674855, 2.637814352791616, 2.815082231787803, 2.290829182473116, 3.4587389193361666, 2.223050456735439, 2.4710787353485903, 2.1088443699790163, 3.302971270020355, 2.549454182459632, 2.9087924448290883, 2.2128789018934976, 2.389307098739059, 2.3141480956869804, 3.4634120740898364, 2.315936981907657, 2.3430995388932145, 2.265869197281479, 4.266193224444979, 3.007278631148709, 2.168018387091383, 3.391747878537192, 2.1866579661139904, 3.3134920027912216, 2.181037368988116, 2.1420746863659406, 3.557227005896361, 2.3418123426588195, 2.2637149389435436, 2.3029371227084283, 2.5416271621031754, 3.7832010627010586, 2.4343916618555856, 2.741285756750357, 2.5492442704248064, 2.674047747021469, 2.9080342178964336, 2.3034016229373506, 4.171406481000485, 2.164905206336586, 2.5906464316554607, 2.2139875216941, 1.954438077205098, 2.5787921713410458, 2.271831242749626, 3.744940826324296, 2.5786144019764614, 3.5814702586629377, 2.141027097431151, 2.3028956463450183, 3.1345450691465917, 2.4050147564782156, 2.1785068764414994, 2.073049221908532, 3.302079047034558, 3.574976199171449, 3.9400790516930826, 2.103952811250242, 2.2605743341602116, 2.2218322177569028, 2.3916745745661263, 2.954881738728341, 2.2695141565279955, 2.2593221970414334, 2.5402183023193485, 2.182434651848832, 2.2470027386058433, 3.194750022608637, 3.449492631074529, 2.151958967444793, 2.0689504812972825, 3.6068961658247463, 2.242284343338317, 2.6172381409255685, 2.4748766544858807, 2.5893891642755342, 2.51782881496799, 2.0307692064159424, 2.4963764846487537, 2.667374545725003, 2.2347495369356403, 2.4830615938622795, 2.152504104218724, 4.3005424317254946, 2.613948189932235, 3.033223924743045, 3.332692809832308, 2.3908798648801843, 2.433603793339332, 2.180246117622442, 2.628224492980036, 3.2878488954773624, 2.3102954578549206, 2.1898718278673694, 3.4514114606028325, 3.455778721747655, 2.17491913469008, 2.3507019774470885, 2.832203200040698, 2.6981861823867863, 2.321487664562587, 2.8728820583116215, 1.993403115243639, 2.5032349344435763, 2.159093511411083, 2.5224795340132506, 2.6234011399719384, 3.1453652544833544, 2.045780148175367, 3.131106134901034, 2.2388836719902563, 2.0337020191437043, 2.4786852478154544, 2.125160251748252, 2.302358352054674, 2.6881653292612286, 2.848933497947703, 2.081038004447442, 2.385146987863901, 2.261364948723849, 2.240988400290612, 2.132314843019021, 2.707370981314621, 2.775732073574937, 2.1825238995884866, 2.9283574393490603, 1.9582573792546798, 2.751826169076923, 4.101928928800561, 1.9820427513831795, 2.3616108100134214, 2.8425318882795176, 2.498911804847326, 2.6916350563696403, 2.9751333375605933, 3.5162932018586037, 2.1111639843761196, 2.647782539765119, 3.4840355336345903, 2.060145431279178, 2.328819150782152, 2.1337934804382934, 2.330315266554375, 2.177550028172547, 2.9197701099873044, 2.151909522742123, 2.619249994272394, 2.236642766197205, 2.320125575543113, 2.0440308200057955, 2.5702930819193988, 3.326185888143717, 3.099703430573267, 2.793732046880103, 2.0090720782202967, 3.9876825708271095, 2.3772378892798143, 2.43123049335441, 2.2367603883517972, 2.5400120541333906, 2.2316997158831233, 2.2063533488480678, 2.1118693047680983, 3.718819070750717, 2.345451297161631, 2.532743639102601, 2.539091248482838, 2.210722098664253, 2.1319056949482142, 2.5658350956420435, 2.4078006293788623, 2.218478260910118, 2.4321453105281634, 2.1387739881933787, 2.770353495833363, 3.1779921584234394, 2.208663222446412, 2.4434401350359463, 2.1988033919691, 2.330669619842093, 2.5348753494009557, 2.0576881262136895, 2.27539359589219, 2.374411655618694, 2.2671193752545027, 2.980685144023314, 2.2341560637335256, 3.7461901057267992, 2.638593334992629, 2.3361762613332266, 2.511307101976852, 3.105427932004506, 2.1741939127564676, 2.8973593362933716, 2.4770066947621965, 3.1411658393089334, 2.3472970284435153, 2.2149852549253817, 2.7404816058488457, 2.092781722150106, 2.458327367007815, 2.077399470876298, 2.475257626449527, 2.351887123553454, 2.1559060866702704, 3.927837084789558, 2.2233348886104762, 3.176110054643868, 2.5747797450894625, 2.877591183698888, 2.2565833993876634, 2.6975567629614927, 2.352752322996422, 2.822207959182855, 2.261324431651096, 2.6156583894944836, 4.041385436417084, 2.13781623728356, 2.768714839407689, 2.4003563635276834, 3.635755358849994, 3.833495561696963, 2.7894651218071127, 2.2430075497890716, 2.2545041394218304, 2.322201073951506, 2.012261831797577, 2.1187568172341997, 2.2942567843185864, 3.462960366882386, 2.2240299122430915, 2.3204041154497257, 2.5347697489609553, 2.380610454278643, 2.560142559865777, 2.152372942051791, 2.3620272452648385, 2.5207118923372382, 2.1286416033071363, 2.7207878792255915, 2.9407023634481915, 2.5929023656721744, 2.150509702919385, 2.640226267954165, 2.0013943286697615, 2.292851600531958, 2.36146393530996, 2.4693781020631085, 2.219903014316089, 2.73140822358958, 2.227319942962093, 2.206280852430509, 2.3898319971114788, 2.775295768430189, 2.154858719862212, 2.1781984470994455, 2.3270528636527152, 2.239881015319569, 2.055105308304446, 2.4936038549382027, 4.387254666108472, 2.32893572513387, 2.4646371548219, 2.320214682688266, 2.0408682322784983, 4.0524552705790775, 2.625494688079836, 3.777906864560621, 2.6781660702934307, 2.035463331898534, 2.2454866077319986, 4.337862082651822, 2.4670158513325386, 4.027808121388337, 2.2107207672649762, 2.71402457177158, 2.318102129735924, 2.2910723559306834, 2.2978333983379438, 2.2860318740836822, 2.6399233019503385, 2.3530695595797213, 2.680282040217665, 2.750443186781036, 2.4617202161958245, 2.452616841628151, 2.9926757767466676, 2.0666900744140007, 2.527752860321295, 2.7548379082463454, 2.946098679583488, 2.2848287379204364, 2.064536436162265, 2.2402248093041064, 2.996058570497836, 2.20056802521064, 3.4604541910676065, 2.276199473532299, 2.1565791390631435, 1.8946224110295324, 2.3372187198501386, 2.3311428714518314, 2.0434987253095622, 2.2962090965404425, 3.031522611778971, 2.291002976211029, 2.251806541246046, 2.080584736134292, 2.704701824909728, 3.59348743669388, 2.6836718794542347, 2.265195370447993, 2.443553829040393, 1.9993424331743748, 2.7386166346812866, 2.2910162553684095, 2.0697285984653426, 2.126992870115865, 2.7752538716785544, 2.3573556805042277, 2.5346914316627864, 2.321710907452971, 2.231103581655848, 2.863639727851444, 2.4194714942373494, 2.3427308113254446, 1.9561741587791155, 2.6046578693739373, 2.6276344683981163, 2.243998850403245, 2.2782598822513065, 2.0853041956515197, 2.006466543276793, 2.2306710052377046, 2.5209637272223713, 2.442241699222765, 2.746432505955571, 2.28416943738621, 2.490229288726701, 3.25413314134338, 3.379556102664924, 2.3451155762612754, 2.6909855289594558, 3.177811726724291, 2.8551790259105765, 2.4664151673982357, 2.302454390913627, 3.179639699581119, 2.037414931000751, 2.7475407938801664, 2.4316974551875585, 3.1594521492740233, 3.11805652077655, 2.2205651013888135, 2.068552913095004, 2.28607494207335, 2.263219383976791, 2.133691877278387, 2.1127250495746726, 2.5349902447596118, 2.219668806947659, 2.5695413535742615, 2.7397438097763147, 2.577821745514056, 2.4083306463472316, 2.274259150416923, 2.462867428404867, 2.3109477158763037, 2.145254448063602, 2.241799792954011, 3.6328990513291264, 4.095618395348687, 2.038717710724667, 2.2115849375120042, 1.993419360039523, 2.198557140272849, 2.125499047166541, 3.063884753623009, 2.330462563721632, 2.3246731612336284, 2.204548310018191, 2.196824256238167, 2.680099225134972, 2.2100738492754766, 2.3053953523808914, 2.6497635573181126, 2.3555444653446975, 2.827325630183485, 2.5085069523534216, 2.0027362563369837, 2.001891182473964, 2.4125290825631835, 2.106739620469346, 3.172003765211737, 2.59794395498121, 2.8708523558674157, 3.5553231124115934, 2.364295933968068, 2.5223333345710452, 2.598156371731524, 4.29325186089712, 2.307370948950125, 2.348966399178298, 2.0508968414806468, 2.7006575972790414, 3.2695653380154455, 2.254306050434849, 2.2155244436627917, 2.5969720159785297, 2.469906155638936, 3.839039281640859, 2.312682192080687, 2.3771663941021264, 2.3502218937286457, 2.298198449952192, 2.351539203842652, 2.8882119286385435, 2.292942374673146, 2.4558151941803255, 2.1997401383593544, 2.0532142032874643, 2.3439273134570056, 2.4492951764817215, 4.1503004701742245, 2.183103739698537, 2.0456296000103187, 2.371433944533509, 2.726890317794528, 4.014071486607896, 2.598556613069042, 2.4157425764269864, 2.6658737811978175, 3.739907072193488, 2.301547331730652, 2.351199467324277, 3.6911455937954543, 2.2279650994282423, 2.23723425993003, 2.6629265413595267, 2.5093046126786316, 3.790322009149296, 2.2644722965342408, 4.095625472556322, 2.1219058729221194, 2.2246347598083265, 3.8022774448030567, 2.168484544659944, 2.5090378242264957, 2.3977170543511197, 2.3002110517414276, 2.04451653840715, 2.2571025408205942, 2.212047978382661, 2.2619084644843954, 3.896221787722011, 2.056230858711623, 3.0650889563777213, 2.312479751566242, 3.128734541775281, 2.2844355915376187, 2.3110165062704486, 2.3304339672262473, 3.879261610935073, 2.133838908294128, 2.489366057216037, 2.3369882058227223, 2.17072717600906, 2.0678664166409026, 2.3262844189492826, 2.2244771132190686, 2.5425493147808216, 2.4360692902555847, 2.4514696158899536, 3.644271797794522, 2.378419652849446, 2.2800859958187165, 2.434319687191625, 2.6053658464543274, 1.9795133398021012, 2.144256660258101, 2.142485975397167, 2.4508821430280276, 2.1661446053438884, 3.8203303583456325, 2.507725989088774, 2.1030677498869084, 2.687704289697154, 3.767238138121576, 2.9964028782247554, 2.7446704164989506, 2.27377415836105, 2.510523664022932, 3.4601197634993452, 1.9846358440393939, 2.6854066942853287, 2.1818792673241925, 3.667522358386009, 2.5926509361158216, 2.222902469733428, 2.530587195548704, 3.040528307347124, 3.1179581845874025, 2.979433112317063, 2.5031857775921287, 2.067139962682351, 3.0481627394354014, 2.5126722596836344, 2.5028649360326773, 2.381368125340654, 2.2668920449126007, 2.793474308848529, 2.2498291251275013, 2.4569209238872998, 3.915731295369353, 2.1211436730774533, 2.2295532356804544, 2.9015679971133364, 2.759637055696175, 2.462181487485632, 2.2476015090412655, 2.464536241462444, 3.7525732376469776, 2.9215405927139866, 4.199498252872089, 4.179733671973388, 2.2190147868594825, 2.7684487036378833, 2.217855684686407, 4.213829483084023, 2.386412816673025, 2.090494444327504, 2.8100734634374027, 3.1186958488426075, 2.5842688383030934, 2.211693177011057, 2.358925815733761, 2.0624116490944724, 2.2779883098744746, 2.142084343831333, 3.033690831051541, 2.5987738247072434, 2.3397086594003937, 2.6393448934389383, 2.485764602343574, 2.276118661782532, 2.839745264320262, 3.147833366867855, 2.38960360999568, 3.702124726066123, 2.2978283988581722, 2.2235065563872047, 2.867638757101962, 2.4136503360171164, 2.2057747268080634, 2.933597147434851, 2.6251851328433102, 2.3335347829274875, 2.1450113456270823, 2.258546919067249, 3.2087215057635294, 2.1043450927223635, 3.473772231113812, 2.5619813151440174, 2.6790830808306065, 3.368946267033582, 2.2996257738418198, 2.5072217856849908, 2.1088563028224203, 2.1819825188064312, 2.1894014296086404, 3.7998997042443845, 3.5781999073588393, 2.0698151977585586, 2.1002284380962695, 2.359544847811903, 2.0963356824140433, 2.5590031595363607, 2.389163409262614, 3.50637701613046, 2.3202112402807566, 2.2954188023898543, 2.2122524456147725, 2.615911232251351, 2.363022474095925, 1.9770996685072704, 2.0385449452228865, 1.8521342380837313, 2.167714330375662, 2.3843917122096037, 2.3784961186373135, 2.8315742547542864, 2.3953829586003246, 2.2642982164772336, 2.5439913213487557, 2.1470184990773253, 2.6517640998933434, 2.191061481813479, 2.7095044677191975, 2.3577508723935123, 2.226899968548976, 2.2920440957120634, 2.2625495380665326, 2.1971631156643454, 2.625041532054181, 2.1750969427828934, 2.309777015227766, 2.1504068518885493, 2.5546671599824307, 2.24207421251545, 2.622285734394878, 2.7406300358412, 2.408066149489178, 2.198564273817589, 2.054567499245917, 3.26324127637771, 2.285480063774504, 2.27302031791966, 2.3210080392315477, 2.6239630097300397, 2.065263288080285, 2.282046807309301, 2.1619341703187764, 2.123455417994707, 2.453822979212712, 3.402260189441001, 2.356613930907378, 2.330645603970383, 2.579916555144463, 2.2934794364895645, 2.6135839026063867, 2.880911957354723, 3.4209941013675405, 2.026923201202278, 2.225444893091555, 2.232917499836037, 2.7486978359547383, 2.4178531156593555, 2.3424169820522156, 2.24431253727541, 2.346644774446195, 1.9861674898273634, 2.427505951532161, 3.5539464353356403, 2.1228518133628156, 2.3138223352869485, 2.2112309810679904, 2.380303827926021, 2.1467780908749137, 2.566599852928997, 2.841649421880974, 2.089475328137647, 2.5024009705087615, 2.042999106979255, 3.4979456340413644, 2.0869942529847525, 2.5459672547778665, 2.363792943068766, 2.0552384016610636, 2.4762003946582922, 2.2206104827279285, 2.295509696876036, 2.5826615989201187, 2.1245315236992144, 2.441720288208144, 3.2825538686392237, 2.462719751569783, 3.200647590571835, 2.370525737572485, 2.4912466998407576, 2.3974730280644185, 2.5710004926642465, 2.6215713406101377, 2.8168070352531247, 2.1314185811396933, 2.9598841033258, 2.2480713075095866, 2.520936129256748, 2.382907414964003, 2.231662919748483, 2.1896745512461524, 2.563644708131357, 2.4726520319479337, 2.3323550219275577, 2.902615300688838, 2.150580676656161, 2.1343656302399214, 2.0811644419444555, 2.688749342574071, 2.131889202523213, 2.6109758837429524, 1.9760167463760603, 2.4354978548024113, 2.2872683275070074, 3.9288524254114243, 2.4138051823642246, 1.866610614037604, 1.981966181052631, 2.6803992172489477, 2.5951794922198745, 2.089767452813042, 2.3363903448105665, 2.0596775041297666, 2.2694892555065898, 2.242155814887597, 2.2216258379420406, 2.3796042834122932, 2.50149612714571, 2.364170987208614, 3.9715443405257216, 2.1343607439611674, 2.3968310438301996, 3.8991283197494857, 4.323285166165656, 2.2118218065527158, 2.036454988046287, 2.5293419354849704, 2.382620352087413, 2.528388121383634, 3.5992786267973464, 3.2259271967266394, 3.159149162070256, 2.5174804910850335, 2.2778593333398676, 2.806983202555239, 2.171376871761016, 3.6187146202923097, 2.307586032551571, 4.156070792549948, 2.1950861785530513, 3.821960274994244, 3.8368000862544682, 2.5053163672026058, 2.856677535024316, 2.0320223578159604, 2.225618225906452, 2.0789993766464776, 2.4413274760087953, 2.1667578940210706, 2.22831986823802, 2.6853875234350912, 2.890776124525386, 2.3501297818577904, 2.147719333641953, 2.040643830029403, 4.055826858067029, 3.34040586005174, 2.514398221707196, 2.402789338649311, 3.8127810869740437, 2.3854198000541627, 2.3869940381508137, 2.7855144877491638, 1.9961863264720037, 3.4325941326522282, 2.5475675250758414, 2.0746567767206865, 3.1907617535075046, 2.5036531646936937, 2.0680791970259724, 2.0741015820299604, 2.3205843789340794, 2.2592201143515775, 2.7297345621116316, 2.363233748247041, 2.841510060433756, 2.2637456037331214, 2.5467588049793095, 2.3782984220442356, 2.315947737144385, 2.09009066474181, 2.3033773119322523, 2.0888916607019885, 2.291924594137385, 4.139971700758197, 2.3476389532514816, 2.8208883046553996, 2.3997165711536366, 2.2883537829925404, 2.044623853252944, 2.138559336489399, 2.2400440082638418, 2.1282831830481643, 2.12676846786677, 2.212512366370373, 2.7324966828503823, 2.57255652796354, 2.6619583745647923, 2.402309029684223, 2.31705059874238, 2.9601216683676674, 2.2613952674135183, 2.8414529136007363, 2.167411978117137, 3.2698773520378595, 2.2924074769915874, 4.357024888483307, 2.5020472029388543, 2.425017808917988, 2.0341882240167446, 2.517804158686545, 2.2358131563280734, 2.605278326115552, 2.572914101106298, 2.464455694366369, 3.831047529188142, 2.886197619900177, 2.0741019824813636, 2.104759592646981, 3.091423069355037, 3.2089294272963973, 2.2425709154447246, 2.268153539222783, 3.0145561493731434, 3.987390744968736, 2.0722631841763977, 2.2106343760973153, 2.5573855213432766, 2.1253129699455533, 2.194776439952326, 2.041203098633119, 2.592998805886679, 2.165092420057138, 3.491496079728688, 2.513265935714748, 3.3358435560568345, 2.57905961677217, 2.2586569562314334, 4.107363192788073, 3.528391880905694, 2.3290485075264273, 2.127759577800275, 2.3349390665651844, 2.2435051667554022, 2.3469320543756855, 2.5393338419012106, 2.2483695312809022, 2.1243886903469154, 2.755361393229828, 2.785858989131046, 2.323813700426527, 2.26600340757092, 3.279947506756458, 3.9424196120840236, 2.279982831316567, 3.551530358442631, 2.317099510225888, 2.8939698418361965, 2.2027340502156387, 2.670214494317678, 2.3268926090136204, 2.2144320624916713, 2.204586603600236, 2.1092107614558975, 2.093449620154843, 2.9350847961068993, 2.202732094834312, 2.184931126870019, 2.517106632185863, 2.071833426858579, 2.2560718384675944, 2.0689273172948996, 2.8223719083917795, 3.8076783834444736, 2.264734585629871, 2.414100332548898, 2.213996564416132, 2.2960248549837656, 2.4859950511805686, 2.4347446936463406, 2.5884571647426906, 2.265921536555322, 2.2300763061770534, 3.1675883657720116, 2.2900655702032684, 2.122686596541121, 3.3433513586718457, 2.4700840536915587, 2.124035042963439, 2.1803311133934438, 2.0714950979288704, 2.175132038825603, 2.1732644509703536, 2.257099568972012, 1.7320976552793992, 2.6740523944576546, 2.6414308216777656, 3.053931565560071, 2.651325301532976, 2.556356978473095, 2.7030634901695967, 2.5252153309747554, 2.4211836451568614, 2.1664426850689606, 2.318484281310396, 3.044992330985669, 3.2996364032629635, 2.3877443324887686, 2.308848478094911, 2.447979540064221, 2.483886171689813, 2.1993308602434807, 2.098492859827479, 2.368712562269142, 2.1001236692298044, 2.628919706446564, 2.5916342880555625, 2.6935500585862617, 2.226595099467491, 2.251298258632717, 2.1009879657192196, 2.6373645656744142, 2.5864870323241367, 2.1617507076062297, 3.4092243866674847, 2.4854926182274806, 3.992764760238953, 2.249411592151032, 3.3167540532520743, 2.542179415706009, 3.9132918005884805, 3.664550032013987, 2.860094040077462, 2.125616110065515, 2.075277924256862, 2.4931472282799603, 2.443309945693546, 2.3532765597497916, 2.605740662384111, 2.0106117514892516, 2.34584534974673, 2.28894949475602, 2.1238347304857492, 2.07050179595072, 2.5544048226071956, 2.1576251567962816, 2.3221666822418863, 3.2708606120628083, 2.2373255128721175, 3.5520721936731654, 2.2937255905003346, 3.4312543901110066, 2.6470974459064402, 3.196934740021944, 3.533706791156944, 2.4017855888061126, 2.735823130368025, 3.077661714459758, 2.011251075010996, 2.2803916063294545, 2.4629731613151016, 3.0331133175550318, 2.420803536146046, 2.4741485832346957, 2.066077432043947, 2.4832637595668716, 3.179680899310347, 2.5698776038830675, 2.517767638293049, 2.3520708976711178, 4.264627652320207, 2.520723916194169, 2.718132379609189, 2.225980542667265, 2.535144080248706, 2.508682587653038, 2.392098493760689, 2.3115254746944687, 2.529924085223717, 2.323882245768025, 3.6968370882599157, 2.5349986702000655, 2.147766084110515, 2.552810064017014, 2.5838604252361055, 2.6567701657582887, 2.7578424343389996, 2.7878382685586267, 2.2219790025005546, 2.9824405837061456, 2.5014563101975096, 2.632819340393508, 2.3358816890111047, 2.0714880196054715, 2.8877524932820555, 2.2343194676786355, 2.31122034644688, 2.3116192523325427, 4.0511368828613135, 2.27635771481039, 2.447995123553741, 2.9871674987894323, 2.246102320283237, 2.527224978634729, 2.079741035655539, 2.6904343725614237, 2.2529146560525644, 2.871960108997043, 2.2924647075280538, 2.282513330275503, 2.610310368567207, 2.7748869708040727, 2.1571691616871966, 2.143333246483683, 2.438105891072481, 2.019021949551579, 2.455897722321495, 3.371513274772887, 4.16173517975876, 2.5179867863738146, 2.278887668931249, 2.29274293856911, 2.2066319227865874, 3.7923145037632775, 2.3242973453653457, 2.9505258309925146, 2.4715069149950435, 2.318841297386159, 4.012121178819697, 2.9130446605156606, 2.286510467414161, 2.6555612225451632, 2.8443788212170853, 2.763672244603963, 2.0242735855199943, 1.9861599093145008, 2.4882000714910615, 2.1806931525397832, 2.6470371864552367, 2.6699943325279936, 2.2574274795342433, 2.3956994269326053, 2.0668071618173025, 2.1214913961256583, 2.166654096324584, 2.607240578357467, 2.7224562372575463, 2.468402504329068, 2.7373222742314227, 2.4598243706629335, 2.3860922822625295, 2.189768242017189, 2.3031121599342375, 2.039886472438706, 2.155755105491992, 3.151074137465221, 2.383272427760062, 2.4081290181985504, 2.484963602498982, 2.7426982030387723, 2.3789976327908584, 2.2639549246821593, 2.3226334185865225, 2.7628139812075947, 2.586928166800323, 2.162957248134129, 2.692966768639181, 2.0090707556075698, 3.9583678452191333, 2.5444154066019546, 2.7888537157644424, 2.878203291398239, 2.483398963084967, 2.675227425581071, 2.307704321309082, 3.68718157652523, 2.0352180814421534, 2.253983126669989, 2.2094157157707475, 2.0898769376910886, 2.9239682428650133, 2.605433280069597, 2.2582366624773536, 2.7886557587421423, 2.6836306149371305, 2.265123151644908, 2.2202173457787815, 2.698641920405339, 2.217360178728309, 2.338648178718257, 3.496119522399355, 2.1460281900466263, 2.973652717361085, 3.685614161182361, 2.3895979203221844, 2.069175429760626, 2.4466821128849143, 3.652414811404949, 2.111778920528879, 2.4002214534263753, 2.312111824901278, 2.1089317648784824, 3.5476489951969934, 2.282297809139605, 2.2250646559472544, 2.2704941793487654, 2.9561889251110998, 2.2162440109766712, 2.471799729817878, 2.105204490093896, 2.3129391084258777, 4.139448175189691, 2.2794297196780047, 3.5337877456230666, 2.2356321437105113, 2.1799566871811558, 2.222932022215083, 2.2863358653439207, 2.397315311300869, 2.465395623448027, 2.277471118839, 2.4606316855915207, 2.5324315703929154, 2.5990827531459884, 2.1739312977667584, 2.3975611079714976, 3.0782025923806944, 3.026568941522158, 2.0557210673724042, 2.386184770719549, 2.2783780779290943, 2.1385807284189973, 3.704319453372307, 2.406861367079171, 2.5021839151828393, 2.395893919960742, 4.191024325954786, 3.850158163511648, 3.0348407123895274, 2.49027268365479, 2.0129790947793165, 2.4855059299466884, 2.6814047093177638, 2.2846987412786177, 2.1563909118644293, 2.650960324660525, 4.222896836965103, 2.2121135698639063, 2.079635890841998, 2.322479150443168, 2.404191249066786, 2.2785681394350905, 2.0771759932804614, 2.1853841245078236, 2.4398769693253772, 2.3476863364886427, 2.488151520770921, 2.2599383460113605, 2.2255611681290923, 2.4500211670253225, 2.6111329441377245, 2.7471659522840075, 2.8177198276122906, 3.051554328095011, 2.566048550374847, 2.303847733201433, 2.3451009509003637, 2.7480495627906842, 2.674807784935059, 2.353982513223056, 2.140757431426991, 2.2014784108622534, 2.3629256991888115, 2.7478367932677346, 1.8498011865281114, 2.372731332984586, 2.2050117506112015, 2.304867785507507, 1.9741512722899879, 2.0180486465983027, 3.2214469833059862, 2.712721574393927, 2.168403088050642, 2.433070614957476, 2.1374293442796555, 2.3675664298061956, 2.559765154060093, 2.3243663026212045, 2.5524377963277374, 2.477840492104306, 2.4160400179024304, 2.5676848282374594, 2.830313746560474, 2.4376632540611336, 2.2882628640020313, 2.184223024148079, 2.403871718700781, 2.2239275151221145, 2.232597124542441, 3.2623158776518393, 2.3518169429309936, 2.265669108529417, 2.1232559493288443, 2.305380784132418, 3.5231150439737133, 3.8182170187949724, 2.8326413260250174, 2.456614362502375, 2.268621920282053, 2.512676912372699, 2.481932803006746, 3.245087136908616, 2.231867836753338, 2.8968014630057275, 2.2660565812692033, 2.768499140259805, 2.765413754193437, 2.0066397312423687, 2.174334378500393, 2.2185138917041174, 2.3535409651502106, 1.9934387460376382, 2.1708091788326103, 2.096114396862852, 2.258404044494786, 2.3250779547852702, 2.637968688735033, 2.6566964635460937, 2.2057037925748495, 3.0770378114953707, 2.373546560718407, 2.0939304145472737, 2.3701706421369724, 2.306720483741426, 2.36087353228903, 2.75990599466948, 2.3288432059161597, 2.383751095922299, 2.5066098923581834, 3.742123851775826, 2.2898916138967134, 2.278848666750787, 2.6247062758069664, 2.306839340725577, 2.332188965014787, 2.406516181952795, 2.056018987262034, 2.4230283016858936, 2.253349191616462, 2.7244512609644715, 2.1794365770701813, 2.0449034628571177, 2.1473320507360802, 2.445173730345453, 2.4945138441718497, 3.665847389469669, 2.3820824341931317, 2.099009968332665, 2.7288214837237343, 2.1729512592282108, 4.345232683293059, 2.279531561079642, 3.59143758029264, 2.4458177735532467, 2.508610911658743, 2.2228483578433575, 2.0932252179057476, 2.199278420101424, 2.316245957463959, 3.1963278472767467, 2.4058672977198485, 2.2139728628578377, 2.4213486710288787, 2.070582830096227, 2.276405598057765, 2.452718646434524, 2.242729351309842, 2.2670485606346267, 2.5570502325248605, 2.1597302749986063, 2.3038534203829935, 2.259329274249069, 2.126301783604418, 2.347733589459353, 3.372387342287682, 3.106063631342328, 2.309700469401545, 2.6280553913502147, 1.9936088173053097, 2.5567976574729916, 2.3260235409785968, 2.1148163538683264, 2.221018073793241, 3.103534449202612, 2.7209517530210627, 2.099058751728972, 2.0950084555785806, 2.094372162734458, 3.983170127013257, 2.250027636578278, 3.8468572355138253, 2.670956432788634, 2.0398459553659523, 3.6909735447407916, 2.6525582443786493, 2.2324664243428667, 2.116906289032533, 2.3070148330232927, 2.6872653220294214, 2.0166906350149816, 2.4098752139524398, 3.5282522921640043, 2.0515291086913843, 2.7214316155725813, 2.3219157331409876, 2.3408037673674493, 2.323658069320128, 2.163223200141911, 2.8038520523989265, 2.331895800281332, 3.1809758356140616, 2.2121091100730106, 3.4650828508374807, 2.0696585179357623, 2.0319971853901597, 2.8324353679560117, 2.104339362631783, 2.1433291076492798, 2.128987556774492, 2.425719870254676, 3.486663421756215, 3.7709104879212774, 2.4817160567413605, 2.4416784113265626, 2.2896120042925396, 2.1221014239872718, 2.3880565590428615, 2.653384363134929, 2.9034105524638942, 2.2587814478085355]"
2.25,9358,0.6297069796966175,0.6297069796966175,0.019527673721313477,0.3165384182569186,"[2, 3, 2, 2, 3, 3, 3, 3, 3, 1, 3, 2, 3, 3, 2, 3, 3, 2, 2, 2, 2, 2, 3, 4, 4, 3, 2, 2, 3, 4, 2, 1, 2, 2, 3, 3, 2, 4, 2, 2, 3, 2, 2, 2, 1, 2, 2, 2, 1, 2, 1, 2, 1, 2, 4, 2, 3, 3, 2, 1, 2, 2, 3, 4, 1, 2, 3, 3, 2, 2, 1, 4, 1, 2, 3, 2, 2, 2, 2, 2, 2, 3, 2, 2, 2, 2, 4, 3, 3, 3, 3, 5, 3, 2, 1, 3, 2, 3, 2, 3, 2, 3, 5, 3, 3, 2, 3, 3, 2, 2, 3, 2, 2, 3, 2, 3, 3, 2, 2, 3, 4, 1, 2, 3, 3, 3, 2, 2, 2, 2, 2, 3, 2, 5, 3, 2, 2, 3, 3, 2, 1, 3, 2, 2, 3, 2, 2, 4, 3, 2, 1, 1, 1, 2, 3, 3, 3, 3, 2, 2, 2, 2, 5, 2, 2, 5, 1, 2, 5, 2, 3, 3, 3, 1, 1, 2, 3, 2, 2, 2, 2, 1, 2, 3, 2, 4, 2, 3, 5, 2, 1, 2, 4, 3, 3, 2, 3, 3, 3, 2, 2, 3, 3, 2, 2, 3, 2, 2, 2, 3, 4, 4, 2, 3, 3, 1, 3, 3, 4, 2, 1, 2, 3, 2, 1, 2, 2, 3, 1, 4, 2, 3, 2, 2, 2, 2, 2, 1, 2, 3, 2, 3, 3, 3, 4, 2, 3, 2, 3, 2, 3, 3, 4, 3, 2, 3, 3, 4, 2, 2, 2, 4, 2, 3, 1, 2, 3, 1, 2, 1, 3, 1, 2, 1, 3, 2, 3, 2, 4, 3, 2, 2, 3, 3, 2, 2, 2, 1, 2, 2, 4, 2, 3, 3, 2, 2, 4, 3, 3, 2, 2, 2, 2, 3, 3, 2, 3, 2, 2, 4, 2, 3, 2, 3, 2, 2, 2, 2, 3, 2, 3, 1, 3, 2, 4, 3, 2, 3, 3, 2, 4, 2, 3, 3, 2, 2, 2, 3, 2, 3, 3, 1, 3, 2, 3, 3, 2, 3, 2, 2, 2, 2, 1, 2, 1, 3, 2, 3, 2, 3, 3, 2, 2, 2, 2, 3, 2, 3, 2, 4, 1, 3, 2, 2, 3, 2, 2, 3, 3, 4, 3, 3, 3, 3, 3, 2, 2, 1, 3, 2, 2, 4, 2, 2, 2, 5, 2, 2, 4, 4, 4, 2, 3, 4, 2, 4, 2, 3, 3, 3, 1, 3, 2, 3, 2, 2, 4, 1, 3, 2, 3, 4, 3, 3, 1, 3, 2, 2, 3, 2, 2, 2, 2, 2, 3, 2, 3, 2, 3, 4, 1, 2, 3, 3, 2, 3, 3, 2, 3, 4, 2, 3, 3, 4, 2, 2, 3, 2, 3, 2, 2, 3, 3, 4, 3, 3, 2, 3, 3, 2, 1, 3, 2, 2, 3, 4, 3, 2, 2, 2, 2, 1, 3, 4, 2, 2, 5, 2, 4, 3, 3, 3, 3, 1, 1, 5, 3, 3, 3, 2, 2, 1, 3, 2, 4, 3, 3, 2, 3, 2, 2, 2, 3, 1, 3, 4, 3, 2, 2, 3, 3, 2, 2, 4, 2, 2, 5, 2, 2, 3, 3, 1, 2, 3, 1, 3, 4, 3, 1, 2, 3, 3, 2, 4, 2, 3, 3, 5, 3, 4, 2, 3, 3, 4, 2, 3, 2, 5, 3, 2, 3, 1, 4, 2, 2, 2, 3, 2, 2, 2, 3, 3, 3, 3, 4, 2, 3, 2, 1, 3, 1, 4, 2, 4, 3, 1, 2, 2, 2, 1, 5, 2, 3, 3, 3, 2, 2, 4, 2, 4, 3, 1, 2, 3, 2, 4, 3, 3, 1, 3, 5, 4, 2, 2, 3, 3, 3, 2, 3, 3, 2, 2, 3, 1, 1, 3, 3, 4, 4, 4, 2, 2, 3, 2, 5, 3, 2, 2, 4, 1, 3, 3, 2, 3, 4, 2, 3, 3, 2, 3, 4, 2, 3, 1, 1, 1, 2, 2, 4, 2, 2, 3, 3, 2, 2, 3, 2, 2, 3, 4, 3, 3, 1, 1, 3, 2, 4, 3, 4, 3, 3, 4, 2, 2, 3, 3, 4, 4, 2, 3, 1, 3, 2, 3, 1, 3, 3, 3, 2, 3, 2, 3, 2, 2, 2, 2, 4, 3, 3, 3, 2, 2, 4, 1, 3, 2, 3, 4, 3, 3, 2, 1, 2, 1, 1, 2, 2, 2, 3, 2, 5, 2, 2, 2, 2, 2, 3, 3, 3, 2, 2, 4, 1, 3, 2, 3, 3, 3, 2, 2, 4, 3, 2, 3, 4, 1, 2, 2, 3, 4, 2, 4, 2, 4, 5, 4, 2, 1, 4, 1, 1, 1, 3, 2, 2, 2, 3, 4, 3, 3, 3, 2, 2, 3, 1, 1, 4, 1, 4, 2, 2, 2, 3, 2, 2, 3, 3, 3, 3, 2, 3, 2, 2, 5, 1, 3, 1, 3, 5, 4, 4, 1, 2, 1, 5, 2, 4, 2, 1, 2, 1, 2, 3, 3, 2, 2, 3, 3, 3, 3, 2, 3, 3, 2, 3, 2, 2, 3, 2, 3, 1, 3, 3, 2, 2, 1, 3, 3, 2, 3, 2, 3, 5, 3, 3, 3, 1, 3, 2, 2, 3, 3, 1, 3, 2, 2, 2, 3, 2, 2, 2, 2, 2, 4, 3, 1, 2, 2, 3, 4, 2, 2, 5, 5, 2, 2, 2, 2, 3, 2, 4, 3, 3, 3, 3, 5, 2, 1, 2, 1, 3, 2, 2, 2, 3, 3, 2, 3, 1, 3, 1, 2, 3, 4, 2, 2, 2, 2, 3, 2, 4, 2, 3, 2, 1, 3, 2, 2, 3, 1, 3, 2, 2, 2, 1, 2, 3, 5, 3, 4, 3, 3, 3, 4, 2, 3, 1, 3, 4, 3, 1, 4, 3, 3, 2, 1, 2, 2, 3, 4, 1, 2, 2, 1, 3, 2, 1, 2, 2, 2, 3, 4, 1, 3, 2, 4, 2, 3, 2, 2, 2, 3, 3, 4, 3, 4, 2, 1, 5, 2, 2, 2, 1, 2, 1, 3, 3, 3, 2, 4, 2, 3, 3, 3, 2, 2, 4, 3, 2, 2, 2, 2, 3, 3, 3, 4, 4, 3, 2, 3, 3, 2, 1, 1, 3, 3, 3, 3, 1, 3, 3, 3, 2, 2, 3, 4, 3, 2, 2, 4, 2, 2, 3, 3, 2, 2, 3, 2, 4, 1, 3, 2, 3, 2, 2, 1, 4, 2, 2, 3, 2, 3, 2, 3, 4, 4, 5, 4, 2, 2, 2, 5, 2, 4, 4, 5, 3, 2, 2, 3, 2, 2, 3, 2, 3, 2, 2, 3, 3, 4, 1, 5, 3, 3, 3, 2, 2, 3, 4, 1, 2, 1, 3, 4, 1, 4, 3, 1, 1, 2, 2, 2, 2, 5, 3, 2, 2, 3, 1, 4, 2, 4, 2, 3, 2, 3, 3, 2, 2, 2, 2, 2, 2, 3, 2, 3, 2, 2, 3, 2, 3, 3, 2, 2, 3, 4, 2, 2, 2, 2, 2, 2, 2, 3, 2, 2, 2, 4, 1, 3, 4, 2, 2, 3, 2, 2, 3, 2, 3, 3, 2, 2, 2, 2, 3, 3, 2, 2, 1, 3, 3, 3, 3, 2, 2, 3, 3, 3, 2, 3, 1, 3, 3, 2, 3, 3, 5, 3, 1, 3, 2, 3, 2, 1, 4, 2, 3, 3, 2, 2, 2, 3, 2, 3, 2, 1, 1, 3, 3, 3, 3, 2, 2, 4, 3, 3, 2, 2, 3, 3, 2, 3, 3, 2, 3, 2, 4, 4, 2, 2, 4, 2, 2, 2, 2, 4, 2, 2, 2, 4, 2, 4, 2, 3, 1, 3, 2, 2, 2, 3, 2, 4, 2, 3, 2, 3, 3, 2, 4, 3, 3, 3, 4, 2, 3, 5, 2, 2, 2, 2, 2, 2, 4, 4, 2, 3, 3, 4, 4, 1, 1, 1, 2, 2, 3, 2, 2, 2, 2, 3, 3, 1, 2, 2, 2, 3, 2, 3, 3, 2, 3, 2, 3, 2, 3, 1, 5, 4, 4, 3, 2, 3, 3, 3, 3, 3, 2, 4, 2, 3, 2, 3, 4, 2, 2, 2, 4, 1, 2, 3, 3, 2, 3, 3, 3, 2, 3, 1, 1, 2, 1, 4, 3, 2, 3, 4, 4, 1, 2, 4, 1, 1, 1, 3, 3, 3, 3, 4, 2, 4, 4, 3, 2, 1, 3, 2, 3, 1, 3, 2, 3, 2, 3, 2, 4, 4, 3, 3, 2, 3, 3, 3, 2, 1, 2, 2, 2, 3, 2, 2, 1, 1, 2, 2, 3, 4, 3, 3, 2, 2, 3, 3, 2, 2, 2, 3, 2, 1, 4, 3, 2, 1, 2, 3, 3, 2, 2, 3, 3, 3, 3, 3, 2, 2, 3, 2, 2, 2, 3, 1, 3, 3, 3, 2, 2, 3, 3, 3, 3, 3, 2, 2, 3, 3, 3, 2, 3, 1, 5, 2, 4, 2, 3, 3, 2, 2, 2, 2, 3, 3, 2, 2, 3, 2, 2, 1, 1, 4, 2, 3, 3, 3, 2, 3, 2, 3, 3, 2, 4, 5, 2, 3, 2, 3, 3, 2, 2, 2, 4, 2, 2, 3, 5, 2, 2, 2, 2, 2, 2, 1, 3, 2, 4, 1, 2, 3, 1, 2, 4, 4, 2, 3, 3, 1, 1, 1, 4, 2, 4, 2, 4, 3, 3, 4, 2, 3, 3, 3, 2, 2, 2, 3, 3, 3, 2, 4, 2, 3, 3, 3, 3, 3, 3, 3, 3, 3, 3, 4, 3, 1, 4, 3, 3, 2, 3, 2, 1, 1, 3, 3, 2, 3, 2, 4, 2, 2, 2, 2, 3, 2, 3, 3, 3, 2, 1, 1, 1, 4, 3, 2, 3, 3, 3, 2, 4, 3, 4, 2, 3, 3, 5, 2, 2, 2, 2, 3, 2, 4, 2, 1, 1, 2, 2, 2, 3, 2, 3, 3, 1, 3, 3, 3, 3, 1, 4, 3, 2, 1, 2, 1, 2, 3, 2, 1, 4, 2, 2, 3, 4, 4, 4, 2, 3, 4, 2, 4, 1, 2, 2, 2, 3, 3, 3, 2, 2, 4, 2, 2, 1, 4, 3, 3, 4, 2, 4, 3, 3, 1, 5, 4, 4, 3, 1, 4, 2, 2, 3, 4, 5, 1, 2, 4, 3, 2, 3, 2, 3, 2, 3, 3, 2, 2, 2, 4, 4, 3, 3, 3, 2, 1, 4, 3, 2, 2, 3, 3, 2, 2, 2, 1, 1, 3, 4, 3, 2, 3, 3, 2, 3, 3, 3, 2, 2, 3, 3, 1, 2, 2, 2, 3, 2, 4, 2, 2, 2, 2, 2, 4, 3, 3, 3, 2, 3, 5, 3, 4, 2, 4, 2, 2, 3, 2, 2, 2, 3, 2, 2, 2, 3, 2, 1, 3, 2, 2, 1, 3, 2, 3, 2, 3, 3, 3, 3, 2, 2, 2, 3, 2, 1, 2, 2, 4, 3, 2, 2, 2, 2, 3, 3, 2, 2, 3, 5, 3, 4, 2, 2, 2, 3, 3, 2, 4, 1, 2, 1, 2, 2, 3, 1, 2, 3, 3, 2, 3, 1, 2, 4, 3, 3, 3, 2, 2, 2, 3, 3, 3, 2, 2, 2, 3, 5, 1, 3, 2, 1, 4, 2, 3, 2, 3, 3, 2, 3, 3, 1, 3, 2, 3, 3, 3, 3, 3, 3, 3, 3, 3, 2, 4, 3, 2, 1, 2, 4, 4, 1, 2, 3, 4, 2, 3, 3, 2]","[2.262796654156241, 2.0184348575111017, 1.904908981438623, 2.296109572554561, 2.394056604892647, 2.9827560251835785, 2.8168597366067503, 2.286809046920847, 2.472734287720005, 2.086474645574018, 2.3503388165963437, 2.043138237904593, 2.90115887897472, 2.1934788959747755, 2.283232150910143, 2.276793748396288, 3.0040632213293237, 2.564384301246106, 2.14219279480351, 2.2480327158639124, 2.165994684866634, 2.5466411401695184, 2.9936187342233125, 3.743084468286166, 2.669676140525195, 2.6807348421984294, 2.8764906741056397, 2.1929694609069896, 2.4902467031572777, 2.9190716104262497, 2.0761803663709113, 2.5340194983198745, 2.5964931938739464, 2.1092282322298175, 2.274949141260299, 2.5593145687278898, 2.485715040614264, 3.1043276327755978, 2.238400703651198, 2.5110878108281303, 2.3424125114273795, 2.7391567904060072, 2.4663269271842863, 2.8995838748913543, 2.140542822828161, 2.6408378771705863, 2.0641956695127774, 2.6542836280322053, 2.146544551231382, 2.586912211585892, 2.7115238298485815, 2.165970902794964, 2.4375228747132254, 2.073633039141761, 2.8464753988858678, 2.1451481899650693, 2.1685995406996468, 2.3400455511553955, 2.323420528198791, 2.9383301315600523, 2.101168299827944, 2.340606398814175, 2.3169079115571836, 3.9956281276515924, 2.136344041484965, 2.1650871512847782, 2.313426586768543, 2.0038326655056817, 2.858874081290145, 2.583710900516208, 2.3835312806520426, 4.328632286225269, 2.3736838081794946, 2.624209481565956, 2.3395248847181094, 2.0665787145541152, 2.2144642825409457, 2.0618991191964766, 2.1091254109367843, 2.2496140356490835, 2.112133793888264, 3.633470504177027, 2.214565141575008, 2.354187399708064, 2.590913532279608, 1.9515748077041843, 3.663765213194563, 2.6749075156541227, 2.818197666035028, 2.6326954653384758, 2.425277266692051, 3.104790419171701, 3.145310159052854, 2.346164030867147, 2.24109922687299, 2.000802977076079, 2.3460276930968282, 2.277074252250567, 2.4758938870903417, 2.225249154402883, 2.429117127345445, 2.257382909342741, 3.3318377096727474, 2.256865170137003, 2.565449662987288, 2.0784633321146773, 2.485092192728794, 2.4698425598600813, 2.3713762220090966, 1.9036406042828864, 2.2024556254976253, 2.299012274448372, 2.2140456353005, 3.317603950471269, 2.2456985320328173, 2.795705370425442, 2.3231180581311937, 1.8983325462308809, 2.0358564292906887, 2.764191767308828, 3.1371694574545033, 2.4754275332766977, 2.4657957942503215, 2.1850927976964964, 2.285597056676942, 2.7683208930284886, 2.1017951312135112, 1.9395681062042724, 1.9308004491152415, 2.3287018851528076, 2.2463385644489535, 2.7608282900560175, 2.4020450040856773, 4.285891511695284, 3.5246781281722512, 2.2165084321579815, 2.1824641661821738, 2.002633250961281, 2.0938405984047965, 2.122617624110716, 2.0639363647974296, 2.094808603791405, 1.9854959692629208, 1.8501745434899677, 3.1049710525722585, 2.334667940448523, 2.096151571855623, 2.815878997820102, 2.2500700466703147, 2.1609298161956905, 2.2120540683046084, 2.3746253366396446, 2.2579740040060337, 1.9503143579056708, 2.388526518560558, 3.946440598466851, 2.389753339070428, 2.9818812361901044, 2.272998935267391, 2.1462135517062513, 2.883621133586038, 2.252758734047992, 3.551891520853173, 2.608727262699803, 2.187515851346863, 3.7808584740752478, 2.039498713458916, 2.180913365312408, 3.8109558263039833, 2.2060279024593465, 2.4167168066953892, 2.2614890679494506, 2.6477062808868186, 2.0056163208809368, 2.269706705131587, 2.232468128823908, 2.2705272718096534, 2.4338755714053413, 2.5077408792893743, 2.287366118881904, 2.226407986527774, 2.8995970325356475, 2.6772489596377813, 2.3414515305708297, 2.5518953089331964, 3.9042459841665482, 2.0869851559243346, 2.6198732373475995, 4.16689400451399, 2.3010168505688577, 2.1955343236564957, 2.421094864512901, 2.4682967655881565, 2.3832959300567227, 2.351002647856624, 2.4125267521426137, 2.054469378755003, 3.1427658245463856, 2.5101718225303578, 2.0988913415816515, 2.263859347759234, 2.294711294255105, 2.7703200994563755, 2.14663694633256, 2.2836544190447405, 2.251191023409742, 3.030919319485835, 2.096214479205441, 2.3288135857065315, 2.504038388232197, 4.065846002421504, 3.9223594982096968, 2.144384709075768, 2.6265003591661054, 2.6987060431754966, 2.260232361571657, 2.861690958218296, 2.043988693520587, 2.964342285012321, 2.631035169621508, 2.2558903069471947, 2.01853100242336, 2.038013991882508, 2.371848113631418, 2.125017199440683, 2.016729186558018, 2.8400943208482357, 3.1053948229131363, 2.4279550960781124, 2.5776357466503033, 2.91935045157684, 2.2628778411978643, 2.212455772767356, 2.303284015090729, 2.3990287870920493, 2.2650207055924554, 1.8805371894607772, 2.134477099337074, 2.1270583754105137, 2.3029029486168655, 1.999102558951669, 2.6851403389906237, 3.118518689861647, 2.2590837689699903, 2.3517617281031526, 2.7101386605362543, 2.965933040591556, 2.961523727010183, 2.373223857271898, 2.140298875412269, 2.239475295667442, 2.288176516041876, 3.22471359529305, 2.441514926801166, 2.2575419630373608, 2.3709710525949856, 3.8447644568247545, 2.6884070543892644, 2.0284471096841994, 2.2999557986814607, 2.0809222508241985, 2.7391092262626673, 2.5642478005625904, 2.5583283317387226, 2.0088849177652897, 2.3794557020372897, 2.7917595397019994, 2.095663890566168, 2.1125367433825883, 2.2408606400936395, 3.168901591965525, 2.3814836675161875, 2.186809399226834, 3.3595675257607516, 3.3092612494765103, 2.181567602663444, 2.207346953724654, 1.9857575720512917, 4.457170905544686, 2.693282350775385, 2.3130486565545616, 2.126485811747963, 2.217178050682525, 2.646463894267874, 2.1169553340978187, 2.755868141322309, 2.018189109437178, 2.506088942635455, 2.13831631712129, 2.0750592447820266, 2.385051605992679, 2.4941306235624516, 2.234498871199786, 2.9556244093663944, 2.468310159316384, 2.9698363616039014, 2.167466568461556, 2.632662608527525, 3.0599193740165287, 1.963209563259448, 2.794266669938035, 1.9631330433560548, 2.611887538656059, 2.275790888185743, 3.9813365595621457, 2.1667618317941093, 3.9846826686784693, 2.249753483385633, 2.2805166323645327, 3.888751250570955, 2.6065499143171316, 2.416733727557205, 2.081283664563002, 2.4509564416992893, 2.2694265094854513, 2.757883585055684, 2.06719927648543, 2.2032391447126747, 3.1550802446466055, 2.4705087835339956, 2.3610344730032606, 2.146045688756071, 2.5025345157541117, 2.0228251754425592, 3.1794444285846435, 2.006371945525486, 2.4798317153573883, 2.3703609727676773, 2.680566392006643, 3.2146811868025047, 2.527689387402338, 3.089570672632342, 2.271801897936304, 2.5514207664102795, 2.2013950175326666, 2.306673508552753, 3.0351900993329606, 2.655891550324465, 2.316906243939003, 2.215188098458174, 2.5000328740844897, 1.8814281493430454, 3.4421263720540156, 2.0822151290367463, 2.414937832933668, 2.1492676620523734, 2.6383226132481203, 2.9123399414032605, 2.3613101301732486, 2.1654285978103047, 2.3564953979199004, 2.264469391577682, 1.894207916992453, 2.3171477619997676, 2.7953968560621782, 2.336288864742807, 1.8950552764099928, 2.423540752181945, 2.577813118546994, 2.300514954522806, 2.293185964529643, 2.1213651016694257, 2.37615199914035, 1.985534146162874, 2.1434340370610365, 2.3499870248588053, 2.64950356766602, 2.1900311509529873, 1.8982269382844754, 2.889493647385573, 3.741612059090296, 2.5513570821505787, 2.257228113441897, 3.457840124826285, 2.345628379615171, 2.8626157938995687, 2.9172267856337486, 2.732835396536298, 2.5982700641553094, 3.3841854799528495, 2.2487317221091794, 2.2411735440557092, 2.4963691260396206, 2.1559308270435507, 2.6998533627326706, 3.068378079538121, 3.0063861956821185, 2.151260033564057, 2.3539191199588707, 2.173523148520491, 2.487698922870527, 3.086554705515106, 2.231720332493, 2.3342731593778554, 2.356916217316088, 2.8943032406745246, 2.473588386400879, 2.1465670380878312, 2.785874237483393, 3.4387413142268306, 3.789630490458049, 2.2569046785862397, 2.1978561715175795, 2.885354129351708, 2.2040347422825946, 2.8339019149339593, 2.5735216820222044, 2.273926706829262, 3.0581681533638627, 2.938446452540881, 2.3642132008199677, 2.3525372202555435, 2.364980780115121, 2.7484851329024744, 2.460990157869997, 2.3286274837516943, 2.545541335488739, 2.745780430435371, 2.8371724961612683, 2.4537492721222685, 2.1611704269970997, 3.20799970090778, 2.5786434242518417, 2.2916075526368362, 2.3027619144150187, 2.99704196165103, 2.0767769619815244, 2.29527385605421, 1.880904943766304, 2.3654111359819217, 3.3219374518839593, 3.7369165379057394, 2.3277925448477625, 2.9966080027027817, 1.9337288886241306, 2.4527703364132516, 2.0493913858103134, 2.062998282274661, 2.620100863685098, 2.222303014702695, 3.8127654918188014, 1.9556573966742121, 2.5136823435654367, 2.6059219447664748, 2.1993962418394903, 2.6705658500110623, 2.918729585289525, 2.0480381350914403, 2.3144947502678126, 2.6444416405585076, 2.2314683149648236, 2.701149646038351, 2.3900948461407197, 2.511764353852095, 2.075760301643523, 2.123819661085177, 2.2635891763362466, 2.4071427858049255, 2.388814641563917, 2.223782593316562, 1.9526292950351092, 3.0367213525764063, 2.224700137028588, 2.1945211497859254, 2.3418041487400427, 2.3624656293292157, 2.3166782412003997, 2.302214926766607, 2.841820872691696, 2.421660594164498, 2.136242186715671, 2.1481089090677736, 2.219562143400485, 2.4391205348341685, 2.920310685549014, 3.9425322047678746, 2.727414159478054, 1.9820825229931258, 1.9516976817411462, 2.6094985935637824, 2.117205395757384, 2.475471852726567, 2.5238039973684074, 3.383155773439916, 1.9561910553165074, 2.8255708784470692, 2.4873734193349004, 2.126654568797154, 2.34673409712761, 2.4380659393701745, 2.0915738702213638, 2.3595346156975467, 2.4774969206742217, 2.624620502966441, 2.6979520299364568, 3.7384397559384204, 2.5232083541067496, 2.090339622514063, 2.620837537741948, 2.9402476306557705, 2.4726458986966593, 3.1310416757231048, 2.0697834305945033, 3.0526223578671186, 4.0016826916338015, 2.2220832413395217, 2.3085072925333403, 2.119503979445127, 2.636291514875372, 2.249421302889184, 2.441569557211933, 2.4799032861015715, 2.83420265806457, 2.4106681250008997, 2.1731781490933506, 3.194024105991478, 2.4143948764307805, 2.1629359490811684, 2.183962500312157, 2.299400714952316, 3.1779033189890624, 2.2773343459561852, 2.431590570953193, 4.096651381534803, 2.542259878020483, 2.1262018062012507, 3.994948129555084, 2.2539146269427537, 2.3442281193923575, 2.071031434717782, 2.622729676139544, 2.9831869335881884, 2.937582902069217, 2.7042950966864594, 2.4266497725155323, 2.5058862339964993, 2.715964209650669, 2.941460311171566, 2.2468693633266126, 2.0368692077488735, 2.35879405534463, 2.185267106902188, 3.048231586395759, 3.1972246611827826, 2.809231891996214, 2.89653314100692, 2.3590185268970782, 3.3844151537003464, 2.1511047311130613, 2.410054879574737, 2.4336961443987355, 3.138862583586093, 2.530225156719325, 3.0227406312743375, 2.154240719880039, 2.3667430875312268, 2.241916299005876, 3.2418708043277427, 2.301377152609262, 2.23122487266654, 2.2390669283368503, 3.9441575518250476, 3.1308106978679398, 2.1858137969101623, 3.2659294827719503, 2.1984159675289763, 3.561296262393665, 2.0976743434276477, 2.101153421097601, 3.4302764771124266, 2.2295878733999173, 2.251035189547486, 2.2152173885997346, 2.5365353077465786, 3.5592159914209827, 2.395541326469055, 2.690372475531297, 2.6243780436797914, 2.771495504955652, 3.1418208786007473, 2.285435237233095, 3.8917408100779767, 2.152195596443654, 2.6193716960477755, 2.1074354458779285, 2.260104768175547, 2.5223499714587345, 2.22921370081992, 3.9030412066291698, 2.570537374486869, 3.530509919032332, 2.126995688318588, 2.6542297994381037, 3.0425969905987613, 2.3417570664861715, 2.139834604371572, 2.0084009862869143, 3.316066836592399, 3.809108604983787, 3.843509221101254, 2.5306096099551847, 2.3586208002059204, 2.3024670154072546, 2.534217003952467, 2.890274597126392, 2.395250242319684, 2.0443219401644055, 2.3764469910561816, 2.1781192022712843, 2.220240615419362, 3.2344643919677054, 3.3284742896260555, 2.2136053046120554, 1.984433901737001, 3.41843722447679, 2.2683907433491717, 2.4743974169079572, 2.4367192221814116, 2.9698006086695696, 2.537074598417876, 1.946979466222969, 2.844480947625566, 2.669658316754409, 2.2723955819226966, 2.4895810395013864, 2.1601478110212096, 4.2425235047883, 2.8563951889769865, 3.1015956154500213, 3.347456860725467, 2.30806150153905, 2.5928293663882664, 2.249579651691641, 2.706336242351255, 3.1971524907712143, 2.2096496530630367, 2.2778929269999946, 3.400401363610854, 3.3112158744433273, 2.1674153181219054, 2.3616614595994063, 2.9640375489098005, 2.649282113171735, 2.3859581400256404, 2.7292269996180503, 1.8994589233475665, 2.6153611853838212, 2.190535257121811, 2.5016319813108763, 2.8925565247083216, 3.2968512945058985, 2.0142848860046754, 2.976012346229947, 2.3241523010917424, 1.9507092877965575, 2.403656783310349, 2.1634521601533585, 2.222306011532366, 2.8629249608312795, 2.754721139888911, 2.0430525463830906, 2.3151516480544196, 2.248046575874281, 2.1899891372787588, 2.1564793304902774, 2.7689121954237983, 2.9742884751049723, 2.174602271635467, 2.799823650591397, 2.2810337102303446, 2.8143455159831374, 3.638823147099459, 1.8850113148080019, 2.5284464173716374, 2.871964610105044, 2.3086118827011517, 2.784635688810262, 3.014572708420979, 3.5422003974393825, 2.0838498861424974, 2.5756908565779146, 3.4806806727117876, 2.000410572893523, 2.291379274781109, 2.141519682034305, 2.1828229551690645, 2.1411021773367187, 2.872334843921959, 2.1813989779218943, 2.7588574739806546, 2.3213024161699463, 2.3368369744260566, 2.116436851871979, 2.616589912240511, 3.2511018568132664, 3.197788171758348, 2.761495474549846, 1.9025459036105623, 3.855834104628149, 2.553289146528452, 2.468690678853465, 2.2006838611582054, 2.389464454883131, 2.129961031428092, 2.266709951666171, 2.1304775987976727, 3.5742992834623255, 2.4032243463898664, 2.6025670235679836, 2.468607250963228, 2.376642618648197, 2.260335678160602, 2.6185721078437396, 2.5624984934611197, 2.1452900145897305, 2.48054082111562, 2.1807655083291664, 2.536751794678914, 3.0096113553675257, 2.239988551983981, 2.237713177458185, 2.055981495849461, 2.624848517153317, 2.539403760665033, 1.9812137583920277, 2.418799175936801, 2.2549745159225716, 2.334032657417043, 2.979725451999292, 2.2859964928054533, 3.655442036136555, 2.5690957407598782, 2.4342974428559194, 2.5597780355779967, 3.0595269464696058, 2.2097392799953886, 3.0062347945281185, 2.417593796294148, 3.1054694513036454, 2.2386952167430723, 2.2616159056650247, 2.779472758066437, 2.0579876873918916, 2.5306781172502304, 2.02235349768777, 2.5275191785332836, 2.3038506864049584, 2.0496417670261984, 3.7957969836822096, 2.272234600665709, 3.289426761016867, 2.567049700403351, 2.7372010464067005, 2.3466620319274596, 2.8130661311224467, 2.387640098586982, 2.8257814881495973, 2.247995048052329, 2.6582117823565965, 3.922543647377376, 2.131332315407514, 2.754280672189854, 2.4890966029054025, 3.3450903329485207, 3.560582178107511, 2.8777341922197865, 2.4498452732189393, 2.376161166125845, 2.5666318188185477, 1.955586050459202, 1.9863252458981207, 2.273036844145407, 3.502342293975162, 2.273118500996113, 2.3465010782763804, 2.2853557046493074, 2.663100891371366, 2.7411161704613054, 2.13874206704503, 2.255296292875258, 2.430307457451297, 2.1678795891626024, 2.682508066044389, 2.8500167759987924, 2.394892888981222, 2.2117621940576253, 2.6336340677177437, 1.9096217953079078, 2.2720181851325663, 2.375348041845529, 2.367328587161433, 2.1149585078828923, 2.970181065521814, 2.0036228881797, 2.1458496122591173, 2.2468661052020167, 2.7886785696356036, 2.1258316468216556, 2.246975514843769, 2.4844971489253567, 2.3254206782474793, 2.0261442124108147, 2.5315265364247788, 4.315316618434547, 2.424320857399967, 2.602637228791297, 2.3707519456955146, 2.0080381285126716, 3.9146397459538083, 2.6707211520550507, 3.7909010044225204, 2.6169381457934167, 1.9257747029776442, 2.316477900314394, 4.188214424131933, 2.5731028010109362, 3.7670982855081228, 2.320479408988999, 2.895811602272368, 2.440970556120244, 2.4226670072766576, 2.479480569773254, 2.2955139058258593, 2.728437004360886, 2.372324111362209, 3.0368336947327257, 2.9421271868498207, 2.446368296291737, 2.43310027047239, 2.8690123933796237, 2.0408772058104203, 2.4934632281095035, 2.5864543871259085, 3.022610039722501, 2.3390172027200515, 2.038138303889751, 2.1890180360188976, 3.0897071733702792, 2.204433266773982, 3.2850184845284693, 2.4037523329417323, 2.3619620728172928, 2.184033848260231, 2.376657493757664, 2.505001970978345, 2.0113834732609277, 2.397056241796328, 3.0408749789891947, 2.301810631548216, 2.304992433322293, 2.0264043772289044, 2.604832020072978, 3.3816513111781967, 2.630714267835656, 2.252917936888033, 2.3589781979995195, 1.9146639507993517, 2.7542999470368437, 2.4225956610616475, 2.29284128855664, 2.165782803177025, 2.9576085965218923, 2.3693549533943123, 2.7242248940906775, 2.630295336941263, 2.1934897844780106, 2.817022427881139, 2.4812629359984464, 2.3675958054662285, 1.8521127823310781, 2.605592152831516, 2.6623396081036437, 2.163806411971867, 2.2450410258137383, 1.9755728378790303, 1.9321441361646001, 2.211143537893083, 2.7285627934127823, 2.3573094893040034, 2.6676111766980632, 2.1241367296445666, 2.4412929806203976, 3.111253191080637, 3.378646013738848, 2.2242480433159866, 2.7974856552146274, 3.157484377409579, 2.920192125743606, 2.3521053480103804, 2.3320934692106827, 2.9751390545008776, 2.003646372610933, 2.5362273197735954, 2.5610982628568064, 3.2039550831727013, 2.959416423882853, 2.1318722435040613, 1.9975155643312676, 2.4002397947066454, 2.2504049646482294, 2.08284086961426, 2.115494174660391, 2.571693324606039, 2.331859130283125, 2.5605802326014158, 2.7342767116122184, 2.49585565555503, 2.4831662207171923, 2.232301406458417, 2.436179673285192, 2.0052805736447405, 2.124720180498095, 2.3355125602902005, 3.6954961485121984, 3.9366208631735304, 2.005303190270614, 2.2572915322996843, 1.8910595256816713, 2.240723355702872, 2.115667857534164, 3.0384331653905208, 2.303778422862798, 2.165363749091862, 2.521702653949823, 2.2385195503947792, 2.58445385632573, 2.1177615412561286, 2.4248106384204346, 2.446710590475935, 2.472196605730408, 2.829830767794309, 2.480609427754768, 1.8977411273329796, 2.1514702203300966, 2.53636848608266, 2.0942948982694087, 2.9325161740288674, 2.909043341083128, 2.8928631009661943, 3.5992521331391085, 2.351230333212409, 2.5555968257640167, 2.469454630864106, 4.083265948575124, 2.274411528028879, 2.3273107827803274, 1.9725769026971824, 2.6375500128984646, 3.2375225218254866, 2.206925935986457, 2.262301622064845, 2.6505190011564705, 2.3536697806911, 4.027672978957811, 2.434077719014537, 2.290621315647669, 2.291423792572988, 2.4148895444650456, 2.522521067754209, 3.2333333733852108, 2.4250452144436645, 2.7600814235534528, 2.2261561178198166, 2.192050475093012, 2.282054852831823, 2.519191376633589, 3.853251521784054, 2.10030226234719, 1.9683627081423793, 2.336361134675328, 2.69671657320644, 3.733556918110967, 2.85366097611043, 2.4604489406233867, 2.786360387812694, 3.7894512474158963, 2.5015178590255385, 2.2712103005750017, 3.7230471150926094, 2.0044433696523174, 2.602297919038374, 2.559528739116455, 2.490812305579337, 3.727829693241544, 2.2519983634501237, 4.395044888949794, 2.0839236728603887, 2.108752631183046, 4.057963238698983, 2.170334912946421, 2.5599777256076273, 2.8570924603190626, 2.31833598225239, 1.996606160411453, 2.3312505305001165, 2.241808684657331, 2.304450655045923, 3.8760384531692997, 1.9954321925572558, 3.1054048729289927, 2.176212258229927, 3.152640984280365, 2.2130999092931694, 2.4183721011793398, 2.228352342932914, 3.5650375341323626, 2.158417569331388, 2.6498383411768023, 2.2596680324489364, 2.1620841703891993, 2.058444948402516, 2.3145365656000316, 2.5057153310605353, 2.384796473984276, 2.3333879698973887, 2.6468292649697265, 3.555676763276283, 2.4034425598362392, 2.4086950401704943, 2.5480090911800164, 2.798629147116747, 1.897866243530813, 2.1580791334736644, 2.1854862495556744, 2.231458159539707, 2.278619039533019, 3.7051708983420983, 2.486915610807447, 2.119284170398295, 2.5910399840792917, 3.5647511255241735, 3.3024194018655084, 2.912828907872017, 2.3227937618605368, 2.4602191960841284, 3.4341939309688927, 1.8883090954129176, 2.602851257737059, 2.25165661928416, 3.389914324378589, 2.4463813386803905, 2.1553406535595516, 2.5018068310629897, 3.052712998386921, 3.108699633953469, 2.895994686102883, 2.6727022862138816, 2.0008858516391737, 3.092489846334679, 2.556545282212048, 2.5922879292089664, 2.2638214465838358, 2.348669289617259, 2.749872385801764, 2.185160657744595, 2.408121323397379, 3.8036965694257385, 2.0940571627581575, 2.175446400452514, 3.08188632396147, 2.80090795612291, 2.4469549207262653, 2.1205252341714282, 2.269318686634199, 3.5418693145806746, 3.033542118591872, 4.041505524739694, 4.1801150826249245, 2.45147578309862, 2.7731322782199346, 2.199442717919579, 4.269278161274368, 2.3529261517841187, 2.0279042840564094, 2.7167557757498626, 3.182927998517861, 2.705949929184232, 2.321716076715842, 2.3709994941022683, 1.9761181040097013, 2.265582301936682, 2.1528320271823933, 3.242467215488901, 2.9907770804891136, 2.352297256421554, 2.379712712168075, 2.6322721046837536, 2.1764942428607155, 2.758722699208589, 3.177531232572725, 2.3703730193392936, 3.568429473093565, 2.2054421953519685, 2.11360572659797, 3.058854874715882, 2.2294868228212135, 2.225410583553071, 2.8716258519461997, 2.5308807508877593, 2.371972425638661, 2.1244110135663843, 2.349159149452816, 3.0374289579530016, 2.5632519412926302, 3.4548673658675266, 2.4267269372215914, 2.612219356871766, 3.5335587422986654, 2.309171594614441, 2.352335077024117, 2.0623589059154313, 2.2221289351449025, 2.3411078772067575, 3.858236704718897, 3.6607062447456165, 1.9966364318700651, 2.115673259183057, 2.278193154581518, 2.110722624597072, 2.684920977836992, 2.241591698959267, 3.4928293729791164, 2.442116046458298, 2.412122903184455, 2.1534440204790917, 2.473163409784788, 2.3352298371779883, 1.8787249205298813, 1.9890117521914787, 2.1139275456703492, 2.016443801697977, 2.4205782974685226, 2.288707270762568, 2.9363772974569535, 2.418484756176416, 2.0345784991517615, 2.580681347800901, 2.1269636225923043, 2.696905957678478, 2.2311907086417877, 2.6567929342338346, 2.1932225661732154, 2.308911956829842, 2.2409799535263693, 2.2974159640222567, 2.3433271809319067, 2.5815201516897472, 2.09011957199379, 2.244559620043694, 2.21163139266344, 2.5077405710812313, 2.1023930408352944, 2.708016817167077, 2.7835097458843054, 2.4506864002028252, 2.256035758774563, 1.8564769413027538, 3.278898178244658, 2.1872536783935703, 2.2921760661030683, 2.2657260137370816, 2.837756540564958, 2.030642624947318, 2.1635628501466626, 2.210219604092542, 2.161284027952771, 2.4017223462217085, 3.0998136506232683, 2.4013234657581335, 2.368298095565636, 2.559009015328856, 2.1038333298252727, 2.3815415253371572, 2.8271484020671194, 3.202691441793645, 1.9420882868161586, 2.2749180110858145, 2.195796645430007, 2.939907526827281, 2.358436612000001, 2.2303568270505827, 2.3631999370656596, 2.2933802542066974, 1.9063286973667444, 2.3385692168279917, 3.3143322125696417, 2.054129214663977, 2.362622440862964, 2.272913108693446, 2.3239180722307413, 2.15880132717158, 2.6802264527946744, 2.9373511029429675, 2.0216393165525273, 2.5595544332634517, 1.9650173633941233, 3.5816553924668435, 2.0743508279834275, 2.5856534006763674, 2.354413570537168, 1.9780983070032492, 2.464783547121591, 2.118342685226675, 2.2746302429473015, 2.5291853116734764, 2.0983656814090508, 2.471881808975072, 3.2139061902255532, 2.399424293538218, 3.017927684099077, 2.3937557152251894, 2.641254485431369, 2.3325181175582412, 2.3628074163014077, 2.524185413287871, 3.0265257955282707, 2.171411226805607, 2.8434138013593055, 2.1829251430076084, 2.5056047541581177, 2.3903954098614975, 2.2736373738161317, 2.229426871659591, 2.6011038203116943, 2.673864243505323, 2.326873502821113, 3.0018929193925934, 2.154448838977847, 2.1590874310167614, 2.027141621450676, 2.9572612802961373, 2.1720097422759705, 2.5194887522349, 2.271475843127309, 2.304941924220316, 2.3146948783936283, 3.906652359897896, 2.494552619379149, 2.107846181007145, 1.900985658598203, 2.6837127657104087, 2.6803827937871305, 2.086297718006774, 2.3913234376901213, 2.0319589289341455, 2.2101635424270567, 2.1754020810026446, 2.059745902467303, 2.459099895056566, 2.422709810928212, 2.182632896937714, 4.172957100396938, 2.175152939415031, 2.364638809300905, 3.863663129558502, 4.229346423644332, 2.257592771874172, 2.002425559598536, 2.8001107311210154, 2.2409221935712837, 2.7001369001823723, 3.509016040796653, 3.1490483872964368, 2.9065948354457403, 2.8070331998404856, 2.694526593632919, 2.732776792085798, 2.511660130318113, 3.6578819765497914, 2.6123319454731404, 4.061716717113496, 2.200714538435999, 3.698631210252757, 4.0047143948278725, 2.2980277367358606, 2.901409528114796, 1.972296556798284, 2.001458719657724, 1.988793585522096, 2.394251174726447, 2.1681390349955514, 2.1095909680575406, 2.8673833957306942, 2.671094878374816, 2.604634765156722, 2.1599983581123063, 2.007752743652631, 4.05038244176095, 3.3079756437122443, 2.5455053000186854, 2.2426758186361644, 3.646989401754589, 2.4540292192427504, 2.6210897102011756, 3.1164615534885813, 1.9029984883477946, 3.387732940679209, 2.540286554407017, 2.0188654605094936, 3.2219763296846717, 2.7217101707146334, 1.9944286628833607, 2.0503028335489892, 2.2776285118858306, 2.1699291581670686, 2.99219206860946, 2.343918583382536, 2.946214607710827, 2.1707155749133604, 2.8411489848689953, 2.3077804134268716, 2.3857959791095915, 2.038493596994521, 2.3060926548452283, 2.0851839243168926, 2.254767536829405, 4.025170881328688, 2.3139749989561107, 2.5634659788664504, 2.4013167008223775, 2.2984415047282902, 2.012814361239743, 2.1508335289715177, 2.373843133123154, 2.1674237661222597, 2.1654974183169844, 2.2423992727704714, 2.4677263512761565, 2.611099010180173, 2.616444173133827, 2.553030069448412, 2.3510338711247676, 2.8744702981573225, 2.1451685892911785, 3.014623066999413, 2.2011143153363784, 3.115204259671339, 2.267079847076395, 4.2286565559920195, 2.312599343384499, 2.2263349665590684, 1.951327621659979, 2.809160884674006, 2.2473420931357935, 2.5593120363039965, 2.5123900512981785, 2.42196803625362, 3.592345692976321, 2.940450136574948, 2.020644348015547, 2.0435616187631256, 3.2035404393515847, 3.371158413447878, 2.2867412889159775, 2.2245365600581404, 3.1119631867826354, 4.035774144486108, 2.353468278955781, 2.5937295339431783, 2.3990478928903274, 2.163646380405331, 2.130866521191086, 1.8394806874158804, 2.7562773495845616, 2.1078489508880427, 3.3566396313331524, 2.495850141094779, 3.7330617000969486, 2.722503684740915, 2.56795770637818, 3.979276696673467, 3.5445063351588706, 2.350195256360964, 2.1667578681154978, 2.3576866089370347, 2.2571244519494136, 2.333739029289018, 2.5494980000995824, 2.322628725329128, 1.993487613149422, 2.884908222546413, 2.5830443332465207, 2.249591975095154, 2.374713704447442, 3.454989858100079, 3.6525825589137995, 2.8088068574664766, 3.5827810795330555, 2.302855604731418, 2.816035522958913, 2.141338945999028, 2.6319381440372935, 2.321072629231467, 2.1447608510373066, 2.232319638060975, 2.127096580941912, 2.1070522582026583, 2.986550963522229, 2.131225645666826, 2.1812941088392384, 2.5489497367322334, 1.9881003044528027, 2.3781548964675188, 1.9683327202312262, 2.5982898994222783, 3.7388326268486063, 2.372780337777452, 2.2666266793935206, 2.055780621864806, 2.2793319339624807, 2.5115155658170703, 2.3317034064874256, 2.8247452216531013, 2.220929606131153, 2.2808080375027675, 3.3199211476248944, 2.6515003480503885, 2.5299426302755315, 3.5252188276320764, 2.62598836439372, 2.572221027005716, 2.1854008553494073, 1.9987728546417594, 2.2109323472575038, 2.184065451954662, 2.0736387451466536, 1.8487682683675835, 2.731706304783961, 2.637240140087536, 2.931228048946631, 2.8132367040299897, 2.5827948694122074, 2.9006768750971936, 2.4781350170185505, 2.442876871664929, 2.1998816112881467, 2.167776831159136, 2.787443787153713, 3.1346214474715977, 2.3791112943657517, 2.267102135590835, 2.3646066216281016, 2.474557978577988, 2.1848737992306146, 2.081322582363978, 2.2637983834973063, 1.9911667473375996, 2.6651200987082793, 2.429419580336358, 2.8215578538843906, 2.0187727868186727, 2.283107084234101, 2.0709084754753704, 2.5256816798611683, 2.568158751546567, 2.177842839222079, 3.172764812040822, 2.492672708818495, 4.1232869273079205, 2.2833904700941, 3.34163843681496, 2.5250141380284723, 3.7147028005313985, 3.4077760810964053, 2.9608081529668757, 2.0668331736925145, 2.067870576141085, 2.502407503488775, 2.656948005461087, 2.3228354141592726, 2.8481857494327003, 1.9374158287181316, 2.234716873523428, 2.267055659510746, 2.1135512531555283, 2.045724784752502, 2.612103361121342, 2.0357562818643515, 2.4189651297953607, 3.247826295759138, 2.280070417812524, 3.5365615136226767, 2.474256441363063, 3.4236725889320683, 2.7464097521004556, 3.19325929016218, 3.701571068607281, 2.2568756372955354, 2.825566926903266, 3.0289720375639195, 1.9085698973000826, 2.4070732106047643, 2.2629067046298976, 2.9160149443462893, 2.2114094020005024, 2.467391963640641, 2.056169796879413, 2.510724794773305, 3.281174424953583, 2.752901389861024, 2.595168804574515, 2.3196113499419164, 4.264061422501586, 2.361271535742254, 2.901035730682559, 2.3077426716393976, 2.566747052802284, 2.691147996076228, 2.309611299876216, 2.464750102081979, 2.6291850092144826, 2.2521635983235426, 3.671728324298682, 2.5234888720540067, 2.1600578132914814, 2.508656942631898, 2.9718108783322363, 2.9094138702730437, 2.7036928331814045, 2.8891816884136854, 2.1059510611026275, 2.915321100798751, 2.4738001973850245, 2.492181943954207, 2.1899020851695203, 2.0630507429492853, 2.789541271234085, 2.1221898939828834, 2.6648167850098945, 2.3276772122521336, 3.880051242027668, 2.346549960863081, 2.3646264400211603, 3.288471276125139, 2.2707618273495447, 2.5486719361197543, 2.0735465639130073, 2.5818855890718804, 2.189084699570156, 2.6353254179161816, 2.303669596817093, 2.26808418094088, 2.5191871542686255, 2.7835868429230284, 2.172016231662913, 2.4438520423378645, 2.6383500458324427, 1.9641832693679306, 2.3586048932248813, 3.104502125687086, 4.084992156906407, 2.4561231929025347, 2.2885350817712276, 2.239736548548783, 2.3816276339530735, 3.7785788274622734, 2.1430261839375406, 2.6782158036471007, 2.447166990396762, 2.3043023410343197, 3.916324121708085, 2.992553809607201, 2.2800255349132956, 2.593818395420312, 2.7993650183523875, 2.602113631331253, 1.9708620678286073, 1.890247334254028, 2.632955792407909, 2.266219893488604, 2.6043513395966285, 2.654408570749136, 2.215319757296597, 2.366100222992494, 2.024954389842171, 2.078427659007172, 2.1222763123124304, 2.8004179690578144, 2.732844977689504, 2.5802512893196923, 2.548492029461377, 2.733388959728025, 2.4595010651084066, 2.1874457380445618, 2.437978697753568, 2.0067895697499933, 2.218433065161079, 3.0404393157596905, 2.2662432542155706, 2.3460699347315668, 2.4301974900886925, 2.749706877335, 2.4619335133795763, 2.2513403928005853, 2.293821662190264, 2.754318690554379, 2.6901037498768128, 2.152202719610287, 2.7188530016871177, 1.9193843357284697, 4.022479032200489, 2.57203223199211, 2.647124378531558, 2.8338724422466908, 2.5803508460159637, 2.8040185336284966, 2.507433672904563, 3.685862408066181, 1.9687090713573259, 2.2976244026763846, 2.254532811985957, 2.05677796122474, 2.8055875778560058, 2.5529781138913963, 2.215202858719009, 3.063981059250366, 3.0251422124017138, 2.357522511323456, 2.33255673771878, 2.7010027245278048, 2.264636228767123, 2.374870286588137, 3.1935362120060296, 2.0663862017269055, 2.9090945069038647, 3.684982334164872, 2.4103592086321166, 2.0601096934194203, 2.4450950984201585, 3.6416475731529183, 2.1303626521179337, 2.2556548306734987, 2.25326621996273, 2.0540348181431582, 3.475882620579025, 2.2695261493745806, 2.2744344422951897, 2.22751328269551, 2.971482463372813, 2.110305149192783, 2.339980919868238, 1.9208748277066792, 2.4504761764161875, 4.279187234305881, 2.4239321397389233, 3.44699187326723, 2.199249009500778, 2.2170681217483805, 2.1509541113258175, 2.1481814390807092, 2.420942236915656, 2.3538437898367555, 2.220314523351563, 2.2800724797769303, 2.446748809113256, 2.519289335391607, 2.088637156193023, 2.453398275358353, 3.136572378050673, 3.0600024761331257, 2.0108555850204337, 2.286018765794371, 2.2214679538275615, 2.147607892381842, 3.7719444924165453, 2.280170901871865, 2.3449166530757872, 2.442114872864395, 3.8757356143031196, 3.6720883915267866, 2.8222038002467222, 2.4176247803475404, 1.9243547887075132, 2.4284027478681924, 2.773968490502309, 2.2295062940520434, 2.219241655597861, 2.9195373082461504, 4.194918293814342, 2.133968142187996, 2.011610405474393, 2.324648236417311, 2.510045363353259, 2.3738528608132072, 2.070284456415597, 2.6502420767979773, 2.8127171556567805, 2.3409861865853956, 2.460107294068462, 2.181945395405384, 2.13822602031858, 2.325102787145371, 2.6524565210124407, 3.1186408553993683, 2.7190641257242216, 3.093116254845252, 2.398962328273161, 2.25385913544219, 2.4500462920777344, 2.9390830816760523, 2.8199726795001094, 2.34976177742201, 2.091826529026933, 2.2926536661498815, 2.192152016650672, 2.773875717187858, 1.909065327808562, 2.284981000983252, 2.1855928206597874, 2.48842659239981, 1.8749752805632343, 2.252377181673275, 3.0536126577244813, 2.5939594299473607, 2.2023747651348917, 2.1791472507405274, 2.1629837270920405, 2.383108924567194, 2.686485428001403, 2.2960254674983567, 2.4566901972860142, 2.455990145376717, 2.258932067509855, 2.581129405410162, 2.5938165250982936, 2.5268991746074003, 2.4030222970920434, 2.2546373056001414, 2.4635559935336024, 2.5784917153896085, 2.2135930912750994, 3.4270145425862335, 2.2423112817434023, 2.253520416037008, 2.1610303525216237, 2.3562856728605115, 3.5494430840049427, 3.779954516725824, 2.636655038774317, 2.4420070597124113, 2.4984922198051986, 2.3100460153734383, 2.4127557810215805, 3.0836771599940556, 2.174784878008703, 2.958167274287431, 2.332681043010461, 2.7890756568889197, 2.608945018960715, 1.916292666411361, 2.2007294694329347, 2.161407050809952, 2.340229576566736, 1.9155759595677881, 2.205434725023107, 2.1104412034156423, 2.237993134120836, 2.285475405430472, 2.515379840930464, 2.689591447464202, 2.4024040039157706, 3.185227248915405, 2.269946049024018, 2.0458612713430395, 2.3703491241310632, 2.321799462786906, 2.3585254708324292, 2.8052965165277666, 2.3202751680391507, 2.3811339356486583, 2.3959238446809756, 3.7608447917909125, 2.5416137984067793, 2.4071214597616586, 2.678566735727386, 2.2898071747417754, 2.322641085473711, 2.4054689529428175, 2.1477545955679838, 2.321419629871664, 2.3907640771164056, 2.605982000390925, 2.189232124185719, 2.302601672346982, 2.0387376871654737, 2.517798124753459, 2.581122604951658, 3.5058189453378894, 2.399680666146007, 2.025344993366695, 2.5372961259987425, 2.2964638897209024, 4.044676441417191, 2.09702484805917, 3.5832062016033337, 2.4554762818993403, 2.4730899731310254, 2.2712961173272497, 2.1067668733426173, 2.2248005333442626, 2.2696266489594437, 3.012434025543292, 2.421861434885094, 2.1556319710727374, 2.531865414110544, 2.0458278403964054, 2.3718710278977286, 2.3595307856388334, 2.3287233310235154, 2.3025675450176255, 2.599748241819493, 2.054505200682727, 2.178476655977035, 2.5027459659406692, 2.0677051829870834, 2.3747518113422657, 3.33719316915532, 2.926178301450586, 2.293445831707295, 2.9859157970724444, 1.8997205261359373, 2.4348678444849456, 2.362419960184518, 2.1181538030088265, 2.27693984347516, 3.08103321753388, 2.648793153825549, 2.0659705361158105, 2.2294831228324443, 2.108225507071715, 3.745398958954948, 2.3222529800516085, 3.7304865509471323, 2.337392965400758, 2.0067380419280414, 3.7706585044682455, 2.6870055805111206, 2.279724504749467, 2.1072244179007007, 2.1531904938681627, 2.7898865925009164, 1.9283065698929955, 2.2840037790893573, 3.611349808925706, 2.0055244372877272, 2.889159830576833, 2.357195831774327, 2.316929908496344, 2.422776183229393, 2.3483790644386056, 2.85773401349133, 2.340229045155476, 3.0285493941453336, 1.9682067007992208, 3.5467004546911287, 2.0607240636042303, 1.9485411555959697, 2.7394573651497596, 2.1209013512718595, 2.0654380783481248, 2.168319557488499, 2.565962827382815, 3.242735340309744, 3.402128904815126, 2.7612298382964484, 2.332696724244005, 2.25182648729954, 2.14349035567981, 2.272327500884496, 2.6384519611465023, 2.695818549883352, 2.257227586408406]"
2.5,9358,0.6125028784767809,0.6125028784767809,0.020208358764648438,0.3112624559259073,"[2, 3, 2, 2, 3, 3, 3, 3, 3, 1, 3, 2, 3, 3, 2, 3, 3, 2, 2, 2, 2, 2, 3, 4, 4, 3, 2, 2, 3, 4, 2, 1, 2, 2, 3, 3, 2, 4, 2, 2, 3, 2, 2, 2, 1, 2, 2, 2, 1, 2, 1, 2, 1, 2, 4, 2, 3, 3, 2, 1, 2, 2, 3, 4, 1, 2, 3, 3, 2, 2, 1, 4, 1, 2, 3, 2, 2, 2, 2, 2, 2, 3, 2, 2, 2, 2, 4, 3, 3, 3, 3, 5, 3, 2, 1, 3, 2, 3, 2, 3, 2, 3, 5, 3, 3, 2, 3, 3, 2, 2, 3, 2, 2, 3, 2, 3, 3, 2, 2, 3, 4, 1, 2, 3, 3, 3, 2, 2, 2, 2, 2, 3, 2, 5, 3, 2, 2, 3, 3, 2, 1, 3, 2, 2, 3, 2, 2, 4, 3, 2, 1, 1, 1, 2, 3, 3, 3, 3, 2, 2, 2, 2, 5, 2, 2, 5, 1, 2, 5, 2, 3, 3, 3, 1, 1, 2, 3, 2, 2, 2, 2, 1, 2, 3, 2, 4, 2, 3, 5, 2, 1, 2, 4, 3, 3, 2, 3, 3, 3, 2, 2, 3, 3, 2, 2, 3, 2, 2, 2, 3, 4, 4, 2, 3, 3, 1, 3, 3, 4, 2, 1, 2, 3, 2, 1, 2, 2, 3, 1, 4, 2, 3, 2, 2, 2, 2, 2, 1, 2, 3, 2, 3, 3, 3, 4, 2, 3, 2, 3, 2, 3, 3, 4, 3, 2, 3, 3, 4, 2, 2, 2, 4, 2, 3, 1, 2, 3, 1, 2, 1, 3, 1, 2, 1, 3, 2, 3, 2, 4, 3, 2, 2, 3, 3, 2, 2, 2, 1, 2, 2, 4, 2, 3, 3, 2, 2, 4, 3, 3, 2, 2, 2, 2, 3, 3, 2, 3, 2, 2, 4, 2, 3, 2, 3, 2, 2, 2, 2, 3, 2, 3, 1, 3, 2, 4, 3, 2, 3, 3, 2, 4, 2, 3, 3, 2, 2, 2, 3, 2, 3, 3, 1, 3, 2, 3, 3, 2, 3, 2, 2, 2, 2, 1, 2, 1, 3, 2, 3, 2, 3, 3, 2, 2, 2, 2, 3, 2, 3, 2, 4, 1, 3, 2, 2, 3, 2, 2, 3, 3, 4, 3, 3, 3, 3, 3, 2, 2, 1, 3, 2, 2, 4, 2, 2, 2, 5, 2, 2, 4, 4, 4, 2, 3, 4, 2, 4, 2, 3, 3, 3, 1, 3, 2, 3, 2, 2, 4, 1, 3, 2, 3, 4, 3, 3, 1, 3, 2, 2, 3, 2, 2, 2, 2, 2, 3, 2, 3, 2, 3, 4, 1, 2, 3, 3, 2, 3, 3, 2, 3, 4, 2, 3, 3, 4, 2, 2, 3, 2, 3, 2, 2, 3, 3, 4, 3, 3, 2, 3, 3, 2, 1, 3, 2, 2, 3, 4, 3, 2, 2, 2, 2, 1, 3, 4, 2, 2, 5, 2, 4, 3, 3, 3, 3, 1, 1, 5, 3, 3, 3, 2, 2, 1, 3, 2, 4, 3, 3, 2, 3, 2, 2, 2, 3, 1, 3, 4, 3, 2, 2, 3, 3, 2, 2, 4, 2, 2, 5, 2, 2, 3, 3, 1, 2, 3, 1, 3, 4, 3, 1, 2, 3, 3, 2, 4, 2, 3, 3, 5, 3, 4, 2, 3, 3, 4, 2, 3, 2, 5, 3, 2, 3, 1, 4, 2, 2, 2, 3, 2, 2, 2, 3, 3, 3, 3, 4, 2, 3, 2, 1, 3, 1, 4, 2, 4, 3, 1, 2, 2, 2, 1, 5, 2, 3, 3, 3, 2, 2, 4, 2, 4, 3, 1, 2, 3, 2, 4, 3, 3, 1, 3, 5, 4, 2, 2, 3, 3, 3, 2, 3, 3, 2, 2, 3, 1, 1, 3, 3, 4, 4, 4, 2, 2, 3, 2, 5, 3, 2, 2, 4, 1, 3, 3, 2, 3, 4, 2, 3, 3, 2, 3, 4, 2, 3, 1, 1, 1, 2, 2, 4, 2, 2, 3, 3, 2, 2, 3, 2, 2, 3, 4, 3, 3, 1, 1, 3, 2, 4, 3, 4, 3, 3, 4, 2, 2, 3, 3, 4, 4, 2, 3, 1, 3, 2, 3, 1, 3, 3, 3, 2, 3, 2, 3, 2, 2, 2, 2, 4, 3, 3, 3, 2, 2, 4, 1, 3, 2, 3, 4, 3, 3, 2, 1, 2, 1, 1, 2, 2, 2, 3, 2, 5, 2, 2, 2, 2, 2, 3, 3, 3, 2, 2, 4, 1, 3, 2, 3, 3, 3, 2, 2, 4, 3, 2, 3, 4, 1, 2, 2, 3, 4, 2, 4, 2, 4, 5, 4, 2, 1, 4, 1, 1, 1, 3, 2, 2, 2, 3, 4, 3, 3, 3, 2, 2, 3, 1, 1, 4, 1, 4, 2, 2, 2, 3, 2, 2, 3, 3, 3, 3, 2, 3, 2, 2, 5, 1, 3, 1, 3, 5, 4, 4, 1, 2, 1, 5, 2, 4, 2, 1, 2, 1, 2, 3, 3, 2, 2, 3, 3, 3, 3, 2, 3, 3, 2, 3, 2, 2, 3, 2, 3, 1, 3, 3, 2, 2, 1, 3, 3, 2, 3, 2, 3, 5, 3, 3, 3, 1, 3, 2, 2, 3, 3, 1, 3, 2, 2, 2, 3, 2, 2, 2, 2, 2, 4, 3, 1, 2, 2, 3, 4, 2, 2, 5, 5, 2, 2, 2, 2, 3, 2, 4, 3, 3, 3, 3, 5, 2, 1, 2, 1, 3, 2, 2, 2, 3, 3, 2, 3, 1, 3, 1, 2, 3, 4, 2, 2, 2, 2, 3, 2, 4, 2, 3, 2, 1, 3, 2, 2, 3, 1, 3, 2, 2, 2, 1, 2, 3, 5, 3, 4, 3, 3, 3, 4, 2, 3, 1, 3, 4, 3, 1, 4, 3, 3, 2, 1, 2, 2, 3, 4, 1, 2, 2, 1, 3, 2, 1, 2, 2, 2, 3, 4, 1, 3, 2, 4, 2, 3, 2, 2, 2, 3, 3, 4, 3, 4, 2, 1, 5, 2, 2, 2, 1, 2, 1, 3, 3, 3, 2, 4, 2, 3, 3, 3, 2, 2, 4, 3, 2, 2, 2, 2, 3, 3, 3, 4, 4, 3, 2, 3, 3, 2, 1, 1, 3, 3, 3, 3, 1, 3, 3, 3, 2, 2, 3, 4, 3, 2, 2, 4, 2, 2, 3, 3, 2, 2, 3, 2, 4, 1, 3, 2, 3, 2, 2, 1, 4, 2, 2, 3, 2, 3, 2, 3, 4, 4, 5, 4, 2, 2, 2, 5, 2, 4, 4, 5, 3, 2, 2, 3, 2, 2, 3, 2, 3, 2, 2, 3, 3, 4, 1, 5, 3, 3, 3, 2, 2, 3, 4, 1, 2, 1, 3, 4, 1, 4, 3, 1, 1, 2, 2, 2, 2, 5, 3, 2, 2, 3, 1, 4, 2, 4, 2, 3, 2, 3, 3, 2, 2, 2, 2, 2, 2, 3, 2, 3, 2, 2, 3, 2, 3, 3, 2, 2, 3, 4, 2, 2, 2, 2, 2, 2, 2, 3, 2, 2, 2, 4, 1, 3, 4, 2, 2, 3, 2, 2, 3, 2, 3, 3, 2, 2, 2, 2, 3, 3, 2, 2, 1, 3, 3, 3, 3, 2, 2, 3, 3, 3, 2, 3, 1, 3, 3, 2, 3, 3, 5, 3, 1, 3, 2, 3, 2, 1, 4, 2, 3, 3, 2, 2, 2, 3, 2, 3, 2, 1, 1, 3, 3, 3, 3, 2, 2, 4, 3, 3, 2, 2, 3, 3, 2, 3, 3, 2, 3, 2, 4, 4, 2, 2, 4, 2, 2, 2, 2, 4, 2, 2, 2, 4, 2, 4, 2, 3, 1, 3, 2, 2, 2, 3, 2, 4, 2, 3, 2, 3, 3, 2, 4, 3, 3, 3, 4, 2, 3, 5, 2, 2, 2, 2, 2, 2, 4, 4, 2, 3, 3, 4, 4, 1, 1, 1, 2, 2, 3, 2, 2, 2, 2, 3, 3, 1, 2, 2, 2, 3, 2, 3, 3, 2, 3, 2, 3, 2, 3, 1, 5, 4, 4, 3, 2, 3, 3, 3, 3, 3, 2, 4, 2, 3, 2, 3, 4, 2, 2, 2, 4, 1, 2, 3, 3, 2, 3, 3, 3, 2, 3, 1, 1, 2, 1, 4, 3, 2, 3, 4, 4, 1, 2, 4, 1, 1, 1, 3, 3, 3, 3, 4, 2, 4, 4, 3, 2, 1, 3, 2, 3, 1, 3, 2, 3, 2, 3, 2, 4, 4, 3, 3, 2, 3, 3, 3, 2, 1, 2, 2, 2, 3, 2, 2, 1, 1, 2, 2, 3, 4, 3, 3, 2, 2, 3, 3, 2, 2, 2, 3, 2, 1, 4, 3, 2, 1, 2, 3, 3, 2, 2, 3, 3, 3, 3, 3, 2, 2, 3, 2, 2, 2, 3, 1, 3, 3, 3, 2, 2, 3, 3, 3, 3, 3, 2, 2, 3, 3, 3, 2, 3, 1, 5, 2, 4, 2, 3, 3, 2, 2, 2, 2, 3, 3, 2, 2, 3, 2, 2, 1, 1, 4, 2, 3, 3, 3, 2, 3, 2, 3, 3, 2, 4, 5, 2, 3, 2, 3, 3, 2, 2, 2, 4, 2, 2, 3, 5, 2, 2, 2, 2, 2, 2, 1, 3, 2, 4, 1, 2, 3, 1, 2, 4, 4, 2, 3, 3, 1, 1, 1, 4, 2, 4, 2, 4, 3, 3, 4, 2, 3, 3, 3, 2, 2, 2, 3, 3, 3, 2, 4, 2, 3, 3, 3, 3, 3, 3, 3, 3, 3, 3, 4, 3, 1, 4, 3, 3, 2, 3, 2, 1, 1, 3, 3, 2, 3, 2, 4, 2, 2, 2, 2, 3, 2, 3, 3, 3, 2, 1, 1, 1, 4, 3, 2, 3, 3, 3, 2, 4, 3, 4, 2, 3, 3, 5, 2, 2, 2, 2, 3, 2, 4, 2, 1, 1, 2, 2, 2, 3, 2, 3, 3, 1, 3, 3, 3, 3, 1, 4, 3, 2, 1, 2, 1, 2, 3, 2, 1, 4, 2, 2, 3, 4, 4, 4, 2, 3, 4, 2, 4, 1, 2, 2, 2, 3, 3, 3, 2, 2, 4, 2, 2, 1, 4, 3, 3, 4, 2, 4, 3, 3, 1, 5, 4, 4, 3, 1, 4, 2, 2, 3, 4, 5, 1, 2, 4, 3, 2, 3, 2, 3, 2, 3, 3, 2, 2, 2, 4, 4, 3, 3, 3, 2, 1, 4, 3, 2, 2, 3, 3, 2, 2, 2, 1, 1, 3, 4, 3, 2, 3, 3, 2, 3, 3, 3, 2, 2, 3, 3, 1, 2, 2, 2, 3, 2, 4, 2, 2, 2, 2, 2, 4, 3, 3, 3, 2, 3, 5, 3, 4, 2, 4, 2, 2, 3, 2, 2, 2, 3, 2, 2, 2, 3, 2, 1, 3, 2, 2, 1, 3, 2, 3, 2, 3, 3, 3, 3, 2, 2, 2, 3, 2, 1, 2, 2, 4, 3, 2, 2, 2, 2, 3, 3, 2, 2, 3, 5, 3, 4, 2, 2, 2, 3, 3, 2, 4, 1, 2, 1, 2, 2, 3, 1, 2, 3, 3, 2, 3, 1, 2, 4, 3, 3, 3, 2, 2, 2, 3, 3, 3, 2, 2, 2, 3, 5, 1, 3, 2, 1, 4, 2, 3, 2, 3, 3, 2, 3, 3, 1, 3, 2, 3, 3, 3, 3, 3, 3, 3, 3, 3, 2, 4, 3, 2, 1, 2, 4, 4, 1, 2, 3, 4, 2, 3, 3, 2]","[2.3381679758634095, 2.056790462922559, 1.9749082882833753, 2.350685550755105, 2.3067128896020055, 3.1377471072077547, 2.81690878805516, 2.1443528505883394, 2.505431106302998, 2.04761550018868, 2.422420543558906, 2.234715350492822, 3.0314026265261775, 2.241532759790631, 2.287747969540689, 2.205836688480667, 2.879648834759192, 2.5423225375316663, 2.0779686352785847, 2.3118160795295317, 2.0820417520514103, 2.334545084870959, 2.885031703670492, 4.129296445887181, 2.658322055464478, 2.5830514373632716, 2.700566342346979, 2.2480749352654263, 2.469456980232416, 3.1368385267714043, 2.14065045408129, 2.3723007953212027, 2.4454466262411536, 2.1561560634371304, 2.2371464798214626, 2.492987069888754, 2.5265885089155273, 3.2805307755188293, 2.290856686495871, 2.430831564275446, 2.3718535007946344, 2.5531333396207714, 2.2583462816621678, 2.880150853316845, 2.0742778445191514, 2.423900078599606, 2.2018116590976113, 2.455336058805316, 2.096123218796141, 2.7749626000251952, 2.485949656316664, 2.0820376823260753, 2.2534171659938704, 2.090830751866633, 2.77947258707505, 2.3040338439858954, 2.1033058338930446, 2.3275618468508266, 2.3019973314324584, 2.8127764954924386, 2.2132344558840527, 2.2975661819114888, 2.4174423961065408, 3.987085914548099, 2.160983800309548, 2.1634386960640577, 2.1905444453607053, 2.0542916515668406, 2.7176272712851137, 2.382525323928078, 2.2971502123330865, 4.1837519503797544, 2.6190609647848815, 2.636415276297522, 2.236647184463256, 2.2489519342191207, 2.295077289844998, 2.0225916704250193, 2.1954988478980306, 2.2195400720272613, 2.279265222765417, 3.508410899174355, 2.261231352427378, 2.3415268889126932, 2.7455556886843273, 2.024530661513185, 3.602247515263455, 2.5612359077387383, 2.768316522753953, 2.4817334082609173, 2.5408481411891377, 3.19067398073046, 2.8969885677874907, 2.3791248353919587, 2.3096996005634667, 2.012136546039285, 2.4498732179786944, 2.142686976351194, 2.5670951458755558, 2.1338183665585717, 2.478280932359739, 2.375657277463729, 3.1547081301559117, 2.205647310083193, 2.4401342781038062, 2.025426234120879, 2.4823888353519536, 2.512697780195395, 2.4017938238516607, 1.9746912362655062, 2.2531067005227574, 2.311266679217939, 2.1250842796533576, 3.291649958589786, 2.3521233079631356, 2.8568963404515095, 2.2169848865790764, 1.9529911612358597, 2.3051975335723465, 2.863132680915352, 3.359304979460748, 2.2599036298903785, 2.2582553911296848, 2.2465251301498146, 2.4043227788947914, 2.686004980135722, 2.152607800372387, 2.001657681589096, 2.0001573095155756, 2.1723401186834703, 2.48559871538371, 2.6915540606792807, 2.431268804724853, 4.343318528914975, 3.5297093186572273, 2.209334241986011, 2.169618884102913, 2.2018697525766795, 2.0905126523023263, 2.1162554668751787, 2.0961758001928055, 2.1930488732463327, 2.030335446416073, 1.965541815424766, 3.0112263480460455, 2.1941793883724574, 2.1724603658103163, 3.029986363903833, 2.312164719333234, 2.1576314419524247, 2.131560347285177, 2.2916625189682183, 2.160236755537042, 2.0243149660704276, 2.3190108732738013, 3.861760382905428, 2.2660608912883204, 2.876595667390304, 2.2759590116533612, 2.2018455845580354, 2.6594071580314456, 2.385458971682454, 3.601380770296709, 2.478951524352317, 2.1905589395729024, 3.8023957582609134, 2.1627656017746797, 2.179391293086725, 4.100995385677805, 2.243680218192424, 2.229038387695814, 2.140019949681627, 2.577550808054382, 2.054596880966969, 2.3985845203922853, 2.2406308223721876, 2.32548943595226, 2.23197469452505, 2.3070699238804884, 2.206903151598497, 2.1756533203597703, 2.8587168534373313, 2.7190539217573346, 2.444160082319324, 2.786755522409563, 3.965580422901266, 2.1001200423300213, 2.6265391128647217, 3.9709811381895577, 2.3492609722719116, 2.2311039635328123, 2.261198919871301, 2.55896382460691, 2.381327880285276, 2.514893515868038, 2.398581662056854, 2.0837752220101566, 3.0204848026680664, 2.5583825848654573, 2.2752997812917837, 2.1404255656400197, 2.488405662843822, 2.660836755165175, 2.181099714409064, 2.3833595427778915, 2.275433648915172, 2.9873986090227054, 2.1083287703295177, 2.5284796869866115, 2.310426583455297, 4.043964142270192, 3.795192149734998, 2.078343728296965, 2.5461209377951532, 2.554150700453024, 2.2944051226505353, 2.7610705143815686, 2.0611633827950664, 2.8592034248656035, 2.7371003937379403, 2.460944067604468, 2.2407297324672153, 2.018504309613521, 2.302912444426628, 2.085093833642343, 2.096414177301589, 2.795965816708473, 3.225097320914309, 2.4126200250826146, 2.646960771611224, 2.6863396889772435, 2.4469798872222506, 2.353780115670322, 2.2003320647982068, 2.567942994237725, 2.140624303893881, 2.07310821688289, 2.19983717510519, 2.1832464992140452, 2.424896053886992, 2.011845560677829, 2.5378155986185162, 3.186650867246952, 2.34094104355979, 2.5059156034039565, 2.5812519304284023, 2.735947818168381, 2.9809579935574386, 2.427079505699931, 2.0984628607443394, 2.311671377638042, 2.1445868597951048, 3.190862796009161, 2.615898117829889, 2.1601628221934552, 2.354992014220516, 3.9505076788273588, 2.595296292177059, 2.0585038172886136, 2.3011884444959274, 2.0674836662403937, 2.553125200170101, 2.337558038194005, 2.513636623204796, 2.013519574365645, 2.2642987002182453, 2.770852035447818, 2.090824664578013, 2.170911205894206, 2.1504913418860694, 3.054306204502396, 2.223009089611943, 2.127240333842025, 3.6521245516090026, 3.3764883031862025, 2.213392756599418, 2.3354959792296, 2.030380213394759, 4.461399325491046, 2.8487482941032773, 2.3592689705149588, 2.1343272993109226, 2.286835515476834, 2.611845637940118, 2.0528315314930983, 2.567516357249096, 2.056748409094097, 2.3699849485156403, 2.0773052700489725, 2.1013001265077906, 2.5854174646794865, 2.4886636750570457, 2.360960695904558, 2.6590589472000463, 2.3890447477588572, 2.955536083682528, 2.110484048015171, 2.415684203387055, 2.9578804258155955, 2.054712086770122, 2.7196207285037097, 2.1080608198889528, 2.6200911090133934, 2.2448379299634826, 4.111054645155039, 2.1446280023020274, 3.8050661814870903, 2.2403822590091624, 2.3077121700373207, 3.8379011829243685, 2.5495381605507035, 2.37379124325491, 2.0883638373254216, 2.6531026276034497, 2.20383322212076, 2.4331490826242925, 2.044316987804625, 2.2931563794868555, 3.051941015795178, 2.340640745821586, 2.3358817235367795, 2.1210073544113537, 2.652655648712789, 2.015905111699538, 3.1585216173924686, 2.0130895400552418, 2.477135547093395, 2.340496737846813, 2.637708709212069, 2.94366512811306, 2.740171166943505, 2.9477802176384302, 2.3313922632914297, 2.3960969246087913, 2.1089179851300734, 2.337157789465564, 2.5846949929057224, 2.5852275577906023, 2.41703830062223, 2.1328394025354456, 2.419644730657657, 1.9708901128025729, 3.400791816642613, 2.0885232349010443, 2.7453461136026176, 2.251376964174023, 2.4734230417353906, 2.758541305188226, 2.3427457716505398, 2.102763203848372, 2.2194756946535192, 2.157939845704862, 2.075447630662986, 2.1703629104581936, 2.6234913866960885, 2.349056998106907, 1.9732220654195545, 2.4557656050576258, 2.553316919477704, 2.3260661111856407, 2.473374140236722, 2.116041128007533, 2.2436577695603814, 2.18568494920934, 2.211434323324608, 2.329638135446693, 2.6473465048357716, 2.1069733347074773, 1.994583142381674, 2.8044193145169203, 3.8427510917802667, 2.639408690615884, 2.1392907905590977, 3.292712149412426, 2.2984255722447395, 2.7182675747378275, 2.893534520357059, 2.630548708332026, 2.5513543921656705, 3.3791612617533406, 2.3425779796001365, 2.360783211207023, 2.4991111258693133, 2.3721101364141073, 2.6363030929039075, 3.1427918613683636, 2.66131814910036, 2.2235274915340675, 2.334649721334798, 2.1249667139548456, 2.6014568904271957, 2.9824733078159853, 2.3604852163279135, 2.317300725314701, 2.279538888286328, 2.9016758227659714, 2.2595889044644686, 2.222724399067952, 2.7921628135056764, 3.320855184394666, 3.6014274265565875, 2.262424336677346, 2.1291307212601542, 2.806152994851789, 2.182605214606348, 2.9604526878152857, 2.455502674460847, 2.3565378535657002, 2.9097259068138692, 2.915491521169535, 2.199235343813697, 2.381160099317505, 2.3125177995916557, 2.4922746877748816, 2.401440240939724, 2.4686851589868235, 2.4906444966714534, 2.4842378435565458, 2.9996345835947884, 2.431035521141068, 2.252094140762643, 3.3977557480836014, 2.5163703171348835, 2.370733463009116, 2.3119083392457647, 2.9823299647904467, 2.0875926243744303, 2.250635758900891, 1.9708005788452017, 2.3428706081228623, 3.3475438645672115, 3.8835842148614876, 2.316191725160901, 2.959187136338172, 1.9798401171018958, 2.607231198692086, 2.104467312362169, 2.163378545557058, 2.449486506923743, 2.2496718422907556, 3.896563925530063, 2.025229297695702, 2.516575171932947, 2.471452681035775, 2.1051675050657264, 2.562934995408259, 2.7524645481073007, 2.020219698842243, 2.43784776590248, 2.599144543006634, 2.216434871596621, 2.454851777263822, 2.359194853173956, 2.4873281757210255, 2.067343065636287, 2.360567263904893, 2.4683093670572567, 2.357961015021827, 2.513763528120438, 2.1335674001629106, 2.1062633578659735, 2.655339315108403, 2.3808449457775636, 2.3963379384669987, 2.318589471670799, 2.477655676320016, 2.232737534991388, 2.3118147355630585, 2.6700028738456316, 2.5685949647482826, 2.193307969043441, 2.222988252927174, 2.235215742696321, 2.416795059604744, 2.889911075145702, 3.7278459118179677, 2.6886675285717714, 2.0089329939130476, 2.024551688427416, 2.3869382627663795, 2.146740628787738, 2.2807295379709394, 2.503014870554893, 3.259113408367822, 1.983683972680847, 2.6149924235229545, 2.589877913554718, 2.1701062147348167, 2.2170625426098844, 2.447497300375554, 2.2956086391747457, 2.2124361651428437, 2.384189391485954, 2.4566873815647448, 2.5434164471351983, 4.149319939789182, 2.342058406133725, 2.1886737722925407, 2.5103464933546173, 2.960282265582258, 2.3617981908065597, 3.1093523884904424, 2.1045484787007678, 2.5876781015763117, 4.009723763855623, 2.2780265572103273, 2.262750608765082, 2.053267670391504, 2.462321529932571, 2.221970881537475, 2.4889424386338583, 2.475475072444903, 2.926787787267212, 2.340438258009199, 2.4643609852014206, 3.079423637948763, 2.5036298523490497, 2.222117103537372, 2.3246630386260394, 2.3113331513984114, 3.120419112279621, 2.3682909495205324, 2.4310680569226992, 4.01407703299486, 2.4861458922733948, 2.300791629468975, 4.276488428347667, 2.220276014025349, 2.294777513601324, 2.0241544449536772, 2.6124902156106256, 2.738900403898957, 2.671847940210714, 2.6686354504581256, 2.342014365270617, 2.3449807560030442, 2.6870975752680106, 2.9296697860477265, 2.2815253595034033, 2.0391267314273294, 2.469280234274393, 2.269262576791226, 3.031031452308475, 3.144022508028643, 2.8133394117860044, 2.849702659594154, 2.3204031252871546, 3.3392225421351003, 2.2026825914019432, 2.4118211769577615, 2.2842002418538376, 3.3532630341688607, 2.5041136963953554, 2.8272213072816297, 2.22403756377606, 2.4000563281631284, 2.2429903896989107, 3.4056550934821432, 2.2700347230538833, 2.360400430383433, 2.276579818715149, 4.26779685160712, 3.0554025624071697, 2.1062516367480626, 3.2326399031157265, 2.1924242303514654, 3.4950382880853494, 2.1935392751492055, 2.1515533402525873, 3.49823362235315, 2.3601202976228706, 2.282238239724592, 2.3146904144172358, 2.4890889513053356, 3.7398101360035234, 2.4509741817631645, 2.6317720913088127, 2.8428989607244457, 2.692449230995542, 2.922706968699077, 2.2673066505042905, 4.063909813951245, 2.111279229198719, 2.5749926802544625, 2.153573003564349, 2.1498474456678554, 2.5466526552948703, 2.236867372894794, 3.5876737760802406, 2.498330401134791, 3.657602290689612, 2.0927779045707333, 2.53936947916799, 3.111972787903094, 2.330104689513028, 2.1199444778113508, 2.0308466470650752, 3.2450582542019824, 3.831281534907958, 3.943461617648059, 2.300229414503462, 2.2921446452510272, 2.1886689802688046, 2.5455034717680816, 2.8553717315082037, 2.2461832292108257, 2.2243249026756264, 2.543260343114652, 2.2128026464258364, 2.2591691804769556, 3.1586229428891235, 3.474050842034478, 2.1734624515544034, 2.072533088979599, 3.5151580643302496, 2.260036813342216, 2.5600221851945966, 2.495859562434423, 2.81534720798559, 2.523070744478909, 1.9821076324010725, 2.531241418526539, 2.6753755774594077, 2.2291232876444247, 2.5087034478603867, 2.1716865916518717, 4.261176156927681, 2.6496522703448178, 2.9918784531145004, 3.6277892732980273, 2.3943674815708587, 2.36401014647022, 2.1796185894112172, 2.587432496686449, 3.324065082730616, 2.337589347049112, 2.2052820443400365, 3.3907506502643945, 3.3491732080096877, 2.166300896459786, 2.3011692454081163, 2.8712921943758296, 2.711450968814336, 2.2453358529735326, 3.134255623531807, 1.9739756428940938, 2.514892149244034, 2.1278779241445154, 2.538956093310687, 2.568401549365477, 3.138656667557285, 2.0560802958515936, 3.042053783533955, 2.1923798914868113, 1.982745900991119, 2.389907973925187, 2.1440616321929, 2.2256474982668166, 2.718320481167183, 2.786791024105611, 2.0401848600144414, 2.3178046756693087, 2.2817268109074877, 2.2301550392421907, 2.122050077464729, 2.626331273611055, 2.7373776483360936, 2.115113588751888, 2.9406195707651244, 2.1742472508801427, 2.71812212303949, 4.09063632310089, 1.9715032847530531, 2.2897948511547552, 2.7392892227502474, 2.455195588486609, 2.7993088635777115, 2.871560896545515, 3.558148145656222, 2.099583516873351, 2.6999799736541865, 3.475892247182408, 2.012069395571257, 2.285344286174231, 2.1543098677914707, 2.310480967204165, 2.1725785728758575, 2.8345673416916277, 2.126314471328302, 2.588846232983647, 2.1918922027341616, 2.5155027958738483, 2.2675483317272627, 2.5512562629296487, 3.2365155801574206, 3.284986910219024, 2.694853033612983, 2.00932367646258, 3.883115751194385, 2.3988804436480424, 2.3334717688842854, 2.2528035059852964, 2.5240639275916767, 2.157427711744194, 2.161731701310116, 2.1176005110984115, 3.7475639089267387, 2.380197537741179, 2.498138721260014, 2.540676805758516, 2.374531215657901, 2.33380977698941, 2.589823677406259, 2.4112369331395613, 2.2016875435575245, 2.3979689871802807, 2.1470243922368137, 2.783358626131051, 3.155671192968481, 2.167939514107936, 2.352215697487797, 2.103131258967083, 2.5975536801017247, 2.4964110755198625, 1.9879660020208718, 2.271031382497524, 2.343646282500586, 2.301938428187184, 2.9157241637519657, 2.144213801639392, 3.670179460356696, 2.6562798894276867, 2.24282742050527, 2.5239224958683804, 3.052367245069386, 2.1311642273525657, 3.1231821821699417, 2.413111279888971, 3.187285407410328, 2.3232486839853483, 2.1400416548834134, 2.6593478866314983, 2.042740647524851, 2.3717289989116286, 2.0158243954803927, 2.486803317322199, 2.3128373981172192, 2.164501339630077, 3.8936601765035066, 2.141858787245512, 3.173525603469252, 2.5244023906824675, 2.9283960130259117, 2.1962318865164328, 2.6789322356666654, 2.2738140981777524, 2.787428006113831, 2.281717993169262, 2.5375605136360893, 3.9868859848911526, 2.07611012737558, 2.8058753475659453, 2.406249977998193, 3.481935028683718, 3.755365066796899, 2.7779639197912434, 2.428694724074067, 2.242916596341895, 2.469498235536815, 2.0252170885196965, 2.132847927295625, 2.320823061509552, 3.4419524275265427, 2.1420100453704642, 2.2667741516356776, 2.454977608881227, 2.656329304646876, 2.5846780686450397, 2.1613941642808316, 2.364519670710056, 2.5579744397542568, 2.1448192793927747, 2.6128144972746257, 2.924953382240152, 2.6588298500002443, 2.1731470478409376, 2.533693565099162, 1.9757147721872703, 2.2650106471277685, 2.3035113723384355, 2.3802828453397002, 2.1548603933453356, 2.749731565537528, 2.2173602460522503, 2.2226016290203447, 2.3515320410161564, 2.7038939611518726, 2.138366534794011, 2.1791729544870297, 2.28227399873559, 2.1925969435046806, 2.0581097322186697, 2.4698916705570024, 4.3746694296902655, 2.29675826520715, 2.376469057382671, 2.274332538038517, 2.055011314663588, 4.044003005972969, 2.539701189162324, 3.7378831886510904, 2.612049777180051, 2.0416766645232607, 2.1702482798612563, 4.26964567325488, 2.4762636989366213, 4.0132720589903075, 2.2333880127574397, 2.7239482330179965, 2.2331888292500057, 2.250874944234578, 2.3230521805247877, 2.320128857863861, 2.8169519741074773, 2.3412221096320183, 2.7145925964790116, 2.7318740231079994, 2.480490310009161, 2.3796253723033645, 3.075112182100896, 2.0606309270637313, 2.5803316041338342, 2.769387071625437, 2.9386121776068395, 2.5336608212166207, 2.060162230362645, 2.2299888587910095, 2.936698493645989, 2.21408474607577, 3.303053511718241, 2.2476381560181045, 2.3741077407456985, 2.1368297508961533, 2.345372101066756, 2.3622393216593345, 2.0555837893607176, 2.204855634501396, 3.1215644896280708, 2.311745550232363, 2.269708743769056, 2.0165176053624627, 2.7473461673932214, 3.463597096657365, 2.599425017446831, 2.2825604263136166, 2.382262316595747, 2.0148058246569898, 2.750226168484545, 2.2508627350585733, 2.3308680596331035, 2.144460465275735, 2.713704967383668, 2.3581238960339364, 2.5297597834804715, 2.5636659996409645, 2.251572414071445, 2.8459202857673125, 2.3632727879529583, 2.323003088796657, 1.9658734980395722, 2.584922394566583, 2.622282928445104, 2.1456077376601224, 2.277804045803957, 2.081797265504039, 2.000387248997006, 2.2369816353217624, 2.6415405662284606, 2.3819767575347375, 2.7295048748624002, 2.300438241652382, 2.5110331263639667, 3.1501288978598962, 3.3276279019057124, 2.341407201058846, 2.7572676194590797, 3.1639963116892194, 2.7891788412770593, 2.3708464988136164, 2.2468987525889523, 3.0572254818582802, 2.054259772051716, 2.7183574628389264, 2.460207965284939, 3.075625901232865, 3.039213793537648, 2.178573093263556, 2.043172841784684, 2.226218746326183, 2.2821303920032134, 2.110191381045912, 2.094218137219886, 2.543573299784637, 2.2353353763302595, 2.4863723995949694, 2.767632382709129, 2.5943484526153573, 2.384416812897208, 2.237395758900794, 2.508838414475361, 2.320014489030973, 2.054160296814991, 2.2325521343205414, 3.524522268178992, 4.061765989402703, 2.0545432962500576, 2.1393016431599907, 1.9899481753445096, 2.136466401176575, 2.0734295349548963, 3.072678726634681, 2.249627318395276, 2.35479286833204, 2.359439127310975, 2.1360892732955277, 2.6967657994016236, 2.231796484044694, 2.2304234508848415, 2.59596890589815, 2.51407185946439, 2.745164601219437, 2.538579507547801, 2.0052805405116056, 2.150354549735514, 2.365128767736564, 2.122189251500439, 3.063933056415361, 2.755374184620762, 2.80364010718884, 3.756725736948291, 2.3086575274159635, 2.5408187740203663, 2.5767737560966144, 4.189231312886536, 2.24460188589405, 2.2536543116143046, 1.986488013436694, 2.7522166991247823, 3.4456032757981325, 2.2330533619682997, 2.1401589986305742, 2.5570624044076484, 2.4746432635891247, 3.8879897774297696, 2.2320092871903983, 2.3913830163251584, 2.348549617883283, 2.284363791612504, 2.382647176437395, 2.906213039280899, 2.251281916768083, 2.6806723140445534, 2.113155247491413, 2.2729137713247907, 2.329738370062187, 2.3697633215748013, 4.087414945268739, 2.1939889797987284, 2.0381840368114728, 2.356628983348917, 2.76403636181821, 3.9867139427753338, 2.6143646043688014, 2.33889265307979, 2.642763337986217, 3.7923429283890777, 2.542184073329934, 2.365923274305187, 3.5653764134837007, 2.2175006515763096, 2.5087340071974067, 2.649337646329695, 2.4672775014553605, 3.7585157775280766, 2.2824030636006616, 4.316825130356292, 2.131195000466103, 2.202605245488723, 4.022587943180129, 2.0827844769250565, 2.5671194911669724, 2.66720807166096, 2.2095371972172337, 2.0322366864350956, 2.172776257581876, 2.115833805049429, 2.182191556061874, 4.122197085687933, 2.01121746640112, 3.0379287147752945, 2.330168030478468, 3.106190734433051, 2.1924732401454072, 2.260920508023347, 2.2374627142887746, 3.8732685626881462, 2.122381760079535, 2.7017224802819872, 2.366967104633717, 2.1653885996971796, 2.0844555444286654, 2.2722866377392754, 2.3881146180245505, 2.503038125120669, 2.3570648452177902, 2.657320943754133, 3.6974571179860405, 2.3113380782253765, 2.2484839806002386, 2.3463024513706228, 2.5945200210802937, 1.9945214182140925, 2.15392270176648, 2.1478322327158206, 2.421174274294716, 2.3891681888282337, 3.7227824384495847, 2.487039572260351, 2.1156850270407164, 2.6547300323986316, 3.669812485404181, 3.0126444863514292, 2.794790754521115, 2.1821096194370115, 2.420405584264486, 3.4471188438100575, 1.9720676199995129, 2.6698224284635708, 2.179974012090478, 3.5405155330548825, 2.552006997316617, 2.2543174312012955, 2.448340624217817, 3.0497444829646367, 3.220220465189838, 2.926581462763474, 2.514111679517995, 2.029560613859201, 3.0734393347587297, 2.4185349271295387, 2.4871063867728975, 2.3451602203252238, 2.2805914174830724, 2.813802959471451, 2.20851043808173, 2.4323086195479573, 3.8348287183453196, 2.0489130642830045, 2.2276664021998096, 2.8712177842166224, 2.7476233720965353, 2.4805906965674254, 2.166593536573037, 2.4993814743477145, 3.5780639551457876, 3.1679989823717913, 4.123990492135849, 4.339057975067002, 2.4706103940944106, 2.708389397939558, 2.1574051158601253, 4.168097747187755, 2.3070465039981394, 2.1007903155219547, 2.7871254299198633, 3.105917131815107, 2.597202274469523, 2.233599638474862, 2.267558023882128, 2.0711100416874446, 2.1971012450003413, 2.1006076059959087, 3.0892614103118867, 2.5770947808425233, 2.3135538548070125, 2.7016449120202504, 2.7210609438378532, 2.294076820390876, 2.882139914759632, 3.10119573987034, 2.397456588130984, 3.6677835999314325, 2.3067777021800975, 2.2244559641166743, 2.838696662791578, 2.3400274233101266, 2.1304375532121576, 2.8347705647767283, 2.671493485917957, 2.3445703651757523, 2.054107390385635, 2.1966592076766123, 3.11667734521491, 2.3474520063607063, 3.292203433745545, 2.575701871369082, 2.6999910166443835, 3.445808882441595, 2.225378820169372, 2.43067508690159, 2.022670351781497, 2.1857015972987623, 2.385860191501029, 4.01678017749427, 3.566731134044198, 1.9906052189006496, 2.1150671070773455, 2.2700310003666617, 2.1142199259201, 2.5095876415224017, 2.299719489877174, 3.49407577741998, 2.3446610433135087, 2.2282522524185944, 2.2239012279773362, 2.6885016689080183, 2.3836955428919833, 1.9704275206894892, 2.030937087478104, 2.104014431978546, 2.0963653405975684, 2.3320697585555847, 2.3034290933814994, 3.0521668486304154, 2.310893175808654, 2.201839224945923, 2.5021550411848206, 2.054544207571597, 2.625183688930635, 2.1348351196047775, 2.618869958554033, 2.308852170614488, 2.189771875834602, 2.1796324432897944, 2.2617828616803455, 2.3480117618336105, 2.647625493415948, 2.1922464590677726, 2.2534949029560503, 2.1731246643515947, 2.5649709342814866, 2.247506688468448, 2.615694218109266, 2.7296638807366254, 2.3372220308297535, 2.2155431674021684, 2.048172564501488, 3.1898909013350263, 2.2512479975397053, 2.1876506755674394, 2.3509833236828634, 2.5491879739424275, 2.0762894123757927, 2.2295964773342916, 2.152064747064269, 2.143690608899855, 2.388257248656366, 3.298072158098569, 2.3495930845267554, 2.3439415926114875, 2.6377254333669815, 2.255327158956471, 2.5208356523543207, 2.914667639753563, 3.2473285853485288, 1.9812706255571646, 2.142317987920816, 2.2519671774289445, 2.7314941820767284, 2.42380628503549, 2.360251885408704, 2.2406985960342944, 2.3424425890692784, 1.9959695621458131, 2.378769813970721, 3.5238197341678115, 2.1291297926392323, 2.272941370261487, 2.162793221335007, 2.295453121094996, 2.1016291070550057, 2.596021239665409, 2.8126089584661456, 1.994883856802895, 2.4398681943018685, 2.0376115621143427, 3.5126558726040877, 2.1045873361714986, 2.5459622285563093, 2.3693665831388553, 1.9874328680019806, 2.4836416339935985, 2.2078566939646613, 2.321095733107, 2.5368543021264873, 2.0496503628562035, 2.499626828904211, 3.2298258931758124, 2.4100020097329957, 3.0853660429410312, 2.400527704926384, 2.524834724928871, 2.419370962707845, 2.565506336037187, 2.5440847635967723, 2.7463168000345233, 2.145423633605029, 2.926856834902507, 2.2081278839002354, 2.4698088706137593, 2.3548932023562426, 2.215146819301455, 2.1345332816424283, 2.5926848998270375, 2.4751520455766602, 2.288384871506401, 2.9280986596736724, 2.1739322655798676, 2.1224963906764724, 2.016643766847849, 2.7161093236792038, 2.145526055025961, 2.5346180196169272, 2.130975005748117, 2.3614703102843397, 2.2329533493041573, 3.877250820522358, 2.4372752834472977, 2.0995653157316823, 1.9950552305205393, 2.615902635528053, 2.6038095166882482, 2.0892218710835606, 2.277852850453332, 2.059104780063089, 2.2127890759839755, 2.206840494119249, 2.1560051034888614, 2.3134903877214, 2.5218545149472233, 2.3528278330299757, 4.19554689093273, 2.146063937057743, 2.420327032685515, 4.099261025021151, 4.34597064799828, 2.1393531930142347, 2.054050859484517, 2.4893839781546574, 2.337833129978926, 2.5048193830861787, 3.459478333306204, 3.22195254373506, 3.206391025654067, 2.441559848316722, 2.548743472100367, 2.8076709298490603, 2.399357240479367, 3.6926432561087594, 2.5605920004378926, 4.145628085417386, 2.2102274609150965, 3.7759961135600557, 3.7384868869940022, 2.5086330357473816, 2.7511592650266894, 2.0454865726363654, 2.216989901046761, 2.0906890290722675, 2.3695688528323626, 2.0824087056191205, 2.13312354507728, 2.8891828061972307, 2.833214338197964, 2.528418699668857, 2.1018339498968697, 2.054962477959567, 4.048149186538954, 3.317651889058193, 2.5390918539031953, 2.40757085874898, 3.815778183747928, 2.3794307210742205, 2.597653193292386, 3.0234084629075806, 1.9745813536814598, 3.43233691305639, 2.5211278380077524, 2.0152275024312525, 3.274410416771459, 2.465929830881975, 1.9902274127320458, 2.0622438948715214, 2.2767512515185837, 2.2691016495505703, 2.6660593579838343, 2.3677725254331436, 2.8790227627365126, 2.164401864393352, 2.875667279653344, 2.324290408584358, 2.3391744083623647, 2.018586382407778, 2.305647056768573, 2.0890312722803692, 2.2412402927673014, 4.1185558272350855, 2.281463855761167, 2.7784836537389372, 2.562474498594172, 2.311169005809898, 2.0558286511683765, 2.1526827921144025, 2.2633382450391744, 2.144741276323853, 2.144411628571714, 2.1159348698952494, 2.7736641026192053, 2.586648193273955, 2.5833853987975193, 2.3571994611220197, 2.350448078575973, 2.947139229140598, 2.2372148962476865, 2.786659326132824, 2.1296882736310554, 3.1299867036356233, 2.232177285258935, 4.2973846881045725, 2.455877945767785, 2.4299459267456514, 1.98285171384983, 2.5499792262607786, 2.2323956080699587, 2.5592177418775224, 2.4925310756204038, 2.3578179193863757, 3.7547527982500637, 2.89335745421693, 2.0679490965904628, 2.0510525083208897, 3.1467423963076633, 3.1483535206754985, 2.273027332440998, 2.2360669935789015, 3.043242882821168, 4.161076986250954, 2.330649890290857, 2.4550380781579495, 2.4914898442781253, 2.1440948682831364, 2.1291903405717827, 2.0452640674620413, 2.622294213850773, 2.138322623883546, 3.3569463833996265, 2.4681396049388344, 3.5393564624380573, 2.605157185227734, 2.444539338239371, 4.059792185223843, 3.67562903190741, 2.320025406426515, 2.1446273240144715, 2.3213073699070543, 2.2340696217577745, 2.310190540767656, 2.549048424326748, 2.223718025194559, 2.13407359290903, 2.684193105850031, 2.7373371163631743, 2.230316829801227, 2.2218505744665666, 3.2607023445507135, 3.807248167759583, 2.5597955053086174, 3.783998755638483, 2.2702877243122117, 2.9220392563018054, 2.2218297377817975, 2.7003320175043064, 2.332062232089929, 2.21558405591839, 2.1142099846407456, 2.1170219318132792, 2.113591831643391, 2.880428169861471, 2.1389145407516934, 2.213345954758065, 2.539681285789221, 2.0731605049687523, 2.243257774982483, 2.048959438010326, 2.779902315829691, 3.679721608166262, 2.5178774979062304, 2.4389296219454084, 2.2045228075463625, 2.2725021427927294, 2.4948452196710127, 2.3567765730065577, 2.588598049731494, 2.291087846383019, 2.143325923228796, 3.1473326452100547, 2.5073035429128243, 2.296706839057877, 3.497354392314596, 2.4921306577790596, 2.328168524182128, 2.0853626479248084, 1.9909708158932478, 2.1313683919068738, 2.1233623357171796, 2.27097841127352, 1.9129105792208758, 2.605775415976427, 2.6511127948566164, 2.9910947633547553, 2.566553063833039, 2.5246547363111014, 2.6979146581997773, 2.4791095384968203, 2.332477181208543, 2.129477326201189, 2.307906187642192, 3.0781334576142667, 3.3525372664841107, 2.314935894728229, 2.316399041902254, 2.383225484925041, 2.485314291106303, 2.200887349272457, 2.0675521732835334, 2.365974597517335, 2.0876867001820125, 2.6674287815870286, 2.638055054263112, 2.648786531482086, 2.2407711080081216, 2.2593342436037593, 2.09736890800353, 2.635798401121454, 2.5931139331236595, 2.104887600473266, 3.4307521757424198, 2.5092325121539427, 3.9837865257291316, 2.1927765866256386, 3.352761358961064, 2.53592421983634, 3.895104012985165, 3.6599704676663865, 2.816623064221613, 2.058255785994527, 2.0860685122364555, 2.5108983863910885, 2.7307808092037997, 2.3815745377048683, 2.7596896901753247, 2.0012893714462745, 2.3609980017201293, 2.2641614311078553, 2.0730673294000774, 2.0614604727445247, 2.4804595268464005, 2.141306851404519, 2.292620847285914, 3.279370271859917, 2.2718857744845176, 3.5793355863625242, 2.322158197526189, 3.4652208118094863, 2.6151084307934487, 3.1769495791923394, 3.4508408551632606, 2.3579730611724297, 2.698293806696123, 3.097334498988461, 2.0071336221141634, 2.4459697795004174, 2.4473742546802058, 3.0322455655359013, 2.400131624313873, 2.488820709685297, 2.0840662073716127, 2.428103746765259, 3.1575350169849785, 2.513848747029535, 2.466781054908547, 2.2824283806655727, 4.263527774525303, 2.5868452646752758, 2.724842216016595, 2.189571781005629, 2.566376675820625, 2.5240994738269777, 2.394632692005193, 2.2788947701323896, 2.5458376086768593, 2.2831740814716053, 3.696671348079726, 2.472869304065714, 2.1018441242102073, 2.57136767383132, 2.573849174887824, 2.919873705451112, 3.048333823234144, 2.9445801439893597, 2.183410627503176, 2.887321797554355, 2.50844499764375, 2.639339049554306, 2.311692388778897, 2.085243714568553, 2.916909496689164, 2.240113907310574, 2.5411811852296413, 2.225324693334299, 4.052085469405739, 2.248442365808598, 2.3832288763628204, 3.244943836749308, 2.2080253862539716, 2.4342080523798173, 2.08703982001642, 2.5922013422850876, 2.2091819427620125, 2.8941078005751315, 2.3120636670960524, 2.200750295881372, 2.5884908054538003, 2.7900576827971406, 2.1038905177661795, 2.346116881426701, 2.451664765295081, 2.0266882942283155, 2.361380110648051, 3.3104194843397545, 4.170429436862732, 2.451303509348493, 2.271043646767006, 2.2178497794381054, 2.484951349976379, 3.8296552338578493, 2.2620340663086274, 3.0123485957709355, 2.5107186275801525, 2.326173393750026, 3.982788271985651, 2.902663163583525, 2.2871992349080137, 2.5484411433117833, 3.1424819123084298, 2.822976736160723, 2.027831208759908, 1.9723993026143192, 2.472504640384782, 2.2032844874880846, 2.67518230864327, 2.5900696087102735, 2.285399725413729, 2.3265089078728427, 2.037087799034471, 2.0254201295328764, 2.0645226208923373, 2.5219800582489578, 2.6838834116985906, 2.435835959813218, 2.66822661319297, 2.725315193296109, 2.3943541607946295, 2.2143986570447303, 2.2534951690627922, 2.054797654083498, 2.1742886057974182, 3.1064814175476974, 2.3455746540218425, 2.4216900278612656, 2.4676852773631834, 2.7496420809494806, 2.401601673378014, 2.282290467866392, 2.2479234600550035, 2.7352615486842478, 2.726765557136618, 2.1636976288204677, 2.685897182548831, 1.9773853944373068, 3.80226079676477, 2.5737229359991507, 2.8083347356415014, 2.8417705944009386, 2.5091028830054456, 2.704442207218561, 2.5541644775654575, 3.5173765040874625, 2.00664445169964, 2.1778024934574205, 2.1388295550211254, 2.0949508128669567, 2.8395886707270264, 2.5551148346721493, 2.24070968150933, 3.0971528059809965, 2.8511067796290623, 2.198090394419437, 2.235454754940087, 2.698149299232242, 2.1405585100009645, 2.257439883324884, 3.3481324598749174, 2.0657389155667225, 2.899529354694817, 3.726589032608003, 2.3651407807991123, 2.084740425202119, 2.371813346692855, 3.5098102064020553, 2.117580840759292, 2.302126054125298, 2.3041810923295754, 2.0386557716954736, 3.513652700287064, 2.309052330078268, 2.142235236839004, 2.236576387533338, 2.9279760919715683, 2.154064083754778, 2.44202158318363, 2.059192702421238, 2.2556338097263593, 4.104345773093342, 2.271909764882338, 3.4649545924720746, 2.252557965890082, 2.132418381043316, 2.2026568164748213, 2.330103943363515, 2.3113137140932754, 2.395385134855972, 2.2145261704144845, 2.431192753916675, 2.4495117875760206, 2.510732178591302, 2.191992779521888, 2.3585044264353954, 3.074334679943868, 3.026224301674736, 2.0346751301983446, 2.36977707755538, 2.214723552093234, 2.1553517174772425, 3.615380662607449, 2.3271397095756217, 2.5030449180454504, 2.4390823665828205, 4.192890381272253, 3.7498521958763886, 3.0926123662526597, 2.4479363537519037, 1.9782359670323317, 2.4149609700537495, 2.5990061172517653, 2.2160991192564796, 2.17442697645881, 2.6812758380268122, 4.2308772794837655, 2.212431834001511, 2.0455848323332546, 2.2596261292041224, 2.43065317464826, 2.256523033629435, 2.0864815893579625, 2.3415199364313035, 2.636519721658331, 2.3324509450793354, 2.493420034434851, 2.1871418999564964, 2.179660388215569, 2.463514790049744, 2.536575640105008, 2.73181282477731, 2.9054449512481537, 3.039638063685146, 2.5754912394152814, 2.2202665179995673, 2.286971579096611, 2.7313530982651133, 2.581505305580853, 2.2783145792480353, 2.111729058935004, 2.2078079871979885, 2.2704407622757214, 2.6727809646927545, 2.1020559496980904, 2.390417813133196, 2.207452222186654, 2.324583075538321, 1.9697858606616636, 2.271713950631793, 3.119446793305409, 2.692472495991512, 2.129903969073813, 2.423003062632026, 2.123163147343864, 2.3048394593727726, 2.582701435625979, 2.2483005879360514, 2.4937799280974695, 2.456590401199522, 2.3375066454964646, 2.5035514086202015, 2.893835817314462, 2.6638153717202204, 2.226694904190383, 2.1804840843324707, 2.321812559000171, 2.4107938469584034, 2.2374008170312725, 3.343949814922267, 2.362297600677121, 2.2826635260221044, 2.1436471984962813, 2.3133061105916815, 3.6463821964297205, 3.677485306703292, 2.835260035499264, 2.4413138752568906, 2.457837794164351, 2.434622681664377, 2.4962994082466734, 3.1245916044164637, 2.1399268181237967, 2.9842221757900633, 2.301707132130643, 2.768858943202963, 2.838132828512786, 1.9768563301437507, 2.2026703979993143, 2.2252639076770206, 2.3222692966987766, 1.9975520070135904, 2.130427607066922, 2.114171767503635, 2.258986179006273, 2.239663942438304, 2.553358436146994, 2.6555308445192995, 2.4205763003182055, 3.2667328380756446, 2.3670266215164446, 2.0722643620207237, 2.2818376048130737, 2.3151661543764694, 2.279814273034, 2.6989761970653534, 2.325685841166771, 2.381686267321694, 2.4309640585322327, 3.6712512039558445, 2.4860353314017924, 2.2482147004405695, 2.642863699327205, 2.268054801678383, 2.3465196063099905, 2.3718635500212097, 2.2937259286234095, 2.3690038196924985, 2.26623385461506, 2.706497644136742, 2.1908526380845816, 2.3011269791693016, 2.162635370563958, 2.439150061728426, 2.431271315036976, 3.5264820264665353, 2.3281042071161266, 2.012927879448849, 2.74015650244045, 2.319173921143455, 4.284998224023249, 2.29863018675866, 3.5448688494015226, 2.38988193238343, 2.499064525355681, 2.438055960861692, 2.1135429949393703, 2.1685613676272477, 2.2229647458967032, 3.0844259363886355, 2.4401570895473386, 2.2242756427081605, 2.434387147643165, 2.0614781082209768, 2.200545795371582, 2.466372916029393, 2.48951988480561, 2.1992791932540925, 2.54837421910488, 2.165333598461094, 2.20810937505618, 2.479384043629215, 2.0584050092568122, 2.278050409912747, 3.315820502608199, 3.0236756263791276, 2.2686774696546452, 2.6633123192052772, 1.9740204098727794, 2.590166173157312, 2.3429356921661753, 2.0946732681698554, 2.1808921852729846, 3.170224655585124, 2.694685769418076, 2.0441067186623147, 2.3493484335721897, 2.11379260475992, 3.9665880220939225, 2.171236544830117, 3.744524484849985, 2.7013810023023876, 2.054788836345272, 3.7098247176619785, 2.670582618283163, 2.470895226880001, 2.1244018255075923, 2.305410089436697, 2.685342342055096, 2.0345503142054375, 2.32779561364212, 3.415917423880577, 2.033762833435738, 2.7019916195818485, 2.3420417091675767, 2.251877876505557, 2.282304960712424, 2.4113312409320917, 2.830193851303649, 2.349918787640321, 3.1075982050238204, 2.190481299823364, 3.4995183740674314, 2.084845559773274, 1.9823748776980739, 2.7418139911388226, 2.1159617683634995, 2.117993847887514, 2.144894569311473, 2.394232360979215, 3.4981765087427057, 3.759675343930126, 2.730079485088337, 2.447202517483337, 2.2407370034008673, 2.119827329144238, 2.3466158254200584, 2.5731500506625093, 2.976188022571982, 2.216489861750075]"
2.75,9358,0.610127359928841,0.610127359928841,0.023176908493041992,0.31094317169242086,"[2, 3, 2, 2, 3, 3, 3, 3, 3, 1, 3, 2, 3, 3, 2, 3, 3, 2, 2, 2, 2, 2, 3, 4, 4, 3, 2, 2, 3, 4, 2, 1, 2, 2, 3, 3, 2, 4, 2, 2, 3, 2, 2, 2, 1, 2, 2, 2, 1, 2, 1, 2, 1, 2, 4, 2, 3, 3, 2, 1, 2, 2, 3, 4, 1, 2, 3, 3, 2, 2, 1, 4, 1, 2, 3, 2, 2, 2, 2, 2, 2, 3, 2, 2, 2, 2, 4, 3, 3, 3, 3, 5, 3, 2, 1, 3, 2, 3, 2, 3, 2, 3, 5, 3, 3, 2, 3, 3, 2, 2, 3, 2, 2, 3, 2, 3, 3, 2, 2, 3, 4, 1, 2, 3, 3, 3, 2, 2, 2, 2, 2, 3, 2, 5, 3, 2, 2, 3, 3, 2, 1, 3, 2, 2, 3, 2, 2, 4, 3, 2, 1, 1, 1, 2, 3, 3, 3, 3, 2, 2, 2, 2, 5, 2, 2, 5, 1, 2, 5, 2, 3, 3, 3, 1, 1, 2, 3, 2, 2, 2, 2, 1, 2, 3, 2, 4, 2, 3, 5, 2, 1, 2, 4, 3, 3, 2, 3, 3, 3, 2, 2, 3, 3, 2, 2, 3, 2, 2, 2, 3, 4, 4, 2, 3, 3, 1, 3, 3, 4, 2, 1, 2, 3, 2, 1, 2, 2, 3, 1, 4, 2, 3, 2, 2, 2, 2, 2, 1, 2, 3, 2, 3, 3, 3, 4, 2, 3, 2, 3, 2, 3, 3, 4, 3, 2, 3, 3, 4, 2, 2, 2, 4, 2, 3, 1, 2, 3, 1, 2, 1, 3, 1, 2, 1, 3, 2, 3, 2, 4, 3, 2, 2, 3, 3, 2, 2, 2, 1, 2, 2, 4, 2, 3, 3, 2, 2, 4, 3, 3, 2, 2, 2, 2, 3, 3, 2, 3, 2, 2, 4, 2, 3, 2, 3, 2, 2, 2, 2, 3, 2, 3, 1, 3, 2, 4, 3, 2, 3, 3, 2, 4, 2, 3, 3, 2, 2, 2, 3, 2, 3, 3, 1, 3, 2, 3, 3, 2, 3, 2, 2, 2, 2, 1, 2, 1, 3, 2, 3, 2, 3, 3, 2, 2, 2, 2, 3, 2, 3, 2, 4, 1, 3, 2, 2, 3, 2, 2, 3, 3, 4, 3, 3, 3, 3, 3, 2, 2, 1, 3, 2, 2, 4, 2, 2, 2, 5, 2, 2, 4, 4, 4, 2, 3, 4, 2, 4, 2, 3, 3, 3, 1, 3, 2, 3, 2, 2, 4, 1, 3, 2, 3, 4, 3, 3, 1, 3, 2, 2, 3, 2, 2, 2, 2, 2, 3, 2, 3, 2, 3, 4, 1, 2, 3, 3, 2, 3, 3, 2, 3, 4, 2, 3, 3, 4, 2, 2, 3, 2, 3, 2, 2, 3, 3, 4, 3, 3, 2, 3, 3, 2, 1, 3, 2, 2, 3, 4, 3, 2, 2, 2, 2, 1, 3, 4, 2, 2, 5, 2, 4, 3, 3, 3, 3, 1, 1, 5, 3, 3, 3, 2, 2, 1, 3, 2, 4, 3, 3, 2, 3, 2, 2, 2, 3, 1, 3, 4, 3, 2, 2, 3, 3, 2, 2, 4, 2, 2, 5, 2, 2, 3, 3, 1, 2, 3, 1, 3, 4, 3, 1, 2, 3, 3, 2, 4, 2, 3, 3, 5, 3, 4, 2, 3, 3, 4, 2, 3, 2, 5, 3, 2, 3, 1, 4, 2, 2, 2, 3, 2, 2, 2, 3, 3, 3, 3, 4, 2, 3, 2, 1, 3, 1, 4, 2, 4, 3, 1, 2, 2, 2, 1, 5, 2, 3, 3, 3, 2, 2, 4, 2, 4, 3, 1, 2, 3, 2, 4, 3, 3, 1, 3, 5, 4, 2, 2, 3, 3, 3, 2, 3, 3, 2, 2, 3, 1, 1, 3, 3, 4, 4, 4, 2, 2, 3, 2, 5, 3, 2, 2, 4, 1, 3, 3, 2, 3, 4, 2, 3, 3, 2, 3, 4, 2, 3, 1, 1, 1, 2, 2, 4, 2, 2, 3, 3, 2, 2, 3, 2, 2, 3, 4, 3, 3, 1, 1, 3, 2, 4, 3, 4, 3, 3, 4, 2, 2, 3, 3, 4, 4, 2, 3, 1, 3, 2, 3, 1, 3, 3, 3, 2, 3, 2, 3, 2, 2, 2, 2, 4, 3, 3, 3, 2, 2, 4, 1, 3, 2, 3, 4, 3, 3, 2, 1, 2, 1, 1, 2, 2, 2, 3, 2, 5, 2, 2, 2, 2, 2, 3, 3, 3, 2, 2, 4, 1, 3, 2, 3, 3, 3, 2, 2, 4, 3, 2, 3, 4, 1, 2, 2, 3, 4, 2, 4, 2, 4, 5, 4, 2, 1, 4, 1, 1, 1, 3, 2, 2, 2, 3, 4, 3, 3, 3, 2, 2, 3, 1, 1, 4, 1, 4, 2, 2, 2, 3, 2, 2, 3, 3, 3, 3, 2, 3, 2, 2, 5, 1, 3, 1, 3, 5, 4, 4, 1, 2, 1, 5, 2, 4, 2, 1, 2, 1, 2, 3, 3, 2, 2, 3, 3, 3, 3, 2, 3, 3, 2, 3, 2, 2, 3, 2, 3, 1, 3, 3, 2, 2, 1, 3, 3, 2, 3, 2, 3, 5, 3, 3, 3, 1, 3, 2, 2, 3, 3, 1, 3, 2, 2, 2, 3, 2, 2, 2, 2, 2, 4, 3, 1, 2, 2, 3, 4, 2, 2, 5, 5, 2, 2, 2, 2, 3, 2, 4, 3, 3, 3, 3, 5, 2, 1, 2, 1, 3, 2, 2, 2, 3, 3, 2, 3, 1, 3, 1, 2, 3, 4, 2, 2, 2, 2, 3, 2, 4, 2, 3, 2, 1, 3, 2, 2, 3, 1, 3, 2, 2, 2, 1, 2, 3, 5, 3, 4, 3, 3, 3, 4, 2, 3, 1, 3, 4, 3, 1, 4, 3, 3, 2, 1, 2, 2, 3, 4, 1, 2, 2, 1, 3, 2, 1, 2, 2, 2, 3, 4, 1, 3, 2, 4, 2, 3, 2, 2, 2, 3, 3, 4, 3, 4, 2, 1, 5, 2, 2, 2, 1, 2, 1, 3, 3, 3, 2, 4, 2, 3, 3, 3, 2, 2, 4, 3, 2, 2, 2, 2, 3, 3, 3, 4, 4, 3, 2, 3, 3, 2, 1, 1, 3, 3, 3, 3, 1, 3, 3, 3, 2, 2, 3, 4, 3, 2, 2, 4, 2, 2, 3, 3, 2, 2, 3, 2, 4, 1, 3, 2, 3, 2, 2, 1, 4, 2, 2, 3, 2, 3, 2, 3, 4, 4, 5, 4, 2, 2, 2, 5, 2, 4, 4, 5, 3, 2, 2, 3, 2, 2, 3, 2, 3, 2, 2, 3, 3, 4, 1, 5, 3, 3, 3, 2, 2, 3, 4, 1, 2, 1, 3, 4, 1, 4, 3, 1, 1, 2, 2, 2, 2, 5, 3, 2, 2, 3, 1, 4, 2, 4, 2, 3, 2, 3, 3, 2, 2, 2, 2, 2, 2, 3, 2, 3, 2, 2, 3, 2, 3, 3, 2, 2, 3, 4, 2, 2, 2, 2, 2, 2, 2, 3, 2, 2, 2, 4, 1, 3, 4, 2, 2, 3, 2, 2, 3, 2, 3, 3, 2, 2, 2, 2, 3, 3, 2, 2, 1, 3, 3, 3, 3, 2, 2, 3, 3, 3, 2, 3, 1, 3, 3, 2, 3, 3, 5, 3, 1, 3, 2, 3, 2, 1, 4, 2, 3, 3, 2, 2, 2, 3, 2, 3, 2, 1, 1, 3, 3, 3, 3, 2, 2, 4, 3, 3, 2, 2, 3, 3, 2, 3, 3, 2, 3, 2, 4, 4, 2, 2, 4, 2, 2, 2, 2, 4, 2, 2, 2, 4, 2, 4, 2, 3, 1, 3, 2, 2, 2, 3, 2, 4, 2, 3, 2, 3, 3, 2, 4, 3, 3, 3, 4, 2, 3, 5, 2, 2, 2, 2, 2, 2, 4, 4, 2, 3, 3, 4, 4, 1, 1, 1, 2, 2, 3, 2, 2, 2, 2, 3, 3, 1, 2, 2, 2, 3, 2, 3, 3, 2, 3, 2, 3, 2, 3, 1, 5, 4, 4, 3, 2, 3, 3, 3, 3, 3, 2, 4, 2, 3, 2, 3, 4, 2, 2, 2, 4, 1, 2, 3, 3, 2, 3, 3, 3, 2, 3, 1, 1, 2, 1, 4, 3, 2, 3, 4, 4, 1, 2, 4, 1, 1, 1, 3, 3, 3, 3, 4, 2, 4, 4, 3, 2, 1, 3, 2, 3, 1, 3, 2, 3, 2, 3, 2, 4, 4, 3, 3, 2, 3, 3, 3, 2, 1, 2, 2, 2, 3, 2, 2, 1, 1, 2, 2, 3, 4, 3, 3, 2, 2, 3, 3, 2, 2, 2, 3, 2, 1, 4, 3, 2, 1, 2, 3, 3, 2, 2, 3, 3, 3, 3, 3, 2, 2, 3, 2, 2, 2, 3, 1, 3, 3, 3, 2, 2, 3, 3, 3, 3, 3, 2, 2, 3, 3, 3, 2, 3, 1, 5, 2, 4, 2, 3, 3, 2, 2, 2, 2, 3, 3, 2, 2, 3, 2, 2, 1, 1, 4, 2, 3, 3, 3, 2, 3, 2, 3, 3, 2, 4, 5, 2, 3, 2, 3, 3, 2, 2, 2, 4, 2, 2, 3, 5, 2, 2, 2, 2, 2, 2, 1, 3, 2, 4, 1, 2, 3, 1, 2, 4, 4, 2, 3, 3, 1, 1, 1, 4, 2, 4, 2, 4, 3, 3, 4, 2, 3, 3, 3, 2, 2, 2, 3, 3, 3, 2, 4, 2, 3, 3, 3, 3, 3, 3, 3, 3, 3, 3, 4, 3, 1, 4, 3, 3, 2, 3, 2, 1, 1, 3, 3, 2, 3, 2, 4, 2, 2, 2, 2, 3, 2, 3, 3, 3, 2, 1, 1, 1, 4, 3, 2, 3, 3, 3, 2, 4, 3, 4, 2, 3, 3, 5, 2, 2, 2, 2, 3, 2, 4, 2, 1, 1, 2, 2, 2, 3, 2, 3, 3, 1, 3, 3, 3, 3, 1, 4, 3, 2, 1, 2, 1, 2, 3, 2, 1, 4, 2, 2, 3, 4, 4, 4, 2, 3, 4, 2, 4, 1, 2, 2, 2, 3, 3, 3, 2, 2, 4, 2, 2, 1, 4, 3, 3, 4, 2, 4, 3, 3, 1, 5, 4, 4, 3, 1, 4, 2, 2, 3, 4, 5, 1, 2, 4, 3, 2, 3, 2, 3, 2, 3, 3, 2, 2, 2, 4, 4, 3, 3, 3, 2, 1, 4, 3, 2, 2, 3, 3, 2, 2, 2, 1, 1, 3, 4, 3, 2, 3, 3, 2, 3, 3, 3, 2, 2, 3, 3, 1, 2, 2, 2, 3, 2, 4, 2, 2, 2, 2, 2, 4, 3, 3, 3, 2, 3, 5, 3, 4, 2, 4, 2, 2, 3, 2, 2, 2, 3, 2, 2, 2, 3, 2, 1, 3, 2, 2, 1, 3, 2, 3, 2, 3, 3, 3, 3, 2, 2, 2, 3, 2, 1, 2, 2, 4, 3, 2, 2, 2, 2, 3, 3, 2, 2, 3, 5, 3, 4, 2, 2, 2, 3, 3, 2, 4, 1, 2, 1, 2, 2, 3, 1, 2, 3, 3, 2, 3, 1, 2, 4, 3, 3, 3, 2, 2, 2, 3, 3, 3, 2, 2, 2, 3, 5, 1, 3, 2, 1, 4, 2, 3, 2, 3, 3, 2, 3, 3, 1, 3, 2, 3, 3, 3, 3, 3, 3, 3, 3, 3, 2, 4, 3, 2, 1, 2, 4, 4, 1, 2, 3, 4, 2, 3, 3, 2]","[2.3910466815416482, 2.056384552138661, 1.9701707307678227, 2.411528459468851, 2.315154581963052, 3.282197662632102, 2.722596092223396, 2.1060193089018666, 2.521881898660571, 2.0233379773492737, 2.500155232197205, 2.2982330115778344, 3.0077859820009114, 2.2665546503226652, 2.3196643493397997, 2.1745698583962954, 2.9164113439244956, 2.6125564592779043, 2.0513484839410863, 2.3011887369528576, 2.0503799162337413, 2.3073908639509937, 2.851856992344734, 4.047954489920272, 2.5641901591775738, 2.638099658589241, 2.72855462513394, 2.282140871530139, 2.494222797383308, 3.160000869099761, 2.125971378397768, 2.370014765539723, 2.458306047705, 2.144838858418491, 2.2606283786100025, 2.478787252846563, 2.485108263180051, 3.1645991210840236, 2.3252823304000385, 2.4617814396101063, 2.389192787337448, 2.5736120101464945, 2.219825564008991, 3.0270978400592456, 2.040496937635269, 2.3981849037460914, 2.246184521754544, 2.4559543878926617, 2.07053054909856, 2.7912854975048313, 2.483902957765137, 2.050380883994981, 2.2209976841637413, 2.060100614681263, 2.8801088294250383, 2.387393675348278, 2.080551756260762, 2.2974444687166695, 2.3109039395498736, 2.9016725261524523, 2.268071987642875, 2.317329625349155, 2.4788251129837797, 3.9170330604755565, 2.1500073238077997, 2.1730828151774686, 2.165491842546687, 2.0569787575398033, 2.7822398537310264, 2.36643806653099, 2.258581690934976, 4.009093160001718, 2.5924251274944043, 2.7541829096966572, 2.2249855056452397, 2.3300352161314626, 2.35429516403903, 1.9940601874141455, 2.235915738433418, 2.230198850203753, 2.2575441582811897, 3.3474198968029754, 2.237348148622666, 2.3773326534468415, 2.811030651344648, 2.028827441687622, 3.528097756407338, 2.608058950210192, 2.675382884325882, 2.4369248934895626, 2.655025885797683, 3.085905028230874, 2.8372437675252997, 2.4046056179894855, 2.4316074492147868, 1.9965463660387943, 2.523483474862957, 2.106415445835961, 2.678267680514642, 2.1085243588706883, 2.5348146739271162, 2.447175858360343, 3.1621967457086537, 2.180027612237507, 2.459569298709817, 1.9933861417107326, 2.496601125535083, 2.579000768321347, 2.458102631786004, 1.9702223447006038, 2.292673540507493, 2.349300049640057, 2.0871428855776957, 3.1828720975793203, 2.491975968473979, 2.947611131926024, 2.177331590717395, 1.9920724645791879, 2.3391770285546123, 2.8429976490238857, 3.2783369157762627, 2.2194552340412863, 2.219847177343343, 2.224607056324961, 2.4230980452791533, 2.6633301958590327, 2.175658350423245, 1.9990381899373413, 1.9993949712476906, 2.134592407360993, 2.556655160360126, 2.737054921752923, 2.498051157968676, 4.23184874018612, 3.41395726355129, 2.1791916183951083, 2.1254400432477603, 2.246211448350829, 2.0835939137175874, 2.112700732500378, 2.0886044633064085, 2.2364983306996846, 2.027447091572808, 1.9723980332608664, 3.048672310033864, 2.1646274704661437, 2.206165842306883, 3.0628342946803193, 2.3011058320733278, 2.149860000071967, 2.109061305065152, 2.2769878165261215, 2.137470529287698, 2.0288787330333236, 2.2949281454534565, 3.677028738450387, 2.2532194037898705, 2.8946234736447183, 2.293596589207133, 2.234406514780191, 2.6903993072193497, 2.444885803255377, 3.4464537438726834, 2.4856078210574273, 2.1782028340899244, 3.6723153026228137, 2.208471210873258, 2.1519873290746716, 3.9830823176783072, 2.2660439949752123, 2.191566504072129, 2.107049652035009, 2.494772602000616, 2.0569061754468296, 2.4769522066274283, 2.214238754889691, 2.382291638092868, 2.190868264337725, 2.2786959888692118, 2.1968301574545603, 2.1690328809225496, 2.8229269418568332, 2.707923053711224, 2.407189072188733, 2.9383312945204163, 3.772911613845817, 2.0876665413716524, 2.6595445926319505, 3.8738236816456695, 2.328457355994808, 2.262677349145468, 2.2191879612207193, 2.6051569991273067, 2.4148664446181733, 2.6784998064404486, 2.3205071257595065, 2.08519604244982, 2.9978784315372597, 2.5980342384742077, 2.3589981610766264, 2.1069531984981245, 2.518750972977699, 2.7252876929413223, 2.2041114464886555, 2.3991711437270067, 2.2475483652132797, 3.035348257124984, 2.1028564643514915, 2.6468499354300015, 2.3127148957399832, 3.8182116795009913, 3.7486711493980365, 2.0512592886134993, 2.5366089471100883, 2.539500139446164, 2.3181220510859997, 2.842939939146399, 2.055344692686662, 2.8227704965479754, 2.753249931555628, 2.4900528720251187, 2.3319904164226264, 1.9950321422858293, 2.316058309667341, 2.13044354661381, 2.118564251318393, 2.9056700252463474, 3.3086380056241502, 2.3838475501437246, 2.7649610275797247, 2.7192232171330843, 2.5016983371484733, 2.4342917250936322, 2.1470077136160763, 2.689836005887072, 2.1069059394909218, 2.124106297350762, 2.234884104951956, 2.1790379398809874, 2.499607308617141, 1.996615560967429, 2.5312821994491164, 3.168994164060306, 2.402116458007006, 2.521848169460953, 2.5634833020065573, 2.7778833152172226, 2.9231649552902605, 2.4765334543682993, 2.08170339213594, 2.349244555237432, 2.105963662630587, 3.146008801042885, 2.665720916744751, 2.137488110283552, 2.374171451932655, 3.809794439439851, 2.4969100297624705, 2.05597712465677, 2.264923136255716, 2.0538417594814926, 2.5736139456689737, 2.3066743980465763, 2.50910522482077, 1.996217488510855, 2.2536384444066373, 2.8596448565210952, 2.0835197186892143, 2.1594165738545805, 2.116329544662757, 2.999597431842559, 2.1930002423486634, 2.1100885836210352, 3.5917394816003636, 3.3129213821812553, 2.207097641002482, 2.415140467002287, 2.0274364461991716, 4.320120027867805, 2.814594199354829, 2.3912408299737513, 2.1319024754697247, 2.2620197160477975, 2.7238526166795487, 2.0220976300271283, 2.5540351174827842, 2.056394552338137, 2.3469062089943655, 2.0515062290231487, 2.092798643555723, 2.6377407333384477, 2.554859606214293, 2.444313416136454, 2.613347985863309, 2.337987139670119, 2.8855754952585855, 2.0734728316247195, 2.3766802021885836, 2.8570506614972104, 2.051506800442192, 2.710367494731201, 2.1510230724482358, 2.688060018059028, 2.259411477548745, 3.944316581789152, 2.141182216228818, 3.6175530831074667, 2.260471014812617, 2.285926465332336, 3.722518275851327, 2.6108406186000126, 2.3823747823400487, 2.08410489165212, 2.6195585198160183, 2.197560172016333, 2.389628315681669, 2.0241223478340062, 2.3547519473441425, 3.000159862416333, 2.3942333197587993, 2.3552166493729576, 2.0890568574565007, 2.6676454771786866, 1.9956502191308827, 3.141888698182731, 1.9963197486151776, 2.450732681104398, 2.301629590126825, 2.6241607702761205, 2.8215567079449158, 2.698596215468237, 2.816191419186187, 2.3626414406676144, 2.3995844967821442, 2.079217213511291, 2.303368074634174, 2.5297331077476732, 2.5968217553693713, 2.3631165020456986, 2.0862432529457715, 2.4130565983109205, 1.9711262336984325, 3.2416866313779265, 2.0840669876702336, 2.9057296812535323, 2.2877128839314946, 2.4868817268607657, 2.7210470414930765, 2.3770428089555677, 2.0806807910927145, 2.1713265678951643, 2.126287524757302, 2.123549995931506, 2.135062578029921, 2.6637115689485924, 2.3755827704071377, 1.9705717065081156, 2.5274542729843383, 2.491426072105536, 2.2771345047424476, 2.5948690765899323, 2.1127517012589996, 2.200804523113359, 2.2157762787069513, 2.312915759315849, 2.3095836935105862, 2.716807152247751, 2.0796796420903014, 2.0007204815589246, 2.9036598238580638, 3.619460821888824, 2.668294949143188, 2.1072230425904452, 3.080511640127326, 2.3171252664340503, 2.7820875926293223, 2.914135374666486, 2.598799781459437, 2.616153857465707, 3.4178358805504825, 2.4134564011517643, 2.3963342122833513, 2.633164653128386, 2.4534728130649817, 2.777828099274283, 2.9752486199502512, 2.653571190625505, 2.264478997986608, 2.303923740304155, 2.1106292395669173, 2.6891682791361404, 2.9191586744638247, 2.4444264829079527, 2.3478651823087424, 2.2863880925495366, 2.8156264817103174, 2.219530074243819, 2.264669969537898, 2.7826456649977622, 3.1090884389129863, 3.496720203792299, 2.290457851149325, 2.10963905852522, 2.780222624305981, 2.173736972785483, 3.027648301194116, 2.416098833841857, 2.3747890982060698, 2.9444874969870645, 2.864629949111732, 2.163425188419424, 2.439510094517014, 2.320131421202026, 2.482398895505188, 2.4335422187786575, 2.6415451576371782, 2.530930178870854, 2.431779646818853, 2.9801119337334154, 2.3912383728316855, 2.23952093389921, 3.331444705671841, 2.5309690643578597, 2.4419894988129855, 2.3491474659512726, 3.076171787242365, 2.084288282407033, 2.2343735276786147, 1.9711475244457046, 2.3064778156805996, 3.3735956844734796, 3.6802075744991773, 2.348128897246546, 2.900904713123068, 1.9689979654389123, 2.667741127757396, 2.0929900004279594, 2.1965962570565156, 2.457345383381112, 2.2184460626496074, 3.677121061318868, 2.028661309341483, 2.456861319615591, 2.406030261284259, 2.068379861036988, 2.4846299766286464, 2.785766396364198, 1.9946242309233186, 2.5092011506323653, 2.6244733342651276, 2.2309372520296025, 2.4197365966290683, 2.356974616169197, 2.5080595302969093, 2.0313612947412087, 2.3484456365499256, 2.5960734554526708, 2.3680527171647654, 2.574319857477472, 2.1085840374804667, 2.151450500329079, 2.5844168800757448, 2.452299474720663, 2.5294454568318554, 2.347558724582855, 2.54132057592473, 2.225915201609459, 2.3491697244597844, 2.5730602331949872, 2.6842682498516206, 2.16139244822328, 2.264607226350861, 2.261699587706347, 2.466264608313307, 2.925781712803266, 3.5770659959687983, 2.6789352162519284, 1.9973081554279353, 2.028822441587884, 2.3653886907601347, 2.1407205846926223, 2.2497312696951086, 2.5034662925763764, 3.0532729231241307, 1.9680839149480673, 2.5156440403157583, 2.7080783843057348, 2.1541952763429224, 2.1944143028133256, 2.5749815000418526, 2.366883249904832, 2.1720560358424503, 2.379902152372755, 2.4148726176173603, 2.5416795431464605, 4.078421335831845, 2.2894475522598046, 2.1679071586317242, 2.549703535623002, 2.917215362540423, 2.372512234712168, 3.2221081472449327, 2.0812415007465304, 2.529023738759013, 3.9141504794505737, 2.299462155851181, 2.2540473141055024, 2.021993918280946, 2.535082677034613, 2.205961561465889, 2.50681264964953, 2.6035568566105383, 2.927188561046228, 2.4231525883840814, 2.580855681999403, 3.0288529632691756, 2.536128785725605, 2.2530851827995093, 2.3426722177845365, 2.3492842428731424, 3.156440645987762, 2.4425703168503126, 2.519096947108378, 3.916639016340821, 2.6010193866401883, 2.3881646584691953, 4.189094625219157, 2.230023846712917, 2.3062635586352163, 1.9936885670981215, 2.5703662590331997, 2.77718120443786, 2.641267795915987, 2.7598068925109134, 2.3291545840838763, 2.328408449592995, 2.7435273732539027, 3.0113469669346413, 2.3211440562752172, 2.025356566001634, 2.536051239339092, 2.3252054423714728, 2.9606751122818316, 2.9397276409646307, 2.753753014349976, 2.8403233962888716, 2.3054225157030936, 3.2665792501305764, 2.234207478551904, 2.4674473738416935, 2.3008649766513742, 3.351692273343527, 2.503204997041672, 2.898237618925871, 2.2643577052445725, 2.4231273473944412, 2.1911637621611852, 3.344859942232633, 2.2886481376311885, 2.444446644600445, 2.2526885320743477, 4.191161440639959, 3.041653248192538, 2.0798512584167987, 3.151914501669098, 2.177759276855087, 3.5053569650168868, 2.236381715470307, 2.140520643436962, 3.3616506852143244, 2.444513258832441, 2.3209745367647394, 2.2852523116443644, 2.4797142068206033, 3.5862353459723773, 2.528593650550481, 2.58325594462716, 3.0107309904741677, 2.7530394752701848, 2.841793380321773, 2.2892968602488306, 3.969425083179627, 2.085012940052545, 2.5169910538732845, 2.175428829715909, 2.1855021212446077, 2.5953700981696577, 2.2613068379365906, 3.362695286469786, 2.5408317062264194, 3.696850033204255, 2.0713260488375487, 2.6062893743153466, 2.996753624230797, 2.3286637810060147, 2.0893096044335877, 2.015596331787057, 3.214695658616475, 3.706419870107174, 3.7364256883886102, 2.3258836930251507, 2.2822858897627913, 2.1659378191846237, 2.6937348040730478, 2.7216960042152754, 2.222717879767211, 2.300663069475469, 2.6604770853013533, 2.2072379663822304, 2.2387422808471267, 3.2000591182021587, 3.3853148638873285, 2.1695538590565584, 2.065355469077749, 3.377469500853911, 2.24390794151239, 2.6564911993423337, 2.512428767346041, 2.7990343366239614, 2.5348291962610716, 1.9684587611348898, 2.5072157752456277, 2.6703667800039743, 2.2096734740307804, 2.5853225810809066, 2.164604170441276, 4.184367371186934, 2.668115220516304, 2.991966446583151, 3.710829911318597, 2.4715977792114527, 2.3130986512835374, 2.168089958888055, 2.637057863614763, 3.2645194786583116, 2.3141316343770875, 2.197215649015019, 3.209922582019016, 3.209144173479901, 2.1487429437482026, 2.316472834064989, 2.8640606260629324, 2.8201229819447398, 2.2004054828955453, 3.2552642651048984, 1.9703925093852415, 2.472473715627228, 2.109936967693491, 2.607985004013783, 2.505721732264694, 3.0852243060215523, 2.056553426474979, 2.9485874981159728, 2.165055382227607, 1.9683069839138057, 2.437429891732396, 2.141316896334669, 2.235103752523913, 2.7820750117332067, 2.794136897671126, 2.0251049480793264, 2.324327688842475, 2.321096152093855, 2.2629029988078457, 2.111322801788663, 2.6576642777940123, 2.7775433084350274, 2.0841011476712588, 3.020594582004632, 2.2149283012364815, 2.7542363018409697, 4.021919345312115, 1.9709804243383258, 2.2475755815337988, 2.623557962109493, 2.56396351224972, 2.8377065184480914, 2.7448284190403656, 3.475429419249348, 2.0877941245617455, 2.651804382267659, 3.437285135538864, 1.9965623340992487, 2.2442879054381635, 2.1506498545370576, 2.3858605802511397, 2.153607361389838, 2.8930485254466234, 2.1103087493030546, 2.5841913120364306, 2.165171352282824, 2.6774511649785415, 2.4064024824567056, 2.6104320620633423, 3.0586465787008015, 3.2418282829658702, 2.5907316042076047, 2.008985192646285, 3.6450906358311084, 2.3752633354035115, 2.268975514678865, 2.292745638719847, 2.4561065097327637, 2.174512198528425, 2.1371150383256685, 2.1123808874106755, 3.7497329994918305, 2.36170110524512, 2.445738226640128, 2.602203847200105, 2.4866474750884913, 2.4611025015482153, 2.659988390640463, 2.378682240340196, 2.234444096174997, 2.4109092689092635, 2.140612366152207, 2.7587831182014555, 3.0742938499823, 2.1419960692019178, 2.3950079180934805, 2.1169669613923583, 2.727210435018923, 2.553017311401088, 1.9670656688304204, 2.2520374447291838, 2.4132023638263576, 2.2917269146369406, 2.789530357083386, 2.1060523740775543, 3.5684657601283454, 2.7691022049882648, 2.1946447570524588, 2.535530411437946, 2.91165031126332, 2.109155500492477, 3.230670909944334, 2.4671405935287263, 3.260988722504092, 2.336651325461525, 2.107044490641731, 2.627179811551254, 2.024497194020829, 2.370150735993893, 1.9956694130621357, 2.502771618553256, 2.326412641298502, 2.208058460704549, 3.677811558963355, 2.106612385248229, 3.171952325282362, 2.458564508834981, 2.9691633986142714, 2.1641393962142828, 2.727341893236567, 2.2234898497289066, 2.810142106186385, 2.321098248909874, 2.5784605087176615, 3.8681961772869524, 2.0517904282405244, 2.9151242667658868, 2.4323984862869366, 3.366671767873228, 3.642327806278836, 2.753505029754297, 2.5442243257583868, 2.223494669455566, 2.5697497827803297, 2.028664212625202, 2.1803571538288034, 2.3587975272531856, 3.2959982898547002, 2.106576416788822, 2.2251639153799534, 2.4890118169726145, 2.7837312874579405, 2.543477550885408, 2.149909741216135, 2.443467108932384, 2.63241513198566, 2.1411367314505547, 2.506362480077033, 2.874190644367633, 2.6779879622226805, 2.169628860552631, 2.4410614487979267, 1.969978952748833, 2.2898428388815306, 2.315915887471573, 2.427989502607522, 2.175122694577101, 2.7509870930485483, 2.3023192315435823, 2.2646991636686273, 2.3633465002111578, 2.786650924221873, 2.1201572643929607, 2.168195928743796, 2.249364004304663, 2.165003768294826, 2.056070836203476, 2.476977510824002, 4.235058971426924, 2.2640468737039097, 2.316493200895691, 2.2350957659210278, 2.056807625093926, 3.878034527374318, 2.577951466305608, 3.6053887286472603, 2.702806021072147, 2.0374646422925724, 2.1350898366381705, 4.119119770547622, 2.497976171812849, 3.96149108447951, 2.2257605211046556, 2.780736759232317, 2.1905795489012307, 2.2216022123514394, 2.3101238216917523, 2.30552847613395, 2.8795648492784527, 2.365675929789639, 2.670599023582523, 2.778852044218108, 2.556803193370581, 2.380083696739977, 3.1203791045494707, 2.0554713081155156, 2.549142305198498, 2.8171743429569007, 2.8399816766055794, 2.709265367987992, 2.055582761951615, 2.2629425157251313, 3.002373856216226, 2.201520368648174, 3.1496545427198464, 2.2223719051240374, 2.450455965247023, 2.1885976668631537, 2.3764182803689162, 2.347803583516731, 2.056671493346216, 2.162088710147474, 3.167978961336878, 2.3491861764008584, 2.2533372013830086, 1.9955045710643162, 2.68848370299825, 3.359221759880994, 2.507698178282206, 2.3208979223332675, 2.43924799251461, 2.019410762713119, 2.794544888513771, 2.2216051156351586, 2.4254690767798275, 2.1412220557331834, 2.7479442217683365, 2.3851559041153836, 2.54394179302869, 2.6882704867663865, 2.29303838649484, 2.9255771866792606, 2.3721615825563362, 2.3465091875184596, 1.9723191607198354, 2.5753249213695133, 2.6767133727443433, 2.0959214420575, 2.310299768178697, 2.069509711263024, 1.9993402927376507, 2.2151065141345736, 2.5866781780305867, 2.439315897094925, 2.75981649496217, 2.3882486924035047, 2.5848093356119297, 2.9735039077287104, 3.2177097859242707, 2.3612451758013275, 2.718437788688062, 3.1028200209390526, 2.6821511233745556, 2.3551891499910327, 2.2063910519333096, 3.0047710892724977, 2.0569863383361806, 2.739994138335227, 2.4900242088994338, 3.05431905835306, 2.949262834167705, 2.2047122649249355, 2.0307516393896745, 2.1922370013176633, 2.32100018243759, 2.091628844244398, 2.08271276710889, 2.612259033990253, 2.2252974473514855, 2.4053159191039195, 2.8772199843333106, 2.6545256805836095, 2.4023619715399263, 2.2611811902689767, 2.5373098187466114, 2.4551955834497297, 2.021781655982384, 2.214230090289227, 3.3190256787950037, 3.8855805144477014, 2.056918917636485, 2.107220461893806, 1.990093455860705, 2.107894668890759, 2.0524278603103707, 3.034102817288556, 2.2582725838632225, 2.3281678779747104, 2.418634272449717, 2.1079843480989666, 2.6444039632735707, 2.2742826107385445, 2.19123714266357, 2.635231651031127, 2.665980754209741, 2.7017140588911994, 2.613487274872018, 2.004533910494305, 2.2217552263685634, 2.3191898675899627, 2.1176469259667634, 3.0149459997533783, 2.8904269109414096, 2.7048721486642755, 3.663002297689594, 2.2667114884641943, 2.612914047055953, 2.6823233723470135, 4.032556909956352, 2.2594676077006444, 2.257314984116593, 1.9674171274539516, 2.7614252860218613, 3.4841466798990477, 2.262213791511678, 2.107016586859321, 2.6090513893614484, 2.4876990262619723, 3.721272773051264, 2.190860038367188, 2.4723074707871926, 2.3124290919282227, 2.2606370012054615, 2.3664498315345206, 2.83296037878422, 2.221505436227475, 2.7852036128198296, 2.0782096127672802, 2.352596234714678, 2.3513055298613543, 2.3706181646726416, 3.9510833444308355, 2.2362747778533265, 2.03193795337594, 2.3747266870309973, 2.819268991875094, 3.9325781405317284, 2.6295081821302055, 2.342730725051804, 2.6943571281024195, 3.690862497327541, 2.664548409160195, 2.3951119298376793, 3.4043304438593744, 2.3022858437808145, 2.594543426826133, 2.640467121888738, 2.5247167990244614, 3.6873373489380215, 2.320935342434534, 4.187544766912092, 2.121862620990756, 2.1709515399686663, 3.9168365691377103, 2.050203299807506, 2.54047340192493, 2.739357956028969, 2.161960696385742, 2.0269949857803535, 2.134488695614811, 2.0775726645780535, 2.144019722284247, 4.058830055516637, 1.9967649187854142, 2.9764690587808524, 2.4164074277585232, 3.095897419931027, 2.2014068764109265, 2.225570644378703, 2.2386513697054706, 3.7190342793464297, 2.1112439292476317, 2.8518000130037633, 2.342374081079335, 2.1489598835594235, 2.0850342650292593, 2.2881126430785845, 2.4470844558065235, 2.547999189074178, 2.410011493725707, 2.760077823936455, 3.6602712502520047, 2.26156510331382, 2.222170772079731, 2.2884383385803946, 2.541137181620866, 2.0007351592710596, 2.145329200204796, 2.1404202655461373, 2.536825281121908, 2.5184359508414547, 3.5549746321069855, 2.4910269804919003, 2.1128363803674683, 2.6391848382462078, 3.512448363774458, 2.9260916796122736, 2.7456470611321997, 2.138626485859012, 2.465406042800202, 3.408898976292529, 1.970846228113095, 2.6635632989763223, 2.168005441073126, 3.375217610091181, 2.6529844521602475, 2.244404966618852, 2.4939915608619034, 3.060473535956585, 3.262014733603054, 2.9208804049285817, 2.4726185666509797, 2.0159021443387846, 3.049174870516506, 2.4069632851884757, 2.496342330987114, 2.4128423566452093, 2.2624785522848327, 2.7431372695502567, 2.232821644456732, 2.4978038949719465, 3.7173060602750274, 2.0230294228073666, 2.263494784805889, 2.899385291111777, 2.8467089534166794, 2.5567793219266695, 2.1786898282769918, 2.575932325972299, 3.4494977797311477, 3.2877183494583146, 4.037283316916533, 4.290233623854199, 2.6047136538789943, 2.670721726455019, 2.1264554219074956, 4.037378666163769, 2.3097032704385536, 2.0938643727079786, 2.8691016483000817, 3.110311645944347, 2.6057034236718906, 2.2257101975201943, 2.2132483155911458, 2.0656938629245447, 2.153188707690383, 2.0811933819626467, 3.0706376282024763, 2.531540401862711, 2.2737118994792294, 2.714845762743235, 2.8271881112540007, 2.329970059456687, 2.931275603948577, 3.0354863420686886, 2.4183328325894666, 3.5264675369351375, 2.334210827138122, 2.258886232027581, 2.8130434713194523, 2.3915490123588903, 2.097599101417118, 2.7030957248563685, 2.623349995853929, 2.3766089293331265, 2.0217942368784994, 2.1640377812841196, 2.946230190027348, 2.385111060489261, 3.0806326102822816, 2.6355013510833127, 2.6988786666278273, 3.3401090410862397, 2.1816927725144146, 2.412404111266282, 1.9940414773635122, 2.173000667775653, 2.5074526371383903, 3.906610652198669, 3.534814500568466, 1.9664380756665105, 2.1129833187823546, 2.2715478445394046, 2.1131847744137406, 2.508138315299517, 2.3531912710516742, 3.460024781744428, 2.3285252166910273, 2.1917534432849206, 2.2643901252461007, 2.6527263531179988, 2.4143441667109595, 1.9712362358926723, 2.0273040242028806, 2.1611726558213262, 2.118575864453269, 2.3443531767700696, 2.3051914937842106, 3.1020163310894033, 2.3141605298763963, 2.270781719113882, 2.503630014944301, 2.0216903638387773, 2.5673478117267456, 2.108282579854317, 2.701184214528041, 2.374518701583902, 2.1656755558886798, 2.1230588667176127, 2.2380800189970143, 2.4577253374089327, 2.7648029599105826, 2.2366891409574348, 2.2691228303958355, 2.1696341832394492, 2.626242436040642, 2.277848516823982, 2.5507054940060874, 2.6528696843183734, 2.3431279910406784, 2.206545542640149, 2.0948075392554415, 3.2206318484324834, 2.2706016323038796, 2.143666068285023, 2.3868946390510613, 2.539321862164163, 2.075246933499972, 2.2459346438317334, 2.139413793856906, 2.1414051239010163, 2.3898010174480455, 3.229529301879527, 2.375414550669864, 2.376758448444652, 2.6593851304417897, 2.3285192181495584, 2.602654613074552, 2.958769003451339, 3.0924489897788954, 1.9686577973631771, 2.106503189521689, 2.292944513654594, 2.7789423686004744, 2.4998257094951057, 2.444481967885692, 2.224022099331173, 2.3030558730747144, 2.0003907975632855, 2.440078492951766, 3.454191321080253, 2.121449959956836, 2.2354265789714467, 2.1368626139356612, 2.295318202223019, 2.080950473891496, 2.6113969886684956, 2.9017123656568176, 1.9654206360165634, 2.4371186732744223, 2.03207408512365, 3.364163975986793, 2.1037461595178053, 2.611690958142581, 2.3363500350442763, 1.967192445552814, 2.556053823584015, 2.2393343207830227, 2.358732687250129, 2.585026402487248, 2.022854096729451, 2.4797089412546254, 3.2501418294135114, 2.467879963115815, 3.0333077353915976, 2.4337999564305983, 2.497132280502354, 2.500880407952779, 2.6154119017791126, 2.4522494081773685, 2.775417620872146, 2.1409930189064674, 2.8728342548315187, 2.2329126140132587, 2.524114851533402, 2.3108798769019754, 2.194910593610839, 2.108354355479591, 2.548012265681634, 2.4393529267299288, 2.2444686263616482, 2.963658423465397, 2.1694828804740993, 2.111216670639382, 1.9954745704658872, 2.723713223478531, 2.1409686635819365, 2.5150228720248142, 2.1547615601957557, 2.3609832272639437, 2.1970335049540983, 3.8247111306309267, 2.412268486060821, 2.1505014356931627, 2.000608221255126, 2.6493594579241875, 2.6683918235970574, 2.0839008553240945, 2.2342586524487347, 2.0558342185803826, 2.2318042048067848, 2.2332187491520665, 2.174891228922401, 2.2664252740144355, 2.594006000773069, 2.4237334731772937, 4.075470804423933, 2.1408407578047632, 2.4472189296508673, 4.029055804065571, 4.2816993382353425, 2.107208203584771, 2.057036016746482, 2.441340620777737, 2.402855505007015, 2.514644163988149, 3.3003690926504117, 3.0962613899275278, 3.2113798073568303, 2.387628275786402, 2.6319869030399827, 2.7907685896386294, 2.479598610045451, 3.671215424300441, 2.6890014690893986, 3.9713235199754524, 2.19702489206625, 3.628111752700462, 3.5745356229142056, 2.5692641268476972, 2.6957795935046738, 2.04734336452514, 2.30240729781639, 2.0845372116481427, 2.370745890306505, 2.050292656428633, 2.1450632761474195, 2.956303774131754, 2.889928021617118, 2.6325526712084075, 2.0809017632424336, 2.0568192382288015, 3.8922607667037026, 3.2869615705740003, 2.6133247004086426, 2.4223664083570964, 3.6195176314443254, 2.403547640352032, 2.7046728723655002, 2.9819297821687827, 1.970248474254074, 3.337369778064314, 2.455778717375508, 1.9958113513772837, 3.2445410254807445, 2.4180467869449735, 1.9665279161682574, 2.055087752077536, 2.293408198352482, 2.301584456249723, 2.589169422734527, 2.3946314458070805, 2.868579552942014, 2.1728537783507527, 2.894021469394189, 2.330046389230388, 2.3190452120891933, 1.9950126257674965, 2.2755920982743203, 2.083946178808818, 2.2602669784845917, 3.9425328365309458, 2.2379496765633373, 2.853192426417125, 2.7033988526622426, 2.3493232759098084, 2.0566132663782972, 2.145624044795808, 2.2538668360591934, 2.141155280207648, 2.1412336688680593, 2.0775486318406022, 2.8279679660321095, 2.54218678897028, 2.6155470862117185, 2.314718199718084, 2.3335470474027598, 3.0145352754181918, 2.19889436600757, 2.8137671362088255, 2.1095064752353885, 2.9430652881866277, 2.1918460696609428, 4.147751902442367, 2.5638012509485395, 2.499391712463221, 1.9682818221215748, 2.5208871728559044, 2.209839830404326, 2.5453052702854455, 2.531426057946498, 2.2822577737111303, 3.534701384367632, 2.924962180326826, 2.060088301466881, 2.0288778923361814, 3.1755284893169877, 3.1354080715749326, 2.263373497979214, 2.2614971643137207, 2.954206828011968, 4.1327936059376995, 2.4254802154589683, 2.5368146470664983, 2.590561248725191, 2.1413089929512115, 2.0934682015444417, 2.095499165954708, 2.6394332394928326, 2.1192639486100173, 3.207295749512178, 2.5245117949351967, 3.4865847720166694, 2.5666158161620323, 2.441753027630505, 3.9340305435687766, 3.6245823633193512, 2.3472172661588, 2.141182377522358, 2.346912421368312, 2.2094417579477517, 2.268195201337188, 2.562976407616003, 2.1991888799532133, 2.18006569640213, 2.5931442612526956, 2.748154564660997, 2.23399340779496, 2.1932757317148828, 3.187275573879843, 3.725009938383768, 2.5930258312490744, 3.6437645733264308, 2.2885879751407905, 2.9090354003394143, 2.2648827157170803, 2.6997013358402766, 2.30363527529599, 2.191323638288709, 2.077958801312672, 2.1125184708002447, 2.113334132231726, 2.892808365281012, 2.107393994893013, 2.207108770256738, 2.613184536322434, 2.0652062725533034, 2.2234135388049756, 2.035732833554227, 2.7994209459209736, 3.5064460753912536, 2.7003041286613003, 2.4609632225163125, 2.2347551234289846, 2.2409844866760764, 2.5072165116975045, 2.410080043480182, 2.6004070086213127, 2.3306400822464868, 2.106263507321337, 3.1429118075693716, 2.5723289445580964, 2.3149921459214275, 3.489553284291765, 2.5176614822398236, 2.3544682433256128, 2.0495902230621907, 1.9663511384484822, 2.109106951136955, 2.0992815543322414, 2.36002576221959, 1.9600178792898797, 2.644465944711497, 2.656201679843976, 2.980545828393767, 2.5479069649557124, 2.581529440902117, 2.6439270654003906, 2.5336731368110885, 2.332527094895929, 2.1095566375263104, 2.3864728505287554, 3.089154815256587, 3.3518648574312637, 2.3195564097321366, 2.348120339264044, 2.439018955687894, 2.555656073714521, 2.1821040067110324, 2.0538254688339586, 2.443121134289211, 2.073521952399285, 2.7355308211647125, 2.7074096389298457, 2.6929248414677445, 2.3319805775166897, 2.238662288676201, 2.088320747969653, 2.63642571302267, 2.5461027284383113, 2.08017561972562, 3.4011839158897472, 2.585196772119753, 3.7736719308777675, 2.159589070403894, 3.288374274446952, 2.475759346849229, 3.7372595700747437, 3.474069057335982, 2.9007578304874473, 2.0325777078855767, 2.08465070899128, 2.5848006351856583, 2.8003137622728924, 2.414848531610355, 2.827070871803735, 1.999125772329529, 2.4443045449917573, 2.2900447783935367, 2.052513991060699, 2.055274046116168, 2.469051804528155, 2.1783456620922004, 2.259618011353981, 3.324110750217348, 2.263644955006934, 3.605226766344284, 2.3103364065773944, 3.5076060459300726, 2.665704995808722, 3.174784066550948, 3.269532334178595, 2.421565463973082, 2.7399204643798782, 3.0491189648991486, 2.0040932565431864, 2.551927080727708, 2.565823388058779, 3.108096574891707, 2.4604276329135595, 2.4534074667825845, 2.0851268475211855, 2.428187003974521, 3.0934495629254934, 2.512497024384456, 2.465947260700815, 2.2377203171495412, 4.084200885586057, 2.6128381978831166, 2.780524174346675, 2.165723137482962, 2.5832587281681647, 2.545287787619497, 2.471534713437336, 2.250167568720649, 2.559190220312835, 2.2982380991765696, 3.579960370336362, 2.5233870950811887, 2.0808993438393344, 2.577644411608652, 2.5323121914513282, 3.0700629329312386, 3.1336373553661168, 2.994678532566933, 2.15558125447823, 2.8759569122955493, 2.4623591006556302, 2.5876030958243312, 2.385572509988805, 2.084846841935848, 2.9492994565286788, 2.2732492657620096, 2.6058585592701644, 2.1762929230540418, 3.887882495849738, 2.2222214088263876, 2.4390181492201943, 3.309861431957711, 2.1794621170864743, 2.362516599658042, 2.0844197366420847, 2.5511208644365357, 2.2326619638521903, 2.9249874562881724, 2.349110529730626, 2.1577337013890685, 2.633363961250767, 2.832071421475806, 2.080412721229333, 2.4218022388676963, 2.4214389513834704, 2.02831436693707, 2.408985344224603, 3.309802171702458, 4.000654214191681, 2.49964422003323, 2.242235067649989, 2.2306007937052854, 2.512603083941158, 3.7761057373944436, 2.3269243476266226, 3.0486906315232227, 2.536862713053895, 2.3575252438101315, 3.8700743514247753, 2.986968156709388, 2.319794835813612, 2.450268983360108, 3.2767257494185875, 2.826906983041739, 2.0280425873222696, 1.970767355572064, 2.4871001183138457, 2.1976906584901448, 2.7346723089605884, 2.6202740911822087, 2.272242082655228, 2.2706719907070783, 2.0258414143826964, 1.9933875933525917, 2.025674763926495, 2.5105634374276447, 2.5951476430616087, 2.3855471475282757, 2.6814175997296634, 2.8975747954574302, 2.3601829840462734, 2.2068584426827496, 2.220979135406648, 2.0568584325590074, 2.1693574035249106, 3.03525541360359, 2.4127438062923057, 2.5003289453397213, 2.530977050960745, 2.8525861331956035, 2.433503830916152, 2.320962117162164, 2.258677753235554, 2.6515793265739616, 2.8468301284665456, 2.149361988354496, 2.683158455739355, 1.9695816867599585, 3.6662008581085095, 2.592337263724201, 2.8504020883209504, 2.7936173412685292, 2.5317527269345663, 2.7094271706467508, 2.674373223524615, 3.345287918792036, 1.997852359831696, 2.1396506998376372, 2.1073327221976053, 2.088895759439542, 2.7805994784038033, 2.598770552908923, 2.213316244976018, 3.137943516947051, 2.8629959271230567, 2.1636974519148446, 2.225269059688456, 2.688450436154451, 2.106921584964296, 2.209297141972656, 3.2457653504620017, 2.031742753963169, 2.9589237253949756, 3.6831186957249633, 2.383487322444695, 2.0849665217424844, 2.30780084595837, 3.3470871482300772, 2.1123855649233336, 2.352619001571964, 2.3284710694552277, 2.013739359261717, 3.400300627174911, 2.291020502240981, 2.106522867333562, 2.261376032865225, 2.936705448559727, 2.175312053192992, 2.5018921586745013, 2.0921870031120218, 2.2204705768752144, 3.937543480496319, 2.2518285695949602, 3.2745445938958935, 2.2928040269813055, 2.1088572687371263, 2.2342136077064216, 2.3150078700208354, 2.314060527881633, 2.4478973886947295, 2.231391132050996, 2.433931894776039, 2.493753804759146, 2.486378231392705, 2.2367494647413726, 2.3732954761421206, 3.1413995740538905, 3.0995252372337663, 2.026415135504266, 2.4422169227043025, 2.2313441956308733, 2.1504021076597084, 3.462896346516187, 2.3818992109101913, 2.623041844482925, 2.4181959894242064, 4.125802729007421, 3.6318280600333996, 3.060245030936213, 2.5058576341090646, 1.9693794246608727, 2.466700746045307, 2.6343057119427513, 2.2310170923318733, 2.1693244996427623, 2.6958236243078075, 4.056736680214024, 2.195637686039122, 2.0301780795616446, 2.2151344822472145, 2.461823859811111, 2.2320290633417077, 2.084552481225456, 2.3512933412854164, 2.7414028939432105, 2.356032472097979, 2.5021834343220726, 2.202674643634862, 2.20445371138041, 2.5374222344285897, 2.5786947069376556, 2.671916856134072, 2.9129814467940682, 3.103596485404723, 2.6889855677848296, 2.230026104822476, 2.248287683087753, 2.7789759176567825, 2.4982189815146683, 2.28667922738913, 2.091263191789352, 2.196614991872279, 2.3249252754925953, 2.6999742590406313, 2.209782005260323, 2.4725369914945285, 2.1913683524250804, 2.3097597821721054, 1.9713888195814562, 2.369038226136097, 2.945571628503769, 2.6637627304575764, 2.1094551838896876, 2.542747623092015, 2.11105811908962, 2.315600074720369, 2.538575605157948, 2.258588074027347, 2.537486305893255, 2.4675075328225673, 2.3912039427430907, 2.55131937430613, 3.000096403341835, 2.7568987535759133, 2.1921237732526246, 2.1678841483310904, 2.2653907999831207, 2.4768790396685074, 2.21500683472689, 3.3101500208031753, 2.4439955065692307, 2.3208734057151967, 2.1414154466875726, 2.2899682326112916, 3.644289451883742, 3.554958525112286, 2.741853614482907, 2.4494893354483844, 2.5725225800254536, 2.5336273141055, 2.5657583035427542, 2.9443482170033177, 2.096327839044285, 2.98812292985268, 2.2917819157340604, 2.7538626345083834, 2.78348700305178, 1.9697074957211123, 2.1978774269845114, 2.2640660865243594, 2.277996628138317, 2.0000144997346037, 2.109330665276853, 2.1131962262550763, 2.2333730771593427, 2.1855975563272674, 2.4564013922530847, 2.601716959314206, 2.546154848137939, 3.21910541128846, 2.4428709680087626, 2.0590621519657772, 2.2858414687426767, 2.3483727730789368, 2.2863226073723206, 2.7289734950322817, 2.3522284609217814, 2.3406814496951576, 2.475609726265058, 3.650302622338561, 2.601045677487199, 2.222234805615088, 2.598371926818814, 2.2891189534742757, 2.3182837985961133, 2.3828331785805608, 2.4354059120803946, 2.367356528995688, 2.2531782739371855, 2.749861793540269, 2.1781329939871297, 2.397272285574268, 2.2085021792329265, 2.3965290095894805, 2.37846786397221, 3.414724698214329, 2.281077336347553, 1.9846289920210474, 2.788896895556486, 2.429354501048892, 4.187071036467058, 2.329872530174004, 3.472522116633458, 2.336884303578792, 2.564156273370195, 2.6136002975161214, 2.1133457453666016, 2.1472609159693596, 2.2293844791205912, 3.0335312882379557, 2.471374554867535, 2.264301091212053, 2.460935938873736, 2.0552698524841295, 2.1631135693002586, 2.537646343314319, 2.6718190964749815, 2.163455502180048, 2.6111173983145513, 2.2078605535310416, 2.2104031164357854, 2.6026273219398592, 2.03254222330679, 2.233307916165572, 3.212352794787694, 2.9304030962368994, 2.28897088600461, 2.628533975064323, 1.970381864011605, 2.660029169631413, 2.376997646764384, 2.0826045391435897, 2.15605790516341, 3.082229400592308, 2.7265107556835404, 2.024172348831388, 2.492635820345877, 2.1132863893439033, 3.802528369046785, 2.1348548319504768, 3.573303615731712, 2.806483114918059, 2.0568605293750264, 3.6002502183759195, 2.6126596728030336, 2.589474481693896, 2.117120786439476, 2.3870664107557378, 2.6163701167500277, 2.0382147558129713, 2.3817432400570686, 3.3422159043568067, 2.0266320753154865, 2.750729599909576, 2.377210231650026, 2.2577374118976987, 2.249397382642546, 2.548353279087334, 2.874897488741255, 2.3816943191244806, 2.9474446676492367, 2.2734825794401923, 3.482148214746034, 2.084941521243793, 1.968395211480153, 2.808475319230198, 2.1127705726031722, 2.096130674008246, 2.141118827867621, 2.3529102298259144, 3.4610608673445458, 3.7281577943147344, 2.8964418696328855, 2.4598997250726935, 2.2603866582912278, 2.1118513607190494, 2.4124962207084963, 2.6062110634320703, 2.9631735150255007, 2.1838065243553397]"
3.0,9358,0.6082781398809468,0.6082781398809468,0.027163028717041016,0.31187180031529793,"[2, 3, 2, 2, 3, 3, 3, 3, 3, 1, 3, 2, 3, 3, 2, 3, 3, 2, 2, 2, 2, 2, 3, 4, 4, 3, 2, 2, 3, 4, 2, 1, 2, 2, 3, 3, 2, 4, 2, 2, 3, 2, 2, 2, 1, 2, 2, 2, 1, 2, 1, 2, 1, 2, 4, 2, 3, 3, 2, 1, 2, 2, 3, 4, 1, 2, 3, 3, 2, 2, 1, 4, 1, 2, 3, 2, 2, 2, 2, 2, 2, 3, 2, 2, 2, 2, 4, 3, 3, 3, 3, 5, 3, 2, 1, 3, 2, 3, 2, 3, 2, 3, 5, 3, 3, 2, 3, 3, 2, 2, 3, 2, 2, 3, 2, 3, 3, 2, 2, 3, 4, 1, 2, 3, 3, 3, 2, 2, 2, 2, 2, 3, 2, 5, 3, 2, 2, 3, 3, 2, 1, 3, 2, 2, 3, 2, 2, 4, 3, 2, 1, 1, 1, 2, 3, 3, 3, 3, 2, 2, 2, 2, 5, 2, 2, 5, 1, 2, 5, 2, 3, 3, 3, 1, 1, 2, 3, 2, 2, 2, 2, 1, 2, 3, 2, 4, 2, 3, 5, 2, 1, 2, 4, 3, 3, 2, 3, 3, 3, 2, 2, 3, 3, 2, 2, 3, 2, 2, 2, 3, 4, 4, 2, 3, 3, 1, 3, 3, 4, 2, 1, 2, 3, 2, 1, 2, 2, 3, 1, 4, 2, 3, 2, 2, 2, 2, 2, 1, 2, 3, 2, 3, 3, 3, 4, 2, 3, 2, 3, 2, 3, 3, 4, 3, 2, 3, 3, 4, 2, 2, 2, 4, 2, 3, 1, 2, 3, 1, 2, 1, 3, 1, 2, 1, 3, 2, 3, 2, 4, 3, 2, 2, 3, 3, 2, 2, 2, 1, 2, 2, 4, 2, 3, 3, 2, 2, 4, 3, 3, 2, 2, 2, 2, 3, 3, 2, 3, 2, 2, 4, 2, 3, 2, 3, 2, 2, 2, 2, 3, 2, 3, 1, 3, 2, 4, 3, 2, 3, 3, 2, 4, 2, 3, 3, 2, 2, 2, 3, 2, 3, 3, 1, 3, 2, 3, 3, 2, 3, 2, 2, 2, 2, 1, 2, 1, 3, 2, 3, 2, 3, 3, 2, 2, 2, 2, 3, 2, 3, 2, 4, 1, 3, 2, 2, 3, 2, 2, 3, 3, 4, 3, 3, 3, 3, 3, 2, 2, 1, 3, 2, 2, 4, 2, 2, 2, 5, 2, 2, 4, 4, 4, 2, 3, 4, 2, 4, 2, 3, 3, 3, 1, 3, 2, 3, 2, 2, 4, 1, 3, 2, 3, 4, 3, 3, 1, 3, 2, 2, 3, 2, 2, 2, 2, 2, 3, 2, 3, 2, 3, 4, 1, 2, 3, 3, 2, 3, 3, 2, 3, 4, 2, 3, 3, 4, 2, 2, 3, 2, 3, 2, 2, 3, 3, 4, 3, 3, 2, 3, 3, 2, 1, 3, 2, 2, 3, 4, 3, 2, 2, 2, 2, 1, 3, 4, 2, 2, 5, 2, 4, 3, 3, 3, 3, 1, 1, 5, 3, 3, 3, 2, 2, 1, 3, 2, 4, 3, 3, 2, 3, 2, 2, 2, 3, 1, 3, 4, 3, 2, 2, 3, 3, 2, 2, 4, 2, 2, 5, 2, 2, 3, 3, 1, 2, 3, 1, 3, 4, 3, 1, 2, 3, 3, 2, 4, 2, 3, 3, 5, 3, 4, 2, 3, 3, 4, 2, 3, 2, 5, 3, 2, 3, 1, 4, 2, 2, 2, 3, 2, 2, 2, 3, 3, 3, 3, 4, 2, 3, 2, 1, 3, 1, 4, 2, 4, 3, 1, 2, 2, 2, 1, 5, 2, 3, 3, 3, 2, 2, 4, 2, 4, 3, 1, 2, 3, 2, 4, 3, 3, 1, 3, 5, 4, 2, 2, 3, 3, 3, 2, 3, 3, 2, 2, 3, 1, 1, 3, 3, 4, 4, 4, 2, 2, 3, 2, 5, 3, 2, 2, 4, 1, 3, 3, 2, 3, 4, 2, 3, 3, 2, 3, 4, 2, 3, 1, 1, 1, 2, 2, 4, 2, 2, 3, 3, 2, 2, 3, 2, 2, 3, 4, 3, 3, 1, 1, 3, 2, 4, 3, 4, 3, 3, 4, 2, 2, 3, 3, 4, 4, 2, 3, 1, 3, 2, 3, 1, 3, 3, 3, 2, 3, 2, 3, 2, 2, 2, 2, 4, 3, 3, 3, 2, 2, 4, 1, 3, 2, 3, 4, 3, 3, 2, 1, 2, 1, 1, 2, 2, 2, 3, 2, 5, 2, 2, 2, 2, 2, 3, 3, 3, 2, 2, 4, 1, 3, 2, 3, 3, 3, 2, 2, 4, 3, 2, 3, 4, 1, 2, 2, 3, 4, 2, 4, 2, 4, 5, 4, 2, 1, 4, 1, 1, 1, 3, 2, 2, 2, 3, 4, 3, 3, 3, 2, 2, 3, 1, 1, 4, 1, 4, 2, 2, 2, 3, 2, 2, 3, 3, 3, 3, 2, 3, 2, 2, 5, 1, 3, 1, 3, 5, 4, 4, 1, 2, 1, 5, 2, 4, 2, 1, 2, 1, 2, 3, 3, 2, 2, 3, 3, 3, 3, 2, 3, 3, 2, 3, 2, 2, 3, 2, 3, 1, 3, 3, 2, 2, 1, 3, 3, 2, 3, 2, 3, 5, 3, 3, 3, 1, 3, 2, 2, 3, 3, 1, 3, 2, 2, 2, 3, 2, 2, 2, 2, 2, 4, 3, 1, 2, 2, 3, 4, 2, 2, 5, 5, 2, 2, 2, 2, 3, 2, 4, 3, 3, 3, 3, 5, 2, 1, 2, 1, 3, 2, 2, 2, 3, 3, 2, 3, 1, 3, 1, 2, 3, 4, 2, 2, 2, 2, 3, 2, 4, 2, 3, 2, 1, 3, 2, 2, 3, 1, 3, 2, 2, 2, 1, 2, 3, 5, 3, 4, 3, 3, 3, 4, 2, 3, 1, 3, 4, 3, 1, 4, 3, 3, 2, 1, 2, 2, 3, 4, 1, 2, 2, 1, 3, 2, 1, 2, 2, 2, 3, 4, 1, 3, 2, 4, 2, 3, 2, 2, 2, 3, 3, 4, 3, 4, 2, 1, 5, 2, 2, 2, 1, 2, 1, 3, 3, 3, 2, 4, 2, 3, 3, 3, 2, 2, 4, 3, 2, 2, 2, 2, 3, 3, 3, 4, 4, 3, 2, 3, 3, 2, 1, 1, 3, 3, 3, 3, 1, 3, 3, 3, 2, 2, 3, 4, 3, 2, 2, 4, 2, 2, 3, 3, 2, 2, 3, 2, 4, 1, 3, 2, 3, 2, 2, 1, 4, 2, 2, 3, 2, 3, 2, 3, 4, 4, 5, 4, 2, 2, 2, 5, 2, 4, 4, 5, 3, 2, 2, 3, 2, 2, 3, 2, 3, 2, 2, 3, 3, 4, 1, 5, 3, 3, 3, 2, 2, 3, 4, 1, 2, 1, 3, 4, 1, 4, 3, 1, 1, 2, 2, 2, 2, 5, 3, 2, 2, 3, 1, 4, 2, 4, 2, 3, 2, 3, 3, 2, 2, 2, 2, 2, 2, 3, 2, 3, 2, 2, 3, 2, 3, 3, 2, 2, 3, 4, 2, 2, 2, 2, 2, 2, 2, 3, 2, 2, 2, 4, 1, 3, 4, 2, 2, 3, 2, 2, 3, 2, 3, 3, 2, 2, 2, 2, 3, 3, 2, 2, 1, 3, 3, 3, 3, 2, 2, 3, 3, 3, 2, 3, 1, 3, 3, 2, 3, 3, 5, 3, 1, 3, 2, 3, 2, 1, 4, 2, 3, 3, 2, 2, 2, 3, 2, 3, 2, 1, 1, 3, 3, 3, 3, 2, 2, 4, 3, 3, 2, 2, 3, 3, 2, 3, 3, 2, 3, 2, 4, 4, 2, 2, 4, 2, 2, 2, 2, 4, 2, 2, 2, 4, 2, 4, 2, 3, 1, 3, 2, 2, 2, 3, 2, 4, 2, 3, 2, 3, 3, 2, 4, 3, 3, 3, 4, 2, 3, 5, 2, 2, 2, 2, 2, 2, 4, 4, 2, 3, 3, 4, 4, 1, 1, 1, 2, 2, 3, 2, 2, 2, 2, 3, 3, 1, 2, 2, 2, 3, 2, 3, 3, 2, 3, 2, 3, 2, 3, 1, 5, 4, 4, 3, 2, 3, 3, 3, 3, 3, 2, 4, 2, 3, 2, 3, 4, 2, 2, 2, 4, 1, 2, 3, 3, 2, 3, 3, 3, 2, 3, 1, 1, 2, 1, 4, 3, 2, 3, 4, 4, 1, 2, 4, 1, 1, 1, 3, 3, 3, 3, 4, 2, 4, 4, 3, 2, 1, 3, 2, 3, 1, 3, 2, 3, 2, 3, 2, 4, 4, 3, 3, 2, 3, 3, 3, 2, 1, 2, 2, 2, 3, 2, 2, 1, 1, 2, 2, 3, 4, 3, 3, 2, 2, 3, 3, 2, 2, 2, 3, 2, 1, 4, 3, 2, 1, 2, 3, 3, 2, 2, 3, 3, 3, 3, 3, 2, 2, 3, 2, 2, 2, 3, 1, 3, 3, 3, 2, 2, 3, 3, 3, 3, 3, 2, 2, 3, 3, 3, 2, 3, 1, 5, 2, 4, 2, 3, 3, 2, 2, 2, 2, 3, 3, 2, 2, 3, 2, 2, 1, 1, 4, 2, 3, 3, 3, 2, 3, 2, 3, 3, 2, 4, 5, 2, 3, 2, 3, 3, 2, 2, 2, 4, 2, 2, 3, 5, 2, 2, 2, 2, 2, 2, 1, 3, 2, 4, 1, 2, 3, 1, 2, 4, 4, 2, 3, 3, 1, 1, 1, 4, 2, 4, 2, 4, 3, 3, 4, 2, 3, 3, 3, 2, 2, 2, 3, 3, 3, 2, 4, 2, 3, 3, 3, 3, 3, 3, 3, 3, 3, 3, 4, 3, 1, 4, 3, 3, 2, 3, 2, 1, 1, 3, 3, 2, 3, 2, 4, 2, 2, 2, 2, 3, 2, 3, 3, 3, 2, 1, 1, 1, 4, 3, 2, 3, 3, 3, 2, 4, 3, 4, 2, 3, 3, 5, 2, 2, 2, 2, 3, 2, 4, 2, 1, 1, 2, 2, 2, 3, 2, 3, 3, 1, 3, 3, 3, 3, 1, 4, 3, 2, 1, 2, 1, 2, 3, 2, 1, 4, 2, 2, 3, 4, 4, 4, 2, 3, 4, 2, 4, 1, 2, 2, 2, 3, 3, 3, 2, 2, 4, 2, 2, 1, 4, 3, 3, 4, 2, 4, 3, 3, 1, 5, 4, 4, 3, 1, 4, 2, 2, 3, 4, 5, 1, 2, 4, 3, 2, 3, 2, 3, 2, 3, 3, 2, 2, 2, 4, 4, 3, 3, 3, 2, 1, 4, 3, 2, 2, 3, 3, 2, 2, 2, 1, 1, 3, 4, 3, 2, 3, 3, 2, 3, 3, 3, 2, 2, 3, 3, 1, 2, 2, 2, 3, 2, 4, 2, 2, 2, 2, 2, 4, 3, 3, 3, 2, 3, 5, 3, 4, 2, 4, 2, 2, 3, 2, 2, 2, 3, 2, 2, 2, 3, 2, 1, 3, 2, 2, 1, 3, 2, 3, 2, 3, 3, 3, 3, 2, 2, 2, 3, 2, 1, 2, 2, 4, 3, 2, 2, 2, 2, 3, 3, 2, 2, 3, 5, 3, 4, 2, 2, 2, 3, 3, 2, 4, 1, 2, 1, 2, 2, 3, 1, 2, 3, 3, 2, 3, 1, 2, 4, 3, 3, 3, 2, 2, 2, 3, 3, 3, 2, 2, 2, 3, 5, 1, 3, 2, 1, 4, 2, 3, 2, 3, 3, 2, 3, 3, 1, 3, 2, 3, 3, 3, 3, 3, 3, 3, 3, 3, 2, 4, 3, 2, 1, 2, 4, 4, 1, 2, 3, 4, 2, 3, 3, 2]","[2.4241815797594732, 2.040539893396405, 1.9900000652899754, 2.4133743471988938, 2.3528491524987003, 3.096323473414918, 2.7774229049850376, 2.192031357940885, 2.476084575618129, 2.088422467806726, 2.4276640877323894, 2.324345536591661, 2.9797640585206437, 2.263834633015145, 2.2850983203770934, 2.215394884634784, 2.844436621527758, 2.5333675462497953, 2.116197412399729, 2.2613139929471378, 2.13074833324702, 2.3068632811541963, 2.84768604123552, 4.139621137605904, 2.679085355824741, 2.5982091746398024, 2.741080237186636, 2.2517913874375983, 2.435430516715968, 3.098543360169637, 2.126358556943464, 2.4258383384936915, 2.445168198154975, 2.138684530375535, 2.2402284505635865, 2.527592641985893, 2.499605391859608, 3.1919193690372527, 2.278721907257207, 2.3929569256326477, 2.371794158503123, 2.507233432935685, 2.2766268944764843, 2.8764127929580434, 2.1307750147462707, 2.366617141558137, 2.1949412826492645, 2.4804974947334095, 2.128156587118197, 2.7032183504902645, 2.5092029228576966, 2.130733794441843, 2.259017978273776, 2.1396409086035217, 2.7571477174197656, 2.3273739110089626, 2.1260532796129294, 2.317564630174283, 2.3462837619346164, 2.8383647667862646, 2.325637448307353, 2.3201731878649428, 2.455575319132899, 3.98609004934553, 2.1358206003327824, 2.2443096465340555, 2.19572859846558, 2.0316130670181503, 2.675674407674279, 2.31695032655388, 2.3022561327129747, 4.088341741757208, 2.542967242191317, 2.6237983772485762, 2.1991084084105923, 2.291916650576617, 2.3760367346304117, 2.079686088592101, 2.1975233092182087, 2.2834088776630668, 2.253901069683869, 3.5402642576359638, 2.249574611625822, 2.3159007400188236, 2.707930188663097, 2.0059535185783, 3.4878884662474965, 2.600934220172502, 2.7347581549233984, 2.4650342101326954, 2.549954630751887, 3.1933832738622607, 2.915535187375118, 2.362355782186332, 2.376219627348732, 2.042335898094159, 2.4553579488699433, 2.1860801403553816, 2.605961391942664, 2.154397660742005, 2.5115977194871357, 2.404442507940031, 3.093878941672404, 2.207066330802879, 2.4261902111314977, 2.089812366397401, 2.476605232882346, 2.5184752861502195, 2.4623987630180273, 1.9892246623472387, 2.242004321396651, 2.2884577648106794, 2.1787211358481615, 3.299008392297309, 2.36645635741436, 2.8698080368824628, 2.2475690188898843, 2.003485279953025, 2.3050532377027055, 2.933250905768646, 3.394986782438332, 2.282190410590619, 2.276302194494213, 2.219993714160647, 2.392275383623078, 2.6807323183848983, 2.2056170396915014, 2.004900897899356, 1.9995409250576892, 2.2113544104580596, 2.4901003802408037, 2.6914024159833048, 2.4592738733198845, 4.362089008950843, 3.6004468099766553, 2.2228662272682778, 2.212364135048051, 2.197777411165786, 2.0803505455411977, 2.091655447003637, 2.0830996558036423, 2.1887709485020697, 2.0266907010281114, 1.9565390051766967, 2.9540405157576495, 2.208714174622221, 2.1958794437954277, 3.0849878278437064, 2.2625594839239085, 2.1336746088850793, 2.1463310470033488, 2.244608440058593, 2.1681160038637124, 2.005182961903956, 2.2795816379211615, 3.7447944606968644, 2.223527312142064, 2.879224707776663, 2.306160498455439, 2.220196575890665, 2.709665615997115, 2.442086959182836, 3.6278025021918543, 2.486831186332692, 2.1608162100029142, 3.743037880815531, 2.1612455867312597, 2.1840979790048434, 4.054422147825175, 2.2715062758798448, 2.2525859996795963, 2.176552376696506, 2.5918423455474593, 2.0327034774063737, 2.4056889793546596, 2.2240708145285555, 2.4040224918984716, 2.2630757476143044, 2.2893696949550404, 2.1735094383256435, 2.14253111032546, 2.8369661766214698, 2.6879803244600646, 2.4047147038668806, 2.8002808244602178, 3.9795831208386465, 2.097190181153683, 2.666155391649311, 4.031721859230727, 2.304593667810677, 2.2440605818912407, 2.289446335880739, 2.5860664224598886, 2.3522933842970337, 2.5744347614261205, 2.4414680504772526, 2.0562815535718153, 3.0638695858474025, 2.613930733453306, 2.3053829877419347, 2.178001410945745, 2.4504603222479866, 2.6341132722020792, 2.2267429040505387, 2.3779345095899664, 2.250259882307267, 2.9266210470912406, 2.0911005762958355, 2.558950488074422, 2.3505275392251854, 3.963150634997926, 3.7708758195793144, 2.1175374056101455, 2.556090661007178, 2.551705813482749, 2.3115091214870027, 2.792177773477247, 2.0561618395583507, 2.8360758248643774, 2.6711232847687087, 2.4330151987327517, 2.262543417852078, 2.0650842819266932, 2.3392723315982225, 2.089597402849089, 2.166188262311827, 2.778309808871318, 3.2486253356225956, 2.3696204348374423, 2.649297242084232, 2.7252206948394293, 2.4933456337647777, 2.3715326733624247, 2.258907401039549, 2.5838561731561307, 2.1787113892651884, 2.0829293713354886, 2.213021675536156, 2.147151700094323, 2.4391362665236396, 2.041296373524053, 2.5537325808002964, 3.1965022391443654, 2.4063254768456734, 2.4830725945196286, 2.6009341628771696, 2.741123262309637, 2.986674540549498, 2.490003209790402, 2.10875210145312, 2.2925321149013835, 2.1928673392385227, 3.146126815805671, 2.648035101684191, 2.1678518822363424, 2.366632539054504, 3.8621088817105766, 2.6377547452441736, 2.046660730375632, 2.2893702756924945, 2.078740603997161, 2.507204355325332, 2.3176268432530582, 2.52070222877018, 2.047276668719909, 2.2172320095007216, 2.7720467181874775, 2.081465187271381, 2.1461514558945978, 2.188826585883555, 3.0292328917571414, 2.2310467598108925, 2.1308981053086953, 3.6187315976006813, 3.3824644516366353, 2.17418758875753, 2.3591106800125106, 2.0268506278850507, 4.37402592846513, 2.8245440121856906, 2.33666688751296, 2.1033189993501864, 2.258206132220092, 2.626514635694491, 2.1070563697743636, 2.5868289696879048, 2.04038965907625, 2.317846034802609, 2.11382758715599, 2.0937539352636065, 2.61980460786233, 2.502994021360766, 2.369422096454569, 2.5819909123521225, 2.3890149453050076, 2.8610423817501287, 2.161977547176613, 2.3927918911900767, 2.9201361072125627, 2.0433956485865705, 2.711843401638508, 2.1271355889119192, 2.599603103074288, 2.2931242030928964, 4.025603201821839, 2.112354839744169, 3.82909790778906, 2.2772066345590325, 2.269609106100448, 3.7310650396373677, 2.559144847827394, 2.3961986900416345, 2.0726740564081054, 2.5839191905424497, 2.162542332954313, 2.41714063659589, 2.076638766211326, 2.3691744185871935, 3.0207834228155086, 2.404517653564654, 2.3512591682537995, 2.1543265384465093, 2.6114288556695953, 2.0557988316874227, 3.053095751759664, 2.0457404016396117, 2.4136445091368777, 2.3338328622935562, 2.6611969556274517, 2.930118532109483, 2.7717565020646067, 2.947898526870273, 2.3177388058697415, 2.4301888448134625, 2.146102291951062, 2.3120746348972085, 2.555230264081386, 2.5443074026032977, 2.4016095078741064, 2.196595691362436, 2.461865460142421, 1.9756454183125647, 3.3795649762246827, 2.0732434929441776, 2.7655774684466663, 2.246105567563587, 2.4644524805250128, 2.7833508915520793, 2.3202551121691286, 2.124114772256088, 2.2641192670489927, 2.18767314698314, 2.0912867611776713, 2.2042909742765686, 2.6620185478622913, 2.3454301148390515, 1.9839761536785905, 2.466127477264177, 2.557497981598583, 2.3356277949290956, 2.513128179578347, 2.090889736597685, 2.2698485367263173, 2.210787755910727, 2.202397389740085, 2.284760668582096, 2.616311593793923, 2.1391551662109816, 1.9796276082345359, 2.808509330356711, 3.808947627367166, 2.6896255423292605, 2.1739475074357504, 3.3502166575296553, 2.3232432988913403, 2.6779618463553523, 2.8894693649914673, 2.673878424875766, 2.5227325301837498, 3.3513506845777865, 2.384410624153487, 2.3370529857571984, 2.488262523102388, 2.386747178813331, 2.7204881215421324, 3.1372749720317827, 2.6517375588966097, 2.2169941729213427, 2.300486145664548, 2.1227757594835297, 2.6762700357592752, 2.972193983040938, 2.3677234793831365, 2.310013966618756, 2.3364314378825917, 2.9662010224979793, 2.281066076323651, 2.2141251820332175, 2.7572296479902474, 3.3727247698875833, 3.5184121703584705, 2.2752909158478136, 2.137651380313091, 2.7947499140589684, 2.149884175560403, 2.9915276310958845, 2.4095868383248185, 2.3649534631137827, 2.8712253505029683, 2.8942252562730606, 2.2267762169195913, 2.44158303281299, 2.35610469780812, 2.531798649235879, 2.368617985329646, 2.52498232928119, 2.565595747361952, 2.466545882141021, 2.9469344559946764, 2.4102743917286493, 2.2169325708708087, 3.4108012902663036, 2.484772846314935, 2.4043346139512827, 2.2907500497601445, 3.0558884409970104, 2.069918952827195, 2.214117430654985, 1.9753255645986858, 2.3346613325885306, 3.2486135938658185, 3.7935021077430524, 2.306052142208211, 2.8485008759781945, 2.0076186740294677, 2.61444455395138, 2.0952384110757873, 2.19119797555175, 2.459600385426659, 2.2388871330873377, 3.8398712037186984, 2.0084493468002336, 2.487456797328112, 2.4893063771708857, 2.160466658488351, 2.5870512240307613, 2.7776226055617568, 2.071212388308508, 2.4478125776066073, 2.666431795559877, 2.272315769313542, 2.4166410897623067, 2.407231515682522, 2.454029320731693, 2.123933628483912, 2.309803657496172, 2.4950346365364284, 2.3848910968218293, 2.5227331305899, 2.153501101089466, 2.120714283292382, 2.6417102557100804, 2.405493001131043, 2.411414937132755, 2.314617921591254, 2.4918819526179847, 2.18514146290455, 2.290415657241089, 2.68779437322217, 2.593837304509743, 2.1988501490244543, 2.2150677812354815, 2.2587496213877065, 2.4882269233906484, 2.8585922443580847, 3.678904454763342, 2.667288045064978, 2.0308914352862066, 2.006028635738378, 2.332715237633393, 2.122530641740532, 2.275930012265879, 2.5251561841184857, 3.3108470158085446, 2.021350575518493, 2.6499638029047485, 2.6066917357735337, 2.150927694995091, 2.2098031423141067, 2.465194747814455, 2.3429707744251376, 2.2488011181115524, 2.4333453372671077, 2.4236491915145058, 2.5459785243498367, 4.130494171527236, 2.361917314768804, 2.174642796805822, 2.5804543522059524, 2.925487400658004, 2.388318528602026, 3.106369651624255, 2.123291062686573, 2.5658872082756212, 3.941441655630201, 2.2960645743446135, 2.214330156240993, 2.108614445062425, 2.453398319538383, 2.1923736670759544, 2.474883418953, 2.484483876452885, 2.9361579088991645, 2.3406168860343097, 2.5091425485061536, 3.038303663490821, 2.4461924219917974, 2.2397183524350104, 2.329564367026861, 2.2886952319618925, 3.056683946538547, 2.3956089077113, 2.3999014783112824, 3.9690015301418207, 2.5226046236251713, 2.3157913295518355, 4.262156666686944, 2.286037978265783, 2.3379735586922332, 2.085268989779804, 2.5645047132118406, 2.7516711654650505, 2.700085633140668, 2.726728495319066, 2.2832785618579226, 2.291247188721595, 2.6678299249240385, 2.9265689038541445, 2.262868487262515, 2.0580969433431378, 2.4919020285645717, 2.3644749809431906, 2.928987153632837, 3.2223308481437334, 2.8090313255114623, 2.789009046890042, 2.2692513336432425, 3.3948995577318852, 2.2231867234885927, 2.470458080331001, 2.302080568182495, 3.3003372771252133, 2.5290816615160896, 2.889967832625383, 2.2188163698367735, 2.384235268303436, 2.278195511661953, 3.425895173823284, 2.3024784815275146, 2.3674205876086303, 2.2467024797073876, 4.231106625098737, 2.9791349265302243, 2.1365769514263824, 3.324319885563305, 2.1674798290420565, 3.5003279437380033, 2.190522874525815, 2.129893641112334, 3.4814011546024664, 2.366419833185661, 2.2654152013025652, 2.287336911935905, 2.5136668897611836, 3.712283262438261, 2.449010457303267, 2.6940034352313433, 2.826404352619146, 2.669015715972812, 2.83949243231978, 2.2927326357909945, 4.112361994444818, 2.1370555849471264, 2.5494669699536607, 2.209065159652483, 2.1596061337829364, 2.577049811082332, 2.2646499531550925, 3.599979965002432, 2.5652904054301553, 3.5825504516078026, 2.1162056892632695, 2.514881446354494, 3.080465721616736, 2.383968446962567, 2.1505294871612963, 2.0562796197191937, 3.256514963212508, 3.722670115121804, 3.846090926941484, 2.2935376629880078, 2.238678789080779, 2.189028632413497, 2.63809134816021, 2.877686816933391, 2.233175252072884, 2.284597804866683, 2.57633863044212, 2.1720794620069652, 2.229748983810782, 3.173120532544993, 3.406350712920797, 2.1347043868722126, 2.0618151406717873, 3.536171801215609, 2.222567934080664, 2.6362191226949507, 2.469653604484902, 2.768940350799879, 2.503686228622185, 2.0157192116468687, 2.444930638173448, 2.647566182866407, 2.2102731177821138, 2.4939252105028027, 2.138640859913817, 4.2367111079228525, 2.5849279373271177, 2.996639598543899, 3.5785593000791653, 2.4081059911981972, 2.3771609563499014, 2.1566967528355785, 2.6138601984121004, 3.257629517202637, 2.300940911573342, 2.16771814759708, 3.3553088339497887, 3.3746962883672404, 2.1548155492956322, 2.3330448767143697, 2.8029587348104483, 2.7209935359256727, 2.2758433707273493, 3.1477120934012213, 1.986668255770404, 2.46306116301195, 2.1331758514529837, 2.5316217696016583, 2.5529990091902284, 3.088590505203003, 2.038002871893139, 3.0751250844300344, 2.202285599600096, 2.017999380925353, 2.4728341945394696, 2.110331522690466, 2.2877451408239255, 2.6781508508226444, 2.8285956483852908, 2.0618770326889786, 2.369968268450798, 2.263588158118742, 2.2406706171509643, 2.112356282440507, 2.6824444491080275, 2.7462312291949145, 2.1507535625574072, 2.9458093237349288, 2.166113229537194, 2.7334181472695986, 4.0821700685138556, 1.9778359316257954, 2.3083152007961107, 2.764616449722533, 2.5288460706702764, 2.8947184676000512, 2.8920042090173985, 3.4643533966938485, 2.095273482004606, 2.6283262935611895, 3.441584932207738, 2.04209600780875, 2.2981235959048214, 2.121808520727014, 2.3504058015424345, 2.1597600191396995, 2.9094600778127826, 2.1275905271310847, 2.5823689600708315, 2.200543366113135, 2.5890700357932173, 2.3062966865496044, 2.565282646745993, 3.2301178769328844, 3.2813048239337053, 2.7289302066753836, 2.0071530240515347, 3.872488032693893, 2.340413664008297, 2.3769374722463184, 2.240921180411016, 2.509636962188857, 2.222835831288645, 2.17345659163181, 2.0964605221144077, 3.705921306648443, 2.324172269445417, 2.48867685951762, 2.5480494994239096, 2.4465070187151254, 2.381692044801275, 2.5695057344143257, 2.3670742625173804, 2.2196319856229847, 2.4117425586629677, 2.12091577285882, 2.764721681234989, 3.1358718070650844, 2.1781514786536844, 2.4470539140701284, 2.1901845602553274, 2.572829036073823, 2.5306710601480695, 2.0366478216981676, 2.2412840395307314, 2.3882270605122686, 2.2485322872059728, 2.904209954561799, 2.1915346154306943, 3.673834942643224, 2.6651070456633956, 2.2843642576107412, 2.4942703853133836, 3.027554115117652, 2.1449159366328545, 3.1358986993014755, 2.4750668815718915, 3.1515721924840534, 2.3419937693684845, 2.17662991699078, 2.696101969025615, 2.071007402339702, 2.42379563636642, 2.0555104787180927, 2.4598063142551556, 2.3397643568740687, 2.1674463871389564, 3.8294977662254013, 2.1831214935020027, 3.1390987902797263, 2.5300557041675695, 2.890517148965928, 2.216046578699474, 2.6812760091439567, 2.3072010107693335, 2.802657995270441, 2.263556657374193, 2.5970150317396286, 3.9687280140543937, 2.1095580247025474, 2.7912054019196977, 2.3858004299138487, 3.5685899998166346, 3.774453111962723, 2.7497885909674817, 2.478683355446017, 2.2215054377846988, 2.5437915285975894, 2.0084057303847045, 2.1350262942921217, 2.2974631659672546, 3.3827714675576535, 2.183661852427722, 2.2820513009485124, 2.5398495468284983, 2.6241104243135283, 2.5156327516478396, 2.1372865965213936, 2.3821362815812526, 2.5416432568703513, 2.113038163587456, 2.652914457985777, 2.905521580752046, 2.6109802487003178, 2.1335776294710485, 2.576373733675325, 1.9928811718490809, 2.284530326537359, 2.341411959093336, 2.4662117958047545, 2.213664268356589, 2.6932742108717003, 2.2597170629416232, 2.213686594743732, 2.3872919081132227, 2.7720275464179154, 2.1356815012457493, 2.1551047536687724, 2.281447488830289, 2.2030610025428325, 2.0452528894077258, 2.4723981206341032, 4.306167960259518, 2.290575322780789, 2.4041874481225887, 2.2812904097878577, 2.0341840124001616, 3.972519028763366, 2.604662443262368, 3.696395760077219, 2.6858991463740733, 2.0322422305053136, 2.203881464597436, 4.253615950332508, 2.4494664300064795, 3.996367122318791, 2.187465248598564, 2.6982555952472858, 2.2674131578252372, 2.249936071306974, 2.2658056953362955, 2.270900126403699, 2.861783724845024, 2.3425746282720556, 2.6190619801590382, 2.7265699183281504, 2.473795254298343, 2.429499367120918, 3.0111361010278266, 2.05425967921445, 2.512797748248556, 2.7705606110854384, 2.88190970853595, 2.560820150816364, 2.052585293484978, 2.2400769492729316, 2.9789906184174053, 2.1843116850287094, 3.371255900067327, 2.238372874923415, 2.3854964347973286, 2.1131013422923113, 2.329637487776241, 2.300005403167079, 2.0362291376616293, 2.2468543068680757, 3.038270222639742, 2.290168497553092, 2.229357529074907, 2.0579869218664575, 2.68191501577878, 3.525584541248116, 2.6273702265639427, 2.2665661900456895, 2.4455206258815743, 1.9989749191167656, 2.732483926941829, 2.249892454891445, 2.309056624637877, 2.1117563255977445, 2.742321733298825, 2.350058274130416, 2.504392539220054, 2.5575612757167923, 2.236523191845182, 2.869358187305984, 2.3935864223442427, 2.3303852558049627, 1.957723917798566, 2.579082467731223, 2.6227372484441442, 2.2072454951881313, 2.2773370485702342, 2.077428670381071, 2.0003623675501507, 2.211034352553797, 2.68599994290221, 2.4445004863850364, 2.7395685885504433, 2.314528876635692, 2.504876415441902, 3.1634860146304744, 3.3044781519196933, 2.346314983500922, 2.6609322474145447, 3.1341035805214275, 2.7815246178841027, 2.4416547161287756, 2.263944634774661, 3.135925863133727, 2.031499179710936, 2.748069153413524, 2.4172425569833367, 3.111996958813847, 3.0649794215511657, 2.2177167291702458, 2.0550693016821953, 2.2425130308266095, 2.2650299229653927, 2.115687240556268, 2.093588127654228, 2.5378358057073145, 2.194422066875428, 2.513115800565489, 2.760378696889818, 2.588749302229531, 2.3884624739574516, 2.2665375746938166, 2.4653009036454736, 2.3685590912526084, 2.111803289664429, 2.2122418227762872, 3.510560540508061, 4.010841930557971, 2.0325120498048856, 2.1739862775828875, 1.9908322077801737, 2.163857576643391, 2.0999817983597504, 3.034101856347822, 2.310233953651218, 2.319783090515813, 2.408496144268307, 2.1625103140303863, 2.6592432974645765, 2.2214004653738115, 2.257534039707934, 2.657498883416111, 2.6064636201954845, 2.7812588753370764, 2.522624430731643, 2.0003612205000767, 2.2261726642923665, 2.3636750674987996, 2.0953713878103066, 3.1347541006668846, 2.823223240669375, 2.807385064981132, 3.720658771873432, 2.330689767676437, 2.5279954577371484, 2.623055456645735, 4.208319784626333, 2.2922809523926704, 2.3246201013731773, 2.0313678122849708, 2.69999111693032, 3.4833830894115727, 2.2510246695706932, 2.1770491192066967, 2.586024675464196, 2.4694959402313668, 3.742083073111973, 2.2631993274583033, 2.3974442007355696, 2.3276370371882997, 2.2637790287567268, 2.3200142296848307, 2.812904613379511, 2.251389951824605, 2.6811333504761956, 2.161239611273797, 2.288922628034533, 2.3395930802070266, 2.416773393466262, 4.0865664656321385, 2.1921294124977972, 2.0372471496702347, 2.3626504241203925, 2.7337297276024213, 3.9821496135526964, 2.564658827989436, 2.387149597481671, 2.650206749094397, 3.6789116327709057, 2.5466246051092196, 2.355415496694879, 3.5824505617307447, 2.260218651720206, 2.460513240786652, 2.650294256863389, 2.507252910839567, 3.7384451183714877, 2.2660040229122056, 4.22469252451602, 2.110061703390894, 2.2069299129181377, 3.944497347771848, 2.1334016651916965, 2.4881039147996007, 2.6058711238102292, 2.2563773803157017, 2.0334827461796445, 2.212912485746121, 2.1708085682140053, 2.2214138749899175, 4.0781094422451964, 2.039052551258509, 3.0116141293909693, 2.340076960902524, 3.093105347136193, 2.2673740182499342, 2.268341051610109, 2.31247207824456, 3.8214051090202803, 2.1135411950623766, 2.7404290357011325, 2.325231389192423, 2.1515564338019426, 2.0587119571704555, 2.3105232870584063, 2.432906416970136, 2.5475947830876544, 2.43616392431276, 2.685806959632532, 3.6184589489978087, 2.3354591935513977, 2.2413945232658916, 2.3770788654334996, 2.5507924288325503, 1.9794071030226952, 2.128077410492275, 2.1238017256863175, 2.487966816345025, 2.420765682961271, 3.7268553111753713, 2.491041602572498, 2.0896175911447576, 2.669558173722, 3.688445492314954, 2.9188094021385202, 2.7018628437349688, 2.2287731751434015, 2.501125266716232, 3.419453467157339, 1.9798519792769107, 2.672755959037469, 2.1579664751543097, 3.5874392758698717, 2.615237445291414, 2.2172231053742597, 2.5202617379003107, 3.0195374272951003, 3.126227761858595, 2.952902913243956, 2.457644396576633, 2.0516853572834792, 3.021064513515696, 2.4753828497380717, 2.478371092381182, 2.393635496037856, 2.240472418609102, 2.7580082366789136, 2.2440062925010693, 2.4629885380424317, 3.838858441081969, 2.0930579235237725, 2.2317801377856505, 2.8693921370018662, 2.766928809810943, 2.4741538781593584, 2.238098006539501, 2.496271592814903, 3.6700253385769352, 3.1694319842780434, 4.1352857162849475, 4.352968181909654, 2.4671051579988017, 2.7257348957080194, 2.188391456212313, 4.11967865133325, 2.364321572890026, 2.082102600598991, 2.8206366902844513, 3.0888320245141307, 2.559323538193136, 2.188221266467732, 2.3126143195864075, 2.056731405128471, 2.239713513472548, 2.1164140517810357, 2.9945164520645347, 2.528079045414626, 2.305782136579259, 2.6607690403214437, 2.7296891305215416, 2.285202188004516, 2.8507242351764592, 3.0935774504939495, 2.382599894321176, 3.628517422709219, 2.300634438826151, 2.2305916820026055, 2.8174411816284937, 2.420994252841666, 2.1700826354161427, 2.8569873971697644, 2.607219814275721, 2.326773343156508, 2.111614285197137, 2.2175731532429865, 3.124642193029907, 2.3009180674907013, 3.3483993068826163, 2.577661094194587, 2.6699308741297125, 3.30515775893154, 2.260073667425633, 2.486867670891568, 2.079967172158843, 2.160945783165379, 2.4340821940187247, 3.9593979883536923, 3.5332847476910194, 2.0460762368550047, 2.0874101158921543, 2.3405084797306617, 2.084383621281286, 2.5232690772766553, 2.39262066506819, 3.4682842399136566, 2.292733631490916, 2.2497775871463723, 2.218329319863367, 2.6122381932794907, 2.363380284751112, 1.9739928407908574, 2.028840021060009, 2.0765304205676403, 2.166013796649711, 2.3627752906035866, 2.3616792365893495, 3.0500454177535095, 2.3677829285489675, 2.2849287938136835, 2.5194559109822308, 2.113174783619394, 2.609851246556753, 2.1580299389018864, 2.7102637607153737, 2.3723497318449738, 2.192968648616277, 2.248136865184363, 2.236457580892508, 2.4324276285982065, 2.6516719135963625, 2.1859043807481404, 2.298916528305507, 2.133497666042579, 2.5618310856347892, 2.25021190159899, 2.5718114361173496, 2.689341939548865, 2.3811814179567956, 2.179241185183353, 2.0745079995663507, 3.236732961143565, 2.2810595469648027, 2.231086121250557, 2.3271776794242407, 2.5737983719975643, 2.0573017200914476, 2.276718491581741, 2.138922083069681, 2.109006068285226, 2.4352020363682745, 3.3642006785745697, 2.344716651878271, 2.324527097756768, 2.5805972233020404, 2.3146916888853077, 2.630234814123306, 2.8862677480020045, 3.3335015084171244, 2.0127290640489406, 2.1847619553527293, 2.237933455947284, 2.7252129631783615, 2.432614550894923, 2.3668899212196948, 2.2135817889636096, 2.321124135669463, 1.9845804945312657, 2.4330439079061037, 3.5160125253989034, 2.1151425596229587, 2.2763205615517554, 2.177248796648631, 2.358319738109575, 2.1200632918802897, 2.547452362166603, 2.83776625263984, 2.0613613673636992, 2.470934955791979, 2.035202024408767, 3.4141540576603995, 2.0777345680704142, 2.546370084345809, 2.338826775259403, 2.034743238220071, 2.485053135773199, 2.2241887539956844, 2.2984372659140675, 2.5796386508768085, 2.095691870394881, 2.4257922051224874, 3.2594181252590597, 2.46395923441719, 3.1557965439792097, 2.3679866088116177, 2.4576916512601787, 2.4167696763869406, 2.586933577359067, 2.568701314394674, 2.7781657147646803, 2.115197176156138, 2.9247801951652095, 2.242639644814496, 2.516296047659232, 2.3476704492141143, 2.205587950320118, 2.1569516441846437, 2.532011691643162, 2.4264355001937012, 2.296527206646679, 2.8865925134082264, 2.139011357845738, 2.113950704741509, 2.058437624826923, 2.651192020478066, 2.115563069419742, 2.585609941159755, 2.172845158592305, 2.4227956703537727, 2.251718432094477, 3.8680259731907327, 2.3868701899327958, 2.088398958882996, 1.981314109634988, 2.6631214986018064, 2.5917064628954574, 2.075739321166111, 2.293866476265366, 2.0488076272733338, 2.259291423009764, 2.23804053611039, 2.220382257855186, 2.332867559988602, 2.5184009618741134, 2.3860633307092423, 4.114072526714825, 2.1174846148372106, 2.396102122322379, 4.076831470086019, 4.275149476711192, 2.1741704357817873, 2.030752854378552, 2.4669974635283913, 2.3952226759593644, 2.4959542055115436, 3.501640995293425, 3.166477249380197, 3.166486167525668, 2.4471875006269315, 2.4950220482873893, 2.790125790692838, 2.38978181661372, 3.590530626623879, 2.5465796315402858, 4.068454887382676, 2.1781838202469697, 3.7451410617172134, 3.7169185840310015, 2.5271440817568744, 2.7978677348939462, 2.027920237526462, 2.258394031670579, 2.0737791616586474, 2.421335855037514, 2.1320592488470838, 2.2166703974560313, 2.9029789130074315, 2.897875626935819, 2.5754796683050003, 2.120795078407497, 2.0340095467380457, 3.968947809728073, 3.3020853677631474, 2.521826158074001, 2.4065075122636315, 3.7300709100673637, 2.370650014482275, 2.6188798500659765, 2.958789760876212, 1.9888321146074783, 3.3757996668822763, 2.503720874052011, 2.053378120625567, 3.167652164082625, 2.446386579703039, 2.044726551107804, 2.060021892332661, 2.3089907191964274, 2.2641809745929646, 2.6526946936549063, 2.3593932215376543, 2.8130935581024588, 2.2477504970924493, 2.76234500525056, 2.363197340634011, 2.291065636737128, 2.065377481164415, 2.2775356612558832, 2.0750584204570206, 2.280271899317038, 4.052400642895975, 2.314201782168643, 2.842895113335583, 2.6565534926911187, 2.288108833486448, 2.0371038891064037, 2.1236479211818926, 2.2138008514791125, 2.11275950315491, 2.1115818599356286, 2.1711696152092173, 2.7633344977698044, 2.5403867342977353, 2.647726132039451, 2.352830265887346, 2.2985539142869, 2.9642936891595424, 2.240080886842181, 2.806662882382155, 2.139643196622246, 3.1721889322248344, 2.259226604941062, 4.272052135733928, 2.5312837436715045, 2.4499751018397213, 2.0183773898599373, 2.469253946667388, 2.2121331793946823, 2.580372561642805, 2.562505345811987, 2.41146611652403, 3.7365583982149375, 2.8709041892082237, 2.062921236915261, 2.0832188516377284, 3.075536488771839, 3.1571449426999383, 2.2259089259137754, 2.261790654803751, 2.957974900347336, 4.16545211737911, 2.3056486364510866, 2.427378704541179, 2.577845247686497, 2.1104502562660725, 2.1660775922472864, 2.064117600133681, 2.57048129231954, 2.1479832973820483, 3.402465406253994, 2.510332714402749, 3.486592211570157, 2.5407028077240126, 2.4447216099795166, 4.032897120609804, 3.702031443728374, 2.3197476966842956, 2.112352416609973, 2.3243274203148334, 2.218113474590538, 2.313877613351287, 2.528288834375501, 2.216097297905375, 2.139404897784387, 2.682962589589054, 2.778279858096804, 2.3044259966295457, 2.226908046604036, 3.210054667788822, 3.8857432952132083, 2.4723783097227345, 3.708323753519821, 2.303382310582642, 2.8834958598823515, 2.210929068028625, 2.658690410771284, 2.3037011885656526, 2.1977704116108736, 2.1650075849486576, 2.0943935886451754, 2.0821397990157418, 2.9053747158433976, 2.1778605690424606, 2.1740203924980026, 2.52393186169037, 2.0640565398031354, 2.222724274285313, 2.0582594223683213, 2.823880136792729, 3.7039512204825344, 2.5393995154892184, 2.4225709660869663, 2.2225592877889575, 2.269728033311365, 2.4710533561431536, 2.4351340922794384, 2.5532691168301342, 2.2718956966268546, 2.1883627327680624, 3.1235571887354467, 2.4984697250568515, 2.30871620261517, 3.5243566232834196, 2.4506246341060036, 2.312688672977263, 2.142611998270889, 2.0473823061866767, 2.145645300025866, 2.1448069226171267, 2.2899451997788893, 1.9584418049948351, 2.65425487994433, 2.628422622929514, 3.0294883941158988, 2.6008697562699026, 2.5509100573913517, 2.6502045456459893, 2.524387927223896, 2.391993469762673, 2.138889601887274, 2.341207584134222, 3.0534385164030367, 3.297744523535438, 2.3647431712170444, 2.3094213602478644, 2.4489614764399676, 2.4910285847006626, 2.180231637265803, 2.0789853405509624, 2.3873339044317836, 2.0908162452141816, 2.63515731589757, 2.6187670171448456, 2.6717241807553367, 2.262691229038037, 2.2277100664447613, 2.087361948854497, 2.6318670121754337, 2.5584617121731514, 2.131704028558122, 3.396633177709246, 2.495815255175723, 3.8738408517822043, 2.213983371471654, 3.2720502055111886, 2.503683111365827, 3.8412567319352027, 3.594238367568466, 2.852106360812074, 2.1013000374085915, 2.0644741702886664, 2.501766472761226, 2.6771522198642437, 2.355803144120058, 2.8128295094033664, 2.0035851360308996, 2.3695553688353517, 2.2814965625239023, 2.098687844699059, 2.0572231723362213, 2.517803050799796, 2.165245200851083, 2.2834467035760797, 3.2619669808246003, 2.2218307910618202, 3.537491389322831, 2.262612004465899, 3.4242491356411966, 2.6320710323332874, 3.171224611003935, 3.415408815441621, 2.4142743644696756, 2.7176577388474494, 3.0448192732350443, 2.00698122312369, 2.5178917627293225, 2.5009049102556036, 3.04842357489452, 2.439429124580796, 2.4503655046509123, 2.0573210781419218, 2.4566699918029165, 3.121067901866733, 2.5282109679293847, 2.4864197637426075, 2.3176474789954287, 4.167005253753337, 2.537644881658299, 2.7014492861176818, 2.192253824028442, 2.5248373317841355, 2.484171484354002, 2.4090534366688536, 2.269375434265559, 2.5093831776478948, 2.3144537397584504, 3.629828860139623, 2.5272292291518177, 2.120831425420438, 2.543117853816367, 2.5164843482865185, 2.9048742774125014, 3.0179860518923243, 3.002523644433153, 2.2058920116941434, 2.948384867053629, 2.4730490490712564, 2.61540926211648, 2.354733519216583, 2.0615276391062674, 2.8899205066698026, 2.2412837991366135, 2.5213536377921484, 2.2675323160811556, 3.9762589593119206, 2.2438744510555937, 2.448973592110948, 3.200756042846354, 2.2155618392942364, 2.472326764044462, 2.0679440984574127, 2.6534098961642454, 2.2464051953551607, 2.8867277167757557, 2.29130494749104, 2.2450974760561, 2.610889989602101, 2.768985612258861, 2.1281420212899262, 2.360903365523655, 2.3954256444258744, 2.013661508455941, 2.4515799040680415, 3.356757613361527, 4.076396478580996, 2.5133643509282733, 2.2520589949308114, 2.277370427246506, 2.430183526181803, 3.75060734708085, 2.3386516398158674, 2.976449821950137, 2.472017831636929, 2.3165768485057106, 3.9416305605170026, 2.9102986027667774, 2.2831380048124874, 2.5940942430850997, 3.118945951806561, 2.7715804657241265, 2.0177444895762884, 1.9810368918987797, 2.4611715568235586, 2.1605820173897077, 2.655654764119114, 2.651494320291292, 2.2476029192280187, 2.3546917386995085, 2.0508130019498063, 2.0897905581896365, 2.13133987363712, 2.557259500671653, 2.66482468073875, 2.4199883729906104, 2.727670610502499, 2.7158396256371455, 2.352457065642986, 2.177781096770275, 2.259296638706322, 2.033420725128405, 2.1376557643230036, 3.107887275485919, 2.3951160310316437, 2.4250543722032414, 2.491227577351003, 2.756658420038001, 2.369194691268306, 2.265601782635661, 2.304147040550736, 2.7119678050445417, 2.8226921745800357, 2.1455155602511855, 2.6720279032253234, 1.9988493513739563, 3.848182335316533, 2.5357772994791588, 2.79909815207718, 2.8374262039150597, 2.468640524287621, 2.6501839651557644, 2.5518309880234415, 3.5722932454393757, 2.022715780508728, 2.213386272998473, 2.1722997761824354, 2.078723475445573, 2.882311456431705, 2.599628333921067, 2.2368111979543395, 3.006302099723873, 2.8656970853656905, 2.222685966396656, 2.1948485384939334, 2.676026901459988, 2.1784763452481712, 2.293950063924295, 3.4357332266412803, 2.1182029161102496, 2.9675378742722622, 3.646894589319268, 2.375125597388571, 2.059729673532797, 2.3982863939854404, 3.545263183482418, 2.096390251222722, 2.4012179451957816, 2.3088403182640564, 2.0841771637183375, 3.4824700910593784, 2.2667447198806396, 2.1844663329808114, 2.263610428584986, 2.9296719010260963, 2.2108195088104243, 2.4828339215651627, 2.113876660849604, 2.266936780826473, 4.030892677200468, 2.2444219983146185, 3.436572696081289, 2.240044005832045, 2.1493963117613544, 2.2230946443891426, 2.286658502444757, 2.3692852717505195, 2.4672668666409896, 2.2654970696858525, 2.458108947852525, 2.5270742296325537, 2.568480281267062, 2.184998128558817, 2.376551788945999, 3.070467872537812, 3.0245012104740208, 2.0421939136144505, 2.40091799473485, 2.2662022017369035, 2.1255304548521496, 3.599768239571447, 2.4099179773974657, 2.538465451170122, 2.375843782290686, 4.15979169579917, 3.7772642747731506, 3.0303616151242805, 2.493683413387866, 2.001887961655805, 2.4816747685245244, 2.6552061371993316, 2.2711163178864964, 2.1381500836989984, 2.6172414122693257, 4.131023153638306, 2.2011460452188416, 2.063685966883355, 2.2842781882977783, 2.392319641339086, 2.244979373225899, 2.065949859014062, 2.3603856464923454, 2.65650707521989, 2.33900295549017, 2.4762425895641167, 2.248328183468968, 2.221601013286517, 2.4713053878981315, 2.5934966408869613, 2.6729280117371936, 2.824213881775945, 3.0424801753357062, 2.6009916727406095, 2.2860040543870386, 2.3008578552478047, 2.7247089512655824, 2.6028903783170962, 2.332057680658718, 2.1211804857787175, 2.1767418993431766, 2.3686839650417326, 2.725107017635546, 2.109154721742824, 2.393996080774588, 2.1883801543669748, 2.271274709216784, 1.9717005558413925, 2.256423127516775, 3.1345358499523863, 2.6894341053972046, 2.14041375329659, 2.4770179489971893, 2.116332645656228, 2.3461564558492056, 2.5188519769674125, 2.3054943031637407, 2.549484698726527, 2.46510163441583, 2.4218190239183226, 2.556179393829906, 2.8766024767036464, 2.677339571685802, 2.244214071032238, 2.1597886720697406, 2.352767855690776, 2.4306382822933483, 2.212531849486957, 3.2243664922866975, 2.374198093954987, 2.2669345064434894, 2.1088509876966786, 2.279312455448419, 3.7073151415714745, 3.725068657600495, 2.7979704286815408, 2.4411353804829825, 2.502135428633264, 2.5360102980501433, 2.495307968724938, 3.152915322829439, 2.196780884045383, 2.8861669990887866, 2.247705998445119, 2.7421790372377677, 2.7542186519140834, 1.996959306701036, 2.161016819917942, 2.223197396463235, 2.3194353507239365, 1.9902336666106546, 2.1422844128959424, 2.084211578753366, 2.2367472369690544, 2.283794098704907, 2.5843487679827026, 2.6201227458016003, 2.4496808622534734, 3.2543535102713967, 2.39109218556986, 2.0783372166705423, 2.344643439673011, 2.302388363303781, 2.337415230366189, 2.738028149606752, 2.322487114409956, 2.3528972246628572, 2.5038804993311907, 3.6925263298962117, 2.5222096527512146, 2.240432538990059, 2.5923523518307254, 2.2954053528092393, 2.310104358172649, 2.3893121426564554, 2.319154817031713, 2.4073091850108437, 2.2241452113620572, 2.729717050478278, 2.1618654271098046, 2.280839608114051, 2.1607803449656178, 2.406693670140921, 2.446080916709658, 3.5889175374718407, 2.342458212570548, 2.072925571208211, 2.7467959535869007, 2.4100659657991828, 4.292557308310609, 2.294267289089088, 3.5277978346950825, 2.4044643927619775, 2.515016224591426, 2.496221169070394, 2.081965333353626, 2.1727209933202576, 2.2956432822189323, 3.1524380799834817, 2.403766200138227, 2.219666889939588, 2.405658995088351, 2.057286173825319, 2.231457712186363, 2.469057175541251, 2.518753431700999, 2.229561459617996, 2.554986749546969, 2.1704195727975115, 2.2882688334565366, 2.4984483988247312, 2.101833126931723, 2.3070309081754594, 3.304696468693301, 3.0525371376776844, 2.297629790001215, 2.571601149746282, 1.9868281826273435, 2.578615057244512, 2.320933589744023, 2.095214050699779, 2.189009274363023, 3.064070037741506, 2.713321365551027, 2.07588759461055, 2.356543315418312, 2.0828570467377734, 3.912803825940535, 2.2074119711210836, 3.751630442656757, 2.721118301837211, 2.0333892243838565, 3.618664365345082, 2.6140126427473174, 2.4891344517125624, 2.1032756515578273, 2.3322904502927515, 2.6341713668783084, 2.016613920390779, 2.4122611481650478, 3.449413653062848, 2.038934798120761, 2.700476628867207, 2.317739898873627, 2.3182739129137175, 2.284186691978969, 2.416653543161288, 2.7962950464630536, 2.3283981191519847, 3.102037679564939, 2.2443534117007973, 3.4295735555783997, 2.0601052593331852, 2.016673926520113, 2.8299138156954164, 2.0906062298967467, 2.1260789160730598, 2.1133071314832175, 2.379334099511469, 3.4711594506916, 3.7581921689632027, 2.732859720230213, 2.439666634017167, 2.2784739337435678, 2.1044156716800457, 2.398835542022583, 2.636295173552628, 2.908868589505089, 2.228318493786375]"
-1.0,9358,0.6091916572155441,0.6091916572155441,0.0030252933502197266,0.31173412995842786,"[2, 3, 2, 2, 3, 3, 3, 3, 3, 1, 3, 2, 3, 3, 2, 3, 3, 2, 2, 2, 2, 2, 3, 4, 4, 3, 2, 2, 3, 4, 2, 1, 2, 2, 3, 3, 2, 4, 2, 2, 3, 2, 2, 2, 1, 2, 2, 2, 1, 2, 1, 2, 1, 2, 4, 2, 3, 3, 2, 1, 2, 2, 3, 4, 1, 2, 3, 3, 2, 2, 1, 4, 1, 2, 3, 2, 2, 2, 2, 2, 2, 3, 2, 2, 2, 2, 4, 3, 3, 3, 3, 5, 3, 2, 1, 3, 2, 3, 2, 3, 2, 3, 5, 3, 3, 2, 3, 3, 2, 2, 3, 2, 2, 3, 2, 3, 3, 2, 2, 3, 4, 1, 2, 3, 3, 3, 2, 2, 2, 2, 2, 3, 2, 5, 3, 2, 2, 3, 3, 2, 1, 3, 2, 2, 3, 2, 2, 4, 3, 2, 1, 1, 1, 2, 3, 3, 3, 3, 2, 2, 2, 2, 5, 2, 2, 5, 1, 2, 5, 2, 3, 3, 3, 1, 1, 2, 3, 2, 2, 2, 2, 1, 2, 3, 2, 4, 2, 3, 5, 2, 1, 2, 4, 3, 3, 2, 3, 3, 3, 2, 2, 3, 3, 2, 2, 3, 2, 2, 2, 3, 4, 4, 2, 3, 3, 1, 3, 3, 4, 2, 1, 2, 3, 2, 1, 2, 2, 3, 1, 4, 2, 3, 2, 2, 2, 2, 2, 1, 2, 3, 2, 3, 3, 3, 4, 2, 3, 2, 3, 2, 3, 3, 4, 3, 2, 3, 3, 4, 2, 2, 2, 4, 2, 3, 1, 2, 3, 1, 2, 1, 3, 1, 2, 1, 3, 2, 3, 2, 4, 3, 2, 2, 3, 3, 2, 2, 2, 1, 2, 2, 4, 2, 3, 3, 2, 2, 4, 3, 3, 2, 2, 2, 2, 3, 3, 2, 3, 2, 2, 4, 2, 3, 2, 3, 2, 2, 2, 2, 3, 2, 3, 1, 3, 2, 4, 3, 2, 3, 3, 2, 4, 2, 3, 3, 2, 2, 2, 3, 2, 3, 3, 1, 3, 2, 3, 3, 2, 3, 2, 2, 2, 2, 1, 2, 1, 3, 2, 3, 2, 3, 3, 2, 2, 2, 2, 3, 2, 3, 2, 4, 1, 3, 2, 2, 3, 2, 2, 3, 3, 4, 3, 3, 3, 3, 3, 2, 2, 1, 3, 2, 2, 4, 2, 2, 2, 5, 2, 2, 4, 4, 4, 2, 3, 4, 2, 4, 2, 3, 3, 3, 1, 3, 2, 3, 2, 2, 4, 1, 3, 2, 3, 4, 3, 3, 1, 3, 2, 2, 3, 2, 2, 2, 2, 2, 3, 2, 3, 2, 3, 4, 1, 2, 3, 3, 2, 3, 3, 2, 3, 4, 2, 3, 3, 4, 2, 2, 3, 2, 3, 2, 2, 3, 3, 4, 3, 3, 2, 3, 3, 2, 1, 3, 2, 2, 3, 4, 3, 2, 2, 2, 2, 1, 3, 4, 2, 2, 5, 2, 4, 3, 3, 3, 3, 1, 1, 5, 3, 3, 3, 2, 2, 1, 3, 2, 4, 3, 3, 2, 3, 2, 2, 2, 3, 1, 3, 4, 3, 2, 2, 3, 3, 2, 2, 4, 2, 2, 5, 2, 2, 3, 3, 1, 2, 3, 1, 3, 4, 3, 1, 2, 3, 3, 2, 4, 2, 3, 3, 5, 3, 4, 2, 3, 3, 4, 2, 3, 2, 5, 3, 2, 3, 1, 4, 2, 2, 2, 3, 2, 2, 2, 3, 3, 3, 3, 4, 2, 3, 2, 1, 3, 1, 4, 2, 4, 3, 1, 2, 2, 2, 1, 5, 2, 3, 3, 3, 2, 2, 4, 2, 4, 3, 1, 2, 3, 2, 4, 3, 3, 1, 3, 5, 4, 2, 2, 3, 3, 3, 2, 3, 3, 2, 2, 3, 1, 1, 3, 3, 4, 4, 4, 2, 2, 3, 2, 5, 3, 2, 2, 4, 1, 3, 3, 2, 3, 4, 2, 3, 3, 2, 3, 4, 2, 3, 1, 1, 1, 2, 2, 4, 2, 2, 3, 3, 2, 2, 3, 2, 2, 3, 4, 3, 3, 1, 1, 3, 2, 4, 3, 4, 3, 3, 4, 2, 2, 3, 3, 4, 4, 2, 3, 1, 3, 2, 3, 1, 3, 3, 3, 2, 3, 2, 3, 2, 2, 2, 2, 4, 3, 3, 3, 2, 2, 4, 1, 3, 2, 3, 4, 3, 3, 2, 1, 2, 1, 1, 2, 2, 2, 3, 2, 5, 2, 2, 2, 2, 2, 3, 3, 3, 2, 2, 4, 1, 3, 2, 3, 3, 3, 2, 2, 4, 3, 2, 3, 4, 1, 2, 2, 3, 4, 2, 4, 2, 4, 5, 4, 2, 1, 4, 1, 1, 1, 3, 2, 2, 2, 3, 4, 3, 3, 3, 2, 2, 3, 1, 1, 4, 1, 4, 2, 2, 2, 3, 2, 2, 3, 3, 3, 3, 2, 3, 2, 2, 5, 1, 3, 1, 3, 5, 4, 4, 1, 2, 1, 5, 2, 4, 2, 1, 2, 1, 2, 3, 3, 2, 2, 3, 3, 3, 3, 2, 3, 3, 2, 3, 2, 2, 3, 2, 3, 1, 3, 3, 2, 2, 1, 3, 3, 2, 3, 2, 3, 5, 3, 3, 3, 1, 3, 2, 2, 3, 3, 1, 3, 2, 2, 2, 3, 2, 2, 2, 2, 2, 4, 3, 1, 2, 2, 3, 4, 2, 2, 5, 5, 2, 2, 2, 2, 3, 2, 4, 3, 3, 3, 3, 5, 2, 1, 2, 1, 3, 2, 2, 2, 3, 3, 2, 3, 1, 3, 1, 2, 3, 4, 2, 2, 2, 2, 3, 2, 4, 2, 3, 2, 1, 3, 2, 2, 3, 1, 3, 2, 2, 2, 1, 2, 3, 5, 3, 4, 3, 3, 3, 4, 2, 3, 1, 3, 4, 3, 1, 4, 3, 3, 2, 1, 2, 2, 3, 4, 1, 2, 2, 1, 3, 2, 1, 2, 2, 2, 3, 4, 1, 3, 2, 4, 2, 3, 2, 2, 2, 3, 3, 4, 3, 4, 2, 1, 5, 2, 2, 2, 1, 2, 1, 3, 3, 3, 2, 4, 2, 3, 3, 3, 2, 2, 4, 3, 2, 2, 2, 2, 3, 3, 3, 4, 4, 3, 2, 3, 3, 2, 1, 1, 3, 3, 3, 3, 1, 3, 3, 3, 2, 2, 3, 4, 3, 2, 2, 4, 2, 2, 3, 3, 2, 2, 3, 2, 4, 1, 3, 2, 3, 2, 2, 1, 4, 2, 2, 3, 2, 3, 2, 3, 4, 4, 5, 4, 2, 2, 2, 5, 2, 4, 4, 5, 3, 2, 2, 3, 2, 2, 3, 2, 3, 2, 2, 3, 3, 4, 1, 5, 3, 3, 3, 2, 2, 3, 4, 1, 2, 1, 3, 4, 1, 4, 3, 1, 1, 2, 2, 2, 2, 5, 3, 2, 2, 3, 1, 4, 2, 4, 2, 3, 2, 3, 3, 2, 2, 2, 2, 2, 2, 3, 2, 3, 2, 2, 3, 2, 3, 3, 2, 2, 3, 4, 2, 2, 2, 2, 2, 2, 2, 3, 2, 2, 2, 4, 1, 3, 4, 2, 2, 3, 2, 2, 3, 2, 3, 3, 2, 2, 2, 2, 3, 3, 2, 2, 1, 3, 3, 3, 3, 2, 2, 3, 3, 3, 2, 3, 1, 3, 3, 2, 3, 3, 5, 3, 1, 3, 2, 3, 2, 1, 4, 2, 3, 3, 2, 2, 2, 3, 2, 3, 2, 1, 1, 3, 3, 3, 3, 2, 2, 4, 3, 3, 2, 2, 3, 3, 2, 3, 3, 2, 3, 2, 4, 4, 2, 2, 4, 2, 2, 2, 2, 4, 2, 2, 2, 4, 2, 4, 2, 3, 1, 3, 2, 2, 2, 3, 2, 4, 2, 3, 2, 3, 3, 2, 4, 3, 3, 3, 4, 2, 3, 5, 2, 2, 2, 2, 2, 2, 4, 4, 2, 3, 3, 4, 4, 1, 1, 1, 2, 2, 3, 2, 2, 2, 2, 3, 3, 1, 2, 2, 2, 3, 2, 3, 3, 2, 3, 2, 3, 2, 3, 1, 5, 4, 4, 3, 2, 3, 3, 3, 3, 3, 2, 4, 2, 3, 2, 3, 4, 2, 2, 2, 4, 1, 2, 3, 3, 2, 3, 3, 3, 2, 3, 1, 1, 2, 1, 4, 3, 2, 3, 4, 4, 1, 2, 4, 1, 1, 1, 3, 3, 3, 3, 4, 2, 4, 4, 3, 2, 1, 3, 2, 3, 1, 3, 2, 3, 2, 3, 2, 4, 4, 3, 3, 2, 3, 3, 3, 2, 1, 2, 2, 2, 3, 2, 2, 1, 1, 2, 2, 3, 4, 3, 3, 2, 2, 3, 3, 2, 2, 2, 3, 2, 1, 4, 3, 2, 1, 2, 3, 3, 2, 2, 3, 3, 3, 3, 3, 2, 2, 3, 2, 2, 2, 3, 1, 3, 3, 3, 2, 2, 3, 3, 3, 3, 3, 2, 2, 3, 3, 3, 2, 3, 1, 5, 2, 4, 2, 3, 3, 2, 2, 2, 2, 3, 3, 2, 2, 3, 2, 2, 1, 1, 4, 2, 3, 3, 3, 2, 3, 2, 3, 3, 2, 4, 5, 2, 3, 2, 3, 3, 2, 2, 2, 4, 2, 2, 3, 5, 2, 2, 2, 2, 2, 2, 1, 3, 2, 4, 1, 2, 3, 1, 2, 4, 4, 2, 3, 3, 1, 1, 1, 4, 2, 4, 2, 4, 3, 3, 4, 2, 3, 3, 3, 2, 2, 2, 3, 3, 3, 2, 4, 2, 3, 3, 3, 3, 3, 3, 3, 3, 3, 3, 4, 3, 1, 4, 3, 3, 2, 3, 2, 1, 1, 3, 3, 2, 3, 2, 4, 2, 2, 2, 2, 3, 2, 3, 3, 3, 2, 1, 1, 1, 4, 3, 2, 3, 3, 3, 2, 4, 3, 4, 2, 3, 3, 5, 2, 2, 2, 2, 3, 2, 4, 2, 1, 1, 2, 2, 2, 3, 2, 3, 3, 1, 3, 3, 3, 3, 1, 4, 3, 2, 1, 2, 1, 2, 3, 2, 1, 4, 2, 2, 3, 4, 4, 4, 2, 3, 4, 2, 4, 1, 2, 2, 2, 3, 3, 3, 2, 2, 4, 2, 2, 1, 4, 3, 3, 4, 2, 4, 3, 3, 1, 5, 4, 4, 3, 1, 4, 2, 2, 3, 4, 5, 1, 2, 4, 3, 2, 3, 2, 3, 2, 3, 3, 2, 2, 2, 4, 4, 3, 3, 3, 2, 1, 4, 3, 2, 2, 3, 3, 2, 2, 2, 1, 1, 3, 4, 3, 2, 3, 3, 2, 3, 3, 3, 2, 2, 3, 3, 1, 2, 2, 2, 3, 2, 4, 2, 2, 2, 2, 2, 4, 3, 3, 3, 2, 3, 5, 3, 4, 2, 4, 2, 2, 3, 2, 2, 2, 3, 2, 2, 2, 3, 2, 1, 3, 2, 2, 1, 3, 2, 3, 2, 3, 3, 3, 3, 2, 2, 2, 3, 2, 1, 2, 2, 4, 3, 2, 2, 2, 2, 3, 3, 2, 2, 3, 5, 3, 4, 2, 2, 2, 3, 3, 2, 4, 1, 2, 1, 2, 2, 3, 1, 2, 3, 3, 2, 3, 1, 2, 4, 3, 3, 3, 2, 2, 2, 3, 3, 3, 2, 2, 2, 3, 5, 1, 3, 2, 1, 4, 2, 3, 2, 3, 3, 2, 3, 3, 1, 3, 2, 3, 3, 3, 3, 3, 3, 3, 3, 3, 2, 4, 3, 2, 1, 2, 4, 4, 1, 2, 3, 4, 2, 3, 3, 2]","[2.3904122399595904, 2.0517756667816283, 1.9861742627256558, 2.3937348906432705, 2.3306853693501264, 3.1222298507461215, 2.800352924750733, 2.1616824534202768, 2.4949217060236437, 2.0662697953904186, 2.4389730072032685, 2.2924221808870375, 2.978239438935804, 2.2607304858595496, 2.2926267117039076, 2.209325720203362, 2.871022822989595, 2.547965921958859, 2.0942758623355586, 2.277670266444327, 2.1024497621626526, 2.313014166395863, 2.8710875440384855, 4.141484396298305, 2.6601384151890737, 2.5967939948415597, 2.7239736076296177, 2.256816303610154, 2.4546659993260604, 3.09882017358751, 2.139358586071912, 2.3964939323920453, 2.444563308176083, 2.147287946370719, 2.2485006190086065, 2.515143899455014, 2.488597823871399, 3.2134620750951957, 2.2939006192505014, 2.4152339127432114, 2.38070237899376, 2.529042690544307, 2.258818108992884, 2.9038851103231744, 2.0977679732543977, 2.3886473250404814, 2.2077806481025717, 2.464409346390742, 2.10870073036919, 2.720175024817549, 2.4929381073464736, 2.1024415950687367, 2.248926397078897, 2.108768520926948, 2.787887317436158, 2.333020973748882, 2.1122159860298475, 2.3092687528033875, 2.3271563427620525, 2.8351717714897626, 2.282430947583015, 2.3123298257750458, 2.4519599887762022, 4.011411200681699, 2.1522216588196237, 2.2076956760791133, 2.188566646860934, 2.0467610711175124, 2.702327886050516, 2.343487797612382, 2.293643795503168, 4.126353885771637, 2.5528138452030533, 2.647110326010593, 2.2152725254177694, 2.28829576364982, 2.3479534030644706, 2.048958537927623, 2.206220997080524, 2.2544667432040075, 2.263266276376198, 3.540300579298303, 2.2481141769225714, 2.3347370905676907, 2.724417604042316, 2.0199433163370775, 3.51992657839942, 2.5859211297488147, 2.757962410887388, 2.454127201215465, 2.5722685839781523, 3.2125402701653263, 2.906191338785426, 2.3782514677375577, 2.36356927649659, 2.02797727365871, 2.467092571446646, 2.1583393896441994, 2.605391297182284, 2.140541930820011, 2.5082375532187355, 2.405976946044957, 3.1237640596139213, 2.2028014685356103, 2.43390252825172, 2.054646918839767, 2.4742632507188596, 2.5273556777199424, 2.4413845986340443, 1.9857386843834959, 2.2560152501364716, 2.306917505600288, 2.1448119551131053, 3.2968467815102955, 2.382892102153816, 2.8569954225120937, 2.2255536310018673, 1.9893111760975128, 2.3047963968688285, 2.919857407108759, 3.4133197150061725, 2.2619433835978806, 2.258635710562104, 2.2370344672786455, 2.407780374847099, 2.6901586055639743, 2.1859603168053354, 2.006948368008622, 2.003937432718442, 2.184940716435874, 2.5004950347093704, 2.700923187131221, 2.4567296305578794, 4.351956608242309, 3.5907539786825318, 2.209990286717719, 2.192527569539897, 2.207687140876695, 2.0865427263064804, 2.105296837027681, 2.0929428464673685, 2.201304406543395, 2.0315923146252155, 1.9673776960791378, 2.9798387248588445, 2.1958612229097927, 2.1928939202661724, 3.0867692830804287, 2.2783699141564213, 2.1443146050197375, 2.136010554879229, 2.265798252544894, 2.1606517791311837, 2.019510460359556, 2.299852676511789, 3.782133397667204, 2.2413933548507488, 2.887872839984559, 2.296910452631783, 2.2189575800417427, 2.6842113272015666, 2.4254368228351004, 3.6077001412901595, 2.4786842204534434, 2.178666449644584, 3.7500298315306053, 2.1734385413771378, 2.184197033576892, 4.076978150650143, 2.2650399890822936, 2.2329096240017074, 2.15298722076491, 2.58014361868182, 2.0473736031611747, 2.419080788958952, 2.236314665747575, 2.3760778928713853, 2.238802182261739, 2.2907835960312997, 2.1884888001953158, 2.158683250224128, 2.850975387716826, 2.7061114486989095, 2.4197148740282386, 2.8206931338472634, 3.956114289457134, 2.100858121653805, 2.659241521762975, 4.023317571263257, 2.321087585315376, 2.244766698723614, 2.264332672922315, 2.589444694525654, 2.37059419321445, 2.5756952320007187, 2.4247822372252705, 2.0730221023293742, 3.0530861318244185, 2.591853253799417, 2.3082640489997908, 2.1538012077918216, 2.4639099845211736, 2.6541738576892646, 2.2102312994664546, 2.3938633326301364, 2.2682856976844654, 2.946495147605161, 2.100288364362806, 2.5667385813017143, 2.328566259954981, 3.9800108727870143, 3.8136374727706395, 2.0950285961581034, 2.555959793933191, 2.5575374966129036, 2.30577614726201, 2.788619105073391, 2.06055120919383, 2.85216192434506, 2.6884187501445376, 2.4417066378029952, 2.271795511575876, 2.0407560532718247, 2.323058664815371, 2.094846587593012, 2.1390041288850234, 2.8014362288894805, 3.2669400681648986, 2.3824233032562407, 2.6669459062031273, 2.7053529517107306, 2.484053258563621, 2.3779374276426024, 2.2262208153190852, 2.595983902258138, 2.1542000342113616, 2.092233904395607, 2.214927119194445, 2.1626022445595865, 2.443730753763197, 2.0273933264437516, 2.5430777778606717, 3.1868786735886485, 2.3850784493628066, 2.495473813571243, 2.593554029135125, 2.739093420493448, 2.9749309786757068, 2.471299667168101, 2.1024971442704055, 2.307519562539548, 2.162152061320418, 3.1337110258910705, 2.6287536458302387, 2.1605034102583858, 2.361548713064102, 3.8908110026488325, 2.6107904794955012, 2.0552140133200525, 2.297962613605288, 2.073234706044598, 2.529026356356476, 2.31906053825797, 2.523676892140969, 2.0307527244076597, 2.237857003185338, 2.7935647499547214, 2.0871688701733353, 2.1610350504209523, 2.162892280586277, 3.034725428519421, 2.2208100743658976, 2.1273411846879284, 3.6318193288372127, 3.4068135404944364, 2.1901931508973553, 2.363252573785995, 2.031682152658286, 4.405357551523421, 2.8426287092384994, 2.3542682726465674, 2.119555640818364, 2.2739138178471614, 2.62953096992354, 2.0767372874254484, 2.5759188692153745, 2.0516912734778345, 2.341298957508002, 2.0929446260273323, 2.097082097088618, 2.6004916766090798, 2.5060964723655825, 2.3814485997563026, 2.6091796038201394, 2.386451615447087, 2.886871202652839, 2.1325552914098154, 2.393957292625483, 2.920907198068086, 2.0535389170507963, 2.697566004164977, 2.129470148647578, 2.6160008514434456, 2.27232791832378, 4.056546729225862, 2.1293282516006116, 3.8168309019636664, 2.2633863116686292, 2.287867197632592, 3.766788039260026, 2.5624461794710363, 2.389555667902383, 2.0822305007190978, 2.5882220216002727, 2.1823280890183923, 2.4121727981682963, 2.059650365771908, 2.344098534736356, 3.029978985772198, 2.3800788229302015, 2.345205939142648, 2.1378099789702505, 2.6176747992864406, 2.0355400026244603, 3.0801279334554708, 2.0298897348172553, 2.4349709642282176, 2.331651407110118, 2.6319047080869575, 2.9344200285708815, 2.7549727959839334, 2.94958175646994, 2.331231882349008, 2.4113414498569994, 2.123478408539319, 2.3261303973306062, 2.5517621098225587, 2.5674463472711317, 2.417805654649883, 2.1615544433472405, 2.4437030821844874, 1.9781106186664212, 3.3560818971389494, 2.0825503785641217, 2.773864318714382, 2.2584781481177343, 2.467799792274572, 2.7623773399824376, 2.3371831351953825, 2.111127040174448, 2.236696374278833, 2.166941119716081, 2.096928622214699, 2.1809728699752613, 2.6450422040562604, 2.349638367770668, 1.9827903634800013, 2.4729832493586184, 2.532517000021708, 2.3318134336826706, 2.5160318169261293, 2.104866703414798, 2.2523184044834403, 2.2092935409941954, 2.224472119482711, 2.3039263264659016, 2.6377903987365725, 2.11957589883003, 1.992751236418849, 2.8184006441342886, 3.80656266948826, 2.673749153359876, 2.151523949771717, 3.3300706918298624, 2.314054443773535, 2.7036128421598877, 2.899647900396763, 2.6482571153460466, 2.5527341817022573, 3.3730021356606517, 2.37746467838128, 2.3509527420594383, 2.513334268622721, 2.392504272991587, 2.697642837097055, 3.1608372923535613, 2.6474280225761406, 2.2295622922175955, 2.3213073140193536, 2.1227785015538037, 2.6594542592255688, 2.987105507685259, 2.3804944109505084, 2.3190265835123327, 2.3090591639353097, 2.940303643247979, 2.261311795001749, 2.227950652351604, 2.7624362352762617, 3.3534314578735547, 3.5565357370983834, 2.2747138116560035, 2.1311347998116767, 2.7919012802942715, 2.1676696167915903, 2.9853470219432303, 2.432208606386532, 2.3656203694424938, 2.8984748887308003, 2.9184997149772816, 2.2060074759174793, 2.4219846092235557, 2.3373699766157374, 2.5056311324734764, 2.389158002326768, 2.525800310388173, 2.531869093755863, 2.4668970355453155, 2.9473939456727094, 2.4082705304006593, 2.22977768989996, 3.4270650975627586, 2.506185758273638, 2.401060514612051, 2.3082051840742985, 3.0462431492831312, 2.080682836422111, 2.2334154063426, 1.9779309426002802, 2.33027106342681, 3.2744845454486184, 3.822693522606845, 2.3168010504203598, 2.875975570580648, 1.9960714193689197, 2.6115710270601995, 2.104617548115349, 2.1855673541116154, 2.4526705100695336, 2.249493473858326, 3.8487411074680056, 2.021345334125905, 2.507937608193408, 2.468761423017868, 2.126850735414064, 2.5593523456105163, 2.7609201294209544, 2.0441984833572073, 2.4600029558272274, 2.6421373231169287, 2.2482352505464824, 2.4226091380907135, 2.388205475210884, 2.4746663749509263, 2.09592963991842, 2.319959520342031, 2.5058678685482922, 2.3736510898761387, 2.536608098816987, 2.1400382933618887, 2.125863015501567, 2.628477240021973, 2.411422877400051, 2.4285759400247544, 2.321612829918907, 2.5020181520978606, 2.207426670529615, 2.308017340914242, 2.67310080861934, 2.603436480267618, 2.202195629175882, 2.228480152273792, 2.2530181859429046, 2.4605902028886923, 2.8802980697513005, 3.7174101037624174, 2.6770691619473044, 2.0215484095648937, 2.019985512988974, 2.35234364978142, 2.133357765619742, 2.2708302836868404, 2.5045465710417125, 3.2955513674871133, 2.003785239572107, 2.6287290915691317, 2.618205208262279, 2.1655638088086846, 2.2088765889730366, 2.475568783721982, 2.339090426775389, 2.2213899333915066, 2.410422592856479, 2.4334065011201065, 2.5434187563528394, 4.148761017703592, 2.346104290537571, 2.186751549770088, 2.549609387565035, 2.945937590544716, 2.3754173853607847, 3.136618914184924, 2.115679193911535, 2.5577485896626184, 3.974182415818274, 2.2960949453183286, 2.234540216227478, 2.0776125276567257, 2.46469966809043, 2.2087973221900725, 2.476306121464241, 2.4988079901851097, 2.953845510904383, 2.3517307397803116, 2.51595673385932, 3.0522245291422734, 2.461702871564455, 2.237630698093752, 2.3418843819517936, 2.3070509014675746, 3.0704952478688172, 2.396158897080433, 2.4235678704791055, 3.9744151817685474, 2.5202221104315448, 2.3265145222628685, 4.272336278645303, 2.255943626020393, 2.3176323091784865, 2.052094701991174, 2.5622655943512447, 2.745018647129142, 2.6816069334690242, 2.7104424872147486, 2.305785760449023, 2.311948779636434, 2.6858357374930697, 2.9462100070234873, 2.2801392251071118, 2.04923459866501, 2.488785365341126, 2.32905500701743, 2.949164719407466, 3.19621331892196, 2.8317703363144053, 2.8134836686014513, 2.2903582202118455, 3.3784395391002375, 2.2206372790236966, 2.450608652941635, 2.291798840521598, 3.310877777124082, 2.506751686398897, 2.8641595101605026, 2.230585901321671, 2.3982490161861967, 2.2640269176501513, 3.4233052518548606, 2.289986277277984, 2.3803242631606025, 2.2644416140033155, 4.254894088406439, 2.986802445233694, 2.1181276008423486, 3.2975654600489195, 2.1824097010225203, 3.4843337446470177, 2.202288541360212, 2.1441954449529725, 3.5085579580517408, 2.3797620948627523, 2.281569827724643, 2.3028405632058537, 2.5073211846662864, 3.729050434801098, 2.463367857455439, 2.67011429434252, 2.8479364192780716, 2.6844970712959184, 2.8729592499958407, 2.284511601989962, 4.0987176266799645, 2.1232522931700997, 2.5506432418585363, 2.187897279245628, 2.1589808963822543, 2.574668017476328, 2.2563326648902775, 3.5927236149545285, 2.536394346697404, 3.6052362803000246, 2.1019873791706507, 2.5386122333484904, 3.0645562659867887, 2.3627339297441874, 2.1356770062759862, 2.043516950011806, 3.250775931923367, 3.761734417099479, 3.8770422917030016, 2.296234419176684, 2.260621571373199, 2.1848029777482085, 2.614145969089908, 2.8749345586975634, 2.2344093876441, 2.2717807978437854, 2.579357319501925, 2.189008922279608, 2.24536548117322, 3.183410009178919, 3.4305229491498173, 2.1542866313329516, 2.073438565184038, 3.515165655076597, 2.241172520464191, 2.612994856975221, 2.4866123662345885, 2.777593256519424, 2.513277827699491, 2.0006218518621712, 2.477398256630735, 2.661293737137165, 2.2170065079458783, 2.513405762146532, 2.1566569689165056, 4.244843503970459, 2.6129081750441583, 3.0056084107374392, 3.60557558686235, 2.4155827095027043, 2.3622151442990122, 2.166640722062461, 2.605585871441593, 3.267548747063779, 2.3144979379612733, 2.1852355744523093, 3.383869175160539, 3.38527546014375, 2.1628919670202214, 2.3195604262548994, 2.8288676510044137, 2.7303415073471684, 2.255685969541264, 3.143504111324522, 1.9843026370366876, 2.485368116489816, 2.128620696068023, 2.547144287003772, 2.5479757608411195, 3.105280175035143, 2.0503505088933736, 3.0705290045846487, 2.192250006216823, 2.001902724424585, 2.439539777594918, 2.1281916643640386, 2.2617584377840037, 2.7037190143807894, 2.824385134031131, 2.0513580430830394, 2.3416253420882747, 2.2805434962559286, 2.2428624046589833, 2.1169254175810304, 2.656675387322308, 2.7419627928224264, 2.1309470568208178, 2.95665492375158, 2.17503986611134, 2.732232160652824, 4.096807929489315, 1.9793411274830226, 2.2890224853836116, 2.754624632117466, 2.5124576114292005, 2.869653622440721, 2.877121987100671, 3.4934559709869557, 2.0997814264392787, 2.6472034181867787, 3.45745435230763, 2.0278425166091036, 2.286784634049854, 2.1376488952023722, 2.345959011693349, 2.1705253183623494, 2.886984640224301, 2.1254831708221524, 2.585817127767537, 2.1912713161292827, 2.5755282752222373, 2.3118868042904226, 2.5658940542856956, 3.2502022173389933, 3.2913347926947827, 2.700542130697939, 2.011223577757573, 3.8546597874655237, 2.3663798436490744, 2.351849782172097, 2.255406801639767, 2.5237253751477327, 2.1956328783659234, 2.16365182496281, 2.107996061566753, 3.7244660018268245, 2.344330356159721, 2.4771199747437818, 2.5565315194430576, 2.427860121252546, 2.3790470213753565, 2.5883768623758634, 2.3862121109363175, 2.218640424561358, 2.40398944023492, 2.1341373087345206, 2.775828312932634, 3.155591123423851, 2.1711449745260554, 2.414818025546877, 2.1524839173925523, 2.6010600661799637, 2.5216438968160517, 2.01237838355353, 2.2513680988862097, 2.379608540534098, 2.269166810057636, 2.9193378514993187, 2.1614034110448306, 3.6970076714225586, 2.680682799064771, 2.2556167083472056, 2.5163767711936362, 3.0529668469040767, 2.135215624404787, 3.1528434110405503, 2.4531976217128477, 3.1709479112573873, 2.3440107078386854, 2.1530307785991263, 2.6731447135977855, 2.056486978061972, 2.395346455696918, 2.03537802192847, 2.4797573016365084, 2.333046702465577, 2.1769218069320972, 3.842913885959298, 2.156677386032396, 3.161379348967859, 2.5149317810775456, 2.9067396513643566, 2.1999801606078417, 2.6855230885796786, 2.2858636414513467, 2.807650976637527, 2.2805258008857785, 2.5713159027366874, 3.9792705565617994, 2.0905462227808145, 2.8100036608451764, 2.3988101461525666, 3.549374705162524, 3.779296784034462, 2.7710173431321916, 2.470742290491344, 2.2278539335945937, 2.5197200934291626, 2.0213208328441583, 2.146306353480956, 2.3149863304729874, 3.377834592340259, 2.1569809296895883, 2.271735930159855, 2.5121813539859237, 2.6529877062843266, 2.542558251187013, 2.1530451741227696, 2.388590723385405, 2.556948250606114, 2.12971210501464, 2.637406251710874, 2.926168766602273, 2.618746200210029, 2.1536536815545007, 2.5531894314845056, 1.9877927085032434, 2.279903999839302, 2.324260588803268, 2.4311229044026423, 2.1904808032875636, 2.715996900233781, 2.25780417778973, 2.22770427835182, 2.3650838493431405, 2.7482926246927013, 2.1397398762255255, 2.165746425278714, 2.273929695827772, 2.1926855845589834, 2.0544231663925685, 2.472581302911257, 4.330027777431773, 2.2869231192272927, 2.382252950116462, 2.2760052808253772, 2.0482052855582364, 3.998909607562211, 2.5756117941362393, 3.6976981841932375, 2.6626995359139105, 2.044422500958015, 2.180742830163308, 4.250892396848922, 2.462391551004381, 4.010602435202799, 2.2087320443737752, 2.7150127440836034, 2.241238698613196, 2.243824685746349, 2.289950293178498, 2.2895977336495363, 2.8598648914863993, 2.345024223624224, 2.6548113613438216, 2.730918159484035, 2.4896942254186247, 2.3998738985290813, 3.0227485138976995, 2.059482681073219, 2.525671669049735, 2.7609233031006104, 2.9068166579455688, 2.5804509437507557, 2.058542104090618, 2.2425289149907672, 2.964100239642244, 2.197726038663671, 3.358535552028933, 2.23732912371889, 2.3859718504559178, 2.1328570853112154, 2.342453633135517, 2.3245755258263365, 2.049354123435683, 2.2172862326147813, 3.061474843077489, 2.3078785003176785, 2.2496833152364952, 2.036769150258743, 2.699421878018283, 3.5238932217078327, 2.607967123449565, 2.2822163893262863, 2.4241965304923365, 2.011326349343872, 2.753822657118893, 2.243800184464603, 2.332315249532687, 2.1289920395677573, 2.727363010539576, 2.356934987914201, 2.5150431896642456, 2.5770697509924227, 2.252936255730329, 2.876861268042621, 2.378376595722833, 2.3304700432702643, 1.968043314233251, 2.5909906046195306, 2.632687795118304, 2.177248557279741, 2.2835700828215844, 2.087065202277822, 2.004398873524668, 2.228991504870012, 2.6763607980846236, 2.4236234727359323, 2.7522593827806014, 2.3258053462745396, 2.517870854507822, 3.1755612015008845, 3.3339553394087797, 2.3522992611655504, 2.683307276619188, 3.1334937018429074, 2.788929991562672, 2.412557386963776, 2.2538577425822877, 3.1200062858076367, 2.0466970955485078, 2.7526558422546277, 2.4412798771486317, 3.0965404662840874, 3.064829734213951, 2.2051608953272495, 2.052389660176807, 2.2272511891005866, 2.2813533997358824, 2.116104565707496, 2.0939788653165414, 2.550475942155555, 2.2126399988123406, 2.5022409004642263, 2.777273193985734, 2.604360744395749, 2.387901890319521, 2.257393025916973, 2.4833268405935094, 2.3728027037501938, 2.079403843588858, 2.217953371674336, 3.520695545980146, 4.023447377315511, 2.047266069757954, 2.151545728688825, 1.9943485815492927, 2.1458559865943614, 2.0851668302551403, 3.029555284451307, 2.2819392266800014, 2.3329483412786653, 2.389861540089451, 2.1450991692248587, 2.6429385691960476, 2.235047593048359, 2.2356891582976153, 2.6216662287673267, 2.5839756222571615, 2.758510162078423, 2.5402443490159072, 2.0092540517532074, 2.200616815975805, 2.359495342920928, 2.1122400689339496, 3.1223581449394877, 2.8049683035115645, 2.7858400522868187, 3.749268465654601, 2.304238082224862, 2.5449481807570824, 2.6198496166731298, 4.1882365913318065, 2.271854226876681, 2.290020566109386, 2.009412367279885, 2.707645186488126, 3.506380304085929, 2.248678736709137, 2.153266263140356, 2.5775457749384723, 2.470587735606047, 3.7824618700187593, 2.2388716025600206, 2.409593507298006, 2.337882581559195, 2.2670146257301713, 2.3435222415245147, 2.8499987304890344, 2.244641395137899, 2.6982640860185163, 2.131981714487671, 2.300048308808315, 2.3388116237725534, 2.3914017493357327, 4.082631400095407, 2.2031910052378745, 2.042378164218726, 2.3660133367786056, 2.7519953720958816, 3.9902121833338606, 2.5861083795496858, 2.3623571002810055, 2.6508106354518195, 3.7118434407856276, 2.5616916276728894, 2.3612677816747114, 3.5888057926979204, 2.258085942529815, 2.4918170380618307, 2.640347644700592, 2.4960852356809227, 3.7274132964474163, 2.2819005950282207, 4.258319063362672, 2.1253480955640995, 2.209744482402628, 3.9866413556654328, 2.1039402568022307, 2.510476640381613, 2.640345074902381, 2.227650634855064, 2.0354077086660722, 2.185815956667151, 2.1373570234663877, 2.1936016556174467, 4.105797492578983, 2.0261328716161264, 3.0323701603368947, 2.3525604866682888, 3.1164317385689464, 2.2330556045956316, 2.2590194048719088, 2.2805044815804854, 3.8426104171144493, 2.1175910357351433, 2.7482192926738995, 2.3405466247313322, 2.1610611768008305, 2.074387368195582, 2.294505402577893, 2.4142908342537543, 2.543026173621446, 2.4065368103558127, 2.676565154947809, 3.642752258114693, 2.317151255052385, 2.2390265180709945, 2.354621208309116, 2.5623090066393246, 1.9926273688277973, 2.1430161418987623, 2.135758476876747, 2.477090270501559, 2.4241170249553403, 3.7282059323282812, 2.490920089278471, 2.1041520826971922, 2.651169044138626, 3.6678967000681513, 2.9547260552752213, 2.7270917003622825, 2.1995814343574986, 2.467835776374058, 3.4326184789840224, 1.9804736311726385, 2.652124962604329, 2.167353981597748, 3.5707710968297226, 2.6030542473093297, 2.228095163741779, 2.490989228351073, 3.04460183252848, 3.1494188441599635, 2.958396102501858, 2.4840119645456915, 2.040936148334509, 3.011679563738639, 2.446440578932722, 2.4853301411557402, 2.382646699470663, 2.2606238204486595, 2.766974115611161, 2.2323325575106896, 2.458816323053289, 3.851363653668531, 2.0688737371671433, 2.2378682267296566, 2.8687872921058903, 2.770235726314483, 2.4898956804018737, 2.209062144023416, 2.5049669919172834, 3.6435663826520153, 3.1730098001396, 4.1427856542770325, 4.351265927201578, 2.4890455905914517, 2.7251502012364766, 2.16565793914318, 4.146876355972969, 2.3372889839465465, 2.0972385787626964, 2.824684945927987, 3.095090916318255, 2.580578356017288, 2.209156733257381, 2.284207760838784, 2.0705828046782524, 2.213593022131818, 2.1068012027638727, 3.0246230605893696, 2.5365100619353664, 2.3118786633673323, 2.660441828178201, 2.7273464156235514, 2.2940084621962846, 2.85556935621131, 3.0845976786793257, 2.3991760861571945, 3.655705696835734, 2.315921508602874, 2.2373596637079975, 2.818579260958251, 2.395323331474808, 2.144656102058747, 2.855599906038399, 2.622943324984214, 2.3408447156341636, 2.0792976713679567, 2.200837705468969, 3.1413372537214124, 2.3251876097426005, 3.3290498050904254, 2.5887384502753292, 2.676185695437273, 3.33961951659738, 2.237433871180054, 2.4677776728057688, 2.049116435076656, 2.173883414078965, 2.4285874116075683, 3.9852548710322164, 3.5188486046120926, 2.01767474395773, 2.1029120456043557, 2.306811688179613, 2.1012119288876128, 2.5134023822263916, 2.357269334857415, 3.463223880100986, 2.311097093858735, 2.231332013693697, 2.230312303675502, 2.6213895327957832, 2.375135511785618, 1.977182292324693, 2.03279968334239, 2.0999099265471997, 2.1389061237580376, 2.3486649673316737, 2.3359637115333376, 3.0767244869718624, 2.339074335983662, 2.2595630846196215, 2.5030311607662363, 2.0801742727815533, 2.5877387602736817, 2.1425823431165663, 2.676386224133965, 2.353589116862707, 2.1870162601993086, 2.2126227041189788, 2.250820685554621, 2.407547456775805, 2.668279864875992, 2.1996941278597224, 2.278591815441154, 2.1536087625379654, 2.578522626531022, 2.2627896365001265, 2.597231073428275, 2.704797614909239, 2.359004508228694, 2.194718667754709, 2.0750996006343136, 3.216616834688754, 2.2752623091956345, 2.205736541700922, 2.342395252734128, 2.5540315348345124, 2.0688983981720117, 2.2585743684234663, 2.1442522545488645, 2.1274470976354087, 2.4060874319006436, 3.3390341303814814, 2.350924270708207, 2.3395828996242196, 2.599031895803659, 2.301089516268447, 2.5963832931010815, 2.887939373671964, 3.3125199410912227, 1.9989421528802171, 2.157598906462528, 2.2537284638401323, 2.7301558973852553, 2.4417539026814956, 2.3800261642326865, 2.2234028674106474, 2.3379154595580345, 1.995533493079395, 2.41718780273052, 3.537104911960191, 2.1198139969008167, 2.273213495888596, 2.1657820752924355, 2.3310664414644897, 2.1088511433366626, 2.5720640557987933, 2.8348355594569083, 2.0262610820275566, 2.4563456433964808, 2.0412293263412793, 3.4467590073912397, 2.0927800826898255, 2.555270026283952, 2.3517161773005317, 2.0113084942505997, 2.4960182784738585, 2.2260559867324057, 2.315533525765326, 2.5647239520144893, 2.0703533423481675, 2.445810268409768, 3.2685699650059115, 2.4469579619614077, 3.1435721760273845, 2.3871166432020448, 2.474809848009621, 2.4328531314959223, 2.5912552174485954, 2.5652926921661905, 2.759901814607817, 2.1309249184610914, 2.92859894568892, 2.2315648506826324, 2.501165168096362, 2.3508229275141495, 2.204822041198143, 2.1419766169845, 2.553241479632563, 2.4425195165782854, 2.2942761128882174, 2.9131274885658973, 2.1550193617748596, 2.1178210755470968, 2.037022330170123, 2.6816405034151902, 2.1311304569912983, 2.5530736045926092, 2.1540142013727333, 2.3850278926847857, 2.235591408420557, 3.899853463017517, 2.3978153479415294, 2.101880235633118, 1.9936986193130468, 2.6478256038598755, 2.605544776698595, 2.0839523963529487, 2.2830698170622825, 2.0564200208549077, 2.240918895580516, 2.228981326640697, 2.1925679101371243, 2.315536373656015, 2.528478284405922, 2.3881047223624066, 4.146564309681324, 2.132209874570463, 2.410776291255205, 4.092675954294838, 4.304970383176748, 2.151649178545088, 2.046277851394179, 2.4651459311054316, 2.378841511976005, 2.497899357626718, 3.4968069752823494, 3.1730394118689427, 3.1820576713329363, 2.4290514589269914, 2.5283025925859315, 2.782238866095044, 2.4041561582593687, 3.620044030626126, 2.5709008727215834, 4.093022072561373, 2.19612947661478, 3.7493597024169185, 3.738764331986806, 2.530856730148365, 2.7780740717178, 2.0399898673492096, 2.25706097224342, 2.0878661555823075, 2.390591313381763, 2.1031861617973666, 2.1797658353438516, 2.9172069051449774, 2.892352607043724, 2.567183843250331, 2.109262220397076, 2.0481072804312506, 3.98803811671025, 3.3157496128909147, 2.541482610572273, 2.414088508068653, 3.757398284403507, 2.3778958390907174, 2.6242368585948004, 2.9849458767556785, 1.9855181728477773, 3.40332548368715, 2.5170738639202113, 2.03418018148753, 3.1927253504957465, 2.4460200585068526, 2.016916565405908, 2.062719572628395, 2.2985003135806665, 2.2781845083616425, 2.646205065151021, 2.3651889335823184, 2.8394166548743742, 2.209628554972448, 2.790790388120422, 2.3510658749035795, 2.3121648847743557, 2.0409207563324543, 2.2960113610718396, 2.0835699041212394, 2.2651082073024797, 4.071600044494444, 2.2825724025227867, 2.8225758325874724, 2.6392434905453013, 2.3067214953463164, 2.049845510252932, 2.140527900619174, 2.235929569021281, 2.1295555690479264, 2.128894034440771, 2.137559839631956, 2.7581874770772576, 2.544702049512601, 2.6202311874335242, 2.348547512631427, 2.3175357414787134, 2.977272388506056, 2.2474720591792137, 2.7980252315234915, 2.1322536916781, 3.1680463731897284, 2.2399681287426847, 4.273652467135674, 2.5138269608423656, 2.4548342780028327, 2.002115068866388, 2.4989276543542696, 2.224752942232093, 2.570923421607041, 2.536834632563851, 2.385813526089342, 3.7286874844596136, 2.887214237115408, 2.0692040860930763, 2.0682025151795296, 3.103882223852493, 3.1475556540038396, 2.2440546167232207, 2.254726469753563, 2.9823839557809197, 4.181264779293963, 2.3320875177312206, 2.450083292346328, 2.5523862743086476, 2.1282583622976814, 2.1492668914471507, 2.0692628508493716, 2.5907025203154923, 2.138262100873607, 3.4008746095223503, 2.497815298408689, 3.51696325121679, 2.554114110726864, 2.4523628620094238, 4.049836133601048, 3.7155931075588726, 2.3244944528887586, 2.1293268904182927, 2.32706708747214, 2.2281123401960006, 2.3098837435456874, 2.531113609001985, 2.2172681188669867, 2.14876600993184, 2.6797801349022894, 2.781024871589829, 2.271128816869718, 2.2184851749646195, 3.231832911393747, 3.869539855263236, 2.5096533731717003, 3.7407436068534743, 2.2904939982830643, 2.8723829062830153, 2.226155252872514, 2.6782596686450226, 2.314725104970249, 2.213992737063398, 2.134098352994104, 2.106834973048433, 2.0999514740599876, 2.894174221587152, 2.150348716956188, 2.190099229317327, 2.542665478007701, 2.074697658829344, 2.228538608301176, 2.059037515519798, 2.801427318688484, 3.696915860278417, 2.5587063744091907, 2.431824244791877, 2.225299688528643, 2.265977760222028, 2.490931088191005, 2.4059583078701317, 2.5673066274473118, 2.2882203006206843, 2.159621623388933, 3.1419319820920095, 2.5121335720697724, 2.3000641033106968, 3.5083837883598017, 2.472435719980515, 2.319396038247614, 2.1091141107976985, 2.0184084212278055, 2.1356253402828815, 2.1304576092866547, 2.2995919564438516, 1.9467487845345415, 2.631287452077852, 2.625897551238688, 3.014304203542905, 2.5789503813445673, 2.545416686748325, 2.646294534206879, 2.508720827234704, 2.3603813418234187, 2.1318303639768135, 2.340791963609478, 3.0676157933150505, 3.3094213120424847, 2.3422225915838624, 2.3170070033047176, 2.4261294093856707, 2.499374954073128, 2.1944287817972707, 2.073372185458842, 2.3915104594601955, 2.092739866555185, 2.6560837469215106, 2.6294128817116897, 2.662897934446756, 2.2718785436973503, 2.2459068173821297, 2.095337166166929, 2.61675217694741, 2.5513231498559943, 2.1153902631983375, 3.4100424691870472, 2.514467484355547, 3.914791141539231, 2.1989802107689336, 3.299973794810173, 2.5247595182912375, 3.864842198222993, 3.6142210552599265, 2.8428910364222273, 2.0765137896092787, 2.077624259750757, 2.517810548131624, 2.6949149613111056, 2.3708790946733247, 2.804070614368111, 2.00620924600927, 2.3815234647838612, 2.2781997995756016, 2.084439958896661, 2.0611474070496616, 2.4999330052458473, 2.1632816581843177, 2.2847643888805513, 3.2825703076527404, 2.2417637468799234, 3.554634327212834, 2.288156254881727, 3.439242712413701, 2.6282193517726546, 3.159116949607083, 3.4305618299586147, 2.3972505606580796, 2.7071246832587685, 3.0669196856907837, 2.0129728018493975, 2.4940908012517715, 2.4967618181059335, 3.0328866330205573, 2.44019795342054, 2.452066362518236, 2.0736060495443325, 2.4436356011692917, 3.133235819299444, 2.5160194166605687, 2.4774477936183867, 2.2845080037807595, 4.197996777110538, 2.5514197684438074, 2.7168067823803743, 2.18661471141513, 2.545269855471937, 2.5036841232101077, 2.4161149317895307, 2.2671482855132705, 2.532414121109838, 2.306424957939114, 3.647900949499231, 2.5073068227208166, 2.1092826381318646, 2.562399438650479, 2.5299968045377574, 2.9334411952025383, 3.029177750156347, 2.976618684833381, 2.1845190507935843, 2.92720031586722, 2.4829086058348793, 2.5935077518193395, 2.348390083315529, 2.0759690620505498, 2.907085865212436, 2.2529185014251523, 2.542247951323206, 2.2434694583951957, 4.004020583255181, 2.238732917044188, 2.426136215297267, 3.216026492511436, 2.2075737737468994, 2.44396852942771, 2.079573472831923, 2.628364942978292, 2.2336801280067466, 2.8876695825984755, 2.3085168948254067, 2.2147717012087, 2.615792841405948, 2.7897410129700186, 2.1133893251890408, 2.3631265581570693, 2.417393033150714, 2.0242732372946106, 2.415196652270879, 3.3612560483143747, 4.109886862223455, 2.491970481699028, 2.264440516736809, 2.2510746768644374, 2.45355038217688, 3.7714562949311135, 2.314548887041187, 2.9806202216245152, 2.4871000379824695, 2.3257233366072283, 3.9724369526723797, 2.9178060099680216, 2.2915255152076344, 2.5728554754245767, 3.138425130379642, 2.7723041152627697, 2.026566829502546, 1.9811392493267515, 2.465956751414308, 2.181226892522119, 2.672612943885675, 2.628890455890215, 2.257564501680112, 2.3376666767596674, 2.0451428846133455, 2.054634668198894, 2.0952342348575073, 2.532337270303733, 2.6813076872333688, 2.4256479668811695, 2.718076470809101, 2.744646147851699, 2.3753089816241015, 2.1922117842768025, 2.2490829330456106, 2.0477765131276726, 2.155944551397798, 3.0959643254607276, 2.3834783818677243, 2.4375070138454364, 2.4919389152322644, 2.7693222138740423, 2.389481963718749, 2.281674638763225, 2.278519936694046, 2.7158208836846742, 2.7994450269557367, 2.157667749278941, 2.6627962222754857, 1.9911453005555555, 3.841550848725803, 2.5477238575703667, 2.802601818691602, 2.852233270867963, 2.4904219601270436, 2.67484981543199, 2.576014616655754, 3.558292687194144, 2.0169557804197455, 2.190937926630264, 2.150598345794627, 2.090484551198804, 2.8559740542624787, 2.5855056462906045, 2.2350832643954406, 3.036999880251774, 2.858666930356554, 2.203709800162586, 2.212879566900529, 2.684988256764886, 2.1540679995263945, 2.2688673952050644, 3.423805161684773, 2.0927104437333948, 2.9390386606611774, 3.6746618864088783, 2.371016419006838, 2.0749590647696667, 2.385957711245985, 3.5431086984229143, 2.1079565872794945, 2.362098809726113, 2.3156752937073137, 2.059188242053327, 3.489377700619288, 2.2844124120947478, 2.1574328422195794, 2.2557487176753197, 2.9431823857588557, 2.1888827752447644, 2.4731334939370844, 2.097214729775162, 2.2533747408982046, 4.046319191088379, 2.253130829989638, 3.4556493954753456, 2.254914053640199, 2.13773245051308, 2.2205855540955652, 2.298086631384867, 2.3399182690215965, 2.43942245199965, 2.2444048835001142, 2.44423968889495, 2.493129421311085, 2.5394357095626816, 2.1991850456723228, 2.3688074840185087, 3.0826792202438256, 3.0349014563034538, 2.0403011591037745, 2.399141247541909, 2.2448009875550157, 2.13973967124474, 3.62334119195508, 2.3793896494541196, 2.542668534458104, 2.3964771466174835, 4.180314384707723, 3.779552535872142, 3.043345095653293, 2.479069090865592, 1.9928522231838943, 2.4569095658974414, 2.6288117253549492, 2.247561465298454, 2.156222232590925, 2.6434637364732523, 4.1653803856501, 2.198953451745842, 2.0572300245040585, 2.2682900947974787, 2.4148759217932487, 2.2440503780955323, 2.07845321978318, 2.3461895510197235, 2.6574592990381434, 2.3383210789718833, 2.4940051570336106, 2.22235671156633, 2.207342870585007, 2.4772153156275043, 2.569339466009137, 2.6832245762642493, 2.8390815808425733, 3.058245105327574, 2.612311229884902, 2.2559245694679237, 2.2831466756655625, 2.7298727714628512, 2.581175876834874, 2.306602229849064, 2.119190366025235, 2.1903046174091947, 2.3314193807059667, 2.7009104080398245, 2.12548907558707, 2.407656544857714, 2.195314701863925, 2.2930224816730442, 1.9758946138506828, 2.2796280696941826, 3.1468949611309087, 2.7050765227236635, 2.1326865476556214, 2.475795627011729, 2.1191591177669187, 2.326925783784359, 2.5445256788040687, 2.279276754063549, 2.5343761781910623, 2.455397523047481, 2.389085087198322, 2.5359730630907924, 2.886752497501922, 2.7004605982032843, 2.2282067390887, 2.168377590701824, 2.3334168103090427, 2.4271070533442365, 2.229832715543308, 3.255775065534751, 2.3841314901075434, 2.2824232890388125, 2.127359981966977, 2.293158955324094, 3.720156925810982, 3.7227778390064046, 2.814542190123269, 2.4493175408737478, 2.4963200081789423, 2.504078432345321, 2.5114905196883215, 3.1572195290224165, 2.1646685645778714, 2.9097709339695617, 2.2687026468867715, 2.7499662346762506, 2.7701841433316563, 1.9900835783465407, 2.179784453617866, 2.2330469189548747, 2.3244041039648433, 1.9987091314302046, 2.133737380406082, 2.101115284942946, 2.251142443747704, 2.262316070579078, 2.578938385812444, 2.6107681855554215, 2.4544502993122452, 3.285423701940225, 2.3936216532373518, 2.077863928008142, 2.3136722108152465, 2.314742942753654, 2.309611803956925, 2.7205724273679643, 2.3308891283203694, 2.3728642392437025, 2.4790951583104435, 3.681780484151097, 2.520000237713507, 2.238486128690252, 2.590312496765962, 2.2860129860880942, 2.3278746499823315, 2.3856871877510755, 2.331513432878262, 2.397960750684499, 2.241740456342157, 2.711848965053207, 2.179255841588819, 2.305747537944842, 2.1731771943718416, 2.4211898308698148, 2.418673003892812, 3.5842774732075418, 2.3287897828785122, 2.04046407734315, 2.7351699928938285, 2.3825822711318687, 4.289413672022609, 2.3041156009782293, 3.55817885938907, 2.386742015927874, 2.5158599692257475, 2.4972402422390987, 2.0998534689330017, 2.1662486969121257, 2.2613393527338985, 3.1416855773329044, 2.4226293667220338, 2.2310636763157277, 2.422369230460718, 2.061182797789962, 2.2086372801582694, 2.4843406364219898, 2.5347049058472835, 2.2058853838628982, 2.5601103906112037, 2.1785919776378164, 2.2545047973739196, 2.5066524838909454, 2.0768132497195135, 2.282076622616017, 3.3124456716154755, 3.05683503716382, 2.2872625514571654, 2.5994927016474416, 1.984392475069758, 2.588433913913407, 2.3375642662447724, 2.094892218652758, 2.180095326375888, 3.0877011914272705, 2.720255682468049, 2.0592283992529405, 2.3773235052857657, 2.1003543840264856, 3.931164077437608, 2.1827260728024545, 3.7498300936484235, 2.727515356693291, 2.0477588177575226, 3.6527095969213796, 2.63382399735917, 2.508599116629738, 2.1166802456593414, 2.335782812674639, 2.660078801010014, 2.0289418287338243, 2.380705912756834, 3.4449500625071297, 2.0384703688843837, 2.7038567530684543, 2.3357702279480015, 2.2864556296152716, 2.2737817413091252, 2.435897384300873, 2.820336626787138, 2.34661324719892, 3.1219377376001023, 2.2367700866837867, 3.452558606917905, 2.0751700480291504, 2.0011581576959556, 2.798387476359561, 2.104707445083446, 2.1267978549032973, 2.129863196252077, 2.3788496302333284, 3.4731820632434807, 3.776256404958218, 2.7542070924621083, 2.449815884040932, 2.2640982100215967, 2.1124648231208494, 2.3855677967277726, 2.6107998190592565, 2.9233186550571153, 2.219595576886288]"
