batch_size: 500
dataset_size: 9358
epochs: 300
epsilon: 0.75
generate_time: 6.892759799957275
num_of_runs: 0
test_start_time: 1622823551.4701922
timestamp: '2021-06-04T16:20:28'
tool: smartnoise_dpctgan
