dataset_size: 2000
epsilon: 1.5
generate_time: 153.94758677482605
num_of_runs: 0
query_count: 400
test_start_time: 1621070261.1989787
timestamp: '2021-05-15T11:42:21'
tool: smartnoise_mwem
