batch_size: 100
dataset_size: 3000
epochs: 300
epsilon: 1.5
generate_time: 15.614890813827515
num_of_runs: 0
test_start_time: 1620770845.2818708
timestamp: '2021-05-11T22:21:10'
tool: smartnoise_patectgan
