batch_size: 500
dataset_size: 8500
epochs: 300
epsilon: 3.0
generate_time: 21.87747621536255
num_of_runs: 0
test_start_time: 1620503348.7852345
timestamp: '2021-05-08T21:38:06'
tool: smartnoise_dpctgan
