dataset_size: 5000
epsilon: 1.5
generate_time: 3072.6194756031036
num_of_runs: 0
query_count: 600
test_start_time: 1621070261.1989787
timestamp: '2021-05-16T12:10:07'
tool: smartnoise_mwem
