batch_size: 300
dataset_size: 8500
epochs: 100
epsilon: 2.0
generate_time: 86.56038808822632
num_of_runs: 0
test_start_time: 1620925882.370055
timestamp: '2021-05-13T20:58:29'
tool: smartnoise_dpctgan
