batch_size: 500
dataset_size: 9000
epochs: 300
epsilon: 0.75
generate_time: 6.235038757324219
num_of_runs: 0
test_start_time: 1620916056.9825292
timestamp: '2021-05-13T16:25:01'
tool: smartnoise_patectgan
