batch_size: 500
dataset_size: 6000
epochs: 300
epsilon: 0.5
generate_time: 4.747734308242798
num_of_runs: 0
test_start_time: 1620916056.9825292
timestamp: '2021-05-13T15:18:46'
tool: smartnoise_patectgan
