batch_size: 300
dataset_size: 1000
epochs: 300
epsilon: 1.75
generate_time: 9.498527526855469
num_of_runs: 0
test_start_time: 1621062425.03643
timestamp: '2021-05-15T07:08:32'
tool: smartnoise_patectgan
