batch_size: 500
dataset_size: 3000
epochs: 300
epsilon: 0.25
generate_time: 5.5315916538238525
num_of_runs: 0
test_start_time: 1622816225.7554576
timestamp: '2021-06-04T14:17:11'
tool: smartnoise_dpctgan
