batch_size: 300
dataset_size: 3000
epochs: 500
epsilon: 2.5
generate_time: 15.297427654266357
num_of_runs: 0
test_start_time: 1620503348.7852345
timestamp: '2021-05-08T20:10:26'
tool: smartnoise_dpctgan
