batch_size: 300
dataset_size: 3000
epochs: 300
epsilon: 1.0
generate_time: 3.8882946968078613
num_of_runs: 0
test_start_time: 1620503348.7852345
timestamp: '2021-05-08T20:05:41'
tool: smartnoise_dpctgan
