batch_size: 500
dataset_size: 5499
epochs: 300
epsilon: 1.75
generate_time: 22.4491548538208
num_of_runs: 0
test_start_time: 1621062425.03643
timestamp: '2021-05-15T07:40:54'
tool: smartnoise_patectgan
