batch_size: 300
dataset_size: 2000
epochs: 300
epsilon: 0.5
generate_time: 2.444828510284424
num_of_runs: 0
test_start_time: 1620916056.9825292
timestamp: '2021-05-13T14:35:19'
tool: smartnoise_patectgan
