batch_size: 300
dataset_size: 7000
epochs: 300
epsilon: 1.5
generate_time: 37.32260513305664
num_of_runs: 0
test_start_time: 1620925882.370055
timestamp: '2021-05-13T19:05:27'
tool: smartnoise_dpctgan
