batch_size: 500
dataset_size: 6000
epochs: 500
epsilon: 1.75
generate_time: 16.7758367061615
num_of_runs: 0
test_start_time: 1620925882.370055
timestamp: '2021-05-13T18:31:43'
tool: smartnoise_dpctgan
