batch_size: 500
dataset_size: 9358
epochs: 300
epsilon: 1.0
generate_time: 6.892759799957275
num_of_runs: 0
test_start_time: 1622826632.3991575
timestamp: '2021-06-04T17:12:40'
tool: smartnoise_dpctgan
