batch_size: 500
dataset_size: 8000
epochs: 300
epsilon: 1.75
generate_time: 11.351743698120117
num_of_runs: 0
test_start_time: 1620916056.9825292
timestamp: '2021-05-13T15:53:58'
tool: smartnoise_patectgan
