batch_size: 300
dataset_size: 8500
epochs: 100
epsilon: 0.25
generate_time: 8.270937442779541
num_of_runs: 0
test_start_time: 1620925882.370055
timestamp: '2021-05-13T20:40:07'
tool: smartnoise_dpctgan
