batch_size: 300
dataset_size: 4000
epochs: 500
epsilon: 3.0
generate_time: 23.159886360168457
num_of_runs: 0
test_start_time: 1620503348.7852345
timestamp: '2021-05-08T20:24:23'
tool: smartnoise_dpctgan
