batch_size: 300
dataset_size: 6000
epochs: 500
epsilon: 2.0
generate_time: 14.807564973831177
num_of_runs: 0
test_start_time: 1620503348.7852345
timestamp: '2021-05-08T20:42:33'
tool: smartnoise_dpctgan
