batch_size: 500
dataset_size: 1000
epochs: 300
epsilon: 1.75
generate_time: 9.573495388031006
num_of_runs: 0
test_start_time: 1621246701.1382108
timestamp: '2021-05-17T10:19:51'
tool: smartnoise_dpctgan
