batch_size: 500
dataset_size: 2000
epochs: 300
epsilon: 1.5
generate_time: 594.3308057785034
num_of_runs: 0
test_start_time: 1622889918.6455872
timestamp: '2021-06-05T10:55:12'
tool: smartnoise_dpctgan
