dataset_size: 4000
epsilon: 1.5
generate_time: 684.2669763565063
num_of_runs: 0
query_count: 600
test_start_time: 1621070261.1989787
timestamp: '2021-05-15T18:36:59'
tool: smartnoise_mwem
