batch_size: 500
dataset_size: 2000
epochs: 300
epsilon: 0.75
generate_time: 2.246861219406128
num_of_runs: 0
test_start_time: 1620503348.7852345
timestamp: '2021-05-08T19:56:55'
tool: smartnoise_dpctgan
