q1,ppagecat,ppgender,ppincimp,insured,ppeducat
3,4,1,9,1,4
3,3,1,9,0,2
4,4,1,11,1,2
3,4,1,9,1,2
5,3,2,12,1,1
2,3,2,18,1,4
1,4,1,9,0,3
4,2,2,11,1,1
1,3,1,2,0,1
3,2,1,9,0,2
3,2,1,18,0,4
2,4,1,20,0,3
3,5,1,17,1,2
2,3,1,13,1,2
4,2,2,9,0,3
3,3,1,8,0,2
4,3,1,15,0,1
1,2,1,21,0,4
3,3,1,16,1,2
1,2,2,9,0,2
3,3,1,13,0,1
2,3,1,5,0,3
3,1,2,11,0,1
1,4,1,7,1,1
2,4,1,16,0,2
1,5,1,7,0,3
2,4,2,14,1,1
1,5,1,14,0,3
2,3,1,16,0,4
1,4,2,19,0,1
2,4,1,10,1,1
4,1,1,13,1,1
3,3,1,14,1,2
3,3,1,8,1,2
4,3,1,10,1,1
3,2,1,6,1,2
3,4,2,9,1,4
1,3,1,3,1,4
2,1,1,13,0,3
3,5,1,15,1,1
1,3,2,15,1,1
3,5,1,16,1,2
4,1,1,10,0,2
3,1,2,6,0,3
1,1,1,6,1,3
5,3,1,1,0,2
2,4,1,2,0,4
2,5,1,4,0,1
1,2,1,15,0,4
4,2,1,8,0,3
3,4,1,16,0,1
1,2,1,7,0,3
4,4,2,8,0,1
1,3,1,17,1,1
3,5,1,10,0,3
5,1,1,11,0,2
3,2,1,9,0,1
2,4,1,19,0,2
1,3,2,19,0,1
1,5,1,17,1,3
4,3,1,15,0,1
4,2,1,18,1,3
3,4,1,12,1,2
1,1,2,18,0,4
1,3,1,18,0,3
1,3,1,19,0,1
4,4,1,12,0,1
2,3,1,3,0,2
1,2,2,16,1,2
1,4,1,19,0,3
4,2,2,21,0,1
3,3,1,18,0,1
3,2,2,9,1,1
3,2,2,16,0,3
3,3,1,4,0,2
4,2,1,7,0,1
1,2,1,16,0,4
3,3,1,14,0,3
2,3,1,11,0,3
3,4,1,11,1,2
2,1,1,18,0,1
3,3,1,19,0,3
3,3,1,20,0,2
3,4,1,9,0,2
3,1,1,7,0,2
1,1,1,13,0,2
2,3,2,10,1,1
2,2,1,5,0,2
2,3,2,12,0,2
2,2,2,18,1,1
2,2,1,18,0,3
3,5,1,8,0,1
4,2,1,5,1,3
1,2,1,3,0,1
3,1,1,10,0,3
1,5,1,17,1,2
1,2,1,10,1,3
1,1,1,16,0,1
3,3,1,7,1,2
5,1,2,15,1,3
1,3,1,17,0,3
2,2,1,17,0,1
4,4,1,11,0,2
3,1,1,18,0,2
1,3,1,1,1,3
2,5,2,19,1,2
2,4,1,15,1,2
1,1,1,18,0,1
4,3,2,15,0,1
3,2,1,15,0,2
1,5,1,2,0,2
4,3,1,8,1,2
3,3,2,2,1,3
2,3,1,9,0,3
2,3,1,9,0,1
2,4,1,11,0,2
2,2,1,10,1,1
4,2,1,1,0,2
1,4,1,13,0,4
3,4,1,18,0,3
4,2,1,16,0,2
4,4,1,20,0,3
1,2,1,19,0,3
2,2,1,9,0,2
4,3,1,3,0,2
4,5,2,14,0,1
1,2,2,5,0,4
2,2,1,16,1,3
2,3,2,17,1,1
1,1,2,6,0,1
2,5,1,15,0,1
3,5,1,2,0,1
1,4,2,7,0,2
4,4,1,14,0,2
4,4,1,14,0,2
2,3,1,8,1,3
3,3,2,15,0,4
3,3,1,2,0,2
1,2,1,12,1,3
4,4,1,14,0,3
1,3,1,12,0,1
5,3,1,4,0,3
1,2,1,13,0,4
2,2,1,19,0,1
3,4,1,19,0,1
3,4,1,17,1,3
4,3,2,12,0,3
2,5,1,15,1,4
2,1,1,21,0,2
3,4,2,6,0,1
3,3,2,9,0,2
4,1,1,16,0,2
3,1,2,9,0,3
2,5,1,13,0,3
2,4,1,8,0,2
4,4,1,20,1,4
4,1,1,13,0,2
2,2,1,18,1,3
1,2,1,6,0,1
4,5,2,10,0,2
3,2,1,6,0,3
1,2,1,13,0,2
3,3,2,20,1,3
1,1,1,16,1,4
4,4,1,5,0,3
3,5,1,14,0,2
2,5,1,10,1,1
4,4,1,7,0,2
3,5,2,19,1,2
2,3,1,12,0,2
3,3,1,8,0,4
3,4,1,3,0,3
2,4,1,17,1,3
1,3,1,10,0,3
3,4,1,12,0,3
1,5,1,9,0,1
2,1,1,10,1,2
3,1,1,12,0,3
1,5,1,12,0,1
2,2,2,17,1,3
1,4,1,11,0,2
2,5,1,15,0,1
1,4,1,13,1,2
4,1,1,17,0,3
5,4,1,16,0,2
1,1,2,12,0,2
1,4,1,12,1,2
1,3,1,14,1,1
3,1,1,15,1,4
1,4,1,17,0,2
3,2,1,11,1,3
1,4,1,14,0,2
4,3,2,13,0,1
4,3,1,6,1,2
4,2,1,8,0,2
4,5,1,20,1,3
1,2,2,11,0,2
2,2,1,15,1,4
4,3,1,11,1,3
2,5,1,19,0,1
5,2,1,9,0,2
2,2,1,13,1,1
1,3,1,15,1,1
5,1,1,14,0,1
1,1,2,20,0,1
3,2,1,20,0,2
2,2,1,10,0,3
1,2,1,9,1,2
1,5,1,14,0,2
4,3,1,13,0,1
2,2,2,12,1,1
4,2,1,5,1,1
4,1,1,4,1,3
1,4,1,11,0,2
4,4,1,13,1,3
2,4,2,9,0,3
4,3,1,16,0,2
2,3,1,10,0,1
2,4,1,18,0,2
4,5,1,2,1,2
2,4,1,11,1,1
4,4,1,15,0,2
1,2,1,5,1,1
3,2,1,15,0,2
2,2,1,8,1,1
4,3,1,7,0,3
5,2,1,7,0,1
3,3,1,21,1,4
1,4,1,10,1,3
2,4,1,13,0,2
1,5,1,2,0,3
3,4,1,15,0,4
4,5,1,20,1,1
2,2,1,13,0,1
4,1,1,9,1,3
1,3,1,7,0,2
2,2,1,14,0,2
5,1,1,12,0,1
3,1,1,11,0,4
1,5,1,7,1,3
1,4,1,18,1,2
4,3,1,11,0,1
3,5,1,4,0,3
3,4,1,7,0,3
2,5,1,13,0,4
3,2,2,19,1,2
4,1,1,5,0,3
4,3,1,14,1,2
4,2,1,3,1,1
4,4,1,19,0,3
1,1,2,4,0,4
1,1,1,9,1,1
3,4,1,12,1,3
1,3,1,7,1,1
4,4,2,16,0,3
2,3,1,4,0,4
3,5,2,15,0,4
1,1,2,11,0,3
3,1,1,17,1,3
1,2,2,15,1,3
1,4,1,5,1,1
2,2,1,14,1,3
3,3,1,3,0,2
3,3,2,11,1,4
3,1,1,6,1,2
3,2,1,14,1,3
1,2,1,13,1,2
4,2,2,9,0,2
1,2,1,14,1,2
3,5,1,18,0,1
2,1,1,1,0,3
2,1,2,16,0,2
3,2,1,18,1,4
1,2,1,1,0,4
3,5,1,8,0,4
3,3,2,21,1,3
2,3,1,11,0,1
3,5,1,12,0,3
4,4,1,14,0,4
3,3,2,15,0,3
3,2,2,20,0,2
2,3,1,6,1,2
3,2,2,12,0,4
1,4,2,11,0,1
4,5,1,12,0,2
5,3,2,7,0,1
5,3,1,15,0,2
3,3,1,11,0,3
3,3,1,4,0,1
3,3,2,10,1,3
5,3,1,18,0,1
1,3,1,16,0,2
2,4,1,13,1,2
4,5,2,21,0,3
5,4,1,10,0,4
2,3,1,12,0,4
1,3,1,3,0,3
4,2,2,18,0,2
4,5,2,7,1,1
5,2,2,20,1,3
3,1,2,16,1,2
2,4,2,13,0,3
5,3,1,14,0,2
2,4,1,10,0,1
3,3,1,7,0,2
3,2,1,8,1,2
4,1,1,1,0,1
5,3,1,10,0,1
2,5,1,7,0,2
4,4,1,18,0,1
2,5,1,12,0,1
3,5,1,15,0,1
4,4,1,14,0,1
4,2,2,17,1,1
1,3,1,13,0,4
3,3,1,19,1,1
2,3,1,14,0,3
1,3,1,11,0,2
2,4,1,21,0,2
2,2,1,17,0,2
2,1,1,18,0,3
2,3,2,17,1,1
3,2,1,2,1,2
3,4,1,13,0,3
3,3,1,5,0,2
3,4,1,2,1,2
4,1,2,13,0,3
3,1,1,2,0,4
2,2,1,4,0,2
2,3,2,13,0,4
4,5,1,2,0,1
2,2,1,18,0,3
5,2,1,15,0,4
3,5,1,5,1,3
4,1,1,16,1,3
1,3,1,13,1,3
5,5,1,20,0,3
2,5,2,20,1,4
4,3,1,13,1,1
1,3,2,18,0,3
5,2,2,18,0,1
3,2,1,18,0,1
1,2,1,17,0,1
1,2,1,2,0,2
3,3,1,17,0,2
5,5,2,15,1,1
4,1,2,12,0,3
3,1,1,20,1,1
5,3,1,14,0,3
4,5,1,1,0,3
3,4,1,8,0,4
3,1,1,11,0,2
2,4,1,20,1,3
3,2,2,16,0,4
4,1,1,7,1,4
4,4,1,16,0,4
3,3,2,15,0,3
2,3,1,10,0,1
1,3,1,4,0,1
4,3,1,9,0,2
1,4,2,19,1,2
2,3,1,1,0,2
3,3,2,16,0,1
4,3,1,11,0,2
2,4,1,12,1,2
3,3,1,14,0,1
3,4,1,5,1,4
1,5,1,13,0,2
1,3,2,6,0,2
3,1,1,16,0,2
5,4,1,13,1,3
4,1,1,12,0,2
3,2,1,18,0,3
2,4,1,11,0,3
2,1,1,12,0,1
4,2,2,12,0,2
2,2,1,17,0,3
3,4,2,16,1,2
2,1,1,19,1,3
2,2,1,11,0,3
3,3,1,11,0,1
2,2,1,14,0,1
1,4,2,8,1,2
2,1,1,9,0,3
1,1,1,18,1,3
1,3,1,19,0,1
4,2,1,14,1,2
3,3,2,19,0,2
4,2,1,10,0,2
2,2,1,5,0,1
4,4,1,20,0,4
1,2,1,18,1,4
1,1,2,19,0,2
1,5,1,13,0,1
4,2,2,18,1,2
3,1,1,20,0,1
4,2,2,10,1,3
2,3,1,19,0,1
1,3,1,15,0,3
1,2,1,20,0,2
3,2,1,6,1,3
2,4,2,8,0,1
2,2,1,19,1,2
3,3,1,15,0,2
2,1,2,3,0,1
3,2,1,11,0,1
2,3,1,4,0,2
5,3,1,10,1,2
1,5,1,5,1,1
1,2,1,17,0,2
3,2,2,15,0,1
4,2,2,15,1,1
4,2,2,7,1,2
3,1,1,4,0,2
1,1,1,11,1,1
3,5,1,5,1,2
1,4,2,6,0,2
1,1,1,17,0,3
4,1,2,14,1,1
3,5,1,6,0,2
5,5,2,14,0,2
1,1,1,9,1,3
2,2,1,8,0,2
1,3,1,7,0,2
1,3,2,11,1,2
1,3,1,19,0,3
3,3,2,21,1,2
4,3,1,14,1,1
2,4,2,15,1,3
4,2,2,18,0,3
1,2,1,16,0,2
2,4,1,3,0,3
4,2,1,12,0,2
2,1,1,16,0,4
1,1,1,20,1,3
1,5,1,8,0,1
2,4,1,12,0,3
2,4,1,16,0,1
2,2,1,11,1,1
1,5,1,5,1,1
2,3,1,13,1,1
3,1,1,2,1,1
5,2,1,17,1,3
2,2,1,14,1,3
2,1,1,8,0,2
2,3,1,10,1,3
2,2,1,9,0,3
3,4,1,18,0,3
3,1,1,15,1,2
1,3,1,16,0,3
3,5,2,20,1,3
1,4,2,16,1,1
3,3,1,6,1,3
3,3,1,12,1,4
2,2,1,15,0,3
1,3,1,1,1,3
2,1,1,21,0,1
2,2,1,16,1,1
1,5,1,9,0,2
1,3,1,17,0,3
4,4,1,20,0,2
1,2,1,7,1,2
3,2,1,11,1,1
2,1,2,19,0,4
4,4,2,2,0,2
1,4,1,18,0,3
3,5,1,11,0,2
4,2,1,12,0,1
2,4,2,15,0,1
3,4,1,13,1,1
4,4,1,14,0,3
1,4,2,14,0,3
4,3,2,16,1,2
5,3,1,11,1,4
1,2,1,15,0,2
1,3,1,11,1,1
2,4,1,12,0,2
2,4,2,20,0,2
4,4,1,13,0,3
5,4,1,7,0,1
4,1,1,17,1,2
1,4,2,12,0,3
3,1,2,12,1,2
4,2,1,16,0,3
4,3,1,13,0,4
4,2,1,7,0,3
5,2,1,2,1,2
2,4,1,16,0,2
3,3,1,16,0,2
2,4,1,12,0,2
2,2,1,3,0,2
4,3,1,8,0,2
1,2,1,20,0,4
3,3,1,14,0,4
4,2,1,16,1,2
2,5,1,20,1,1
1,3,1,11,0,3
2,1,1,13,1,3
1,1,2,16,0,1
1,5,2,15,0,2
1,4,1,16,0,3
2,3,2,9,0,4
1,4,1,3,0,4
2,3,1,5,0,2
1,1,1,18,1,2
1,3,1,3,1,3
4,4,1,9,0,3
4,5,1,14,0,1
2,3,1,12,0,2
2,3,1,6,0,2
1,2,1,19,0,1
1,4,1,10,0,3
2,2,1,13,0,4
2,4,2,13,0,2
4,1,1,15,1,3
2,2,1,10,0,3
4,4,1,12,0,3
4,2,1,17,1,1
1,2,1,4,1,3
4,4,1,17,1,3
5,2,1,8,1,4
3,3,1,16,0,3
1,3,1,15,0,1
1,4,1,12,0,1
1,2,2,12,1,4
4,1,1,8,1,1
3,1,1,21,0,1
3,3,1,12,1,2
3,3,1,11,1,3
2,4,1,14,0,4
3,3,1,17,0,3
1,2,1,9,0,3
3,1,1,10,0,4
3,4,1,10,1,1
3,2,1,6,1,2
4,4,1,12,0,4
4,1,2,18,0,4
2,5,2,12,0,2
1,3,1,20,1,4
2,2,1,20,1,1
3,5,1,15,1,2
1,2,2,2,1,2
2,2,1,13,1,1
3,3,1,14,1,1
3,3,1,13,0,2
2,3,2,9,1,3
4,5,1,15,1,3
2,2,1,7,0,3
3,1,1,21,0,2
3,1,1,12,1,2
2,2,1,2,0,1
1,1,1,11,0,2
3,4,1,14,0,2
3,2,1,13,1,3
4,5,1,17,0,3
2,3,1,13,0,3
4,4,1,2,0,1
2,4,1,19,1,2
3,3,1,15,0,3
3,2,1,19,1,3
3,1,1,14,0,3
3,4,1,2,0,3
2,2,1,8,0,2
1,5,1,16,0,2
3,2,1,18,0,3
1,5,2,18,0,1
3,4,1,20,0,2
2,1,1,21,1,1
2,3,1,8,0,2
1,1,1,4,0,1
1,2,2,21,0,2
3,4,1,16,0,3
2,2,1,12,0,3
1,2,1,8,1,2
3,4,2,16,0,2
3,3,1,5,1,2
3,3,1,12,0,1
3,5,2,18,1,3
1,2,2,12,0,1
4,3,1,19,0,1
1,3,1,17,0,3
3,5,1,11,1,1
2,4,1,9,0,2
3,3,1,17,0,2
2,3,1,14,1,4
2,3,2,2,1,2
2,3,1,13,1,3
4,3,1,16,0,2
1,3,1,15,0,1
1,1,1,16,0,3
2,1,1,14,0,2
1,1,1,17,1,2
2,3,2,1,0,3
1,3,1,8,0,1
2,4,1,8,0,1
5,1,1,14,0,2
3,4,1,18,1,1
3,2,1,15,0,3
3,5,1,11,0,1
5,4,2,14,1,1
3,5,2,4,0,2
3,1,1,15,1,1
2,4,1,9,0,2
4,5,1,12,1,2
1,5,1,12,1,1
4,1,1,14,1,3
2,2,1,15,0,3
2,5,1,12,1,1
3,2,1,14,0,3
2,2,1,10,0,2
2,4,1,17,0,3
1,5,1,18,0,1
2,2,1,15,0,2
5,1,1,15,0,2
1,2,2,5,0,1
1,4,2,10,0,4
1,4,1,12,0,1
3,1,1,13,0,2
3,4,1,12,0,1
1,2,1,18,0,2
3,3,2,8,0,2
4,2,1,10,0,3
2,3,1,2,1,1
2,4,1,5,0,1
2,4,1,5,0,1
1,4,1,15,0,4
1,1,1,17,1,3
2,3,1,8,0,2
5,2,1,16,0,3
3,4,2,14,0,1
3,3,2,14,0,3
1,3,2,10,1,3
3,3,1,10,0,2
4,4,2,12,1,2
2,2,1,21,0,2
1,1,2,3,1,1
2,2,1,17,1,3
5,4,1,13,0,1
2,2,1,4,1,4
3,2,1,18,1,2
1,4,1,18,1,1
4,4,1,10,0,4
3,5,1,10,0,2
2,4,1,15,1,3
1,5,2,10,0,3
3,3,2,17,0,3
1,4,2,11,1,2
1,2,1,8,0,3
1,3,1,21,0,1
3,2,1,20,1,4
1,5,1,17,1,4
2,2,1,17,1,2
3,4,1,8,0,1
2,4,1,2,1,2
3,4,1,18,1,2
3,4,1,12,0,1
2,3,2,10,0,2
1,4,1,17,1,2
2,3,1,11,0,3
4,2,1,9,0,4
3,2,1,5,1,2
2,1,1,9,0,3
1,3,1,15,0,2
5,3,1,9,1,2
1,3,1,2,1,4
3,3,1,15,0,4
1,2,1,11,1,2
2,3,1,15,1,2
2,4,2,10,1,3
2,3,1,15,1,1
3,2,1,21,0,2
2,4,1,14,0,2
3,5,1,14,0,3
2,4,1,13,0,4
1,2,1,19,0,3
5,1,1,16,0,1
2,2,1,18,0,3
2,1,2,16,0,4
1,5,2,5,0,1
2,3,1,8,0,2
4,2,2,6,1,4
2,4,1,8,0,1
1,2,1,4,0,3
3,5,2,15,0,3
5,2,2,10,0,2
1,4,1,12,0,2
2,2,1,9,0,1
3,4,1,12,0,3
4,3,1,11,0,2
3,2,1,16,0,2
2,5,1,14,0,3
1,4,1,5,0,2
2,4,1,18,0,3
4,4,1,18,0,2
4,2,1,14,0,2
3,2,1,11,1,2
4,3,1,18,0,1
3,4,1,15,0,4
1,5,1,15,1,1
2,1,1,18,0,1
2,5,1,5,0,3
3,4,1,15,0,2
3,5,1,3,1,2
5,2,2,19,1,3
4,2,2,11,0,1
2,3,1,16,0,2
2,5,1,2,0,1
4,5,1,17,1,2
3,4,1,14,1,1
3,4,2,19,1,2
2,3,1,19,0,1
2,3,1,10,0,1
2,4,1,2,1,3
4,2,1,14,1,1
4,1,1,9,1,3
3,2,1,13,0,3
3,3,2,4,0,3
1,1,1,9,0,3
4,2,2,14,1,3
2,4,1,19,1,2
2,4,2,7,0,3
5,2,1,9,1,3
3,3,1,12,0,4
3,3,1,18,1,1
1,5,1,5,1,4
5,2,1,9,1,1
2,1,2,2,0,3
2,1,1,20,0,2
2,2,1,20,0,2
1,4,1,2,0,4
1,5,1,15,0,3
3,3,1,17,0,3
1,3,1,8,1,4
4,3,2,14,0,1
3,1,1,6,0,1
1,2,1,10,1,2
2,1,1,14,1,1
1,4,1,15,0,2
1,1,1,4,1,2
4,2,1,20,0,4
5,1,1,11,1,2
4,2,2,10,0,1
1,3,1,17,0,1
3,3,1,8,1,3
1,5,1,5,1,3
3,2,1,2,0,4
5,5,1,5,0,1
1,4,1,7,0,1
3,2,1,16,0,3
3,1,1,11,0,3
5,3,1,12,1,3
1,5,1,17,0,2
1,2,1,9,0,3
1,4,1,4,1,3
1,2,1,6,0,3
1,4,1,13,0,1
2,2,1,16,1,1
3,2,1,20,0,2
2,4,1,5,1,1
2,2,1,10,0,3
1,3,1,10,0,1
1,3,1,10,0,2
2,5,2,10,1,2
5,1,1,9,0,2
1,2,1,21,1,1
3,5,1,15,0,3
1,4,1,18,0,1
2,1,1,18,0,1
5,1,2,19,1,3
3,3,2,14,1,2
1,2,1,19,1,2
5,1,1,17,0,3
1,2,1,20,0,3
1,5,1,8,1,1
1,1,2,13,1,3
4,1,1,10,0,3
2,4,1,8,0,1
2,3,1,9,0,2
5,4,1,17,1,2
4,4,1,20,0,3
1,1,1,11,1,2
4,2,1,14,0,3
5,2,1,15,1,1
3,2,1,17,0,3
2,3,2,6,1,3
4,1,1,10,1,1
3,5,1,20,1,3
3,1,1,19,0,3
3,2,1,16,0,1
3,2,2,12,1,1
3,1,1,18,1,3
1,4,2,9,1,4
1,2,1,8,0,1
3,3,1,14,0,1
2,5,2,17,1,1
4,4,1,12,0,1
3,4,2,14,1,1
5,4,1,14,0,2
1,4,2,19,0,3
2,4,1,17,0,2
2,3,1,16,0,3
1,2,1,15,0,3
3,2,1,18,0,2
1,1,1,20,0,3
3,4,2,18,1,3
3,3,1,20,1,1
4,3,1,11,1,3
3,3,2,16,1,4
1,1,1,14,0,3
2,1,1,20,0,3
2,1,1,8,0,2
1,2,2,16,0,2
5,3,1,12,0,1
2,5,1,12,1,3
1,3,1,12,1,2
1,4,1,12,1,3
2,2,1,17,0,4
3,4,2,17,0,3
3,4,1,8,0,3
3,4,1,12,0,1
3,2,1,21,1,3
3,1,2,7,0,2
3,1,2,14,0,3
2,1,1,18,0,2
2,1,2,18,1,3
4,2,1,3,0,4
2,1,1,10,0,3
4,2,1,16,1,1
2,3,1,15,0,3
3,3,1,4,0,3
1,4,1,10,0,3
4,1,1,14,0,1
2,2,1,11,0,1
3,5,1,9,0,3
3,3,2,18,1,3
3,2,1,10,0,1
1,1,1,14,0,2
2,2,1,11,0,3
2,1,1,1,1,1
4,5,2,11,0,4
5,4,1,14,0,1
3,3,1,3,0,1
1,5,1,16,0,2
1,4,1,8,1,2
1,2,1,13,0,3
3,1,1,3,0,1
3,5,1,20,0,1
4,4,1,17,1,2
1,3,1,13,1,1
3,5,1,13,0,1
5,5,1,20,0,3
3,2,2,12,1,3
3,4,2,3,0,2
3,2,1,20,0,2
1,1,1,16,0,3
3,3,1,17,0,4
3,1,1,12,1,2
2,4,1,7,0,1
1,3,1,12,0,1
3,1,1,10,0,1
3,5,2,6,0,2
2,3,1,19,0,2
1,4,1,8,0,3
1,2,1,20,0,2
2,5,1,14,0,1
1,5,1,11,0,2
3,2,1,19,1,2
4,3,1,15,1,1
1,1,1,15,1,1
3,1,1,14,1,2
3,4,1,15,0,1
2,3,1,18,1,1
3,5,1,21,1,4
3,2,1,12,1,1
4,5,1,4,0,1
2,1,1,15,0,2
2,3,1,7,0,1
3,1,1,2,1,3
2,5,2,2,0,1
3,3,1,18,0,2
3,2,1,12,1,2
3,5,1,7,0,1
5,1,1,17,1,3
1,1,2,20,0,1
1,4,2,20,1,4
3,2,1,21,0,2
4,1,1,11,0,1
2,1,2,17,0,2
2,4,1,9,0,2
2,2,1,17,0,3
2,4,1,15,0,3
4,1,1,11,0,3
4,4,1,10,0,1
4,1,2,16,1,2
1,2,1,10,0,2
2,4,1,13,0,2
4,5,1,11,1,3
4,3,1,11,0,2
4,5,1,12,0,2
4,2,1,1,0,2
2,5,1,1,1,4
3,4,1,14,0,3
2,2,1,14,0,3
1,4,1,13,0,1
1,4,1,14,0,4
3,5,1,6,0,4
4,3,1,10,1,3
3,3,2,21,1,3
5,1,1,17,0,3
4,3,1,9,1,2
2,3,1,11,0,1
2,5,2,11,0,1
5,4,1,12,0,2
1,4,1,17,0,1
1,1,2,11,0,2
3,2,1,13,0,3
3,2,1,10,0,2
1,2,1,18,0,1
3,2,1,13,0,2
1,4,1,7,0,1
2,3,1,14,1,4
3,2,1,3,0,2
3,1,1,16,0,3
2,2,1,19,0,2
2,1,1,7,0,4
4,2,2,21,1,3
2,2,2,1,0,3
2,1,2,21,0,3
3,1,1,8,0,4
2,2,1,12,0,2
1,4,1,17,0,4
3,5,1,11,1,3
3,4,1,12,0,3
2,3,1,3,0,1
2,4,2,16,0,3
3,4,1,18,0,4
3,3,2,4,0,1
3,5,1,18,0,1
1,1,2,5,1,3
3,2,1,12,0,2
4,3,2,13,1,2
1,2,1,5,0,3
3,4,1,7,0,1
2,4,1,15,1,2
1,2,1,14,0,2
3,4,1,12,0,2
4,1,1,19,0,3
1,4,1,12,1,1
4,1,2,9,0,2
2,1,1,9,0,2
3,3,1,21,0,3
4,1,1,15,1,1
3,1,2,15,1,1
3,3,2,19,0,3
4,5,2,7,0,3
2,4,1,17,0,3
3,4,1,10,0,1
3,5,2,10,1,1
3,5,1,15,0,2
2,1,1,18,1,2
4,4,1,14,0,3
2,3,2,15,1,3
1,1,1,18,1,2
1,4,1,10,0,3
5,5,1,16,0,1
5,4,1,8,1,3
2,1,1,11,0,1
3,1,1,7,0,4
3,3,1,17,1,3
4,3,1,8,1,2
4,1,1,15,0,3
3,1,2,21,1,2
2,4,1,13,1,3
3,4,1,12,0,3
4,2,1,14,0,4
4,3,1,14,0,1
1,5,1,6,0,1
4,4,1,16,0,1
3,2,1,13,0,1
1,5,1,15,0,2
2,4,1,7,1,3
1,2,1,17,0,2
4,4,1,12,0,3
2,1,1,11,1,2
4,4,1,10,0,2
5,5,1,11,0,1
1,3,2,15,1,4
3,4,1,3,1,2
3,2,1,17,0,4
2,5,2,5,0,2
1,5,1,1,0,3
4,2,1,14,1,1
4,3,1,16,1,2
1,4,1,16,1,4
3,3,2,17,1,1
3,2,1,12,1,3
3,5,1,2,0,2
4,4,1,8,0,1
3,2,1,4,0,2
3,4,2,18,0,1
1,2,2,11,0,3
1,4,2,16,0,1
2,4,2,18,1,1
3,5,2,12,0,2
2,5,1,11,1,1
1,4,1,17,0,3
4,3,2,15,0,2
1,1,1,19,0,2
3,1,1,17,0,2
1,2,2,19,1,1
1,3,1,15,1,2
3,3,1,16,0,1
2,3,1,12,1,1
3,4,1,19,1,3
1,3,1,17,0,3
3,3,1,9,0,3
1,4,1,5,0,1
2,2,1,4,0,2
3,4,1,1,1,1
1,2,1,7,0,3
3,3,1,7,0,3
3,2,1,19,0,3
2,2,1,21,1,3
4,3,1,18,1,1
3,3,1,19,1,2
1,2,2,12,0,2
3,1,1,14,1,4
2,2,1,14,0,2
1,2,2,16,0,2
1,2,2,12,0,1
4,4,1,17,0,2
3,2,2,1,0,2
3,2,2,14,0,3
3,2,1,18,0,4
3,4,1,19,0,1
2,2,1,1,0,3
3,3,2,10,0,1
4,5,1,16,1,2
3,1,1,11,1,2
3,3,1,16,1,4
3,1,1,16,1,2
2,3,1,13,1,2
2,1,1,15,1,3
4,4,1,17,0,1
4,1,1,17,1,4
1,3,1,9,0,1
2,2,1,15,0,1
2,4,2,8,0,3
3,5,1,12,1,2
3,1,1,10,0,1
4,2,1,10,1,3
4,3,2,9,0,2
2,3,1,19,1,1
1,3,1,5,0,3
1,5,2,6,0,2
1,5,1,15,0,2
1,3,1,12,0,2
2,3,1,12,1,4
1,3,1,10,1,2
2,3,2,15,0,2
2,3,1,11,1,1
5,1,2,10,0,1
4,2,1,15,1,2
4,1,2,15,0,1
1,3,1,10,0,3
3,2,1,3,1,3
2,2,1,1,0,3
4,5,1,15,1,2
4,1,2,14,0,3
1,2,1,11,0,4
2,4,1,8,0,4
4,4,1,14,0,3
1,1,1,20,1,4
3,1,1,13,0,1
4,3,1,10,0,1
4,2,1,7,1,2
2,3,1,21,1,2
1,4,1,9,0,3
1,4,2,3,0,1
1,1,2,5,1,3
2,1,1,15,0,3
4,3,1,20,0,3
1,4,2,15,0,1
4,3,1,10,0,2
3,4,1,14,0,4
3,4,1,12,0,3
2,5,1,12,0,2
1,1,1,2,0,2
3,1,1,11,0,2
3,3,1,8,1,3
3,2,1,19,0,2
3,1,2,14,0,2
4,4,1,19,0,2
3,2,2,14,1,2
1,2,2,5,0,2
3,3,1,11,0,2
1,3,2,17,1,4
3,2,1,6,1,1
4,3,1,11,1,1
5,2,2,8,0,1
1,4,1,11,0,3
3,2,1,13,0,2
3,3,1,21,0,3
3,1,1,21,0,2
2,4,1,20,1,3
5,2,1,6,1,1
3,4,2,12,0,1
3,2,1,15,0,1
2,1,2,12,1,1
1,5,2,20,0,2
1,1,1,15,1,3
4,4,1,9,0,1
3,3,1,12,0,2
2,5,1,11,0,3
2,2,1,10,1,3
2,2,2,14,0,3
3,3,1,18,0,4
3,2,1,14,0,2
2,5,1,14,0,1
2,1,1,6,0,1
1,4,1,16,0,3
2,5,1,6,0,3
3,2,1,13,0,2
2,4,1,15,1,1
4,3,1,15,0,2
3,4,1,14,1,2
1,2,1,18,1,1
3,3,1,19,1,2
4,1,1,9,0,2
3,2,1,19,0,2
1,1,1,13,0,2
2,3,1,3,1,3
2,4,2,8,1,3
4,2,1,2,0,3
1,3,2,19,0,1
1,2,2,10,1,3
4,1,1,17,0,2
4,1,1,8,0,4
1,4,1,19,0,2
5,1,2,12,1,1
1,3,1,1,0,4
2,4,1,20,0,2
2,3,2,15,0,3
2,3,1,13,1,2
1,1,1,18,0,3
1,3,1,5,0,1
2,3,2,21,1,1
2,2,1,9,0,2
3,2,1,13,1,1
2,3,1,6,1,2
3,4,1,11,0,3
2,5,1,6,1,2
2,1,1,16,1,3
2,3,1,16,1,1
1,2,1,18,1,3
5,3,2,6,0,3
2,2,2,17,0,3
1,3,1,13,0,4
2,2,1,9,0,1
4,1,2,13,1,2
3,2,1,14,1,3
3,3,1,13,0,4
4,5,1,13,0,4
1,4,1,1,0,3
2,3,1,17,0,1
2,2,1,7,1,2
1,3,2,18,0,3
3,1,1,19,0,3
2,5,2,14,0,2
1,1,2,20,0,1
2,5,1,12,0,1
4,3,2,1,0,3
2,4,1,1,1,3
3,2,1,11,0,1
1,4,1,12,0,1
1,1,1,12,0,2
3,3,1,18,0,1
3,1,1,16,0,2
2,3,1,8,0,2
2,2,1,20,0,3
3,5,1,17,0,1
3,2,1,18,0,3
4,1,2,13,1,1
3,3,1,14,1,3
2,2,1,8,0,4
4,2,1,20,0,2
3,3,1,2,0,2
2,2,2,15,0,4
3,3,1,14,1,1
3,2,1,17,0,1
2,4,1,9,0,4
1,2,1,18,1,2
3,2,1,12,0,1
1,4,1,17,0,1
2,2,1,13,0,1
4,5,1,4,0,3
1,4,1,18,0,3
1,3,1,14,1,3
4,1,2,16,1,4
2,1,2,7,0,2
1,2,1,19,0,1
1,1,1,3,1,3
5,1,1,11,1,2
1,3,2,17,0,3
2,2,1,10,0,3
2,3,1,19,0,3
2,3,1,15,0,2
1,1,1,17,0,3
1,5,2,13,0,2
3,5,2,20,0,3
3,3,1,19,0,4
1,3,2,19,0,4
4,4,2,17,0,3
2,5,2,20,0,1
5,1,1,12,1,1
2,3,1,14,1,2
4,3,1,14,1,1
4,4,1,13,1,2
4,1,1,17,0,1
1,4,2,11,1,2
2,1,1,8,1,2
2,3,2,16,0,1
5,1,1,8,0,3
1,2,1,12,1,1
2,4,1,19,0,2
2,3,1,16,0,2
2,2,1,5,0,1
4,1,1,12,0,4
3,2,1,11,0,2
3,2,1,10,0,1
2,4,2,9,1,3
2,5,1,17,0,2
2,4,1,17,0,3
1,5,2,13,0,1
4,3,1,7,0,3
3,2,1,3,0,2
4,1,1,12,1,3
3,5,2,4,0,3
2,2,1,1,1,2
1,2,1,17,0,1
2,1,1,12,0,4
1,1,1,16,1,2
3,2,1,10,0,2
1,4,1,13,1,1
3,4,1,14,1,3
1,2,1,18,0,1
4,3,1,12,0,4
1,3,2,5,0,3
3,5,1,7,1,2
3,2,1,15,1,1
1,4,1,18,0,1
4,1,1,17,0,4
2,3,2,14,0,3
2,4,2,18,0,2
2,2,1,17,0,2
2,4,1,7,1,1
4,4,1,7,1,2
5,4,1,8,0,1
1,4,1,13,0,1
5,1,1,18,0,3
3,3,1,2,0,1
3,2,1,13,0,4
4,3,1,3,1,3
4,3,1,21,1,3
4,2,2,14,0,3
5,1,2,8,1,2
3,4,1,20,1,1
1,3,2,13,0,2
5,4,1,14,0,3
4,4,2,18,0,4
4,2,1,18,0,2
2,3,2,12,0,1
2,4,1,17,1,4
2,1,1,12,0,2
4,4,1,7,0,2
3,2,1,19,0,2
3,3,1,9,0,3
1,5,1,13,0,3
5,5,2,9,1,3
2,3,1,14,0,4
3,2,1,15,0,2
2,2,1,13,1,1
5,4,1,18,1,1
2,2,1,2,0,2
2,4,1,12,1,2
2,4,1,7,1,4
3,4,2,6,0,2
1,4,1,9,0,2
1,2,1,13,1,1
2,4,1,14,0,1
3,5,1,21,0,1
3,2,1,18,0,3
3,1,1,7,0,1
1,3,1,13,0,2
5,2,1,13,0,4
1,2,1,12,1,2
1,3,1,15,0,3
2,4,1,13,0,3
3,3,2,11,0,3
4,1,1,19,0,3
3,3,1,10,1,1
3,5,1,17,0,3
3,3,2,8,0,2
1,4,1,15,0,4
4,2,1,21,1,1
4,5,2,1,1,2
3,2,1,16,0,1
5,3,1,16,0,1
1,3,1,19,1,3
4,1,2,6,0,4
2,5,1,14,0,2
4,4,1,18,0,2
2,1,1,10,0,2
1,2,1,18,0,3
2,5,1,17,0,3
2,3,2,14,0,3
1,2,1,13,1,2
2,5,1,10,0,1
1,2,1,6,1,1
3,5,1,2,1,4
4,2,2,9,1,2
3,2,1,12,1,1
4,2,1,19,0,3
2,4,1,17,0,1
2,3,1,7,0,2
4,2,2,13,1,1
3,2,1,7,0,1
2,3,1,2,0,1
1,4,1,3,0,2
3,5,1,10,0,2
2,3,1,4,0,3
1,2,1,20,1,3
1,4,2,1,0,1
4,4,1,14,0,3
2,5,2,7,0,2
2,4,1,16,0,4
5,4,1,19,0,4
2,2,2,13,0,1
3,2,2,14,0,1
3,4,2,14,0,1
1,1,1,13,0,1
3,2,1,12,0,2
4,2,1,18,0,3
3,3,2,16,1,2
2,1,2,18,1,2
4,4,1,19,0,1
1,3,1,12,0,1
3,3,2,8,0,2
3,5,1,14,1,1
3,1,2,12,0,3
4,4,2,16,1,2
4,4,2,13,0,2
3,1,1,11,1,4
2,2,1,14,1,3
3,3,1,17,1,1
3,3,1,12,0,3
1,1,1,9,0,1
2,3,2,3,0,1
2,2,1,20,0,1
3,5,1,11,0,2
2,3,1,18,0,2
3,4,1,2,0,1
1,2,2,17,0,1
2,3,2,17,0,3
4,4,1,4,0,2
2,3,1,16,1,2
2,4,2,10,0,3
4,1,1,19,0,3
3,5,2,15,0,1
3,1,1,8,0,2
1,3,1,21,0,3
3,1,2,8,0,3
1,3,1,8,0,1
1,4,2,16,0,2
3,3,2,17,1,2
3,2,1,20,0,3
2,3,1,16,1,1
1,1,1,16,0,2
5,1,1,13,0,2
2,2,2,15,0,2
1,4,2,14,0,1
1,4,1,14,0,1
1,3,1,7,1,2
1,3,1,4,0,2
2,4,2,3,0,2
4,3,1,20,0,1
2,1,1,19,1,1
1,1,1,14,0,1
3,1,1,19,1,1
2,5,1,20,1,2
1,1,1,17,0,2
2,2,1,6,1,2
4,1,1,17,0,3
2,1,1,13,1,1
3,3,2,17,1,1
4,2,1,13,1,1
1,3,1,7,0,2
3,2,1,8,0,3
3,2,1,18,1,1
3,5,1,7,1,1
1,2,1,20,0,3
1,1,1,2,1,2
1,4,1,5,1,4
1,2,2,13,0,2
4,3,1,3,1,3
1,3,1,13,0,2
5,5,1,17,0,2
4,2,1,11,0,3
5,2,1,15,0,1
2,3,2,14,0,2
3,3,1,8,0,2
4,4,1,1,0,3
2,2,1,18,0,4
2,4,1,18,0,4
1,4,1,8,0,4
2,1,2,4,0,4
1,2,1,15,1,4
1,1,1,14,0,3
1,4,2,11,0,1
4,3,1,10,0,1
1,4,1,16,1,2
3,3,1,9,0,3
1,2,1,10,0,1
2,2,1,11,0,4
2,1,1,2,0,2
1,4,2,14,0,3
4,3,1,16,0,1
4,2,1,13,1,1
3,4,1,20,1,3
2,2,2,8,1,3
2,4,1,11,1,3
3,5,1,8,1,3
5,5,1,16,0,2
2,2,1,15,0,2
1,2,1,18,0,3
1,5,1,1,1,1
1,5,1,20,0,3
1,5,1,6,0,3
2,4,1,11,0,3
5,1,1,6,1,2
1,1,1,7,0,2
2,3,1,17,0,3
1,2,1,18,0,2
1,2,2,18,0,3
1,1,1,17,1,3
2,4,1,14,0,1
1,4,2,18,0,4
3,4,1,17,0,2
1,3,1,16,0,3
3,2,1,19,0,1
1,1,2,14,1,1
2,4,1,13,0,2
5,2,2,18,0,2
2,3,2,16,0,1
1,3,1,16,0,2
3,2,2,12,0,3
5,1,1,9,0,3
5,2,1,13,0,2
1,2,1,15,0,3
5,2,1,11,0,1
2,2,2,10,0,4
4,1,1,17,0,3
3,2,1,15,0,4
3,5,1,19,0,2
4,4,1,18,0,2
4,2,1,13,0,4
3,1,2,13,0,3
3,2,1,2,0,2
1,3,1,10,0,3
2,2,1,13,0,4
2,2,1,12,1,3
4,2,1,12,0,2
3,1,1,14,0,3
3,1,2,9,1,2
1,1,1,7,0,2
1,4,1,2,1,2
4,2,2,17,0,4
3,4,1,11,0,2
3,2,1,14,0,2
1,2,2,18,0,4
3,1,1,2,0,2
2,3,1,14,0,2
3,3,1,12,0,1
3,4,2,21,0,1
1,2,1,17,1,3
3,4,2,21,1,3
3,5,1,20,0,2
1,4,1,13,0,4
3,3,2,16,1,2
1,4,1,10,1,3
5,3,1,16,0,1
3,5,2,21,0,3
2,5,1,14,0,4
2,4,1,19,0,1
4,2,1,13,1,3
2,3,1,11,1,1
1,3,1,10,1,2
1,4,1,9,1,3
1,1,2,14,1,4
2,3,1,15,0,1
2,2,2,17,0,1
1,2,2,10,1,2
1,3,1,14,0,3
5,3,1,15,0,1
1,5,2,14,1,3
2,2,1,20,0,1
2,4,1,15,1,3
2,5,1,7,1,1
2,2,1,17,1,3
1,5,2,9,0,1
2,3,1,1,1,2
2,5,1,4,1,2
2,3,1,14,0,3
2,3,1,13,0,4
4,3,2,7,0,4
4,5,1,9,0,2
3,4,1,21,0,3
5,4,1,19,1,3
3,5,1,15,0,1
1,2,2,12,0,1
1,4,1,11,1,2
3,4,2,19,0,1
4,1,2,17,0,2
2,2,2,9,0,4
1,3,2,17,1,2
1,2,2,2,0,2
3,5,1,15,1,2
3,4,2,4,0,3
3,2,1,2,0,2
2,2,1,11,0,1
2,3,2,14,0,3
3,2,1,13,1,2
3,2,1,13,0,4
3,5,1,17,1,3
2,4,2,8,0,3
3,2,1,18,1,1
3,2,1,17,0,3
4,2,1,6,1,4
2,1,2,16,0,2
2,3,1,9,0,2
3,4,1,16,1,2
1,4,1,10,0,3
3,1,2,17,0,1
5,2,1,13,1,3
1,3,1,18,0,4
2,5,1,13,1,2
5,4,1,13,1,3
3,4,1,10,1,1
1,4,1,19,0,1
4,3,1,9,0,1
1,2,1,12,0,2
4,3,1,7,0,3
1,1,1,18,0,1
4,4,1,10,1,1
1,3,1,9,0,1
2,5,1,3,0,1
3,2,2,10,0,3
4,5,2,17,0,3
2,1,1,17,0,3
4,4,2,8,0,4
4,1,1,13,0,3
4,4,1,14,0,3
3,2,1,10,0,2
3,3,1,14,0,4
2,2,1,20,0,4
3,1,2,13,0,1
4,5,1,10,1,1
2,5,1,15,1,1
2,2,1,10,1,3
2,4,2,15,0,3
2,1,1,21,0,1
3,2,1,15,0,4
4,1,2,13,1,3
1,5,1,19,0,2
4,3,1,12,0,2
4,3,1,7,1,2
3,5,1,11,0,4
4,5,1,14,0,2
3,4,1,21,0,2
1,1,1,5,0,2
4,4,1,9,0,2
3,2,1,9,0,1
3,1,1,14,0,2
4,2,1,15,0,2
3,4,1,9,1,3
2,1,1,12,0,3
3,3,1,21,0,3
3,1,2,18,0,1
2,2,1,15,0,1
3,5,2,15,0,3
5,1,2,15,0,3
2,4,1,10,0,4
2,5,1,19,0,4
3,5,1,19,0,2
2,5,1,12,1,1
3,5,1,20,1,2
5,3,1,7,1,1
2,2,1,16,0,2
1,3,2,11,1,2
2,2,1,8,1,3
2,4,2,21,0,3
3,5,1,16,0,2
3,2,1,14,0,3
1,1,1,7,1,2
1,2,1,16,1,3
2,1,1,15,0,3
4,1,1,16,0,3
5,2,1,4,0,1
3,3,2,19,1,3
2,5,1,13,0,3
3,4,1,9,1,1
2,1,2,16,0,1
3,2,1,7,0,1
4,4,1,14,0,1
1,3,1,18,1,2
2,2,1,18,0,3
3,2,1,21,0,2
1,4,2,9,1,3
3,4,1,18,0,1
4,2,1,11,1,3
1,5,1,13,1,2
3,5,1,10,0,2
3,2,1,8,1,2
4,3,1,9,1,2
1,1,1,13,0,2
3,2,1,14,0,2
4,1,1,13,1,1
5,4,1,5,0,2
1,4,1,10,0,3
1,4,1,9,1,3
3,5,1,14,0,4
2,4,1,8,0,2
3,1,1,15,1,1
4,4,1,16,1,1
4,1,1,8,0,1
5,4,2,21,1,3
3,2,1,13,0,1
1,1,1,15,1,1
5,1,1,19,0,2
2,5,2,13,0,1
3,1,1,20,0,3
3,2,1,16,0,3
1,2,2,12,1,1
3,1,2,3,1,1
1,3,1,5,1,2
1,2,1,6,1,2
4,2,1,18,0,1
3,1,1,15,1,1
1,1,1,9,0,3
1,5,1,18,0,1
3,5,1,3,1,3
1,3,1,7,1,1
1,4,1,17,0,1
1,2,1,16,1,4
2,2,2,3,0,4
2,2,1,12,0,2
3,4,2,16,0,3
2,3,1,11,0,1
2,2,1,10,0,3
5,4,1,8,1,1
3,3,1,18,1,1
2,2,1,12,1,1
3,4,1,17,0,3
3,1,1,19,0,3
3,4,1,18,1,4
2,2,1,12,0,1
4,2,2,17,0,2
1,2,1,12,0,3
3,1,1,12,0,4
5,2,1,15,0,3
2,1,1,18,1,3
2,3,1,16,1,4
1,1,1,12,0,3
3,5,1,9,1,2
3,1,1,13,1,2
2,3,1,11,1,4
4,5,1,3,0,2
3,5,1,12,0,1
1,3,1,18,0,2
4,3,1,19,0,3
5,3,1,10,1,3
3,3,1,21,1,1
4,4,1,10,0,1
4,4,2,5,0,1
1,5,2,6,0,2
2,1,1,9,1,3
2,3,1,2,0,1
3,2,2,10,0,3
1,2,2,13,0,3
1,4,1,12,0,2
2,2,2,10,1,3
3,2,1,13,0,2
2,5,2,15,0,3
3,2,1,10,0,2
3,4,2,21,0,1
2,2,1,9,0,2
2,5,1,3,1,2
4,1,2,12,0,1
5,2,1,20,1,3
1,5,1,18,0,1
3,1,1,19,0,1
1,2,1,14,1,2
1,1,1,11,0,2
4,2,1,20,0,3
3,1,2,16,0,2
3,2,1,11,0,1
4,3,1,11,0,1
2,4,1,3,1,2
3,2,1,12,0,3
3,1,1,17,0,3
2,2,1,17,0,4
2,5,1,11,1,1
1,4,1,19,0,1
5,4,1,15,1,3
2,2,2,15,0,4
2,3,1,17,0,3
2,4,1,17,0,3
3,1,1,16,0,1
1,3,1,8,0,1
4,3,2,1,0,3
4,5,1,16,1,2
1,2,1,10,0,3
1,2,2,10,1,2
1,3,1,19,1,1
1,4,1,21,0,2
1,4,1,18,0,3
2,4,2,3,0,3
2,3,1,16,0,1
1,5,1,20,1,3
2,5,1,20,1,1
2,1,1,17,0,1
3,3,1,2,1,2
2,3,1,20,0,2
2,3,1,3,0,3
3,5,1,13,1,3
1,4,1,12,1,1
1,5,1,14,1,2
4,1,1,6,0,4
4,4,1,10,1,4
4,2,1,12,1,3
2,1,1,9,1,2
2,5,1,8,0,3
1,2,1,13,0,3
2,1,1,12,0,2
4,2,1,6,1,3
5,4,2,18,1,1
3,1,1,16,1,3
3,1,2,13,0,2
4,2,1,14,0,3
4,4,2,10,0,3
1,1,1,7,0,2
1,3,1,12,1,1
3,4,1,12,0,4
4,5,1,13,0,2
1,1,1,5,0,2
4,3,1,14,0,1
5,2,1,13,0,1
3,4,1,16,0,2
1,4,2,20,0,3
2,3,2,14,0,3
2,4,1,15,1,2
4,2,1,6,1,3
3,1,1,20,0,2
2,4,1,18,0,1
4,3,1,10,0,1
2,2,1,5,0,1
4,1,2,16,1,1
1,5,1,5,1,2
3,5,1,13,1,2
3,4,1,9,0,1
4,4,1,3,0,1
1,5,1,12,1,3
1,4,2,13,0,1
2,3,1,14,0,1
4,4,2,11,1,4
4,3,1,10,0,2
3,3,1,2,0,3
3,3,1,20,0,3
3,3,1,9,1,3
2,4,1,17,1,2
3,2,1,6,1,3
3,4,1,5,1,3
1,5,1,21,1,3
2,2,1,15,1,2
3,4,1,4,0,2
2,5,2,3,1,4
2,1,1,14,1,2
3,3,1,11,0,3
1,4,2,17,0,3
1,5,2,10,0,3
1,3,1,18,0,2
1,1,1,17,1,2
2,5,1,16,0,4
2,1,1,4,0,1
2,3,2,16,1,2
1,2,1,3,0,2
4,1,1,16,0,1
2,4,1,19,0,3
2,2,1,17,0,2
3,1,1,15,0,2
2,2,1,2,0,1
1,4,1,15,0,3
2,5,1,10,0,3
3,2,1,9,0,3
1,5,1,12,1,3
3,5,1,16,0,3
1,4,1,12,1,1
1,3,1,13,0,1
5,3,1,18,0,4
1,2,1,17,0,2
4,5,1,19,0,3
2,2,1,8,1,2
4,2,1,19,0,2
1,4,1,16,1,2
4,3,1,17,0,2
2,4,1,19,0,2
3,2,1,7,0,3
5,3,2,9,1,1
4,2,1,3,0,2
5,3,1,16,0,1
2,3,1,9,1,1
1,2,1,15,0,1
1,3,1,15,0,1
1,2,1,9,1,2
4,3,2,4,0,4
2,2,1,16,0,1
2,2,1,10,0,2
1,5,2,10,0,3
2,1,1,17,0,2
2,3,1,15,1,1
2,4,1,7,0,4
4,3,1,14,1,2
2,1,1,8,0,4
2,3,1,17,1,3
2,3,1,19,0,4
2,3,1,16,0,1
1,3,1,13,0,1
4,5,2,15,0,2
3,3,1,10,0,3
1,4,1,16,1,2
3,3,1,12,1,1
1,1,1,12,0,1
1,2,1,16,0,2
2,4,1,14,0,3
3,2,1,14,0,1
2,4,1,9,0,3
1,4,1,14,0,3
2,2,2,10,0,2
3,2,1,5,0,2
4,1,2,12,0,3
1,5,1,20,1,3
1,4,1,13,0,1
3,4,1,10,0,1
1,4,1,15,0,2
4,3,2,4,0,3
3,2,1,16,1,2
3,4,1,13,0,3
4,1,1,15,0,2
1,2,1,9,1,3
1,5,1,2,0,3
5,4,1,9,0,3
5,5,1,19,0,1
2,4,2,7,0,1
4,2,2,16,0,2
2,2,1,7,0,2
4,2,1,3,0,3
1,2,1,12,0,2
3,5,1,16,0,3
4,2,1,13,0,2
2,2,1,10,1,2
4,3,1,14,1,2
2,4,1,15,1,2
1,3,1,4,1,1
1,2,1,16,1,3
3,2,1,19,0,3
1,1,1,18,0,1
5,1,2,15,1,3
3,2,1,11,0,3
5,5,1,6,0,1
3,3,1,19,0,1
1,3,2,9,1,2
4,5,1,19,1,2
5,5,2,6,0,4
3,4,1,14,0,1
1,1,2,18,0,4
4,2,1,19,1,1
1,3,1,16,0,3
3,2,1,12,1,4
3,2,1,10,0,1
1,1,2,13,0,3
1,3,2,14,0,1
3,1,1,14,1,3
3,4,1,11,0,3
2,1,1,17,1,2
2,5,2,11,1,1
3,1,2,21,0,3
3,4,1,11,0,3
4,5,2,2,0,3
1,2,1,14,1,2
3,5,1,11,1,3
2,2,2,20,1,3
3,3,1,14,0,3
2,5,2,10,0,1
4,1,1,18,0,3
3,3,2,10,0,1
3,4,1,11,1,3
5,4,1,5,0,2
3,4,1,16,0,1
3,3,2,4,1,1
2,5,1,6,0,3
1,1,1,3,0,3
4,1,1,9,0,2
1,2,2,6,1,3
3,1,1,6,1,2
2,4,1,17,0,1
2,2,1,17,0,2
2,2,1,17,0,3
1,2,1,5,0,1
2,3,1,3,0,3
3,1,2,11,1,1
1,3,2,18,0,2
1,3,1,17,0,1
3,5,1,16,0,3
5,1,2,13,0,3
4,4,1,21,0,3
4,1,1,11,0,2
5,2,1,14,0,2
2,1,1,8,0,3
2,1,1,15,0,1
2,2,2,1,0,1
1,2,1,4,0,2
2,3,2,5,0,3
2,5,2,12,0,3
3,4,1,14,1,3
1,4,1,5,0,2
4,3,1,12,0,2
1,3,1,6,0,3
3,4,1,16,1,3
2,2,1,17,0,1
1,4,1,5,1,1
3,3,2,17,0,1
3,3,2,17,0,3
4,1,1,11,0,3
1,3,1,14,1,1
4,3,2,7,0,2
2,4,1,9,0,2
4,5,2,9,1,2
1,4,1,6,0,3
1,5,1,17,0,2
3,4,2,12,1,1
3,4,1,16,0,1
4,2,1,5,1,4
1,2,1,3,0,3
2,3,1,11,0,3
2,2,1,18,0,1
4,5,2,16,1,3
4,5,2,18,1,1
1,1,1,11,0,2
3,5,1,9,0,3
2,4,2,11,1,3
2,1,1,13,1,2
3,2,2,11,0,2
3,4,1,18,0,1
1,3,2,12,0,1
2,2,1,7,1,1
2,2,1,17,0,2
2,4,1,13,0,1
3,3,1,10,0,2
3,4,1,13,0,3
4,1,1,11,0,1
1,3,2,17,0,4
2,3,2,19,0,4
1,1,2,5,0,2
2,5,1,13,0,2
4,1,1,18,0,1
2,5,1,14,1,2
1,2,1,10,0,2
2,1,1,5,0,2
1,3,1,4,1,3
1,3,1,14,0,2
1,2,1,16,0,4
1,3,1,15,0,1
5,3,2,16,0,2
4,2,2,17,0,3
2,1,1,19,1,3
1,4,1,11,1,4
2,5,2,13,0,1
2,5,1,17,0,4
1,2,2,8,0,2
2,3,1,6,1,3
4,1,1,15,0,3
4,2,1,11,1,3
4,4,1,20,0,3
5,3,1,13,1,3
3,4,1,17,0,2
3,5,1,15,1,3
4,1,1,16,0,4
2,1,1,14,1,3
3,5,1,15,0,2
1,3,1,11,1,1
