batch_size: 500
dataset_size: 8500
epochs: 100
epsilon: 1.25
generate_time: 7.4136741161346436
num_of_runs: 0
test_start_time: 1620503348.7852345
timestamp: '2021-05-08T21:25:27'
tool: smartnoise_dpctgan
