dataset_size: 4000
epsilon: 0.5
generate_time: 647.4138233661652
num_of_runs: 0
query_count: 400
test_start_time: 1621070261.1989787
timestamp: '2021-05-15T16:19:48'
tool: smartnoise_mwem
