batch_size: 500
dataset_size: 1000
epochs: 300
epsilon: 0.25
generate_time: 3.7718095779418945
num_of_runs: 0
test_start_time: 1621062425.03643
timestamp: '2021-05-15T07:07:24'
tool: smartnoise_patectgan
