batch_size: 500
dataset_size: 9000
epochs: 500
epsilon: 3.0
generate_time: 23.856075286865234
num_of_runs: 0
test_start_time: 1620916056.9825292
timestamp: '2021-05-13T16:41:04'
tool: smartnoise_patectgan
