batch_size: 500
dataset_size: 4000
epochs: 300
epsilon: 1.25
generate_time: 4.557358026504517
num_of_runs: 0
test_start_time: 1622827337.508778
timestamp: '2021-06-04T17:22:28'
tool: smartnoise_patectgan
