batch_size: 500
dataset_size: 8500
epochs: 300
epsilon: 1.0
generate_time: 5.821017026901245
num_of_runs: 0
test_start_time: 1622825603.8002002
timestamp: '2021-06-04T16:53:39'
tool: smartnoise_patectgan
