batch_size: 500
dataset_size: 5000
epochs: 300
epsilon: 0.25
generate_time: 15.396926164627075
num_of_runs: 0
test_start_time: 1621062425.03643
timestamp: '2021-05-15T07:29:20'
tool: smartnoise_patectgan
