batch_size: 300
dataset_size: 4000
epochs: 300
epsilon: 2.25
generate_time: 37.72448658943176
num_of_runs: 0
test_start_time: 1621246701.1382108
timestamp: '2021-05-17T10:36:58'
tool: smartnoise_dpctgan
