batch_size: 300
dataset_size: 5000
epochs: 300
epsilon: 0.1
generate_time: 15.725483417510986
num_of_runs: 0
test_start_time: 1621062425.03643
timestamp: '2021-05-15T07:28:34'
tool: smartnoise_patectgan
