batch_size: 300
dataset_size: 6000
epochs: 100
epsilon: 1.25
generate_time: 8.27662181854248
num_of_runs: 0
test_start_time: 1620916056.9825292
timestamp: '2021-05-13T15:20:09'
tool: smartnoise_patectgan
