batch_size: 4
dataset_size: 7000
delta: 0
dp_l2_norm_clip: 0.1
dp_noise_multiplier: 0.1
epochs: 100
epsilon: 5681217
generate_time: 745.0811879634857
learning_rate: 0.005
num_of_runs: 6
predict_batch_size: 1
rnn_units: 32
test_start_time: 1622045621.039952
timestamp: '2021-05-27T15:57:54'
tool: gretel
