batch_size: 500
dataset_size: 3000
epochs: 300
epsilon: 0.75
generate_time: 8.108617782592773
num_of_runs: 0
test_start_time: 1622885730.6686754
timestamp: '2021-06-05T09:36:38'
tool: smartnoise_dpctgan
