batch_size: 500
dataset_size: 6000
epochs: 300
epsilon: 1.0
generate_time: 8.127007722854614
num_of_runs: 0
test_start_time: 1622824662.6393065
timestamp: '2021-06-04T16:37:54'
tool: smartnoise_patectgan
