batch_size: 500
dataset_size: 3000
epochs: 300
epsilon: 0.25
generate_time: 8.863526105880737
noise_multiplier: 0.001
num_of_runs: 0
sample_per_teacher: 1000
student_iters: 5
teacher_iters: 5
test_start_time: 1622884213.490938
timestamp: '2021-06-05T09:10:22'
tool: smartnoise_patectgan
