dataset_size: 4000
epsilon: 0.1
generate_time: 176.2355649471283
num_of_runs: 0
query_count: 400
test_start_time: 1621070261.1989787
timestamp: '2021-05-15T15:17:50'
tool: smartnoise_mwem
