batch_size: 300
dataset_size: 1000
epochs: 500
epsilon: 3.0
generate_time: 8.732674360275269
num_of_runs: 0
test_start_time: 1620925882.370055
timestamp: '2021-05-13T17:18:15'
tool: smartnoise_dpctgan
