batch_size: 300
dataset_size: 9358
epochs: 500
epsilon: 0.5
generate_time: 12.203246831893921
num_of_runs: 0
test_start_time: 1620925882.370055
timestamp: '2021-05-13T22:53:09'
tool: smartnoise_dpctgan
