batch_size: 500
dataset_size: 5499
epochs: 300
epsilon: 2.75
generate_time: 24.922602891921997
num_of_runs: 0
test_start_time: 1621062425.03643
timestamp: '2021-05-15T07:44:31'
tool: smartnoise_patectgan
