batch_size: 300
dataset_size: 8000
epochs: 500
epsilon: 1.25
generate_time: 9.171121835708618
num_of_runs: 0
test_start_time: 1620503348.7852345
timestamp: '2021-05-08T21:09:05'
tool: smartnoise_dpctgan
