dataset_size: 1000
epsilon: 1.0
generate_time: 142.57603406906128
num_of_runs: 0
query_count: 600
test_start_time: 1621070261.1989787
timestamp: '2021-05-15T09:53:52'
tool: smartnoise_mwem
