dataset_size: 6000
epsilon: 1.25
generate_time: 633.7387914657593
num_of_runs: 0
query_count: 200
test_start_time: 1621070261.1989787
timestamp: '2021-05-18T09:00:40'
tool: smartnoise_mwem
