batch_size: 300
dataset_size: 4000
epochs: 300
epsilon: 3.0
generate_time: 55.9906849861145
num_of_runs: 0
test_start_time: 1621246701.1382108
timestamp: '2021-05-17T10:40:29'
tool: smartnoise_dpctgan
