batch_size: 500
dataset_size: 5000
epochs: 300
epsilon: 1.0
generate_time: 15.725483417510986
noise_multiplier: 0.001
num_of_runs: 0
sample_per_teacher: 1000
student_iters: 5
teacher_iters: 5
test_start_time: 1622887949.1784356
timestamp: '2021-06-05T10:14:21'
tool: smartnoise_patectgan
