batch_size: 300
dataset_size: 9000
epochs: 500
epsilon: 2.25
generate_time: 22.432538986206055
num_of_runs: 0
test_start_time: 1620916056.9825292
timestamp: '2021-05-13T16:32:29'
tool: smartnoise_patectgan
