dataset_size: 5000
epsilon: 2.75
generate_time: 722.4479768276215
num_of_runs: 0
query_count: 400
test_start_time: 1621070261.1989787
timestamp: '2021-05-18T05:03:14'
tool: smartnoise_mwem
