batch_size: 300
dataset_size: 2000
epochs: 300
epsilon: 0.5
generate_time: 6.348467588424683
num_of_runs: 0
test_start_time: 1621246701.1382108
timestamp: '2021-05-17T10:22:20'
tool: smartnoise_dpctgan
