batch_size: 500
dataset_size: 3000
epochs: 300
epsilon: 1.0
generate_time: 8.108617782592773
num_of_runs: 0
test_start_time: 1622887536.0179732
timestamp: '2021-06-05T10:08:22'
tool: smartnoise_dpctgan
