batch_size: 500
dataset_size: 4000
epochs: 300
epsilon: 0.1
generate_time: 61.34331130981445
noise_multiplier: 0.001
num_of_runs: 0
sample_per_teacher: 1000
student_iters: 5
teacher_iters: 5
test_start_time: 1622883681.866624
timestamp: '2021-06-05T09:02:23'
tool: smartnoise_patectgan
