batch_size: 500
dataset_size: 5000
epochs: 300
epsilon: 2.0
generate_time: 18.126890897750854
num_of_runs: 0
test_start_time: 1621062425.03643
timestamp: '2021-05-15T07:33:01'
tool: smartnoise_patectgan
