batch_size: 500
dataset_size: 3000
epochs: 300
epsilon: 1.75
generate_time: 5.603941917419434
num_of_runs: 0
test_start_time: 1620770845.2818708
timestamp: '2021-05-11T22:21:47'
tool: smartnoise_patectgan
