dataset_size: 3000
epsilon: 2.0
generate_time: 164.45483136177063
num_of_runs: 0
query_count: 200
test_start_time: 1621070261.1989787
timestamp: '2021-05-15T13:39:51'
tool: smartnoise_mwem
