batch_size: 300
dataset_size: 7000
epochs: 100
epsilon: 3.0
generate_time: 29.53061008453369
num_of_runs: 0
test_start_time: 1620916056.9825292
timestamp: '2021-05-13T15:45:31'
tool: smartnoise_patectgan
