batch_size: 500
dataset_size: 4000
epochs: 300
epsilon: 0.1
generate_time: 2.31050443649292
num_of_runs: 0
test_start_time: 1620503348.7852345
timestamp: '2021-05-08T20:14:23'
tool: smartnoise_dpctgan
