batch_size: 500
dataset_size: 5000
epochs: 300
epsilon: 0.5
generate_time: 7.720764398574829
num_of_runs: 0
test_start_time: 1622818933.3415403
timestamp: '2021-06-04T15:02:19'
tool: smartnoise_patectgan
