dataset_size: 5000
epsilon: 2.25
generate_time: 730.0922520160675
num_of_runs: 0
query_count: 200
test_start_time: 1621070261.1989787
timestamp: '2021-05-18T03:42:55'
tool: smartnoise_mwem
