batch_size: 500
dataset_size: 2000
epochs: 100
epsilon: 2.25
generate_time: 5.110862731933594
num_of_runs: 0
test_start_time: 1620925882.370055
timestamp: '2021-05-13T17:22:50'
tool: smartnoise_dpctgan
