dataset_size: 2000
epsilon: 0.1
generate_time: 156.51026487350464
num_of_runs: 1
query_count: 400
test_start_time: 1622807805.880103
timestamp: '2021-06-04T12:01:58'
tool: smartnoise_mwem
