batch_size: 500
dataset_size: 6000
epochs: 100
epsilon: 0.25
generate_time: 3.2985377311706543
num_of_runs: 0
test_start_time: 1620503348.7852345
timestamp: '2021-05-08T20:37:41'
tool: smartnoise_dpctgan
