batch_size: 500
dataset_size: 8000
epochs: 300
epsilon: 2.75
generate_time: 18.241759777069092
num_of_runs: 0
test_start_time: 1620770845.2818708
timestamp: '2021-05-11T23:17:09'
tool: smartnoise_patectgan
