batch_size: 500
dataset_size: 6000
epochs: 300
epsilon: 0.25
generate_time: 28.753405570983887
num_of_runs: 0
test_start_time: 1622816869.181313
timestamp: '2021-06-04T14:28:00'
tool: smartnoise_dpctgan
