batch_size: 300
dataset_size: 8000
epochs: 500
epsilon: 1.75
generate_time: 14.690873861312866
num_of_runs: 0
test_start_time: 1620503348.7852345
timestamp: '2021-05-08T21:11:15'
tool: smartnoise_dpctgan
