batch_size: 500
dataset_size: 4000
epochs: 300
epsilon: 1.25
generate_time: 8.757796287536621
num_of_runs: 0
test_start_time: 1622827535.4387746
timestamp: '2021-06-04T17:26:18'
tool: smartnoise_dpctgan
