dataset_size: 3000
epsilon: 2.75
generate_time: 307.32639265060425
num_of_runs: 0
query_count: 600
test_start_time: 1621070261.1989787
timestamp: '2021-05-15T15:03:41'
tool: smartnoise_mwem
