batch_size: 300
dataset_size: 8500
epochs: 500
epsilon: 1.0
generate_time: 27.07070541381836
num_of_runs: 0
test_start_time: 1620925882.370055
timestamp: '2021-05-13T20:44:32'
tool: smartnoise_dpctgan
