batch_size: 300
dataset_size: 4000
epochs: 300
epsilon: 2.5
generate_time: 16.767167806625366
num_of_runs: 0
test_start_time: 1620916056.9825292
timestamp: '2021-05-13T15:00:14'
tool: smartnoise_patectgan
