dataset_size: 8500
epsilon: 1.0
generate_time: 231.261385679245
num_of_runs: 0
query_count: 400
test_start_time: 1622825623.2600617
timestamp: '2021-06-04T16:57:34'
tool: smartnoise_mwem
