batch_size: 300
dataset_size: 9358
epochs: 300
epsilon: 1.5
generate_time: 62.155983686447144
num_of_runs: 0
test_start_time: 1620925882.370055
timestamp: '2021-05-13T23:03:01'
tool: smartnoise_dpctgan
