dataset_size: 5000
epsilon: 2.75
generate_time: 645.3237075805664
num_of_runs: 0
query_count: 200
test_start_time: 1621070261.1989787
timestamp: '2021-05-18T04:51:11'
tool: smartnoise_mwem
