batch_size: 300
dataset_size: 8000
epochs: 100
epsilon: 3.0
generate_time: 32.27819466590881
num_of_runs: 0
test_start_time: 1620916056.9825292
timestamp: '2021-05-13T16:02:32'
tool: smartnoise_patectgan
