batch_size: 500
dataset_size: 1000
epochs: 300
epsilon: 1.75
generate_time: 85.6033947467804
num_of_runs: 0
test_start_time: 1622892390.8279068
timestamp: '2021-06-05T11:27:56'
tool: smartnoise_dpctgan
