batch_size: 500
dataset_size: 3000
epochs: 100
epsilon: 0.5
generate_time: 2.1464765071868896
num_of_runs: 0
test_start_time: 1620503348.7852345
timestamp: '2021-05-08T20:05:12'
tool: smartnoise_dpctgan
