batch_size: 900
dataset_size: 4000
epochs: 300
epsilon: 0.75
generate_time: 2.8216640949249268
num_of_runs: 0
test_start_time: 1620770845.2818708
timestamp: '2021-05-11T22:27:41'
tool: smartnoise_patectgan
