dataset_size: 2000
epsilon: 0.1
generate_time: 154.28783512115479
num_of_runs: 0
query_count: 600
test_start_time: 1621070261.1989787
timestamp: '2021-05-15T10:58:49'
tool: smartnoise_mwem
