batch_size: 100
dataset_size: 8500
epochs: 300
epsilon: 0.75
generate_time: 10.40512204170227
num_of_runs: 0
test_start_time: 1620770845.2818708
timestamp: '2021-05-11T23:20:54'
tool: smartnoise_patectgan
