batch_size: 100
dataset_size: 6000
epochs: 300
epsilon: 1.5
generate_time: 22.18309760093689
num_of_runs: 0
test_start_time: 1620770845.2818708
timestamp: '2021-05-11T22:47:09'
tool: smartnoise_patectgan
