batch_size: 500
dataset_size: 1000
epochs: 300
epsilon: 0.1
generate_time: 1.7769699096679688
num_of_runs: 0
test_start_time: 1622806970.9592345
timestamp: '2021-06-04T11:42:52'
tool: smartnoise_patectgan
