batch_size: 500
dataset_size: 7000
epochs: 300
epsilon: 0.75
generate_time: 4.828534364700317
num_of_runs: 0
test_start_time: 1622822047.1128736
timestamp: '2021-06-04T15:54:17'
tool: smartnoise_patectgan
