q1,q2,q3,ppincimp,insured,ppeducat
1,29,1,15,0,3
2,6,5,5,1,2
3,10,14,9,1,1
3,4,23,13,0,4
4,13,7,18,0,4
2,25,23,20,1,4
3,2,29,1,1,4
2,19,23,17,0,4
1,22,11,19,1,4
2,3,17,6,0,3
2,23,16,16,0,3
2,23,4,20,0,2
4,9,21,4,0,4
3,6,2,16,1,3
5,4,19,12,1,1
5,3,10,3,1,1
3,5,15,11,1,3
3,6,7,21,1,1
4,26,18,6,0,3
1,13,12,20,0,2
5,7,22,11,0,4
4,30,20,18,1,3
4,7,8,12,0,1
5,20,14,4,1,3
5,0,13,20,1,4
2,29,4,1,1,1
2,16,29,10,0,4
3,16,25,20,1,4
5,16,10,10,1,4
1,2,5,12,0,1
3,15,1,5,0,1
3,19,0,3,0,3
3,9,25,6,0,3
5,22,16,3,0,1
5,1,18,21,1,2
3,14,27,12,0,2
5,11,12,16,1,2
4,24,9,11,0,3
1,8,20,9,0,4
4,20,7,21,1,4
1,14,20,9,1,2
4,9,1,21,1,2
4,23,3,7,1,4
4,23,10,15,0,2
5,22,18,3,1,1
4,13,24,13,0,2
4,3,30,11,1,1
4,22,27,16,1,2
1,1,26,14,1,4
5,23,25,16,0,3
5,23,26,4,0,2
1,20,19,10,1,2
1,5,10,3,1,2
1,25,30,16,1,4
2,29,15,21,0,1
1,15,20,4,0,1
4,22,10,20,0,4
3,27,15,6,0,4
5,2,21,14,1,1
2,6,22,4,0,1
3,13,21,17,0,1
2,15,5,18,1,1
1,21,22,5,0,4
5,18,18,9,0,4
5,11,18,11,0,4
3,12,5,9,1,2
5,5,2,10,0,3
1,22,1,20,0,2
2,21,24,19,1,2
2,28,1,19,0,2
4,18,11,15,0,4
5,26,26,2,1,3
1,22,8,21,0,4
1,25,27,12,0,4
1,23,2,5,0,1
3,2,13,21,1,2
5,2,5,12,0,4
5,18,8,2,1,2
1,12,28,13,0,3
5,16,12,9,1,3
5,2,26,9,0,4
5,5,4,9,0,4
1,10,26,9,0,1
5,19,15,20,0,2
1,27,3,6,0,3
2,23,7,5,0,3
4,12,26,2,1,3
5,7,9,15,0,4
2,3,18,19,1,4
4,29,0,10,0,1
3,28,6,3,0,1
2,12,7,16,1,4
3,23,22,10,1,1
4,11,25,1,1,3
3,14,11,10,1,1
4,29,27,15,1,1
5,14,30,6,1,4
1,23,26,14,1,4
4,11,30,8,0,3
4,26,8,21,1,4
1,30,16,8,1,2
5,26,24,13,1,3
4,0,11,8,1,3
2,11,0,2,1,3
3,8,3,17,1,1
1,19,13,7,1,3
3,16,21,1,1,1
4,26,12,4,1,3
4,28,29,18,1,4
5,14,6,6,1,4
1,18,1,2,0,3
3,2,13,13,1,4
5,5,27,5,1,3
3,2,1,7,0,3
5,6,16,18,0,4
5,10,9,20,0,1
4,3,17,18,1,2
1,30,18,18,1,2
4,6,9,2,0,4
5,28,30,7,0,2
4,1,19,8,0,2
5,1,19,10,0,1
4,21,16,13,1,4
1,10,25,1,1,2
5,26,9,1,1,3
5,6,20,14,0,3
4,30,28,13,0,4
4,30,7,15,0,3
1,1,10,7,1,2
1,29,3,6,0,3
2,5,17,7,0,3
2,20,21,14,1,2
4,30,22,10,1,3
1,21,19,1,1,4
2,25,1,18,0,2
3,18,20,5,0,2
1,1,7,7,0,1
1,12,1,1,0,1
5,8,15,17,1,1
4,8,11,18,1,3
2,30,23,6,1,1
2,24,13,9,1,4
5,0,15,7,1,2
1,0,28,18,0,1
4,30,1,10,1,3
3,5,21,1,0,2
2,19,20,3,1,2
5,26,8,2,1,4
1,9,17,11,1,4
5,29,23,12,0,3
1,25,0,9,0,4
3,5,8,10,1,3
2,9,5,6,1,1
4,29,16,7,0,3
3,7,22,1,1,1
1,11,24,20,0,3
4,2,26,10,0,3
2,24,26,13,0,4
5,6,5,8,1,1
4,19,23,4,1,4
2,17,11,17,1,4
4,6,18,20,0,1
5,3,12,14,1,2
4,18,7,18,0,1
2,30,9,17,0,4
2,18,23,13,1,3
1,15,4,6,1,2
2,27,4,17,0,1
4,3,25,18,0,4
2,27,25,1,1,3
1,5,7,11,1,4
4,10,15,7,0,4
1,17,17,11,1,4
1,8,23,20,0,1
5,17,30,20,1,3
4,14,24,16,1,4
3,20,28,15,0,4
2,18,27,17,0,1
5,9,0,8,0,1
3,10,3,10,1,2
4,29,15,15,0,4
4,14,4,8,0,1
1,18,18,4,0,2
4,24,6,17,1,4
2,14,23,8,1,2
2,2,22,7,1,1
1,3,2,2,0,4
5,6,3,11,1,4
4,23,11,8,1,4
4,22,7,6,0,4
2,2,4,7,0,1
3,10,23,10,0,2
4,16,27,3,0,4
4,29,3,5,1,2
5,29,30,4,1,1
2,19,13,8,0,4
3,20,8,14,1,3
5,27,24,13,0,2
3,13,18,7,0,1
3,29,29,1,1,2
4,2,3,14,1,1
5,22,29,3,1,1
3,24,24,20,0,1
5,6,6,21,1,4
2,12,5,12,1,4
4,24,6,6,0,1
3,23,21,18,0,3
5,10,5,9,0,1
1,25,5,4,0,1
3,22,2,16,1,2
2,24,21,10,0,3
5,30,17,9,1,1
3,19,28,11,1,4
5,25,22,10,0,2
1,6,16,12,1,1
5,16,8,5,1,1
3,17,21,19,0,4
1,29,24,20,0,1
5,25,17,14,1,3
4,13,20,5,0,2
5,20,14,19,1,1
5,0,7,8,0,4
3,26,9,1,0,1
5,11,1,3,0,2
2,25,15,5,1,4
1,7,12,21,1,2
3,20,14,20,0,3
1,29,0,11,0,2
3,27,5,11,0,3
1,1,12,7,0,1
1,12,19,16,1,2
2,17,27,13,0,2
2,6,1,4,0,4
5,4,4,19,1,2
4,1,9,2,1,4
2,0,6,13,0,2
3,17,10,3,0,1
1,28,12,1,0,4
1,15,19,20,0,3
2,15,30,20,0,2
2,25,25,14,0,3
2,6,4,17,0,3
3,15,14,7,1,3
3,5,4,9,0,1
3,2,13,6,1,4
5,11,10,19,0,2
2,30,20,13,0,1
3,4,11,12,1,1
5,9,27,11,0,3
3,11,12,20,1,1
2,5,21,10,0,1
3,26,23,14,1,1
5,29,10,15,1,4
3,11,2,1,0,1
3,12,7,16,0,3
1,0,6,16,1,4
4,23,14,18,0,1
2,4,23,19,1,1
3,22,18,15,1,3
3,7,24,12,1,2
4,13,9,21,0,4
5,11,2,3,1,4
2,6,17,7,0,1
3,8,22,21,0,2
5,17,6,18,1,2
5,3,4,7,0,2
1,27,14,1,0,4
1,13,26,3,1,4
2,19,20,21,0,4
1,7,11,8,0,1
4,22,6,14,0,1
5,4,27,6,0,1
1,16,0,12,0,2
1,27,28,16,0,4
1,4,22,16,1,4
3,14,2,7,1,3
2,10,28,21,1,3
2,16,24,10,1,2
2,16,29,10,0,2
5,16,26,7,0,3
2,0,23,20,0,2
4,9,16,21,0,2
4,16,14,6,1,3
5,1,10,21,1,2
4,18,18,10,1,4
1,28,11,9,1,1
2,28,23,15,0,3
1,3,13,13,0,3
2,15,23,6,1,3
2,30,10,21,0,3
4,18,29,5,1,4
3,30,19,14,1,3
3,25,6,13,0,3
2,18,16,20,0,1
3,29,3,15,1,2
4,30,17,8,0,1
3,25,9,12,1,4
5,11,24,11,0,3
5,28,26,10,0,3
5,30,17,3,1,2
5,16,30,3,1,1
4,23,21,10,0,4
2,24,24,13,0,2
4,20,13,20,1,2
2,17,24,2,0,1
5,6,4,15,0,4
2,2,1,17,0,1
1,27,8,10,0,4
4,11,4,14,1,1
1,14,28,17,0,2
3,25,8,12,1,2
3,27,25,8,1,1
4,8,23,2,0,1
2,16,28,7,1,3
1,3,18,18,0,2
4,5,4,12,1,3
5,0,23,8,1,4
5,1,16,20,0,4
5,5,4,21,1,3
5,6,13,18,0,1
3,25,13,11,0,3
5,13,2,17,0,4
1,22,14,21,0,2
1,4,13,21,0,4
4,11,17,7,1,4
5,29,27,18,0,1
4,18,19,7,0,4
2,10,15,7,0,4
4,12,4,9,1,4
5,1,1,20,0,4
1,5,12,20,1,3
1,18,28,10,0,1
5,12,11,3,0,2
1,0,6,6,1,3
5,23,23,3,0,2
4,8,7,20,0,1
4,19,7,13,1,3
3,25,28,5,0,1
4,21,6,17,0,3
3,13,27,15,1,3
4,17,21,6,1,4
2,28,1,16,1,3
2,8,14,14,0,1
2,9,30,6,1,1
5,23,27,7,1,2
5,24,0,14,0,2
4,6,24,20,0,1
2,3,24,15,1,1
3,18,2,13,1,4
2,21,11,14,0,1
1,11,30,12,1,1
4,26,11,18,0,1
1,3,18,15,0,1
5,15,21,21,0,2
5,5,0,15,0,3
2,14,26,13,1,2
4,14,13,17,0,2
2,22,30,2,1,4
1,6,18,3,0,1
1,25,10,10,0,2
2,27,5,4,0,3
5,21,13,3,1,3
3,1,0,17,0,4
1,25,2,2,1,1
4,12,2,4,0,3
1,15,16,12,0,1
5,23,4,10,1,4
3,21,13,13,1,2
5,6,10,18,1,3
1,9,3,11,0,4
3,14,2,20,0,1
5,28,2,19,0,4
5,28,26,16,0,4
3,0,5,12,1,4
3,20,29,17,0,1
3,16,13,12,1,1
5,1,14,8,0,4
5,11,14,1,1,1
3,21,14,14,1,3
3,3,28,7,0,1
4,23,10,18,0,1
1,13,29,18,1,1
2,27,14,21,0,1
1,26,25,5,1,2
4,15,9,6,1,1
2,20,15,12,0,4
2,2,17,10,1,4
5,15,26,3,1,2
3,1,9,8,1,3
3,3,4,15,1,2
1,10,14,21,1,3
4,8,20,13,0,3
4,7,28,16,0,3
4,30,6,2,0,1
3,6,9,7,0,3
2,4,10,17,1,4
4,13,17,1,0,2
4,6,29,4,0,4
1,15,10,10,0,2
3,6,18,21,1,3
4,24,10,3,1,4
2,17,11,19,0,3
3,17,1,11,0,4
3,19,24,17,0,4
5,10,27,14,0,3
4,27,14,10,1,1
2,1,12,5,0,4
4,30,3,16,0,4
5,28,17,5,0,2
4,6,21,4,0,3
3,24,17,18,1,1
2,20,11,11,1,4
3,19,16,4,1,1
1,22,14,14,0,4
2,22,8,3,1,2
3,24,11,11,0,2
5,9,7,15,0,4
3,5,9,3,0,4
3,23,14,16,1,1
3,2,1,2,1,4
3,24,23,18,1,1
4,23,29,12,1,2
4,14,24,15,0,2
2,17,15,5,0,3
1,9,11,13,1,4
4,4,26,10,1,2
2,19,8,18,1,4
5,9,23,3,0,3
5,10,24,20,1,1
2,18,16,6,0,1
3,18,22,20,1,4
5,18,17,6,0,1
5,29,7,12,0,1
4,11,12,2,1,2
4,20,16,16,0,4
5,8,9,5,1,2
2,28,19,8,1,4
4,11,17,21,0,4
5,29,22,7,1,1
1,18,26,13,0,2
1,20,7,21,1,3
5,2,25,17,1,1
5,3,1,12,0,1
3,27,14,8,1,4
1,21,10,1,1,4
1,29,21,17,1,4
1,17,29,7,0,4
2,16,8,9,0,2
4,25,26,12,0,1
1,8,1,13,1,2
4,13,13,4,1,3
2,12,29,19,0,3
5,16,20,7,1,1
4,18,26,3,1,3
1,24,24,2,0,1
5,4,21,3,1,3
5,16,27,16,1,1
5,16,6,5,1,4
3,14,14,9,0,1
2,7,27,21,1,4
1,9,8,19,0,3
4,12,15,18,1,1
3,23,29,21,1,3
5,0,21,6,0,3
3,2,26,4,0,4
5,15,17,21,0,2
4,27,6,10,1,4
2,12,16,15,1,4
3,27,6,18,0,2
3,9,6,8,1,4
1,30,14,14,1,2
4,14,4,19,1,4
2,20,8,16,0,2
5,25,11,8,1,1
5,15,5,6,0,1
4,20,12,17,0,4
5,13,23,7,0,4
1,7,26,3,0,3
4,21,6,11,0,3
2,0,9,1,1,2
5,15,18,17,1,2
2,29,11,3,1,4
4,19,21,12,0,3
2,26,21,9,1,4
2,0,11,5,0,3
1,19,1,4,1,2
4,28,8,8,1,2
2,17,25,9,1,2
4,4,4,10,0,3
5,11,28,7,1,3
3,13,12,6,0,4
4,3,21,9,0,3
1,16,1,18,1,1
2,21,0,14,1,3
2,20,0,10,1,4
5,6,0,5,0,2
4,21,16,14,1,4
2,19,23,16,1,2
3,26,17,2,0,1
1,2,20,5,0,1
1,22,5,8,0,1
2,6,9,16,0,4
5,6,2,14,0,4
3,0,0,9,0,3
2,5,18,10,1,2
5,8,11,15,1,1
4,29,28,11,1,3
3,17,23,3,0,2
4,26,30,20,0,1
3,26,17,21,1,3
4,8,23,7,0,2
3,10,13,13,1,3
3,20,22,20,1,4
2,17,19,7,0,4
1,20,25,2,0,4
2,8,18,8,0,2
4,10,10,11,1,4
1,19,3,3,1,1
5,16,14,14,0,1
3,4,18,20,1,2
3,26,0,3,1,1
1,4,23,5,1,3
4,9,30,14,1,2
5,12,8,7,1,2
3,30,23,21,0,4
4,11,19,18,0,2
4,1,1,14,0,3
1,16,13,1,1,3
4,16,12,20,1,3
3,26,0,20,0,3
5,9,2,14,0,4
1,9,2,20,0,1
3,7,5,9,1,4
1,4,12,10,1,3
4,2,10,15,0,2
1,4,25,2,0,1
4,30,8,16,1,2
4,7,21,10,0,3
5,5,6,18,1,1
3,13,11,5,0,3
5,9,30,1,1,3
2,6,2,15,1,4
5,11,12,17,1,1
4,8,5,3,0,4
3,4,7,3,1,1
5,26,10,20,0,4
1,6,1,11,0,4
2,13,5,1,1,4
2,9,23,15,1,1
2,6,12,9,0,4
2,21,19,13,0,4
5,13,8,2,0,4
5,13,25,4,1,4
3,29,5,10,0,3
4,28,20,18,1,1
2,23,15,14,0,3
2,9,27,12,0,2
5,3,5,12,1,2
1,22,17,4,1,3
1,3,7,19,0,3
2,22,6,18,0,2
5,23,13,16,1,2
1,30,27,21,1,2
2,26,25,16,0,1
2,16,8,10,1,1
1,21,21,7,1,2
3,7,25,12,0,4
1,3,13,21,0,4
1,26,8,7,0,2
4,23,14,2,1,1
2,7,17,7,1,2
4,0,28,5,0,4
4,3,20,12,0,4
2,13,26,21,0,1
4,2,18,12,1,4
1,29,29,5,0,4
1,24,16,5,1,1
1,21,26,21,1,4
1,3,25,12,0,1
1,3,28,4,1,3
4,24,20,4,0,3
4,0,30,16,1,1
5,10,23,12,1,1
2,19,27,20,0,2
3,26,17,3,0,3
4,6,19,17,1,1
5,23,19,17,1,3
2,17,26,6,0,3
2,21,15,2,1,1
3,21,9,2,0,4
4,18,23,20,1,2
1,2,0,7,0,1
4,19,12,18,1,4
4,7,7,3,0,2
2,3,22,16,1,3
3,29,6,17,0,4
3,26,5,6,1,1
3,5,1,21,1,3
3,25,22,6,1,2
2,13,3,7,0,2
1,30,3,9,1,1
2,15,30,14,0,1
5,9,23,10,0,2
3,21,30,19,0,1
3,0,23,3,0,2
2,16,6,5,0,2
4,5,16,18,1,3
2,13,23,4,0,3
3,13,14,1,1,3
4,22,25,3,0,4
3,19,23,4,0,4
3,0,0,12,0,2
2,9,26,19,0,4
5,19,15,4,1,4
5,13,7,5,1,2
1,24,27,11,1,4
3,24,6,1,0,1
4,12,5,4,0,4
2,1,24,16,1,3
2,6,2,5,1,4
5,14,25,8,0,3
3,7,18,21,1,2
4,17,16,13,1,3
2,23,29,1,0,1
2,17,9,18,1,1
5,17,18,11,0,3
4,23,22,15,1,4
5,10,12,14,1,3
4,18,6,10,1,4
5,21,18,1,1,4
5,28,27,3,1,2
4,5,19,18,0,1
3,14,24,2,0,1
2,5,12,14,0,3
1,17,0,7,0,2
4,14,12,7,0,4
5,4,14,19,0,1
1,15,3,16,0,2
4,23,20,8,0,4
2,7,1,9,1,3
2,18,1,13,0,2
4,5,19,15,0,2
1,1,12,15,1,2
1,25,20,20,0,4
2,14,13,1,0,3
2,4,21,21,0,3
3,16,6,19,0,4
5,8,1,10,1,3
5,23,1,13,1,4
5,2,30,10,0,4
2,17,12,11,1,3
2,9,7,7,0,1
5,26,15,19,1,3
3,18,0,21,1,3
1,15,23,4,0,1
1,27,23,16,1,3
5,18,23,9,1,4
4,8,12,5,0,4
3,29,20,16,0,2
1,6,18,7,0,3
3,21,26,14,0,4
5,13,10,17,1,1
2,17,4,20,0,1
3,21,6,11,0,3
1,25,30,13,0,3
3,11,30,14,1,2
3,2,11,1,0,4
1,10,12,20,0,4
2,13,26,7,1,4
2,9,4,10,1,1
5,15,16,17,1,1
1,0,21,6,1,1
1,18,6,11,0,4
2,6,1,5,1,4
4,25,8,6,0,2
3,30,14,3,1,4
3,25,3,10,0,1
3,11,19,12,0,2
2,4,20,17,1,3
2,20,20,18,1,4
3,22,4,9,0,1
2,2,25,17,0,1
3,13,20,11,0,1
4,26,23,1,0,1
4,11,3,21,1,1
2,22,19,16,0,4
4,1,9,11,0,3
5,25,5,2,0,3
2,10,1,7,0,1
3,30,30,11,1,3
3,15,3,12,1,1
3,23,7,1,1,3
4,15,13,6,0,3
1,12,4,20,0,2
5,18,11,12,1,1
3,4,11,1,1,3
1,30,0,2,1,1
5,19,20,20,1,2
3,19,27,14,1,4
1,25,16,14,0,2
3,17,19,15,1,1
2,24,21,20,1,2
1,17,14,10,1,2
1,2,8,19,0,2
4,0,26,16,1,4
5,18,21,1,1,3
5,7,10,8,1,4
3,9,19,12,0,4
1,29,18,11,0,4
4,7,2,18,1,3
4,11,1,12,0,2
3,22,5,18,0,1
4,11,14,5,0,1
5,7,7,6,1,4
2,0,9,6,0,3
1,8,27,5,1,4
4,24,0,10,0,2
2,24,4,8,1,3
4,23,3,12,1,1
2,5,5,3,0,4
1,9,21,16,0,3
4,13,11,4,1,3
4,29,19,13,0,2
3,12,23,2,1,3
1,21,26,12,1,1
5,23,3,16,0,1
2,1,9,5,0,4
3,19,7,4,1,4
2,1,2,19,1,3
5,5,29,8,0,1
1,6,0,1,0,1
4,17,10,4,1,3
3,21,0,11,1,1
3,4,17,4,1,3
3,16,8,13,1,3
4,3,7,18,0,3
1,2,1,9,1,4
1,18,10,14,1,3
4,30,3,14,1,1
4,3,9,6,0,2
2,20,11,12,1,1
4,13,14,1,0,2
1,13,0,9,0,1
3,7,7,13,0,4
1,1,24,1,1,1
2,30,29,5,0,2
4,6,28,20,0,4
1,17,12,12,1,2
4,9,6,11,0,3
4,21,9,13,1,2
5,14,14,9,0,2
1,8,21,9,0,2
5,27,1,5,0,1
2,12,10,6,0,2
5,10,18,8,0,4
2,3,8,12,0,2
3,13,10,5,0,3
3,14,23,17,1,1
3,21,20,3,1,3
4,22,6,3,0,1
5,1,29,5,1,4
3,6,27,15,1,1
5,29,22,19,0,3
5,18,8,10,1,3
2,21,9,3,0,3
5,15,15,15,1,2
2,7,2,21,0,3
4,9,5,10,1,1
5,20,0,14,0,2
3,15,23,19,0,2
3,9,27,20,0,3
1,30,1,19,0,1
2,17,2,19,0,1
5,26,4,3,0,4
2,3,23,1,1,2
1,24,13,19,0,1
5,6,1,21,0,1
2,16,18,10,0,3
1,14,12,13,1,2
5,26,18,5,1,2
3,14,22,3,0,3
4,17,5,2,1,3
4,16,16,2,1,4
2,10,26,5,1,2
4,27,6,13,0,3
2,22,27,17,1,3
2,24,0,8,0,3
5,13,27,11,1,4
3,17,12,13,1,1
4,22,4,8,1,3
3,26,1,5,1,2
1,28,9,9,0,4
5,4,20,17,1,2
5,1,3,10,1,3
1,29,21,7,1,4
3,5,23,13,1,3
5,6,17,2,1,2
2,1,21,8,1,4
2,12,19,9,1,1
3,23,29,10,0,3
2,19,3,13,1,2
1,12,1,9,0,3
2,6,10,10,0,3
2,9,7,6,1,1
3,15,23,1,1,3
4,23,29,20,0,1
5,23,28,14,1,1
2,7,7,18,0,2
5,0,6,20,1,2
3,9,30,5,0,3
4,14,27,16,1,4
5,15,18,11,0,4
3,26,22,10,0,1
2,25,4,21,0,1
5,23,27,21,1,4
3,23,2,19,1,3
5,14,19,2,0,2
1,19,30,11,1,2
5,2,30,20,0,4
1,12,7,4,1,3
4,2,30,18,1,1
3,15,17,5,0,2
5,27,22,14,0,2
2,20,12,18,1,4
2,14,4,10,0,4
2,10,4,9,0,4
3,10,2,6,0,4
2,10,30,21,0,4
3,27,6,20,1,2
4,25,7,19,0,1
2,16,2,6,0,1
4,16,0,2,0,4
1,5,14,17,0,2
4,30,17,5,0,1
1,7,21,11,1,3
2,10,4,9,0,2
1,23,29,18,1,1
3,30,8,19,1,4
1,2,29,18,0,3
2,4,19,9,0,3
1,22,15,14,0,2
4,29,17,16,1,2
3,2,20,17,0,3
2,23,19,1,1,4
3,27,10,11,1,4
4,30,0,19,1,3
5,24,7,6,1,2
4,18,3,9,1,4
4,3,19,9,1,4
3,25,8,15,0,2
5,16,12,9,0,1
1,7,11,4,1,3
3,18,7,18,1,4
4,3,28,16,0,4
4,8,11,6,0,3
3,12,14,2,1,1
1,22,19,17,0,1
3,3,4,1,0,2
5,28,15,16,0,3
1,11,6,16,0,3
5,8,24,11,1,1
3,6,3,19,0,1
3,25,29,11,1,2
5,2,2,7,0,4
4,14,0,17,1,4
1,21,18,16,0,1
2,21,21,11,1,4
1,9,1,21,1,3
4,20,14,11,1,3
3,5,7,4,0,2
5,12,5,15,0,4
4,8,0,9,1,1
1,17,25,2,0,1
1,19,7,8,0,4
5,19,10,1,1,3
2,17,4,18,1,1
3,25,25,9,1,4
5,1,7,10,1,1
1,4,10,2,0,2
2,8,20,17,1,4
2,20,14,9,0,4
2,11,22,17,0,2
3,9,20,12,1,2
5,24,24,19,0,4
3,16,5,11,0,4
1,9,25,18,1,1
5,26,24,7,1,1
4,3,6,14,0,1
5,1,2,7,0,2
5,28,14,5,0,4
4,23,17,8,1,1
2,0,3,1,1,3
4,27,25,17,1,1
3,8,5,2,1,3
4,9,1,8,1,4
4,10,14,17,0,1
3,14,23,18,0,3
3,25,25,14,1,4
3,2,21,9,0,4
1,16,21,15,1,3
5,27,18,7,0,1
1,29,3,2,0,1
5,12,10,14,0,2
3,6,21,12,0,2
4,1,30,2,0,3
5,26,25,14,0,1
3,4,0,20,1,1
1,2,30,19,0,3
2,21,6,21,0,3
1,15,1,10,0,2
1,17,26,4,1,2
5,18,19,10,1,2
3,29,4,9,0,2
2,28,20,19,1,4
1,28,11,19,0,2
1,14,29,8,0,3
4,29,11,14,1,1
3,0,15,4,1,2
4,23,4,21,0,2
4,2,26,16,0,3
1,13,25,5,0,3
5,24,10,2,1,2
5,11,30,2,0,2
2,18,5,4,0,2
1,5,3,9,1,2
1,30,30,4,1,2
2,19,10,16,0,1
2,5,24,4,0,1
1,12,20,14,1,1
1,3,13,7,1,4
4,0,27,8,1,2
3,6,13,2,0,3
3,25,5,11,1,2
1,21,9,2,1,4
2,8,10,9,1,3
1,26,10,1,0,4
2,25,8,7,0,1
5,5,23,11,0,2
3,9,9,6,1,1
5,15,7,6,1,4
4,14,8,3,0,4
5,29,19,20,0,1
4,6,28,18,1,4
1,14,8,12,1,3
2,6,29,15,1,2
1,26,2,18,1,3
1,24,4,15,1,2
4,23,15,1,0,1
4,25,13,9,1,3
2,10,2,14,0,1
3,3,6,9,1,2
4,9,1,10,1,1
2,10,22,18,0,1
2,15,28,9,1,1
2,29,3,4,1,4
5,8,16,20,0,1
3,10,8,20,0,4
5,12,3,18,0,2
5,8,13,18,0,1
1,5,1,11,1,2
1,9,20,8,1,4
5,21,4,17,1,3
5,7,9,18,0,2
2,13,9,10,1,1
3,25,16,9,0,4
1,4,8,10,0,2
1,24,17,5,0,1
5,13,28,4,1,3
1,14,27,10,0,1
2,12,10,18,1,3
4,27,26,10,1,2
1,29,30,8,0,4
1,13,22,12,0,1
3,28,13,17,0,1
3,24,13,14,0,2
2,14,4,10,0,2
4,6,13,20,1,2
5,5,26,5,1,3
2,22,13,13,0,1
2,22,21,9,1,3
3,5,25,8,0,1
2,30,22,6,1,2
5,0,13,6,0,2
3,13,3,15,1,1
4,19,15,7,1,2
3,9,12,17,0,4
4,4,1,21,0,4
3,9,0,2,0,2
3,29,11,4,0,4
4,16,6,2,1,3
3,4,4,18,1,3
2,5,13,6,0,2
4,25,13,14,0,2
3,27,21,21,1,4
2,25,21,5,0,2
5,11,18,15,1,3
3,30,20,9,0,2
1,1,29,4,1,2
3,18,23,16,1,2
5,2,14,11,0,3
4,30,28,14,1,2
3,6,2,15,0,2
3,21,3,2,0,3
1,25,10,21,0,3
4,29,8,4,0,3
3,26,23,14,1,4
1,22,2,13,1,2
2,10,21,9,0,1
4,21,23,10,0,2
2,19,0,11,0,4
3,24,26,9,1,2
1,17,11,7,0,4
2,4,15,7,0,1
1,1,3,8,0,4
5,9,27,9,1,4
1,14,1,5,1,3
4,20,15,5,1,1
1,2,11,6,0,1
3,6,6,1,1,2
2,22,24,2,1,3
5,6,21,9,0,1
3,9,22,8,0,4
3,23,23,6,0,3
4,4,15,3,1,4
3,3,14,9,1,3
2,7,9,15,1,4
3,13,27,7,0,4
2,6,5,14,1,2
5,3,12,20,1,2
2,20,20,7,1,3
2,26,7,8,0,1
1,18,4,18,1,3
5,22,23,11,0,2
1,20,12,1,1,1
5,6,17,16,0,4
2,22,26,3,0,1
5,14,13,20,0,3
4,15,1,8,1,1
5,19,7,2,1,1
2,3,24,2,1,2
5,23,16,1,1,4
1,29,0,2,1,1
1,10,5,11,1,4
3,30,15,6,1,2
1,15,13,12,0,4
2,3,16,2,1,3
4,6,18,18,1,2
1,11,30,5,1,4
4,30,15,2,0,3
2,26,21,8,0,3
2,0,19,1,0,1
3,15,29,1,0,3
5,1,7,19,1,4
3,2,20,9,1,4
3,10,9,8,0,4
4,30,22,16,1,3
5,6,20,13,1,1
2,1,1,8,0,4
3,0,11,10,0,1
5,26,16,14,0,1
5,24,12,19,0,2
5,10,23,15,1,2
4,8,27,3,0,3
5,10,18,12,0,1
1,1,23,17,1,2
5,11,22,2,0,2
4,6,13,15,1,3
3,2,19,3,0,1
1,28,12,2,1,2
3,19,5,19,1,1
4,0,14,3,1,3
3,26,8,4,0,1
2,13,28,17,0,1
1,7,20,18,1,1
1,22,15,16,0,3
3,16,8,9,0,3
5,13,28,3,0,4
4,7,4,12,0,1
3,0,13,8,0,4
5,4,9,6,1,2
3,1,4,7,0,4
2,23,20,16,0,1
5,3,18,4,1,3
3,23,22,17,1,1
4,3,12,16,1,1
5,4,30,6,1,2
5,10,11,18,0,3
5,18,17,5,1,1
1,27,7,10,0,3
4,27,7,17,1,3
5,21,2,2,1,1
4,1,9,10,0,4
2,28,6,11,0,1
1,23,2,19,1,1
1,25,22,14,0,2
4,30,0,21,0,3
2,26,4,17,0,4
2,12,30,14,0,1
4,15,17,20,0,2
5,5,18,7,1,2
4,21,0,19,0,1
1,18,25,14,0,3
4,30,14,2,0,3
5,13,2,8,0,2
4,2,18,6,0,1
2,8,1,7,0,3
1,4,11,8,0,1
5,10,17,19,1,3
2,24,1,12,1,3
1,23,9,15,0,2
1,3,27,12,1,3
3,9,5,1,1,1
5,18,27,10,0,4
5,26,30,9,0,4
2,14,19,3,1,4
2,12,1,18,0,3
1,1,16,13,1,2
3,6,21,10,1,2
5,19,24,11,1,1
4,2,25,21,1,3
1,24,10,9,0,2
5,24,6,12,0,4
5,27,9,3,1,2
2,26,22,3,0,3
1,2,18,14,1,3
4,24,1,1,1,1
5,14,30,4,0,2
5,27,0,21,1,1
2,29,17,21,0,4
2,19,20,3,1,4
2,11,3,17,0,4
2,16,0,17,1,3
5,12,11,20,0,3
5,11,12,1,0,2
2,18,13,16,1,3
5,1,15,15,1,1
4,17,0,16,0,4
1,12,16,18,1,1
1,14,6,10,0,1
5,12,8,2,1,4
4,2,5,10,1,4
4,25,19,9,1,3
1,16,17,5,0,1
5,3,27,19,0,3
1,27,16,21,1,4
1,21,4,13,1,3
2,4,13,10,0,1
5,1,18,19,0,4
1,26,6,20,0,3
4,1,6,19,0,1
5,26,1,11,1,3
5,12,8,20,0,1
4,8,25,7,1,3
3,25,24,6,0,1
5,6,26,21,1,3
2,20,21,11,0,1
2,21,14,8,1,2
1,11,23,10,0,3
3,20,22,13,0,1
4,2,5,17,0,3
3,4,3,2,1,4
5,26,26,20,1,4
3,24,13,2,0,2
1,22,0,2,0,4
5,13,17,18,0,1
1,26,13,11,0,1
3,28,11,11,1,1
5,17,7,14,1,4
3,22,19,3,0,2
3,4,5,10,1,2
2,21,2,13,0,2
5,1,0,14,1,4
2,8,24,18,1,3
2,8,24,20,0,1
4,26,4,5,1,1
1,15,1,6,1,3
2,16,9,12,1,3
5,29,7,8,0,4
1,11,13,18,1,2
3,26,3,5,0,2
2,12,10,14,0,2
4,6,11,15,0,3
1,7,12,20,0,3
5,17,14,18,1,4
3,10,8,11,1,1
2,2,16,13,1,4
2,18,13,7,0,1
1,8,13,15,0,2
5,23,10,20,0,2
1,2,21,16,0,4
5,27,13,21,1,2
1,10,22,13,1,2
2,15,24,5,1,2
3,8,15,4,1,1
2,17,21,12,1,1
3,13,24,2,1,1
2,25,21,3,0,1
2,0,19,9,0,1
2,29,6,4,1,1
5,25,19,1,0,3
3,2,14,6,0,3
5,3,20,21,1,4
5,20,7,10,1,3
1,0,17,15,0,1
4,17,18,8,1,2
2,25,0,5,0,2
3,30,4,12,1,3
1,11,17,7,1,1
4,25,23,2,0,1
1,11,4,9,1,2
3,18,29,3,0,1
2,9,16,5,1,2
3,21,9,4,1,1
1,10,19,13,0,4
3,0,30,17,1,4
2,22,0,1,0,2
2,1,25,8,1,1
2,19,23,3,1,2
3,27,11,21,1,1
3,5,25,7,0,1
3,10,7,11,1,1
1,22,14,15,0,1
4,25,3,19,1,1
2,7,18,2,1,1
2,21,26,17,0,1
5,11,2,8,0,2
5,22,3,16,1,3
5,17,18,18,1,1
3,18,17,8,1,2
5,16,25,21,0,4
2,23,18,15,0,4
4,17,26,17,0,4
1,13,18,1,1,1
4,27,14,14,1,1
5,4,8,9,1,2
5,6,14,9,1,2
1,13,23,4,0,2
5,30,4,4,0,3
1,21,6,11,0,2
1,18,15,5,0,2
2,8,14,4,1,2
3,25,1,8,0,4
2,27,8,10,0,1
1,20,28,1,1,4
1,20,9,12,1,2
3,1,22,15,1,2
2,18,21,2,0,3
2,24,24,13,1,1
3,27,2,20,0,4
3,15,9,11,1,1
5,20,26,19,0,3
5,5,10,18,0,2
5,6,27,5,0,3
1,12,25,5,1,1
2,19,21,9,1,4
5,14,24,3,1,2
2,3,2,1,1,4
4,1,7,20,1,4
1,12,17,9,0,3
5,0,15,14,0,2
2,3,6,5,0,2
1,29,8,9,1,2
1,4,4,7,1,3
3,4,19,11,0,2
4,4,25,6,0,2
1,5,6,12,0,2
4,2,14,4,1,4
4,4,9,5,0,2
3,27,21,8,0,2
5,3,0,5,1,3
4,19,10,13,0,2
1,14,1,10,1,3
4,19,10,21,1,3
4,24,22,16,0,2
4,24,15,12,1,4
2,7,18,11,1,3
4,7,17,10,1,2
3,11,26,9,0,2
2,13,26,20,1,1
2,27,9,5,1,1
3,21,14,12,1,1
2,26,1,8,0,4
3,30,21,1,1,4
2,17,23,12,1,1
3,13,4,3,1,2
1,22,4,14,1,3
4,0,0,10,1,3
4,7,20,15,1,2
1,8,4,18,0,3
2,17,24,5,1,1
3,12,13,3,0,3
5,12,0,12,1,4
5,10,5,14,0,3
4,23,23,11,1,3
3,26,27,12,1,2
4,20,17,19,0,2
5,30,19,10,0,3
4,25,15,9,1,2
3,2,2,18,0,1
4,22,26,21,0,1
4,25,21,5,1,1
1,30,3,7,0,1
4,3,6,12,0,1
3,7,22,13,1,3
3,0,3,16,1,3
3,6,28,2,0,4
4,9,13,14,0,3
5,21,20,19,0,3
5,0,26,16,1,2
3,3,24,13,1,4
2,17,10,5,0,3
5,19,16,16,1,4
2,2,16,13,1,4
2,10,23,7,1,4
5,8,24,20,0,2
1,14,17,4,1,2
2,1,27,20,0,4
4,16,27,7,1,1
5,22,12,8,1,1
5,24,22,12,0,2
1,30,30,12,1,1
3,9,24,15,0,2
5,1,17,21,0,3
2,10,18,20,1,4
4,22,13,5,0,3
1,23,16,8,1,4
3,6,4,1,0,1
3,2,29,4,0,2
5,13,18,15,1,4
5,5,25,18,1,2
5,3,25,14,0,1
1,1,8,14,0,4
1,10,22,13,1,1
2,0,25,20,1,2
4,26,18,7,0,3
5,23,9,11,0,4
3,21,28,20,1,3
1,28,19,21,1,2
1,1,11,7,0,3
4,28,23,18,1,2
3,17,6,14,0,3
1,11,28,3,0,1
3,24,28,14,0,3
2,5,10,6,1,3
3,14,7,18,1,2
5,29,9,20,0,4
4,6,25,4,1,1
2,7,6,21,0,4
1,10,21,5,1,3
2,2,24,20,1,1
1,28,9,10,0,4
3,10,22,11,0,1
2,19,2,20,0,4
5,26,4,16,0,1
1,25,18,16,0,1
4,19,25,21,0,3
2,15,7,17,0,3
2,25,24,18,1,2
2,8,6,18,0,1
3,28,10,9,1,3
4,28,28,18,1,2
1,17,4,7,1,3
1,20,5,20,0,2
3,21,12,15,0,1
3,17,28,4,1,4
5,7,7,18,0,3
4,28,28,11,1,1
2,27,21,15,0,4
3,23,28,21,1,2
1,3,17,12,0,4
1,4,22,20,1,4
1,6,20,8,0,1
5,4,9,9,1,3
3,22,12,3,0,3
2,22,29,13,0,2
3,14,1,10,1,1
1,3,17,8,0,4
2,16,2,12,1,2
5,10,15,5,1,1
4,20,11,7,1,2
3,13,28,16,0,3
5,26,17,13,0,3
5,25,30,5,1,3
1,29,21,4,1,4
3,1,6,11,0,3
4,4,13,18,0,2
1,13,7,4,1,4
5,26,0,1,0,2
1,26,19,3,1,3
1,12,12,2,0,3
5,20,14,19,1,2
1,15,2,12,0,4
3,19,12,17,1,1
4,12,9,12,0,3
3,7,25,4,1,2
1,22,15,7,0,4
1,13,27,13,1,1
2,1,29,6,1,1
2,21,28,8,0,4
3,29,12,5,0,2
1,4,6,16,0,1
5,15,19,4,1,3
5,8,27,7,1,3
1,23,1,9,0,3
1,23,13,18,0,4
4,12,5,12,0,2
4,22,9,13,0,2
4,25,20,1,1,4
3,11,30,4,0,2
1,9,9,8,1,3
5,13,5,9,1,3
1,22,8,8,0,2
2,27,0,4,1,2
2,24,18,19,1,1
3,11,29,19,0,2
1,23,4,3,1,4
2,27,10,3,0,2
3,13,30,6,1,2
4,30,17,11,0,4
3,9,11,18,1,2
3,0,15,16,1,3
2,25,17,13,1,3
4,22,3,20,1,1
5,17,28,7,0,1
1,9,25,11,1,2
1,14,14,1,0,2
1,6,9,12,0,1
2,3,0,7,1,2
5,25,16,5,0,4
1,1,21,6,0,1
2,7,4,20,1,1
3,28,23,4,0,1
4,26,24,6,1,3
3,6,26,20,0,2
2,30,24,1,1,3
4,19,24,18,1,3
3,14,19,6,0,2
1,20,22,3,0,2
5,3,25,4,0,1
2,12,9,10,0,4
2,27,23,3,0,2
1,17,26,10,0,1
2,10,14,1,1,4
1,2,8,17,0,3
1,30,28,9,0,3
3,14,9,19,1,2
2,29,9,4,0,3
4,25,11,4,1,1
2,10,11,19,0,2
2,15,4,3,1,3
1,1,12,13,1,4
1,27,22,16,1,1
4,1,14,9,1,1
3,6,7,21,1,4
1,17,8,14,1,4
1,4,16,20,0,3
2,15,27,15,1,4
5,28,4,3,0,4
4,12,4,21,0,2
1,18,8,10,1,3
4,13,15,3,1,4
5,2,6,21,0,2
2,22,8,14,1,2
2,21,20,3,0,3
4,5,14,5,0,1
2,22,11,2,0,4
1,26,3,9,1,1
3,1,1,8,0,1
5,2,0,11,0,1
1,30,30,19,1,4
2,7,14,9,0,2
5,11,30,4,1,2
5,14,4,7,1,3
3,2,23,15,0,1
5,7,6,15,0,4
2,7,17,7,0,3
2,21,22,10,1,2
5,21,26,2,1,4
3,13,21,2,1,2
3,25,10,5,0,1
3,4,26,8,1,2
1,1,14,11,1,4
5,0,2,17,0,2
1,1,12,1,0,2
2,16,16,18,0,2
2,24,11,4,0,2
5,4,15,10,0,1
4,0,16,7,0,4
1,25,6,12,1,4
5,26,25,11,0,3
5,11,16,12,0,3
2,9,6,7,0,3
5,14,24,2,1,1
1,6,0,3,0,4
4,20,13,15,1,3
5,10,15,9,0,2
4,15,8,7,0,1
1,24,1,19,1,2
3,2,25,4,1,3
5,30,22,5,0,1
4,25,17,12,1,3
5,0,19,6,0,4
1,10,30,7,1,1
2,25,18,15,0,2
3,4,4,8,0,4
1,12,22,17,0,4
2,24,11,10,1,4
3,9,13,16,1,4
3,26,9,16,1,2
2,25,3,15,1,3
1,24,25,16,1,4
4,14,19,10,1,4
4,28,3,18,0,1
2,25,23,7,1,4
5,26,26,16,1,2
3,0,4,4,0,3
3,20,9,3,1,2
2,28,12,4,1,1
1,15,13,9,0,4
1,10,17,16,0,1
2,11,29,5,0,4
5,5,23,5,0,2
2,15,25,17,0,1
4,4,29,2,1,4
2,6,29,15,0,4
4,17,15,11,0,2
3,17,2,19,1,4
2,13,26,3,1,1
5,17,8,16,0,1
3,25,1,11,1,2
1,5,24,5,1,3
4,29,21,16,1,1
1,26,21,20,1,3
3,28,12,11,0,3
1,26,13,4,1,3
5,15,9,13,1,3
4,29,1,17,1,4
1,14,9,17,0,3
4,1,30,17,1,1
3,17,13,12,0,3
1,21,29,7,1,4
5,14,8,10,1,2
3,4,6,10,1,1
3,2,5,11,0,1
5,2,27,14,1,3
5,19,11,20,1,3
3,4,28,2,1,1
2,24,25,3,0,2
5,18,28,2,0,2
1,4,16,15,1,4
5,23,25,13,1,1
1,14,23,5,1,2
2,24,28,19,0,4
3,8,11,11,1,1
1,1,3,5,0,2
4,23,12,7,1,2
4,26,2,17,0,1
1,10,5,3,1,4
1,22,4,6,1,4
2,15,28,6,1,4
1,22,4,7,0,1
1,28,8,20,1,2
4,16,7,9,1,1
5,20,11,18,1,4
4,29,0,4,0,4
1,8,21,21,0,3
5,19,29,19,1,4
5,26,29,4,0,3
3,23,24,11,0,4
3,13,17,12,1,1
4,9,5,2,1,2
1,23,26,12,0,1
4,18,9,19,1,3
4,0,28,11,1,1
4,7,8,14,1,2
3,27,23,5,1,3
5,20,0,3,1,2
4,25,19,10,1,2
5,11,23,12,0,4
3,26,12,5,0,3
3,28,16,21,1,3
3,20,29,5,1,1
3,18,4,10,1,3
3,3,2,4,0,4
2,26,25,4,1,4
4,14,16,3,1,3
3,20,2,10,0,1
2,11,8,3,1,3
2,26,21,10,0,2
4,28,20,15,0,3
2,27,25,1,1,1
3,9,11,17,0,3
5,17,27,16,1,2
2,19,14,17,0,4
2,23,6,18,1,4
2,1,13,16,0,3
5,20,18,1,0,3
3,6,12,17,0,4
5,12,21,3,0,3
5,14,25,14,0,4
2,11,23,17,0,1
5,19,24,12,1,1
5,12,6,3,0,1
4,2,15,2,1,4
5,8,20,16,1,2
3,18,0,3,0,4
4,21,0,6,1,4
2,28,29,7,1,3
3,29,21,3,1,2
3,9,3,5,1,1
1,5,28,3,1,2
4,12,0,12,1,2
4,6,2,11,0,3
2,29,12,14,1,1
2,0,5,3,0,2
2,7,15,2,1,4
5,3,27,10,1,3
2,0,0,11,0,2
3,19,7,2,1,2
3,6,29,2,0,1
2,6,6,11,0,1
1,20,5,18,1,4
4,7,13,8,0,4
5,8,8,4,1,4
5,24,6,2,0,2
3,17,12,7,1,4
1,0,15,18,0,1
3,18,11,9,0,3
3,7,5,16,0,2
4,23,21,1,0,3
1,26,12,20,0,2
2,29,17,18,0,2
3,2,26,20,1,4
1,6,26,3,0,4
5,20,9,5,1,4
3,4,23,18,1,1
2,19,23,20,1,1
3,15,0,12,0,3
4,25,17,1,0,4
4,27,4,7,1,1
2,12,29,15,1,2
2,18,23,6,1,2
3,22,11,5,0,1
1,8,28,12,0,3
2,15,14,21,0,4
2,28,20,8,0,2
5,5,30,11,0,4
4,24,23,3,0,4
2,18,28,19,0,4
3,3,2,14,0,2
2,2,18,12,1,2
3,22,25,10,0,3
1,1,24,2,0,2
4,7,17,3,1,2
4,0,25,21,0,3
3,17,26,11,0,2
2,4,28,13,1,2
5,14,0,1,0,3
5,10,23,19,1,2
4,28,23,11,0,3
2,16,15,12,0,2
5,2,7,3,0,3
2,23,22,20,1,1
5,29,6,20,1,2
1,9,9,7,0,1
3,11,29,3,1,2
4,12,30,1,1,2
2,10,1,9,0,3
3,17,13,3,1,3
5,29,17,1,0,3
1,30,25,18,1,2
4,25,2,4,1,2
5,8,28,21,0,4
4,14,14,1,1,3
2,5,1,8,0,3
2,24,22,3,0,1
5,7,23,10,0,3
1,30,15,20,1,4
1,18,15,13,1,3
1,21,28,10,1,4
5,23,4,5,1,4
5,15,12,3,1,2
1,17,11,10,1,1
1,24,17,15,1,1
1,4,9,15,1,1
5,8,2,8,0,4
5,21,6,4,1,4
1,6,0,17,0,2
1,28,12,11,1,2
5,20,3,9,0,1
2,9,4,16,0,2
4,27,7,8,0,3
3,2,29,17,1,1
3,10,29,6,1,4
2,3,11,8,0,3
1,25,16,13,1,4
5,28,18,2,0,2
4,28,7,2,0,4
1,15,8,15,1,4
2,5,14,1,0,3
2,20,15,6,1,3
5,13,2,10,0,3
3,21,29,3,1,1
3,1,27,13,0,3
5,24,10,9,0,3
5,14,8,14,1,3
1,14,21,17,0,4
1,29,11,17,0,2
2,8,26,9,0,1
4,27,6,7,0,4
4,24,20,10,1,3
4,16,29,19,0,2
5,22,16,10,1,1
2,0,2,16,1,2
2,10,24,20,1,2
5,29,5,15,1,1
1,29,30,8,0,4
4,4,1,7,0,4
5,23,0,20,0,4
5,25,29,7,0,3
1,22,17,2,1,4
3,9,14,21,1,2
5,28,13,10,0,4
2,8,0,11,0,3
5,20,5,5,0,1
5,8,20,6,0,4
3,8,19,10,0,3
1,23,5,3,0,4
4,4,10,20,1,2
3,21,14,9,0,4
1,21,17,9,0,2
3,9,3,5,1,1
3,8,17,15,1,1
4,17,15,10,0,1
2,22,19,16,0,2
2,1,0,14,0,1
5,25,13,13,1,3
1,21,21,9,1,1
1,27,4,15,1,1
3,8,26,2,1,4
1,19,7,13,0,4
2,22,3,13,1,3
1,13,28,11,0,2
1,12,1,11,0,3
5,29,26,3,1,4
2,10,6,1,0,3
4,1,29,16,0,4
1,14,13,15,0,2
1,16,23,3,1,1
1,27,27,15,0,2
5,21,12,12,0,2
4,29,23,16,0,4
1,17,11,6,0,2
5,22,27,19,0,3
2,22,22,19,0,4
5,0,21,18,1,2
4,12,19,5,1,3
1,19,17,14,1,1
5,25,2,18,1,3
2,4,30,13,1,4
3,12,6,15,1,4
1,18,0,12,1,1
4,23,24,10,0,1
2,26,4,14,0,1
4,19,4,18,1,4
3,13,4,10,0,4
3,14,2,21,1,3
4,10,4,6,1,4
3,20,19,15,0,2
1,1,20,20,1,4
3,28,23,7,0,1
3,8,23,19,1,4
1,23,17,21,1,2
2,10,5,10,1,3
1,15,6,7,0,2
3,11,2,19,0,1
4,20,25,4,0,1
1,0,13,8,1,1
5,8,29,1,0,4
3,24,15,10,0,2
3,2,16,17,1,3
5,21,0,10,0,2
3,14,10,14,1,3
2,12,5,5,0,3
4,28,4,15,0,2
4,7,12,13,0,4
3,13,2,18,1,2
4,13,24,9,1,4
3,12,27,15,0,3
4,18,15,11,0,4
5,6,22,1,1,3
2,15,25,13,0,1
2,16,8,20,1,2
3,13,3,7,0,2
4,2,23,5,1,4
2,1,28,4,1,3
5,26,9,5,1,1
5,2,25,12,0,1
1,21,5,19,1,1
3,25,18,11,1,2
3,15,6,13,0,4
2,23,19,13,1,2
4,10,27,20,1,3
5,24,24,5,0,3
3,11,28,19,0,4
5,17,9,20,0,1
2,2,5,15,1,3
1,8,20,16,0,2
1,13,16,1,1,4
3,14,16,5,1,4
5,17,9,19,0,4
4,17,8,13,0,4
3,29,27,13,1,3
1,16,27,15,0,1
4,2,4,9,1,1
5,17,1,20,1,4
5,25,11,20,0,4
5,28,26,3,0,1
5,21,23,18,0,2
3,5,25,17,0,2
4,17,3,21,1,2
3,4,11,6,0,4
4,7,13,8,0,2
5,0,12,1,0,2
2,11,9,11,1,4
2,13,15,19,0,1
2,6,8,4,1,4
5,7,2,6,0,4
2,30,21,20,0,4
3,23,10,19,0,2
3,15,26,20,0,1
5,2,29,20,1,1
2,16,4,9,1,4
3,21,6,7,1,2
3,25,24,16,0,3
4,20,30,6,1,2
3,1,20,4,0,3
4,23,1,13,0,4
1,13,16,3,0,2
5,10,26,14,0,1
4,11,18,16,0,1
1,6,17,16,1,2
3,4,9,3,0,1
4,13,13,7,0,4
1,3,10,14,0,3
3,5,9,1,1,3
5,5,17,5,0,4
2,5,23,20,1,2
3,24,19,16,1,2
1,19,7,19,1,1
3,15,10,9,1,1
2,29,9,5,1,4
3,14,7,3,1,3
1,7,23,3,0,4
4,20,3,19,1,3
1,20,8,19,0,2
2,30,29,5,0,2
4,10,1,18,1,3
3,28,19,12,1,2
2,30,20,20,1,1
5,29,3,6,1,1
1,29,25,9,0,3
2,16,25,4,0,4
2,22,7,10,0,1
4,28,29,15,0,4
1,20,15,5,0,1
4,8,20,20,0,4
3,21,28,16,1,3
1,4,25,17,1,1
5,18,21,13,1,3
1,14,30,5,1,4
4,8,5,5,0,1
3,26,16,19,1,1
5,13,1,12,1,4
2,8,29,6,1,3
2,11,11,10,0,2
1,10,22,14,0,1
1,22,10,20,0,3
3,30,2,6,0,2
4,16,17,6,0,3
2,15,4,8,1,3
5,21,25,12,0,1
5,8,4,14,1,3
5,1,22,6,0,2
1,30,24,6,0,1
5,3,29,19,0,3
3,26,0,5,0,2
3,16,2,4,0,3
4,15,12,15,1,4
5,30,30,13,0,2
3,9,20,9,0,4
5,11,23,17,0,2
5,18,5,11,0,4
5,9,3,16,0,1
4,11,3,15,0,2
1,26,20,18,0,4
5,15,28,4,1,4
3,10,7,13,0,4
4,6,4,19,0,2
5,19,7,21,1,4
1,25,13,7,1,2
5,19,19,9,0,2
5,14,9,13,1,4
1,17,24,13,1,4
2,3,12,1,1,1
5,27,17,16,1,2
2,29,7,16,0,4
1,27,1,18,1,1
1,15,2,9,1,3
1,5,11,9,1,2
4,23,6,1,0,1
2,21,21,18,0,1
3,12,18,12,1,3
3,15,21,18,0,2
1,6,13,21,1,2
1,26,22,18,0,4
3,29,27,19,0,4
1,5,24,3,1,3
3,27,5,19,1,2
4,11,17,10,0,1
4,29,10,2,0,1
1,22,8,6,0,1
1,18,24,18,1,4
1,2,1,2,0,1
2,26,14,18,0,1
2,9,1,8,0,3
2,27,10,21,0,3
1,22,0,15,0,4
3,26,13,6,0,2
5,14,20,13,1,3
3,13,14,12,1,2
1,0,6,13,0,3
1,20,18,16,1,4
3,27,27,12,0,4
3,5,7,9,1,4
4,26,30,20,1,3
3,13,10,3,1,3
4,12,23,19,0,2
5,8,27,17,0,2
2,27,26,3,1,1
2,21,14,4,1,1
1,6,8,19,0,2
3,5,13,18,1,4
4,4,26,14,0,4
2,25,26,14,1,2
5,9,5,1,0,1
5,25,25,13,1,4
2,5,13,10,1,2
5,16,3,20,1,2
5,4,25,3,0,3
4,12,30,11,1,1
2,14,14,5,0,4
2,19,0,21,1,2
2,2,2,17,1,4
5,21,7,13,0,3
2,16,1,1,0,1
4,28,19,9,1,1
1,20,28,6,0,1
1,21,6,12,1,3
5,24,1,10,0,4
4,17,26,7,0,1
1,3,4,1,1,3
1,9,12,6,0,2
5,6,30,2,0,2
2,22,9,5,1,3
2,0,18,8,0,4
4,1,21,20,0,2
4,23,20,17,1,1
5,0,11,10,1,2
4,19,7,11,1,2
5,5,30,14,0,2
1,13,13,2,1,4
4,15,23,2,1,1
5,29,15,9,1,4
3,25,0,19,1,3
4,7,2,11,0,3
4,23,19,20,1,3
4,28,30,21,1,1
4,7,22,13,1,4
4,23,4,14,0,3
3,7,9,13,0,3
5,2,8,3,0,1
4,10,19,8,1,4
2,16,12,4,0,2
4,12,17,19,1,3
4,8,10,14,1,2
5,0,24,4,1,1
5,2,21,9,0,1
1,2,8,21,0,4
4,29,14,13,0,4
1,4,12,1,1,4
3,22,30,9,0,3
3,6,9,7,1,1
3,4,5,16,0,1
2,5,5,14,1,1
5,19,28,10,1,2
2,23,28,17,0,1
4,15,30,15,1,1
3,29,8,3,1,3
1,20,12,7,1,2
3,27,10,12,0,2
1,14,0,13,0,4
1,26,13,20,0,3
2,2,3,4,1,3
4,24,15,14,1,2
3,5,18,12,0,3
4,0,10,14,0,3
5,29,18,7,1,1
3,17,5,12,1,3
5,3,22,1,1,3
4,15,24,14,1,1
5,2,0,18,1,2
2,23,26,2,1,2
2,9,7,7,1,2
3,9,6,13,1,4
2,8,20,10,0,3
4,29,13,17,1,3
1,2,0,2,0,1
4,17,22,1,0,4
3,30,28,1,1,3
4,4,4,16,0,1
5,18,28,18,1,2
2,6,21,16,1,3
1,20,4,18,1,1
3,22,15,2,0,4
4,8,19,15,1,4
5,28,29,21,0,4
2,7,23,5,1,1
5,19,17,1,0,1
1,12,29,14,1,2
3,19,11,11,0,4
2,3,21,16,0,3
1,10,17,3,0,4
1,7,5,2,0,3
3,6,25,7,1,3
3,11,7,17,1,3
2,13,28,12,0,4
4,4,8,21,0,3
5,21,10,2,1,2
2,25,24,21,1,2
5,10,10,19,0,4
2,25,22,11,0,2
2,29,29,9,1,1
5,1,20,21,1,1
5,12,26,16,1,3
1,14,0,8,0,2
3,12,25,4,0,2
4,9,28,7,1,1
5,20,22,10,1,1
5,23,3,6,0,2
3,5,27,20,1,2
2,5,13,11,0,1
2,21,30,17,1,4
5,5,8,11,0,1
2,21,28,8,0,3
5,14,17,10,1,1
5,29,22,3,1,1
3,22,24,18,1,3
3,20,18,6,0,3
4,16,29,14,1,3
3,13,29,4,1,1
1,9,6,4,1,3
1,16,22,3,1,4
3,20,19,19,0,1
1,21,23,6,0,1
3,28,8,7,1,1
1,12,21,21,1,4
4,4,11,11,1,1
3,9,26,19,0,3
3,24,6,4,1,4
5,8,3,6,1,3
5,24,25,1,0,2
3,11,17,5,1,1
5,6,25,21,0,1
5,0,22,17,1,2
4,18,18,18,0,3
1,14,22,12,1,3
4,0,21,14,0,1
5,7,23,11,1,3
3,2,14,6,1,1
3,13,5,15,0,1
5,23,21,14,1,4
5,9,9,20,0,3
1,28,20,12,0,2
2,9,13,17,1,1
1,8,10,14,1,4
4,9,3,1,1,2
5,11,2,13,0,2
5,19,8,18,1,2
1,27,23,3,0,1
4,16,4,16,0,4
5,3,12,20,0,3
5,27,27,2,1,1
3,7,9,20,1,1
2,28,8,10,1,1
4,10,14,10,0,2
5,16,1,20,1,4
3,5,16,21,0,3
2,0,15,3,0,2
1,10,18,15,1,4
2,3,15,21,1,3
1,7,1,15,0,1
3,27,15,3,0,1
3,12,8,15,1,1
3,26,26,6,0,1
5,4,15,12,0,4
1,0,5,9,0,2
5,2,9,2,1,1
4,8,5,19,1,1
5,7,23,16,0,2
5,7,23,7,0,2
1,13,9,15,0,1
4,16,14,15,1,2
4,1,12,4,1,2
4,7,22,17,0,2
3,21,6,4,1,4
5,23,12,10,1,3
3,17,5,15,0,4
2,16,2,12,1,1
5,28,26,19,0,2
4,1,16,1,1,2
4,8,13,7,1,2
1,20,22,9,1,4
2,27,19,8,1,2
1,5,8,12,0,1
4,9,27,10,1,4
1,22,1,16,0,2
5,12,2,14,0,1
3,25,26,14,1,2
4,30,27,21,0,4
5,9,19,13,0,3
3,18,21,9,1,1
4,24,5,13,1,2
5,6,7,8,0,4
1,6,12,12,0,4
4,2,22,19,0,4
5,0,24,9,0,4
1,4,10,17,1,1
2,12,3,20,0,2
1,9,28,11,0,1
5,18,10,13,0,2
1,25,5,10,0,4
5,21,25,1,1,3
2,20,13,17,0,3
2,19,6,8,0,2
1,13,12,12,1,2
4,17,20,3,1,2
1,19,8,3,0,1
3,17,2,16,0,4
5,7,9,19,1,4
4,28,14,15,0,4
3,11,19,1,0,2
2,16,0,16,1,1
3,30,4,5,0,3
5,12,6,10,0,4
5,4,5,1,1,1
5,2,15,16,0,3
2,2,10,12,1,2
2,11,9,12,0,3
5,9,7,10,0,2
3,6,9,19,0,3
5,15,28,12,1,4
3,26,5,20,0,2
3,1,29,18,0,1
5,5,23,21,1,3
1,29,27,11,0,3
2,3,13,16,1,3
1,14,2,9,1,3
1,25,25,9,1,1
3,21,14,16,0,2
5,29,11,21,1,2
1,11,21,18,1,3
1,1,15,5,1,4
5,9,3,8,0,1
5,24,19,12,0,2
2,8,6,17,0,1
3,5,11,16,1,4
3,19,8,1,0,1
4,23,28,6,0,2
1,7,14,9,0,2
3,20,0,15,0,1
5,30,21,17,0,1
5,5,24,16,0,2
5,28,21,4,0,4
4,25,27,13,0,3
2,13,3,5,1,1
4,8,12,19,1,4
1,25,21,13,1,3
2,24,30,10,1,1
5,15,17,16,0,3
3,2,3,5,0,4
1,26,9,21,1,1
1,10,0,19,0,4
1,21,3,8,0,3
4,3,30,3,1,2
5,4,30,12,1,2
4,13,17,15,1,4
3,4,30,1,0,1
1,25,19,8,0,4
1,30,18,15,0,2
4,23,2,2,0,3
1,28,18,17,1,2
4,11,20,9,0,1
2,17,30,7,0,4
2,8,13,16,0,3
4,17,12,7,1,1
4,3,2,6,0,3
5,12,22,6,0,2
2,16,21,5,0,1
5,26,23,5,1,3
5,11,12,14,1,4
3,8,1,4,1,2
3,5,14,7,0,2
4,30,7,11,1,4
1,22,20,15,0,1
5,2,0,15,0,1
4,24,14,2,0,2
2,26,6,3,0,4
3,24,19,4,0,2
4,0,16,2,0,4
1,8,25,19,0,1
4,22,3,5,1,3
2,5,2,7,1,2
2,17,6,5,0,1
2,0,20,2,1,4
2,15,6,4,0,1
2,11,5,17,1,3
4,11,16,11,1,4
3,7,22,2,1,1
1,0,28,20,0,1
4,30,1,21,1,1
2,27,30,15,1,4
1,30,19,5,1,4
2,19,18,7,0,3
4,30,12,15,1,2
2,3,13,4,0,2
5,15,30,19,1,2
2,13,19,10,1,1
4,1,7,10,1,4
3,20,6,14,1,1
1,0,27,8,1,2
2,7,24,14,0,4
2,16,22,17,1,2
1,13,19,5,1,3
5,23,2,10,0,1
5,19,19,7,1,1
5,22,11,19,1,4
2,19,25,12,0,1
3,18,30,20,0,2
1,16,16,3,0,2
2,26,27,13,0,1
3,18,25,17,1,4
1,10,5,16,0,3
3,21,12,16,1,3
2,26,16,6,1,3
4,26,27,19,1,4
3,29,30,5,1,1
2,29,29,14,1,3
4,27,23,18,1,1
3,26,8,20,1,3
1,21,11,7,0,1
3,27,5,16,0,4
1,24,11,5,0,3
1,30,10,3,0,1
1,3,13,11,1,2
4,5,16,12,0,1
1,18,3,9,1,2
4,6,18,13,1,3
4,27,8,13,1,2
1,15,22,13,1,3
1,8,19,19,0,2
4,1,21,20,1,3
5,16,18,4,0,1
2,21,16,15,0,1
4,28,19,13,0,3
3,30,23,10,0,3
5,3,25,5,0,3
2,13,15,13,0,3
1,2,3,19,1,3
2,4,7,2,1,2
5,11,0,6,0,2
1,17,3,11,1,4
1,21,20,13,0,4
3,2,6,20,1,2
3,13,18,8,0,4
2,20,15,15,0,3
2,8,30,20,0,4
3,26,13,18,1,1
1,4,22,15,1,2
3,10,19,12,1,3
4,13,15,8,0,3
3,27,16,16,0,4
5,14,3,14,1,2
3,13,2,16,0,4
3,30,19,20,1,1
5,1,27,8,1,1
4,15,26,12,1,3
1,10,1,15,1,3
4,21,21,7,0,1
2,13,20,9,0,1
5,26,6,17,1,3
3,10,26,21,0,4
3,19,6,5,1,1
3,28,16,3,0,1
3,27,15,15,1,4
1,11,13,1,1,3
4,22,26,6,1,2
2,10,10,11,0,3
1,15,27,1,1,1
5,7,17,3,1,3
1,6,14,17,1,4
1,28,10,19,1,4
3,21,4,16,0,3
4,27,28,21,0,1
5,12,3,8,1,4
2,7,13,18,0,1
2,17,23,3,1,3
2,30,1,4,0,3
3,1,17,4,0,1
3,1,24,21,1,3
5,23,14,18,1,4
4,15,7,7,0,2
2,12,21,2,1,3
4,7,3,13,0,2
4,5,9,3,1,1
1,17,13,6,0,3
4,28,13,14,1,1
2,19,5,6,1,2
5,26,24,21,1,1
1,4,22,11,0,2
4,5,18,2,0,3
5,15,20,18,1,3
2,16,12,5,1,2
2,16,1,1,1,4
1,17,11,19,1,3
5,6,25,20,1,1
5,11,15,16,0,2
3,25,15,10,1,2
2,0,23,1,1,2
3,23,24,10,1,2
2,23,13,15,1,4
4,0,8,16,1,3
3,4,14,2,0,2
5,4,13,1,1,3
4,23,27,9,1,2
5,7,2,19,0,3
3,8,4,13,1,3
1,29,11,15,1,1
2,8,30,1,0,4
4,15,15,16,1,3
3,14,8,15,0,1
4,23,7,21,0,4
2,23,21,21,1,2
1,28,8,10,0,3
5,22,23,2,1,1
4,18,17,4,1,2
4,17,26,1,1,2
5,22,5,12,1,3
1,24,29,4,0,2
1,0,9,21,1,3
2,6,26,13,0,3
5,19,5,20,1,2
1,13,20,9,0,1
5,18,28,6,0,3
4,22,29,7,0,1
5,23,23,8,1,3
4,10,16,4,0,3
1,5,13,17,1,4
2,21,11,3,1,3
3,9,30,3,1,1
3,21,14,21,0,2
2,14,26,20,0,2
3,11,17,12,1,3
5,25,29,13,0,3
5,3,7,7,0,3
2,2,5,20,1,4
4,19,12,7,1,1
3,11,15,13,1,4
3,8,25,15,0,2
4,9,5,10,1,1
2,28,9,8,1,4
5,28,30,19,1,1
2,16,29,8,0,4
2,1,5,21,1,4
5,14,22,18,0,3
4,23,20,19,0,3
5,0,18,20,1,2
1,27,26,19,1,1
2,23,14,6,0,2
5,18,19,12,1,4
2,13,30,8,0,1
5,9,4,5,1,4
3,9,4,18,0,4
2,9,27,16,0,3
4,21,18,7,0,1
2,1,8,9,1,4
3,24,8,20,1,4
3,14,12,8,1,1
3,19,13,20,0,3
5,8,25,18,1,2
5,15,8,10,1,3
1,20,17,17,1,4
1,23,7,19,1,1
3,23,4,7,1,1
4,13,5,1,0,4
2,24,10,6,0,2
1,19,29,5,0,4
1,4,17,18,1,2
5,22,12,16,0,4
3,13,13,12,1,2
2,5,14,14,1,2
2,27,14,17,1,4
5,14,24,14,1,1
2,17,29,17,0,3
3,13,19,20,1,1
3,14,22,3,0,4
1,29,9,2,1,4
3,23,24,6,0,2
3,14,7,5,1,3
1,0,24,10,1,3
5,10,13,6,0,2
5,7,15,18,0,3
2,10,7,14,1,1
2,8,3,11,0,1
3,4,8,16,0,2
4,24,25,18,0,2
5,12,0,7,0,4
3,12,5,20,0,4
1,14,14,20,1,3
1,18,21,5,1,4
5,27,28,6,1,3
4,16,12,21,1,1
1,13,5,9,1,4
5,24,14,13,0,1
5,7,22,18,1,1
4,1,7,12,0,4
4,25,14,10,0,3
1,21,1,19,1,2
2,11,9,7,0,3
1,16,8,14,0,2
5,10,7,3,1,3
2,11,12,6,1,1
5,15,17,11,1,3
4,22,5,15,0,2
2,19,23,21,1,3
3,23,14,5,1,4
3,0,28,8,1,2
4,18,16,14,1,3
5,7,1,13,1,1
1,9,17,18,1,4
5,12,7,15,0,3
1,16,13,8,0,4
3,10,6,12,0,4
5,15,17,17,1,4
3,11,0,3,0,1
4,6,9,13,1,3
4,21,12,19,0,3
4,17,8,8,0,3
4,1,7,4,0,3
2,16,25,1,0,4
3,23,27,18,0,4
1,27,30,3,0,3
3,12,3,21,0,1
5,27,24,1,1,1
2,30,23,3,0,2
5,11,23,9,0,1
4,24,21,16,1,2
2,28,6,16,1,4
4,26,29,9,0,4
5,14,13,21,0,1
1,29,30,2,1,4
5,17,3,1,0,3
2,25,27,8,0,3
5,6,16,20,0,3
5,10,22,1,1,2
4,12,16,3,0,4
5,14,14,2,0,3
3,12,12,11,1,2
3,15,24,6,1,2
5,6,1,12,0,2
1,10,15,18,1,1
1,4,28,3,1,2
4,18,20,18,1,4
1,23,15,16,1,2
4,26,25,4,0,2
4,26,29,7,1,2
4,8,5,12,1,4
3,11,20,15,1,1
5,1,1,13,1,4
3,27,3,7,1,4
5,9,7,18,1,1
4,26,1,19,0,1
5,10,0,11,0,1
1,13,16,16,0,2
4,8,29,8,1,4
1,10,28,16,1,1
2,17,28,7,1,2
5,9,14,9,1,3
3,28,15,17,1,4
2,6,12,19,1,4
2,2,17,9,1,4
2,3,9,8,1,3
2,17,15,18,0,3
5,12,15,1,1,2
2,22,18,20,0,2
1,22,15,15,0,1
3,2,11,20,1,2
1,28,3,13,1,4
2,18,17,21,1,2
4,27,15,18,1,4
4,2,13,2,0,4
2,23,19,15,0,1
5,9,4,1,1,4
3,0,20,17,1,1
4,24,16,14,0,2
5,13,16,15,0,4
1,8,2,2,0,3
3,23,19,16,1,3
1,21,12,15,1,3
3,27,12,2,0,2
3,1,30,3,1,1
2,15,21,21,1,3
5,13,3,16,1,3
3,20,4,13,0,1
3,28,24,2,1,2
5,6,24,11,0,2
5,10,12,12,0,4
2,25,8,6,0,4
1,8,10,9,0,1
2,23,0,15,0,2
3,29,13,12,1,3
5,20,15,3,0,1
5,7,24,2,1,4
1,29,5,18,1,1
1,12,20,7,0,3
2,18,6,10,0,3
4,27,19,19,1,4
2,20,15,7,1,4
3,10,29,11,0,4
3,12,23,7,0,3
5,8,4,4,1,4
3,11,12,21,1,1
5,28,3,18,0,3
2,16,6,16,1,3
5,1,0,18,0,3
3,2,16,2,0,3
3,11,10,15,1,2
3,0,15,8,1,1
4,16,2,13,0,1
2,27,27,12,0,4
3,9,10,12,1,4
3,24,5,12,0,3
1,17,6,19,0,4
4,26,17,20,1,3
2,26,23,1,1,4
2,12,24,15,0,3
3,25,26,2,0,1
5,19,24,10,0,4
4,22,16,3,0,4
5,4,23,20,1,3
1,25,27,8,0,4
2,27,12,12,1,4
2,28,4,3,1,1
4,25,15,3,0,4
2,12,8,5,0,4
2,26,10,4,1,1
3,24,9,1,1,1
3,22,14,9,1,3
4,28,22,14,1,1
2,19,21,10,0,3
5,10,8,21,0,4
1,22,2,6,1,1
5,16,18,18,0,3
3,24,12,4,1,4
5,22,8,20,0,2
4,14,18,20,0,1
4,3,10,19,0,1
2,29,24,18,0,1
4,11,29,3,1,3
5,7,17,12,1,2
4,1,0,5,1,2
3,18,29,12,0,1
1,25,16,4,1,4
3,29,3,13,0,2
4,12,9,6,0,4
3,2,13,20,1,4
3,14,23,3,0,3
1,23,5,17,1,3
4,22,12,4,1,3
5,22,24,1,0,2
5,21,17,19,0,4
5,14,13,3,1,2
5,1,29,4,1,4
3,22,19,20,1,2
3,12,13,12,0,1
4,18,1,15,0,3
2,27,19,16,1,1
3,8,9,6,1,1
2,4,18,17,1,4
5,18,7,14,0,3
4,2,26,13,1,1
4,4,30,5,0,4
4,13,21,8,1,1
4,9,30,20,1,4
1,2,10,4,1,1
5,12,2,19,0,4
4,8,18,5,1,2
4,16,11,14,0,1
3,6,3,11,1,2
5,30,6,20,0,2
5,18,13,19,0,1
3,10,4,20,0,3
3,0,23,18,1,4
5,10,8,20,1,2
2,21,6,2,1,1
2,16,26,4,0,2
3,14,0,13,0,1
1,28,2,2,0,4
4,27,21,4,0,2
2,17,22,3,0,1
1,24,16,20,1,3
5,17,14,11,1,2
5,10,15,3,0,2
2,6,28,1,0,2
5,24,9,1,0,4
3,7,0,10,1,3
1,0,3,7,0,4
3,26,21,12,1,1
2,20,27,13,0,4
3,22,28,3,0,2
1,12,22,2,0,4
4,16,18,17,0,1
1,25,9,11,1,2
3,0,21,11,1,3
1,29,30,3,0,4
2,12,8,21,0,4
3,19,7,2,1,3
3,24,11,20,1,4
3,7,7,13,0,3
5,13,24,14,0,3
4,0,12,15,0,3
4,28,24,6,0,4
3,6,12,3,0,3
3,12,11,12,1,3
3,30,28,7,0,3
2,0,3,19,1,4
1,7,11,4,0,2
2,9,29,7,1,2
3,8,8,21,1,4
3,26,25,15,0,3
1,2,15,5,0,1
1,16,13,17,1,4
1,12,26,8,1,3
5,5,29,5,0,3
2,21,21,16,1,2
5,27,12,19,1,1
5,4,30,5,1,4
3,16,14,7,0,4
4,0,26,7,1,3
2,13,10,6,0,4
4,29,14,1,1,3
1,24,20,19,0,4
4,28,2,16,0,1
4,17,17,8,0,4
3,20,5,9,1,2
1,21,2,14,1,1
3,8,15,15,0,1
3,1,13,7,0,3
4,15,18,13,0,2
2,21,17,11,1,4
1,2,28,2,0,3
5,4,24,10,0,2
1,23,1,2,0,2
3,8,13,7,1,1
5,13,10,20,1,3
4,12,15,18,0,2
1,1,30,17,0,1
5,25,10,9,1,2
5,29,26,18,0,1
5,22,30,1,0,4
2,7,19,1,1,4
5,12,6,7,0,2
1,26,17,10,0,2
3,28,29,3,0,3
4,12,19,20,1,4
3,1,6,14,0,3
2,2,20,21,1,1
5,16,16,8,0,1
4,8,29,20,0,3
2,0,2,8,1,4
3,28,9,12,0,2
3,4,18,7,1,2
2,27,23,10,0,1
4,17,11,19,1,4
2,17,30,15,0,2
2,14,6,3,1,4
4,17,25,13,0,4
4,29,20,7,1,1
3,21,4,19,0,3
3,16,22,19,0,3
5,27,1,21,0,1
2,9,19,3,1,1
1,4,25,20,0,3
5,7,8,11,1,2
4,16,1,11,1,3
3,14,28,4,0,3
1,19,3,11,1,4
2,1,16,5,0,4
5,21,22,19,0,2
2,13,4,9,1,4
1,28,26,1,1,4
5,14,16,18,1,4
4,17,28,15,1,4
2,23,16,16,0,1
1,12,9,5,1,2
3,17,14,9,0,2
5,21,8,9,1,3
5,5,7,12,0,4
3,29,25,8,0,4
1,28,15,12,0,3
3,3,25,13,0,2
5,3,19,4,0,3
3,16,16,17,1,3
2,22,6,1,1,1
4,21,25,3,1,2
4,6,3,2,0,2
4,8,17,16,0,4
5,26,0,11,1,4
1,7,30,18,1,4
2,6,25,20,0,3
4,30,4,9,1,1
2,3,21,1,1,3
2,27,20,14,1,4
2,19,7,1,0,4
4,4,22,5,1,4
4,8,27,11,0,2
3,4,10,10,0,4
5,6,9,2,0,4
2,12,13,13,0,1
2,3,12,12,1,2
1,6,9,1,1,2
3,18,26,11,0,3
3,24,22,5,1,3
5,27,14,12,1,1
5,5,28,20,0,2
4,15,9,10,1,3
1,22,3,13,1,3
5,22,11,16,1,2
2,20,10,9,1,4
4,24,28,2,1,2
5,23,23,4,1,2
5,26,16,13,0,1
1,21,27,10,1,4
2,19,27,6,0,2
1,17,1,8,0,4
2,21,27,8,1,1
3,9,9,16,0,2
2,5,13,15,0,3
5,14,19,9,0,2
3,23,22,15,0,2
4,26,25,20,0,3
1,18,30,9,1,2
2,30,28,8,0,1
3,11,4,9,0,2
5,13,3,11,1,3
5,17,29,1,1,4
1,3,3,10,1,1
4,14,24,16,1,1
4,25,4,14,0,3
1,7,0,4,0,1
1,23,5,20,1,4
1,29,18,17,0,4
2,17,20,11,1,1
3,18,26,13,1,3
5,18,10,20,0,3
4,24,1,19,0,4
5,3,3,20,0,1
5,1,30,9,0,2
4,20,13,10,0,3
3,28,21,7,1,1
3,17,18,8,1,1
4,11,16,21,1,1
1,18,20,18,1,4
1,18,19,5,1,4
5,11,3,2,1,1
4,0,28,14,1,4
2,1,13,9,1,4
1,15,12,7,0,2
2,10,1,7,1,4
4,28,1,21,0,4
3,19,17,3,0,4
3,10,4,5,1,1
5,17,27,11,1,3
5,30,3,6,1,3
5,4,23,8,0,3
5,15,11,4,1,3
1,15,11,8,1,3
3,4,28,12,0,4
5,26,22,3,1,1
3,7,7,12,1,2
2,10,21,1,0,1
5,16,12,7,1,2
4,2,17,9,0,2
5,5,11,17,0,2
2,17,13,9,0,4
2,26,11,16,0,1
3,19,2,7,1,1
2,0,23,21,1,2
4,9,22,19,1,2
2,8,4,8,0,1
4,14,25,10,0,2
5,19,17,9,1,2
3,1,8,9,1,2
4,11,5,1,1,2
5,1,4,10,0,4
3,24,26,3,1,2
5,11,29,19,1,4
5,27,13,19,0,3
5,25,9,4,0,2
5,14,22,5,1,2
1,4,16,9,1,1
2,26,2,17,0,3
2,17,7,8,0,2
5,20,10,8,1,4
3,29,24,10,1,3
4,10,28,6,1,1
2,27,29,8,1,2
3,5,3,3,0,4
5,28,13,9,0,3
2,13,23,1,0,4
2,6,15,19,0,4
2,11,28,12,0,1
2,12,6,8,1,3
2,27,20,9,1,1
3,14,11,14,0,3
1,3,24,15,1,3
2,19,18,18,0,4
4,26,10,3,1,2
1,16,21,2,1,2
4,4,12,13,1,1
1,12,30,7,1,4
4,21,8,16,0,1
4,9,8,7,1,4
3,20,12,13,0,2
5,17,23,12,0,3
1,20,24,12,0,1
3,26,1,8,0,4
3,23,9,18,1,1
2,10,2,16,1,3
1,2,3,19,0,2
1,14,26,21,1,3
2,25,5,14,1,1
1,17,7,9,0,1
1,19,0,21,1,2
2,18,24,11,0,1
5,27,12,6,1,3
3,24,29,12,0,2
3,1,10,20,1,4
3,27,3,20,1,1
2,18,9,1,1,2
4,0,4,8,0,2
5,25,9,2,0,3
1,8,2,14,1,3
5,19,7,3,0,3
2,2,14,20,0,4
4,14,11,4,1,2
4,1,12,19,1,3
5,3,8,14,1,2
2,30,19,21,0,1
1,7,19,13,0,3
2,4,3,15,1,3
2,3,3,12,1,4
1,30,25,20,0,1
5,8,5,14,0,3
4,23,8,2,1,4
4,14,14,20,1,1
4,14,6,7,0,4
4,25,2,10,0,4
1,28,26,3,0,4
5,19,14,14,0,3
5,11,17,1,0,1
4,22,18,10,0,1
5,25,10,20,0,1
4,3,18,1,1,4
5,6,1,5,0,3
5,22,22,9,0,1
5,10,29,14,0,4
4,18,24,17,0,2
3,18,6,1,0,1
2,11,26,11,1,2
3,29,19,11,0,1
4,19,30,15,1,4
1,5,3,18,1,3
2,8,28,20,1,1
2,2,20,19,0,4
1,30,18,4,0,2
5,22,17,19,0,2
2,22,15,2,1,3
3,30,25,14,1,2
3,22,1,2,1,1
4,28,22,3,1,3
2,27,30,12,1,1
3,22,30,4,0,3
5,12,17,3,1,2
5,11,18,18,1,4
1,22,16,6,1,4
5,15,9,19,0,2
2,14,27,5,1,1
2,6,30,10,0,3
1,0,4,8,1,3
4,26,21,14,1,3
1,24,21,8,0,2
2,28,9,15,0,3
3,28,21,18,1,2
2,16,23,6,1,3
2,1,20,16,0,1
5,22,11,9,0,1
1,24,21,16,0,4
5,26,9,14,1,2
4,12,13,9,0,1
2,10,5,3,0,3
1,4,11,13,1,3
3,15,6,9,1,1
2,26,14,2,1,4
1,27,19,14,1,4
1,13,5,10,0,2
5,0,18,13,0,1
2,0,10,14,1,4
3,27,2,1,1,1
2,3,0,7,0,2
3,11,14,4,1,4
4,2,12,2,1,4
3,22,3,8,1,2
3,29,18,3,1,3
2,27,11,20,1,3
4,13,20,17,1,4
1,13,20,16,0,1
1,15,29,19,0,3
1,10,20,18,0,3
1,6,30,9,1,4
2,1,19,8,1,2
3,22,18,1,0,3
4,8,20,19,1,1
3,8,7,16,1,4
4,4,21,12,0,2
2,30,29,10,1,2
4,14,19,19,1,3
3,1,0,20,1,3
4,26,26,5,1,4
5,0,0,20,1,4
1,7,10,7,0,1
5,15,20,15,0,4
3,13,11,3,1,1
5,3,10,19,0,4
5,27,30,15,0,2
3,8,0,20,0,3
1,30,9,9,1,4
2,24,18,19,0,3
5,27,24,6,0,1
2,16,13,8,1,2
4,14,14,2,0,4
2,1,30,18,0,1
2,10,28,20,1,2
5,10,13,13,0,2
3,6,6,21,1,3
4,16,9,13,1,3
2,7,10,12,0,1
3,21,19,7,1,3
3,15,29,18,0,2
2,18,8,12,0,4
2,24,7,15,1,3
5,27,29,5,1,3
2,23,11,7,0,1
1,19,11,17,1,1
3,23,26,2,0,1
3,4,16,12,1,1
3,12,25,5,0,4
5,28,17,2,0,2
4,10,14,1,1,4
5,27,29,5,0,2
3,16,16,9,0,3
1,27,15,10,0,1
5,22,3,20,0,3
4,10,7,20,0,3
3,3,12,11,0,2
4,16,15,10,1,1
2,13,23,18,1,1
5,30,2,20,1,3
1,6,24,8,0,4
3,30,7,1,0,2
3,0,19,2,0,2
1,4,27,20,1,3
1,1,28,5,1,1
5,30,4,1,1,1
5,7,26,8,0,2
3,26,19,21,1,3
1,2,22,1,0,3
1,15,9,20,0,2
1,9,17,2,1,3
5,20,22,20,1,2
3,30,7,8,1,4
5,22,29,10,0,1
2,2,14,21,1,2
3,28,17,1,1,3
4,18,8,1,1,3
5,14,28,4,1,4
4,23,26,13,1,4
4,7,4,13,0,3
4,3,23,19,0,4
4,27,4,7,1,4
4,29,4,1,0,1
1,25,6,17,0,1
4,14,20,12,1,4
2,15,15,13,1,2
2,29,25,12,0,2
3,2,28,3,0,1
4,29,12,11,0,3
1,7,11,10,0,4
4,17,22,10,0,4
2,4,6,10,1,3
5,18,7,9,1,1
2,11,26,4,0,3
4,21,23,18,0,2
1,26,17,2,1,3
3,6,24,11,1,4
5,3,0,7,0,1
1,16,5,4,1,2
2,29,1,18,1,1
3,28,24,15,0,4
5,10,17,3,0,3
4,4,21,5,0,3
5,6,5,2,1,3
2,19,3,19,0,4
1,3,16,16,0,2
2,11,7,13,0,2
4,7,4,19,0,2
3,15,6,19,0,1
1,16,11,3,0,2
4,28,10,13,1,1
4,7,10,11,0,4
2,20,20,21,0,4
1,12,28,15,0,4
3,28,22,10,1,1
4,27,28,21,1,4
5,14,28,18,0,1
1,1,1,8,0,3
2,30,16,21,0,4
5,4,5,12,1,1
1,7,11,9,1,1
1,1,2,1,1,4
4,14,5,15,0,3
5,5,21,18,1,1
5,19,5,2,0,3
5,17,16,7,1,1
5,25,9,7,0,3
5,2,2,14,0,1
2,26,12,6,0,3
5,0,3,12,1,4
5,11,15,7,1,2
4,29,16,8,1,1
3,30,30,17,1,2
2,14,20,10,1,1
2,1,4,11,0,3
5,19,22,4,0,2
1,27,12,5,0,1
1,7,28,21,1,4
5,16,30,3,0,3
4,21,15,20,1,2
2,8,4,4,1,3
5,13,12,7,1,4
3,18,21,6,1,4
2,5,21,11,0,4
5,4,19,16,1,2
4,7,14,18,1,3
5,5,19,3,1,3
2,1,0,2,0,3
2,6,11,16,0,1
4,29,6,20,0,1
2,25,11,11,1,1
5,24,21,18,0,3
4,27,5,6,0,4
3,13,8,2,1,3
3,28,10,12,0,4
5,19,15,8,1,1
5,11,3,6,1,1
4,15,12,14,1,1
3,19,14,13,1,3
3,27,14,6,1,3
4,27,26,17,0,1
5,1,10,3,1,2
5,10,22,21,0,2
3,8,9,10,1,4
2,1,15,18,0,1
3,23,8,8,1,2
4,6,22,19,1,1
3,17,16,8,1,2
3,24,4,11,1,1
1,22,6,18,0,1
4,4,27,14,0,1
1,30,22,4,0,3
4,1,14,14,0,3
2,13,0,15,0,1
3,14,5,21,0,1
3,1,27,16,0,4
2,30,5,20,1,3
5,6,1,1,1,4
4,22,22,9,0,1
4,0,27,4,0,2
1,27,7,9,1,3
1,7,10,1,0,2
1,28,12,17,0,2
5,2,9,18,0,4
5,10,6,4,1,2
4,1,1,1,1,2
3,1,24,8,0,3
1,2,17,4,1,2
3,19,30,11,0,1
4,27,6,12,1,1
3,18,9,4,0,3
2,15,23,10,1,2
5,0,1,19,1,3
2,25,27,10,1,3
5,21,29,21,0,3
1,17,3,20,1,2
5,19,27,11,0,4
3,19,1,18,0,1
3,11,15,16,1,1
2,26,17,9,1,4
5,24,17,5,0,2
3,15,14,5,1,3
1,14,12,13,1,4
3,18,23,15,0,4
5,22,4,3,1,2
3,25,8,16,0,2
2,17,18,1,0,4
2,9,25,1,1,2
4,26,15,21,0,2
4,25,8,2,1,2
2,15,17,10,1,2
4,12,28,13,0,4
3,18,6,4,0,3
3,15,11,10,0,1
2,17,26,7,1,4
4,15,1,11,1,3
3,12,4,6,1,3
4,5,8,6,0,3
2,2,11,14,0,1
5,13,2,2,0,2
3,0,18,5,0,3
5,30,6,16,0,1
1,29,2,10,0,1
5,4,1,5,1,4
1,18,28,21,0,4
5,13,4,21,1,3
2,29,9,5,1,3
3,2,29,3,0,4
1,8,10,17,0,2
5,11,30,21,0,3
4,7,6,2,1,3
1,11,0,8,0,3
1,16,21,20,0,1
3,21,25,17,0,4
3,22,25,7,1,3
5,8,24,9,0,2
3,9,5,3,0,2
3,15,21,10,1,4
4,24,7,18,1,1
2,22,0,19,1,2
1,14,14,8,1,2
3,28,14,5,0,2
1,28,21,11,0,2
1,17,15,3,0,1
4,23,17,4,1,1
1,19,28,4,0,2
4,2,15,15,0,3
4,15,17,12,0,3
3,11,8,16,1,1
5,18,22,16,0,4
2,28,27,3,0,1
3,0,6,7,0,1
4,19,14,20,0,3
3,1,2,1,0,2
4,14,27,10,0,2
2,10,26,4,1,1
4,13,11,4,1,2
2,17,24,16,1,4
4,28,29,13,0,3
2,8,20,13,0,1
5,18,5,14,1,4
4,0,13,4,1,1
4,3,3,6,1,1
1,5,10,3,0,4
2,13,3,3,1,2
1,10,0,8,0,1
4,7,11,21,0,2
3,1,26,20,0,1
5,0,27,11,0,4
5,25,2,16,0,1
4,21,19,7,1,2
4,8,10,20,0,1
2,3,10,12,0,3
4,7,0,11,1,1
5,10,1,6,1,3
5,23,14,11,0,4
1,9,10,2,0,2
2,5,7,2,0,1
3,11,1,6,0,2
3,26,26,6,1,1
4,3,4,5,0,2
5,16,6,3,1,1
3,4,23,5,1,3
5,29,12,18,1,2
2,30,30,2,0,3
5,17,26,17,0,3
3,24,16,4,0,3
4,7,21,2,0,2
5,2,2,20,0,2
2,7,9,16,0,1
3,15,10,7,0,3
1,12,18,10,1,2
3,13,5,1,1,2
3,28,14,20,0,1
1,16,11,1,0,2
5,21,20,12,0,1
4,30,4,3,1,3
2,15,21,1,0,4
4,22,24,11,0,1
2,9,29,15,0,4
1,28,30,8,0,1
4,10,25,7,0,2
2,24,29,20,1,2
5,6,14,13,1,2
3,14,7,16,0,3
3,29,11,21,1,3
5,25,25,3,0,3
3,1,7,2,0,2
4,14,16,12,1,2
4,17,19,1,1,2
5,15,30,5,0,2
4,30,13,19,0,1
4,16,2,13,1,1
2,26,0,11,1,2
3,22,8,1,1,4
4,29,30,4,1,2
5,30,18,10,1,2
3,13,11,5,1,4
1,28,21,20,1,2
1,20,3,13,1,2
4,9,3,7,0,4
2,30,15,20,0,4
2,10,4,13,1,2
3,5,24,13,1,4
2,17,11,15,1,1
1,18,1,18,0,1
4,29,3,4,0,3
2,30,0,16,1,3
3,7,12,1,0,1
4,4,0,3,0,3
4,25,30,12,1,2
4,28,15,11,0,1
4,6,19,2,0,1
3,0,1,2,0,3
5,20,6,5,1,1
3,27,13,8,0,1
1,14,2,7,1,1
4,11,30,13,0,2
5,9,22,10,1,3
5,29,14,16,1,2
3,25,16,17,0,2
2,6,22,6,1,3
3,4,13,20,1,1
2,25,10,7,0,1
4,2,24,18,0,4
1,27,17,15,1,4
4,21,21,5,1,2
2,11,26,12,0,4
2,30,6,9,0,2
3,7,30,5,0,2
1,14,12,9,1,1
2,8,5,16,0,4
1,3,28,8,0,4
1,29,7,15,1,1
5,23,9,15,1,2
4,27,26,12,1,4
2,23,16,15,1,3
5,17,9,6,1,3
4,29,30,17,0,1
3,11,20,9,1,1
5,28,7,3,0,1
3,28,12,13,0,2
4,3,1,17,0,4
3,6,15,11,1,4
5,30,4,5,1,4
3,0,29,16,1,4
2,27,9,12,1,4
2,18,7,1,0,1
3,1,5,1,0,3
2,14,25,13,0,1
5,18,0,11,0,3
4,8,18,9,1,4
3,17,23,12,0,4
5,16,0,1,1,2
2,27,16,8,0,1
1,14,16,1,0,4
3,15,14,11,0,1
3,26,23,20,0,1
4,20,19,16,0,1
4,1,29,12,0,2
2,29,7,9,1,2
1,4,15,20,0,3
3,16,20,14,1,3
1,5,20,9,0,1
4,30,29,17,0,4
3,18,13,18,1,2
1,21,29,12,1,1
3,13,5,9,0,3
5,6,15,20,0,1
5,26,30,20,1,1
2,21,17,7,0,4
1,15,13,8,0,3
1,7,16,18,0,3
1,14,23,14,0,4
1,7,27,9,0,4
1,2,6,5,0,3
4,21,25,21,1,4
4,20,8,15,1,4
5,7,5,12,0,4
2,14,20,17,0,4
5,18,30,21,0,3
5,6,26,8,1,4
1,14,10,14,0,3
2,11,8,18,1,4
4,16,0,19,0,3
2,14,26,16,1,4
3,7,30,15,1,2
4,24,3,10,1,1
3,6,16,3,0,4
4,25,19,12,0,3
3,14,13,20,1,4
4,15,12,4,1,4
5,6,21,9,0,1
2,3,24,14,1,4
3,7,23,9,0,4
4,9,27,19,1,3
3,7,29,8,0,2
5,2,2,18,0,2
4,26,8,16,0,3
2,10,0,15,0,3
1,22,17,4,1,2
4,15,16,15,1,3
1,23,26,2,0,1
5,10,2,1,1,3
4,25,29,7,0,3
4,0,15,5,1,1
3,5,26,13,0,3
2,2,2,11,1,1
2,5,25,19,1,1
3,1,11,4,0,3
3,16,5,12,0,3
2,11,9,1,1,3
5,18,9,6,0,3
4,18,17,19,0,4
5,19,28,11,1,1
5,25,9,2,0,2
1,7,20,1,0,2
3,22,30,11,0,4
1,4,28,7,1,3
4,11,16,16,0,2
5,19,14,7,0,3
5,20,0,16,1,1
4,2,0,1,1,4
3,12,3,15,0,1
5,16,23,3,1,3
4,18,22,9,1,2
4,29,9,20,1,1
4,22,26,5,0,4
2,1,22,14,1,3
5,18,18,10,1,4
4,10,14,11,1,1
3,3,23,8,1,2
2,7,19,12,1,1
4,28,1,18,1,2
5,2,27,20,1,3
3,26,21,19,1,2
2,24,7,9,1,4
3,29,8,5,0,3
4,3,6,17,1,3
1,19,0,9,0,2
5,15,16,10,1,3
4,28,22,11,0,1
4,3,29,16,1,3
5,17,27,14,1,3
1,28,22,5,0,4
4,5,20,6,0,1
5,27,7,13,1,3
3,16,28,4,1,1
4,3,19,9,1,4
2,25,0,13,0,4
1,30,4,4,1,4
5,15,20,18,1,1
5,21,5,14,0,1
5,8,7,15,1,2
3,11,18,20,0,4
2,28,9,12,0,1
3,23,3,6,0,4
5,3,24,19,1,1
5,6,0,3,0,4
3,13,16,19,0,1
4,6,28,11,0,1
4,28,28,4,0,2
4,0,25,11,1,3
2,2,7,10,1,2
4,18,4,11,0,4
3,3,28,13,0,2
2,18,22,21,0,3
1,25,26,11,1,1
1,8,1,21,0,4
3,15,19,18,0,2
3,6,24,18,0,3
2,9,14,12,1,3
4,15,21,7,1,2
1,25,20,21,1,4
4,7,16,18,0,1
5,24,24,9,1,2
4,15,9,2,0,4
4,14,29,5,0,3
1,4,8,9,0,3
1,4,15,13,1,2
4,13,9,14,0,2
4,6,22,4,1,3
1,26,3,15,1,4
4,22,20,14,1,2
1,4,17,17,1,1
4,6,4,3,0,1
4,1,29,17,1,1
5,4,1,14,0,2
1,20,11,18,0,2
2,3,0,15,1,1
5,14,21,16,0,3
2,23,8,9,1,4
2,26,21,2,1,4
4,20,20,5,1,2
3,4,19,12,0,4
1,21,8,15,0,4
3,18,10,1,1,2
2,2,1,5,1,2
5,3,0,18,0,1
2,12,26,16,1,3
2,6,16,10,1,3
1,27,20,12,0,2
3,22,18,11,0,4
3,28,4,8,0,4
1,22,8,14,1,1
5,10,26,15,0,2
2,15,22,19,0,1
4,28,29,19,1,3
3,6,11,3,1,4
3,5,26,16,0,1
3,27,12,21,1,1
1,21,26,21,1,2
4,10,2,19,1,2
4,8,22,5,0,4
4,28,7,1,1,3
2,15,20,8,1,1
1,29,11,19,1,2
2,24,3,13,0,4
3,27,18,20,1,1
5,10,16,6,0,4
1,11,21,7,1,1
1,4,11,7,0,3
4,25,0,5,1,4
3,8,13,21,0,4
1,5,0,17,1,1
4,21,19,21,0,4
5,28,27,18,1,4
3,11,3,15,0,2
4,10,28,12,1,3
3,6,20,19,0,4
1,5,8,1,1,4
2,8,13,1,0,1
1,25,11,11,0,3
5,0,2,10,1,1
2,2,24,11,0,2
2,12,23,16,1,3
3,7,16,13,0,1
2,21,20,7,0,3
2,0,27,8,1,2
2,0,24,2,0,2
4,15,11,11,1,1
2,28,4,4,0,2
4,18,2,14,1,4
2,25,21,8,0,2
4,4,26,10,0,2
2,14,4,10,0,4
4,9,2,17,0,3
2,4,29,8,1,3
4,21,30,13,0,3
2,24,7,17,1,1
3,23,23,17,0,2
3,27,4,13,0,1
4,10,29,2,0,4
1,18,8,19,0,2
3,11,8,20,1,1
3,12,5,10,0,2
2,6,13,20,1,2
5,15,13,2,0,2
3,27,26,4,1,2
3,7,14,14,0,3
5,17,23,20,0,3
5,13,3,17,1,1
2,6,14,2,1,1
2,19,6,12,0,4
5,22,29,15,1,2
3,6,18,12,0,2
1,28,14,8,0,4
3,23,15,10,1,4
4,4,3,4,1,1
2,13,17,2,1,1
5,7,7,5,0,2
5,30,17,18,0,4
4,29,28,12,0,2
5,18,30,14,1,1
4,24,23,16,1,1
1,4,3,17,1,1
4,11,27,16,0,2
1,26,0,14,1,4
5,30,11,20,0,4
2,15,3,3,0,4
1,8,25,15,1,2
2,23,4,21,0,3
5,29,11,7,1,2
5,13,22,19,1,4
4,30,23,6,0,2
3,14,12,15,1,3
1,26,6,4,1,4
5,14,29,5,1,2
3,4,8,17,1,1
1,15,9,15,0,4
2,18,12,8,1,3
4,2,10,20,1,3
1,28,0,4,1,2
1,26,12,13,1,1
1,22,27,11,1,4
2,25,15,13,1,1
5,30,9,15,0,3
2,22,11,2,1,4
4,1,20,18,0,1
5,26,3,15,0,2
1,7,28,20,1,3
1,3,16,14,0,3
3,7,0,17,0,2
4,11,2,4,1,3
2,17,3,3,0,1
1,28,7,9,0,3
4,29,18,16,1,4
1,18,14,11,0,3
5,22,14,3,0,1
1,26,15,6,0,2
3,6,14,20,0,4
1,17,0,10,1,4
3,3,7,15,1,4
3,30,19,12,0,3
3,23,2,1,1,4
2,18,0,13,1,3
2,15,19,20,0,4
5,16,16,2,0,1
3,4,5,15,1,2
2,1,27,15,1,2
1,0,23,19,0,4
5,22,24,20,0,4
4,14,7,14,1,3
1,24,14,21,1,4
1,0,22,11,1,4
5,3,0,20,0,2
4,11,30,6,0,1
4,18,15,6,0,2
1,29,21,7,1,3
4,2,11,12,1,4
1,28,2,5,1,3
2,10,27,9,0,4
1,4,14,4,0,4
3,23,1,5,0,2
5,4,11,18,1,1
4,30,28,10,1,2
2,14,20,8,1,4
2,5,23,7,1,2
5,9,6,19,0,3
5,19,11,16,0,3
5,25,17,3,0,2
2,4,22,3,0,2
5,16,19,10,0,4
3,30,12,11,1,3
4,15,30,1,0,1
2,22,30,17,0,3
3,24,9,12,1,1
2,12,17,9,0,4
1,10,7,17,0,1
4,30,23,10,0,3
1,17,8,2,1,3
3,10,8,11,0,2
2,26,12,12,1,4
5,7,20,2,0,1
1,23,25,14,1,2
5,3,4,21,0,2
3,11,26,7,1,1
2,19,30,14,0,3
4,25,27,12,1,2
3,30,29,17,0,1
4,29,2,18,0,2
5,25,12,14,0,3
3,4,15,11,0,1
4,16,3,10,0,1
5,22,28,1,0,2
5,17,16,21,1,3
5,3,27,9,1,1
3,5,9,17,0,1
1,12,27,5,1,2
2,30,18,13,1,1
5,3,1,16,0,4
2,18,3,8,1,3
2,12,5,1,0,4
5,23,29,6,0,3
4,18,13,5,1,2
3,13,17,12,0,1
2,1,14,3,1,3
4,6,23,9,1,4
3,3,10,15,1,1
4,7,14,14,1,3
1,23,12,16,0,1
5,11,13,2,0,4
5,15,19,18,0,4
3,10,24,2,0,4
5,3,29,10,0,3
3,19,28,7,1,4
1,7,30,14,0,4
3,11,24,12,0,1
4,3,28,17,0,1
2,4,10,18,0,2
5,0,13,13,0,3
5,0,19,2,0,1
4,27,30,21,0,1
3,11,6,16,1,2
5,0,14,5,0,2
4,21,2,5,0,4
1,20,4,13,1,3
1,6,17,13,0,1
4,21,18,6,1,2
2,6,2,7,1,1
1,4,20,21,0,2
3,26,9,21,0,2
5,28,0,17,1,1
4,2,16,21,0,2
4,9,28,11,0,3
1,23,27,1,0,4
1,13,29,20,1,2
5,0,14,3,0,2
1,16,6,20,0,3
4,30,30,10,1,1
3,28,10,10,0,3
5,24,26,20,1,1
1,29,0,11,0,1
2,19,28,8,0,3
3,0,29,1,0,1
4,0,5,3,0,4
2,28,3,9,0,1
3,19,0,16,0,4
3,24,29,13,1,3
2,21,2,18,1,2
1,12,7,18,1,3
2,6,26,12,0,4
2,7,17,11,1,3
1,21,17,6,1,4
4,9,3,2,0,3
3,9,13,14,1,4
5,26,11,16,1,1
4,19,29,2,0,2
1,0,30,12,0,3
2,15,29,16,0,1
5,26,15,4,1,1
1,11,13,5,1,4
4,24,9,8,1,3
3,10,15,17,0,1
1,18,29,4,1,2
1,30,8,11,1,1
4,11,4,20,1,2
3,10,16,16,0,3
5,24,1,7,0,4
1,28,25,14,1,2
5,23,30,13,1,1
4,15,0,14,0,2
3,20,3,11,0,2
2,30,0,6,0,4
1,13,16,5,0,2
4,28,5,16,1,2
5,9,10,9,1,4
5,17,12,9,0,3
3,16,8,20,1,4
5,2,1,7,0,3
5,20,4,6,1,2
1,13,8,20,1,1
2,19,10,2,0,2
4,15,19,18,0,4
2,6,11,6,1,4
2,1,18,8,0,3
1,10,5,20,1,2
5,18,15,5,0,1
4,28,26,17,0,3
5,0,6,10,1,2
4,8,10,15,0,2
2,8,20,20,0,1
5,2,28,12,0,4
2,2,3,17,1,2
4,18,4,11,0,2
3,2,30,5,1,3
2,0,10,7,0,3
4,5,1,5,1,1
3,17,24,21,0,2
4,12,29,13,0,3
1,10,23,19,1,1
5,3,23,8,1,2
3,5,25,3,0,1
3,30,10,9,0,3
3,14,2,11,0,4
1,11,25,6,1,1
2,28,14,8,1,3
5,14,18,21,1,3
3,5,30,1,0,1
2,10,25,14,1,2
4,28,7,13,1,3
2,21,23,2,1,4
2,1,25,12,1,1
5,21,30,14,0,1
1,16,16,1,1,1
2,13,13,20,1,1
5,27,15,7,0,2
4,7,13,5,1,4
2,6,23,3,0,4
1,20,14,12,0,3
5,16,23,8,0,1
1,19,21,10,0,4
4,22,14,8,1,4
1,29,22,1,0,1
3,10,9,17,0,3
3,3,15,16,0,4
3,30,28,13,1,4
5,6,0,13,0,3
3,2,5,20,1,3
3,15,28,18,1,2
2,13,11,9,1,3
4,8,2,20,0,4
3,5,5,16,1,3
5,4,18,19,0,1
1,5,28,5,0,1
4,12,2,15,1,4
4,10,16,19,1,4
2,12,11,2,1,1
4,2,22,14,0,1
5,20,5,1,0,2
5,0,5,1,0,2
5,13,14,7,1,1
5,18,17,18,0,1
3,17,1,8,0,4
5,19,26,6,1,3
4,8,17,11,0,4
1,1,17,3,1,3
2,7,17,9,1,3
1,25,30,20,1,2
3,11,30,14,1,4
1,30,6,2,0,1
1,0,7,4,1,4
2,3,8,17,0,3
5,24,22,15,0,1
5,16,2,10,1,2
4,19,22,16,0,2
3,10,7,21,0,3
5,9,2,10,0,4
1,12,29,1,0,1
1,22,20,6,1,3
2,10,22,3,1,4
1,22,16,19,1,3
4,14,4,19,1,1
4,30,7,4,1,3
3,14,27,7,0,4
2,19,13,11,0,4
1,13,7,9,0,2
4,4,10,8,1,2
3,28,14,5,1,4
5,5,29,8,0,3
1,18,8,12,0,3
2,16,19,12,0,3
5,16,5,2,0,2
3,6,10,5,0,1
3,27,22,21,0,3
1,24,28,1,0,1
3,23,5,8,0,4
1,17,26,17,0,3
1,5,13,11,0,3
1,24,3,3,0,3
1,16,30,15,1,4
1,29,22,2,0,1
5,12,23,10,0,1
5,11,26,14,0,3
5,9,28,12,0,1
3,23,15,18,0,4
5,14,1,5,1,4
1,5,7,8,0,3
1,13,11,8,1,4
4,12,17,17,1,4
1,7,27,16,1,2
4,28,16,12,1,3
5,8,20,17,1,3
1,13,2,9,0,2
1,8,4,19,0,3
4,24,25,1,0,2
5,18,15,7,0,4
5,13,0,6,0,2
5,8,3,8,0,3
2,26,29,8,0,3
3,8,29,1,0,4
3,27,24,14,1,4
3,24,9,1,1,2
2,2,26,1,0,1
2,13,9,12,1,3
2,17,10,14,1,2
1,3,9,19,1,4
5,16,1,9,0,4
3,1,27,7,0,1
4,20,1,13,0,1
1,21,26,11,0,1
5,29,18,7,0,1
2,22,1,3,0,4
5,13,4,13,0,3
1,16,17,21,0,3
2,30,14,14,0,4
1,9,19,3,1,3
4,12,27,19,0,4
3,22,28,2,1,4
2,27,9,4,0,2
5,9,17,7,1,3
1,15,12,12,1,1
4,26,26,11,1,4
5,9,18,21,1,1
3,17,27,12,0,1
1,16,27,16,1,3
1,0,28,11,0,2
5,21,14,11,1,3
4,17,29,16,0,2
2,1,2,2,1,1
5,16,7,21,1,3
4,15,18,7,1,1
5,22,26,10,1,1
4,18,4,10,0,3
5,27,1,1,1,2
2,18,27,7,1,2
2,12,19,2,0,4
1,3,11,7,1,1
1,17,10,3,1,1
5,12,11,19,1,1
4,5,23,13,0,3
1,29,8,16,0,2
4,3,26,9,1,1
5,11,13,7,0,1
4,0,28,12,0,3
2,6,2,16,0,3
2,9,15,21,0,2
4,17,25,12,1,4
5,22,5,12,0,1
1,3,16,19,1,2
1,0,13,2,1,1
3,24,22,16,0,4
1,27,0,17,0,3
4,16,25,17,0,2
3,27,10,13,0,4
1,28,24,1,1,1
1,1,2,6,0,4
2,6,27,7,0,3
5,21,2,1,1,1
3,20,20,13,1,4
2,0,28,12,1,4
2,17,18,5,1,2
5,21,1,11,0,4
5,12,6,5,0,4
4,6,2,20,1,3
5,17,11,18,1,3
3,14,30,21,0,2
1,26,14,18,1,1
4,23,16,11,1,1
5,26,21,3,1,1
5,10,16,21,0,3
4,6,17,19,0,3
2,9,11,10,1,3
3,7,23,10,0,4
3,8,27,8,1,1
3,29,17,14,1,2
4,9,16,21,1,2
1,28,8,19,1,1
5,14,29,11,0,2
5,7,5,1,0,3
5,26,21,19,0,3
1,6,18,12,1,3
2,25,6,6,1,3
1,18,27,11,0,2
5,16,24,13,0,2
3,13,27,9,1,3
1,19,12,10,1,4
4,9,25,12,1,1
2,17,26,10,1,1
4,25,1,21,0,4
4,26,6,3,0,3
4,28,5,2,0,3
4,3,16,2,0,3
3,27,16,3,1,1
2,25,12,18,1,2
4,10,9,6,1,1
2,29,11,5,1,3
2,12,23,3,0,2
3,14,4,21,1,3
5,10,30,3,1,1
2,24,29,20,0,3
3,20,18,4,0,4
3,17,26,11,0,2
5,30,28,10,1,3
5,11,29,18,1,2
3,5,18,9,1,1
2,20,10,4,1,4
5,25,23,7,1,3
5,6,15,8,0,4
5,21,25,17,0,3
4,4,7,4,0,1
1,7,16,19,1,3
1,2,6,1,1,3
4,24,19,5,1,3
3,22,1,12,1,3
4,1,18,14,1,4
4,11,3,12,0,4
4,7,3,12,0,1
4,19,28,9,0,4
5,26,29,3,0,3
4,28,7,15,1,1
5,9,21,2,1,1
5,2,25,15,0,1
1,27,29,17,1,1
3,20,17,6,1,4
1,17,10,5,0,4
3,20,23,6,0,2
2,20,22,16,0,1
3,14,5,10,1,3
5,2,24,13,1,2
2,26,21,20,0,2
5,2,0,18,0,4
2,3,30,11,0,2
3,13,20,18,0,1
5,25,21,7,1,1
4,0,4,3,1,1
5,11,5,1,0,4
2,13,3,20,0,1
5,13,14,6,1,4
5,4,8,14,0,1
5,0,30,6,0,1
1,3,25,12,1,1
5,16,4,20,1,1
4,15,30,20,1,3
4,9,2,14,0,3
4,22,26,10,1,2
5,30,13,10,1,3
2,12,29,4,1,3
5,2,27,7,0,1
1,15,11,1,0,2
3,12,25,11,0,4
1,26,0,18,0,2
5,4,16,9,0,3
3,11,20,2,1,4
4,15,30,17,0,2
3,23,0,5,0,3
3,3,27,4,1,4
3,23,20,14,0,1
4,22,29,14,1,2
5,3,3,15,0,4
2,21,9,10,0,3
3,19,16,3,1,3
1,8,30,7,0,1
2,6,4,7,0,3
5,7,22,12,0,4
5,3,0,17,1,3
5,25,2,2,1,1
1,18,1,4,0,3
5,28,27,3,0,1
4,4,14,7,0,1
1,9,0,19,0,2
4,26,29,16,0,2
1,2,24,19,1,2
4,29,30,14,1,3
4,15,16,10,0,3
4,1,10,13,0,3
3,5,25,18,0,2
2,8,8,5,1,1
3,27,0,5,0,1
1,14,30,4,1,3
3,4,13,11,1,2
2,6,15,2,1,3
