dataset_size: 3000
epsilon: 0.1
generate_time: 165.28271389007568
num_of_runs: 4
query_count: 400
test_start_time: 1622808636.4730382
timestamp: '2021-06-04T12:24:33'
tool: smartnoise_mwem
