batch_size: 500
dataset_size: 7000
epochs: 300
epsilon: 0.25
generate_time: 4.828534364700317
num_of_runs: 0
test_start_time: 1620916056.9825292
timestamp: '2021-05-13T15:32:34'
tool: smartnoise_patectgan
