batch_size: 500
dataset_size: 5000
epochs: 300
epsilon: 1.25
generate_time: 4.296662330627441
num_of_runs: 0
test_start_time: 1622827794.5904334
timestamp: '2021-06-04T17:30:53'
tool: smartnoise_dpctgan
