batch_size: 500
dataset_size: 7000
epochs: 300
epsilon: 3.0
generate_time: 19.455119609832764
num_of_runs: 0
test_start_time: 1620770845.2818708
timestamp: '2021-05-11T23:06:37'
tool: smartnoise_patectgan
