batch_size: 1500
dataset_size: 2000
epochs: 300
epsilon: 2.75
generate_time: 4.380616903305054
num_of_runs: 0
test_start_time: 1620770845.2818708
timestamp: '2021-05-11T22:18:24'
tool: smartnoise_patectgan
