batch_size: 500
dataset_size: 9358
epochs: 300
epsilon: 0.25
generate_time: 6.875560522079468
num_of_runs: 0
test_start_time: 1622817925.549972
timestamp: '2021-06-04T14:45:33'
tool: smartnoise_patectgan
