batch_size: 500
dataset_size: 3000
epochs: 300
epsilon: 2.0
generate_time: 7.103128910064697
num_of_runs: 0
test_start_time: 1620770845.2818708
timestamp: '2021-05-11T22:22:28'
tool: smartnoise_patectgan
