dataset_size: 6000
epsilon: 1.25
generate_time: 1181.132695198059
num_of_runs: 0
query_count: 400
test_start_time: 1621070261.1989787
timestamp: '2021-05-18T09:20:22'
tool: smartnoise_mwem
