batch_size: 300
dataset_size: 8500
epochs: 100
epsilon: 1.75
generate_time: 67.80402970314026
num_of_runs: 0
test_start_time: 1620925882.370055
timestamp: '2021-05-13T20:53:08'
tool: smartnoise_dpctgan
