batch_size: 500
dataset_size: 2000
epochs: 300
epsilon: 1.25
generate_time: 5.576418399810791
num_of_runs: 0
test_start_time: 1622888437.08688
timestamp: '2021-06-05T10:22:12'
tool: smartnoise_dpctgan
