batch_size: 500
dataset_size: 1000
epochs: 100
epsilon: 0.75
generate_time: 1.9623544216156006
num_of_runs: 0
test_start_time: 1620916056.9825292
timestamp: '2021-05-13T14:28:16'
tool: smartnoise_patectgan
