dataset_size: 1000
epsilon: 2.0
generate_time: 143.02655410766602
num_of_runs: 0
query_count: 400
test_start_time: 1621070261.1989787
timestamp: '2021-05-15T10:20:02'
tool: smartnoise_mwem
