dataset_size: 4000
epsilon: 2.75
generate_time: 615.3907556533813
num_of_runs: 0
query_count: 400
test_start_time: 1621070261.1989787
timestamp: '2021-05-16T02:05:18'
tool: smartnoise_mwem
