batch_size: 300
dataset_size: 6000
epochs: 500
epsilon: 2.0
generate_time: 46.95856475830078
num_of_runs: 0
test_start_time: 1620925882.370055
timestamp: '2021-05-13T18:34:02'
tool: smartnoise_dpctgan
