dataset_size: 2000
epsilon: 0.75
generate_time: 153.73854422569275
num_of_runs: 0
query_count: 200
test_start_time: 1621070261.1989787
timestamp: '2021-05-15T11:16:45'
tool: smartnoise_mwem
