batch_size: 300
dataset_size: 9358
epochs: 300
epsilon: 0.75
generate_time: 7.896106004714966
num_of_runs: 0
test_start_time: 1620916056.9825292
timestamp: '2021-05-13T16:43:20'
tool: smartnoise_patectgan
