dataset_size: 5000
epsilon: 1.0
generate_time: 665.1963970661163
num_of_runs: 0
query_count: 200
test_start_time: 1621070261.1989787
timestamp: '2021-05-16T10:00:13'
tool: smartnoise_mwem
