batch_size: 500
dataset_size: 9000
epochs: 300
epsilon: 0.75
generate_time: 11.505343437194824
num_of_runs: 0
test_start_time: 1620925882.370055
timestamp: '2021-05-13T21:45:58'
tool: smartnoise_dpctgan
