batch_size: 300
dataset_size: 2000
epochs: 300
epsilon: 1.5
generate_time: 10.543070077896118
num_of_runs: 0
test_start_time: 1621062425.03643
timestamp: '2021-05-15T07:12:19'
tool: smartnoise_patectgan
