batch_size: 300
dataset_size: 7000
epochs: 500
epsilon: 2.75
generate_time: 113.57481932640076
num_of_runs: 0
test_start_time: 1620925882.370055
timestamp: '2021-05-13T19:32:14'
tool: smartnoise_dpctgan
