batch_size: 500
dataset_size: 1000
epochs: 500
epsilon: 0.25
generate_time: 1.045816421508789
num_of_runs: 0
test_start_time: 1620503348.7852345
timestamp: '2021-05-08T19:49:26'
tool: smartnoise_dpctgan
