batch_size: 500
dataset_size: 9358
epochs: 300
epsilon: 0.5
generate_time: 6.892759799957275
num_of_runs: 0
test_start_time: 1622820766.2789233
timestamp: '2021-06-04T15:33:22'
tool: smartnoise_dpctgan
