batch_size: 300
dataset_size: 3000
epochs: 300
epsilon: 3.0
generate_time: 35.29609751701355
num_of_runs: 0
test_start_time: 1621246701.1382108
timestamp: '2021-05-17T10:31:25'
tool: smartnoise_dpctgan
