batch_size: 500
dataset_size: 4000
epochs: 300
epsilon: 1.25
generate_time: 6.266387462615967
num_of_runs: 0
test_start_time: 1620925882.370055
timestamp: '2021-05-13T17:40:36'
tool: smartnoise_dpctgan
