dataset_size: 5000
epsilon: 1.0
generate_time: 621.5066084861755
num_of_runs: 0
query_count: 400
test_start_time: 1621070261.1989787
timestamp: '2021-05-16T10:10:35'
tool: smartnoise_mwem
