batch_size: 100
dataset_size: 5000
epochs: 300
epsilon: 1.0
generate_time: 10.21972393989563
num_of_runs: 0
test_start_time: 1620770845.2818708
timestamp: '2021-05-11T22:36:25'
tool: smartnoise_patectgan
