batch_size: 300
dataset_size: 7000
epochs: 500
epsilon: 1.25
generate_time: 8.920824766159058
num_of_runs: 0
test_start_time: 1620503348.7852345
timestamp: '2021-05-08T20:53:41'
tool: smartnoise_dpctgan
