batch_size: 500
dataset_size: 1000
epochs: 300
epsilon: 0.1
generate_time: 1.9131560325622559
num_of_runs: 3
test_start_time: 1622807027.4741983
timestamp: '2021-06-04T11:43:55'
tool: smartnoise_patectgan
