batch_size: 500
dataset_size: 6000
epochs: 300
epsilon: 0.5
generate_time: 8.127007722854614
num_of_runs: 0
test_start_time: 1622819155.8664403
timestamp: '2021-06-04T15:06:03'
tool: smartnoise_patectgan
