batch_size: 500
dataset_size: 1000
epochs: 300
epsilon: 2.75
generate_time: 7.7613160610198975
num_of_runs: 0
test_start_time: 1622904500.889275
timestamp: '2021-06-05T14:50:19'
tool: smartnoise_dpctgan
