dataset_size: 1000
epsilon: 1.0
generate_time: 141.9388768672943
num_of_runs: 0
query_count: 200
test_start_time: 1621070261.1989787
timestamp: '2021-05-15T09:49:07'
tool: smartnoise_mwem
