batch_size: 500
dataset_size: 2000
epochs: 300
epsilon: 3.0
generate_time: 11.868674993515015
num_of_runs: 0
test_start_time: 1620916056.9825292
timestamp: '2021-05-13T14:43:12'
tool: smartnoise_patectgan
