batch_size: 300
dataset_size: 5000
epochs: 100
epsilon: 2.5
generate_time: 49.16851258277893
num_of_runs: 0
test_start_time: 1620925882.370055
timestamp: '2021-05-13T18:09:47'
tool: smartnoise_dpctgan
