dataset_size: 3000
epsilon: 1.25
generate_time: 165.26713275909424
num_of_runs: 0
query_count: 200
test_start_time: 1621070261.1989787
timestamp: '2021-05-15T13:15:04'
tool: smartnoise_mwem
