batch_size: 500
dataset_size: 3000
epochs: 300
epsilon: 0.1
generate_time: 4.560255527496338
num_of_runs: 3
test_start_time: 1622808615.553602
timestamp: '2021-06-04T12:10:29'
tool: smartnoise_patectgan
