batch_size: 500
dataset_size: 4000
epochs: 100
epsilon: 2.0
generate_time: 8.516643285751343
num_of_runs: 0
test_start_time: 1620503348.7852345
timestamp: '2021-05-08T20:18:31'
tool: smartnoise_dpctgan
