batch_size: 300
dataset_size: 2000
epochs: 500
epsilon: 1.5
generate_time: 6.3496317863464355
num_of_runs: 0
test_start_time: 1620916056.9825292
timestamp: '2021-05-13T14:36:52'
tool: smartnoise_patectgan
