batch_size: 300
dataset_size: 8000
epochs: 300
epsilon: 1.0
generate_time: 8.553499460220337
num_of_runs: 0
test_start_time: 1620916056.9825292
timestamp: '2021-05-13T15:50:13'
tool: smartnoise_patectgan
