batch_size: 500
dataset_size: 3000
epochs: 300
epsilon: 1.0
generate_time: 4.560255527496338
num_of_runs: 0
test_start_time: 1622823978.1039038
timestamp: '2021-06-04T16:26:25'
tool: smartnoise_patectgan
