batch_size: 300
dataset_size: 6000
epochs: 300
epsilon: 2.25
generate_time: 57.63179659843445
num_of_runs: 0
test_start_time: 1620925882.370055
timestamp: '2021-05-13T18:36:58'
tool: smartnoise_dpctgan
