batch_size: 300
dataset_size: 4000
epochs: 300
epsilon: 1.5
generate_time: 15.31861400604248
num_of_runs: 0
test_start_time: 1621062425.03643
timestamp: '2021-05-15T07:23:35'
tool: smartnoise_patectgan
