batch_size: 300
dataset_size: 1000
epochs: 300
epsilon: 2.25
generate_time: 5.577903509140015
num_of_runs: 0
test_start_time: 1620925882.370055
timestamp: '2021-05-13T17:14:49'
tool: smartnoise_dpctgan
