dataset_size: 3000
epsilon: 1.0
generate_time: 165.28271389007568
num_of_runs: 0
query_count: 400
test_start_time: 1622823989.406028
timestamp: '2021-06-04T16:29:15'
tool: smartnoise_mwem
