batch_size: 500
dataset_size: 1000
epochs: 300
epsilon: 1.25
generate_time: 5.365802764892578
num_of_runs: 0
test_start_time: 1621062425.03643
timestamp: '2021-05-15T07:08:08'
tool: smartnoise_patectgan
