batch_size: 300
dataset_size: 4000
epochs: 300
epsilon: 1.5
generate_time: 8.202164888381958
num_of_runs: 0
test_start_time: 1620916056.9825292
timestamp: '2021-05-13T14:56:05'
tool: smartnoise_patectgan
