batch_size: 300
dataset_size: 8000
epochs: 500
epsilon: 2.5
generate_time: 24.931243419647217
num_of_runs: 0
test_start_time: 1620503348.7852345
timestamp: '2021-05-08T21:16:16'
tool: smartnoise_dpctgan
