dataset_size: 4000
epsilon: 1.25
generate_time: 613.6560740470886
num_of_runs: 0
query_count: 600
test_start_time: 1621070261.1989787
timestamp: '2021-05-15T18:05:15'
tool: smartnoise_mwem
