batch_size: 300
dataset_size: 3000
epochs: 300
epsilon: 0.5
generate_time: 8.141481161117554
num_of_runs: 0
test_start_time: 1621062425.03643
timestamp: '2021-05-15T07:16:08'
tool: smartnoise_patectgan
