batch_size: 300
dataset_size: 8500
epochs: 100
epsilon: 0.1
generate_time: 5.821017026901245
num_of_runs: 0
test_start_time: 1620916056.9825292
timestamp: '2021-05-13T16:04:49'
tool: smartnoise_patectgan
