batch_size: 300
dataset_size: 1000
epochs: 300
epsilon: 0.5
generate_time: 4.162594795227051
num_of_runs: 0
test_start_time: 1621062425.03643
timestamp: '2021-05-15T07:07:28'
tool: smartnoise_patectgan
