batch_size: 500
dataset_size: 2000
epochs: 300
epsilon: 1.75
generate_time: 98.70376324653625
noise_multiplier: 0.001
num_of_runs: 0
sample_per_teacher: 1000
student_iters: 5
teacher_iters: 5
test_start_time: 1622892497.7500396
timestamp: '2021-06-05T11:29:56'
tool: smartnoise_patectgan
