dataset_size: 4000
epsilon: 0.75
generate_time: 609.6482856273651
num_of_runs: 0
query_count: 400
test_start_time: 1621070261.1989787
timestamp: '2021-05-15T16:50:32'
tool: smartnoise_mwem
