batch_size: 500
dataset_size: 6000
epochs: 500
epsilon: 0.25
generate_time: 4.3557024002075195
num_of_runs: 0
test_start_time: 1620925882.370055
timestamp: '2021-05-13T18:22:35'
tool: smartnoise_dpctgan
