dataset_size: 5000
epsilon: 3.0
generate_time: 671.8106956481934
num_of_runs: 0
query_count: 400
test_start_time: 1621070261.1989787
timestamp: '2021-05-18T05:36:42'
tool: smartnoise_mwem
