batch_size: 300
dataset_size: 5000
epochs: 300
epsilon: 1.0
generate_time: 14.009758472442627
num_of_runs: 0
test_start_time: 1621062425.03643
timestamp: '2021-05-15T07:30:26'
tool: smartnoise_patectgan
