batch_size: 500
dataset_size: 6000
epochs: 300
epsilon: 1.5
generate_time: 8.127007722854614
num_of_runs: 0
test_start_time: 1620916056.9825292
timestamp: '2021-05-13T15:21:34'
tool: smartnoise_patectgan
