dataset_size: 2000
epsilon: 0.75
generate_time: 153.19464778900146
num_of_runs: 0
query_count: 400
test_start_time: 1621070261.1989787
timestamp: '2021-05-15T11:19:18'
tool: smartnoise_mwem
