dataset_size: 4000
epsilon: 0.1
generate_time: 472.09026074409485
num_of_runs: 0
query_count: 600
test_start_time: 1621070261.1989787
timestamp: '2021-05-15T15:25:42'
tool: smartnoise_mwem
