batch_size: 500
dataset_size: 7000
epochs: 300
epsilon: 0.1
generate_time: 12.527544736862183
num_of_runs: 4
test_start_time: 1622813728.87848
timestamp: '2021-06-04T13:36:31'
tool: smartnoise_dpctgan
