batch_size: 300
dataset_size: 3000
epochs: 500
epsilon: 2.5
generate_time: 15.132027626037598
num_of_runs: 0
test_start_time: 1620916056.9825292
timestamp: '2021-05-13T14:49:38'
tool: smartnoise_patectgan
