batch_size: 300
dataset_size: 4000
epochs: 300
epsilon: 1.5
generate_time: 8.050825595855713
num_of_runs: 0
test_start_time: 1620503348.7852345
timestamp: '2021-05-08T20:16:30'
tool: smartnoise_dpctgan
