batch_size: 300
dataset_size: 8000
epochs: 300
epsilon: 2.25
generate_time: 96.72894549369812
num_of_runs: 0
test_start_time: 1620925882.370055
timestamp: '2021-05-13T20:07:39'
tool: smartnoise_dpctgan
