batch_size: 500
dataset_size: 9000
epochs: 300
epsilon: 1.25
generate_time: 5.91032600402832
num_of_runs: 0
test_start_time: 1622830208.3154283
timestamp: '2021-06-04T18:10:29'
tool: smartnoise_patectgan
