batch_size: 500
dataset_size: 5000
epochs: 300
epsilon: 0.5
generate_time: 4.296662330627441
num_of_runs: 0
test_start_time: 1622819138.1544132
timestamp: '2021-06-04T15:05:52'
tool: smartnoise_dpctgan
