batch_size: 500
dataset_size: 2000
epochs: 300
epsilon: 0.25
generate_time: 4.1816675662994385
num_of_runs: 0
test_start_time: 1622816037.8243566
timestamp: '2021-06-04T14:14:02'
tool: smartnoise_dpctgan
