batch_size: 1500
dataset_size: 4000
epochs: 300
epsilon: 0.1
generate_time: 2.486980676651001
num_of_runs: 0
test_start_time: 1620770845.2818708
timestamp: '2021-05-11T22:27:05'
tool: smartnoise_patectgan
