batch_size: 500
dataset_size: 1000
epochs: 300
epsilon: 1.25
generate_time: 1.8079264163970947
num_of_runs: 0
test_start_time: 1622826922.9918587
timestamp: '2021-06-04T17:15:30'
tool: smartnoise_dpctgan
