dataset_size: 3000
epsilon: 2.0
generate_time: 257.4394166469574
num_of_runs: 0
query_count: 400
test_start_time: 1621070261.1989787
timestamp: '2021-05-15T13:44:09'
tool: smartnoise_mwem
