batch_size: 300
dataset_size: 5000
epochs: 500
epsilon: 0.75
generate_time: 8.307399988174438
num_of_runs: 0
test_start_time: 1620925882.370055
timestamp: '2021-05-13T17:57:31'
tool: smartnoise_dpctgan
