batch_size: 500
dataset_size: 8500
epochs: 100
epsilon: 3.0
generate_time: 84.22636675834656
num_of_runs: 0
test_start_time: 1620925882.370055
timestamp: '2021-05-13T21:39:44'
tool: smartnoise_dpctgan
