batch_size: 300
dataset_size: 5000
epochs: 100
epsilon: 0.25
generate_time: 2.6287472248077393
num_of_runs: 0
test_start_time: 1620503348.7852345
timestamp: '2021-05-08T20:25:27'
tool: smartnoise_dpctgan
