batch_size: 300
dataset_size: 7000
epochs: 100
epsilon: 0.1
generate_time: 5.150535345077515
num_of_runs: 0
test_start_time: 1620916056.9825292
timestamp: '2021-05-13T15:31:43'
tool: smartnoise_patectgan
