dataset_size: 3000
epsilon: 0.1
generate_time: 164.3971471786499
num_of_runs: 0
query_count: 400
test_start_time: 1621070261.1989787
timestamp: '2021-05-15T12:36:35'
tool: smartnoise_mwem
