batch_size: 300
dataset_size: 9358
epochs: 100
epsilon: 3.0
generate_time: 34.74765396118164
num_of_runs: 0
test_start_time: 1620916056.9825292
timestamp: '2021-05-13T16:57:39'
tool: smartnoise_patectgan
