dataset_size: 6000
epsilon: 1.5
generate_time: 758.3242514133453
num_of_runs: 0
query_count: 600
test_start_time: 1621070261.1989787
timestamp: '2021-05-18T10:08:12'
tool: smartnoise_mwem
