dataset_size: 5000
epsilon: 0.25
generate_time: 712.8590059280396
num_of_runs: 0
query_count: 200
test_start_time: 1621070261.1989787
timestamp: '2021-05-16T08:19:27'
tool: smartnoise_mwem
