batch_size: 500
dataset_size: 9000
epochs: 100
epsilon: 2.0
generate_time: 40.29832100868225
num_of_runs: 0
test_start_time: 1620925882.370055
timestamp: '2021-05-13T22:06:43'
tool: smartnoise_dpctgan
