batch_size: 300
dataset_size: 6000
epochs: 300
epsilon: 1.0
generate_time: 6.119672536849976
num_of_runs: 0
test_start_time: 1620503348.7852345
timestamp: '2021-05-08T20:38:50'
tool: smartnoise_dpctgan
