dataset_size: 2000
epsilon: 1.25
generate_time: 154.36486792564392
num_of_runs: 0
query_count: 400
test_start_time: 1622826945.5203307
timestamp: '2021-06-04T17:18:21'
tool: smartnoise_mwem
