batch_size: 300
dataset_size: 5499
epochs: 300
epsilon: 0.1
generate_time: 17.660115957260132
num_of_runs: 0
test_start_time: 1621246701.1382108
timestamp: '2021-05-17T10:53:31'
tool: smartnoise_dpctgan
