batch_size: 500
dataset_size: 3000
epochs: 300
epsilon: 1.75
generate_time: 128.33890199661255
noise_multiplier: 0.001
num_of_runs: 0
sample_per_teacher: 1000
student_iters: 5
teacher_iters: 5
test_start_time: 1622892671.3433483
timestamp: '2021-06-05T11:33:19'
tool: smartnoise_patectgan
