dataset_size: 6000
epsilon: 0.25
generate_time: 652.461882352829
num_of_runs: 0
query_count: 600
test_start_time: 1621070261.1989787
timestamp: '2021-05-18T07:00:35'
tool: smartnoise_mwem
