batch_size: 300
dataset_size: 3000
epochs: 300
epsilon: 3.0
generate_time: 20.709123611450195
num_of_runs: 0
test_start_time: 1620916056.9825292
timestamp: '2021-05-13T14:52:17'
tool: smartnoise_patectgan
