dataset_size: 3000
epsilon: 0.25
generate_time: 164.0638027191162
num_of_runs: 0
query_count: 400
test_start_time: 1621070261.1989787
timestamp: '2021-05-15T12:44:50'
tool: smartnoise_mwem
