batch_size: 500
dataset_size: 2000
epochs: 300
epsilon: 2.0
generate_time: 57.173720598220825
noise_multiplier: 0.001
num_of_runs: 0
sample_per_teacher: 1000
student_iters: 5
teacher_iters: 5
test_start_time: 1622894665.5029101
timestamp: '2021-06-05T12:05:22'
tool: smartnoise_patectgan
