batch_size: 500
dataset_size: 1000
epochs: 100
epsilon: 0.25
generate_time: 2.3703176975250244
num_of_runs: 0
test_start_time: 1620925882.370055
timestamp: '2021-05-13T17:11:45'
tool: smartnoise_dpctgan
