dataset_size: 6000
epsilon: 1.5
generate_time: 770.1791021823883
num_of_runs: 0
query_count: 200
test_start_time: 1621070261.1989787
timestamp: '2021-05-18T09:44:43'
tool: smartnoise_mwem
