batch_size: 500
dataset_size: 2000
epochs: 500
epsilon: 2.25
generate_time: 7.828356504440308
num_of_runs: 0
test_start_time: 1620503348.7852345
timestamp: '2021-05-08T20:00:39'
tool: smartnoise_dpctgan
