dataset_size: 7000
epsilon: 0.1
generate_time: 215.03799319267273
num_of_runs: 3
query_count: 400
test_start_time: 1622812649.5333662
timestamp: '2021-06-04T13:31:50'
tool: smartnoise_mwem
