batch_size: 300
dataset_size: 6000
epochs: 300
epsilon: 1.0
generate_time: 6.456360340118408
num_of_runs: 0
test_start_time: 1620916056.9825292
timestamp: '2021-05-13T15:19:36'
tool: smartnoise_patectgan
