batch_size: 500
dataset_size: 8500
epochs: 300
epsilon: 1.25
generate_time: 5.821017026901245
num_of_runs: 0
test_start_time: 1622829480.8390646
timestamp: '2021-06-04T17:58:20'
tool: smartnoise_patectgan
