batch_size: 500
dataset_size: 1000
epochs: 300
epsilon: 2.25
generate_time: 7.694079875946045
noise_multiplier: 0.001
num_of_runs: 0
sample_per_teacher: 1000
student_iters: 5
teacher_iters: 5
test_start_time: 1622897641.6576965
timestamp: '2021-06-05T12:55:14'
tool: smartnoise_patectgan
