batch_size: 500
dataset_size: 8000
epochs: 500
epsilon: 0.5
generate_time: 6.120355129241943
num_of_runs: 0
test_start_time: 1620916056.9825292
timestamp: '2021-05-13T15:49:15'
tool: smartnoise_patectgan
