dataset_size: 3000
epsilon: 2.0
generate_time: 165.1293306350708
num_of_runs: 0
query_count: 600
test_start_time: 1621070261.1989787
timestamp: '2021-05-15T13:46:54'
tool: smartnoise_mwem
