batch_size: 500
dataset_size: 9358
epochs: 500
epsilon: 0.75
generate_time: 11.707300424575806
num_of_runs: 0
test_start_time: 1620925882.370055
timestamp: '2021-05-13T22:55:14'
tool: smartnoise_dpctgan
