batch_size: 500
dataset_size: 1000
epochs: 300
epsilon: 2.0
generate_time: 5.1727378368377686
num_of_runs: 0
test_start_time: 1620770845.2818708
timestamp: '2021-05-11T22:09:31'
tool: smartnoise_patectgan
