dataset_size: 5000
epsilon: 1.75
generate_time: 622.2844107151031
num_of_runs: 0
query_count: 400
test_start_time: 1621070261.1989787
timestamp: '2021-05-18T02:45:34'
tool: smartnoise_mwem
