batch_size: 300
dataset_size: 8000
epochs: 300
epsilon: 0.1
generate_time: 5.699194669723511
num_of_runs: 0
test_start_time: 1620916056.9825292
timestamp: '2021-05-13T15:47:41'
tool: smartnoise_patectgan
