batch_size: 300
dataset_size: 5000
epochs: 300
epsilon: 0.1
generate_time: 15.08898138999939
num_of_runs: 0
test_start_time: 1621246701.1382108
timestamp: '2021-05-17T10:41:11'
tool: smartnoise_dpctgan
