batch_size: 300
dataset_size: 7000
epochs: 500
epsilon: 2.25
generate_time: 19.422532081604004
num_of_runs: 0
test_start_time: 1620916056.9825292
timestamp: '2021-05-13T15:40:08'
tool: smartnoise_patectgan
