batch_size: 300
dataset_size: 8500
epochs: 500
epsilon: 2.25
generate_time: 20.795202255249023
num_of_runs: 0
test_start_time: 1620503348.7852345
timestamp: '2021-05-08T21:30:32'
tool: smartnoise_dpctgan
