batch_size: 500
dataset_size: 4000
epochs: 300
epsilon: 0.1
generate_time: 7.548401117324829
num_of_runs: 2
test_start_time: 1622810426.671508
timestamp: '2021-06-04T12:40:49'
tool: smartnoise_dpctgan
