dataset_size: 6000
epsilon: 0.5
generate_time: 723.1667501926422
num_of_runs: 0
query_count: 400
test_start_time: 1621070261.1989787
timestamp: '2021-05-18T07:25:19'
tool: smartnoise_mwem
