batch_size: 500
dataset_size: 3000
epochs: 100
epsilon: 0.75
generate_time: 3.190770387649536
num_of_runs: 0
test_start_time: 1620916056.9825292
timestamp: '2021-05-13T14:44:26'
tool: smartnoise_patectgan
