dataset_size: 1000
epsilon: 0.5
generate_time: 145.9996726512909
num_of_runs: 0
query_count: 400
test_start_time: 1621070261.1989787
timestamp: '2021-05-15T09:37:12'
tool: smartnoise_mwem
