batch_size: 500
dataset_size: 5499
epochs: 300
epsilon: 1.5
generate_time: 16.9840304851532
num_of_runs: 0
test_start_time: 1621062425.03643
timestamp: '2021-05-15T07:40:04'
tool: smartnoise_patectgan
