batch_size: 500
dataset_size: 5000
epochs: 500
epsilon: 1.5
generate_time: 6.404890060424805
num_of_runs: 0
test_start_time: 1620503348.7852345
timestamp: '2021-05-08T20:28:08'
tool: smartnoise_dpctgan
