batch_size: 100
dataset_size: 4000
epochs: 300
epsilon: 1.0
generate_time: 9.297268152236938
num_of_runs: 0
test_start_time: 1620770845.2818708
timestamp: '2021-05-11T22:27:52'
tool: smartnoise_patectgan
