batch_size: 300
dataset_size: 7000
epochs: 300
epsilon: 1.75
generate_time: 13.719404220581055
num_of_runs: 0
test_start_time: 1620916056.9825292
timestamp: '2021-05-13T15:36:56'
tool: smartnoise_patectgan
