batch_size: 500
dataset_size: 8500
epochs: 100
epsilon: 0.1
generate_time: 6.669079780578613
num_of_runs: 0
test_start_time: 1620925882.370055
timestamp: '2021-05-13T20:39:45'
tool: smartnoise_dpctgan
