dataset_size: 8000
epsilon: 1.0
generate_time: 224.76431894302368
num_of_runs: 0
query_count: 400
test_start_time: 1622825276.618201
timestamp: '2021-06-04T16:51:41'
tool: smartnoise_mwem
