batch_size: 4
dataset_size: 9000
dp_l2_norm_clip: 0.1
dp_noise_multiplier: 0.3
epochs: 100
epsilon: 56.1027
generate_time: 546.4796254634857
learning_rate: 0.001
num_of_runs: 0
predict_batch_size: 1
rnn_units: 32
test_start_time: 1621018488.0677025
timestamp: '2021-05-14T20:12:47'
validator: gretel
tool: gretel
