dataset_size: 2000
epsilon: 0.1
generate_time: 153.32916069030762
num_of_runs: 0
query_count: 200
test_start_time: 1621070261.1989787
timestamp: '2021-05-15T10:53:40'
tool: smartnoise_mwem
