batch_size: 300
dataset_size: 2000
epochs: 100
epsilon: 2.75
generate_time: 15.363204002380371
num_of_runs: 0
test_start_time: 1620916056.9825292
timestamp: '2021-05-13T14:40:52'
tool: smartnoise_patectgan
