batch_size: 500
dataset_size: 6000
epochs: 300
epsilon: 0.1
generate_time: 3.8047075271606445
num_of_runs: 0
test_start_time: 1620770845.2818708
timestamp: '2021-05-11T22:44:45'
tool: smartnoise_patectgan
