batch_size: 500
dataset_size: 2000
epochs: 300
epsilon: 0.1
generate_time: 2.5253069400787354
num_of_runs: 4
test_start_time: 1622807789.3914053
timestamp: '2021-06-04T11:56:42'
tool: smartnoise_patectgan
