dataset_size: 7000
epsilon: 0.75
generate_time: 212.83816194534302
num_of_runs: 0
query_count: 400
test_start_time: 1622822060.9970233
timestamp: '2021-06-04T15:57:53'
tool: smartnoise_mwem
