batch_size: 500
dataset_size: 2000
epochs: 300
epsilon: 1.25
generate_time: 12.253826379776001
noise_multiplier: 0.001
num_of_runs: 0
sample_per_teacher: 1000
student_iters: 5
teacher_iters: 5
test_start_time: 1622888417.499719
timestamp: '2021-06-05T10:20:29'
tool: smartnoise_patectgan
