dataset_size: 5000
epsilon: 3.0
generate_time: 621.7993495464325
num_of_runs: 0
query_count: 200
test_start_time: 1621070261.1989787
timestamp: '2021-05-18T05:25:31'
tool: smartnoise_mwem
