batch_size: 500
dataset_size: 3000
epochs: 300
epsilon: 1.0
generate_time: 15.627859354019165
num_of_runs: 0
test_start_time: 1622824158.8272054
timestamp: '2021-06-04T16:29:34'
tool: smartnoise_dpctgan
