batch_size: 500
dataset_size: 5000
epochs: 300
epsilon: 0.25
generate_time: 7.720764398574829
num_of_runs: 0
test_start_time: 1622816438.9050317
timestamp: '2021-06-04T14:20:43'
tool: smartnoise_patectgan
