batch_size: 500
dataset_size: 5499
epochs: 300
epsilon: 2.0
generate_time: 31.147045850753784
num_of_runs: 0
test_start_time: 1621246701.1382108
timestamp: '2021-05-17T10:59:55'
tool: smartnoise_dpctgan
