dataset_size: 3000
epsilon: 3.0
generate_time: 165.62198400497437
num_of_runs: 0
query_count: 600
test_start_time: 1621070261.1989787
timestamp: '2021-05-15T15:11:57'
tool: smartnoise_mwem
