batch_size: 500
dataset_size: 8500
epochs: 300
epsilon: 0.1
generate_time: 53.20745587348938
num_of_runs: 0
test_start_time: 1622814294.9462528
timestamp: '2021-06-04T13:45:09'
tool: smartnoise_dpctgan
