batch_size: 900
dataset_size: 3000
epochs: 300
epsilon: 2.75
generate_time: 6.8025922775268555
num_of_runs: 0
test_start_time: 1620770845.2818708
timestamp: '2021-05-11T22:25:30'
tool: smartnoise_patectgan
