dataset_size: 4000
epsilon: 2.5
generate_time: 18476.912360668182
num_of_runs: 0
query_count: 400
test_start_time: 1621070261.1989787
timestamp: '2021-05-16T01:32:19'
tool: smartnoise_mwem
