batch_size: 500
dataset_size: 1000
epochs: 300
epsilon: 1.5
generate_time: 3.3630995750427246
num_of_runs: 0
test_start_time: 1620770845.2818708
timestamp: '2021-05-11T22:08:35'
tool: smartnoise_patectgan
