dataset_size: 3000
epsilon: 0.75
generate_time: 164.97820115089417
num_of_runs: 0
query_count: 400
test_start_time: 1621070261.1989787
timestamp: '2021-05-15T13:01:19'
tool: smartnoise_mwem
