batch_size: 500
dataset_size: 5000
epochs: 300
epsilon: 3.0
generate_time: 16.364588022232056
num_of_runs: 0
test_start_time: 1620916056.9825292
timestamp: '2021-05-13T15:17:12'
tool: smartnoise_patectgan
