batch_size: 300
dataset_size: 5499
epochs: 300
epsilon: 0.25
generate_time: 12.887020826339722
num_of_runs: 0
test_start_time: 1621062425.03643
timestamp: '2021-05-15T07:37:16'
tool: smartnoise_patectgan
