batch_size: 300
dataset_size: 8000
epochs: 100
epsilon: 2.25
generate_time: 20.919822454452515
num_of_runs: 0
test_start_time: 1620916056.9825292
timestamp: '2021-05-13T15:56:03'
tool: smartnoise_patectgan
