batch_size: 300
dataset_size: 5000
epochs: 500
epsilon: 1.0
generate_time: 12.051080465316772
num_of_runs: 0
test_start_time: 1620925882.370055
timestamp: '2021-05-13T17:58:23'
tool: smartnoise_dpctgan
