dataset_size: 1000
epsilon: 1.25
generate_time: 142.75417685508728
num_of_runs: 0
query_count: 200
test_start_time: 1621070261.1989787
timestamp: '2021-05-15T09:56:14'
tool: smartnoise_mwem
