batch_size: 500
dataset_size: 5000
epochs: 500
epsilon: 2.75
generate_time: 14.461886167526245
num_of_runs: 0
test_start_time: 1620916056.9825292
timestamp: '2021-05-13T15:15:25'
tool: smartnoise_patectgan
