batch_size: 500
dataset_size: 7000
epochs: 300
epsilon: 0.25
generate_time: 4.042373180389404
num_of_runs: 0
test_start_time: 1620503348.7852345
timestamp: '2021-05-08T20:51:31'
tool: smartnoise_dpctgan
