batch_size: 500
dataset_size: 4000
epochs: 300
epsilon: 3.0
generate_time: 169.65474128723145
noise_multiplier: 0.001
num_of_runs: 0
sample_per_teacher: 1000
student_iters: 5
teacher_iters: 5
test_start_time: 1622909937.8133657
timestamp: '2021-06-05T16:21:47'
tool: smartnoise_patectgan
