batch_size: 500
dataset_size: 6000
epochs: 300
epsilon: 0.75
generate_time: 28.753405570983887
num_of_runs: 0
test_start_time: 1622822006.0802398
timestamp: '2021-06-04T15:54:03'
tool: smartnoise_dpctgan
