dataset_size: 2000
epsilon: 0.1
generate_time: 154.36486792564392
num_of_runs: 4
query_count: 400
test_start_time: 1622807805.880103
timestamp: '2021-06-04T12:09:47'
tool: smartnoise_mwem
