batch_size: 300
dataset_size: 5499
epochs: 300
epsilon: 1.25
generate_time: 17.86591601371765
num_of_runs: 0
test_start_time: 1621062425.03643
timestamp: '2021-05-15T07:39:11'
tool: smartnoise_patectgan
