batch_size: 300
dataset_size: 7000
epochs: 500
epsilon: 3.0
generate_time: 31.48475480079651
num_of_runs: 0
test_start_time: 1620503348.7852345
timestamp: '2021-05-08T21:04:58'
tool: smartnoise_dpctgan
