batch_size: 300
dataset_size: 1000
epochs: 100
epsilon: 1.25
generate_time: 2.857717275619507
num_of_runs: 0
test_start_time: 1620925882.370055
timestamp: '2021-05-13T17:12:35'
tool: smartnoise_dpctgan
