batch_size: 500
dataset_size: 9358
epochs: 300
epsilon: 0.1
generate_time: 6.875560522079468
num_of_runs: 0
test_start_time: 1622814584.326808
timestamp: '2021-06-04T13:49:52'
tool: smartnoise_patectgan
