batch_size: 300
dataset_size: 8500
epochs: 100
epsilon: 1.75
generate_time: 14.302275896072388
num_of_runs: 0
test_start_time: 1620503348.7852345
timestamp: '2021-05-08T21:26:58'
tool: smartnoise_dpctgan
