dataset_size: 3000
epsilon: 0.1
generate_time: 166.65114092826843
num_of_runs: 1
query_count: 400
test_start_time: 1622808636.4730382
timestamp: '2021-06-04T12:16:10'
tool: smartnoise_mwem
