batch_size: 500
dataset_size: 3000
epochs: 300
epsilon: 1.75
generate_time: 6.025632619857788
num_of_runs: 0
test_start_time: 1620925882.370055
timestamp: '2021-05-13T17:29:43'
tool: smartnoise_dpctgan
