batch_size: 500
dataset_size: 5000
epochs: 300
epsilon: 2.5
generate_time: 21.572011709213257
num_of_runs: 0
test_start_time: 1621062425.03643
timestamp: '2021-05-15T07:34:37'
tool: smartnoise_patectgan
