batch_size: 300
dataset_size: 1000
epochs: 300
epsilon: 0.1
generate_time: 1.9623544216156006
num_of_runs: 0
test_start_time: 1622805319.832445
timestamp: '2021-06-04T11:15:21'
tool: smartnoise_patectgan
