batch_size: 500
dataset_size: 8000
epochs: 300
epsilon: 1.0
generate_time: 6.712415456771851
num_of_runs: 0
test_start_time: 1620770845.2818708
timestamp: '2021-05-11T23:08:48'
tool: smartnoise_patectgan
