batch_size: 1500
dataset_size: 1000
epochs: 300
epsilon: 2.25
generate_time: 2.6665256023406982
num_of_runs: 0
test_start_time: 1620770845.2818708
timestamp: '2021-05-11T22:10:15'
tool: smartnoise_patectgan
