batch_size: 300
dataset_size: 4000
epochs: 300
epsilon: 0.5
generate_time: 9.862709760665894
num_of_runs: 0
test_start_time: 1621062425.03643
timestamp: '2021-05-15T07:22:02'
tool: smartnoise_patectgan
