dataset_size: 4000
epsilon: 2.0
generate_time: 634.520694732666
num_of_runs: 0
query_count: 200
test_start_time: 1621070261.1989787
timestamp: '2021-05-15T19:20:17'
tool: smartnoise_mwem
