batch_size: 500
dataset_size: 6000
epochs: 300
epsilon: 1.0
generate_time: 28.753405570983887
num_of_runs: 0
test_start_time: 1622824883.5835564
timestamp: '2021-06-04T16:42:21'
tool: smartnoise_dpctgan
