batch_size: 300
dataset_size: 1000
epochs: 100
epsilon: 1.25
generate_time: 4.016146183013916
num_of_runs: 0
test_start_time: 1620916056.9825292
timestamp: '2021-05-13T14:28:40'
tool: smartnoise_patectgan
