dataset_size: 1000
epsilon: 2.5
generate_time: 141.70194578170776
num_of_runs: 0
query_count: 400
test_start_time: 1621070261.1989787
timestamp: '2021-05-15T10:34:26'
tool: smartnoise_mwem
