batch_size: 300
dataset_size: 5499
epochs: 300
epsilon: 2.5
generate_time: 30.45072054862976
num_of_runs: 0
test_start_time: 1621062425.03643
timestamp: '2021-05-15T07:43:07'
tool: smartnoise_patectgan
