batch_size: 500
dataset_size: 8000
epochs: 300
epsilon: 1.0
generate_time: 6.045958042144775
num_of_runs: 0
test_start_time: 1622825505.1547694
timestamp: '2021-06-04T16:53:20'
tool: smartnoise_dpctgan
