batch_size: 500
dataset_size: 8000
epochs: 100
epsilon: 2.75
generate_time: 19.091405868530273
num_of_runs: 0
test_start_time: 1620916056.9825292
timestamp: '2021-05-13T16:01:21'
tool: smartnoise_patectgan
