dataset_size: 8000
epsilon: 0.5
generate_time: 223.88670015335083
num_of_runs: 0
query_count: 400
test_start_time: 1622819666.74982
timestamp: '2021-06-04T15:18:10'
tool: smartnoise_mwem
