dataset_size: 6000
epsilon: 1.0
generate_time: 714.6311252117157
num_of_runs: 0
query_count: 200
test_start_time: 1621070261.1989787
timestamp: '2021-05-18T08:25:22'
tool: smartnoise_mwem
