batch_size: 500
dataset_size: 6000
epochs: 300
epsilon: 0.1
generate_time: 10.80890679359436
num_of_runs: 3
test_start_time: 1622812554.9801223
timestamp: '2021-06-04T13:16:38'
tool: smartnoise_dpctgan
