batch_size: 500
dataset_size: 1000
epochs: 300
epsilon: 0.1
generate_time: 3.4439516067504883
num_of_runs: 4
test_start_time: 1622807768.0651722
timestamp: '2021-06-04T11:56:25'
tool: smartnoise_dpctgan
