batch_size: 500
dataset_size: 7000
epochs: 100
epsilon: 1.75
generate_time: 9.73641562461853
num_of_runs: 0
test_start_time: 1620503348.7852345
timestamp: '2021-05-08T20:55:49'
tool: smartnoise_dpctgan
