batch_size: 300
dataset_size: 1000
epochs: 100
epsilon: 3.0
generate_time: 15.964463233947754
num_of_runs: 0
test_start_time: 1620916056.9825292
timestamp: '2021-05-13T14:33:47'
tool: smartnoise_patectgan
