dataset_size: 4000
epsilon: 2.25
generate_time: 650.2755167484283
num_of_runs: 0
query_count: 200
test_start_time: 1621070261.1989787
timestamp: '2021-05-15T19:51:33'
tool: smartnoise_mwem
