dataset_size: 4000
epsilon: 2.5
generate_time: 719.9193246364594
num_of_runs: 0
query_count: 600
test_start_time: 1621070261.1989787
timestamp: '2021-05-16T01:44:19'
tool: smartnoise_mwem
