batch_size: 300
dataset_size: 2000
epochs: 100
epsilon: 0.5
generate_time: 1.952955961227417
num_of_runs: 0
test_start_time: 1620503348.7852345
timestamp: '2021-05-08T19:56:33'
tool: smartnoise_dpctgan
