batch_size: 500
dataset_size: 5000
epochs: 300
epsilon: 1.0
generate_time: 7.720764398574829
num_of_runs: 0
test_start_time: 1622824408.3784118
timestamp: '2021-06-04T16:33:38'
tool: smartnoise_patectgan
