dataset_size: 5000
epsilon: 2.5
generate_time: 749.3074176311493
num_of_runs: 0
query_count: 400
test_start_time: 1621070261.1989787
timestamp: '2021-05-18T04:30:06'
tool: smartnoise_mwem
