batch_size: 500
dataset_size: 8500
epochs: 500
epsilon: 2.5
generate_time: 53.10708999633789
num_of_runs: 0
test_start_time: 1620925882.370055
timestamp: '2021-05-13T21:19:56'
tool: smartnoise_dpctgan
