batch_size: 500
dataset_size: 4000
epochs: 300
epsilon: 2.75
generate_time: 13.299662590026855
num_of_runs: 0
test_start_time: 1620916056.9825292
timestamp: '2021-05-13T15:02:32'
tool: smartnoise_patectgan
