batch_size: 300
dataset_size: 9358
epochs: 100
epsilon: 1.25
generate_time: 46.27691459655762
num_of_runs: 0
test_start_time: 1620925882.370055
timestamp: '2021-05-13T22:58:22'
tool: smartnoise_dpctgan
