batch_size: 500
dataset_size: 2000
epochs: 100
epsilon: 2.0
generate_time: 6.646232604980469
num_of_runs: 0
test_start_time: 1620916056.9825292
timestamp: '2021-05-13T14:38:21'
tool: smartnoise_patectgan
