batch_size: 500
dataset_size: 1000
epochs: 300
epsilon: 0.1
generate_time: 4.995845079421997
num_of_runs: 0
test_start_time: 1622805319.832445
timestamp: '2021-06-04T11:15:26'
tool: smartnoise_patectgan
