batch_size: 300
dataset_size: 4000
epochs: 300
epsilon: 0.1
generate_time: 9.716619729995728
num_of_runs: 0
test_start_time: 1621062425.03643
timestamp: '2021-05-15T07:21:23'
tool: smartnoise_patectgan
