batch_size: 500
dataset_size: 7000
epochs: 300
epsilon: 0.1
generate_time: 6.57280158996582
num_of_runs: 4
test_start_time: 1622812612.5644367
timestamp: '2021-06-04T13:17:25'
tool: smartnoise_patectgan
