batch_size: 300
dataset_size: 8500
epochs: 500
epsilon: 1.25
generate_time: 39.06321310997009
num_of_runs: 0
test_start_time: 1620925882.370055
timestamp: '2021-05-13T20:47:11'
tool: smartnoise_dpctgan
