dataset_size: 6000
epsilon: 0.1
generate_time: 776.2508988380432
num_of_runs: 0
query_count: 600
test_start_time: 1621070261.1989787
timestamp: '2021-05-18T06:24:30'
tool: smartnoise_mwem
