batch_size: 300
dataset_size: 2000
epochs: 500
epsilon: 0.75
generate_time: 2.7803127765655518
num_of_runs: 0
test_start_time: 1620925882.370055
timestamp: '2021-05-13T17:19:55'
tool: smartnoise_dpctgan
