batch_size: 500
dataset_size: 7000
epochs: 300
epsilon: 2.75
generate_time: 17.757974863052368
num_of_runs: 0
test_start_time: 1620503348.7852345
timestamp: '2021-05-08T21:03:05'
tool: smartnoise_dpctgan
