batch_size: 500
dataset_size: 7000
epochs: 500
epsilon: 0.75
generate_time: 7.9497692584991455
num_of_runs: 0
test_start_time: 1620925882.370055
timestamp: '2021-05-13T19:00:33'
tool: smartnoise_dpctgan
