batch_size: 500
dataset_size: 1000
epochs: 300
epsilon: 0.1
generate_time: 3.5494041442871094
num_of_runs: 3
test_start_time: 1622807768.0651722
timestamp: '2021-06-04T11:56:22'
tool: smartnoise_dpctgan
