dataset_size: 4000
epsilon: 1.0
generate_time: 652.4860343933105
num_of_runs: 0
query_count: 400
test_start_time: 1621070261.1989787
timestamp: '2021-05-15T17:22:31'
tool: smartnoise_mwem
