batch_size: 500
dataset_size: 1000
epochs: 300
epsilon: 0.25
generate_time: 1.1190190315246582
num_of_runs: 0
test_start_time: 1620770845.2818708
timestamp: '2021-05-11T22:07:36'
tool: smartnoise_patectgan
