batch_size: 500
dataset_size: 9358
epochs: 300
epsilon: 0.1
generate_time: 6.892759799957275
num_of_runs: 0
test_start_time: 1622814841.0644155
timestamp: '2021-06-04T13:54:17'
tool: smartnoise_dpctgan
