batch_size: 500
dataset_size: 7000
epochs: 300
epsilon: 0.1
generate_time: 4.828534364700317
num_of_runs: 2
test_start_time: 1622812612.5644367
timestamp: '2021-06-04T13:17:12'
tool: smartnoise_patectgan
