batch_size: 500
dataset_size: 2000
epochs: 300
epsilon: 2.5
generate_time: 9.052699089050293
num_of_runs: 0
test_start_time: 1620503348.7852345
timestamp: '2021-05-08T20:01:39'
tool: smartnoise_dpctgan
