batch_size: 500
dataset_size: 5000
epochs: 300
epsilon: 2.0
generate_time: 8.926884889602661
num_of_runs: 0
test_start_time: 1620503348.7852345
timestamp: '2021-05-08T20:30:03'
tool: smartnoise_dpctgan
