batch_size: 500
dataset_size: 5000
epochs: 300
epsilon: 0.1
generate_time: 28.250988483428955
noise_multiplier: 0.001
num_of_runs: 0
sample_per_teacher: 1000
student_iters: 5
teacher_iters: 5
test_start_time: 1622883890.0261233
timestamp: '2021-06-05T09:05:18'
tool: smartnoise_patectgan
