batch_size: 500
dataset_size: 3000
epochs: 300
epsilon: 2.5
generate_time: 9.270065546035767
num_of_runs: 0
test_start_time: 1620770845.2818708
timestamp: '2021-05-11T22:24:16'
tool: smartnoise_patectgan
