dataset_size: 5000
epsilon: 2.0
generate_time: 629.9269351959229
num_of_runs: 0
query_count: 600
test_start_time: 1621070261.1989787
timestamp: '2021-05-18T03:30:45'
tool: smartnoise_mwem
