batch_size: 4
dataset_size: 6000
delta: 0
dp_l2_norm_clip: 0.1
dp_noise_multiplier: 0.1
epochs: 100
epsilon: 5166265
generate_time: 689.7691459655762
learning_rate: 0.005
num_of_runs: 0
predict_batch_size: 1
rnn_units: 32
test_start_time: 1622045621.039952
timestamp: '2021-05-27T06:46:58'
tool: gretel
