dataset_size: 4000
epsilon: 3.0
generate_time: 659.3083710670471
num_of_runs: 0
query_count: 400
test_start_time: 1621070261.1989787
timestamp: '2021-05-16T02:36:45'
tool: smartnoise_mwem
