batch_size: 100
dataset_size: 8500
epochs: 300
epsilon: 2.25
generate_time: 52.046146869659424
num_of_runs: 0
test_start_time: 1620770845.2818708
timestamp: '2021-05-11T23:26:15'
tool: smartnoise_patectgan
