dataset_size: 2000
epsilon: 1.75
generate_time: 154.43783831596375
num_of_runs: 0
query_count: 400
test_start_time: 1621070261.1989787
timestamp: '2021-05-15T11:50:04'
tool: smartnoise_mwem
