batch_size: 1500
dataset_size: 2000
epochs: 300
epsilon: 1.25
generate_time: 2.3088507652282715
num_of_runs: 0
test_start_time: 1620770845.2818708
timestamp: '2021-05-11T22:14:07'
tool: smartnoise_patectgan
