batch_size: 900
dataset_size: 8500
epochs: 300
epsilon: 0.1
generate_time: 4.6344218254089355
num_of_runs: 0
test_start_time: 1620770845.2818708
timestamp: '2021-05-11T23:19:56'
tool: smartnoise_patectgan
