batch_size: 500
dataset_size: 1000
epochs: 300
epsilon: 1.25
generate_time: 46.178427934646606
noise_multiplier: 0.001
num_of_runs: 0
sample_per_teacher: 1000
student_iters: 5
teacher_iters: 5
test_start_time: 1622888289.1769073
timestamp: '2021-06-05T10:18:55'
tool: smartnoise_patectgan
