batch_size: 500
dataset_size: 1000
epochs: 300
epsilon: 2.0
generate_time: 116.6866250038147
num_of_runs: 0
test_start_time: 1622894526.6262872
timestamp: '2021-06-05T12:04:03'
tool: smartnoise_dpctgan
