batch_size: 500
dataset_size: 9358
epochs: 500
epsilon: 1.75
generate_time: 12.749284982681274
num_of_runs: 0
test_start_time: 1620916056.9825292
timestamp: '2021-05-13T16:48:32'
tool: smartnoise_patectgan
