batch_size: 300
dataset_size: 7000
epochs: 500
epsilon: 2.5
generate_time: 22.80140447616577
num_of_runs: 0
test_start_time: 1620503348.7852345
timestamp: '2021-05-08T21:00:21'
tool: smartnoise_dpctgan
