dataset_size: 2000
epsilon: 1.25
generate_time: 153.43318390846252
num_of_runs: 0
query_count: 200
test_start_time: 1621070261.1989787
timestamp: '2021-05-15T11:32:06'
tool: smartnoise_mwem
