batch_size: 300
dataset_size: 2000
epochs: 500
epsilon: 0.25
generate_time: 2.081336498260498
num_of_runs: 0
test_start_time: 1620916056.9825292
timestamp: '2021-05-13T14:35:08'
tool: smartnoise_patectgan
