batch_size: 500
dataset_size: 5000
epochs: 300
epsilon: 1.75
generate_time: 12.724390983581543
num_of_runs: 0
test_start_time: 1620925882.370055
timestamp: '2021-05-13T18:03:18'
tool: smartnoise_dpctgan
