batch_size: 500
dataset_size: 6000
epochs: 100
epsilon: 0.1
generate_time: 4.648080348968506
num_of_runs: 0
test_start_time: 1620925882.370055
timestamp: '2021-05-13T18:21:57'
tool: smartnoise_dpctgan
