batch_size: 500
dataset_size: 5000
epochs: 300
epsilon: 2.5
generate_time: 191.10084128379822
noise_multiplier: 0.001
num_of_runs: 0
sample_per_teacher: 1000
student_iters: 5
teacher_iters: 5
test_start_time: 1622903119.4391897
timestamp: '2021-06-05T14:28:30'
tool: smartnoise_patectgan
