batch_size: 500
dataset_size: 5000
epochs: 300
epsilon: 1.5
generate_time: 14.908973455429077
num_of_runs: 0
test_start_time: 1621062425.03643
timestamp: '2021-05-15T07:31:43'
tool: smartnoise_patectgan
