batch_size: 500
dataset_size: 9000
epochs: 300
epsilon: 0.1
generate_time: 5.91032600402832
num_of_runs: 0
test_start_time: 1622814313.8669322
timestamp: '2021-06-04T13:45:22'
tool: smartnoise_patectgan
