batch_size: 300
dataset_size: 3000
epochs: 100
epsilon: 3.0
generate_time: 27.720332384109497
num_of_runs: 0
test_start_time: 1620925882.370055
timestamp: '2021-05-13T17:35:53'
tool: smartnoise_dpctgan
