batch_size: 500
dataset_size: 4000
epochs: 300
epsilon: 3.0
generate_time: 28.07537269592285
num_of_runs: 0
test_start_time: 1621062425.03643
timestamp: '2021-05-15T07:28:18'
tool: smartnoise_patectgan
