dataset_size: 2000
epsilon: 1.25
generate_time: 154.24766063690186
num_of_runs: 0
query_count: 400
test_start_time: 1621070261.1989787
timestamp: '2021-05-15T11:34:40'
tool: smartnoise_mwem
