dataset_size: 2000
epsilon: 2.25
generate_time: 153.47663116455078
num_of_runs: 0
query_count: 200
test_start_time: 1621070261.1989787
timestamp: '2021-05-15T12:02:51'
tool: smartnoise_mwem
