batch_size: 500
dataset_size: 1000
epochs: 300
epsilon: 2.5
generate_time: 10.38538146018982
num_of_runs: 0
test_start_time: 1621062425.03643
timestamp: '2021-05-15T07:09:46'
tool: smartnoise_patectgan
