batch_size: 500
dataset_size: 8000
epochs: 300
epsilon: 0.75
generate_time: 5.394977569580078
num_of_runs: 0
test_start_time: 1620503348.7852345
timestamp: '2021-05-08T21:07:50'
tool: smartnoise_dpctgan
