dataset_size: 5000
epsilon: 1.75
generate_time: 695.3389964103699
num_of_runs: 0
query_count: 600
test_start_time: 1621070261.1989787
timestamp: '2021-05-18T02:57:09'
tool: smartnoise_mwem
