batch_size: 500
dataset_size: 1000
epochs: 300
epsilon: 2.75
generate_time: 8.791154146194458
num_of_runs: 0
test_start_time: 1620916056.9825292
timestamp: '2021-05-13T14:33:22'
tool: smartnoise_patectgan
