dataset_size: 5000
epsilon: 2.0
generate_time: 677.308345079422
num_of_runs: 0
query_count: 400
test_start_time: 1621070261.1989787
timestamp: '2021-05-18T03:20:15'
tool: smartnoise_mwem
