batch_size: 500
dataset_size: 8000
epochs: 300
epsilon: 1.0
generate_time: 6.584637880325317
num_of_runs: 0
test_start_time: 1622825257.0685554
timestamp: '2021-06-04T16:47:52'
tool: smartnoise_patectgan
