batch_size: 300
dataset_size: 5499
epochs: 300
epsilon: 1.75
generate_time: 44.920652627944946
num_of_runs: 0
test_start_time: 1621246701.1382108
timestamp: '2021-05-17T10:58:09'
tool: smartnoise_dpctgan
