batch_size: 500
dataset_size: 1000
epochs: 300
epsilon: 2.0
generate_time: 5.403342008590698
num_of_runs: 0
test_start_time: 1620916056.9825292
timestamp: '2021-05-13T14:30:32'
tool: smartnoise_patectgan
