dataset_size: 3000
epsilon: 1.25
generate_time: 164.80634927749634
num_of_runs: 0
query_count: 600
test_start_time: 1621070261.1989787
timestamp: '2021-05-15T13:20:34'
tool: smartnoise_mwem
