batch_size: 300
dataset_size: 2000
epochs: 100
epsilon: 2.25
generate_time: 11.50241231918335
num_of_runs: 0
test_start_time: 1620916056.9825292
timestamp: '2021-05-13T14:38:46'
tool: smartnoise_patectgan
