batch_size: 500
dataset_size: 7000
epochs: 300
epsilon: 2.75
generate_time: 17.287051677703857
num_of_runs: 0
test_start_time: 1620770845.2818708
timestamp: '2021-05-11T23:04:38'
tool: smartnoise_patectgan
