dataset_size: 6000
epsilon: 1.25
generate_time: 691.2431147098541
num_of_runs: 0
query_count: 600
test_start_time: 1621070261.1989787
timestamp: '2021-05-18T09:31:53'
tool: smartnoise_mwem
