batch_size: 500
dataset_size: 3000
epochs: 300
epsilon: 0.1
generate_time: 5.825068473815918
num_of_runs: 4
test_start_time: 1622809477.4544318
timestamp: '2021-06-04T12:25:05'
tool: smartnoise_dpctgan
