batch_size: 500
dataset_size: 2000
epochs: 300
epsilon: 2.25
generate_time: 5.576418399810791
num_of_runs: 0
test_start_time: 1622897990.9817815
timestamp: '2021-06-05T13:12:52'
tool: smartnoise_dpctgan
