dataset_size: 1000
epsilon: 0.25
generate_time: 145.60048961639404
num_of_runs: 0
query_count: 200
test_start_time: 1621070261.1989787
timestamp: '2021-05-15T09:27:30'
tool: smartnoise_mwem
