dataset_size: 4000
epsilon: 3.0
generate_time: 614.9096319675446
num_of_runs: 0
query_count: 200
test_start_time: 1621070261.1989787
timestamp: '2021-05-16T02:25:45'
tool: smartnoise_mwem
