batch_size: 500
dataset_size: 1000
epochs: 300
epsilon: 2.75
generate_time: 11.882845640182495
num_of_runs: 0
test_start_time: 1621062425.03643
timestamp: '2021-05-15T07:10:16'
tool: smartnoise_patectgan
