batch_size: 300
dataset_size: 6000
epochs: 500
epsilon: 0.25
generate_time: 4.454758405685425
num_of_runs: 0
test_start_time: 1620916056.9825292
timestamp: '2021-05-13T15:18:08'
tool: smartnoise_patectgan
