batch_size: 300
dataset_size: 2000
epochs: 300
epsilon: 3.0
generate_time: 23.66670560836792
num_of_runs: 0
test_start_time: 1621062425.03643
timestamp: '2021-05-15T07:15:12'
tool: smartnoise_patectgan
