batch_size: 500
dataset_size: 2000
epochs: 300
epsilon: 2.75
generate_time: 5.576418399810791
num_of_runs: 0
test_start_time: 1622904758.7051644
timestamp: '2021-06-05T14:56:02'
tool: smartnoise_dpctgan
