batch_size: 500
dataset_size: 8500
epochs: 300
epsilon: 2.5
generate_time: 16.104811668395996
num_of_runs: 0
test_start_time: 1620770845.2818708
timestamp: '2021-05-11T23:28:05'
tool: smartnoise_patectgan
