batch_size: 500
dataset_size: 8000
epochs: 300
epsilon: 0.5
generate_time: 6.584637880325317
num_of_runs: 0
test_start_time: 1622819653.370691
timestamp: '2021-06-04T15:14:22'
tool: smartnoise_patectgan
