batch_size: 500
dataset_size: 1000
epochs: 300
epsilon: 3.0
generate_time: 141.4973485469818
noise_multiplier: 0.001
num_of_runs: 0
sample_per_teacher: 1000
student_iters: 5
teacher_iters: 5
test_start_time: 1622908369.5371761
timestamp: '2021-06-05T15:55:11'
tool: smartnoise_patectgan
