batch_size: 100
dataset_size: 8500
epochs: 300
epsilon: 2.0
generate_time: 43.65040421485901
num_of_runs: 0
test_start_time: 1620770845.2818708
timestamp: '2021-05-11T23:24:54'
tool: smartnoise_patectgan
