dataset_size: 2000
epsilon: 0.5
generate_time: 154.3850338459015
num_of_runs: 0
query_count: 400
test_start_time: 1621070261.1989787
timestamp: '2021-05-15T11:11:38'
tool: smartnoise_mwem
