batch_size: 500
dataset_size: 3000
epochs: 300
epsilon: 0.25
generate_time: 4.560255527496338
num_of_runs: 0
test_start_time: 1622816045.842721
timestamp: '2021-06-04T14:14:09'
tool: smartnoise_patectgan
