batch_size: 500
dataset_size: 1000
epochs: 300
epsilon: 1.5
generate_time: 7.7613160610198975
num_of_runs: 0
test_start_time: 1622889743.5608253
timestamp: '2021-06-05T10:43:37'
tool: smartnoise_dpctgan
