dataset_size: 1000
epsilon: 0.1
generate_time: 144.3956480026245
num_of_runs: 0
query_count: 600
test_start_time: 1621070261.1989787
timestamp: '2021-05-15T09:25:04'
tool: smartnoise_mwem
