batch_size: 300
dataset_size: 3000
epochs: 300
epsilon: 0.25
generate_time: 7.846987724304199
num_of_runs: 0
test_start_time: 1621062425.03643
timestamp: '2021-05-15T07:15:52'
tool: smartnoise_patectgan
