batch_size: 300
dataset_size: 8000
epochs: 300
epsilon: 2.25
generate_time: 21.614036560058594
num_of_runs: 0
test_start_time: 1620503348.7852345
timestamp: '2021-05-08T21:13:59'
tool: smartnoise_dpctgan
