batch_size: 500
dataset_size: 1000
epochs: 300
epsilon: 2.25
generate_time: 6.528118133544922
num_of_runs: 0
test_start_time: 1620503348.7852345
timestamp: '2021-05-08T19:52:35'
tool: smartnoise_dpctgan
