batch_size: 100
dataset_size: 7000
epochs: 300
epsilon: 1.25
generate_time: 18.25881814956665
num_of_runs: 0
test_start_time: 1620770845.2818708
timestamp: '2021-05-11T22:57:23'
tool: smartnoise_patectgan
