batch_size: 500
dataset_size: 1000
epochs: 300
epsilon: 2.0
generate_time: 11.824363708496094
num_of_runs: 0
test_start_time: 1621246701.1382108
timestamp: '2021-05-17T10:20:12'
tool: smartnoise_dpctgan
