batch_size: 500
dataset_size: 3000
epochs: 300
epsilon: 0.75
generate_time: 5.5315916538238525
num_of_runs: 0
test_start_time: 1622821327.8259628
timestamp: '2021-06-04T15:42:20'
tool: smartnoise_dpctgan
