batch_size: 500
dataset_size: 2000
epochs: 300
epsilon: 1.0
generate_time: 2.8950767517089844
num_of_runs: 0
test_start_time: 1620770845.2818708
timestamp: '2021-05-11T22:13:44'
tool: smartnoise_patectgan
