batch_size: 300
dataset_size: 8000
epochs: 300
epsilon: 1.5
generate_time: 12.172894477844238
num_of_runs: 0
test_start_time: 1620503348.7852345
timestamp: '2021-05-08T21:09:52'
tool: smartnoise_dpctgan
