dataset_size: 6000
epsilon: 0.75
generate_time: 649.5861411094666
num_of_runs: 0
query_count: 400
test_start_time: 1621070261.1989787
timestamp: '2021-05-18T08:00:36'
tool: smartnoise_mwem
