batch_size: 500
dataset_size: 9000
epochs: 300
epsilon: 0.5
generate_time: 58.44091439247131
num_of_runs: 0
test_start_time: 1622820468.3949778
timestamp: '2021-06-04T15:28:24'
tool: smartnoise_dpctgan
