batch_size: 500
dataset_size: 1000
epochs: 500
epsilon: 1.75
generate_time: 7.395075082778931
num_of_runs: 0
test_start_time: 1620925882.370055
timestamp: '2021-05-13T17:13:58'
tool: smartnoise_dpctgan
