dataset_size: 2000
epsilon: 2.5
generate_time: 154.53870368003845
num_of_runs: 0
query_count: 600
test_start_time: 1621070261.1989787
timestamp: '2021-05-15T12:15:41'
tool: smartnoise_mwem
