dataset_size: 8000
epsilon: 0.75
generate_time: 225.67935037612915
num_of_runs: 0
query_count: 400
test_start_time: 1622822339.8132722
timestamp: '2021-06-04T16:02:45'
tool: smartnoise_mwem
