batch_size: 300
dataset_size: 5000
epochs: 300
epsilon: 0.25
generate_time: 4.296662330627441
num_of_runs: 0
test_start_time: 1620925882.370055
timestamp: '2021-05-13T17:56:19'
tool: smartnoise_dpctgan
