dataset_size: 1000
epsilon: 1.0
generate_time: 142.09584951400757
num_of_runs: 0
query_count: 400
test_start_time: 1622823640.0863118
timestamp: '2021-06-04T16:23:02'
tool: smartnoise_mwem
