batch_size: 300
dataset_size: 8000
epochs: 500
epsilon: 2.0
generate_time: 17.22276282310486
num_of_runs: 0
test_start_time: 1620503348.7852345
timestamp: '2021-05-08T21:12:39'
tool: smartnoise_dpctgan
