dataset_size: 5000
epsilon: 2.0
generate_time: 708.2283883094788
num_of_runs: 0
query_count: 200
test_start_time: 1621070261.1989787
timestamp: '2021-05-18T03:08:57'
tool: smartnoise_mwem
