batch_size: 500
dataset_size: 8500
epochs: 100
epsilon: 0.25
generate_time: 6.162092447280884
num_of_runs: 0
test_start_time: 1620916056.9825292
timestamp: '2021-05-13T16:05:44'
tool: smartnoise_patectgan
