batch_size: 300
dataset_size: 7000
epochs: 500
epsilon: 1.5
generate_time: 10.927299976348877
num_of_runs: 0
test_start_time: 1620503348.7852345
timestamp: '2021-05-08T20:54:35'
tool: smartnoise_dpctgan
