batch_size: 500
dataset_size: 5000
epochs: 300
epsilon: 1.25
generate_time: 13.119810819625854
num_of_runs: 0
test_start_time: 1622827582.5232978
timestamp: '2021-06-04T17:26:35'
tool: smartnoise_patectgan
