batch_size: 4
dataset_size: 5000
delta: 0
dp_l2_norm_clip: 0.1
dp_noise_multiplier: 0.1
epochs: 100
epsilon: 4599209
generate_time: 537.7388265132904
learning_rate: 0.005
num_of_runs: 7
predict_batch_size: 1
rnn_units: 32
test_start_time: 1622045621.039952
timestamp: '2021-05-27T05:04:18'
tool: gretel
