dataset_size: 4000
epsilon: 1.75
generate_time: 651.2851979732513
num_of_runs: 0
query_count: 400
test_start_time: 1621070261.1989787
timestamp: '2021-05-15T18:58:55'
tool: smartnoise_mwem
