batch_size: 500
dataset_size: 8000
epochs: 300
epsilon: 1.25
generate_time: 6.584637880325317
num_of_runs: 0
test_start_time: 1622828957.2253335
timestamp: '2021-06-04T17:49:36'
tool: smartnoise_patectgan
