batch_size: 500
dataset_size: 9000
epochs: 300
epsilon: 0.25
generate_time: 8.673189401626587
num_of_runs: 0
test_start_time: 1622817652.8338943
timestamp: '2021-06-04T14:41:01'
tool: smartnoise_patectgan
