batch_size: 500
dataset_size: 3000
epochs: 300
epsilon: 0.75
generate_time: 8.252473831176758
num_of_runs: 0
test_start_time: 1621062425.03643
timestamp: '2021-05-15T07:16:33'
tool: smartnoise_patectgan
