batch_size: 100
dataset_size: 4000
epochs: 300
epsilon: 3.0
generate_time: 60.94193744659424
num_of_runs: 0
test_start_time: 1620770845.2818708
timestamp: '2021-05-11T22:34:49'
tool: smartnoise_patectgan
