dataset_size: 2000
epsilon: 0.1
generate_time: 156.46712827682495
num_of_runs: 0
query_count: 400
test_start_time: 1622807805.880103
timestamp: '2021-06-04T11:59:22'
tool: smartnoise_mwem
