batch_size: 500
dataset_size: 4000
epochs: 100
epsilon: 1.5
generate_time: 7.670517683029175
num_of_runs: 0
test_start_time: 1620925882.370055
timestamp: '2021-05-13T17:41:35'
tool: smartnoise_dpctgan
