batch_size: 500
dataset_size: 2000
epochs: 300
epsilon: 0.5
generate_time: 2.0741286277770996
num_of_runs: 0
test_start_time: 1622818526.792173
timestamp: '2021-06-04T14:55:30'
tool: smartnoise_dpctgan
