dataset_size: 1000
epsilon: 0.75
generate_time: 143.43892097473145
num_of_runs: 0
query_count: 200
test_start_time: 1621070261.1989787
timestamp: '2021-05-15T09:42:01'
tool: smartnoise_mwem
