dataset_size: 5000
epsilon: 0.75
generate_time: 621.1705071926117
num_of_runs: 0
query_count: 200
test_start_time: 1621070261.1989787
timestamp: '2021-05-16T09:25:37'
tool: smartnoise_mwem
