dataset_size: 9358
epsilon: 0.25
generate_time: 239.50147128105164
num_of_runs: 0
query_count: 400
test_start_time: 1622817937.2993608
timestamp: '2021-06-04T14:49:36'
tool: smartnoise_mwem
