dataset_size: 2000
epsilon: 2.5
generate_time: 154.18739414215088
num_of_runs: 0
query_count: 400
test_start_time: 1621070261.1989787
timestamp: '2021-05-15T12:13:07'
tool: smartnoise_mwem
