dataset_size: 4000
epsilon: 2.0
generate_time: 609.1900434494019
num_of_runs: 0
query_count: 400
test_start_time: 1621070261.1989787
timestamp: '2021-05-15T19:30:27'
tool: smartnoise_mwem
