dataset_size: 2000
epsilon: 0.5
generate_time: 153.04403734207153
num_of_runs: 0
query_count: 600
test_start_time: 1621070261.1989787
timestamp: '2021-05-15T11:14:11'
tool: smartnoise_mwem
