dataset_size: 5000
epsilon: 1.75
generate_time: 138304.44057631493
num_of_runs: 0
query_count: 200
test_start_time: 1621070261.1989787
timestamp: '2021-05-18T02:35:11'
tool: smartnoise_mwem
