batch_size: 500
dataset_size: 8500
epochs: 300
epsilon: 0.75
generate_time: 10.528898000717163
num_of_runs: 0
test_start_time: 1620925882.370055
timestamp: '2021-05-13T20:43:00'
tool: smartnoise_dpctgan
