dataset_size: 2000
epsilon: 0.75
generate_time: 154.3951506614685
num_of_runs: 0
query_count: 600
test_start_time: 1621070261.1989787
timestamp: '2021-05-15T11:21:52'
tool: smartnoise_mwem
