dataset_size: 5000
epsilon: 0.1
generate_time: 622.8820972442627
num_of_runs: 0
query_count: 400
test_start_time: 1621070261.1989787
timestamp: '2021-05-16T07:55:46'
tool: smartnoise_mwem
