dataset_size: 3000
epsilon: 0.1
generate_time: 164.35309410095215
num_of_runs: 0
query_count: 200
test_start_time: 1621070261.1989787
timestamp: '2021-05-15T12:33:51'
tool: smartnoise_mwem
