batch_size: 300
dataset_size: 9000
epochs: 300
epsilon: 1.75
generate_time: 75.54799723625183
num_of_runs: 0
test_start_time: 1620925882.370055
timestamp: '2021-05-13T21:58:16'
tool: smartnoise_dpctgan
