dataset_size: 5000
epsilon: 0.1
generate_time: 191.5013349056244
num_of_runs: 2
query_count: 400
test_start_time: 1622810495.0736876
timestamp: '2021-06-04T12:51:09'
tool: smartnoise_mwem
