batch_size: 300
dataset_size: 5000
epochs: 300
epsilon: 3.0
generate_time: 80.21620321273804
num_of_runs: 0
test_start_time: 1621246701.1382108
timestamp: '2021-05-17T10:52:34'
tool: smartnoise_dpctgan
