batch_size: 500
dataset_size: 9358
epochs: 500
epsilon: 0.1
generate_time: 6.609475135803223
num_of_runs: 0
test_start_time: 1620916056.9825292
timestamp: '2021-05-13T16:41:43'
tool: smartnoise_patectgan
