batch_size: 500
dataset_size: 7000
epochs: 300
epsilon: 0.1
generate_time: 4.048699617385864
num_of_runs: 0
test_start_time: 1620503348.7852345
timestamp: '2021-05-08T20:51:06'
tool: smartnoise_dpctgan
