batch_size: 500
dataset_size: 5499
epochs: 300
epsilon: 2.25
generate_time: 25.441775798797607
num_of_runs: 0
test_start_time: 1621062425.03643
timestamp: '2021-05-15T07:42:36'
tool: smartnoise_patectgan
