batch_size: 100
dataset_size: 4000
epochs: 300
epsilon: 1.25
generate_time: 13.31335997581482
num_of_runs: 0
test_start_time: 1620770845.2818708
timestamp: '2021-05-11T22:28:16'
tool: smartnoise_patectgan
