batch_size: 500
dataset_size: 8500
epochs: 500
epsilon: 2.25
generate_time: 45.017460107803345
num_of_runs: 0
test_start_time: 1620925882.370055
timestamp: '2021-05-13T21:10:51'
tool: smartnoise_dpctgan
