dataset_size: 4000
epsilon: 0.5
generate_time: 649.8619208335876
num_of_runs: 0
query_count: 200
test_start_time: 1621070261.1989787
timestamp: '2021-05-15T16:09:00'
tool: smartnoise_mwem
