batch_size: 300
dataset_size: 1000
epochs: 500
epsilon: 1.5
generate_time: 5.19841194152832
num_of_runs: 0
test_start_time: 1620916056.9825292
timestamp: '2021-05-13T14:29:13'
tool: smartnoise_patectgan
