batch_size: 500
dataset_size: 6000
epochs: 100
epsilon: 2.5
generate_time: 13.67026686668396
num_of_runs: 0
test_start_time: 1620503348.7852345
timestamp: '2021-05-08T20:45:55'
tool: smartnoise_dpctgan
