batch_size: 300
dataset_size: 5000
epochs: 100
epsilon: 1.25
generate_time: 7.720764398574829
num_of_runs: 0
test_start_time: 1620916056.9825292
timestamp: '2021-05-13T15:07:01'
tool: smartnoise_patectgan
