batch_size: 500
dataset_size: 5000
epochs: 300
epsilon: 0.1
generate_time: 9.152737379074097
num_of_runs: 0
test_start_time: 1622811454.4649868
timestamp: '2021-06-04T12:57:43'
tool: smartnoise_dpctgan
