batch_size: 300
dataset_size: 7000
epochs: 100
epsilon: 1.5
generate_time: 11.611841201782227
num_of_runs: 0
test_start_time: 1620916056.9825292
timestamp: '2021-05-13T15:35:37'
tool: smartnoise_patectgan
