batch_size: 300
dataset_size: 5000
epochs: 500
epsilon: 1.5
generate_time: 9.600422620773315
num_of_runs: 0
test_start_time: 1620916056.9825292
timestamp: '2021-05-13T15:08:03'
tool: smartnoise_patectgan
