batch_size: 500
dataset_size: 8500
epochs: 300
epsilon: 0.5
generate_time: 53.20745587348938
num_of_runs: 0
test_start_time: 1622820177.6556985
timestamp: '2021-06-04T15:23:31'
tool: smartnoise_dpctgan
