batch_size: 500
dataset_size: 5000
epochs: 300
epsilon: 2.25
generate_time: 15.725483417510986
noise_multiplier: 0.001
num_of_runs: 0
sample_per_teacher: 1000
student_iters: 5
teacher_iters: 5
test_start_time: 1622900042.0580704
timestamp: '2021-06-05T13:35:45'
tool: smartnoise_patectgan
