dataset_size: 2000
epsilon: 2.0
generate_time: 152.64868664741516
num_of_runs: 0
query_count: 200
test_start_time: 1621070261.1989787
timestamp: '2021-05-15T11:55:10'
tool: smartnoise_mwem
