batch_size: 300
dataset_size: 6000
epochs: 500
epsilon: 2.75
generate_time: 24.996026515960693
num_of_runs: 0
test_start_time: 1620503348.7852345
timestamp: '2021-05-08T20:47:37'
tool: smartnoise_dpctgan
