batch_size: 300
dataset_size: 3000
epochs: 300
epsilon: 1.75
generate_time: 14.071973085403442
num_of_runs: 0
test_start_time: 1621062425.03643
timestamp: '2021-05-15T07:17:50'
tool: smartnoise_patectgan
