batch_size: 500
dataset_size: 1000
epochs: 300
epsilon: 0.75
generate_time: 4.608872652053833
num_of_runs: 0
test_start_time: 1621246701.1382108
timestamp: '2021-05-17T10:18:58'
tool: smartnoise_dpctgan
