dataset_size: 4000
epsilon: 0.75
generate_time: 612.3084290027618
num_of_runs: 0
query_count: 600
test_start_time: 1621070261.1989787
timestamp: '2021-05-15T17:00:44'
tool: smartnoise_mwem
