batch_size: 500
dataset_size: 5000
epochs: 300
epsilon: 0.75
generate_time: 15.725483417510986
noise_multiplier: 0.001
num_of_runs: 0
sample_per_teacher: 1000
student_iters: 5
teacher_iters: 5
test_start_time: 1622886039.828857
timestamp: '2021-06-05T09:41:53'
tool: smartnoise_patectgan
