batch_size: 500
dataset_size: 2000
epochs: 300
epsilon: 1.75
generate_time: 9.355554342269897
num_of_runs: 0
test_start_time: 1621062425.03643
timestamp: '2021-05-15T07:12:48'
tool: smartnoise_patectgan
