batch_size: 500
dataset_size: 9358
epochs: 300
epsilon: 1.25
generate_time: 6.875560522079468
num_of_runs: 0
test_start_time: 1622831789.9871924
timestamp: '2021-06-04T18:38:30'
tool: smartnoise_patectgan
