dataset_size: 3000
epsilon: 1.5
generate_time: 165.26580905914307
num_of_runs: 0
query_count: 600
test_start_time: 1621070261.1989787
timestamp: '2021-05-15T13:28:51'
tool: smartnoise_mwem
