batch_size: 4
dataset_size: 8500
delta: 0
dp_l2_norm_clip: 0.1
dp_noise_multiplier: 0.1
epochs: 100
epsilon: 6379409
generate_time: 907.2015781402588
learning_rate: 0.005
num_of_runs: 1
predict_batch_size: 1
rnn_units: 32
test_start_time: 1622045621.039952
timestamp: '2021-05-28T01:23:40'
tool: gretel
