dataset_size: 1000
epsilon: 0.25
generate_time: 145.8704297542572
num_of_runs: 0
query_count: 600
test_start_time: 1621070261.1989787
timestamp: '2021-05-15T09:32:21'
tool: smartnoise_mwem
