batch_size: 100
dataset_size: 1000
epochs: 300
epsilon: 1.25
generate_time: 9.24838662147522
num_of_runs: 0
test_start_time: 1620770845.2818708
timestamp: '2021-05-11T22:08:13'
tool: smartnoise_patectgan
