dataset_size: 3000
epsilon: 2.75
generate_time: 212.61163783073425
num_of_runs: 0
query_count: 400
test_start_time: 1621070261.1989787
timestamp: '2021-05-15T14:58:34'
tool: smartnoise_mwem
