batch_size: 300
dataset_size: 4000
epochs: 300
epsilon: 2.25
generate_time: 28.600203275680542
num_of_runs: 0
test_start_time: 1620925882.370055
timestamp: '2021-05-13T17:45:55'
tool: smartnoise_dpctgan
