batch_size: 500
dataset_size: 5000
epochs: 300
epsilon: 1.0
generate_time: 4.177436113357544
num_of_runs: 0
test_start_time: 1620503348.7852345
timestamp: '2021-05-08T20:26:43'
tool: smartnoise_dpctgan
