dataset_size: 2000
epsilon: 0.25
generate_time: 154.36486792564392
num_of_runs: 0
query_count: 600
test_start_time: 1621070261.1989787
timestamp: '2021-05-15T11:06:30'
tool: smartnoise_mwem
