batch_size: 500
dataset_size: 4000
epochs: 300
epsilon: 0.5
generate_time: 3.843376636505127
num_of_runs: 0
test_start_time: 1620925882.370055
timestamp: '2021-05-13T17:38:32'
tool: smartnoise_dpctgan
