dataset_size: 3000
epsilon: 1.25
generate_time: 168.85066485404968
num_of_runs: 0
query_count: 400
test_start_time: 1622827135.1446714
timestamp: '2021-06-04T17:21:43'
tool: smartnoise_mwem
