batch_size: 500
dataset_size: 2000
epochs: 300
epsilon: 1.0
generate_time: 6.512727499008179
num_of_runs: 0
test_start_time: 1621246701.1382108
timestamp: '2021-05-17T10:22:53'
tool: smartnoise_dpctgan
