batch_size: 300
dataset_size: 6000
epochs: 100
epsilon: 1.5
generate_time: 28.753405570983887
num_of_runs: 0
test_start_time: 1620925882.370055
timestamp: '2021-05-13T18:27:23'
tool: smartnoise_dpctgan
