batch_size: 500
dataset_size: 8000
epochs: 300
epsilon: 2.75
generate_time: 56.29255151748657
num_of_runs: 0
test_start_time: 1620925882.370055
timestamp: '2021-05-13T20:27:47'
tool: smartnoise_dpctgan
