batch_size: 500
dataset_size: 4000
epochs: 300
epsilon: 3.0
generate_time: 1374.3903324604034
num_of_runs: 0
test_start_time: 1622910149.89838
timestamp: '2021-06-05T16:45:24'
tool: smartnoise_dpctgan
