dataset_size: 4000
epsilon: 0.5
generate_time: 625.1920540332794
num_of_runs: 0
query_count: 600
test_start_time: 1621070261.1989787
timestamp: '2021-05-15T16:30:13'
tool: smartnoise_mwem
