dataset_size: 4000
epsilon: 1.25
generate_time: 645.6420474052429
num_of_runs: 0
query_count: 400
test_start_time: 1621070261.1989787
timestamp: '2021-05-15T17:55:01'
tool: smartnoise_mwem
