batch_size: 500
dataset_size: 4000
epochs: 300
epsilon: 2.0
generate_time: 15.76456880569458
num_of_runs: 0
test_start_time: 1621062425.03643
timestamp: '2021-05-15T07:24:55'
tool: smartnoise_patectgan
