dataset_size: 9000
epsilon: 1.0
generate_time: 238.30415630340576
num_of_runs: 0
query_count: 400
test_start_time: 1622825993.0667546
timestamp: '2021-06-04T17:03:51'
tool: smartnoise_mwem
