dataset_size: 4000
epsilon: 2.25
generate_time: 651.746259689331
num_of_runs: 0
query_count: 400
test_start_time: 1621070261.1989787
timestamp: '2021-05-15T20:02:25'
tool: smartnoise_mwem
