batch_size: 500
dataset_size: 3000
epochs: 300
epsilon: 2.5
generate_time: 16.084832191467285
num_of_runs: 0
test_start_time: 1621062425.03643
timestamp: '2021-05-15T07:19:44'
tool: smartnoise_patectgan
