dataset_size: 3000
epsilon: 0.1
generate_time: 165.7058036327362
num_of_runs: 0
query_count: 600
test_start_time: 1621070261.1989787
timestamp: '2021-05-15T12:39:21'
tool: smartnoise_mwem
