batch_size: 300
dataset_size: 9358
epochs: 500
epsilon: 3.0
generate_time: 217.93425130844116
num_of_runs: 0
test_start_time: 1620925882.370055
timestamp: '2021-05-13T23:59:57'
tool: smartnoise_dpctgan
