dataset_size: 2000
epsilon: 3.0
generate_time: 155.4570174217224
num_of_runs: 0
query_count: 600
test_start_time: 1621070261.1989787
timestamp: '2021-05-15T12:31:06'
tool: smartnoise_mwem
