batch_size: 500
dataset_size: 1000
epochs: 300
epsilon: 0.1
generate_time: 1.0447041988372803
num_of_runs: 0
test_start_time: 1620503348.7852345
timestamp: '2021-05-08T19:49:18'
tool: smartnoise_dpctgan
