batch_size: 300
dataset_size: 8000
epochs: 500
epsilon: 0.25
generate_time: 7.6338605880737305
num_of_runs: 0
test_start_time: 1620925882.370055
timestamp: '2021-05-13T19:43:57'
tool: smartnoise_dpctgan
