dataset_size: 2000
epsilon: 0.75
generate_time: 154.36486792564392
num_of_runs: 0
query_count: 400
test_start_time: 1622820976.7903337
timestamp: '2021-06-04T15:38:53'
tool: smartnoise_mwem
