batch_size: 500
dataset_size: 2000
epochs: 300
epsilon: 0.5
generate_time: 3.4185104370117188
num_of_runs: 0
test_start_time: 1622818362.472666
timestamp: '2021-06-04T14:52:45'
tool: smartnoise_patectgan
