batch_size: 500
dataset_size: 5000
epochs: 300
epsilon: 0.75
generate_time: 11.204472064971924
num_of_runs: 0
test_start_time: 1622886155.2495685
timestamp: '2021-06-05T10:00:30'
tool: smartnoise_dpctgan
