batch_size: 300
dataset_size: 5000
epochs: 300
epsilon: 2.75
generate_time: 69.18691778182983
num_of_runs: 0
test_start_time: 1621246701.1382108
timestamp: '2021-05-17T10:50:40'
tool: smartnoise_dpctgan
