batch_size: 300
dataset_size: 6000
epochs: 500
epsilon: 3.0
generate_time: 96.59344792366028
num_of_runs: 0
test_start_time: 1620925882.370055
timestamp: '2021-05-13T18:55:37'
tool: smartnoise_dpctgan
