batch_size: 300
dataset_size: 3000
epochs: 100
epsilon: 1.0
generate_time: 5.5315916538238525
num_of_runs: 0
test_start_time: 1620925882.370055
timestamp: '2021-05-13T17:27:16'
tool: smartnoise_dpctgan
