dataset_size: 4000
epsilon: 0.1
generate_time: 177.9407775402069
num_of_runs: 4
query_count: 400
test_start_time: 1622809534.041318
timestamp: '2021-06-04T12:40:22'
tool: smartnoise_mwem
