batch_size: 500
dataset_size: 7000
epochs: 300
epsilon: 0.75
generate_time: 19.977571725845337
num_of_runs: 0
test_start_time: 1622822277.556148
timestamp: '2021-06-04T15:58:40'
tool: smartnoise_dpctgan
