dataset_size: 6000
epsilon: 0.75
generate_time: 773.1138391494751
num_of_runs: 0
query_count: 200
test_start_time: 1621070261.1989787
timestamp: '2021-05-18T07:49:46'
tool: smartnoise_mwem
