dataset_size: 7000
epsilon: 0.1
generate_time: 214.42715787887573
num_of_runs: 4
query_count: 400
test_start_time: 1622812649.5333662
timestamp: '2021-06-04T13:35:24'
tool: smartnoise_mwem
