batch_size: 500
dataset_size: 4000
epochs: 300
epsilon: 1.0
generate_time: 86.39159774780273
noise_multiplier: 0.001
num_of_runs: 0
sample_per_teacher: 1000
student_iters: 5
teacher_iters: 5
test_start_time: 1622887723.567307
timestamp: '2021-06-05T10:10:09'
tool: smartnoise_patectgan
