batch_size: 300
dataset_size: 1000
epochs: 500
epsilon: 0.5
generate_time: 1.5270702838897705
num_of_runs: 0
test_start_time: 1620916056.9825292
timestamp: '2021-05-13T14:28:03'
tool: smartnoise_patectgan
