batch_size: 500
dataset_size: 9358
epochs: 500
epsilon: 2.5
generate_time: 18.794782876968384
num_of_runs: 0
test_start_time: 1620916056.9825292
timestamp: '2021-05-13T16:54:26'
tool: smartnoise_patectgan
