dataset_size: 5000
epsilon: 0.25
generate_time: 654.3541243076324
num_of_runs: 0
query_count: 400
test_start_time: 1621070261.1989787
timestamp: '2021-05-16T08:30:22'
tool: smartnoise_mwem
