batch_size: 300
dataset_size: 5000
epochs: 500
epsilon: 3.0
generate_time: 67.95744562149048
num_of_runs: 0
test_start_time: 1620925882.370055
timestamp: '2021-05-13T18:20:10'
tool: smartnoise_dpctgan
