batch_size: 500
dataset_size: 5000
epochs: 300
epsilon: 0.75
generate_time: 4.296662330627441
num_of_runs: 0
test_start_time: 1622821759.4216719
timestamp: '2021-06-04T15:49:44'
tool: smartnoise_dpctgan
