batch_size: 300
dataset_size: 9358
epochs: 300
epsilon: 0.1
generate_time: 6.617758512496948
num_of_runs: 0
test_start_time: 1620925882.370055
timestamp: '2021-05-13T22:51:18'
tool: smartnoise_dpctgan
