batch_size: 300
dataset_size: 2000
epochs: 300
epsilon: 1.5
generate_time: 10.252455949783325
num_of_runs: 0
test_start_time: 1621246701.1382108
timestamp: '2021-05-17T10:23:17'
tool: smartnoise_dpctgan
