dataset_size: 4000
epsilon: 0.25
generate_time: 180.0436544418335
num_of_runs: 0
query_count: 400
test_start_time: 1622816243.3073618
timestamp: '2021-06-04T14:20:23'
tool: smartnoise_mwem
