batch_size: 300
dataset_size: 5000
epochs: 300
epsilon: 0.75
generate_time: 12.893463373184204
num_of_runs: 0
test_start_time: 1621062425.03643
timestamp: '2021-05-15T07:30:00'
tool: smartnoise_patectgan
