batch_size: 500
dataset_size: 2000
epochs: 300
epsilon: 0.5
generate_time: 29.21183967590332
num_of_runs: 0
test_start_time: 1622884782.9902973
timestamp: '2021-06-05T09:20:12'
tool: smartnoise_dpctgan
