batch_size: 500
dataset_size: 8000
epochs: 300
epsilon: 0.1
generate_time: 7.270100355148315
num_of_runs: 0
test_start_time: 1622813795.188285
timestamp: '2021-06-04T13:36:42'
tool: smartnoise_patectgan
