batch_size: 500
dataset_size: 4000
epochs: 300
epsilon: 0.1
generate_time: 7.3115785121917725
num_of_runs: 1
test_start_time: 1622810426.671508
timestamp: '2021-06-04T12:40:41'
tool: smartnoise_dpctgan
