batch_size: 500
dataset_size: 3000
epochs: 100
epsilon: 2.25
generate_time: 8.25615406036377
num_of_runs: 0
test_start_time: 1620925882.370055
timestamp: '2021-05-13T17:31:54'
tool: smartnoise_dpctgan
