batch_size: 500
dataset_size: 1000
epochs: 300
epsilon: 1.25
generate_time: 1.9623544216156006
num_of_runs: 0
test_start_time: 1622826764.6458318
timestamp: '2021-06-04T17:12:50'
tool: smartnoise_patectgan
