dataset_size: 3000
epsilon: 1.25
generate_time: 165.20945978164673
num_of_runs: 0
query_count: 400
test_start_time: 1621070261.1989787
timestamp: '2021-05-15T13:17:50'
tool: smartnoise_mwem
