batch_size: 500
dataset_size: 1000
epochs: 300
epsilon: 1.0
generate_time: 4.989635944366455
num_of_runs: 0
test_start_time: 1621062425.03643
timestamp: '2021-05-15T07:07:56'
tool: smartnoise_patectgan
