dataset_size: 4000
epsilon: 0.75
generate_time: 608.5167605876923
num_of_runs: 0
query_count: 200
test_start_time: 1621070261.1989787
timestamp: '2021-05-15T16:40:22'
tool: smartnoise_mwem
