batch_size: 500
dataset_size: 9000
epochs: 500
epsilon: 2.0
generate_time: 13.338083505630493
num_of_runs: 0
test_start_time: 1620916056.9825292
timestamp: '2021-05-13T16:31:21'
tool: smartnoise_patectgan
