batch_size: 300
dataset_size: 6000
epochs: 300
epsilon: 0.75
generate_time: 10.591839790344238
num_of_runs: 0
test_start_time: 1620925882.370055
timestamp: '2021-05-13T18:23:35'
tool: smartnoise_dpctgan
