batch_size: 300
dataset_size: 8500
epochs: 500
epsilon: 1.5
generate_time: 11.822724103927612
num_of_runs: 0
test_start_time: 1620503348.7852345
timestamp: '2021-05-08T21:26:17'
tool: smartnoise_dpctgan
