batch_size: 500
dataset_size: 4000
epochs: 300
epsilon: 2.25
generate_time: 203.32971382141113
noise_multiplier: 0.001
num_of_runs: 0
sample_per_teacher: 1000
student_iters: 5
teacher_iters: 5
test_start_time: 1622899240.5801044
timestamp: '2021-06-05T13:24:03'
tool: smartnoise_patectgan
