batch_size: 500
dataset_size: 7000
epochs: 300
epsilon: 1.5
generate_time: 8.219753503799438
num_of_runs: 0
test_start_time: 1620770845.2818708
timestamp: '2021-05-11T22:58:14'
tool: smartnoise_patectgan
