batch_size: 300
dataset_size: 1000
epochs: 500
epsilon: 1.75
generate_time: 6.627060413360596
num_of_runs: 0
test_start_time: 1620916056.9825292
timestamp: '2021-05-13T14:29:44'
tool: smartnoise_patectgan
