batch_size: 500
dataset_size: 5000
epochs: 300
epsilon: 2.5
generate_time: 11.853296756744385
num_of_runs: 0
test_start_time: 1620770845.2818708
timestamp: '2021-05-11T22:41:16'
tool: smartnoise_patectgan
