batch_size: 500
dataset_size: 8000
epochs: 300
epsilon: 0.25
generate_time: 5.656111478805542
num_of_runs: 0
test_start_time: 1620916056.9825292
timestamp: '2021-05-13T15:48:32'
tool: smartnoise_patectgan
