batch_size: 300
dataset_size: 1000
epochs: 100
epsilon: 2.5
generate_time: 6.568200588226318
num_of_runs: 0
test_start_time: 1620925882.370055
timestamp: '2021-05-13T17:15:34'
tool: smartnoise_dpctgan
