batch_size: 300
dataset_size: 7000
epochs: 300
epsilon: 2.0
generate_time: 16.54385733604431
num_of_runs: 0
test_start_time: 1620503348.7852345
timestamp: '2021-05-08T20:56:42'
tool: smartnoise_dpctgan
