batch_size: 300
dataset_size: 9000
epochs: 100
epsilon: 2.75
generate_time: 30.972748517990112
num_of_runs: 0
test_start_time: 1620916056.9825292
timestamp: '2021-05-13T16:36:04'
tool: smartnoise_patectgan
