batch_size: 300
dataset_size: 7000
epochs: 100
epsilon: 0.5
generate_time: 4.600642919540405
num_of_runs: 0
test_start_time: 1620503348.7852345
timestamp: '2021-05-08T20:51:40'
tool: smartnoise_dpctgan
