batch_size: 300
dataset_size: 5499
epochs: 300
epsilon: 2.25
generate_time: 59.9033362865448
num_of_runs: 0
test_start_time: 1621246701.1382108
timestamp: '2021-05-17T11:00:55'
tool: smartnoise_dpctgan
