dataset_size: 1000
epsilon: 0.1
generate_time: 150.85698008537292
num_of_runs: 0
query_count: 400
test_start_time: 1621070261.1989787
timestamp: '2021-05-15T09:22:40'
tool: smartnoise_mwem
