batch_size: 500
dataset_size: 4000
epochs: 300
epsilon: 0.1
generate_time: 4.0600996017456055
num_of_runs: 0
test_start_time: 1622809509.5864666
timestamp: '2021-06-04T12:25:13'
tool: smartnoise_patectgan
