batch_size: 500
dataset_size: 2000
epochs: 300
epsilon: 1.25
generate_time: 2.0741286277770996
num_of_runs: 0
test_start_time: 1622827104.7706542
timestamp: '2021-06-04T17:18:38'
tool: smartnoise_dpctgan
