dataset_size: 3000
epsilon: 2.5
generate_time: 167.80349731445312
num_of_runs: 0
query_count: 400
test_start_time: 1621070261.1989787
timestamp: '2021-05-15T14:49:30'
tool: smartnoise_mwem
