batch_size: 300
dataset_size: 1000
epochs: 500
epsilon: 3.0
generate_time: 16.61362624168396
num_of_runs: 0
test_start_time: 1620503348.7852345
timestamp: '2021-05-08T19:55:40'
tool: smartnoise_dpctgan
