batch_size: 500
dataset_size: 8500
epochs: 300
epsilon: 0.25
generate_time: 5.821017026901245
num_of_runs: 0
test_start_time: 1622817386.8583739
timestamp: '2021-06-04T14:36:34'
tool: smartnoise_patectgan
