batch_size: 300
dataset_size: 6000
epochs: 300
epsilon: 0.5
generate_time: 7.570953845977783
num_of_runs: 0
test_start_time: 1620925882.370055
timestamp: '2021-05-13T18:22:50'
tool: smartnoise_dpctgan
