batch_size: 300
dataset_size: 6000
epochs: 100
epsilon: 2.75
generate_time: 80.86645174026489
num_of_runs: 0
test_start_time: 1620925882.370055
timestamp: '2021-05-13T18:45:26'
tool: smartnoise_dpctgan
