batch_size: 500
dataset_size: 9358
epochs: 300
epsilon: 1.0
generate_time: 15.704379796981812
num_of_runs: 0
test_start_time: 1620925882.370055
timestamp: '2021-05-13T22:57:20'
tool: smartnoise_dpctgan
