batch_size: 300
dataset_size: 5499
epochs: 300
epsilon: 2.0
generate_time: 51.958245277404785
num_of_runs: 0
test_start_time: 1621246701.1382108
timestamp: '2021-05-17T10:59:24'
tool: smartnoise_dpctgan
