batch_size: 300
dataset_size: 7000
epochs: 500
epsilon: 2.75
generate_time: 27.185044288635254
num_of_runs: 0
test_start_time: 1620916056.9825292
timestamp: '2021-05-13T15:44:08'
tool: smartnoise_patectgan
