batch_size: 500
dataset_size: 3000
epochs: 300
epsilon: 0.5
generate_time: 8.108617782592773
num_of_runs: 0
test_start_time: 1622884833.1726632
timestamp: '2021-06-05T09:20:51'
tool: smartnoise_dpctgan
