dataset_size: 5000
epsilon: 1.25
generate_time: 620.669420003891
num_of_runs: 0
query_count: 600
test_start_time: 1621070261.1989787
timestamp: '2021-05-16T10:55:33'
tool: smartnoise_mwem
