dataset_size: 2000
epsilon: 3.0
generate_time: 153.62232422828674
num_of_runs: 0
query_count: 200
test_start_time: 1621070261.1989787
timestamp: '2021-05-15T12:25:57'
tool: smartnoise_mwem
