batch_size: 300
dataset_size: 5000
epochs: 500
epsilon: 2.5
generate_time: 18.747924089431763
num_of_runs: 0
test_start_time: 1620503348.7852345
timestamp: '2021-05-08T20:32:29'
tool: smartnoise_dpctgan
