dataset_size: 3000
epsilon: 1.5
generate_time: 164.7194299697876
num_of_runs: 0
query_count: 200
test_start_time: 1621070261.1989787
timestamp: '2021-05-15T13:23:19'
tool: smartnoise_mwem
